0.0 0.0 0.0
0.0 2.0 0.0
0.0 4.0 0.0
0.0 6.0 0.0
0.0 8.0 0.0
0.0 10.0 0.0
0.0 12.0 0.0
0.0 14.0 0.0
0.0 16.0 0.0
0.0 18.0 0.0
0.0 20.0 0.0
0.0 22.0 0.0
0.0 24.0 0.0
0.0 26.0 0.0
0.0 28.0 0.0
0.0 30.0 0.0
0.0 32.0 0.0
0.0 34.0 0.0
0.0 36.0 0.0
0.0 38.0 0.0
0.0 40.0 0.0
0.0 42.0 0.0
0.0 44.0 0.0
0.0 46.0 0.0
0.0 48.0 0.0
0.0 50.0 0.0
0.0 52.0 0.0
0.0 54.0 0.0
0.0 56.0 0.0
0.0 58.0 0.0
0.0 60.0 0.0
0.0 62.0 0.0
0.0 64.0 0.0
0.0 66.0 0.0
0.0 68.0 0.0
0.0 70.0 0.0
0.0 72.0 0.0
0.0 74.0 0.0
0.0 76.0 0.0
0.0 78.0 0.0
0.0 80.0 0.0
0.0 82.0 0.0
0.0 84.0 0.0
0.0 86.0 0.0
0.0 88.0 0.0
0.0 90.0 0.0
0.0 92.0 0.0
0.0 94.0 0.0
0.0 96.0 0.0
0.0 98.0 0.0
0.0 100.0 0.0
0.0 102.0 0.0
0.0 104.0 0.0
0.0 106.0 0.0
0.0 108.0 0.0
0.0 110.0 0.0
0.0 112.0 0.0
0.0 114.0 0.0
0.0 116.0 0.0
0.0 118.0 0.0
0.0 120.0 0.0
0.0 122.0 0.0
0.0 124.0 0.0
0.0 126.0 0.0
2.0 0.0 0.0
2.0 2.0 0.0
2.0 4.0 0.0
2.0 6.0 0.0
2.0 8.0 0.0
2.0 10.0 0.0
2.0 12.0 0.0
2.0 14.0 0.0
2.0 16.0 0.0
2.0 18.0 0.0
2.0 20.0 0.0
2.0 22.0 0.0
2.0 24.0 0.0
2.0 26.0 0.0
2.0 28.0 0.0
2.0 30.0 0.0
2.0 32.0 0.0
2.0 34.0 0.0
2.0 36.0 0.0
2.0 38.0 0.0
2.0 40.0 0.0
2.0 42.0 0.0
2.0 44.0 0.0
2.0 46.0 0.0
2.0 48.0 0.33291172792110574
2.0 50.0 0.3654789200075123
2.0 52.0 0.3818910556845214
2.0 54.0 0.39861132395151766
2.0 56.0 0.4319903451954144
2.0 58.0 0.3422310340592358
2.0 60.0 0.13505123128574453
2.0 62.0 0.019121710286048654
2.0 64.0 0.0
2.0 66.0 0.0
2.0 68.0 0.0
2.0 70.0 0.0
2.0 72.0 0.0
2.0 74.0 0.0
2.0 76.0 0.0
2.0 78.0 0.0
2.0 80.0 0.0
2.0 82.0 0.0
2.0 84.0 0.0
2.0 86.0 0.0
2.0 88.0 0.0
2.0 90.0 0.0
2.0 92.0 0.0
2.0 94.0 0.0
2.0 96.0 0.0
2.0 98.0 0.0
2.0 100.0 0.0
2.0 102.0 0.0
2.0 104.0 0.0
2.0 106.0 0.0
2.0 108.0 0.0
2.0 110.0 0.0
2.0 112.0 0.0
2.0 114.0 0.0
2.0 116.0 0.0
2.0 118.0 0.0
2.0 120.0 0.0
2.0 122.0 0.0
2.0 124.0 0.0
2.0 126.0 0.0
4.0 0.0 0.0
4.0 2.0 0.0
4.0 4.0 0.0
4.0 6.0 0.0
4.0 8.0 0.0
4.0 10.0 0.0
4.0 12.0 0.0
4.0 14.0 0.0
4.0 16.0 0.0
4.0 18.0 0.0
4.0 20.0 0.0
4.0 22.0 0.0
4.0 24.0 0.0
4.0 26.0 0.0
4.0 28.0 0.0
4.0 30.0 0.0
4.0 32.0 0.0
4.0 34.0 0.0
4.0 36.0 0.0
4.0 38.0 0.0
4.0 40.0 0.0
4.0 42.0 0.10032171534956928
4.0 44.0 0.32884722482033574
4.0 46.0 0.38184333973762413
4.0 48.0 0.42016548240451407
4.0 50.0 0.4580009163821139
4.0 52.0 0.5124903553323761
4.0 54.0 0.5546643291189753
4.0 56.0 0.4708396116276233
4.0 58.0 0.29390924227605
4.0 60.0 0.0934120346750168
4.0 62.0 0.0
4.0 64.0 0.0
4.0 66.0 0.0
4.0 68.0 0.0
4.0 70.0 0.0
4.0 72.0 0.0
4.0 74.0 0.0
4.0 76.0 0.0
4.0 78.0 0.0
4.0 80.0 0.0
4.0 82.0 0.0
4.0 84.0 0.006483085973398338
4.0 86.0 0.0
4.0 88.0 0.0
4.0 90.0 0.0
4.0 92.0 0.0
4.0 94.0 0.0
4.0 96.0 0.0
4.0 98.0 0.0
4.0 100.0 0.0
4.0 102.0 0.0
4.0 104.0 0.0
4.0 106.0 0.0
4.0 108.0 0.0
4.0 110.0 0.0
4.0 112.0 0.0
4.0 114.0 0.0
4.0 116.0 0.0
4.0 118.0 0.0
4.0 120.0 0.0
4.0 122.0 0.0
4.0 124.0 0.0
4.0 126.0 0.0
6.0 0.0 0.0
6.0 2.0 0.0
6.0 4.0 0.0
6.0 6.0 0.0
6.0 8.0 0.0
6.0 10.0 0.0
6.0 12.0 0.0
6.0 14.0 0.0
6.0 16.0 0.0
6.0 18.0 0.0
6.0 20.0 0.0
6.0 22.0 0.0
6.0 24.0 0.0
6.0 26.0 0.0
6.0 28.0 0.0
6.0 30.0 0.0
6.0 32.0 0.0
6.0 34.0 0.0
6.0 36.0 0.0
6.0 38.0 0.22402332869120656
6.0 40.0 0.29619409594262447
6.0 42.0 0.30568098938934196
6.0 44.0 0.35152922688908017
6.0 46.0 0.4073814927732595
6.0 48.0 0.45927422150853553
6.0 50.0 0.4964644563358132
6.0 52.0 0.5291922816115584
6.0 54.0 0.5472953026928892
6.0 56.0 0.4598875287599549
6.0 58.0 0.2556438459733847
6.0 60.0 0.07195174911301046
6.0 62.0 0.0
6.0 64.0 0.0
6.0 66.0 0.0
6.0 68.0 0.0
6.0 70.0 0.0
6.0 72.0 0.0
6.0 74.0 0.0
6.0 76.0 0.0
6.0 78.0 0.0
6.0 80.0 0.0
6.0 82.0 0.0
6.0 84.0 0.008651486066157834
6.0 86.0 0.0453702696485779
6.0 88.0 0.10792968159606957
6.0 90.0 0.1855282480307141
6.0 92.0 0.0
6.0 94.0 0.0
6.0 96.0 0.0
6.0 98.0 0.0
6.0 100.0 0.0
6.0 102.0 0.0
6.0 104.0 0.0
6.0 106.0 0.0
6.0 108.0 0.0
6.0 110.0 0.0
6.0 112.0 0.0
6.0 114.0 0.0
6.0 116.0 0.0
6.0 118.0 0.0
6.0 120.0 0.0
6.0 122.0 0.0
6.0 124.0 0.0
6.0 126.0 0.0
8.0 0.0 0.0
8.0 2.0 0.0
8.0 4.0 0.0
8.0 6.0 0.0
8.0 8.0 0.0
8.0 10.0 0.0
8.0 12.0 0.0
8.0 14.0 0.0
8.0 16.0 0.0
8.0 18.0 0.0
8.0 20.0 0.0
8.0 22.0 0.0
8.0 24.0 0.0
8.0 26.0 0.0
8.0 28.0 0.0
8.0 30.0 0.0
8.0 32.0 0.0
8.0 34.0 0.2246988307411516
8.0 36.0 0.17971827055670997
8.0 38.0 0.18644159758381038
8.0 40.0 0.2119632409519747
8.0 42.0 0.2650008545870327
8.0 44.0 0.3250609838173965
8.0 46.0 0.4003423036941018
8.0 48.0 0.4696187907290558
8.0 50.0 0.5156057665317689
8.0 52.0 0.535818578081798
8.0 54.0 0.5211539084110667
8.0 56.0 0.4320959543929807
8.0 58.0 0.22049060389455755
8.0 60.0 0.05390319365861552
8.0 62.0 0.0
8.0 64.0 0.0
8.0 66.0 0.0
8.0 68.0 0.0
8.0 70.0 0.0
8.0 72.0 0.0
8.0 74.0 0.0
8.0 76.0 0.0
8.0 78.0 0.0
8.0 80.0 0.0
8.0 82.0 0.0
8.0 84.0 0.011526171390587316
8.0 86.0 0.03796990492594678
8.0 88.0 0.09512403325000744
8.0 90.0 0.16492004747555458
8.0 92.0 0.2049324987747417
8.0 94.0 0.23519473472537514
8.0 96.0 0.0
8.0 98.0 0.0
8.0 100.0 0.0
8.0 102.0 0.0
8.0 104.0 0.0
8.0 106.0 0.0
8.0 108.0 0.0
8.0 110.0 0.0
8.0 112.0 0.0
8.0 114.0 0.0
8.0 116.0 0.0
8.0 118.0 0.0
8.0 120.0 0.0
8.0 122.0 0.0
8.0 124.0 0.0
8.0 126.0 0.0
10.0 0.0 0.0
10.0 2.0 0.0
10.0 4.0 0.0
10.0 6.0 0.0
10.0 8.0 0.0
10.0 10.0 0.0
10.0 12.0 0.0
10.0 14.0 0.0
10.0 16.0 0.0
10.0 18.0 0.0
10.0 20.0 0.0
10.0 22.0 0.0
10.0 24.0 0.0
10.0 26.0 0.0
10.0 28.0 0.0
10.0 30.0 0.21846629013060903
10.0 32.0 0.08543812549005698
10.0 34.0 0.1065933913138703
10.0 36.0 0.12339910603112257
10.0 38.0 0.13242367929875135
10.0 40.0 0.17510673170279958
10.0 42.0 0.2410019907738904
10.0 44.0 0.28902661383880757
10.0 46.0 0.3595050792027128
10.0 48.0 0.4331448653194137
10.0 50.0 0.49846885368703037
10.0 52.0 0.5297870305705771
10.0 54.0 0.497252721407537
10.0 56.0 0.3982146583380026
10.0 58.0 0.18321901681952488
10.0 60.0 0.035008022972608625
10.0 62.0 0.0
10.0 64.0 0.0
10.0 66.0 0.0
10.0 68.0 0.0
10.0 70.0 0.0
10.0 72.0 0.0
10.0 74.0 0.0
10.0 76.0 0.0
10.0 78.0 0.0
10.0 80.0 0.0
10.0 82.0 0.0
10.0 84.0 0.012503639367771447
10.0 86.0 0.03691559942798194
10.0 88.0 0.08801288263948347
10.0 90.0 0.1528991744178523
10.0 92.0 0.19818251960886601
10.0 94.0 0.24048666293947232
10.0 96.0 0.2684384575793153
10.0 98.0 0.0
10.0 100.0 0.0
10.0 102.0 0.0
10.0 104.0 0.0
10.0 106.0 0.0
10.0 108.0 0.0
10.0 110.0 0.0
10.0 112.0 0.0
10.0 114.0 0.0
10.0 116.0 0.0
10.0 118.0 0.0
10.0 120.0 0.0
10.0 122.0 0.0
10.0 124.0 0.0
10.0 126.0 0.0
12.0 0.0 0.0
12.0 2.0 0.0
12.0 4.0 0.0
12.0 6.0 0.0
12.0 8.0 0.0
12.0 10.0 0.0
12.0 12.0 0.0
12.0 14.0 0.0
12.0 16.0 0.0
12.0 18.0 0.0
12.0 20.0 0.0
12.0 22.0 0.0
12.0 24.0 0.0
12.0 26.0 0.0
12.0 28.0 0.21980586706254882
12.0 30.0 0.02566621457550861
12.0 32.0 0.04264875464787105
12.0 34.0 0.06910211883176838
12.0 36.0 0.0763095556436076
12.0 38.0 0.08032755742594615
12.0 40.0 0.07705063230564767
12.0 42.0 0.13715324310858748
12.0 44.0 0.22966312997600768
12.0 46.0 0.32030719236887023
12.0 48.0 0.3956767271804584
12.0 50.0 0.46482244904447345
12.0 52.0 0.5003432951268002
12.0 54.0 0.4651692169959583
12.0 56.0 0.3585496625529425
12.0 58.0 0.1435996980016314
12.0 60.0 0.017848936640570814
12.0 62.0 0.0
12.0 64.0 0.0
12.0 66.0 0.0
12.0 68.0 0.0
12.0 70.0 0.0
12.0 72.0 0.0
12.0 74.0 0.0
12.0 76.0 0.0
12.0 78.0 0.0
12.0 80.0 0.0
12.0 82.0 0.0
12.0 84.0 0.01345253921250926
12.0 86.0 0.04920231815154679
12.0 88.0 0.08158259397356804
12.0 90.0 0.15534489268628335
12.0 92.0 0.20896611206916568
12.0 94.0 0.26121391332362887
12.0 96.0 0.2943131988286373
12.0 98.0 0.31242980348625204
12.0 100.0 0.31134332320339714
12.0 102.0 0.0
12.0 104.0 0.0
12.0 106.0 0.0
12.0 108.0 0.0
12.0 110.0 0.0
12.0 112.0 0.0
12.0 114.0 0.0
12.0 116.0 0.0
12.0 118.0 0.0
12.0 120.0 0.0
12.0 122.0 0.0
12.0 124.0 0.0
12.0 126.0 0.0
14.0 0.0 0.0
14.0 2.0 0.0
14.0 4.0 0.0
14.0 6.0 0.0
14.0 8.0 0.0
14.0 10.0 0.0
14.0 12.0 0.0
14.0 14.0 0.0
14.0 16.0 0.0
14.0 18.0 0.0
14.0 20.0 0.0
14.0 22.0 0.0
14.0 24.0 0.2068974309499038
14.0 26.0 0.0
14.0 28.0 0.0
14.0 30.0 0.0
14.0 32.0 0.0
14.0 34.0 0.004558745779374146
14.0 36.0 0.0017612672929759633
14.0 38.0 0.0
14.0 40.0 0.0
14.0 42.0 0.0490525090432386
14.0 44.0 0.1799810330469854
14.0 46.0 0.27363947339311884
14.0 48.0 0.3561409021848821
14.0 50.0 0.4105306966952496
14.0 52.0 0.42643315887228456
14.0 54.0 0.3942698113903211
14.0 56.0 0.29867781758814255
14.0 58.0 0.10485193956702654
14.0 60.0 0.005618772191251269
14.0 62.0 0.0
14.0 64.0 0.0
14.0 66.0 0.0
14.0 68.0 0.0
14.0 70.0 0.0
14.0 72.0 0.0
14.0 74.0 0.0
14.0 76.0 0.0
14.0 78.0 0.0
14.0 80.0 0.0
14.0 82.0 0.0
14.0 84.0 0.02072764104392368
14.0 86.0 0.058083665862993517
14.0 88.0 0.09107999363413055
14.0 90.0 0.17902290350084482
14.0 92.0 0.24018524558299204
14.0 94.0 0.2988848483402854
14.0 96.0 0.33130321435698024
14.0 98.0 0.3475136997701013
14.0 100.0 0.3469245783251189
14.0 102.0 0.33434225278898094
14.0 104.0 0.0
14.0 106.0 0.0
14.0 108.0 0.0
14.0 110.0 0.0
14.0 112.0 0.0
14.0 114.0 0.0
14.0 116.0 0.0
14.0 118.0 0.0
14.0 120.0 0.0
14.0 122.0 0.0
14.0 124.0 0.0
14.0 126.0 0.0
16.0 0.0 0.0
16.0 2.0 0.0
16.0 4.0 0.0
16.0 6.0 0.0
16.0 8.0 0.0
16.0 10.0 0.0
16.0 12.0 0.0
16.0 14.0 0.0
16.0 16.0 0.0
16.0 18.0 0.0
16.0 20.0 0.0
16.0 22.0 0.1559430447234484
16.0 24.0 0.0
16.0 26.0 0.0
16.0 28.0 0.0
16.0 30.0 0.0
16.0 32.0 0.0
16.0 34.0 0.0
16.0 36.0 0.0
16.0 38.0 0.0
16.0 40.0 0.0
16.0 42.0 0.03318751375663955
16.0 44.0 0.10532855667291947
16.0 46.0 0.20287679621171617
16.0 48.0 0.3017238469389465
16.0 50.0 0.3615148005174609
16.0 52.0 0.3756953392757583
16.0 54.0 0.31927235459335795
16.0 56.0 0.23194994405745742
16.0 58.0 0.07282109153499046
16.0 60.0 0.0
16.0 62.0 0.0
16.0 64.0 0.0
16.0 66.0 0.0
16.0 68.0 0.0
16.0 70.0 0.0
16.0 72.0 0.0
16.0 74.0 0.0
16.0 76.0 0.0
16.0 78.0 0.0
16.0 80.0 0.0
16.0 82.0 0.00290347773227006
16.0 84.0 0.028080421082844503
16.0 86.0 0.07115275138762081
16.0 88.0 0.12755988648180927
16.0 90.0 0.19117279596827771
16.0 92.0 0.2603044253528533
16.0 94.0 0.31980925799874865
16.0 96.0 0.36303097681920643
16.0 98.0 0.37722093712846827
16.0 100.0 0.37355541635008255
16.0 102.0 0.3429086579070602
16.0 104.0 0.3422424106607504
16.0 106.0 0.0
16.0 108.0 0.0
16.0 110.0 0.0
16.0 112.0 0.0
16.0 114.0 0.0
16.0 116.0 0.0
16.0 118.0 0.0
16.0 120.0 0.0
16.0 122.0 0.0
16.0 124.0 0.0
16.0 126.0 0.0
18.0 0.0 0.0
18.0 2.0 0.0
18.0 4.0 0.0
18.0 6.0 0.0
18.0 8.0 0.0
18.0 10.0 0.0
18.0 12.0 0.0
18.0 14.0 0.0
18.0 16.0 0.0
18.0 18.0 0.0
18.0 20.0 0.10037503578239938
18.0 22.0 0.0
18.0 24.0 0.0
18.0 26.0 0.0
18.0 28.0 0.0
18.0 30.0 0.0
18.0 32.0 0.0
18.0 34.0 0.0
18.0 36.0 0.0
18.0 38.0 0.0
18.0 40.0 0.0
18.0 42.0 0.028008264216936075
18.0 44.0 0.07989729747439374
18.0 46.0 0.14927054559976807
18.0 48.0 0.21618776021070019
18.0 50.0 0.2819089208321628
18.0 52.0 0.2961272429990149
18.0 54.0 0.2490072657749448
18.0 56.0 0.18353850893055654
18.0 58.0 0.04937502477559277
18.0 60.0 0.0
18.0 62.0 0.0
18.0 64.0 0.0
18.0 66.0 0.0
18.0 68.0 0.0
18.0 70.0 0.0
18.0 72.0 0.0
18.0 74.0 0.0
18.0 76.0 0.0
18.0 78.0 0.0
18.0 80.0 0.012594757804462134
18.0 82.0 0.02880789111178785
18.0 84.0 0.04350703246534993
18.0 86.0 0.08582408100190701
18.0 88.0 0.17689615038540007
18.0 90.0 0.2514073853909395
18.0 92.0 0.3297815569148749
18.0 94.0 0.39490402973700434
18.0 96.0 0.42309551764203607
18.0 98.0 0.4231273684062782
18.0 100.0 0.40860521336422906
18.0 102.0 0.36514256450531307
18.0 104.0 0.31266945730358103
18.0 106.0 0.28504404020488144
18.0 108.0 0.0
18.0 110.0 0.0
18.0 112.0 0.0
18.0 114.0 0.0
18.0 116.0 0.0
18.0 118.0 0.0
18.0 120.0 0.0
18.0 122.0 0.0
18.0 124.0 0.0
18.0 126.0 0.0
20.0 0.0 0.0
20.0 2.0 0.0
20.0 4.0 0.0
20.0 6.0 0.0
20.0 8.0 0.0
20.0 10.0 0.0
20.0 12.0 0.0
20.0 14.0 0.0
20.0 16.0 0.0
20.0 18.0 0.05160093328160157
20.0 20.0 0.0
20.0 22.0 0.0
20.0 24.0 0.0
20.0 26.0 0.0
20.0 28.0 0.0
20.0 30.0 0.0
20.0 32.0 0.0
20.0 34.0 0.0
20.0 36.0 0.0
20.0 38.0 0.0
20.0 40.0 0.003289977456024246
20.0 42.0 0.029526477040243332
20.0 44.0 0.06239626971086934
20.0 46.0 0.10116424576210499
20.0 48.0 0.13014519741586225
20.0 50.0 0.1664513466493637
20.0 52.0 0.19542067075803862
20.0 54.0 0.19546118285564842
20.0 56.0 0.14065832502277545
20.0 58.0 0.02368500411144789
20.0 60.0 0.0
20.0 62.0 0.0
20.0 64.0 0.0
20.0 66.0 0.0
20.0 68.0 0.0
20.0 70.0 0.0
20.0 72.0 0.0
20.0 74.0 0.0
20.0 76.0 0.007416112700302479
20.0 78.0 0.02862949447499571
20.0 80.0 0.041597475298374084
20.0 82.0 0.058260681231141254
20.0 84.0 0.07823700311078642
20.0 86.0 0.11569330175266905
20.0 88.0 0.22530103684797875
20.0 90.0 0.3194853844368341
20.0 92.0 0.4014914344475284
20.0 94.0 0.46195913777986336
20.0 96.0 0.47499637927459376
20.0 98.0 0.4619739735776809
20.0 100.0 0.43460938039561814
20.0 102.0 0.3796282764373013
20.0 104.0 0.30214457327083644
20.0 106.0 0.23633083490668808
20.0 108.0 0.10312688828095216
20.0 110.0 0.0
20.0 112.0 0.0
20.0 114.0 0.0
20.0 116.0 0.0
20.0 118.0 0.0
20.0 120.0 0.0
20.0 122.0 0.0
20.0 124.0 0.0
20.0 126.0 0.0
22.0 0.0 0.0
22.0 2.0 0.0
22.0 4.0 0.0
22.0 6.0 0.0
22.0 8.0 0.0
22.0 10.0 0.0
22.0 12.0 0.0
22.0 14.0 0.0
22.0 16.0 0.007422426642056611
22.0 18.0 0.0
22.0 20.0 0.0
22.0 22.0 0.0
22.0 24.0 0.0
22.0 26.0 0.0
22.0 28.0 0.0
22.0 30.0 0.0
22.0 32.0 0.0
22.0 34.0 0.0
22.0 36.0 0.0
22.0 38.0 0.0
22.0 40.0 0.0051713629631798775
22.0 42.0 0.009430096533047869
22.0 44.0 0.02000475166633655
22.0 46.0 0.03817113225854843
22.0 48.0 0.05761548620246557
22.0 50.0 0.06557007119066781
22.0 52.0 0.08570925276468194
22.0 54.0 0.14264295597773405
22.0 56.0 0.10400967273170302
22.0 58.0 0.004122753677338846
22.0 60.0 0.0
22.0 62.0 0.0
22.0 64.0 0.0
22.0 66.0 0.0
22.0 68.0 0.0
22.0 70.0 0.0
22.0 72.0 0.0
22.0 74.0 0.004161085873908972
22.0 76.0 0.028149429082718187
22.0 78.0 0.053978759003535805
22.0 80.0 0.0752923163012464
22.0 82.0 0.09224743758054232
22.0 84.0 0.11640282401090622
22.0 86.0 0.1565886540356215
22.0 88.0 0.26318875947161396
22.0 90.0 0.3819937286390065
22.0 92.0 0.46856435503123745
22.0 94.0 0.5092132918417743
22.0 96.0 0.5141464950589877
22.0 98.0 0.49359224136034435
22.0 100.0 0.4545446326974963
22.0 102.0 0.3863487027738406
22.0 104.0 0.28402642160037156
22.0 106.0 0.1855240169957945
22.0 108.0 0.07440106039351317
22.0 110.0 1.3953688654158163E-4
22.0 112.0 0.0
22.0 114.0 0.0
22.0 116.0 0.0
22.0 118.0 0.0
22.0 120.0 0.0
22.0 122.0 0.0
22.0 124.0 0.0
22.0 126.0 0.0
24.0 0.0 0.0
24.0 2.0 0.0
24.0 4.0 0.0
24.0 6.0 0.0
24.0 8.0 0.0
24.0 10.0 0.0
24.0 12.0 0.0
24.0 14.0 0.0
24.0 16.0 0.0
24.0 18.0 0.0
24.0 20.0 0.0
24.0 22.0 0.0
24.0 24.0 0.0
24.0 26.0 0.0
24.0 28.0 0.0
24.0 30.0 0.0
24.0 32.0 0.0
24.0 34.0 0.0
24.0 36.0 0.0
24.0 38.0 0.0
24.0 40.0 0.0
24.0 42.0 0.0019912657228216223
24.0 44.0 0.011222235991252966
24.0 46.0 0.021498922582718866
24.0 48.0 0.024631271686454948
24.0 50.0 0.021207968187268094
24.0 52.0 0.035699482097079675
24.0 54.0 0.07411713682719327
24.0 56.0 0.06196371760915211
24.0 58.0 0.012225026665450703
24.0 60.0 0.0
24.0 62.0 0.0
24.0 64.0 0.0
24.0 66.0 0.0
24.0 68.0 0.0
24.0 70.0 0.0
24.0 72.0 0.001872288387033452
24.0 74.0 0.01835280988064131
24.0 76.0 0.04535569920650998
24.0 78.0 0.07879894206641473
24.0 80.0 0.0951395999981303
24.0 82.0 0.11128741300681154
24.0 84.0 0.13528925197307215
24.0 86.0 0.17804301583982765
24.0 88.0 0.2495817562626652
24.0 90.0 0.3822804916255089
24.0 92.0 0.48232887640811944
24.0 94.0 0.5283062526279353
24.0 96.0 0.5314019499285312
24.0 98.0 0.504990570140667
24.0 100.0 0.4580041124482757
24.0 102.0 0.37547451632996026
24.0 104.0 0.24930645551776312
24.0 106.0 0.12913542315626553
24.0 108.0 0.050050510311743714
24.0 110.0 0.0
24.0 112.0 0.0
24.0 114.0 0.0
24.0 116.0 0.0
24.0 118.0 0.0
24.0 120.0 0.0
24.0 122.0 0.0
24.0 124.0 0.0
24.0 126.0 0.0
26.0 0.0 0.0
26.0 2.0 0.0
26.0 4.0 0.0
26.0 6.0 0.0
26.0 8.0 0.0
26.0 10.0 0.0
26.0 12.0 0.0
26.0 14.0 0.0
26.0 16.0 0.0
26.0 18.0 0.0
26.0 20.0 0.0
26.0 22.0 0.0
26.0 24.0 0.0
26.0 26.0 0.0
26.0 28.0 0.0
26.0 30.0 0.0
26.0 32.0 0.0
26.0 34.0 0.0
26.0 36.0 0.0
26.0 38.0 0.0
26.0 40.0 0.0
26.0 42.0 0.0
26.0 44.0 0.0
26.0 46.0 0.0030074328958195687
26.0 48.0 0.012431143387714803
26.0 50.0 0.0029114257171611647
26.0 52.0 0.01266361035743821
26.0 54.0 0.04067182141018309
26.0 56.0 0.050292722416100194
26.0 58.0 0.028276956084720518
26.0 60.0 6.935341540140415E-4
26.0 62.0 0.0
26.0 64.0 0.0
26.0 66.0 0.0013995708592662685
26.0 68.0 0.010157949096969696
26.0 70.0 0.02624249774214107
26.0 72.0 0.025270384130412483
26.0 74.0 0.04507719190523993
26.0 76.0 0.07202154738006668
26.0 78.0 0.10715805344582495
26.0 80.0 0.1154862069125814
26.0 82.0 0.11637637119688536
26.0 84.0 0.12855311238544845
26.0 86.0 0.16316042912973205
26.0 88.0 0.25117600290682246
26.0 90.0 0.3770842034611364
26.0 92.0 0.4676001923506963
26.0 94.0 0.5203962975886731
26.0 96.0 0.5261382718322851
26.0 98.0 0.4957549231178025
26.0 100.0 0.43923721011272615
26.0 102.0 0.3389151668625978
26.0 104.0 0.1913803025705838
26.0 106.0 0.08291298990323602
26.0 108.0 0.020257146609555087
26.0 110.0 0.0
26.0 112.0 0.0
26.0 114.0 0.0
26.0 116.0 0.0
26.0 118.0 0.0
26.0 120.0 0.0
26.0 122.0 0.0
26.0 124.0 0.0
26.0 126.0 0.0
28.0 0.0 0.0
28.0 2.0 0.0
28.0 4.0 0.0
28.0 6.0 0.0
28.0 8.0 0.0
28.0 10.0 0.0
28.0 12.0 0.0
28.0 14.0 0.0
28.0 16.0 0.0
28.0 18.0 0.0
28.0 20.0 0.0
28.0 22.0 0.0
28.0 24.0 0.0
28.0 26.0 0.0
28.0 28.0 0.0
28.0 30.0 0.0
28.0 32.0 0.0
28.0 34.0 0.0
28.0 36.0 0.0
28.0 38.0 0.0
28.0 40.0 0.0
28.0 42.0 0.0
28.0 44.0 0.0
28.0 46.0 0.0
28.0 48.0 0.0
28.0 50.0 0.0
28.0 52.0 0.0013965222958068867
28.0 54.0 0.023583544163176335
28.0 56.0 0.05254888344389652
28.0 58.0 0.04977482503745847
28.0 60.0 0.03262256228094523
28.0 62.0 0.018518893103238204
28.0 64.0 0.014433091008001116
28.0 66.0 0.029791952229688265
28.0 68.0 0.057605422633814206
28.0 70.0 0.08602768862289954
28.0 72.0 0.11552572110843716
28.0 74.0 0.11439950895576705
28.0 76.0 0.14536770661866347
28.0 78.0 0.14661545626919847
28.0 80.0 0.12579865321102193
28.0 82.0 0.11233986463527174
28.0 84.0 0.11138317806847374
28.0 86.0 0.13187973889075008
28.0 88.0 0.19414754375109097
28.0 90.0 0.30762910539842747
28.0 92.0 0.39515663330841894
28.0 94.0 0.45559781752211254
28.0 96.0 0.4667313931881638
28.0 98.0 0.43701023812104456
28.0 100.0 0.37578625617724454
28.0 102.0 0.266218027378084
28.0 104.0 0.12316106756759489
28.0 106.0 0.038182216817229934
28.0 108.0 0.0
28.0 110.0 0.0
28.0 112.0 0.0
28.0 114.0 0.0
28.0 116.0 0.0
28.0 118.0 0.0
28.0 120.0 0.0
28.0 122.0 0.0
28.0 124.0 0.0
28.0 126.0 0.0
30.0 0.0 0.0
30.0 2.0 0.0
30.0 4.0 0.0
30.0 6.0 0.0
30.0 8.0 0.0
30.0 10.0 0.0
30.0 12.0 0.0
30.0 14.0 0.0
30.0 16.0 0.011875615850808178
30.0 18.0 0.14189627379766453
30.0 20.0 0.17885176418271964
30.0 22.0 0.1196745847178267
30.0 24.0 0.03983738570285217
30.0 26.0 1.4174951557387617E-4
30.0 28.0 0.0
30.0 30.0 0.0
30.0 32.0 0.0
30.0 34.0 0.0
30.0 36.0 0.0
30.0 38.0 0.0
30.0 40.0 0.0
30.0 42.0 0.0
30.0 44.0 0.0
30.0 46.0 0.0
30.0 48.0 0.0
30.0 50.0 0.0
30.0 52.0 0.0
30.0 54.0 0.019802221395802833
30.0 56.0 0.06114573940092499
30.0 58.0 0.08539179457137885
30.0 60.0 0.09847747242064796
30.0 62.0 0.10913962465998372
30.0 64.0 0.1284123608606014
30.0 66.0 0.1331378656484307
30.0 68.0 0.16154363666053925
30.0 70.0 0.17759181786310976
30.0 72.0 0.2115897139565337
30.0 74.0 0.2474281345760898
30.0 76.0 0.23429785478795984
30.0 78.0 0.20369260410866227
30.0 80.0 0.135043989156303
30.0 82.0 0.09122304955588996
30.0 84.0 0.06887880049932196
30.0 86.0 0.0690433304023406
30.0 88.0 0.10485160820016116
30.0 90.0 0.18503728959584184
30.0 92.0 0.2672159770940699
30.0 94.0 0.32961039169248446
30.0 96.0 0.3494566317627876
30.0 98.0 0.3338324814160664
30.0 100.0 0.26916180637710746
30.0 102.0 0.15571682488526986
30.0 104.0 0.060792417374716
30.0 106.0 0.005100821557546657
30.0 108.0 0.0
30.0 110.0 0.0
30.0 112.0 0.0
30.0 114.0 0.0
30.0 116.0 0.0
30.0 118.0 0.0
30.0 120.0 0.0
30.0 122.0 0.0
30.0 124.0 0.0
30.0 126.0 0.0
32.0 0.0 0.0
32.0 2.0 0.0
32.0 4.0 0.0
32.0 6.0 0.0
32.0 8.0 0.0
32.0 10.0 0.0
32.0 12.0 0.0
32.0 14.0 0.02516154828669745
32.0 16.0 0.2233131498766656
32.0 18.0 0.3183031554308975
32.0 20.0 0.30950127218512796
32.0 22.0 0.24330133319226147
32.0 24.0 0.12097593532954022
32.0 26.0 0.033988891836575684
32.0 28.0 0.0
32.0 30.0 0.0
32.0 32.0 0.0
32.0 34.0 0.0
32.0 36.0 0.0
32.0 38.0 0.0
32.0 40.0 0.0
32.0 42.0 0.0
32.0 44.0 0.0
32.0 46.0 0.0
32.0 48.0 0.0
32.0 50.0 0.0
32.0 52.0 0.0
32.0 54.0 0.02598230755142777
32.0 56.0 0.0804555048337801
32.0 58.0 0.1376610882394217
32.0 60.0 0.18752075218921113
32.0 62.0 0.2303019343296604
32.0 64.0 0.26978714928616127
32.0 66.0 0.278919020179579
32.0 68.0 0.2745256981881222
32.0 70.0 0.2788873441507972
32.0 72.0 0.2796810721358705
32.0 74.0 0.2806343937777838
32.0 76.0 0.26770957032787035
32.0 78.0 0.22493921802771186
32.0 80.0 0.14980263299486032
32.0 82.0 0.06889634486392592
32.0 84.0 0.0217820586882262
32.0 86.0 0.003774822619173003
32.0 88.0 7.808394113546814E-4
32.0 90.0 0.021630204806711795
32.0 92.0 0.09740586346566409
32.0 94.0 0.1716374340029777
32.0 96.0 0.2060817156558106
32.0 98.0 0.18643069845755555
32.0 100.0 0.11175305229704564
32.0 102.0 0.0476106313764268
32.0 104.0 0.005433984948072488
32.0 106.0 0.0
32.0 108.0 0.0
32.0 110.0 0.0
32.0 112.0 0.0
32.0 114.0 0.0
32.0 116.0 0.0
32.0 118.0 0.0
32.0 120.0 0.0
32.0 122.0 0.0
32.0 124.0 0.0
32.0 126.0 0.0
34.0 0.0 0.0
34.0 2.0 0.0
34.0 4.0 0.0
34.0 6.0 0.0
34.0 8.0 0.0
34.0 10.0 0.01164568702607764
34.0 12.0 0.19815805130538336
34.0 14.0 0.3654068975517572
34.0 16.0 0.4525326330869277
34.0 18.0 0.46647803017807715
34.0 20.0 0.3917232534585175
34.0 22.0 0.3009048512808495
34.0 24.0 0.20704163178137416
34.0 26.0 0.08686212254753156
34.0 28.0 0.017579818177043016
34.0 30.0 0.0
34.0 32.0 0.0
34.0 34.0 0.0
34.0 36.0 0.0
34.0 38.0 0.0
34.0 40.0 0.0
34.0 42.0 0.0
34.0 44.0 0.0
34.0 46.0 0.0
34.0 48.0 0.0
34.0 50.0 0.0
34.0 52.0 0.0038106141298365156
34.0 54.0 0.04489952417742855
34.0 56.0 0.11219595251575291
34.0 58.0 0.1822050408026966
34.0 60.0 0.24227219484489385
34.0 62.0 0.3009308013642848
34.0 64.0 0.3483345298955664
34.0 66.0 0.38591138746313974
34.0 68.0 0.38033224749455713
34.0 70.0 0.34663769155379126
34.0 72.0 0.3388870164469451
34.0 74.0 0.31767757299733584
34.0 76.0 0.2836416323642856
34.0 78.0 0.22454121807938
34.0 80.0 0.1370019793082844
34.0 82.0 0.05368515341456809
34.0 84.0 0.012111769412362952
34.0 86.0 0.0
34.0 88.0 0.0
34.0 90.0 0.0
34.0 92.0 0.0
34.0 94.0 0.00950170164908006
34.0 96.0 0.02950651930364213
34.0 98.0 0.01956759308934478
34.0 100.0 0.003953224800169001
34.0 102.0 0.0
34.0 104.0 0.0
34.0 106.0 0.0
34.0 108.0 0.0
34.0 110.0 0.0
34.0 112.0 0.0
34.0 114.0 0.0
34.0 116.0 0.0
34.0 118.0 0.0
34.0 120.0 0.0
34.0 122.0 0.0
34.0 124.0 0.0
34.0 126.0 0.0
36.0 0.0 0.0
36.0 2.0 0.0
36.0 4.0 0.0
36.0 6.0 0.0
36.0 8.0 0.0
36.0 10.0 0.11784802849256276
36.0 12.0 0.3141009732904167
36.0 14.0 0.43553956251760356
36.0 16.0 0.493990204079559
36.0 18.0 0.5028306728649602
36.0 20.0 0.41861699413077286
36.0 22.0 0.33587772983829806
36.0 24.0 0.25757957980477275
36.0 26.0 0.1469143577932418
36.0 28.0 0.053950055313706474
36.0 30.0 0.0036139402508743386
36.0 32.0 0.0
36.0 34.0 0.0
36.0 36.0 0.0
36.0 38.0 0.0
36.0 40.0 0.0
36.0 42.0 0.0
36.0 44.0 0.0
36.0 46.0 0.0
36.0 48.0 0.0
36.0 50.0 0.0
36.0 52.0 0.013199090598931129
36.0 54.0 0.06835612377488667
36.0 56.0 0.14451201422515228
36.0 58.0 0.2052296307615913
36.0 60.0 0.26407475750978393
36.0 62.0 0.3237022248768718
36.0 64.0 0.37585577682201693
36.0 66.0 0.41795646279282467
36.0 68.0 0.4347308992837668
36.0 70.0 0.4008543621774463
36.0 72.0 0.3715785700136764
36.0 74.0 0.33995513745111006
36.0 76.0 0.2869600333176469
36.0 78.0 0.2104304156296345
36.0 80.0 0.10961728073490039
36.0 82.0 0.036757416620460864
36.0 84.0 0.0011929081713047732
36.0 86.0 0.0
36.0 88.0 0.0
36.0 90.0 0.0
36.0 92.0 0.0
36.0 94.0 0.0
36.0 96.0 0.0
36.0 98.0 0.0
36.0 100.0 0.0
36.0 102.0 0.0
36.0 104.0 0.0
36.0 106.0 0.0
36.0 108.0 0.0
36.0 110.0 0.0
36.0 112.0 0.0
36.0 114.0 0.0
36.0 116.0 0.0
36.0 118.0 0.0
36.0 120.0 0.0
36.0 122.0 0.0
36.0 124.0 0.0
36.0 126.0 0.0
38.0 0.0 0.0
38.0 2.0 0.0
38.0 4.0 0.0
38.0 6.0 0.02262158985503136
38.0 8.0 0.13807597116225956
38.0 10.0 0.26426994531254916
38.0 12.0 0.3823024328521767
38.0 14.0 0.45942790487513946
38.0 16.0 0.5045428286070712
38.0 18.0 0.4987724524806019
38.0 20.0 0.42317749789556863
38.0 22.0 0.360432058705648
38.0 24.0 0.2963197650583177
38.0 26.0 0.2067982077138243
38.0 28.0 0.10186152486687704
38.0 30.0 0.02887799568013737
38.0 32.0 0.0
38.0 34.0 0.0
38.0 36.0 0.0
38.0 38.0 0.0
38.0 40.0 0.0
38.0 42.0 0.0
38.0 44.0 0.0
38.0 46.0 0.0
38.0 48.0 0.0
38.0 50.0 0.0
38.0 52.0 0.01417060141984866
38.0 54.0 0.06946718290641836
38.0 56.0 0.1480875884442607
38.0 58.0 0.20437187406113885
38.0 60.0 0.2577689705108767
38.0 62.0 0.3110508865378779
38.0 64.0 0.3623528322139964
38.0 66.0 0.4106379675140734
38.0 68.0 0.43603504393858045
38.0 70.0 0.4250700485088543
38.0 72.0 0.392642974589092
38.0 74.0 0.3493230442026202
38.0 76.0 0.2783421662989917
38.0 78.0 0.1825095202970871
38.0 80.0 0.08234793691628416
38.0 82.0 0.020434768241710193
38.0 84.0 0.0
38.0 86.0 0.0
38.0 88.0 0.0
38.0 90.0 0.0
38.0 92.0 0.0
38.0 94.0 0.0
38.0 96.0 0.0
38.0 98.0 0.0
38.0 100.0 0.0
38.0 102.0 0.0
38.0 104.0 0.0
38.0 106.0 0.0
38.0 108.0 0.0
38.0 110.0 0.0
38.0 112.0 0.0
38.0 114.0 0.0
38.0 116.0 0.0
38.0 118.0 0.026118713149253348
38.0 120.0 0.09615605667497863
38.0 122.0 0.0
38.0 124.0 0.0
38.0 126.0 0.0
40.0 0.0 0.0
40.0 2.0 0.0
40.0 4.0 0.0
40.0 6.0 0.14445671531486173
40.0 8.0 0.1544128348374169
40.0 10.0 0.24666604743109677
40.0 12.0 0.3523238138302409
40.0 14.0 0.42860019161917434
40.0 16.0 0.480124077564978
40.0 18.0 0.48231637197599003
40.0 20.0 0.4554375679997144
40.0 22.0 0.4141675347372837
40.0 24.0 0.3248195544033277
40.0 26.0 0.25696015648753573
40.0 28.0 0.17279345245732772
40.0 30.0 0.06576736467256783
40.0 32.0 0.0
40.0 34.0 0.0
40.0 36.0 0.0
40.0 38.0 0.0
40.0 40.0 0.0
40.0 42.0 0.0
40.0 44.0 0.0
40.0 46.0 0.0
40.0 48.0 0.0
40.0 50.0 0.0
40.0 52.0 0.018340472166628385
40.0 54.0 0.07034650088892479
40.0 56.0 0.13813278208510002
40.0 58.0 0.18880236321782232
40.0 60.0 0.23450538414698627
40.0 62.0 0.27756342972151576
40.0 64.0 0.3196246963654611
40.0 66.0 0.3672835047881527
40.0 68.0 0.4072080317564924
40.0 70.0 0.4115855635193006
40.0 72.0 0.3858337998057046
40.0 74.0 0.3366266915123531
40.0 76.0 0.25207136186863965
40.0 78.0 0.14052850485830637
40.0 80.0 0.05421837623724584
40.0 82.0 0.004558689890016746
40.0 84.0 0.0
40.0 86.0 0.0
40.0 88.0 0.0
40.0 90.0 0.0
40.0 92.0 0.0
40.0 94.0 0.0
40.0 96.0 0.0
40.0 98.0 0.0
40.0 100.0 0.0
40.0 102.0 0.0
40.0 104.0 0.0
40.0 106.0 0.0
40.0 108.0 0.0
40.0 110.0 6.634039012601807E-5
40.0 112.0 0.003702978226758987
40.0 114.0 0.018408160662298584
40.0 116.0 0.06649506707804534
40.0 118.0 0.16430711038551224
40.0 120.0 0.27480633501224133
40.0 122.0 0.3649691382705032
40.0 124.0 0.0
40.0 126.0 0.0
42.0 0.0 0.0
42.0 2.0 0.0
42.0 4.0 0.24457578778763076
42.0 6.0 0.07058504542504551
42.0 8.0 0.1031347727807649
42.0 10.0 0.18496794289292393
42.0 12.0 0.2780283548448392
42.0 14.0 0.4145614302385914
42.0 16.0 0.4506728254997474
42.0 18.0 0.45259505384690285
42.0 20.0 0.4093201783358931
42.0 22.0 0.38356309940340916
42.0 24.0 0.350840199223696
42.0 26.0 0.29539691125355927
42.0 28.0 0.23509881172371136
42.0 30.0 0.10948257351159783
42.0 32.0 0.01853069389790014
42.0 34.0 0.0
42.0 36.0 0.0
42.0 38.0 0.0
42.0 40.0 0.0
42.0 42.0 0.0
42.0 44.0 0.0
42.0 46.0 0.0
42.0 48.0 0.0
42.0 50.0 0.0
42.0 52.0 0.009405792516963196
42.0 54.0 0.05332401741835833
42.0 56.0 0.11482119452603125
42.0 58.0 0.15944404405188958
42.0 60.0 0.19824646145966573
42.0 62.0 0.23392042824857917
42.0 64.0 0.266983779178312
42.0 66.0 0.30614306475389835
42.0 68.0 0.34480111962460747
42.0 70.0 0.35338008258364323
42.0 72.0 0.3462486091506504
42.0 74.0 0.2974148162146383
42.0 76.0 0.2100228895973679
42.0 78.0 0.09814025605625777
42.0 80.0 0.02698172552254258
42.0 82.0 0.0
42.0 84.0 0.0
42.0 86.0 0.0
42.0 88.0 0.0
42.0 90.0 0.0
42.0 92.0 0.0
42.0 94.0 0.0
42.0 96.0 0.0
42.0 98.0 0.0
42.0 100.0 0.0
42.0 102.0 0.0
42.0 104.0 0.0
42.0 106.0 0.0
42.0 108.0 0.0017581784445858562
42.0 110.0 0.017907308022611618
42.0 112.0 0.03303613526100453
42.0 114.0 0.07534036790668901
42.0 116.0 0.15564777265188864
42.0 118.0 0.2584398565247249
42.0 120.0 0.3540709527175963
42.0 122.0 0.42070784471563977
42.0 124.0 0.0
42.0 126.0 0.0
44.0 0.0 0.0
44.0 2.0 0.0
44.0 4.0 0.24350699951757557
44.0 6.0 0.05626327140859088
44.0 8.0 0.07217683304537016
44.0 10.0 0.13602704002251073
44.0 12.0 0.24370926137476032
44.0 14.0 0.32516413929579385
44.0 16.0 0.35593102812002303
44.0 18.0 0.35410984754234504
44.0 20.0 0.3873565352483132
44.0 22.0 0.3885952201596099
44.0 24.0 0.35101587588813743
44.0 26.0 0.32390212688465964
44.0 28.0 0.296608224588263
44.0 30.0 0.17676481653470544
44.0 32.0 0.055128620227158254
44.0 34.0 0.0
44.0 36.0 0.0
44.0 38.0 0.0
44.0 40.0 0.0
44.0 42.0 0.0
44.0 44.0 0.0
44.0 46.0 0.0
44.0 48.0 0.0
44.0 50.0 0.0
44.0 52.0 0.0
44.0 54.0 0.024232463847226635
44.0 56.0 0.0723146538507108
44.0 58.0 0.11430794885146826
44.0 60.0 0.14986695298149452
44.0 62.0 0.18198245222739154
44.0 64.0 0.2120665011973174
44.0 66.0 0.24133302361859318
44.0 68.0 0.2657014118302085
44.0 70.0 0.2899369834043781
44.0 72.0 0.28155668155567304
44.0 74.0 0.23974633801310397
44.0 76.0 0.1573974780279116
44.0 78.0 0.06002601907438342
44.0 80.0 0.0069420562724654125
44.0 82.0 0.0
44.0 84.0 0.0
44.0 86.0 0.0
44.0 88.0 0.0
44.0 90.0 0.0
44.0 92.0 0.0
44.0 94.0 0.0
44.0 96.0 0.0
44.0 98.0 0.0
44.0 100.0 0.0
44.0 102.0 0.0
44.0 104.0 0.0
44.0 106.0 0.0
44.0 108.0 0.005360042506962343
44.0 110.0 0.03339732608456376
44.0 112.0 0.06141570908572899
44.0 114.0 0.11562765878582924
44.0 116.0 0.20210218586007145
44.0 118.0 0.2926052007451462
44.0 120.0 0.3735164214058934
44.0 122.0 0.43990622782239724
44.0 124.0 0.0
44.0 126.0 0.0
46.0 0.0 0.0
46.0 2.0 0.0
46.0 4.0 0.2319254255312375
46.0 6.0 0.0449148150184984
46.0 8.0 0.04769049786288818
46.0 10.0 0.09185671872466473
46.0 12.0 0.14268029385802958
46.0 14.0 0.14668668041064806
46.0 16.0 0.18314496909285327
46.0 18.0 0.226115962805974
46.0 20.0 0.3046468322718891
46.0 22.0 0.35465165225566486
46.0 24.0 0.34348605082557965
46.0 26.0 0.33899046569511243
46.0 28.0 0.3381976969977826
46.0 30.0 0.25488627028064664
46.0 32.0 0.0976286216497863
46.0 34.0 0.011472942912330744
46.0 36.0 0.0
46.0 38.0 0.0
46.0 40.0 0.0
46.0 42.0 0.0
46.0 44.0 0.0
46.0 46.0 0.0
46.0 48.0 0.0
46.0 50.0 0.0
46.0 52.0 0.0
46.0 54.0 0.0
46.0 56.0 0.012504217903402231
46.0 58.0 0.047874641406163564
46.0 60.0 0.08460022258102272
46.0 62.0 0.10357656419338745
46.0 64.0 0.1329760023153052
46.0 66.0 0.1558639819741152
46.0 68.0 0.1855811079639856
46.0 70.0 0.22997753783110578
46.0 72.0 0.21842456713155065
46.0 74.0 0.17117136196924007
46.0 76.0 0.09182849463041391
46.0 78.0 0.02501882100483362
46.0 80.0 0.0
46.0 82.0 0.0
46.0 84.0 0.0
46.0 86.0 0.0
46.0 88.0 0.0
46.0 90.0 0.0
46.0 92.0 0.0
46.0 94.0 0.0
46.0 96.0 0.0
46.0 98.0 0.0
46.0 100.0 0.0
46.0 102.0 0.0
46.0 104.0 0.0
46.0 106.0 0.0
46.0 108.0 0.0052565724595301936
46.0 110.0 0.029316500768923642
46.0 112.0 0.07657205017976923
46.0 114.0 0.12748578398062765
46.0 116.0 0.20574760947737666
46.0 118.0 0.288188316696292
46.0 120.0 0.35740098924488595
46.0 122.0 0.42800541433129324
46.0 124.0 0.486269532219431
46.0 126.0 0.0
48.0 0.0 0.0
48.0 2.0 0.2604855247769412
48.0 4.0 0.028554874631092877
48.0 6.0 0.005059932882423391
48.0 8.0 0.006243090532389239
48.0 10.0 9.759222558793716E-4
48.0 12.0 0.0
48.0 14.0 0.01633809360860182
48.0 16.0 0.04891494897580454
48.0 18.0 0.11739053225459099
48.0 20.0 0.20515587813728622
48.0 22.0 0.2833398679053139
48.0 24.0 0.3301070577145262
48.0 26.0 0.3415440208913063
48.0 28.0 0.3587536686997664
48.0 30.0 0.30338191933430075
48.0 32.0 0.1529463036089632
48.0 34.0 0.037130710203524125
48.0 36.0 0.0
48.0 38.0 0.0
48.0 40.0 0.0
48.0 42.0 0.0
48.0 44.0 0.0
48.0 46.0 0.0
48.0 48.0 0.0
48.0 50.0 0.0
48.0 52.0 0.0
48.0 54.0 0.0
48.0 56.0 0.0
48.0 58.0 0.0
48.0 60.0 0.02654223082328709
48.0 62.0 0.06323964970490177
48.0 64.0 0.09201631934524007
48.0 66.0 0.11207311546628151
48.0 68.0 0.1363595781245107
48.0 70.0 0.16125288779154598
48.0 72.0 0.1389904322925737
48.0 74.0 0.09043294151559257
48.0 76.0 0.02783975389566591
48.0 78.0 5.476432949214515E-4
48.0 80.0 0.0
48.0 82.0 0.0
48.0 84.0 0.0
48.0 86.0 0.0
48.0 88.0 0.0
48.0 90.0 0.0
48.0 92.0 0.0
48.0 94.0 0.0
48.0 96.0 0.0
48.0 98.0 0.0
48.0 100.0 0.0
48.0 102.0 0.0
48.0 104.0 0.0
48.0 106.0 0.0
48.0 108.0 0.004684618242760085
48.0 110.0 0.022132120377956307
48.0 112.0 0.06362623867964667
48.0 114.0 0.11077330288255048
48.0 116.0 0.174326274333948
48.0 118.0 0.24654536956645293
48.0 120.0 0.3158174508517269
48.0 122.0 0.3878049747409151
48.0 124.0 0.4692739544042703
48.0 126.0 0.0
50.0 0.0 0.0
50.0 2.0 0.27498701041878154
50.0 4.0 0.04488425975054358
50.0 6.0 0.0013665238423630737
50.0 8.0 0.0
50.0 10.0 0.0
50.0 12.0 0.0
50.0 14.0 0.015223395663855646
50.0 16.0 0.032565861844665735
50.0 18.0 0.07200549785983532
50.0 20.0 0.14620981014916967
50.0 22.0 0.22487537178433345
50.0 24.0 0.2998392924515171
50.0 26.0 0.34687263746867875
50.0 28.0 0.35402336464154965
50.0 30.0 0.31051502483614635
50.0 32.0 0.20401251634610237
50.0 34.0 0.0641021511621286
50.0 36.0 0.0030910404802976256
50.0 38.0 0.0
50.0 40.0 0.0
50.0 42.0 0.0
50.0 44.0 0.0
50.0 46.0 0.0
50.0 48.0 0.0
50.0 50.0 0.0
50.0 52.0 0.0
50.0 54.0 0.0
50.0 56.0 0.0
50.0 58.0 0.0
50.0 60.0 0.0
50.0 62.0 0.019417445384413586
50.0 64.0 0.05054621469553013
50.0 66.0 0.07494108740371486
50.0 68.0 0.09564184286685352
50.0 70.0 0.07674342453793633
50.0 72.0 0.04857659469120926
50.0 74.0 0.012348345977237413
50.0 76.0 0.0018518010336898115
50.0 78.0 0.0
50.0 80.0 0.0
50.0 82.0 0.0
50.0 84.0 0.0
50.0 86.0 0.0
50.0 88.0 0.0
50.0 90.0 0.0
50.0 92.0 0.0
50.0 94.0 0.0
50.0 96.0 0.0
50.0 98.0 0.0
50.0 100.0 0.0
50.0 102.0 0.0
50.0 104.0 0.0
50.0 106.0 0.0
50.0 108.0 0.005845001512450765
50.0 110.0 0.016511005514421924
50.0 112.0 0.04173065541156636
50.0 114.0 0.07335668224528213
50.0 116.0 0.1170106199117117
50.0 118.0 0.17807944551695873
50.0 120.0 0.24216771351121139
50.0 122.0 0.31316340736143333
50.0 124.0 0.41724342681517235
50.0 126.0 0.0
52.0 0.0 0.0
52.0 2.0 0.27837908148362583
52.0 4.0 0.06363358692826031
52.0 6.0 0.0
52.0 8.0 0.0
52.0 10.0 0.0
52.0 12.0 0.0
52.0 14.0 0.009806594336766018
52.0 16.0 0.02344312615062546
52.0 18.0 0.05000051741345684
52.0 20.0 0.11004647113279359
52.0 22.0 0.18129466995756519
52.0 24.0 0.24886611695600616
52.0 26.0 0.2937848029623324
52.0 28.0 0.3008305298437364
52.0 30.0 0.2859170954162642
52.0 32.0 0.21282278176290034
52.0 34.0 0.10184916979126248
52.0 36.0 0.016269182557496563
52.0 38.0 0.0
52.0 40.0 0.0
52.0 42.0 0.0
52.0 44.0 0.0
52.0 46.0 0.0
52.0 48.0 0.0
52.0 50.0 0.0
52.0 52.0 0.0
52.0 54.0 0.0
52.0 56.0 0.0
52.0 58.0 0.0
52.0 60.0 0.0
52.0 62.0 0.0
52.0 64.0 0.012417728338727244
52.0 66.0 0.03454077538517798
52.0 68.0 0.04362497853581948
52.0 70.0 2.5744337852651075E-4
52.0 72.0 0.0
52.0 74.0 0.0
52.0 76.0 0.0
52.0 78.0 0.0
52.0 80.0 0.0
52.0 82.0 0.0
52.0 84.0 0.0
52.0 86.0 0.0
52.0 88.0 0.0
52.0 90.0 0.0
52.0 92.0 0.004834633313594649
52.0 94.0 0.03901579519765699
52.0 96.0 0.047858477162268966
52.0 98.0 0.04116501221538082
52.0 100.0 0.021984637482112324
52.0 102.0 0.009481868820385953
52.0 104.0 0.0
52.0 106.0 0.0
52.0 108.0 0.0
52.0 110.0 0.0020310060334200446
52.0 112.0 0.009964939520299877
52.0 114.0 0.026413138727083438
52.0 116.0 0.05197507829331999
52.0 118.0 0.08790298568881523
52.0 120.0 0.1369849083568173
52.0 122.0 0.1998691998890858
52.0 124.0 0.3140413997478769
52.0 126.0 0.0
54.0 0.0 0.0
54.0 2.0 0.2622077956347131
54.0 4.0 0.04673014587946048
54.0 6.0 0.0
54.0 8.0 0.0
54.0 10.0 0.0
54.0 12.0 0.0
54.0 14.0 0.0025272099338410916
54.0 16.0 0.013099482920868988
54.0 18.0 0.029851055427557924
54.0 20.0 0.06006349932103841
54.0 22.0 0.11589302651970738
54.0 24.0 0.18296463146124956
54.0 26.0 0.23570417584091422
54.0 28.0 0.2501846704461496
54.0 30.0 0.24179780589970015
54.0 32.0 0.19341363580847296
54.0 34.0 0.12009158892175437
54.0 36.0 0.03815140638484236
54.0 38.0 9.067242159502368E-4
54.0 40.0 0.0
54.0 42.0 0.0
54.0 44.0 0.0
54.0 46.0 0.0
54.0 48.0 0.0
54.0 50.0 0.0
54.0 52.0 0.0
54.0 54.0 0.0
54.0 56.0 0.0
54.0 58.0 0.0
54.0 60.0 0.0
54.0 62.0 0.0
54.0 64.0 0.0
54.0 66.0 0.0013876979302297127
54.0 68.0 0.004510210826140324
54.0 70.0 0.0
54.0 72.0 0.0
54.0 74.0 0.0
54.0 76.0 0.0
54.0 78.0 0.0
54.0 80.0 0.0
54.0 82.0 0.0
54.0 84.0 0.0031101048069491813
54.0 86.0 0.004971027454568621
54.0 88.0 0.029730760018665536
54.0 90.0 0.08138301628222058
54.0 92.0 0.12230236527865417
54.0 94.0 0.1491618230306356
54.0 96.0 0.15052504124068933
54.0 98.0 0.12636186083095138
54.0 100.0 0.08252080326333289
54.0 102.0 0.03093514273668815
54.0 104.0 0.0
54.0 106.0 0.0
54.0 108.0 0.0
54.0 110.0 0.0
54.0 112.0 0.0
54.0 114.0 0.0
54.0 116.0 0.0
54.0 118.0 0.009704176959351754
54.0 120.0 0.03151707588503092
54.0 122.0 0.06884967116989699
54.0 124.0 0.1542281438857507
54.0 126.0 0.3136133873663707
56.0 0.0 0.0
56.0 2.0 0.20319541420381804
56.0 4.0 0.0
56.0 6.0 0.0
56.0 8.0 0.0
56.0 10.0 0.0
56.0 12.0 0.0
56.0 14.0 0.0011705376544000775
56.0 16.0 0.006622525063529837
56.0 18.0 0.014803810783541553
56.0 20.0 0.016284921016957533
56.0 22.0 0.045531387322996046
56.0 24.0 0.09519167646872
56.0 26.0 0.15072174917464443
56.0 28.0 0.17697899570280215
56.0 30.0 0.1788285036166517
56.0 32.0 0.15124700858412063
56.0 34.0 0.1089201638388263
56.0 36.0 0.06103007424906525
56.0 38.0 0.018969156326920825
56.0 40.0 0.011828819516736812
56.0 42.0 0.026273875098178093
56.0 44.0 0.03281870039020187
56.0 46.0 0.030445502838200578
56.0 48.0 0.0
56.0 50.0 0.0
56.0 52.0 0.0
56.0 54.0 0.0
56.0 56.0 0.0
56.0 58.0 0.0
56.0 60.0 0.0
56.0 62.0 0.0
56.0 64.0 0.0
56.0 66.0 0.0
56.0 68.0 0.0
56.0 70.0 0.0
56.0 72.0 0.0
56.0 74.0 0.0
56.0 76.0 0.0
56.0 78.0 0.0
56.0 80.0 5.078097496893396E-4
56.0 82.0 0.00790424284056891
56.0 84.0 0.029876190446248355
56.0 86.0 0.08448581658959757
56.0 88.0 0.16097168491820915
56.0 90.0 0.23847831641519054
56.0 92.0 0.28332801168982447
56.0 94.0 0.2674296743061751
56.0 96.0 0.22184345671324282
56.0 98.0 0.17878973800437092
56.0 100.0 0.11188844508346586
56.0 102.0 0.039570304428640644
56.0 104.0 0.0014454046463683553
56.0 106.0 0.0
56.0 108.0 0.0
56.0 110.0 0.0
56.0 112.0 0.0
56.0 114.0 0.0
56.0 116.0 0.0
56.0 118.0 0.0
56.0 120.0 0.0
56.0 122.0 0.0
56.0 124.0 0.011385050911276437
56.0 126.0 0.10497439180228395
58.0 0.0 0.0
58.0 2.0 0.11406241328538613
58.0 4.0 0.0
58.0 6.0 0.0
58.0 8.0 0.0
58.0 10.0 0.0
58.0 12.0 0.0
58.0 14.0 0.002844920690020961
58.0 16.0 0.0034302843835241716
58.0 18.0 0.0
58.0 20.0 0.0
58.0 22.0 0.0020973190596911277
58.0 24.0 0.021626648529665463
58.0 26.0 0.05092950233221519
58.0 28.0 0.08258313176581755
58.0 30.0 0.09527207846504009
58.0 32.0 0.08925678953464405
58.0 34.0 0.07448133651600976
58.0 36.0 0.053818597929108446
58.0 38.0 0.03546399963844896
58.0 40.0 0.05531757751446348
58.0 42.0 0.06930579503417879
58.0 44.0 0.0772340144637151
58.0 46.0 0.07713334645399209
58.0 48.0 0.016762181121142274
58.0 50.0 0.0
58.0 52.0 0.0
58.0 54.0 0.0
58.0 56.0 0.0
58.0 58.0 0.0
58.0 60.0 0.0
58.0 62.0 0.0
58.0 64.0 0.0
58.0 66.0 0.0
58.0 68.0 0.0
58.0 70.0 0.0
58.0 72.0 0.0
58.0 74.0 0.0
58.0 76.0 0.0
58.0 78.0 4.061494322853833E-5
58.0 80.0 0.006881942091814047
58.0 82.0 0.03313954569769733
58.0 84.0 0.08188900399333689
58.0 86.0 0.17584114617409885
58.0 88.0 0.26476828374664374
58.0 90.0 0.3415240815308315
58.0 92.0 0.37416049565151027
58.0 94.0 0.3681555389005759
58.0 96.0 0.3276729125565159
58.0 98.0 0.2559837721990428
58.0 100.0 0.158922703372087
58.0 102.0 0.05061029253994192
58.0 104.0 0.004584471384682885
58.0 106.0 0.0
58.0 108.0 0.0
58.0 110.0 0.0
58.0 112.0 0.0
58.0 114.0 0.0
58.0 116.0 0.0
58.0 118.0 0.0
58.0 120.0 0.0
58.0 122.0 0.0
58.0 124.0 0.0
58.0 126.0 0.0
60.0 0.0 0.0
60.0 2.0 0.04541951190401645
60.0 4.0 0.0030314490048776485
60.0 6.0 0.0
60.0 8.0 0.0
60.0 10.0 0.0
60.0 12.0 0.0
60.0 14.0 1.1370207025126079E-4
60.0 16.0 0.0
60.0 18.0 0.0
60.0 20.0 0.0
60.0 22.0 0.0
60.0 24.0 0.0
60.0 26.0 0.001975582405903834
60.0 28.0 0.008604158007693303
60.0 30.0 0.01635618543998485
60.0 32.0 0.023018614583057234
60.0 34.0 0.02688989955825924
60.0 36.0 0.028533682278719955
60.0 38.0 0.04057394174960292
60.0 40.0 0.07512174849518265
60.0 42.0 0.09531854010350882
60.0 44.0 0.10889399772584618
60.0 46.0 0.12417317211009349
60.0 48.0 0.09357558355512928
60.0 50.0 0.03916883663394465
60.0 52.0 0.0
60.0 54.0 0.0
60.0 56.0 0.0
60.0 58.0 0.0
60.0 60.0 0.0
60.0 62.0 0.0
60.0 64.0 0.0
60.0 66.0 0.0
60.0 68.0 0.0
60.0 70.0 0.0
60.0 72.0 0.0
60.0 74.0 0.0
60.0 76.0 0.0
60.0 78.0 9.188878270873824E-4
60.0 80.0 0.017458589904245415
60.0 82.0 0.061859893398367526
60.0 84.0 0.12779846595127287
60.0 86.0 0.2498494437106248
60.0 88.0 0.34168710911241823
60.0 90.0 0.4067228935138875
60.0 92.0 0.4297876510619197
60.0 94.0 0.41917167167059305
60.0 96.0 0.3762384882289804
60.0 98.0 0.30078500828170185
60.0 100.0 0.1874263428072073
60.0 102.0 0.06398636085287902
60.0 104.0 0.009309119705242234
60.0 106.0 0.0
60.0 108.0 0.0
60.0 110.0 0.0
60.0 112.0 0.0
60.0 114.0 0.0
60.0 116.0 0.0
60.0 118.0 0.0
60.0 120.0 0.0
60.0 122.0 0.0
60.0 124.0 0.0
60.0 126.0 0.0
62.0 0.0 0.0
62.0 2.0 0.027925889752684657
62.0 4.0 0.04776745268680688
62.0 6.0 0.022628300254467448
62.0 8.0 0.0
62.0 10.0 0.0
62.0 12.0 0.0
62.0 14.0 0.0
62.0 16.0 0.0
62.0 18.0 0.0
62.0 20.0 0.0
62.0 22.0 0.0
62.0 24.0 0.0
62.0 26.0 0.0
62.0 28.0 0.0
62.0 30.0 0.0
62.0 32.0 0.0
62.0 34.0 0.004676239562604133
62.0 36.0 0.013163034578072703
62.0 38.0 0.05119750705278603
62.0 40.0 0.0777214215034061
62.0 42.0 0.10661083945517229
62.0 44.0 0.13557307090378642
62.0 46.0 0.157673958614811
62.0 48.0 0.16860990143276167
62.0 50.0 0.14620653012509346
62.0 52.0 0.07754544186771176
62.0 54.0 0.008195646218060442
62.0 56.0 0.0
62.0 58.0 0.0
62.0 60.0 0.0
62.0 62.0 0.0
62.0 64.0 0.0
62.0 66.0 0.0
62.0 68.0 0.0
62.0 70.0 0.0
62.0 72.0 0.0
62.0 74.0 0.0
62.0 76.0 0.0
62.0 78.0 0.002949058417162776
62.0 80.0 0.028618461830493075
62.0 82.0 0.08931478967180201
62.0 84.0 0.18855917331622593
62.0 86.0 0.2906147693795439
62.0 88.0 0.3754594857494344
62.0 90.0 0.4315719474614237
62.0 92.0 0.45517869937018934
62.0 94.0 0.4468053698709018
62.0 96.0 0.4117745291406141
62.0 98.0 0.3382552618942635
62.0 100.0 0.21205338726980702
62.0 102.0 0.08392585342927576
62.0 104.0 0.017319309568951502
62.0 106.0 0.0
62.0 108.0 0.0
62.0 110.0 0.0
62.0 112.0 0.0
62.0 114.0 0.0
62.0 116.0 0.0
62.0 118.0 0.0
62.0 120.0 0.0
62.0 122.0 0.0
62.0 124.0 0.0
62.0 126.0 0.0
64.0 0.0 0.0
64.0 2.0 0.030338192039402263
64.0 4.0 0.12824048373496746
64.0 6.0 0.10103467950119471
64.0 8.0 0.03748066942429317
64.0 10.0 0.014830671785664608
64.0 12.0 0.009272873182315027
64.0 14.0 3.443843884040674E-4
64.0 16.0 0.0
64.0 18.0 0.0
64.0 20.0 0.0
64.0 22.0 0.0
64.0 24.0 0.0
64.0 26.0 0.0
64.0 28.0 0.0
64.0 30.0 0.0
64.0 32.0 0.0
64.0 34.0 0.0
64.0 36.0 0.018717514191710583
64.0 38.0 0.040454935694000084
64.0 40.0 0.07632866567570504
64.0 42.0 0.1261653119487027
64.0 44.0 0.17520240770504056
64.0 46.0 0.21378758328137107
64.0 48.0 0.23304670233798383
64.0 50.0 0.2224675514146224
64.0 52.0 0.16400392578430764
64.0 54.0 0.07735265141536658
64.0 56.0 0.007894330106254246
64.0 58.0 0.0
64.0 60.0 0.0
64.0 62.0 0.0
64.0 64.0 0.0
64.0 66.0 0.0
64.0 68.0 0.0
64.0 70.0 0.0
64.0 72.0 0.0
64.0 74.0 0.0
64.0 76.0 0.0
64.0 78.0 0.0016172944550127846
64.0 80.0 0.03364122501110043
64.0 82.0 0.10824609421124771
64.0 84.0 0.21813119950145965
64.0 86.0 0.3309122300401892
64.0 88.0 0.42371473538503096
64.0 90.0 0.4731386007293523
64.0 92.0 0.4868960382647216
64.0 94.0 0.4706118821493843
64.0 96.0 0.4334276670996762
64.0 98.0 0.37023471361217025
64.0 100.0 0.24492429281642328
64.0 102.0 0.11119046256268016
64.0 104.0 0.033939428964667055
64.0 106.0 0.0
64.0 108.0 0.0
64.0 110.0 0.0
64.0 112.0 0.0
64.0 114.0 0.0
64.0 116.0 0.0
64.0 118.0 0.0
64.0 120.0 0.0
64.0 122.0 0.0
64.0 124.0 0.0
64.0 126.0 0.0
66.0 0.0 0.0
66.0 2.0 0.03735875467023885
66.0 4.0 0.21932686173022561
66.0 6.0 0.21268913430786993
66.0 8.0 0.14783562439179293
66.0 10.0 0.07280295807535851
66.0 12.0 0.02659421109091567
66.0 14.0 7.655683151459287E-4
66.0 16.0 0.0
66.0 18.0 0.0
66.0 20.0 0.0
66.0 22.0 0.0
66.0 24.0 0.0
66.0 26.0 0.0
66.0 28.0 0.0
66.0 30.0 0.0
66.0 32.0 0.0
66.0 34.0 0.0024728541697056363
66.0 36.0 0.017033309645957808
66.0 38.0 0.045950586599087635
66.0 40.0 0.0953064162511696
66.0 42.0 0.1596842857125026
66.0 44.0 0.22220479395852374
66.0 46.0 0.2716402569498091
66.0 48.0 0.2986319909230539
66.0 50.0 0.29319416159235706
66.0 52.0 0.23784596895458632
66.0 54.0 0.14722003360761785
66.0 56.0 0.04113627513616058
66.0 58.0 4.6150714022539797E-4
66.0 60.0 0.0
66.0 62.0 0.0
66.0 64.0 0.0
66.0 66.0 0.0
66.0 68.0 0.0
66.0 70.0 0.0
66.0 72.0 0.0
66.0 74.0 0.0
66.0 76.0 0.0
66.0 78.0 1.9471832359928742E-4
66.0 80.0 0.030679441743652437
66.0 82.0 0.10867424423577428
66.0 84.0 0.22545169664537312
66.0 86.0 0.3470329503433223
66.0 88.0 0.4384461013395435
66.0 90.0 0.4852941217093338
66.0 92.0 0.4979453693884384
66.0 94.0 0.4809964615837013
66.0 96.0 0.43834928424067837
66.0 98.0 0.3812127625682315
66.0 100.0 0.28564759148517926
66.0 102.0 0.15113282193440564
66.0 104.0 0.06065915794621779
66.0 106.0 0.009280273123381933
66.0 108.0 0.0
66.0 110.0 0.0
66.0 112.0 0.0
66.0 114.0 0.0
66.0 116.0 0.0
66.0 118.0 0.0
66.0 120.0 0.0
66.0 122.0 0.0
66.0 124.0 0.0
66.0 126.0 0.0
68.0 0.0 0.0
68.0 2.0 0.05349670525871686
68.0 4.0 0.319600627667001
68.0 6.0 0.30987736236733254
68.0 8.0 0.24704011934207096
68.0 10.0 0.15329169440386117
68.0 12.0 0.04951534094084801
68.0 14.0 0.001052196520144996
68.0 16.0 0.0
68.0 18.0 0.0
68.0 20.0 0.0
68.0 22.0 0.0
68.0 24.0 0.0
68.0 26.0 0.0
68.0 28.0 0.0
68.0 30.0 0.0
68.0 32.0 0.0
68.0 34.0 0.004469296526836816
68.0 36.0 0.023385052540580556
68.0 38.0 0.06045069563595264
68.0 40.0 0.11764742406114792
68.0 42.0 0.1941654398015179
68.0 44.0 0.27690250347665873
68.0 46.0 0.33940283670883503
68.0 48.0 0.3705218062654483
68.0 50.0 0.35992685706254096
68.0 52.0 0.3075656932659064
68.0 54.0 0.21375524839975527
68.0 56.0 0.08633615482741035
68.0 58.0 0.013149876104142989
68.0 60.0 0.0
68.0 62.0 0.0
68.0 64.0 0.0
68.0 66.0 0.0
68.0 68.0 0.0
68.0 70.0 0.0
68.0 72.0 0.0
68.0 74.0 0.0
68.0 76.0 0.0
68.0 78.0 0.0
68.0 80.0 6.033827231963631E-4
68.0 82.0 0.06789627704663277
68.0 84.0 0.20081432870576468
68.0 86.0 0.3360911590536954
68.0 88.0 0.4307623394102309
68.0 90.0 0.4796035238832676
68.0 92.0 0.4938353328209832
68.0 94.0 0.4784496092966039
68.0 96.0 0.43675509531756557
68.0 98.0 0.37231270956042156
68.0 100.0 0.31846701875963257
68.0 102.0 0.19412434332800768
68.0 104.0 0.10134715390059558
68.0 106.0 0.03866070833038108
68.0 108.0 0.005019008947455577
68.0 110.0 0.0
68.0 112.0 0.0
68.0 114.0 0.0
68.0 116.0 0.0
68.0 118.0 0.0
68.0 120.0 0.0
68.0 122.0 0.0
68.0 124.0 0.0
68.0 126.0 0.0
70.0 0.0 0.0
70.0 2.0 0.07009351667489432
70.0 4.0 0.39094655685239404
70.0 6.0 0.3805755336221515
70.0 8.0 0.3192821923670888
70.0 10.0 0.2197734564696592
70.0 12.0 0.07582427163414514
70.0 14.0 0.0010589500575084031
70.0 16.0 0.0
70.0 18.0 0.0
70.0 20.0 0.0
70.0 22.0 0.0
70.0 24.0 0.0
70.0 26.0 0.0
70.0 28.0 0.0
70.0 30.0 0.0
70.0 32.0 0.0
70.0 34.0 3.3392515186847233E-4
70.0 36.0 0.018822896711482292
70.0 38.0 0.06205105918585773
70.0 40.0 0.13082593616885718
70.0 42.0 0.21602726445819778
70.0 44.0 0.30032386794647553
70.0 46.0 0.36900992743954375
70.0 48.0 0.4143122025898529
70.0 50.0 0.41511777026752766
70.0 52.0 0.3691594124884569
70.0 54.0 0.27231682482220776
70.0 56.0 0.1281864713061827
70.0 58.0 0.029978417485802215
70.0 60.0 0.0
70.0 62.0 0.0
70.0 64.0 0.0
70.0 66.0 0.0
70.0 68.0 0.0
70.0 70.0 0.0
70.0 72.0 0.0
70.0 74.0 0.0
70.0 76.0 0.0
70.0 78.0 0.0
70.0 80.0 0.0
70.0 82.0 0.02610920378764993
70.0 84.0 0.14376373614787089
70.0 86.0 0.2911576919435043
70.0 88.0 0.3976374591377138
70.0 90.0 0.45541313701241665
70.0 92.0 0.47602310077744475
70.0 94.0 0.46713883494240754
70.0 96.0 0.4325143396109142
70.0 98.0 0.38121987476385794
70.0 100.0 0.3358321339650349
70.0 102.0 0.2726322766212987
70.0 104.0 0.16541839751558526
70.0 106.0 0.08610301792435295
70.0 108.0 0.034712772661523825
70.0 110.0 0.002086248600624853
70.0 112.0 0.0
70.0 114.0 0.0
70.0 116.0 0.0
70.0 118.0 0.0
70.0 120.0 0.0
70.0 122.0 0.0
70.0 124.0 0.0
70.0 126.0 0.0
72.0 0.0 0.0
72.0 2.0 0.08298948580542233
72.0 4.0 0.4327233139183029
72.0 6.0 0.42259966732217813
72.0 8.0 0.3673659787089865
72.0 10.0 0.2779418744815259
72.0 12.0 0.09981499651442034
72.0 14.0 4.467449423077488E-4
72.0 16.0 0.0
72.0 18.0 0.0
72.0 20.0 0.0
72.0 22.0 0.0
72.0 24.0 0.0
72.0 26.0 0.0
72.0 28.0 0.0
72.0 30.0 0.0
72.0 32.0 0.0
72.0 34.0 0.003957952007448288
72.0 36.0 0.02995424323896687
72.0 38.0 0.06984057288870664
72.0 40.0 0.14251900566980036
72.0 42.0 0.2323117457215378
72.0 44.0 0.3235734262593868
72.0 46.0 0.3960702472800093
72.0 48.0 0.4353686380923291
72.0 50.0 0.4505114569632254
72.0 52.0 0.42294333273271323
72.0 54.0 0.32299521866580827
72.0 56.0 0.1618377067908945
72.0 58.0 0.04499529364347938
72.0 60.0 0.0
72.0 62.0 0.0
72.0 64.0 0.0
72.0 66.0 0.0
72.0 68.0 0.0
72.0 70.0 0.0
72.0 72.0 0.0
72.0 74.0 0.0
72.0 76.0 0.0
72.0 78.0 0.0
72.0 80.0 0.0
72.0 82.0 0.0
72.0 84.0 0.06205157483587919
72.0 86.0 0.2062132253434843
72.0 88.0 0.3313297585839616
72.0 90.0 0.40941987612364134
72.0 92.0 0.4427549447939257
72.0 94.0 0.44559688419086374
72.0 96.0 0.4226155515976641
72.0 98.0 0.3880603397293993
72.0 100.0 0.35870124544060894
72.0 102.0 0.3105235501002572
72.0 104.0 0.23833420071825837
72.0 106.0 0.15149648425619763
72.0 108.0 0.08063430155886296
72.0 110.0 0.026847820874769102
72.0 112.0 0.0
72.0 114.0 0.0
72.0 116.0 0.0
72.0 118.0 0.0
72.0 120.0 0.0
72.0 122.0 0.0
72.0 124.0 0.0
72.0 126.0 0.0
74.0 0.0 0.0
74.0 2.0 0.08636497327335406
74.0 4.0 0.4537595734312141
74.0 6.0 0.45080337376090135
74.0 8.0 0.398666205760912
74.0 10.0 0.33805645274548324
74.0 12.0 0.11082722649666905
74.0 14.0 0.0
74.0 16.0 0.0
74.0 18.0 0.0
74.0 20.0 0.0
74.0 22.0 0.0
74.0 24.0 0.0
74.0 26.0 0.0
74.0 28.0 0.0
74.0 30.0 0.0
74.0 32.0 0.0
74.0 34.0 0.002865291858466171
74.0 36.0 0.0318199791220248
74.0 38.0 0.07811873439029
74.0 40.0 0.15304717331692913
74.0 42.0 0.24760629555167704
74.0 44.0 0.34802768197833345
74.0 46.0 0.4245131783056224
74.0 48.0 0.4645009954039054
74.0 50.0 0.4663677550574355
74.0 52.0 0.4420185137440286
74.0 54.0 0.36505857924472235
74.0 56.0 0.18237784987543237
74.0 58.0 0.05509350359929436
74.0 60.0 0.0
74.0 62.0 0.0
74.0 64.0 0.0
74.0 66.0 0.0
74.0 68.0 0.0
74.0 70.0 0.0
74.0 72.0 0.0
74.0 74.0 0.0
74.0 76.0 0.0
74.0 78.0 0.0
74.0 80.0 0.0
74.0 82.0 0.0
74.0 84.0 0.007406630026102518
74.0 86.0 0.09860794982252617
74.0 88.0 0.22444836582141695
74.0 90.0 0.3238140702891046
74.0 92.0 0.3760764587884981
74.0 94.0 0.3973623153142711
74.0 96.0 0.39287558772550685
74.0 98.0 0.37641880699165514
74.0 100.0 0.3688962677908629
74.0 102.0 0.35374819184796585
74.0 104.0 0.3146263631347182
74.0 106.0 0.2443433189319739
74.0 108.0 0.14697052115778522
74.0 110.0 0.06500726364913291
74.0 112.0 0.012663710102897007
74.0 114.0 0.0
74.0 116.0 0.0
74.0 118.0 0.0
74.0 120.0 0.0
74.0 122.0 0.0
74.0 124.0 0.0
74.0 126.0 0.0
76.0 0.0 0.0
76.0 2.0 0.08069339600152277
76.0 4.0 0.46220055414712474
76.0 6.0 0.47286703806012625
76.0 8.0 0.4445859796005798
76.0 10.0 0.35193143459609794
76.0 12.0 0.11320104169568511
76.0 14.0 0.0
76.0 16.0 0.0
76.0 18.0 0.0
76.0 20.0 0.0
76.0 22.0 0.0
76.0 24.0 0.0
76.0 26.0 0.0
76.0 28.0 0.0
76.0 30.0 0.0
76.0 32.0 0.0
76.0 34.0 0.001311105634325659
76.0 36.0 0.021756846190046485
76.0 38.0 0.07191719877766865
76.0 40.0 0.1557556919867599
76.0 42.0 0.25538644911959835
76.0 44.0 0.35901842701254116
76.0 46.0 0.433864592798711
76.0 48.0 0.4693169366825199
76.0 50.0 0.4749753897518468
76.0 52.0 0.48506025369158473
76.0 54.0 0.3949431334900558
76.0 56.0 0.19620417256772404
76.0 58.0 0.06109256919862055
76.0 60.0 0.0
76.0 62.0 0.0
76.0 64.0 0.0
76.0 66.0 0.0
76.0 68.0 0.0
76.0 70.0 0.0
76.0 72.0 0.0
76.0 74.0 0.0
76.0 76.0 0.0
76.0 78.0 0.0
76.0 80.0 0.0
76.0 82.0 0.0
76.0 84.0 0.0
76.0 86.0 0.01573889349549376
76.0 88.0 0.1016321180346106
76.0 90.0 0.2206339287376905
76.0 92.0 0.2930782810423926
76.0 94.0 0.33445585420738516
76.0 96.0 0.35187299683039025
76.0 98.0 0.34600487281605
76.0 100.0 0.358784375664063
76.0 102.0 0.3696211125176634
76.0 104.0 0.3590160363357608
76.0 106.0 0.31492255543769065
76.0 108.0 0.23372368639540855
76.0 110.0 0.11935967719597333
76.0 112.0 0.03781652520345472
76.0 114.0 0.0
76.0 116.0 0.0
76.0 118.0 0.0
76.0 120.0 0.0
76.0 122.0 0.0
76.0 124.0 0.0
76.0 126.0 0.0
78.0 0.0 0.0
78.0 2.0 0.012867196383934779
78.0 4.0 0.3448076404070288
78.0 6.0 0.43285525332158187
78.0 8.0 0.4145359099147598
78.0 10.0 0.2816605191857166
78.0 12.0 0.0840264082023741
78.0 14.0 0.0
78.0 16.0 0.0
78.0 18.0 0.0
78.0 20.0 0.0
78.0 22.0 0.0
78.0 24.0 0.0
78.0 26.0 0.0
78.0 28.0 0.0
78.0 30.0 0.0
78.0 32.0 0.0
78.0 34.0 0.0
78.0 36.0 0.013294965173797869
78.0 38.0 0.06493317485170955
78.0 40.0 0.1575876598670233
78.0 42.0 0.2622233300483714
78.0 44.0 0.3623678509852266
78.0 46.0 0.43140352703970414
78.0 48.0 0.45224668445473304
78.0 50.0 0.4967885057898887
78.0 52.0 0.5066470112713941
78.0 54.0 0.40699869350947143
78.0 56.0 0.198525317373062
78.0 58.0 0.060424985209761806
78.0 60.0 0.0
78.0 62.0 0.0
78.0 64.0 0.0
78.0 66.0 0.0
78.0 68.0 0.0
78.0 70.0 0.0
78.0 72.0 0.0
78.0 74.0 0.0
78.0 76.0 0.0
78.0 78.0 0.0
78.0 80.0 0.0
78.0 82.0 0.0
78.0 84.0 0.0
78.0 86.0 0.0
78.0 88.0 0.02533566307839914
78.0 90.0 0.10897800838212644
78.0 92.0 0.1979404931916994
78.0 94.0 0.26042751211974463
78.0 96.0 0.27762588724981657
78.0 98.0 0.3053723797175399
78.0 100.0 0.3419313876165641
78.0 102.0 0.3716778683214408
78.0 104.0 0.38244337231148573
78.0 106.0 0.3565873425463107
78.0 108.0 0.2923515675189234
78.0 110.0 0.18972391857851653
78.0 112.0 0.06901036305746182
78.0 114.0 0.009138801323318171
78.0 116.0 0.0
78.0 118.0 0.0
78.0 120.0 0.0
78.0 122.0 0.0
78.0 124.0 0.0
78.0 126.0 0.0
80.0 0.0 0.0
80.0 2.0 0.0
80.0 4.0 0.03088732982118596
80.0 6.0 0.3723804758505849
80.0 8.0 0.3793299507249277
80.0 10.0 0.24973496250053498
80.0 12.0 0.07283250587637084
80.0 14.0 2.830661833994492E-4
80.0 16.0 0.0
80.0 18.0 0.0
80.0 20.0 0.0
80.0 22.0 0.0
80.0 24.0 0.0
80.0 26.0 0.0
80.0 28.0 0.0
80.0 30.0 0.0
80.0 32.0 0.0
80.0 34.0 0.0
80.0 36.0 0.0049246354914934155
80.0 38.0 0.05761002709270847
80.0 40.0 0.15809717642624324
80.0 42.0 0.2649709081891521
80.0 44.0 0.3600731291397972
80.0 46.0 0.4097025313271454
80.0 48.0 0.4318618411238577
80.0 50.0 0.5131541345470513
80.0 52.0 0.49963764947839534
80.0 54.0 0.39406057728825544
80.0 56.0 0.18392165813539738
80.0 58.0 0.04707133642597586
80.0 60.0 0.0
80.0 62.0 0.0
80.0 64.0 0.0
80.0 66.0 0.0
80.0 68.0 0.0
80.0 70.0 0.0
80.0 72.0 0.0
80.0 74.0 0.0
80.0 76.0 0.0
80.0 78.0 0.0
80.0 80.0 0.0
80.0 82.0 0.0
80.0 84.0 0.0
80.0 86.0 0.0
80.0 88.0 0.0
80.0 90.0 0.013588521437379543
80.0 92.0 0.06746339892375292
80.0 94.0 0.12232866203470877
80.0 96.0 0.19214800957568398
80.0 98.0 0.24977398828554379
80.0 100.0 0.30389997765387
80.0 102.0 0.3503151855813882
80.0 104.0 0.37917517372199927
80.0 106.0 0.37344273686600166
80.0 108.0 0.32334178356224896
80.0 110.0 0.24737255759181906
80.0 112.0 0.12567231069501392
80.0 114.0 0.023775597257446424
80.0 116.0 0.0
80.0 118.0 0.0
80.0 120.0 0.0
80.0 122.0 0.0
80.0 124.0 0.0
80.0 126.0 0.0
82.0 0.0 0.0
82.0 2.0 0.0
82.0 4.0 0.007223348626871053
82.0 6.0 0.21231808199779922
82.0 8.0 0.23947148126842543
82.0 10.0 0.14810955994336006
82.0 12.0 0.037992089731200766
82.0 14.0 0.0
82.0 16.0 0.0
82.0 18.0 0.0
82.0 20.0 0.0
82.0 22.0 0.0
82.0 24.0 0.0
82.0 26.0 0.0
82.0 28.0 0.0
82.0 30.0 0.0
82.0 32.0 0.0
82.0 34.0 0.0
82.0 36.0 0.0026722043535712206
82.0 38.0 0.05614157369598322
82.0 40.0 0.15783502776821415
82.0 42.0 0.2617867144949719
82.0 44.0 0.32675328501527123
82.0 46.0 0.36188702979013415
82.0 48.0 0.45513861443372566
82.0 50.0 0.5114065375838127
82.0 52.0 0.4905170600737623
82.0 54.0 0.3549789030320889
82.0 56.0 0.15174662284725532
82.0 58.0 0.030694558810852327
82.0 60.0 0.0
82.0 62.0 0.0
82.0 64.0 0.0
82.0 66.0 0.0
82.0 68.0 0.0
82.0 70.0 0.0
82.0 72.0 0.0
82.0 74.0 0.0
82.0 76.0 0.0
82.0 78.0 0.0
82.0 80.0 0.0
82.0 82.0 0.0
82.0 84.0 0.0
82.0 86.0 0.0
82.0 88.0 0.0
82.0 90.0 0.0
82.0 92.0 0.0
82.0 94.0 0.03452033178174694
82.0 96.0 0.09120724175716148
82.0 98.0 0.16426970577243752
82.0 100.0 0.2392360398615231
82.0 102.0 0.30641028688349775
82.0 104.0 0.3545654928515119
82.0 106.0 0.36788704530803384
82.0 108.0 0.3349791172307503
82.0 110.0 0.26064414660200824
82.0 112.0 0.1533390915049441
82.0 114.0 0.041854676906583226
82.0 116.0 0.0
82.0 118.0 0.0
82.0 120.0 0.0
82.0 122.0 0.0
82.0 124.0 0.0
82.0 126.0 0.0
84.0 0.0 0.0
84.0 2.0 0.0
84.0 4.0 0.0
84.0 6.0 0.07575936001302448
84.0 8.0 0.11686440944815008
84.0 10.0 0.07792698314074933
84.0 12.0 0.02092384386074583
84.0 14.0 0.0
84.0 16.0 0.0
84.0 18.0 0.0
84.0 20.0 0.0
84.0 22.0 0.0
84.0 24.0 0.0
84.0 26.0 0.0
84.0 28.0 0.0
84.0 30.0 0.0
84.0 32.0 0.0
84.0 34.0 0.0
84.0 36.0 0.0014274467288046926
84.0 38.0 0.05076604776160468
84.0 40.0 0.12685718782779734
84.0 42.0 0.2076304785288037
84.0 44.0 0.278044793734276
84.0 46.0 0.3360602455559634
84.0 48.0 0.4522979899938755
84.0 50.0 0.4762981133112527
84.0 52.0 0.43174719765697794
84.0 54.0 0.2838114851639471
84.0 56.0 0.10550182166670154
84.0 58.0 0.01088272818669883
84.0 60.0 0.0
84.0 62.0 0.0
84.0 64.0 0.0
84.0 66.0 0.0
84.0 68.0 0.0
84.0 70.0 0.0
84.0 72.0 0.0
84.0 74.0 0.0
84.0 76.0 0.0
84.0 78.0 0.0
84.0 80.0 0.0
84.0 82.0 0.0
84.0 84.0 0.0
84.0 86.0 0.0
84.0 88.0 0.0
84.0 90.0 0.0
84.0 92.0 0.0
84.0 94.0 0.001898226783057754
84.0 96.0 0.034058996235301724
84.0 98.0 0.08164001210915586
84.0 100.0 0.1540174193129579
84.0 102.0 0.23249176291186324
84.0 104.0 0.29692873480117205
84.0 106.0 0.32981031796457144
84.0 108.0 0.32007464723938245
84.0 110.0 0.2670013818835367
84.0 112.0 0.18131484143486776
84.0 114.0 0.08031701953462016
84.0 116.0 0.00775107168452563
84.0 118.0 0.0
84.0 120.0 0.0
84.0 122.0 0.0
84.0 124.0 0.0
84.0 126.0 0.0
86.0 0.0 0.0
86.0 2.0 0.0
86.0 4.0 0.0
86.0 6.0 0.0
86.0 8.0 0.014469006407325416
86.0 10.0 0.03179570752370544
86.0 12.0 0.0240626209970277
86.0 14.0 0.005237165408659267
86.0 16.0 0.0
86.0 18.0 0.0
86.0 20.0 0.0
86.0 22.0 0.0
86.0 24.0 0.0
86.0 26.0 0.0
86.0 28.0 0.0
86.0 30.0 0.0
86.0 32.0 0.0
86.0 34.0 0.0
86.0 36.0 0.005040258000919401
86.0 38.0 0.0771958539082049
86.0 40.0 0.15265172750690784
86.0 42.0 0.2192507214863103
86.0 44.0 0.2643383634643078
86.0 46.0 0.3044157714504457
86.0 48.0 0.4213779113558482
86.0 50.0 0.4126426832139234
86.0 52.0 0.3394883613523158
86.0 54.0 0.19896618388554596
86.0 56.0 0.06291685035108778
86.0 58.0 0.00152290996481517
86.0 60.0 0.0
86.0 62.0 0.0
86.0 64.0 0.0
86.0 66.0 0.0
86.0 68.0 0.0
86.0 70.0 0.0
86.0 72.0 0.0
86.0 74.0 0.0
86.0 76.0 0.0
86.0 78.0 0.0
86.0 80.0 0.0
86.0 82.0 0.0
86.0 84.0 0.0
86.0 86.0 0.0
86.0 88.0 0.0
86.0 90.0 0.0
86.0 92.0 0.0
86.0 94.0 0.002093193287721238
86.0 96.0 0.010806847188304368
86.0 98.0 0.027558557681050904
86.0 100.0 0.06472113855649067
86.0 102.0 0.13272104983979802
86.0 104.0 0.2092563657382328
86.0 106.0 0.27675181442945423
86.0 108.0 0.2918034852785896
86.0 110.0 0.25379607332387505
86.0 112.0 0.19108456143192595
86.0 114.0 0.1162719853934067
86.0 116.0 0.04578091134915299
86.0 118.0 0.0
86.0 120.0 0.0
86.0 122.0 0.0
86.0 124.0 0.0
86.0 126.0 0.0
88.0 0.0 0.0
88.0 2.0 0.0
88.0 4.0 0.0
88.0 6.0 0.0
88.0 8.0 0.0280720972289473
88.0 10.0 0.038179165824425175
88.0 12.0 0.042288571895249975
88.0 14.0 0.03586523141630797
88.0 16.0 0.015751278811275856
88.0 18.0 0.0
88.0 20.0 0.0
88.0 22.0 0.0
88.0 24.0 0.0
88.0 26.0 0.0
88.0 28.0 0.0
88.0 30.0 0.0
88.0 32.0 0.0
88.0 34.0 0.0
88.0 36.0 0.008545181863569605
88.0 38.0 0.05843110756003642
88.0 40.0 0.12405878466266196
88.0 42.0 0.18375278207412915
88.0 44.0 0.23437453147521026
88.0 46.0 0.3169087863849475
88.0 48.0 0.3394249700196499
88.0 50.0 0.30822693258966577
88.0 52.0 0.24764210218912833
88.0 54.0 0.12220889368655759
88.0 56.0 0.027430831161587527
88.0 58.0 0.0
88.0 60.0 0.0
88.0 62.0 0.0
88.0 64.0 0.0
88.0 66.0 0.0
88.0 68.0 0.0
88.0 70.0 0.0
88.0 72.0 0.0
88.0 74.0 0.0
88.0 76.0 0.0
88.0 78.0 0.0
88.0 80.0 0.0
88.0 82.0 0.0
88.0 84.0 0.0
88.0 86.0 0.0
88.0 88.0 0.0
88.0 90.0 0.0
88.0 92.0 0.0
88.0 94.0 0.0
88.0 96.0 0.0033229302428604193
88.0 98.0 0.012830407418932136
88.0 100.0 0.012081297134076253
88.0 102.0 0.03367319042394321
88.0 104.0 0.08104738653870906
88.0 106.0 0.1472994931112641
88.0 108.0 0.19389252828656614
88.0 110.0 0.19724390072384115
88.0 112.0 0.17073106835785049
88.0 114.0 0.13278019042579928
88.0 116.0 0.10292998776826225
88.0 118.0 0.06095536993667464
88.0 120.0 0.02445961471949866
88.0 122.0 0.016224376290644698
88.0 124.0 0.0
88.0 126.0 0.0
90.0 0.0 0.0
90.0 2.0 0.0
90.0 4.0 0.0
90.0 6.0 0.003047265399355343
90.0 8.0 0.04189299961593968
90.0 10.0 0.04160222519144294
90.0 12.0 0.04732253193902943
90.0 14.0 0.04985406900252104
90.0 16.0 0.03384669305799802
90.0 18.0 8.313467049640305E-4
90.0 20.0 0.0
90.0 22.0 0.0
90.0 24.0 0.0
90.0 26.0 0.0
90.0 28.0 0.0
90.0 30.0 0.0
90.0 32.0 0.0
90.0 34.0 0.002598615869908068
90.0 36.0 0.02507838932579017
90.0 38.0 0.06751627871815882
90.0 40.0 0.13153611481402896
90.0 42.0 0.1873083144227771
90.0 44.0 0.2205502093830567
90.0 46.0 0.23424263622656513
90.0 48.0 0.22945735854324464
90.0 50.0 0.1945000214914806
90.0 52.0 0.13037754735976745
90.0 54.0 0.04847609293663004
90.0 56.0 0.005044358627012365
90.0 58.0 0.0
90.0 60.0 0.0
90.0 62.0 0.0
90.0 64.0 0.0
90.0 66.0 0.0
90.0 68.0 0.0
90.0 70.0 0.0
90.0 72.0 0.0
90.0 74.0 0.0
90.0 76.0 0.0
90.0 78.0 0.0
90.0 80.0 0.0052593298611098155
90.0 82.0 0.0
90.0 84.0 0.0
90.0 86.0 0.0
90.0 88.0 0.0
90.0 90.0 0.0
90.0 92.0 0.0
90.0 94.0 0.0
90.0 96.0 0.0
90.0 98.0 0.0
90.0 100.0 0.0
90.0 102.0 0.0
90.0 104.0 0.0012675971170759924
90.0 106.0 0.030566996482310992
90.0 108.0 0.07108006383774144
90.0 110.0 0.10685722692210199
90.0 112.0 0.12095962189307984
90.0 114.0 0.12368821130387762
90.0 116.0 0.12553557222444015
90.0 118.0 0.15456567351640277
90.0 120.0 0.18244729012889963
90.0 122.0 0.0
90.0 124.0 0.0
90.0 126.0 0.0
92.0 0.0 0.0
92.0 2.0 0.0
92.0 4.0 0.0
92.0 6.0 0.0
92.0 8.0 0.034281357968222737
92.0 10.0 0.05723644296988172
92.0 12.0 0.06869115204550262
92.0 14.0 0.07374731193879432
92.0 16.0 0.06201473088950149
92.0 18.0 0.004980931250390558
92.0 20.0 0.0
92.0 22.0 0.0
92.0 24.0 0.0
92.0 26.0 0.0
92.0 28.0 0.0
92.0 30.0 0.0
92.0 32.0 0.0
92.0 34.0 0.0016910885673785895
92.0 36.0 0.022286451347312566
92.0 38.0 0.04636650300925236
92.0 40.0 0.09581442178753448
92.0 42.0 0.14482344675708492
92.0 44.0 0.17194943273732324
92.0 46.0 0.1692073793055647
92.0 48.0 0.14322908853775518
92.0 50.0 0.09868569830353185
92.0 52.0 0.03412829152342201
92.0 54.0 9.809318318787436E-4
92.0 56.0 0.0
92.0 58.0 0.0
92.0 60.0 0.0
92.0 62.0 0.0
92.0 64.0 0.0
92.0 66.0 0.0
92.0 68.0 0.0
92.0 70.0 0.0
92.0 72.0 0.0
92.0 74.0 0.0
92.0 76.0 0.0
92.0 78.0 0.011006418080506205
92.0 80.0 0.028992355547358087
92.0 82.0 0.007594675960334158
92.0 84.0 0.011106445560753297
92.0 86.0 0.0
92.0 88.0 0.0
92.0 90.0 0.0
92.0 92.0 0.0
92.0 94.0 0.0
92.0 96.0 0.0
92.0 98.0 0.0
92.0 100.0 0.0
92.0 102.0 0.0
92.0 104.0 0.0
92.0 106.0 0.0
92.0 108.0 0.0
92.0 110.0 0.01713061784869155
92.0 112.0 0.05252783053742117
92.0 114.0 0.0901592339919302
92.0 116.0 0.13293542565386032
92.0 118.0 0.19834247206953315
92.0 120.0 0.24179598728518423
92.0 122.0 0.0
92.0 124.0 0.0
92.0 126.0 0.0
94.0 0.0 0.0
94.0 2.0 0.0
94.0 4.0 0.0
94.0 6.0 0.0
94.0 8.0 0.09138382437133698
94.0 10.0 0.07022059062087112
94.0 12.0 0.0759126464376832
94.0 14.0 0.08381665677704332
94.0 16.0 0.06877613237066953
94.0 18.0 0.011480462972970415
94.0 20.0 0.0
94.0 22.0 0.0
94.0 24.0 0.0
94.0 26.0 0.0
94.0 28.0 0.0
94.0 30.0 0.0
94.0 32.0 0.0
94.0 34.0 4.712013292182327E-4
94.0 36.0 0.012509363976103213
94.0 38.0 0.02202669599549563
94.0 40.0 0.05040263306390333
94.0 42.0 0.07506079976393695
94.0 44.0 0.08739210248203245
94.0 46.0 0.0698052977105181
94.0 48.0 0.026824513055233676
94.0 50.0 0.004098478554623964
94.0 52.0 0.0
94.0 54.0 0.0
94.0 56.0 0.0
94.0 58.0 0.0
94.0 60.0 0.0
94.0 62.0 0.0
94.0 64.0 0.0
94.0 66.0 0.0
94.0 68.0 0.0
94.0 70.0 0.0
94.0 72.0 0.0
94.0 74.0 0.0
94.0 76.0 0.009953020664497778
94.0 78.0 0.04440482593476309
94.0 80.0 0.08245955540082295
94.0 82.0 0.10511562173617918
94.0 84.0 0.11970574720993347
94.0 86.0 0.07882123599691146
94.0 88.0 0.014553776103999218
94.0 90.0 0.0
94.0 92.0 0.0
94.0 94.0 0.0
94.0 96.0 0.0
94.0 98.0 0.0
94.0 100.0 0.0
94.0 102.0 0.0
94.0 104.0 0.0
94.0 106.0 0.0
94.0 108.0 0.0
94.0 110.0 0.0
94.0 112.0 0.005760558461904666
94.0 114.0 0.05295114194476333
94.0 116.0 0.12528350068426727
94.0 118.0 0.18892684504463544
94.0 120.0 0.0
94.0 122.0 0.0
94.0 124.0 0.0
94.0 126.0 0.0
96.0 0.0 0.0
96.0 2.0 0.0
96.0 4.0 0.0
96.0 6.0 0.0
96.0 8.0 0.0
96.0 10.0 0.12411660064881604
96.0 12.0 0.10123438031968018
96.0 14.0 0.11257029820330045
96.0 16.0 0.09233416227292797
96.0 18.0 0.04570230979153927
96.0 20.0 0.0010197996158861752
96.0 22.0 0.0
96.0 24.0 0.0
96.0 26.0 0.0
96.0 28.0 0.0
96.0 30.0 0.0
96.0 32.0 0.0
96.0 34.0 0.001609884434007109
96.0 36.0 0.0020535679499753246
96.0 38.0 0.005155546852727019
96.0 40.0 0.012423211875701784
96.0 42.0 0.016585065636089268
96.0 44.0 0.013736986439856167
96.0 46.0 0.0010153611987723475
96.0 48.0 0.0
96.0 50.0 0.0
96.0 52.0 0.0
96.0 54.0 0.0
96.0 56.0 0.0
96.0 58.0 4.5519377936525814E-5
96.0 60.0 2.6184779751933746E-4
96.0 62.0 0.0011102045649933822
96.0 64.0 0.0036022348921696014
96.0 66.0 0.0
96.0 68.0 0.0
96.0 70.0 0.0
96.0 72.0 0.0
96.0 74.0 0.0
96.0 76.0 0.01784727700714387
96.0 78.0 0.08220083842666637
96.0 80.0 0.14479154218916382
96.0 82.0 0.17975558256642477
96.0 84.0 0.22928422968349935
96.0 86.0 0.21430703720982855
96.0 88.0 0.1491538714480641
96.0 90.0 0.04659055255532951
96.0 92.0 3.251835582321649E-4
96.0 94.0 0.0
96.0 96.0 0.0
96.0 98.0 0.0
96.0 100.0 0.0
96.0 102.0 0.0
96.0 104.0 0.0
96.0 106.0 0.0
96.0 108.0 0.0
96.0 110.0 0.0
96.0 112.0 0.0
96.0 114.0 0.010740254849557372
96.0 116.0 0.07523323245436776
96.0 118.0 0.15940603332811012
96.0 120.0 0.0
96.0 122.0 0.0
96.0 124.0 0.0
96.0 126.0 0.0
98.0 0.0 0.0
98.0 2.0 0.0
98.0 4.0 0.0
98.0 6.0 0.0
98.0 8.0 0.0
98.0 10.0 0.0
98.0 12.0 0.1459977010898186
98.0 14.0 0.12744020978383586
98.0 16.0 0.11316308168595163
98.0 18.0 0.06304621060978526
98.0 20.0 0.0061570257567909745
98.0 22.0 0.0
98.0 24.0 0.0
98.0 26.0 0.0
98.0 28.0 0.0
98.0 30.0 0.0
98.0 32.0 0.0
98.0 34.0 2.93123197574853E-4
98.0 36.0 0.0
98.0 38.0 0.0
98.0 40.0 3.835694304586799E-4
98.0 42.0 6.30397513709322E-4
98.0 44.0 0.0
98.0 46.0 0.0
98.0 48.0 0.0
98.0 50.0 0.0
98.0 52.0 0.0
98.0 54.0 0.0
98.0 56.0 0.0
98.0 58.0 0.0
98.0 60.0 2.1428255890930923E-4
98.0 62.0 0.001977441666580693
98.0 64.0 0.006159198598183095
98.0 66.0 0.005635469026800247
98.0 68.0 8.149866393583338E-4
98.0 70.0 0.008385066222754594
98.0 72.0 0.004772138623784225
98.0 74.0 0.02742944043976449
98.0 76.0 0.08122950774317432
98.0 78.0 0.16364961561026173
98.0 80.0 0.21765960733919346
98.0 82.0 0.26199737300904646
98.0 84.0 0.27497861119538464
98.0 86.0 0.2967591955617715
98.0 88.0 0.23142279608846508
98.0 90.0 0.11399843565966576
98.0 92.0 0.022221746116182547
98.0 94.0 0.0
98.0 96.0 0.0
98.0 98.0 0.0
98.0 100.0 0.0
98.0 102.0 0.0
98.0 104.0 0.0
98.0 106.0 0.0
98.0 108.0 0.0
98.0 110.0 0.0
98.0 112.0 0.0
98.0 114.0 0.0
98.0 116.0 0.011359528093180547
98.0 118.0 0.0
98.0 120.0 0.0
98.0 122.0 0.0
98.0 124.0 0.0
98.0 126.0 0.0
100.0 0.0 0.0
100.0 2.0 0.0
100.0 4.0 0.0
100.0 6.0 0.0
100.0 8.0 0.0
100.0 10.0 0.0
100.0 12.0 0.11590097111624947
100.0 14.0 0.1547689255762895
100.0 16.0 0.1385726489363112
100.0 18.0 0.07857161028172599
100.0 20.0 0.010796826281258054
100.0 22.0 0.0
100.0 24.0 0.0
100.0 26.0 0.0
100.0 28.0 0.0
100.0 30.0 0.0
100.0 32.0 0.0
100.0 34.0 0.0
100.0 36.0 0.0
100.0 38.0 0.0
100.0 40.0 0.0
100.0 42.0 0.0
100.0 44.0 0.0
100.0 46.0 0.0
100.0 48.0 0.0
100.0 50.0 0.0
100.0 52.0 0.0
100.0 54.0 0.0
100.0 56.0 0.0
100.0 58.0 0.0
100.0 60.0 0.0
100.0 62.0 6.468515379725921E-4
100.0 64.0 0.00428703428356914
100.0 66.0 0.011484799584293928
100.0 68.0 0.022016386331916743
100.0 70.0 0.04144864338840158
100.0 72.0 0.04737135524521172
100.0 74.0 0.08414723692249552
100.0 76.0 0.16049780675542083
100.0 78.0 0.26178505343521236
100.0 80.0 0.2926546635649961
100.0 82.0 0.3265005939738458
100.0 84.0 0.3351629221954395
100.0 86.0 0.31323894246255535
100.0 88.0 0.32617951686388763
100.0 90.0 0.17994585432997592
100.0 92.0 0.05458068194769323
100.0 94.0 0.0
100.0 96.0 0.0
100.0 98.0 0.0
100.0 100.0 0.0
100.0 102.0 0.0
100.0 104.0 0.0
100.0 106.0 0.0
100.0 108.0 0.0
100.0 110.0 0.0
100.0 112.0 0.0
100.0 114.0 0.0
100.0 116.0 0.0
100.0 118.0 0.0
100.0 120.0 0.0
100.0 122.0 0.0
100.0 124.0 0.0
100.0 126.0 0.0
102.0 0.0 0.0
102.0 2.0 0.0
102.0 4.0 0.0
102.0 6.0 0.0
102.0 8.0 0.0
102.0 10.0 0.0
102.0 12.0 0.0
102.0 14.0 0.07645113336255947
102.0 16.0 0.16680041607783572
102.0 18.0 0.12148485564946508
102.0 20.0 0.055747918626281485
102.0 22.0 0.0012350305298022115
102.0 24.0 0.0
102.0 26.0 0.0
102.0 28.0 0.0
102.0 30.0 0.0
102.0 32.0 0.0
102.0 34.0 0.0
102.0 36.0 0.0
102.0 38.0 0.0
102.0 40.0 0.0
102.0 42.0 0.0
102.0 44.0 0.0
102.0 46.0 0.0
102.0 48.0 0.0
102.0 50.0 0.0
102.0 52.0 0.0
102.0 54.0 0.0
102.0 56.0 0.0
102.0 58.0 0.0
102.0 60.0 1.4991147476913386E-4
102.0 62.0 0.0029987651063789144
102.0 64.0 0.007909900697371778
102.0 66.0 0.015663990438143295
102.0 68.0 0.028190034143613624
102.0 70.0 0.05064008686247032
102.0 72.0 0.08585323633080943
102.0 74.0 0.1299970738761576
102.0 76.0 0.21349644639150575
102.0 78.0 0.32492849568551013
102.0 80.0 0.3576844760173477
102.0 82.0 0.3647761256196153
102.0 84.0 0.37502219257201236
102.0 86.0 0.35321489982844995
102.0 88.0 0.367938265260062
102.0 90.0 0.2469400599589189
102.0 92.0 0.09035768843486781
102.0 94.0 0.010293337493968957
102.0 96.0 0.0
102.0 98.0 0.0
102.0 100.0 0.0
102.0 102.0 0.0
102.0 104.0 0.0
102.0 106.0 0.0
102.0 108.0 0.0
102.0 110.0 0.0
102.0 112.0 0.0
102.0 114.0 0.0
102.0 116.0 0.0
102.0 118.0 0.0
102.0 120.0 0.0
102.0 122.0 0.0
102.0 124.0 0.0
102.0 126.0 0.0
104.0 0.0 0.0
104.0 2.0 0.0
104.0 4.0 0.0
104.0 6.0 0.0
104.0 8.0 0.0
104.0 10.0 0.0
104.0 12.0 0.0
104.0 14.0 0.0
104.0 16.0 0.003387813099512012
104.0 18.0 0.09884918991255509
104.0 20.0 0.0782374100356389
104.0 22.0 0.013292314852451562
104.0 24.0 0.0
104.0 26.0 0.0
104.0 28.0 0.0
104.0 30.0 0.0
104.0 32.0 0.0
104.0 34.0 0.0
104.0 36.0 0.0
104.0 38.0 0.0
104.0 40.0 0.0
104.0 42.0 0.0
104.0 44.0 0.0
104.0 46.0 0.0
104.0 48.0 0.0
104.0 50.0 0.0
104.0 52.0 0.0
104.0 54.0 0.0
104.0 56.0 0.0
104.0 58.0 0.0
104.0 60.0 0.0011438993918341253
104.0 62.0 0.0
104.0 64.0 0.0
104.0 66.0 1.6521390366050782E-4
104.0 68.0 0.029607018579023994
104.0 70.0 0.059667616893192166
104.0 72.0 0.09820411376009848
104.0 74.0 0.1452033919578591
104.0 76.0 0.24839469712733767
104.0 78.0 0.3639215842705341
104.0 80.0 0.4114658800802251
104.0 82.0 0.38608743471922496
104.0 84.0 0.3989603110068367
104.0 86.0 0.3778113486873466
104.0 88.0 0.40802486192137044
104.0 90.0 0.29943411970414835
104.0 92.0 0.12620591733957093
104.0 94.0 0.02518117633562637
104.0 96.0 0.0
104.0 98.0 0.0
104.0 100.0 0.0
104.0 102.0 0.0
104.0 104.0 0.0
104.0 106.0 0.0
104.0 108.0 0.0
104.0 110.0 0.0
104.0 112.0 0.0
104.0 114.0 0.0
104.0 116.0 0.0
104.0 118.0 0.0
104.0 120.0 0.0
104.0 122.0 0.0
104.0 124.0 0.0
104.0 126.0 0.0
106.0 0.0 0.0
106.0 2.0 0.0
106.0 4.0 0.0
106.0 6.0 0.0
106.0 8.0 0.0
106.0 10.0 0.0
106.0 12.0 0.0
106.0 14.0 0.0
106.0 16.0 0.0
106.0 18.0 0.0
106.0 20.0 0.006215037405056074
106.0 22.0 0.010272130562010606
106.0 24.0 0.0
106.0 26.0 0.0
106.0 28.0 0.0
106.0 30.0 0.0
106.0 32.0 0.0
106.0 34.0 0.0
106.0 36.0 0.0
106.0 38.0 0.0
106.0 40.0 0.0
106.0 42.0 0.0
106.0 44.0 0.0
106.0 46.0 0.0
106.0 48.0 0.0
106.0 50.0 0.0
106.0 52.0 0.0
106.0 54.0 0.0
106.0 56.0 0.0
106.0 58.0 0.0
106.0 60.0 0.002584654073071537
106.0 62.0 0.0
106.0 64.0 0.0
106.0 66.0 0.0
106.0 68.0 0.00596013936534517
106.0 70.0 0.04814668760922463
106.0 72.0 0.09069654724046683
106.0 74.0 0.14704503132860144
106.0 76.0 0.24990369272946208
106.0 78.0 0.37134160980695263
106.0 80.0 0.4590330163701639
106.0 82.0 0.40546693575339865
106.0 84.0 0.42569674762767273
106.0 86.0 0.40560182409650775
106.0 88.0 0.42321382277236524
106.0 90.0 0.34143818175280144
106.0 92.0 0.15821132532492813
106.0 94.0 0.04244488037669931
106.0 96.0 0.0
106.0 98.0 0.0
106.0 100.0 0.0
106.0 102.0 0.0
106.0 104.0 0.0
106.0 106.0 0.0
106.0 108.0 0.0
106.0 110.0 0.0
106.0 112.0 0.0
106.0 114.0 0.0
106.0 116.0 0.0
106.0 118.0 0.0
106.0 120.0 0.0
106.0 122.0 0.0
106.0 124.0 0.0
106.0 126.0 0.0
108.0 0.0 0.0
108.0 2.0 0.0
108.0 4.0 0.0
108.0 6.0 0.0
108.0 8.0 0.0
108.0 10.0 0.0
108.0 12.0 0.0
108.0 14.0 0.0
108.0 16.0 0.0
108.0 18.0 0.0
108.0 20.0 0.0
108.0 22.0 0.0
108.0 24.0 0.0
108.0 26.0 0.0
108.0 28.0 0.0
108.0 30.0 0.0
108.0 32.0 0.0
108.0 34.0 0.0
108.0 36.0 0.0
108.0 38.0 0.0
108.0 40.0 0.0
108.0 42.0 0.0
108.0 44.0 0.0
108.0 46.0 0.0
108.0 48.0 0.0
108.0 50.0 0.0
108.0 52.0 0.0
108.0 54.0 0.0
108.0 56.0 0.0
108.0 58.0 0.0
108.0 60.0 0.002813369308678733
108.0 62.0 0.0
108.0 64.0 0.0
108.0 66.0 0.0
108.0 68.0 0.0
108.0 70.0 0.021237057404307935
108.0 72.0 0.06166717138882971
108.0 74.0 0.1292884922254359
108.0 76.0 0.21806957161915305
108.0 78.0 0.35586594371337177
108.0 80.0 0.4696497614517152
108.0 82.0 0.4411824144389787
108.0 84.0 0.44776671878439295
108.0 86.0 0.4307798377888485
108.0 88.0 0.4266810384317529
108.0 90.0 0.3854678883685228
108.0 92.0 0.19693262059195615
108.0 94.0 0.061581421116123365
108.0 96.0 0.0
108.0 98.0 0.0
108.0 100.0 0.0
108.0 102.0 0.0
108.0 104.0 0.0
108.0 106.0 0.0
108.0 108.0 0.0
108.0 110.0 0.0
108.0 112.0 0.0
108.0 114.0 0.0
108.0 116.0 0.0
108.0 118.0 0.0
108.0 120.0 0.0
108.0 122.0 0.0
108.0 124.0 0.0
108.0 126.0 0.0
110.0 0.0 0.0
110.0 2.0 0.0
110.0 4.0 0.0
110.0 6.0 0.0
110.0 8.0 0.0
110.0 10.0 0.0
110.0 12.0 0.0
110.0 14.0 0.0
110.0 16.0 0.0
110.0 18.0 0.0
110.0 20.0 0.0
110.0 22.0 0.0
110.0 24.0 0.0
110.0 26.0 0.0
110.0 28.0 0.0
110.0 30.0 0.0
110.0 32.0 0.0
110.0 34.0 0.0018268761569865926
110.0 36.0 0.011006295102270644
110.0 38.0 0.0
110.0 40.0 0.0
110.0 42.0 0.0
110.0 44.0 0.0
110.0 46.0 0.0
110.0 48.0 0.0
110.0 50.0 0.0
110.0 52.0 0.0
110.0 54.0 0.0
110.0 56.0 0.0
110.0 58.0 0.0
110.0 60.0 2.610034268271991E-4
110.0 62.0 0.0
110.0 64.0 0.0
110.0 66.0 0.0
110.0 68.0 0.0
110.0 70.0 0.002996240605724938
110.0 72.0 0.03472160350697706
110.0 74.0 0.08641037279559927
110.0 76.0 0.16590964153641824
110.0 78.0 0.3136921487394411
110.0 80.0 0.4521896977916655
110.0 82.0 0.4711359530625285
110.0 84.0 0.45093148086181567
110.0 86.0 0.44052628633569463
110.0 88.0 0.4286811423429708
110.0 90.0 0.40689309060511136
110.0 92.0 0.23233920268054034
110.0 94.0 0.08111607185806681
110.0 96.0 0.0
110.0 98.0 0.0
110.0 100.0 0.0
110.0 102.0 0.0
110.0 104.0 0.0
110.0 106.0 0.0
110.0 108.0 0.0
110.0 110.0 0.0
110.0 112.0 0.0
110.0 114.0 0.0
110.0 116.0 0.0
110.0 118.0 0.0
110.0 120.0 0.0
110.0 122.0 0.0
110.0 124.0 0.0
110.0 126.0 0.0
112.0 0.0 0.0
112.0 2.0 0.0
112.0 4.0 0.0
112.0 6.0 0.0
112.0 8.0 0.0
112.0 10.0 0.0
112.0 12.0 0.0
112.0 14.0 0.0
112.0 16.0 0.0
112.0 18.0 0.0
112.0 20.0 0.0
112.0 22.0 0.0
112.0 24.0 0.0
112.0 26.0 0.0
112.0 28.0 0.0
112.0 30.0 0.0
112.0 32.0 0.003703293427093375
112.0 34.0 0.01654178407960469
112.0 36.0 0.029702759851866267
112.0 38.0 0.014024230815429146
112.0 40.0 0.003563363338478136
112.0 42.0 0.0
112.0 44.0 0.0
112.0 46.0 0.0
112.0 48.0 0.0
112.0 50.0 0.0
112.0 52.0 0.0
112.0 54.0 0.0
112.0 56.0 0.0
112.0 58.0 0.0
112.0 60.0 0.0
112.0 62.0 0.0
112.0 64.0 0.0
112.0 66.0 0.0
112.0 68.0 0.0
112.0 70.0 0.0
112.0 72.0 0.010389068443081156
112.0 74.0 0.03961992190347031
112.0 76.0 0.09307736852657204
112.0 78.0 0.2323987667581968
112.0 80.0 0.4133911432003325
112.0 82.0 0.4825049255363341
112.0 84.0 0.4666804143414937
112.0 86.0 0.45474384589580624
112.0 88.0 0.41708637241792695
112.0 90.0 0.40682563004402034
112.0 92.0 0.2887662659764408
112.0 94.0 0.10126887962582903
112.0 96.0 0.0
112.0 98.0 0.0
112.0 100.0 0.0
112.0 102.0 0.0
112.0 104.0 0.0
112.0 106.0 0.0
112.0 108.0 0.0
112.0 110.0 0.0
112.0 112.0 0.0
112.0 114.0 0.0
112.0 116.0 0.0
112.0 118.0 0.0
112.0 120.0 0.0
112.0 122.0 0.0
112.0 124.0 0.0
112.0 126.0 0.0
114.0 0.0 0.0
114.0 2.0 0.0
114.0 4.0 0.0
114.0 6.0 0.0
114.0 8.0 0.0
114.0 10.0 0.0
114.0 12.0 0.0
114.0 14.0 0.0
114.0 16.0 0.0
114.0 18.0 0.0
114.0 20.0 0.0
114.0 22.0 0.0
114.0 24.0 0.0
114.0 26.0 0.0
114.0 28.0 0.0
114.0 30.0 0.0
114.0 32.0 0.00468906389293465
114.0 34.0 0.03251232959212349
114.0 36.0 0.048973222249408664
114.0 38.0 0.03647471775038641
114.0 40.0 0.022919989243259938
114.0 42.0 0.004747449426352404
114.0 44.0 0.0
114.0 46.0 0.0
114.0 48.0 0.0
114.0 50.0 0.0
114.0 52.0 0.0
114.0 54.0 0.0
114.0 56.0 0.0
114.0 58.0 0.0
114.0 60.0 0.0
114.0 62.0 0.0
114.0 64.0 0.0
114.0 66.0 0.0
114.0 68.0 0.0
114.0 70.0 0.0
114.0 72.0 0.0
114.0 74.0 0.006676700613977991
114.0 76.0 0.025042699330944173
114.0 78.0 0.12752469754068457
114.0 80.0 0.3322778922444963
114.0 82.0 0.46000978097181594
114.0 84.0 0.4639687476117187
114.0 86.0 0.4598259140643705
114.0 88.0 0.42995339935203575
114.0 90.0 0.4091235486455033
114.0 92.0 0.33772720246010723
114.0 94.0 0.12800240372482122
114.0 96.0 0.010331032374452653
114.0 98.0 0.0
114.0 100.0 0.0
114.0 102.0 0.0
114.0 104.0 0.0
114.0 106.0 0.0
114.0 108.0 0.0
114.0 110.0 0.0
114.0 112.0 0.0
114.0 114.0 0.0
114.0 116.0 0.0
114.0 118.0 0.0
114.0 120.0 0.0
114.0 122.0 0.0
114.0 124.0 0.0
114.0 126.0 0.0
116.0 0.0 0.0
116.0 2.0 0.0
116.0 4.0 0.0
116.0 6.0 0.0
116.0 8.0 0.0
116.0 10.0 0.0
116.0 12.0 0.0
116.0 14.0 0.0
116.0 16.0 0.0
116.0 18.0 0.0
116.0 20.0 0.0
116.0 22.0 0.0
116.0 24.0 0.0
116.0 26.0 0.0
116.0 28.0 0.0
116.0 30.0 0.0
116.0 32.0 0.0
116.0 34.0 0.0025900950329062924
116.0 36.0 0.030775580464763506
116.0 38.0 0.032790832845105776
116.0 40.0 0.033440656109146226
116.0 42.0 0.014997951494562426
116.0 44.0 0.001383234931795006
116.0 46.0 0.0
116.0 48.0 0.0
116.0 50.0 0.0
116.0 52.0 0.0
116.0 54.0 0.0
116.0 56.0 0.0
116.0 58.0 0.0
116.0 60.0 0.0
116.0 62.0 0.0
116.0 64.0 0.0
116.0 66.0 0.0
116.0 68.0 0.0
116.0 70.0 0.0
116.0 72.0 0.0
116.0 74.0 0.0
116.0 76.0 0.0030148046795746308
116.0 78.0 0.04531960206302427
116.0 80.0 0.21825547481095878
116.0 82.0 0.40516449404698046
116.0 84.0 0.4563220540803037
116.0 86.0 0.45407367100031343
116.0 88.0 0.43355836389413005
116.0 90.0 0.4150371200924823
116.0 92.0 0.3754409601480875
116.0 94.0 0.17733479871161786
116.0 96.0 0.03828861056024316
116.0 98.0 0.0
116.0 100.0 0.0
116.0 102.0 0.0
116.0 104.0 0.0
116.0 106.0 0.0
116.0 108.0 0.0
116.0 110.0 0.0
116.0 112.0 0.0
116.0 114.0 0.0
116.0 116.0 0.0
116.0 118.0 0.0
116.0 120.0 0.0
116.0 122.0 0.0
116.0 124.0 0.0
116.0 126.0 0.0
118.0 0.0 0.0
118.0 2.0 0.0
118.0 4.0 0.0
118.0 6.0 0.0
118.0 8.0 0.0
118.0 10.0 0.0
118.0 12.0 0.0
118.0 14.0 0.0
118.0 16.0 0.0
118.0 18.0 0.0
118.0 20.0 0.0
118.0 22.0 0.0
118.0 24.0 0.0
118.0 26.0 0.0
118.0 28.0 0.0
118.0 30.0 0.0
118.0 32.0 0.0
118.0 34.0 0.0
118.0 36.0 0.0
118.0 38.0 0.012708050591714093
118.0 40.0 0.03509916973863477
118.0 42.0 0.03815078085253786
118.0 44.0 0.029338538934786485
118.0 46.0 0.014580524630967664
118.0 48.0 0.004176852626694194
118.0 50.0 0.0
118.0 52.0 0.0
118.0 54.0 0.0
118.0 56.0 0.0
118.0 58.0 0.0
118.0 60.0 0.0
118.0 62.0 0.0
118.0 64.0 0.0
118.0 66.0 0.0
118.0 68.0 0.0
118.0 70.0 0.0
118.0 72.0 0.0
118.0 74.0 0.0
118.0 76.0 0.0
118.0 78.0 0.012873755014612305
118.0 80.0 0.12457312090691179
118.0 82.0 0.3228175984906932
118.0 84.0 0.43507671867133185
118.0 86.0 0.4525976706065738
118.0 88.0 0.4378661172846805
118.0 90.0 0.4220786998267611
118.0 92.0 0.39864761165628804
118.0 94.0 0.26990651582303676
118.0 96.0 0.07730402715787323
118.0 98.0 0.0
118.0 100.0 0.0
118.0 102.0 0.0
118.0 104.0 0.0
118.0 106.0 0.0
118.0 108.0 0.0
118.0 110.0 0.0
118.0 112.0 0.0
118.0 114.0 0.0
118.0 116.0 0.0
118.0 118.0 0.0
118.0 120.0 0.0
118.0 122.0 0.0
118.0 124.0 0.0
118.0 126.0 0.0
120.0 0.0 0.0
120.0 2.0 0.0
120.0 4.0 0.0
120.0 6.0 0.0
120.0 8.0 0.0
120.0 10.0 0.0
120.0 12.0 0.0
120.0 14.0 0.0
120.0 16.0 0.0
120.0 18.0 0.0
120.0 20.0 0.0
120.0 22.0 0.0
120.0 24.0 0.0
120.0 26.0 0.0
120.0 28.0 0.0
120.0 30.0 0.0
120.0 32.0 0.0
120.0 34.0 0.0
120.0 36.0 0.0
120.0 38.0 0.0
120.0 40.0 0.01346812935651169
120.0 42.0 0.061806496217685025
120.0 44.0 0.06989392077907092
120.0 46.0 0.06811363840104782
120.0 48.0 0.04567051491427169
120.0 50.0 0.021056021295322202
120.0 52.0 0.0029004010806626215
120.0 54.0 0.0
120.0 56.0 0.0
120.0 58.0 0.0
120.0 60.0 0.0
120.0 62.0 0.0
120.0 64.0 0.0
120.0 66.0 0.0
120.0 68.0 0.0
120.0 70.0 0.0
120.0 72.0 0.0
120.0 74.0 0.0
120.0 76.0 0.0
120.0 78.0 0.0
120.0 80.0 0.07054554876822948
120.0 82.0 0.24694386063771293
120.0 84.0 0.39611210406900793
120.0 86.0 0.4489838933180732
120.0 88.0 0.4475930222684214
120.0 90.0 0.41545044036788165
120.0 92.0 0.4029363007493884
120.0 94.0 0.0
120.0 96.0 0.0
120.0 98.0 0.0
120.0 100.0 0.0
120.0 102.0 0.0
120.0 104.0 0.0
120.0 106.0 0.0
120.0 108.0 0.0
120.0 110.0 0.0
120.0 112.0 0.0
120.0 114.0 0.0
120.0 116.0 0.0
120.0 118.0 0.0
120.0 120.0 0.0
120.0 122.0 0.0
120.0 124.0 0.0
120.0 126.0 0.0
122.0 0.0 0.0
122.0 2.0 0.0
122.0 4.0 0.0
122.0 6.0 0.0
122.0 8.0 0.0
122.0 10.0 0.0
122.0 12.0 0.0
122.0 14.0 0.0
122.0 16.0 0.0
122.0 18.0 0.0
122.0 20.0 0.0
122.0 22.0 0.0
122.0 24.0 0.0
122.0 26.0 0.0
122.0 28.0 0.0
122.0 30.0 0.0
122.0 32.0 0.0
122.0 34.0 0.0
122.0 36.0 0.0
122.0 38.0 0.0
122.0 40.0 0.27817479139546547
122.0 42.0 0.13930429986310713
122.0 44.0 0.13143875532291938
122.0 46.0 0.12757774187518675
122.0 48.0 0.11792768860096836
122.0 50.0 0.08410213122526126
122.0 52.0 0.03309941650576346
122.0 54.0 0.004627588701445714
122.0 56.0 0.0
122.0 58.0 0.0
122.0 60.0 0.0
122.0 62.0 0.0
122.0 64.0 0.0
122.0 66.0 0.0
122.0 68.0 0.0
122.0 70.0 0.0
122.0 72.0 0.0
122.0 74.0 0.0
122.0 76.0 0.0
122.0 78.0 0.0
122.0 80.0 0.03550085273303695
122.0 82.0 0.1894670368991319
122.0 84.0 0.35692647130675886
122.0 86.0 0.4376595243890518
122.0 88.0 0.45179921549108215
122.0 90.0 0.0
122.0 92.0 0.0
122.0 94.0 0.0
122.0 96.0 0.0
122.0 98.0 0.0
122.0 100.0 0.0
122.0 102.0 0.0
122.0 104.0 0.0
122.0 106.0 0.0
122.0 108.0 0.0
122.0 110.0 0.0
122.0 112.0 0.0
122.0 114.0 0.0
122.0 116.0 0.0
122.0 118.0 0.0
122.0 120.0 0.0
122.0 122.0 0.0
122.0 124.0 0.0
122.0 126.0 0.0
124.0 0.0 0.0
124.0 2.0 0.0
124.0 4.0 0.0
124.0 6.0 0.0
124.0 8.0 0.0
124.0 10.0 0.0
124.0 12.0 0.0
124.0 14.0 0.0
124.0 16.0 0.0
124.0 18.0 0.0
124.0 20.0 0.0
124.0 22.0 0.0
124.0 24.0 0.0
124.0 26.0 0.0
124.0 28.0 0.0
124.0 30.0 0.0
124.0 32.0 0.0
124.0 34.0 0.0
124.0 36.0 0.0
124.0 38.0 0.0
124.0 40.0 0.0
124.0 42.0 0.0
124.0 44.0 0.0
124.0 46.0 0.36975670187723453
124.0 48.0 0.276934002052249
124.0 50.0 0.23063797092782923
124.0 52.0 0.2103884769863741
124.0 54.0 0.11596241769010474
124.0 56.0 0.024594406350866977
124.0 58.0 0.0
124.0 60.0 0.0
124.0 62.0 0.0
124.0 64.0 0.0
124.0 66.0 0.0
124.0 68.0 0.0
124.0 70.0 0.0
124.0 72.0 0.0
124.0 74.0 0.0
124.0 76.0 0.0
124.0 78.0 0.0
124.0 80.0 0.018527444318868838
124.0 82.0 0.16019715239960064
124.0 84.0 0.0
124.0 86.0 0.0
124.0 88.0 0.0
124.0 90.0 0.0
124.0 92.0 0.0
124.0 94.0 0.0
124.0 96.0 0.0
124.0 98.0 0.0
124.0 100.0 0.0
124.0 102.0 0.0
124.0 104.0 0.0
124.0 106.0 0.0
124.0 108.0 0.0
124.0 110.0 0.0
124.0 112.0 0.0
124.0 114.0 0.0
124.0 116.0 0.0
124.0 118.0 0.0
124.0 120.0 0.0
124.0 122.0 0.0
124.0 124.0 0.0
124.0 126.0 0.0
126.0 0.0 0.0
126.0 2.0 0.0
126.0 4.0 0.0
126.0 6.0 0.0
126.0 8.0 0.0
126.0 10.0 0.0
126.0 12.0 0.0
126.0 14.0 0.0
126.0 16.0 0.0
126.0 18.0 0.0
126.0 20.0 0.0
126.0 22.0 0.0
126.0 24.0 0.0
126.0 26.0 0.0
126.0 28.0 0.0
126.0 30.0 0.0
126.0 32.0 0.0
126.0 34.0 0.0
126.0 36.0 0.0
126.0 38.0 0.0
126.0 40.0 0.0
126.0 42.0 0.0
126.0 44.0 0.0
126.0 46.0 0.0
126.0 48.0 0.0
126.0 50.0 0.0
126.0 52.0 0.0
126.0 54.0 0.39858394526588986
126.0 56.0 0.3991349450653556
126.0 58.0 0.3292135781411036
126.0 60.0 0.27873879493344045
126.0 62.0 0.11899537448440105
126.0 64.0 0.002350029731371506
126.0 66.0 0.0
126.0 68.0 0.0
126.0 70.0 0.0
126.0 72.0 0.0
126.0 74.0 0.0
126.0 76.0 0.0
126.0 78.0 0.0
126.0 80.0 0.0
126.0 82.0 0.0
126.0 84.0 0.0
126.0 86.0 0.0
126.0 88.0 0.0
126.0 90.0 0.0
126.0 92.0 0.0
126.0 94.0 0.0
126.0 96.0 0.0
126.0 98.0 0.0
126.0 100.0 0.0
126.0 102.0 0.0
126.0 104.0 0.0
126.0 106.0 0.0
126.0 108.0 0.0
126.0 110.0 0.0
126.0 112.0 0.0
126.0 114.0 0.0
126.0 116.0 0.0
126.0 118.0 0.0
126.0 120.0 0.0
126.0 122.0 0.0
126.0 124.0 0.0
126.0 126.0 0.0
