0.0 0.0 0.0
0.0 2.0 0.0
0.0 4.0 0.0
0.0 6.0 0.0
0.0 8.0 0.0
0.0 10.0 0.0
0.0 12.0 0.0
0.0 14.0 0.0
0.0 16.0 0.0
0.0 18.0 0.0
0.0 20.0 0.0
0.0 22.0 0.0
0.0 24.0 0.0
0.0 26.0 0.0
0.0 28.0 0.0
0.0 30.0 0.0
0.0 32.0 0.0
0.0 34.0 0.0
0.0 36.0 0.0
0.0 38.0 0.0
0.0 40.0 0.0
0.0 42.0 0.0
0.0 44.0 0.0
0.0 46.0 0.0
0.0 48.0 0.0
0.0 50.0 0.0
0.0 52.0 0.0
0.0 54.0 0.0
0.0 56.0 0.0
0.0 58.0 0.0
0.0 60.0 0.0
0.0 62.0 0.0
0.0 64.0 0.0
0.0 66.0 0.0
0.0 68.0 0.0
0.0 70.0 0.0
0.0 72.0 0.0
0.0 74.0 0.0
0.0 76.0 0.0
0.0 78.0 0.0
0.0 80.0 0.0
0.0 82.0 0.0
0.0 84.0 0.0
0.0 86.0 0.0
0.0 88.0 0.0
0.0 90.0 0.0
0.0 92.0 0.0
0.0 94.0 0.0
0.0 96.0 0.0
0.0 98.0 0.0
0.0 100.0 0.0
0.0 102.0 0.0
0.0 104.0 0.0
0.0 106.0 0.0
0.0 108.0 0.0
0.0 110.0 0.0
0.0 112.0 0.0
0.0 114.0 0.0
0.0 116.0 0.0
0.0 118.0 0.0
0.0 120.0 0.0
0.0 122.0 0.0
0.0 124.0 0.0
0.0 126.0 0.0
2.0 0.0 0.0
2.0 2.0 0.0
2.0 4.0 0.0
2.0 6.0 0.0
2.0 8.0 0.0
2.0 10.0 0.0
2.0 12.0 0.0
2.0 14.0 0.0
2.0 16.0 0.0
2.0 18.0 0.0
2.0 20.0 0.0
2.0 22.0 0.0
2.0 24.0 0.0
2.0 26.0 0.0
2.0 28.0 0.0
2.0 30.0 0.0
2.0 32.0 0.0
2.0 34.0 0.0
2.0 36.0 0.0
2.0 38.0 0.0
2.0 40.0 0.0
2.0 42.0 0.0
2.0 44.0 0.0
2.0 46.0 0.0
2.0 48.0 0.3873890606651842
2.0 50.0 0.5197712272126375
2.0 52.0 0.4872190846924888
2.0 54.0 0.42785778996857027
2.0 56.0 0.37998332028904813
2.0 58.0 0.19243173287602025
2.0 60.0 0.0
2.0 62.0 0.0
2.0 64.0 0.0
2.0 66.0 0.0
2.0 68.0 0.0
2.0 70.0 0.0
2.0 72.0 0.0
2.0 74.0 0.0
2.0 76.0 0.0
2.0 78.0 0.0
2.0 80.0 0.0
2.0 82.0 0.0
2.0 84.0 0.0
2.0 86.0 0.0
2.0 88.0 0.0
2.0 90.0 0.0
2.0 92.0 0.0
2.0 94.0 0.0
2.0 96.0 0.0
2.0 98.0 0.0
2.0 100.0 0.0
2.0 102.0 0.0
2.0 104.0 0.0
2.0 106.0 0.0
2.0 108.0 0.0
2.0 110.0 0.0
2.0 112.0 0.0
2.0 114.0 0.0
2.0 116.0 0.0
2.0 118.0 0.0
2.0 120.0 0.0
2.0 122.0 0.0
2.0 124.0 0.0
2.0 126.0 0.0
4.0 0.0 0.0
4.0 2.0 0.0
4.0 4.0 0.0
4.0 6.0 0.0
4.0 8.0 0.0
4.0 10.0 0.0
4.0 12.0 0.0
4.0 14.0 0.0
4.0 16.0 0.0
4.0 18.0 0.0
4.0 20.0 0.0
4.0 22.0 0.0
4.0 24.0 0.0
4.0 26.0 0.0
4.0 28.0 0.0
4.0 30.0 0.0
4.0 32.0 0.0
4.0 34.0 0.0
4.0 36.0 0.0
4.0 38.0 0.0
4.0 40.0 0.0
4.0 42.0 0.38741479115039174
4.0 44.0 0.4630706318473847
4.0 46.0 0.4603373019388115
4.0 48.0 0.4488812114401371
4.0 50.0 0.43690367850016476
4.0 52.0 0.4311642993188806
4.0 54.0 0.3904787471915414
4.0 56.0 0.20280949158412553
4.0 58.0 0.017609686693322132
4.0 60.0 0.0
4.0 62.0 0.0
4.0 64.0 0.0
4.0 66.0 0.0
4.0 68.0 0.0
4.0 70.0 0.0
4.0 72.0 0.0
4.0 74.0 0.0
4.0 76.0 0.0
4.0 78.0 0.0
4.0 80.0 0.0015594600489200292
4.0 82.0 0.03340593643720636
4.0 84.0 0.08779734772564085
4.0 86.0 0.0
4.0 88.0 0.0
4.0 90.0 0.0
4.0 92.0 0.0
4.0 94.0 0.0
4.0 96.0 0.0
4.0 98.0 0.0
4.0 100.0 0.0
4.0 102.0 0.0
4.0 104.0 0.0
4.0 106.0 0.0
4.0 108.0 0.0
4.0 110.0 0.0
4.0 112.0 0.0
4.0 114.0 0.0
4.0 116.0 0.0
4.0 118.0 0.0
4.0 120.0 0.0
4.0 122.0 0.0
4.0 124.0 0.0
4.0 126.0 0.0
6.0 0.0 0.0
6.0 2.0 0.0
6.0 4.0 0.0
6.0 6.0 0.0
6.0 8.0 0.0
6.0 10.0 0.0
6.0 12.0 0.0
6.0 14.0 0.0
6.0 16.0 0.0
6.0 18.0 0.0
6.0 20.0 0.0
6.0 22.0 0.0
6.0 24.0 0.0
6.0 26.0 0.0
6.0 28.0 0.0
6.0 30.0 0.0
6.0 32.0 0.0
6.0 34.0 0.0
6.0 36.0 0.0
6.0 38.0 0.4498076349377236
6.0 40.0 0.4456598098835481
6.0 42.0 0.4314921353311134
6.0 44.0 0.45462043587086126
6.0 46.0 0.47349097595518114
6.0 48.0 0.4788226984663886
6.0 50.0 0.4631098011204249
6.0 52.0 0.430915321182101
6.0 54.0 0.35495234252483066
6.0 56.0 0.16260964208484138
6.0 58.0 0.0
6.0 60.0 0.0
6.0 62.0 0.0
6.0 64.0 0.0
6.0 66.0 0.0
6.0 68.0 0.0
6.0 70.0 0.0
6.0 72.0 0.0
6.0 74.0 0.0
6.0 76.0 0.0
6.0 78.0 0.0
6.0 80.0 0.0
6.0 82.0 0.021788595988888507
6.0 84.0 0.06892683646231461
6.0 86.0 0.11800097387577235
6.0 88.0 0.17332425685005481
6.0 90.0 0.21820921725125278
6.0 92.0 0.0
6.0 94.0 0.0
6.0 96.0 0.0
6.0 98.0 0.0
6.0 100.0 0.0
6.0 102.0 0.0
6.0 104.0 0.0
6.0 106.0 0.0
6.0 108.0 0.0
6.0 110.0 0.0
6.0 112.0 0.0
6.0 114.0 0.0
6.0 116.0 0.0
6.0 118.0 0.0
6.0 120.0 0.0
6.0 122.0 0.0
6.0 124.0 0.0
6.0 126.0 0.0
8.0 0.0 0.0
8.0 2.0 0.0
8.0 4.0 0.0
8.0 6.0 0.0
8.0 8.0 0.0
8.0 10.0 0.0
8.0 12.0 0.0
8.0 14.0 0.0
8.0 16.0 0.0
8.0 18.0 0.0
8.0 20.0 0.0
8.0 22.0 0.0
8.0 24.0 0.0
8.0 26.0 0.0
8.0 28.0 0.0
8.0 30.0 0.0
8.0 32.0 0.0
8.0 34.0 0.24740448776009558
8.0 36.0 0.22362969946991398
8.0 38.0 0.29889745345551083
8.0 40.0 0.3711006981687049
8.0 42.0 0.435237021506472
8.0 44.0 0.4639000098355925
8.0 46.0 0.4915431341999153
8.0 48.0 0.5052568536009118
8.0 50.0 0.4903860012844403
8.0 52.0 0.44045014463256926
8.0 54.0 0.32724580085196553
8.0 56.0 0.13529511133488448
8.0 58.0 0.0
8.0 60.0 0.0
8.0 62.0 0.0
8.0 64.0 0.0
8.0 66.0 0.0
8.0 68.0 0.0
8.0 70.0 0.0
8.0 72.0 0.0
8.0 74.0 0.0
8.0 76.0 0.0
8.0 78.0 0.0
8.0 80.0 0.0
8.0 82.0 0.011799766783899825
8.0 84.0 0.04969171995812099
8.0 86.0 0.08095425315261326
8.0 88.0 0.13489592287531157
8.0 90.0 0.17627594261292803
8.0 92.0 0.1823019310543488
8.0 94.0 0.18380829736252155
8.0 96.0 0.0
8.0 98.0 0.0
8.0 100.0 0.0
8.0 102.0 0.0
8.0 104.0 0.0
8.0 106.0 0.0
8.0 108.0 0.0
8.0 110.0 0.0
8.0 112.0 0.0
8.0 114.0 0.0
8.0 116.0 0.0
8.0 118.0 0.0
8.0 120.0 0.0
8.0 122.0 0.0
8.0 124.0 0.0
8.0 126.0 0.0
10.0 0.0 0.0
10.0 2.0 0.0
10.0 4.0 0.0
10.0 6.0 0.0
10.0 8.0 0.0
10.0 10.0 0.0
10.0 12.0 0.0
10.0 14.0 0.0
10.0 16.0 0.0
10.0 18.0 0.0
10.0 20.0 0.0
10.0 22.0 0.0
10.0 24.0 0.0
10.0 26.0 0.0
10.0 28.0 0.0
10.0 30.0 0.06690101830487656
10.0 32.0 0.004691446034875142
10.0 34.0 0.10366702355945896
10.0 36.0 0.21546323591834038
10.0 38.0 0.31855221112546667
10.0 40.0 0.42549127809392306
10.0 42.0 0.5036098346126776
10.0 44.0 0.4791092140049525
10.0 46.0 0.478247059511184
10.0 48.0 0.48927773877123526
10.0 50.0 0.48605847212195225
10.0 52.0 0.43791751344336705
10.0 54.0 0.3025227651657138
10.0 56.0 0.10926524771574475
10.0 58.0 0.0
10.0 60.0 0.0
10.0 62.0 0.0
10.0 64.0 0.0
10.0 66.0 0.0
10.0 68.0 0.0
10.0 70.0 0.0
10.0 72.0 0.0
10.0 74.0 0.0
10.0 76.0 0.0
10.0 78.0 0.0
10.0 80.0 0.0
10.0 82.0 0.007583488783057808
10.0 84.0 0.03415330546584436
10.0 86.0 0.057610546497954884
10.0 88.0 0.09906100533609075
10.0 90.0 0.1341748367671641
10.0 92.0 0.15219363737315592
10.0 94.0 0.16775075218621638
10.0 96.0 0.17689755285221423
10.0 98.0 0.0
10.0 100.0 0.0
10.0 102.0 0.0
10.0 104.0 0.0
10.0 106.0 0.0
10.0 108.0 0.0
10.0 110.0 0.0
10.0 112.0 0.0
10.0 114.0 0.0
10.0 116.0 0.0
10.0 118.0 0.0
10.0 120.0 0.0
10.0 122.0 0.0
10.0 124.0 0.0
10.0 126.0 0.0
12.0 0.0 0.0
12.0 2.0 0.0
12.0 4.0 0.0
12.0 6.0 0.0
12.0 8.0 0.0
12.0 10.0 0.0
12.0 12.0 0.0
12.0 14.0 0.0
12.0 16.0 0.0
12.0 18.0 0.0
12.0 20.0 0.0
12.0 22.0 0.0
12.0 24.0 0.0
12.0 26.0 0.0
12.0 28.0 0.05430996798187515
12.0 30.0 0.0
12.0 32.0 0.02348613514348813
12.0 34.0 0.12368715113223329
12.0 36.0 0.227269137417925
12.0 38.0 0.3425339483575344
12.0 40.0 0.43927311631902605
12.0 42.0 0.4554008602364025
12.0 44.0 0.44926548168137653
12.0 46.0 0.4674534461970945
12.0 48.0 0.4740463224805014
12.0 50.0 0.46774696532526633
12.0 52.0 0.4166445233656033
12.0 54.0 0.2732396096572844
12.0 56.0 0.08430248523995336
12.0 58.0 0.0
12.0 60.0 0.0
12.0 62.0 0.0
12.0 64.0 0.0
12.0 66.0 0.0
12.0 68.0 0.0
12.0 70.0 0.0
12.0 72.0 0.0
12.0 74.0 0.0
12.0 76.0 0.0
12.0 78.0 0.0
12.0 80.0 0.0
12.0 82.0 0.004167015846356384
12.0 84.0 0.02082334235140074
12.0 86.0 0.04867791198422302
12.0 88.0 0.06936407697954217
12.0 90.0 0.10820744370929704
12.0 92.0 0.13146542865795852
12.0 94.0 0.1553346172798367
12.0 96.0 0.16667864778179997
12.0 98.0 0.17647243911317387
12.0 100.0 0.1828684469102876
12.0 102.0 0.0
12.0 104.0 0.0
12.0 106.0 0.0
12.0 108.0 0.0
12.0 110.0 0.0
12.0 112.0 0.0
12.0 114.0 0.0
12.0 116.0 0.0
12.0 118.0 0.0
12.0 120.0 0.0
12.0 122.0 0.0
12.0 124.0 0.0
12.0 126.0 0.0
14.0 0.0 0.0
14.0 2.0 0.0
14.0 4.0 0.0
14.0 6.0 0.0
14.0 8.0 0.0
14.0 10.0 0.0
14.0 12.0 0.0
14.0 14.0 0.0
14.0 16.0 0.0
14.0 18.0 0.0
14.0 20.0 0.0
14.0 22.0 0.0
14.0 24.0 0.09216723126033234
14.0 26.0 0.0032385109641030903
14.0 28.0 0.0
14.0 30.0 0.0
14.0 32.0 0.016667890448807683
14.0 34.0 0.09919290528441503
14.0 36.0 0.22019027733809524
14.0 38.0 0.3162528669876412
14.0 40.0 0.4101273182453649
14.0 42.0 0.41326819484629157
14.0 44.0 0.43179388592643253
14.0 46.0 0.4631281802955363
14.0 48.0 0.46557743162921045
14.0 50.0 0.4342227005165378
14.0 52.0 0.3583157178167809
14.0 54.0 0.22193890535672425
14.0 56.0 0.05924757064057479
14.0 58.0 0.0
14.0 60.0 0.0
14.0 62.0 0.0
14.0 64.0 0.0
14.0 66.0 0.0
14.0 68.0 0.0
14.0 70.0 0.0
14.0 72.0 0.0
14.0 74.0 0.0
14.0 76.0 0.0
14.0 78.0 0.0
14.0 80.0 0.0
14.0 82.0 0.0036316859635747837
14.0 84.0 0.017876302764840257
14.0 86.0 0.04181619478256989
14.0 88.0 0.060695271523334295
14.0 90.0 0.1022354028107763
14.0 92.0 0.1304011351533341
14.0 94.0 0.1569965336969578
14.0 96.0 0.16341332650562315
14.0 98.0 0.168225306593072
14.0 100.0 0.17434034956026298
14.0 102.0 0.18884488931341895
14.0 104.0 0.0
14.0 106.0 0.0
14.0 108.0 0.0
14.0 110.0 0.0
14.0 112.0 0.0
14.0 114.0 0.0
14.0 116.0 0.0
14.0 118.0 0.0
14.0 120.0 0.0
14.0 122.0 0.0
14.0 124.0 0.0
14.0 126.0 0.0
16.0 0.0 0.0
16.0 2.0 0.0
16.0 4.0 0.0
16.0 6.0 0.0
16.0 8.0 0.0
16.0 10.0 0.0
16.0 12.0 0.0
16.0 14.0 0.0
16.0 16.0 0.0
16.0 18.0 0.0
16.0 20.0 0.0
16.0 22.0 0.06258581939021252
16.0 24.0 0.0
16.0 26.0 0.0
16.0 28.0 0.0
16.0 30.0 0.0
16.0 32.0 3.8298619360892494E-4
16.0 34.0 0.04173382651330907
16.0 36.0 0.17476032772925912
16.0 38.0 0.268604991482164
16.0 40.0 0.32334821971175637
16.0 42.0 0.3807970160321113
16.0 44.0 0.3987946260799002
16.0 46.0 0.38164225700590393
16.0 48.0 0.43406089825771693
16.0 50.0 0.40908303469575874
16.0 52.0 0.3269911217882272
16.0 54.0 0.183647152935869
16.0 56.0 0.04550874056713334
16.0 58.0 0.0
16.0 60.0 0.0
16.0 62.0 0.0
16.0 64.0 0.0
16.0 66.0 0.0
16.0 68.0 0.0
16.0 70.0 0.0
16.0 72.0 0.0
16.0 74.0 0.0
16.0 76.0 0.0
16.0 78.0 0.0
16.0 80.0 0.0
16.0 82.0 9.376843755706722E-4
16.0 84.0 0.016167746287686847
16.0 86.0 0.046928752102781635
16.0 88.0 0.07564236671782298
16.0 90.0 0.10706944482228575
16.0 92.0 0.1386183233429719
16.0 94.0 0.16316036699290934
16.0 96.0 0.17885316082314637
16.0 98.0 0.17259451873434403
16.0 100.0 0.17093499732144327
16.0 102.0 0.16104461374943552
16.0 104.0 0.18507634682802876
16.0 106.0 0.0
16.0 108.0 0.0
16.0 110.0 0.0
16.0 112.0 0.0
16.0 114.0 0.0
16.0 116.0 0.0
16.0 118.0 0.0
16.0 120.0 0.0
16.0 122.0 0.0
16.0 124.0 0.0
16.0 126.0 0.0
18.0 0.0 0.0
18.0 2.0 0.0
18.0 4.0 0.0
18.0 6.0 0.0
18.0 8.0 0.0
18.0 10.0 0.0
18.0 12.0 0.0
18.0 14.0 0.0
18.0 16.0 0.0
18.0 18.0 0.0
18.0 20.0 0.035921782537703166
18.0 22.0 0.0
18.0 24.0 0.0
18.0 26.0 0.0
18.0 28.0 0.0
18.0 30.0 0.0
18.0 32.0 0.0
18.0 34.0 0.026062588878614967
18.0 36.0 0.13646118071709995
18.0 38.0 0.22790783485054902
18.0 40.0 0.26468501056782234
18.0 42.0 0.3110402405550037
18.0 44.0 0.3586322955044672
18.0 46.0 0.3786140179803324
18.0 48.0 0.37196497250173866
18.0 50.0 0.3607495367277355
18.0 52.0 0.27410413546850537
18.0 54.0 0.15208638743508127
18.0 56.0 0.040249935705050456
18.0 58.0 0.0
18.0 60.0 0.0
18.0 62.0 0.0
18.0 64.0 0.0
18.0 66.0 0.0
18.0 68.0 0.0
18.0 70.0 0.0
18.0 72.0 0.0
18.0 74.0 0.0
18.0 76.0 0.0
18.0 78.0 0.0
18.0 80.0 0.0063497609663533865
18.0 82.0 0.017543109360387332
18.0 84.0 0.02795402527623425
18.0 86.0 0.06191310896249233
18.0 88.0 0.11684620363960195
18.0 90.0 0.1512745602459561
18.0 92.0 0.18052675388700337
18.0 94.0 0.19975475566424672
18.0 96.0 0.18858914484669512
18.0 98.0 0.1615766266826515
18.0 100.0 0.1384218652092056
18.0 102.0 0.10981028532627922
18.0 104.0 0.10360995850540446
18.0 106.0 0.10670702210226886
18.0 108.0 0.0
18.0 110.0 0.0
18.0 112.0 0.0
18.0 114.0 0.0
18.0 116.0 0.0
18.0 118.0 0.0
18.0 120.0 0.0
18.0 122.0 0.0
18.0 124.0 0.0
18.0 126.0 0.0
20.0 0.0 0.0
20.0 2.0 0.0
20.0 4.0 0.0
20.0 6.0 0.0
20.0 8.0 0.0
20.0 10.0 0.0
20.0 12.0 0.0
20.0 14.0 0.0
20.0 16.0 0.0
20.0 18.0 0.007502005631523236
20.0 20.0 0.0
20.0 22.0 0.0
20.0 24.0 0.0
20.0 26.0 0.0
20.0 28.0 0.0
20.0 30.0 0.0
20.0 32.0 0.0
20.0 34.0 0.02098726692446513
20.0 36.0 0.10643675831803358
20.0 38.0 0.1959689960701507
20.0 40.0 0.22066286684846262
20.0 42.0 0.2528884428083591
20.0 44.0 0.2885833372436748
20.0 46.0 0.30454007525678944
20.0 48.0 0.31062232528786243
20.0 50.0 0.26705520887266593
20.0 52.0 0.20197054670957856
20.0 54.0 0.12737966435467488
20.0 56.0 0.028907808536350905
20.0 58.0 0.0
20.0 60.0 0.0
20.0 62.0 0.0
20.0 64.0 0.0
20.0 66.0 0.0
20.0 68.0 0.0
20.0 70.0 0.0
20.0 72.0 0.0
20.0 74.0 0.0
20.0 76.0 0.004449759612881382
20.0 78.0 0.02183234665669571
20.0 80.0 0.03965686988066449
20.0 82.0 0.06560339142728842
20.0 84.0 0.09076477441215068
20.0 86.0 0.11810597919696629
20.0 88.0 0.1854248157806088
20.0 90.0 0.22636934652141905
20.0 92.0 0.24617903541302788
20.0 94.0 0.2470235445273055
20.0 96.0 0.20588131560211642
20.0 98.0 0.15059799012747407
20.0 100.0 0.09749526424335993
20.0 102.0 0.04505913708479293
20.0 104.0 0.014380425957452474
20.0 106.0 0.012576469687441695
20.0 108.0 0.0
20.0 110.0 0.0
20.0 112.0 0.0
20.0 114.0 0.0
20.0 116.0 0.0
20.0 118.0 0.0
20.0 120.0 0.0
20.0 122.0 0.0
20.0 124.0 0.0
20.0 126.0 0.0
22.0 0.0 0.0
22.0 2.0 0.0
22.0 4.0 0.0
22.0 6.0 0.0
22.0 8.0 0.0
22.0 10.0 0.0
22.0 12.0 0.0
22.0 14.0 0.0
22.0 16.0 0.0
22.0 18.0 0.0
22.0 20.0 0.0
22.0 22.0 0.0
22.0 24.0 0.0
22.0 26.0 0.0
22.0 28.0 0.0
22.0 30.0 0.0
22.0 32.0 0.0
22.0 34.0 0.0077370995850273875
22.0 36.0 0.060933179633472646
22.0 38.0 0.13577343357221838
22.0 40.0 0.1961316857285901
22.0 42.0 0.22293209277707463
22.0 44.0 0.23490111432651903
22.0 46.0 0.23491030151292716
22.0 48.0 0.21993174536218105
22.0 50.0 0.18805515993714075
22.0 52.0 0.1192193888790173
22.0 54.0 0.09513207914526094
22.0 56.0 0.013757887262587594
22.0 58.0 0.0
22.0 60.0 0.0
22.0 62.0 0.0
22.0 64.0 0.0
22.0 66.0 0.0
22.0 68.0 0.0
22.0 70.0 0.0
22.0 72.0 0.0
22.0 74.0 0.0020412179259732097
22.0 76.0 0.022338661550983966
22.0 78.0 0.07181217491609794
22.0 80.0 0.11818517125084527
22.0 82.0 0.15192595484875968
22.0 84.0 0.17781701636009772
22.0 86.0 0.19992132446401836
22.0 88.0 0.2638758255609146
22.0 90.0 0.31728458622214756
22.0 92.0 0.326899375845851
22.0 94.0 0.28623202787362695
22.0 96.0 0.21373723898122562
22.0 98.0 0.12498718354343859
22.0 100.0 0.04406537819880791
22.0 102.0 5.233091926491499E-4
22.0 104.0 0.0
22.0 106.0 0.0
22.0 108.0 0.0
22.0 110.0 0.0
22.0 112.0 0.0
22.0 114.0 0.0
22.0 116.0 0.0
22.0 118.0 0.0
22.0 120.0 0.0
22.0 122.0 0.0
22.0 124.0 0.0
22.0 126.0 0.0
24.0 0.0 0.0
24.0 2.0 0.0
24.0 4.0 0.0
24.0 6.0 0.0
24.0 8.0 0.0
24.0 10.0 0.0
24.0 12.0 0.0
24.0 14.0 0.0
24.0 16.0 0.0
24.0 18.0 0.0
24.0 20.0 0.0
24.0 22.0 0.0
24.0 24.0 0.0
24.0 26.0 0.0
24.0 28.0 0.0
24.0 30.0 0.0
24.0 32.0 0.0
24.0 34.0 0.0
24.0 36.0 0.013814453426531538
24.0 38.0 0.06376563550171327
24.0 40.0 0.10319559701871835
24.0 42.0 0.13425205958328496
24.0 44.0 0.15728460099202218
24.0 46.0 0.15996735646853028
24.0 48.0 0.14125955588789138
24.0 50.0 0.09635678211251407
24.0 52.0 0.049647737733366
24.0 54.0 0.046565378245147025
24.0 56.0 0.005958125033452604
24.0 58.0 0.0
24.0 60.0 0.0
24.0 62.0 0.0
24.0 64.0 0.0
24.0 66.0 0.0
24.0 68.0 0.0
24.0 70.0 0.0
24.0 72.0 0.0
24.0 74.0 0.014275158679252331
24.0 76.0 0.06949524108150126
24.0 78.0 0.15257790434274662
24.0 80.0 0.19984765723726827
24.0 82.0 0.23559121939592154
24.0 84.0 0.26284253998996926
24.0 86.0 0.2838922808738068
24.0 88.0 0.3052617517405541
24.0 90.0 0.3635222668710882
24.0 92.0 0.36889153361175625
24.0 94.0 0.3113874246240334
24.0 96.0 0.20661096173253038
24.0 98.0 0.08665991244702008
24.0 100.0 0.008235867798068716
24.0 102.0 0.0
24.0 104.0 0.0
24.0 106.0 0.0
24.0 108.0 0.0
24.0 110.0 0.0
24.0 112.0 0.0
24.0 114.0 0.0
24.0 116.0 0.0
24.0 118.0 0.0
24.0 120.0 0.0
24.0 122.0 0.0
24.0 124.0 0.0
24.0 126.0 0.0
26.0 0.0 0.0
26.0 2.0 0.0
26.0 4.0 0.0
26.0 6.0 0.0
26.0 8.0 0.0
26.0 10.0 0.0
26.0 12.0 0.0
26.0 14.0 0.0
26.0 16.0 0.0
26.0 18.0 0.0
26.0 20.0 0.0
26.0 22.0 0.0
26.0 24.0 0.0
26.0 26.0 0.0
26.0 28.0 0.0
26.0 30.0 0.0
26.0 32.0 0.0
26.0 34.0 0.0
26.0 36.0 0.0
26.0 38.0 0.0024653748711071575
26.0 40.0 0.01925441836489089
26.0 42.0 0.041761275127302266
26.0 44.0 0.06027661109912563
26.0 46.0 0.0684938483575968
26.0 48.0 0.06553159676250142
26.0 50.0 0.01658174702421662
26.0 52.0 0.007752300785435984
26.0 54.0 0.01275960697618203
26.0 56.0 0.00706433084391063
26.0 58.0 0.0010880067177259473
26.0 60.0 0.0
26.0 62.0 0.0
26.0 64.0 0.0
26.0 66.0 0.0
26.0 68.0 0.0018374738990373759
26.0 70.0 0.011295756065661612
26.0 72.0 0.020762771354345507
26.0 74.0 0.07898018568722286
26.0 76.0 0.1840384057467961
26.0 78.0 0.2509270825763226
26.0 80.0 0.27772217624023304
26.0 82.0 0.2890326813099691
26.0 84.0 0.3012231194377045
26.0 86.0 0.31802779098287537
26.0 88.0 0.36208694581252926
26.0 90.0 0.41834899647101637
26.0 92.0 0.39308685091330475
26.0 94.0 0.3134561402700053
26.0 96.0 0.17499338761560637
26.0 98.0 0.04398226199005709
26.0 100.0 0.0
26.0 102.0 0.0
26.0 104.0 0.0
26.0 106.0 0.0
26.0 108.0 0.0
26.0 110.0 0.0
26.0 112.0 0.0
26.0 114.0 0.0
26.0 116.0 0.0
26.0 118.0 0.0
26.0 120.0 0.0
26.0 122.0 0.0
26.0 124.0 0.0
26.0 126.0 0.0
28.0 0.0 0.0
28.0 2.0 0.0
28.0 4.0 0.0
28.0 6.0 0.0
28.0 8.0 0.0
28.0 10.0 0.0
28.0 12.0 0.0
28.0 14.0 0.0
28.0 16.0 0.0
28.0 18.0 0.0
28.0 20.0 0.0
28.0 22.0 0.0
28.0 24.0 0.0
28.0 26.0 0.0
28.0 28.0 0.0
28.0 30.0 0.0
28.0 32.0 0.0
28.0 34.0 0.0
28.0 36.0 0.0
28.0 38.0 0.0
28.0 40.0 0.0
28.0 42.0 0.0
28.0 44.0 0.0017292065213867199
28.0 46.0 0.003930007030913424
28.0 48.0 0.006412446293244489
28.0 50.0 0.0023948024396314685
28.0 52.0 0.0
28.0 54.0 0.002485608438479886
28.0 56.0 0.00863468815625999
28.0 58.0 0.0025463553173035052
28.0 60.0 0.0
28.0 62.0 0.0
28.0 64.0 0.0
28.0 66.0 0.006357347121027326
28.0 68.0 0.027012077699335776
28.0 70.0 0.06995952724065095
28.0 72.0 0.1282854906498899
28.0 74.0 0.20279338454135587
28.0 76.0 0.3188927013661085
28.0 78.0 0.3700786170456813
28.0 80.0 0.36444506550137973
28.0 82.0 0.354206421898648
28.0 84.0 0.35674445024503876
28.0 86.0 0.363868788523722
28.0 88.0 0.38102857859618516
28.0 90.0 0.4355928159062377
28.0 92.0 0.3853520830105042
28.0 94.0 0.29252153777306084
28.0 96.0 0.14564214046881171
28.0 98.0 0.01737251321864827
28.0 100.0 0.0
28.0 102.0 0.0
28.0 104.0 0.0
28.0 106.0 0.0
28.0 108.0 0.0
28.0 110.0 0.0
28.0 112.0 0.0
28.0 114.0 0.0
28.0 116.0 0.0
28.0 118.0 0.0
28.0 120.0 0.0
28.0 122.0 0.0
28.0 124.0 0.0
28.0 126.0 0.0
30.0 0.0 0.0
30.0 2.0 0.0
30.0 4.0 0.0
30.0 6.0 0.0
30.0 8.0 0.0
30.0 10.0 0.0
30.0 12.0 0.0
30.0 14.0 0.09578889717331672
30.0 16.0 0.18657715599410707
30.0 18.0 0.19835952496698553
30.0 20.0 0.14077306297734565
30.0 22.0 0.04108800958069356
30.0 24.0 0.0
30.0 26.0 0.0
30.0 28.0 0.0
30.0 30.0 0.0
30.0 32.0 0.0
30.0 34.0 0.0
30.0 36.0 0.0
30.0 38.0 0.0
30.0 40.0 0.0
30.0 42.0 0.0
30.0 44.0 0.0
30.0 46.0 0.0
30.0 48.0 0.0
30.0 50.0 0.0
30.0 52.0 0.0
30.0 54.0 5.283256910585662E-4
30.0 56.0 0.009186814999110018
30.0 58.0 0.009652528334480874
30.0 60.0 0.007264800545025189
30.0 62.0 0.008430831083023395
30.0 64.0 0.014351523846512601
30.0 66.0 0.031647379660940195
30.0 68.0 0.0850118196056079
30.0 70.0 0.12772654945996556
30.0 72.0 0.2018053628521456
30.0 74.0 0.31406073223964687
30.0 76.0 0.39696241677924976
30.0 78.0 0.4539776936965319
30.0 80.0 0.4360619054178718
30.0 82.0 0.42197039558413346
30.0 84.0 0.4051739068751119
30.0 86.0 0.40174948348137
30.0 88.0 0.393398375067096
30.0 90.0 0.425741390767256
30.0 92.0 0.3539024297180055
30.0 94.0 0.24041274501510548
30.0 96.0 0.10769926934143036
30.0 98.0 0.0034799143700515608
30.0 100.0 0.0
30.0 102.0 0.0
30.0 104.0 0.0
30.0 106.0 0.0
30.0 108.0 0.0
30.0 110.0 0.0
30.0 112.0 0.0
30.0 114.0 0.0
30.0 116.0 0.0
30.0 118.0 0.0
30.0 120.0 0.0
30.0 122.0 0.0
30.0 124.0 0.0
30.0 126.0 0.0
32.0 0.0 0.0
32.0 2.0 0.0
32.0 4.0 0.0
32.0 6.0 0.0
32.0 8.0 0.0
32.0 10.0 0.0
32.0 12.0 0.1640265395038483
32.0 14.0 0.2978774822822609
32.0 16.0 0.36497767171266665
32.0 18.0 0.3438530401539854
32.0 20.0 0.25456504063529334
32.0 22.0 0.11901877911171466
32.0 24.0 0.0026495910955155054
32.0 26.0 0.0
32.0 28.0 0.0
32.0 30.0 0.0
32.0 32.0 0.0
32.0 34.0 0.0
32.0 36.0 0.0
32.0 38.0 0.0
32.0 40.0 0.0
32.0 42.0 0.0
32.0 44.0 0.0
32.0 46.0 0.0
32.0 48.0 0.0
32.0 50.0 0.0
32.0 52.0 0.0
32.0 54.0 4.909773358125195E-4
32.0 56.0 0.008373386020162044
32.0 58.0 0.014098276393659926
32.0 60.0 0.0172191639422498
32.0 62.0 0.026501025573296994
32.0 64.0 0.04410376471089363
32.0 66.0 0.0706315675688825
32.0 68.0 0.12562367137655797
32.0 70.0 0.1808669294670228
32.0 72.0 0.23533970921322064
32.0 74.0 0.3101741609482361
32.0 76.0 0.3899254363457792
32.0 78.0 0.452387474196777
32.0 80.0 0.4863521990795461
32.0 82.0 0.5060654706068385
32.0 84.0 0.4989681897814123
32.0 86.0 0.47845460350144275
32.0 88.0 0.4419994889722645
32.0 90.0 0.3836445746466291
32.0 92.0 0.3000931594201533
32.0 94.0 0.1838499652355233
32.0 96.0 0.06576016084622226
32.0 98.0 0.0
32.0 100.0 0.0
32.0 102.0 0.0
32.0 104.0 0.0
32.0 106.0 0.0
32.0 108.0 0.0
32.0 110.0 0.0
32.0 112.0 0.0
32.0 114.0 0.0
32.0 116.0 0.0
32.0 118.0 0.0
32.0 120.0 0.0
32.0 122.0 0.0
32.0 124.0 0.0
32.0 126.0 0.0
34.0 0.0 0.0
34.0 2.0 0.0
34.0 4.0 0.0
34.0 6.0 0.0
34.0 8.0 0.0827295500789993
34.0 10.0 0.3127521845202685
34.0 12.0 0.4156721607933367
34.0 14.0 0.48332213766347026
34.0 16.0 0.49420344373085695
34.0 18.0 0.4396699112779976
34.0 20.0 0.2971677049019022
34.0 22.0 0.14344797667377915
34.0 24.0 0.024895089647760927
34.0 26.0 0.0
34.0 28.0 0.0
34.0 30.0 0.0
34.0 32.0 0.0
34.0 34.0 0.0
34.0 36.0 0.0
34.0 38.0 0.0
34.0 40.0 0.0
34.0 42.0 0.0
34.0 44.0 0.0
34.0 46.0 0.0
34.0 48.0 0.0
34.0 50.0 0.0
34.0 52.0 0.0
34.0 54.0 5.152778630218077E-4
34.0 56.0 0.006384501706192809
34.0 58.0 0.0091465039391885
34.0 60.0 0.013818047222515182
34.0 62.0 0.027755928820214926
34.0 64.0 0.04948247595926383
34.0 66.0 0.09141270831617031
34.0 68.0 0.1444359138570445
34.0 70.0 0.2059811532963369
34.0 72.0 0.26181494616800655
34.0 74.0 0.32386181881951476
34.0 76.0 0.39120678918588586
34.0 78.0 0.44831149142541754
34.0 80.0 0.48369523646145796
34.0 82.0 0.49853831456585723
34.0 84.0 0.49396050496605803
34.0 86.0 0.4681368072551066
34.0 88.0 0.41914809195895025
34.0 90.0 0.3455492308537477
34.0 92.0 0.24593822467938384
34.0 94.0 0.12616271280160088
34.0 96.0 0.01928250547334895
34.0 98.0 0.0
34.0 100.0 0.0
34.0 102.0 0.0
34.0 104.0 0.0
34.0 106.0 0.0
34.0 108.0 0.0
34.0 110.0 0.0
34.0 112.0 0.0
34.0 114.0 0.0
34.0 116.0 0.0
34.0 118.0 0.0
34.0 120.0 0.0
34.0 122.0 0.0
34.0 124.0 0.0
34.0 126.0 0.0
36.0 0.0 0.0
36.0 2.0 0.0
36.0 4.0 0.0
36.0 6.0 0.0
36.0 8.0 0.22752494297129042
36.0 10.0 0.42053965984418745
36.0 12.0 0.4958014428844246
36.0 14.0 0.5406037075999939
36.0 16.0 0.5360429083875334
36.0 18.0 0.47885110698419187
36.0 20.0 0.3214999029372518
36.0 22.0 0.1642876585667184
36.0 24.0 0.0386303478527028
36.0 26.0 0.0
36.0 28.0 0.0
36.0 30.0 0.0
36.0 32.0 0.0
36.0 34.0 0.0
36.0 36.0 0.0
36.0 38.0 0.0
36.0 40.0 0.0
36.0 42.0 0.0
36.0 44.0 0.0
36.0 46.0 0.0
36.0 48.0 0.0
36.0 50.0 0.0
36.0 52.0 0.0
36.0 54.0 0.0035726936933340304
36.0 56.0 0.005920185231300028
36.0 58.0 0.003090784793575314
36.0 60.0 0.0019624462302217506
36.0 62.0 0.006462233213237429
36.0 64.0 0.016434900936038672
36.0 66.0 0.04194208080839743
36.0 68.0 0.10237892862114523
36.0 70.0 0.1848560328681396
36.0 72.0 0.2578560406389329
36.0 74.0 0.3250193432748972
36.0 76.0 0.38685342513302784
36.0 78.0 0.441787605434222
36.0 80.0 0.47810108576310145
36.0 82.0 0.4897855201616949
36.0 84.0 0.48076965734705895
36.0 86.0 0.45701447645410415
36.0 88.0 0.4202796728928126
36.0 90.0 0.31745956997755564
36.0 92.0 0.18398437360932995
36.0 94.0 0.060823717446754993
36.0 96.0 0.0
36.0 98.0 0.0
36.0 100.0 0.0
36.0 102.0 0.0
36.0 104.0 0.0
36.0 106.0 0.0
36.0 108.0 0.0
36.0 110.0 0.0
36.0 112.0 0.0
36.0 114.0 0.0
36.0 116.0 0.0
36.0 118.0 0.0
36.0 120.0 0.0
36.0 122.0 0.0
36.0 124.0 0.0
36.0 126.0 0.0
38.0 0.0 0.0
38.0 2.0 0.0
38.0 4.0 0.0
38.0 6.0 0.2983828427788517
38.0 8.0 0.4170044922673437
38.0 10.0 0.46400799204258325
38.0 12.0 0.5287824896836409
38.0 14.0 0.5527152184570371
38.0 16.0 0.5417628364404107
38.0 18.0 0.46806138935189595
38.0 20.0 0.3073218427102882
38.0 22.0 0.15352779281247228
38.0 24.0 0.030785931760283148
38.0 26.0 0.0
38.0 28.0 0.0
38.0 30.0 0.0
38.0 32.0 0.0
38.0 34.0 0.0
38.0 36.0 0.0
38.0 38.0 0.0
38.0 40.0 0.0
38.0 42.0 0.0
38.0 44.0 0.0
38.0 46.0 0.0
38.0 48.0 0.0
38.0 50.0 0.00236855141276566
38.0 52.0 0.0010350859658677
38.0 54.0 8.651377956384221E-4
38.0 56.0 1.0162515645656301E-4
38.0 58.0 0.0
38.0 60.0 0.0
38.0 62.0 0.0
38.0 64.0 0.0
38.0 66.0 3.8627529688936574E-4
38.0 68.0 0.018125351327335056
38.0 70.0 0.12197495422049803
38.0 72.0 0.23431480631501156
38.0 74.0 0.314256085671404
38.0 76.0 0.3787357025313382
38.0 78.0 0.4338060519427278
38.0 80.0 0.4705228513418424
38.0 82.0 0.48205575604682216
38.0 84.0 0.48075594918265513
38.0 86.0 0.47340455764771766
38.0 88.0 0.3882478504761216
38.0 90.0 0.26185522546577195
38.0 92.0 0.12309692467571831
38.0 94.0 0.01252599543253684
38.0 96.0 0.0
38.0 98.0 0.0
38.0 100.0 0.0
38.0 102.0 0.0
38.0 104.0 0.0
38.0 106.0 0.0
38.0 108.0 0.0
38.0 110.0 0.0
38.0 112.0 0.0
38.0 114.0 0.0
38.0 116.0 0.0
38.0 118.0 0.0
38.0 120.0 0.024466585811044512
38.0 122.0 0.0
38.0 124.0 0.0
38.0 126.0 0.0
40.0 0.0 0.0
40.0 2.0 0.0
40.0 4.0 0.0
40.0 6.0 0.35207428593472345
40.0 8.0 0.37559691527439437
40.0 10.0 0.4378753973500866
40.0 12.0 0.5089290529231196
40.0 14.0 0.5366248575426585
40.0 16.0 0.5302556383696679
40.0 18.0 0.4575190000206187
40.0 20.0 0.31980565726190097
40.0 22.0 0.15001490012413912
40.0 24.0 0.02028735441041262
40.0 26.0 0.0
40.0 28.0 0.0
40.0 30.0 0.0
40.0 32.0 0.0
40.0 34.0 0.0
40.0 36.0 0.0
40.0 38.0 0.0
40.0 40.0 0.0
40.0 42.0 0.0
40.0 44.0 0.0
40.0 46.0 0.0
40.0 48.0 4.320011734912212E-4
40.0 50.0 0.005077371655126338
40.0 52.0 0.005135815581370762
40.0 54.0 0.0013525576980763022
40.0 56.0 0.0
40.0 58.0 0.0
40.0 60.0 0.0
40.0 62.0 0.0
40.0 64.0 0.0
40.0 66.0 0.0
40.0 68.0 0.0
40.0 70.0 0.041714925528666354
40.0 72.0 0.18632311572819407
40.0 74.0 0.2855485406729274
40.0 76.0 0.3628380877610022
40.0 78.0 0.4204758637090142
40.0 80.0 0.4581676933529473
40.0 82.0 0.46992115144885843
40.0 84.0 0.47464570656046307
40.0 86.0 0.4625548871248642
40.0 88.0 0.36008028791545854
40.0 90.0 0.2053793374580256
40.0 92.0 0.06507203768711926
40.0 94.0 0.0
40.0 96.0 0.0
40.0 98.0 0.0
40.0 100.0 0.0
40.0 102.0 0.0
40.0 104.0 0.0
40.0 106.0 0.0
40.0 108.0 0.0
40.0 110.0 0.0
40.0 112.0 0.0
40.0 114.0 0.0
40.0 116.0 0.0
40.0 118.0 0.017576307583108228
40.0 120.0 0.09115297407695151
40.0 122.0 0.1999067273085593
40.0 124.0 0.0
40.0 126.0 0.0
42.0 0.0 0.0
42.0 2.0 0.0
42.0 4.0 0.2761827013729124
42.0 6.0 0.20838909988883195
42.0 8.0 0.27610197684063004
42.0 10.0 0.3776253110685383
42.0 12.0 0.45295995753910717
42.0 14.0 0.557736510902833
42.0 16.0 0.5293708219439582
42.0 18.0 0.426002989012034
42.0 20.0 0.25911544223099714
42.0 22.0 0.12206263764914436
42.0 24.0 0.02168285571580103
42.0 26.0 0.0
42.0 28.0 0.0
42.0 30.0 0.0
42.0 32.0 0.0
42.0 34.0 0.0
42.0 36.0 0.0
42.0 38.0 0.0
42.0 40.0 0.0
42.0 42.0 0.0
42.0 44.0 0.0
42.0 46.0 1.1802553039396776E-5
42.0 48.0 0.006858032632804827
42.0 50.0 0.018392844331488262
42.0 52.0 0.01027291390923426
42.0 54.0 0.0015342963312903375
42.0 56.0 0.0
42.0 58.0 0.0
42.0 60.0 0.0
42.0 62.0 0.0
42.0 64.0 0.0
42.0 66.0 0.0
42.0 68.0 0.0
42.0 70.0 0.01559874977661485
42.0 72.0 0.12253163898232099
42.0 74.0 0.23748916376853635
42.0 76.0 0.3233309466777486
42.0 78.0 0.38670668093236277
42.0 80.0 0.42642897236414257
42.0 82.0 0.4518885689703023
42.0 84.0 0.47868475558491824
42.0 86.0 0.4389182887255936
42.0 88.0 0.33235478088773807
42.0 90.0 0.1561173452892126
42.0 92.0 0.017504564627406217
42.0 94.0 0.0
42.0 96.0 0.0
42.0 98.0 0.0
42.0 100.0 0.0
42.0 102.0 0.0
42.0 104.0 0.0
42.0 106.0 0.0
42.0 108.0 0.0
42.0 110.0 0.0
42.0 112.0 0.0
42.0 114.0 0.0
42.0 116.0 0.0069184251255522
42.0 118.0 0.05188424533365957
42.0 120.0 0.15700105556147478
42.0 122.0 0.23426011778117675
42.0 124.0 0.0
42.0 126.0 0.0
44.0 0.0 0.0
44.0 2.0 0.0
44.0 4.0 0.21619694981874807
44.0 6.0 0.16017370768517183
44.0 8.0 0.22577142347695434
44.0 10.0 0.32487951500324325
44.0 12.0 0.4494805735106191
44.0 14.0 0.5322709703688155
44.0 16.0 0.4757535980105639
44.0 18.0 0.33721244914718085
44.0 20.0 0.20832959666758477
44.0 22.0 0.08814571775100012
44.0 24.0 0.0273041594277008
44.0 26.0 0.0010433396588969393
44.0 28.0 0.0
44.0 30.0 0.0
44.0 32.0 0.0
44.0 34.0 0.0
44.0 36.0 0.0
44.0 38.0 0.0
44.0 40.0 0.0
44.0 42.0 0.0
44.0 44.0 0.0
44.0 46.0 0.012243981784034021
44.0 48.0 0.04683398599397296
44.0 50.0 0.05585481407777202
44.0 52.0 0.030959252161218403
44.0 54.0 0.0015689471374995153
44.0 56.0 0.0
44.0 58.0 0.0
44.0 60.0 0.0
44.0 62.0 0.0
44.0 64.0 0.0
44.0 66.0 0.0
44.0 68.0 0.0
44.0 70.0 0.002187748088049604
44.0 72.0 0.052910072267990015
44.0 74.0 0.17700761567089016
44.0 76.0 0.2682280233043795
44.0 78.0 0.3493287601360397
44.0 80.0 0.4082392178223683
44.0 82.0 0.42849649781239935
44.0 84.0 0.43028325524433425
44.0 86.0 0.4052120007980768
44.0 88.0 0.28853995758581075
44.0 90.0 0.10267376259359286
44.0 92.0 0.0
44.0 94.0 0.0
44.0 96.0 0.0
44.0 98.0 0.0
44.0 100.0 0.0
44.0 102.0 0.0
44.0 104.0 0.0
44.0 106.0 0.0
44.0 108.0 0.0
44.0 110.0 0.0
44.0 112.0 0.0
44.0 114.0 0.002225693037620958
44.0 116.0 0.025465492629425938
44.0 118.0 0.10011641060030683
44.0 120.0 0.1899844485719694
44.0 122.0 0.2509712264588086
44.0 124.0 0.0
44.0 126.0 0.0
46.0 0.0 0.0
46.0 2.0 0.0
46.0 4.0 0.16324473926667796
46.0 6.0 0.12619352412400833
46.0 8.0 0.18276976338421969
46.0 10.0 0.27807621282904255
46.0 12.0 0.4039464386986165
46.0 14.0 0.4326432171366943
46.0 16.0 0.34945747887945333
46.0 18.0 0.2241729627556199
46.0 20.0 0.13367519069966685
46.0 22.0 0.04914166737092591
46.0 24.0 0.028453564576952268
46.0 26.0 0.009967985199601896
46.0 28.0 0.0
46.0 30.0 0.0
46.0 32.0 0.0
46.0 34.0 0.0
46.0 36.0 0.0
46.0 38.0 0.0
46.0 40.0 0.0
46.0 42.0 0.0
46.0 44.0 0.015899544365847135
46.0 46.0 0.08238492316614392
46.0 48.0 0.10998801743087651
46.0 50.0 0.10156415678180143
46.0 52.0 0.06062168594852659
46.0 54.0 0.0010652663409511929
46.0 56.0 0.0
46.0 58.0 0.0
46.0 60.0 0.0
46.0 62.0 0.0
46.0 64.0 0.0
46.0 66.0 0.0
46.0 68.0 0.0
46.0 70.0 0.0
46.0 72.0 0.016321483970437558
46.0 74.0 0.10498070359018796
46.0 76.0 0.20067241234069197
46.0 78.0 0.28041135030202163
46.0 80.0 0.339639624962402
46.0 82.0 0.36478029305989906
46.0 84.0 0.38051894639951783
46.0 86.0 0.35991296905607345
46.0 88.0 0.23342578479847811
46.0 90.0 0.05767873407928867
46.0 92.0 0.0
46.0 94.0 0.0
46.0 96.0 0.0
46.0 98.0 0.0
46.0 100.0 0.0
46.0 102.0 0.0
46.0 104.0 0.0
46.0 106.0 0.0
46.0 108.0 0.0
46.0 110.0 0.0
46.0 112.0 0.0
46.0 114.0 0.01079736488286235
46.0 116.0 0.0477023604190435
46.0 118.0 0.12477503493073898
46.0 120.0 0.19635340461727066
46.0 122.0 0.2434226841920906
46.0 124.0 0.27059270557335063
46.0 126.0 0.0
48.0 0.0 0.0
48.0 2.0 0.09074403941558722
48.0 4.0 0.0571636881651142
48.0 6.0 0.07315659592258243
48.0 8.0 0.1250585180886945
48.0 10.0 0.21088398012844514
48.0 12.0 0.23383257371877972
48.0 14.0 0.22671881034845687
48.0 16.0 0.18495739260584865
48.0 18.0 0.1269638399209214
48.0 20.0 0.06792229233077468
48.0 22.0 0.01676136188031673
48.0 24.0 0.026368002289819666
48.0 26.0 0.020981077427732985
48.0 28.0 0.0
48.0 30.0 0.0
48.0 32.0 0.0
48.0 34.0 0.0
48.0 36.0 0.0
48.0 38.0 0.0
48.0 40.0 0.0
48.0 42.0 0.010189676834909428
48.0 44.0 0.10884768312820363
48.0 46.0 0.1631826525526988
48.0 48.0 0.17570973761251862
48.0 50.0 0.16460835474814592
48.0 52.0 0.09809876079618852
48.0 54.0 0.0010789190017870289
48.0 56.0 0.0
48.0 58.0 0.0
48.0 60.0 0.0
48.0 62.0 0.0
48.0 64.0 0.0
48.0 66.0 0.0
48.0 68.0 0.0
48.0 70.0 0.0
48.0 72.0 0.0
48.0 74.0 0.025771102041987654
48.0 76.0 0.11863287563268876
48.0 78.0 0.1995204566141778
48.0 80.0 0.2531408063820689
48.0 82.0 0.28630713608066194
48.0 84.0 0.30645228681023506
48.0 86.0 0.28707455252285047
48.0 88.0 0.17971853631498483
48.0 90.0 0.04045658521313732
48.0 92.0 0.0
48.0 94.0 0.0
48.0 96.0 0.0
48.0 98.0 0.0
48.0 100.0 0.0
48.0 102.0 0.0
48.0 104.0 0.0
48.0 106.0 0.0
48.0 108.0 0.0
48.0 110.0 0.0
48.0 112.0 0.0027936623317460045
48.0 114.0 0.018156011201986302
48.0 116.0 0.05600779340025386
48.0 118.0 0.12085012697172058
48.0 120.0 0.17741147155135525
48.0 122.0 0.2093548878114263
48.0 124.0 0.2348295106001388
48.0 126.0 0.0
50.0 0.0 0.0
50.0 2.0 0.08928287429762395
50.0 4.0 0.05168531902712644
50.0 6.0 0.0381995698310137
50.0 8.0 0.06501248736011771
50.0 10.0 0.08448299868296964
50.0 12.0 0.0930068652399884
50.0 14.0 0.13222135253522185
50.0 16.0 0.11920021984731678
50.0 18.0 0.0870870300918024
50.0 20.0 0.058147200357157286
50.0 22.0 0.02910348281490527
50.0 24.0 0.03363111740373456
50.0 26.0 0.038397242125659176
50.0 28.0 0.0017808468183712247
50.0 30.0 0.0
50.0 32.0 0.0
50.0 34.0 0.0
50.0 36.0 0.0
50.0 38.0 0.0
50.0 40.0 0.009367775642280208
50.0 42.0 0.1125855937192099
50.0 44.0 0.20334211080003503
50.0 46.0 0.23861371429880493
50.0 48.0 0.24505862463014336
50.0 50.0 0.24742705783588417
50.0 52.0 0.13095866727933428
50.0 54.0 0.001626212340113289
50.0 56.0 0.0
50.0 58.0 0.0
50.0 60.0 0.0
50.0 62.0 0.0
50.0 64.0 0.0
50.0 66.0 0.0
50.0 68.0 0.0
50.0 70.0 0.0
50.0 72.0 0.0
50.0 74.0 0.004455995955868153
50.0 76.0 0.05269902987626856
50.0 78.0 0.12416835634364802
50.0 80.0 0.17243277112861102
50.0 82.0 0.2054405134340924
50.0 84.0 0.22539941549276862
50.0 86.0 0.21198313104981262
50.0 88.0 0.1314902973699405
50.0 90.0 0.017750520135722377
50.0 92.0 0.0
50.0 94.0 0.0
50.0 96.0 0.0
50.0 98.0 0.0
50.0 100.0 0.0
50.0 102.0 0.0
50.0 104.0 0.0
50.0 106.0 0.0
50.0 108.0 0.0
50.0 110.0 0.0
50.0 112.0 0.007775096551830305
50.0 114.0 0.02370562719300637
50.0 116.0 0.05037286096255936
50.0 118.0 0.09406964586773081
50.0 120.0 0.13220525383386475
50.0 122.0 0.15104986098827056
50.0 124.0 0.17399312510000553
50.0 126.0 0.0
52.0 0.0 0.0
52.0 2.0 0.08878863115576463
52.0 4.0 0.03452781835728318
52.0 6.0 0.009465016181249694
52.0 8.0 0.007704313504996966
52.0 10.0 0.01394050019940031
52.0 12.0 0.028580991773931395
52.0 14.0 0.0752469476851972
52.0 16.0 0.08050125889951924
52.0 18.0 0.0691721597838808
52.0 20.0 0.06217309940909658
52.0 22.0 0.04676088451709113
52.0 24.0 0.04378099018405781
52.0 26.0 0.05969102950061059
52.0 28.0 0.03575537083057527
52.0 30.0 0.006509763603160819
52.0 32.0 0.0
52.0 34.0 0.0
52.0 36.0 0.0
52.0 38.0 0.057017603585979036
52.0 40.0 0.15333266333837273
52.0 42.0 0.2208821339677333
52.0 44.0 0.2773324016348439
52.0 46.0 0.29911692459044653
52.0 48.0 0.3360597064964544
52.0 50.0 0.30348561439766253
52.0 52.0 0.16253836274605324
52.0 54.0 0.002152263370910941
52.0 56.0 0.0
52.0 58.0 0.0
52.0 60.0 0.0
52.0 62.0 0.0
52.0 64.0 0.0
52.0 66.0 0.0
52.0 68.0 0.0
52.0 70.0 0.0
52.0 72.0 0.0
52.0 74.0 0.0
52.0 76.0 0.010176684492638822
52.0 78.0 0.05020641092590448
52.0 80.0 0.1018999433778965
52.0 82.0 0.13629863914272541
52.0 84.0 0.15924309642616932
52.0 86.0 0.14335427157062677
52.0 88.0 0.0864192537901648
52.0 90.0 0.011089591811926314
52.0 92.0 0.0
52.0 94.0 0.0
52.0 96.0 0.0
52.0 98.0 0.0
52.0 100.0 0.0
52.0 102.0 0.0
52.0 104.0 0.0
52.0 106.0 0.0
52.0 108.0 0.0020351339944476355
52.0 110.0 0.007482203792348534
52.0 112.0 0.014618130986209779
52.0 114.0 0.022487136204891095
52.0 116.0 0.03301692437239005
52.0 118.0 0.047822989631063656
52.0 120.0 0.06511819463504404
52.0 122.0 0.07118090660279913
52.0 124.0 0.0845087091625155
52.0 126.0 0.0
54.0 0.0 0.0
54.0 2.0 0.0599598779620166
54.0 4.0 0.009642615778669573
54.0 6.0 0.0
54.0 8.0 0.0
54.0 10.0 0.0015932425653781403
54.0 12.0 0.012008506261332473
54.0 14.0 0.02880448968137243
54.0 16.0 0.0474470826420307
54.0 18.0 0.05198747147113847
54.0 20.0 0.046108999694867786
54.0 22.0 0.0384128923874378
54.0 24.0 0.04620816052590365
54.0 26.0 0.06831659061826474
54.0 28.0 0.05993407950854681
54.0 30.0 0.04589062138106869
54.0 32.0 0.03160987534768172
54.0 34.0 0.051103273260278186
54.0 36.0 0.10044994155276803
54.0 38.0 0.17690125321698438
54.0 40.0 0.2566912625727475
54.0 42.0 0.29439017393945127
54.0 44.0 0.33321357300313437
54.0 46.0 0.3588037414578215
54.0 48.0 0.4066986057796784
54.0 50.0 0.34903416846239405
54.0 52.0 0.18790871352043703
54.0 54.0 0.0026121320175869927
54.0 56.0 0.0
54.0 58.0 0.0
54.0 60.0 0.0
54.0 62.0 0.0
54.0 64.0 0.0
54.0 66.0 0.0
54.0 68.0 0.0
54.0 70.0 0.0
54.0 72.0 0.0
54.0 74.0 0.0
54.0 76.0 0.0016572650924082746
54.0 78.0 0.015312889622973983
54.0 80.0 0.04665220312291974
54.0 82.0 0.07695843674678197
54.0 84.0 0.09717870169038727
54.0 86.0 0.08860271163565035
54.0 88.0 0.058325147912932855
54.0 90.0 0.01964312429368135
54.0 92.0 0.005246815563734856
54.0 94.0 0.0039935435890471665
54.0 96.0 6.900310953477292E-4
54.0 98.0 2.4714076194610194E-4
54.0 100.0 0.001430486996771339
54.0 102.0 0.006611169900338393
54.0 104.0 0.011292295280809527
54.0 106.0 0.020105910612986628
54.0 108.0 0.03906286585986076
54.0 110.0 0.027426029798068824
54.0 112.0 0.014754523475132772
54.0 114.0 0.006415437173271286
54.0 116.0 0.002082409191773288
54.0 118.0 0.0035640685843244813
54.0 120.0 0.004493564456379885
54.0 122.0 0.004528683221607672
54.0 124.0 2.2556656894573676E-4
54.0 126.0 0.012748273946218898
56.0 0.0 0.0
56.0 2.0 0.0039018296799299616
56.0 4.0 0.0
56.0 6.0 0.0
56.0 8.0 0.0
56.0 10.0 0.0
56.0 12.0 0.0021142194103019435
56.0 14.0 0.01550877533707339
56.0 16.0 0.030801167859896228
56.0 18.0 0.04497161840462463
56.0 20.0 0.030260014992334966
56.0 22.0 0.03098132189059835
56.0 24.0 0.037270546735181785
56.0 26.0 0.055844544056829704
56.0 28.0 0.05846684683627315
56.0 30.0 0.062183608869669595
56.0 32.0 0.07163366561080639
56.0 34.0 0.1079787459519016
56.0 36.0 0.16939613814227594
56.0 38.0 0.2498782629775618
56.0 40.0 0.28676955844954605
56.0 42.0 0.335926498600462
56.0 44.0 0.3711341793881367
56.0 46.0 0.39975480049110007
56.0 48.0 0.4437032212924272
56.0 50.0 0.38013964943211126
56.0 52.0 0.20154052060631722
56.0 54.0 0.007130169366749248
56.0 56.0 0.0
56.0 58.0 0.0
56.0 60.0 0.0
56.0 62.0 0.0
56.0 64.0 0.0
56.0 66.0 0.0
56.0 68.0 0.0
56.0 70.0 0.0
56.0 72.0 0.0
56.0 74.0 0.0
56.0 76.0 0.0
56.0 78.0 0.0026424716251628676
56.0 80.0 0.012650269768299707
56.0 82.0 0.027475225227334445
56.0 84.0 0.04239099326715512
56.0 86.0 0.05522029519030896
56.0 88.0 0.04030061939032579
56.0 90.0 0.030483981499999525
56.0 92.0 0.021882043901100153
56.0 94.0 0.014295274834433146
56.0 96.0 0.016108648407926234
56.0 98.0 0.02526707955889736
56.0 100.0 0.04065506314027643
56.0 102.0 0.06025818702731448
56.0 104.0 0.08301189351573265
56.0 106.0 0.10781072651493136
56.0 108.0 0.08245672394178763
56.0 110.0 0.05683541904482395
56.0 112.0 0.006255750604510901
56.0 114.0 0.0
56.0 116.0 0.0
56.0 118.0 0.0
56.0 120.0 0.0
56.0 122.0 0.0
56.0 124.0 0.0
56.0 126.0 0.0
58.0 0.0 0.0
58.0 2.0 0.0
58.0 4.0 0.0
58.0 6.0 0.0
58.0 8.0 0.0
58.0 10.0 0.0
58.0 12.0 0.0018984723565327675
58.0 14.0 0.017115180456474078
58.0 16.0 0.031583073542833844
58.0 18.0 0.02945338691767607
58.0 20.0 0.021926806243390617
58.0 22.0 0.025039702850729078
58.0 24.0 0.034742758468584566
58.0 26.0 0.04126120812930891
58.0 28.0 0.05007533785060984
58.0 30.0 0.05924983317638952
58.0 32.0 0.0830896716133964
58.0 34.0 0.13299117634048246
58.0 36.0 0.2043545939509428
58.0 38.0 0.2857183842669185
58.0 40.0 0.29964405895055135
58.0 42.0 0.3530709478637213
58.0 44.0 0.38581050458245914
58.0 46.0 0.4275436004756095
58.0 48.0 0.4549041004533609
58.0 50.0 0.38309826467064756
58.0 52.0 0.20149964287066222
58.0 54.0 0.016571624452674974
58.0 56.0 0.0
58.0 58.0 0.0
58.0 60.0 0.0
58.0 62.0 0.0
58.0 64.0 0.0
58.0 66.0 0.0
58.0 68.0 0.0
58.0 70.0 0.0
58.0 72.0 0.0
58.0 74.0 0.0
58.0 76.0 0.0
58.0 78.0 0.0
58.0 80.0 0.0024141911140183156
58.0 82.0 0.014048527648529518
58.0 84.0 0.02781114272070945
58.0 86.0 0.023761637312741796
58.0 88.0 0.023902401283381846
58.0 90.0 0.035998664354174884
58.0 92.0 0.04659239366153526
58.0 94.0 0.06275442123474557
58.0 96.0 0.08184021486729294
58.0 98.0 0.10353742156182906
58.0 100.0 0.12697869564932443
58.0 102.0 0.1422390464423444
58.0 104.0 0.15070848410875515
58.0 106.0 0.17160375760119873
58.0 108.0 0.1260675687206936
58.0 110.0 0.072119128068691
58.0 112.0 0.0020857063403193466
58.0 114.0 0.0
58.0 116.0 0.0
58.0 118.0 0.0
58.0 120.0 0.0
58.0 122.0 0.0
58.0 124.0 0.0
58.0 126.0 0.0
60.0 0.0 0.0
60.0 2.0 0.0
60.0 4.0 0.0
60.0 6.0 0.0
60.0 8.0 0.0
60.0 10.0 0.0
60.0 12.0 0.0011675999031884427
60.0 14.0 0.013691781752172916
60.0 16.0 0.02563405366167042
60.0 18.0 0.023224587356334828
60.0 20.0 0.023371455710254785
60.0 22.0 0.0312835917467767
60.0 24.0 0.03966874078504732
60.0 26.0 0.03996182001506577
60.0 28.0 0.03180500863551409
60.0 30.0 0.03577174409848425
60.0 32.0 0.06753942595581067
60.0 34.0 0.12535251240724166
60.0 36.0 0.20435084437454334
60.0 38.0 0.25189349423301155
60.0 40.0 0.3001677516812499
60.0 42.0 0.3504144917769651
60.0 44.0 0.3819683074083717
60.0 46.0 0.41883856356412913
60.0 48.0 0.44699943978616313
60.0 50.0 0.3633901359963437
60.0 52.0 0.1976748361968851
60.0 54.0 0.025421195298178476
60.0 56.0 0.0
60.0 58.0 0.0
60.0 60.0 0.0
60.0 62.0 0.0
60.0 64.0 0.0
60.0 66.0 0.0
60.0 68.0 0.0
60.0 70.0 0.0
60.0 72.0 0.0
60.0 74.0 0.0
60.0 76.0 0.0
60.0 78.0 0.0
60.0 80.0 0.001566092658725814
60.0 82.0 0.007414919203131279
60.0 84.0 0.01492178520319176
60.0 86.0 0.014295209239602704
60.0 88.0 0.020368628180189304
60.0 90.0 0.039920934895941056
60.0 92.0 0.06955153482731989
60.0 94.0 0.10530409067003682
60.0 96.0 0.1404989279145143
60.0 98.0 0.17594108639572228
60.0 100.0 0.20821882982553194
60.0 102.0 0.22339020753517416
60.0 104.0 0.22217453521787756
60.0 106.0 0.2060796401726762
60.0 108.0 0.18679375296083955
60.0 110.0 0.0626849174175887
60.0 112.0 0.0
60.0 114.0 0.0
60.0 116.0 0.0
60.0 118.0 0.0
60.0 120.0 0.0
60.0 122.0 0.0
60.0 124.0 0.0
60.0 126.0 0.0
62.0 0.0 0.0
62.0 2.0 0.0
62.0 4.0 0.0
62.0 6.0 0.0
62.0 8.0 0.0
62.0 10.0 0.0
62.0 12.0 0.0013447581151263758
62.0 14.0 0.00980736345159748
62.0 16.0 0.017414987129107603
62.0 18.0 0.02008549167432039
62.0 20.0 0.0236906457050676
62.0 22.0 0.03142258556566501
62.0 24.0 0.032568275462615794
62.0 26.0 0.01928792620622441
62.0 28.0 0.012503394706363297
62.0 30.0 0.01496451045733741
62.0 32.0 0.033526645566039015
62.0 34.0 0.08952116752522628
62.0 36.0 0.15237832724852865
62.0 38.0 0.21963293544442497
62.0 40.0 0.28390796327271794
62.0 42.0 0.33628708988693945
62.0 44.0 0.3699343288927945
62.0 46.0 0.3785172826193528
62.0 48.0 0.3621337238274432
62.0 50.0 0.3319032094119269
62.0 52.0 0.18381460675569952
62.0 54.0 0.032434194982352865
62.0 56.0 0.0
62.0 58.0 0.0
62.0 60.0 0.0
62.0 62.0 0.0
62.0 64.0 0.0
62.0 66.0 0.0
62.0 68.0 0.0
62.0 70.0 0.0
62.0 72.0 0.0
62.0 74.0 0.0
62.0 76.0 0.0
62.0 78.0 0.0
62.0 80.0 0.0
62.0 82.0 0.0
62.0 84.0 0.0018823900832459688
62.0 86.0 0.007940194553449558
62.0 88.0 0.021560573724671808
62.0 90.0 0.049642115894450146
62.0 92.0 0.08930721834162368
62.0 94.0 0.13527515038010593
62.0 96.0 0.18680886776983127
62.0 98.0 0.23970481348078654
62.0 100.0 0.2849397860345028
62.0 102.0 0.30810775924847683
62.0 104.0 0.29680063788294797
62.0 106.0 0.2611156499747745
62.0 108.0 0.21619898850980082
62.0 110.0 0.07789795106311713
62.0 112.0 0.0
62.0 114.0 0.0
62.0 116.0 0.0
62.0 118.0 0.0
62.0 120.0 0.0
62.0 122.0 0.0
62.0 124.0 0.0
62.0 126.0 0.0
64.0 0.0 0.0
64.0 2.0 0.0
64.0 4.0 0.0
64.0 6.0 0.0
64.0 8.0 0.0
64.0 10.0 0.0
64.0 12.0 4.923762146314994E-4
64.0 14.0 0.006705346734257461
64.0 16.0 0.012757497693253282
64.0 18.0 0.019018961993964332
64.0 20.0 0.02575332683617272
64.0 22.0 0.02876270273932699
64.0 24.0 0.018510934065036313
64.0 26.0 0.005733650559927737
64.0 28.0 0.0010565944505040428
64.0 30.0 0.0017261732463477834
64.0 32.0 0.008195444843574748
64.0 34.0 0.033003249000148054
64.0 36.0 0.11182055112120143
64.0 38.0 0.17920218717941927
64.0 40.0 0.244142705553532
64.0 42.0 0.2999024896943991
64.0 44.0 0.3374036902963362
64.0 46.0 0.3503308967617405
64.0 48.0 0.3339028981576282
64.0 50.0 0.2820021488510314
64.0 52.0 0.16832478265851705
64.0 54.0 0.03976437806903743
64.0 56.0 0.0
64.0 58.0 0.0
64.0 60.0 0.0
64.0 62.0 0.0
64.0 64.0 0.0
64.0 66.0 0.0
64.0 68.0 0.0
64.0 70.0 0.0
64.0 72.0 0.0
64.0 74.0 0.0
64.0 76.0 0.0
64.0 78.0 0.0
64.0 80.0 0.0
64.0 82.0 0.0
64.0 84.0 5.290178043048535E-4
64.0 86.0 3.0608177304151355E-4
64.0 88.0 0.007931540808507139
64.0 90.0 0.029277443035404055
64.0 92.0 0.08519302311154055
64.0 94.0 0.15208192894010866
64.0 96.0 0.22327100288470744
64.0 98.0 0.2971957120550281
64.0 100.0 0.35594669034607235
64.0 102.0 0.3775946120082363
64.0 104.0 0.36273608934710017
64.0 106.0 0.31478942249483693
64.0 108.0 0.22416942853334174
64.0 110.0 0.09756371838058203
64.0 112.0 0.001140224298735266
64.0 114.0 0.0
64.0 116.0 0.0
64.0 118.0 0.0
64.0 120.0 0.0
64.0 122.0 0.0
64.0 124.0 0.0
64.0 126.0 0.0
66.0 0.0 0.0
66.0 2.0 0.0
66.0 4.0 0.0
66.0 6.0 0.0
66.0 8.0 0.0
66.0 10.0 0.0
66.0 12.0 0.0
66.0 14.0 0.0032887182084012385
66.0 16.0 0.011361963111350029
66.0 18.0 0.021064916249152573
66.0 20.0 0.02661216411241502
66.0 22.0 0.02161867840617689
66.0 24.0 0.008464991298781855
66.0 26.0 0.0011278719545687113
66.0 28.0 0.0
66.0 30.0 0.0
66.0 32.0 0.0
66.0 34.0 0.022983200481581405
66.0 36.0 0.07025857245409829
66.0 38.0 0.12414235777247713
66.0 40.0 0.18200821922537436
66.0 42.0 0.23447304978483385
66.0 44.0 0.2730840510826183
66.0 46.0 0.2916675871487256
66.0 48.0 0.2861065296622441
66.0 50.0 0.244789038046885
66.0 52.0 0.15063750639050197
66.0 54.0 0.04498071862714507
66.0 56.0 0.0
66.0 58.0 0.0
66.0 60.0 0.0
66.0 62.0 0.0
66.0 64.0 0.0
66.0 66.0 0.0
66.0 68.0 0.0
66.0 70.0 0.0
66.0 72.0 0.0
66.0 74.0 0.0
66.0 76.0 0.0
66.0 78.0 0.0
66.0 80.0 0.0
66.0 82.0 0.0
66.0 84.0 0.0
66.0 86.0 0.0
66.0 88.0 0.0020665151631902453
66.0 90.0 0.01750832821557129
66.0 92.0 0.0791828378631301
66.0 94.0 0.16138340340403073
66.0 96.0 0.24409243617384369
66.0 98.0 0.33123101170366587
66.0 100.0 0.41507004161509964
66.0 102.0 0.4426629338668671
66.0 104.0 0.4229186949624311
66.0 106.0 0.3629941653642652
66.0 108.0 0.25624778290748923
66.0 110.0 0.11495258401891649
66.0 112.0 0.0049998941973614965
66.0 114.0 0.0
66.0 116.0 0.0
66.0 118.0 0.0
66.0 120.0 0.0
66.0 122.0 0.0
66.0 124.0 0.0
66.0 126.0 0.0
68.0 0.0 0.0
68.0 2.0 0.0
68.0 4.0 0.0
68.0 6.0 0.0
68.0 8.0 0.0
68.0 10.0 0.0
68.0 12.0 0.0
68.0 14.0 0.0
68.0 16.0 0.004556426774640643
68.0 18.0 0.010511785755206187
68.0 20.0 0.024465943939008028
68.0 22.0 0.02866990861440767
68.0 24.0 0.009073606576343611
68.0 26.0 1.5532635687581848E-4
68.0 28.0 0.0
68.0 30.0 0.0
68.0 32.0 1.0743647711742079E-4
68.0 34.0 0.01183649267425143
68.0 36.0 0.033575428673028714
68.0 38.0 0.07480215333997263
68.0 40.0 0.11641550300068186
68.0 42.0 0.16237887227777772
68.0 44.0 0.20808146941373992
68.0 46.0 0.23506840542309768
68.0 48.0 0.23588847177244787
68.0 50.0 0.2027638530667312
68.0 52.0 0.13809264233550506
68.0 54.0 0.056942531451434485
68.0 56.0 9.46332425971846E-4
68.0 58.0 0.0
68.0 60.0 0.0
68.0 62.0 0.0
68.0 64.0 0.0
68.0 66.0 0.0
68.0 68.0 0.0
68.0 70.0 0.0
68.0 72.0 0.0
68.0 74.0 0.0
68.0 76.0 0.0
68.0 78.0 0.0
68.0 80.0 0.0
68.0 82.0 0.0
68.0 84.0 0.0
68.0 86.0 0.0
68.0 88.0 0.0
68.0 90.0 0.008989290501029154
68.0 92.0 0.06767845868929569
68.0 94.0 0.16071173306259112
68.0 96.0 0.25198517001268006
68.0 98.0 0.3312125073005036
68.0 100.0 0.4459908450050298
68.0 102.0 0.4738217164839875
68.0 104.0 0.45705964008689426
68.0 106.0 0.3966882271038678
68.0 108.0 0.28516292057763454
68.0 110.0 0.13696135388448738
68.0 112.0 0.013995868287391149
68.0 114.0 0.0
68.0 116.0 0.0
68.0 118.0 0.0
68.0 120.0 0.0
68.0 122.0 0.0
68.0 124.0 0.0
68.0 126.0 0.0
70.0 0.0 0.0
70.0 2.0 0.0
70.0 4.0 0.0
70.0 6.0 0.0
70.0 8.0 0.0
70.0 10.0 0.0
70.0 12.0 0.0
70.0 14.0 0.0
70.0 16.0 0.005509651426260494
70.0 18.0 0.02610039352291708
70.0 20.0 0.03477302469300846
70.0 22.0 0.02135196376877096
70.0 24.0 0.004178082385991982
70.0 26.0 0.0
70.0 28.0 0.0
70.0 30.0 0.0
70.0 32.0 0.0
70.0 34.0 0.0
70.0 36.0 0.003192812496052374
70.0 38.0 0.01504545663905416
70.0 40.0 0.03674342662136516
70.0 42.0 0.07677111961712345
70.0 44.0 0.116330522392203
70.0 46.0 0.1520030932541495
70.0 48.0 0.17040107160677773
70.0 50.0 0.16325283970194182
70.0 52.0 0.12904451807699358
70.0 54.0 0.07768881296780185
70.0 56.0 0.025976302313181557
70.0 58.0 0.0
70.0 60.0 0.0
70.0 62.0 0.0
70.0 64.0 0.0
70.0 66.0 0.0
70.0 68.0 0.0
70.0 70.0 0.0
70.0 72.0 0.0
70.0 74.0 0.0
70.0 76.0 0.0
70.0 78.0 0.0
70.0 80.0 0.0
70.0 82.0 0.0
70.0 84.0 0.0
70.0 86.0 0.0
70.0 88.0 0.0
70.0 90.0 5.724494119114626E-4
70.0 92.0 0.04244021754218023
70.0 94.0 0.14938135867589922
70.0 96.0 0.25304447353979087
70.0 98.0 0.3455157474598767
70.0 100.0 0.4324237478306907
70.0 102.0 0.5316306243497694
70.0 104.0 0.5155947931406818
70.0 106.0 0.43621916421364837
70.0 108.0 0.31024454592467393
70.0 110.0 0.1619243520897358
70.0 112.0 0.02694648404312264
70.0 114.0 0.0
70.0 116.0 0.0
70.0 118.0 0.0
70.0 120.0 0.0
70.0 122.0 0.0
70.0 124.0 0.0
70.0 126.0 0.0
72.0 0.0 0.0
72.0 2.0 0.0
72.0 4.0 0.0
72.0 6.0 0.0
72.0 8.0 0.0
72.0 10.0 0.0
72.0 12.0 0.0
72.0 14.0 0.0
72.0 16.0 0.03753943756201964
72.0 18.0 0.06142494946053087
72.0 20.0 0.05320909712978262
72.0 22.0 0.008611952134967632
72.0 24.0 0.0
72.0 26.0 0.0
72.0 28.0 0.0
72.0 30.0 0.0
72.0 32.0 0.0
72.0 34.0 0.0
72.0 36.0 0.0
72.0 38.0 0.0
72.0 40.0 6.162862375048325E-4
72.0 42.0 0.007022211705454755
72.0 44.0 0.026438782459297604
72.0 46.0 0.06919184556311722
72.0 48.0 0.10678790392887182
72.0 50.0 0.1288249331775592
72.0 52.0 0.12084994980891928
72.0 54.0 0.09777518210011914
72.0 56.0 0.07186546978132131
72.0 58.0 0.034177576173765996
72.0 60.0 0.0022327589128509594
72.0 62.0 0.0
72.0 64.0 4.976137145662912E-4
72.0 66.0 0.004219099242988065
72.0 68.0 0.0025979194632291982
72.0 70.0 0.0
72.0 72.0 0.0
72.0 74.0 0.0
72.0 76.0 0.0
72.0 78.0 0.0
72.0 80.0 0.0
72.0 82.0 0.0
72.0 84.0 0.0
72.0 86.0 0.0
72.0 88.0 0.0
72.0 90.0 0.0
72.0 92.0 0.011977464400807136
72.0 94.0 0.12217313316936028
72.0 96.0 0.24354476558928972
72.0 98.0 0.3514212398829298
72.0 100.0 0.4356911689885022
72.0 102.0 0.47868024881527244
72.0 104.0 0.4774942263976629
72.0 106.0 0.4310483149514431
72.0 108.0 0.334221795145947
72.0 110.0 0.18797486839108057
72.0 112.0 0.044893191799808975
72.0 114.0 0.0
72.0 116.0 0.0
72.0 118.0 0.0
72.0 120.0 0.0
72.0 122.0 0.0
72.0 124.0 0.0
72.0 126.0 0.0
74.0 0.0 0.0
74.0 2.0 0.0
74.0 4.0 0.0
74.0 6.0 0.0
74.0 8.0 0.0022292116190082427
74.0 10.0 0.019760901642213464
74.0 12.0 0.0229668965911478
74.0 14.0 0.07185760122943335
74.0 16.0 0.12483217192963858
74.0 18.0 0.11411946568596
74.0 20.0 0.05410618784227297
74.0 22.0 0.007594539335702209
74.0 24.0 0.0
74.0 26.0 0.0
74.0 28.0 0.0
74.0 30.0 0.0
74.0 32.0 0.0
74.0 34.0 0.0
74.0 36.0 0.0
74.0 38.0 0.0
74.0 40.0 0.0
74.0 42.0 0.0
74.0 44.0 0.0
74.0 46.0 0.008728578912696327
74.0 48.0 0.03492593304274527
74.0 50.0 0.07995790340066822
74.0 52.0 0.11248995091438863
74.0 54.0 0.11677834305905692
74.0 56.0 0.11068798602554923
74.0 58.0 0.08855881948516066
74.0 60.0 0.06174884569363597
74.0 62.0 0.03166591467350645
74.0 64.0 0.05278458650309765
74.0 66.0 0.054706433493452035
74.0 68.0 0.03739849561080408
74.0 70.0 0.01172053485482139
74.0 72.0 0.0
74.0 74.0 0.0
74.0 76.0 0.0
74.0 78.0 0.0
74.0 80.0 0.0
74.0 82.0 0.0
74.0 84.0 0.0
74.0 86.0 0.0
74.0 88.0 0.0
74.0 90.0 0.0
74.0 92.0 6.357179437120521E-4
74.0 94.0 0.09148147071496988
74.0 96.0 0.22310224599646478
74.0 98.0 0.3361198507649199
74.0 100.0 0.4211989829958913
74.0 102.0 0.47166048864201665
74.0 104.0 0.4788283155483051
74.0 106.0 0.4398728173258242
74.0 108.0 0.35402937940228035
74.0 110.0 0.2165719267992681
74.0 112.0 0.0683391926882308
74.0 114.0 0.0
74.0 116.0 0.0
74.0 118.0 0.0
74.0 120.0 0.0
74.0 122.0 0.0
74.0 124.0 0.0
74.0 126.0 0.0
76.0 0.0 0.0
76.0 2.0 0.0
76.0 4.0 0.0
76.0 6.0 0.0010272842737886246
76.0 8.0 0.07532313625523775
76.0 10.0 0.16160874703090705
76.0 12.0 0.23661544818375382
76.0 14.0 0.24246652102939248
76.0 16.0 0.22927631171809623
76.0 18.0 0.1743727314463596
76.0 20.0 0.08874074654862801
76.0 22.0 0.02270777059304038
76.0 24.0 0.0
76.0 26.0 0.0
76.0 28.0 0.0
76.0 30.0 0.0
76.0 32.0 0.0
76.0 34.0 0.0
76.0 36.0 0.0
76.0 38.0 0.0
76.0 40.0 0.0
76.0 42.0 0.0
76.0 44.0 0.0
76.0 46.0 0.0
76.0 48.0 0.009657123502440112
76.0 50.0 0.0678812787748261
76.0 52.0 0.11025379979412804
76.0 54.0 0.12902567965879633
76.0 56.0 0.1443596430606221
76.0 58.0 0.14921495153127043
76.0 60.0 0.1424655899294248
76.0 62.0 0.12193248095451314
76.0 64.0 0.11941524979621092
76.0 66.0 0.10605261745858256
76.0 68.0 0.07838191598839016
76.0 70.0 0.03526727145175234
76.0 72.0 5.953873333983318E-4
76.0 74.0 0.0
76.0 76.0 0.0
76.0 78.0 0.0
76.0 80.0 0.0
76.0 82.0 0.0
76.0 84.0 0.0
76.0 86.0 0.0
76.0 88.0 0.0
76.0 90.0 0.0
76.0 92.0 0.0
76.0 94.0 0.06267533922108505
76.0 96.0 0.19603661038733344
76.0 98.0 0.30307783733743704
76.0 100.0 0.3896816776536
76.0 102.0 0.44787350559489
76.0 104.0 0.4666271402314228
76.0 106.0 0.43853505916959984
76.0 108.0 0.3655578396060279
76.0 110.0 0.24176433377691742
76.0 112.0 0.09320680811496541
76.0 114.0 0.0
76.0 116.0 0.0
76.0 118.0 0.0
76.0 120.0 0.0
76.0 122.0 0.0
76.0 124.0 0.0
76.0 126.0 0.0
78.0 0.0 0.0
78.0 2.0 0.0
78.0 4.0 0.0
78.0 6.0 0.0
78.0 8.0 0.13205613191099877
78.0 10.0 0.2882843486632744
78.0 12.0 0.3831942692311823
78.0 14.0 0.3839222818668564
78.0 16.0 0.32472399058754314
78.0 18.0 0.2426439717340394
78.0 20.0 0.1299857783906752
78.0 22.0 0.04141315467157335
78.0 24.0 0.0
78.0 26.0 0.0
78.0 28.0 0.0
78.0 30.0 0.0
78.0 32.0 0.0
78.0 34.0 0.0
78.0 36.0 0.0
78.0 38.0 0.0
78.0 40.0 0.0
78.0 42.0 0.0
78.0 44.0 0.0
78.0 46.0 0.0
78.0 48.0 0.008714633196703203
78.0 50.0 0.04792049132729551
78.0 52.0 0.09532786894211003
78.0 54.0 0.14095599389304683
78.0 56.0 0.1815218934269267
78.0 58.0 0.2094795634789031
78.0 60.0 0.22039768853811356
78.0 62.0 0.19065051514738027
78.0 64.0 0.179778147250547
78.0 66.0 0.15978221599310222
78.0 68.0 0.1220784402205269
78.0 70.0 0.06523163603700147
78.0 72.0 0.014505469213525628
78.0 74.0 0.0
78.0 76.0 0.0
78.0 78.0 0.0
78.0 80.0 0.0
78.0 82.0 0.0
78.0 84.0 0.0
78.0 86.0 0.0
78.0 88.0 0.0
78.0 90.0 0.0
78.0 92.0 0.0
78.0 94.0 0.020581659595369128
78.0 96.0 0.1429500479622722
78.0 98.0 0.2637635600637644
78.0 100.0 0.3588159356198042
78.0 102.0 0.4244780951970424
78.0 104.0 0.45444497216718766
78.0 106.0 0.43562481360457683
78.0 108.0 0.37196621590294154
78.0 110.0 0.26221045133396176
78.0 112.0 0.11548407771468507
78.0 114.0 0.00469435153038401
78.0 116.0 0.0
78.0 118.0 0.0
78.0 120.0 0.0
78.0 122.0 0.0
78.0 124.0 0.0
78.0 126.0 0.0
80.0 0.0 0.0
80.0 2.0 0.0
80.0 4.0 0.0
80.0 6.0 0.0
80.0 8.0 0.22083300335569137
80.0 10.0 0.4081518556586234
80.0 12.0 0.4927975041650579
80.0 14.0 0.48474692137526715
80.0 16.0 0.42175698304912657
80.0 18.0 0.3171415786717023
80.0 20.0 0.17668586412420006
80.0 22.0 0.06250638295907313
80.0 24.0 0.0
80.0 26.0 0.0
80.0 28.0 0.0
80.0 30.0 0.0
80.0 32.0 0.0
80.0 34.0 0.0
80.0 36.0 0.0
80.0 38.0 0.0
80.0 40.0 0.0
80.0 42.0 0.0
80.0 44.0 0.0
80.0 46.0 0.0
80.0 48.0 0.008959426742806706
80.0 50.0 0.03237700878544852
80.0 52.0 0.07886821808520678
80.0 54.0 0.14461233176988472
80.0 56.0 0.20855133936830497
80.0 58.0 0.25747883698879065
80.0 60.0 0.26939985151505025
80.0 62.0 0.23943813632981428
80.0 64.0 0.2282636409424568
80.0 66.0 0.20551483414510527
80.0 68.0 0.16470633049500524
80.0 70.0 0.10879911516134261
80.0 72.0 0.039504403315181104
80.0 74.0 0.0
80.0 76.0 0.0
80.0 78.0 0.0
80.0 80.0 0.0
80.0 82.0 0.0
80.0 84.0 0.0
80.0 86.0 0.0
80.0 88.0 0.0
80.0 90.0 0.0
80.0 92.0 0.0
80.0 94.0 0.0
80.0 96.0 0.0728229697175198
80.0 98.0 0.20580181370178838
80.0 100.0 0.31270383480959035
80.0 102.0 0.38822995650131314
80.0 104.0 0.4299554705333842
80.0 106.0 0.4267317065108694
80.0 108.0 0.37102082180649104
80.0 110.0 0.2867022502107757
80.0 112.0 0.15354196550803997
80.0 114.0 0.013223976427879584
80.0 116.0 0.0
80.0 118.0 0.0
80.0 120.0 0.0
80.0 122.0 0.0
80.0 124.0 0.0
80.0 126.0 0.0
82.0 0.0 0.0
82.0 2.0 0.0
82.0 4.0 0.0
82.0 6.0 0.15969797488317375
82.0 8.0 0.4126345602672954
82.0 10.0 0.5135222352922367
82.0 12.0 0.5686122582637038
82.0 14.0 0.5727832252305965
82.0 16.0 0.4871520440186967
82.0 18.0 0.3790933576740722
82.0 20.0 0.23605768712355357
82.0 22.0 0.07717593568571594
82.0 24.0 0.0
82.0 26.0 0.0
82.0 28.0 0.0
82.0 30.0 0.0
82.0 32.0 0.0
82.0 34.0 0.0
82.0 36.0 0.0
82.0 38.0 0.0
82.0 40.0 0.0
82.0 42.0 0.0
82.0 44.0 0.0
82.0 46.0 0.0
82.0 48.0 0.0061096404619005425
82.0 50.0 0.025178584034067586
82.0 52.0 0.07268189587510156
82.0 54.0 0.15077625814011097
82.0 56.0 0.22926031224969246
82.0 58.0 0.28075310445968943
82.0 60.0 0.25986474270137
82.0 62.0 0.2563341650098483
82.0 64.0 0.24527947641067205
82.0 66.0 0.2216857788596561
82.0 68.0 0.18455146685194687
82.0 70.0 0.13080742305889323
82.0 72.0 0.06081635242101568
82.0 74.0 0.0032687982936989417
82.0 76.0 0.0
82.0 78.0 0.0
82.0 80.0 0.0
82.0 82.0 0.0
82.0 84.0 0.0
82.0 86.0 0.0
82.0 88.0 0.0
82.0 90.0 0.0
82.0 92.0 0.0
82.0 94.0 0.0
82.0 96.0 0.009391593803300314
82.0 98.0 0.12230677268461272
82.0 100.0 0.24718780927347508
82.0 102.0 0.34044439715882535
82.0 104.0 0.39712336988731717
82.0 106.0 0.4094818081665656
82.0 108.0 0.36826413506198047
82.0 110.0 0.27971681755982075
82.0 112.0 0.15146556814062997
82.0 114.0 0.03457618302117898
82.0 116.0 0.0
82.0 118.0 0.0
82.0 120.0 0.0
82.0 122.0 0.0
82.0 124.0 0.0
82.0 126.0 0.0
84.0 0.0 0.0
84.0 2.0 0.0
84.0 4.0 0.0
84.0 6.0 0.35244766925307514
84.0 8.0 0.4615561184070867
84.0 10.0 0.5173474316431306
84.0 12.0 0.5586450494989529
84.0 14.0 0.5687798680456838
84.0 16.0 0.5332063561696488
84.0 18.0 0.42539923678493635
84.0 20.0 0.25260436216902665
84.0 22.0 0.07357675162620536
84.0 24.0 0.0
84.0 26.0 0.0
84.0 28.0 0.0
84.0 30.0 0.0
84.0 32.0 0.0
84.0 34.0 0.0
84.0 36.0 0.0
84.0 38.0 0.0
84.0 40.0 0.0
84.0 42.0 0.0
84.0 44.0 0.0
84.0 46.0 4.123221097229316E-4
84.0 48.0 0.004680854607881914
84.0 50.0 0.02564037699497176
84.0 52.0 0.08466592345611422
84.0 54.0 0.1645595852349612
84.0 56.0 0.23482647625334443
84.0 58.0 0.2359670353496168
84.0 60.0 0.2554890092748358
84.0 62.0 0.24855830323544756
84.0 64.0 0.2340025189689999
84.0 66.0 0.20988672788992
84.0 68.0 0.17157377733206972
84.0 70.0 0.11818826942224624
84.0 72.0 0.05926430848680226
84.0 74.0 0.009345240651673109
84.0 76.0 0.0
84.0 78.0 0.0
84.0 80.0 0.0
84.0 82.0 0.0
84.0 84.0 0.0
84.0 86.0 0.0
84.0 88.0 0.0
84.0 90.0 0.0
84.0 92.0 0.0
84.0 94.0 0.0
84.0 96.0 8.956170436789807E-4
84.0 98.0 0.05158402415294897
84.0 100.0 0.16929342654810484
84.0 102.0 0.27212790035501355
84.0 104.0 0.34305774941577943
84.0 106.0 0.3714829825841812
84.0 108.0 0.35042822373596905
84.0 110.0 0.27940886481379296
84.0 112.0 0.17036670811190044
84.0 114.0 0.05162209169689419
84.0 116.0 0.0
84.0 118.0 0.0
84.0 120.0 0.0
84.0 122.0 0.0
84.0 124.0 0.0
84.0 126.0 0.0
86.0 0.0 0.0
86.0 2.0 0.0
86.0 4.0 0.0
86.0 6.0 0.26493817071360914
86.0 8.0 0.44772210201491114
86.0 10.0 0.49366827025947146
86.0 12.0 0.5202139406572793
86.0 14.0 0.5264630229115247
86.0 16.0 0.49964297291775295
86.0 18.0 0.4154470852231729
86.0 20.0 0.24360587184630192
86.0 22.0 0.06730060010027929
86.0 24.0 0.0
86.0 26.0 0.0
86.0 28.0 0.0
86.0 30.0 0.0
86.0 32.0 0.0
86.0 34.0 0.0
86.0 36.0 0.0
86.0 38.0 0.0
86.0 40.0 0.0
86.0 42.0 0.0
86.0 44.0 0.0
86.0 46.0 0.0038263546657448335
86.0 48.0 0.013765034263442952
86.0 50.0 0.04487179203135402
86.0 52.0 0.11978384738061292
86.0 54.0 0.18197538053830542
86.0 56.0 0.2297333416178091
86.0 58.0 0.21617428124202231
86.0 60.0 0.22078257799346682
86.0 62.0 0.21718521982023412
86.0 64.0 0.20362806621763696
86.0 66.0 0.17798359548066553
86.0 68.0 0.13565445484280497
86.0 70.0 0.08179371280682653
86.0 72.0 0.022590746716284197
86.0 74.0 0.0
86.0 76.0 0.0
86.0 78.0 0.0
86.0 80.0 0.0
86.0 82.0 0.0
86.0 84.0 0.0
86.0 86.0 0.0
86.0 88.0 0.0
86.0 90.0 0.0
86.0 92.0 0.0
86.0 94.0 0.0
86.0 96.0 0.0
86.0 98.0 0.01337845822481822
86.0 100.0 0.087598583641858
86.0 102.0 0.19202879448368612
86.0 104.0 0.2743079496985492
86.0 106.0 0.3354295010346208
86.0 108.0 0.33814699555833966
86.0 110.0 0.2729214647780937
86.0 112.0 0.18195426926576144
86.0 114.0 0.07778769090863
86.0 116.0 0.004745393556763832
86.0 118.0 0.0
86.0 120.0 0.0
86.0 122.0 0.0
86.0 124.0 0.0
86.0 126.0 0.0
88.0 0.0 0.0
88.0 2.0 0.0
88.0 4.0 0.0
88.0 6.0 0.40760367087255484
88.0 8.0 0.47053527356675695
88.0 10.0 0.49015232577239853
88.0 12.0 0.49883272719255745
88.0 14.0 0.49621771609187343
88.0 16.0 0.4708945221788758
88.0 18.0 0.3898694627988916
88.0 20.0 0.20842429575014876
88.0 22.0 0.046050544786276015
88.0 24.0 0.0
88.0 26.0 0.0
88.0 28.0 0.0
88.0 30.0 0.0
88.0 32.0 0.0
88.0 34.0 0.0
88.0 36.0 0.0
88.0 38.0 0.0
88.0 40.0 0.0
88.0 42.0 0.0
88.0 44.0 0.0
88.0 46.0 0.007263083094305002
88.0 48.0 0.03577679914947583
88.0 50.0 0.09629992946012166
88.0 52.0 0.15580827109907922
88.0 54.0 0.19122591800543529
88.0 56.0 0.20717499631934824
88.0 58.0 0.21215724893964558
88.0 60.0 0.19776051551606677
88.0 62.0 0.17060869243111468
88.0 64.0 0.1590324306320859
88.0 66.0 0.13069015784287216
88.0 68.0 0.08164205835423889
88.0 70.0 0.003193475937357269
88.0 72.0 0.0
88.0 74.0 0.0
88.0 76.0 0.0
88.0 78.0 0.0
88.0 80.0 0.0
88.0 82.0 0.0
88.0 84.0 0.0
88.0 86.0 0.0
88.0 88.0 0.0
88.0 90.0 0.0
88.0 92.0 0.0
88.0 94.0 0.0
88.0 96.0 5.879731091553398E-4
88.0 98.0 0.016635482803815924
88.0 100.0 0.03660953675362182
88.0 102.0 0.10221994614085948
88.0 104.0 0.18264457768225076
88.0 106.0 0.2449469679326939
88.0 108.0 0.26464300607548136
88.0 110.0 0.23518833764302874
88.0 112.0 0.17450585725129555
88.0 114.0 0.10459663128170092
88.0 116.0 0.035102384575238885
88.0 118.0 0.0
88.0 120.0 0.0
88.0 122.0 0.0
88.0 124.0 0.0
88.0 126.0 0.0
90.0 0.0 0.0
90.0 2.0 0.0
90.0 4.0 0.0
90.0 6.0 0.4860028093255066
90.0 8.0 0.47746633919874576
90.0 10.0 0.48722328725803815
90.0 12.0 0.4837729840391119
90.0 14.0 0.47007011237177904
90.0 16.0 0.43380023876719703
90.0 18.0 0.3380216800022056
90.0 20.0 0.1521934351929837
90.0 22.0 0.018674574797339225
90.0 24.0 0.0
90.0 26.0 0.0
90.0 28.0 0.0
90.0 30.0 0.0
90.0 32.0 0.0
90.0 34.0 0.0
90.0 36.0 0.0
90.0 38.0 0.0
90.0 40.0 0.0
90.0 42.0 0.0
90.0 44.0 0.0
90.0 46.0 0.020651527094666625
90.0 48.0 0.07887651392381251
90.0 50.0 0.12986980201324427
90.0 52.0 0.15710815900179698
90.0 54.0 0.16746063642506856
90.0 56.0 0.1675276288527714
90.0 58.0 0.15923644250493837
90.0 60.0 0.14100318106050636
90.0 62.0 0.12088277349713865
90.0 64.0 0.09767144228571761
90.0 66.0 0.05279783861936147
90.0 68.0 0.0010816268035835407
90.0 70.0 0.0
90.0 72.0 0.0
90.0 74.0 0.0
90.0 76.0 0.0
90.0 78.0 0.0
90.0 80.0 0.0
90.0 82.0 0.0
90.0 84.0 0.0
90.0 86.0 0.0
90.0 88.0 0.0
90.0 90.0 0.0
90.0 92.0 0.0
90.0 94.0 0.0
90.0 96.0 0.001954768954198905
90.0 98.0 0.0058808750296255145
90.0 100.0 0.012055669074386191
90.0 102.0 0.026840063845455023
90.0 104.0 0.0639716128556705
90.0 106.0 0.13499650436628025
90.0 108.0 0.17254091017384796
90.0 110.0 0.1747372549965929
90.0 112.0 0.14803234398565193
90.0 114.0 0.11510532530613005
90.0 116.0 0.08704802850216238
90.0 118.0 0.07423369747737536
90.0 120.0 0.047722065407859254
90.0 122.0 0.0
90.0 124.0 0.0
90.0 126.0 0.0
92.0 0.0 0.0
92.0 2.0 0.0
92.0 4.0 0.0
92.0 6.0 0.0
92.0 8.0 0.5289968006721285
92.0 10.0 0.47910520697693504
92.0 12.0 0.46230265277225707
92.0 14.0 0.4393665867603021
92.0 16.0 0.4080799974904379
92.0 18.0 0.3013033767626114
92.0 20.0 0.10660586867721801
92.0 22.0 4.3206893880791934E-4
92.0 24.0 0.0
92.0 26.0 0.0
92.0 28.0 0.0
92.0 30.0 0.0
92.0 32.0 0.0
92.0 34.0 0.0
92.0 36.0 0.0
92.0 38.0 0.0
92.0 40.0 0.0
92.0 42.0 0.0
92.0 44.0 0.024490538411235566
92.0 46.0 0.09706207607049894
92.0 48.0 0.15635691677832228
92.0 50.0 0.18408698179894675
92.0 52.0 0.1789211941688973
92.0 54.0 0.15222168865361205
92.0 56.0 0.1226255984103259
92.0 58.0 0.09716021491954903
92.0 60.0 0.07916574924786847
92.0 62.0 0.05699037663031147
92.0 64.0 0.029177174117052295
92.0 66.0 0.0034341291880201634
92.0 68.0 0.0
92.0 70.0 0.0
92.0 72.0 0.0
92.0 74.0 0.0
92.0 76.0 0.0
92.0 78.0 0.0
92.0 80.0 0.0
92.0 82.0 0.0
92.0 84.0 0.0
92.0 86.0 0.0
92.0 88.0 0.0
92.0 90.0 0.0
92.0 92.0 0.0
92.0 94.0 0.0
92.0 96.0 0.0
92.0 98.0 1.410568959732305E-4
92.0 100.0 0.0
92.0 102.0 0.0
92.0 104.0 0.003968045947534742
92.0 106.0 0.015117578744983727
92.0 108.0 0.04243369381850992
92.0 110.0 0.07675285406413333
92.0 112.0 0.09791202996100394
92.0 114.0 0.10752180832840817
92.0 116.0 0.12015025957079961
92.0 118.0 0.15446845524147337
92.0 120.0 0.17950269454798215
92.0 122.0 0.0
92.0 124.0 0.0
92.0 126.0 0.0
94.0 0.0 0.0
94.0 2.0 0.0
94.0 4.0 0.0
94.0 6.0 0.0
94.0 8.0 0.5481930516311517
94.0 10.0 0.47995637528396395
94.0 12.0 0.44676790927114235
94.0 14.0 0.4043055335826438
94.0 16.0 0.34594356693996214
94.0 18.0 0.2158697262801952
94.0 20.0 0.03821788637083693
94.0 22.0 0.0
94.0 24.0 0.0
94.0 26.0 0.0
94.0 28.0 0.0
94.0 30.0 0.0
94.0 32.0 0.0
94.0 34.0 0.0
94.0 36.0 0.0
94.0 38.0 0.0
94.0 40.0 0.0
94.0 42.0 0.02629548650178992
94.0 44.0 0.14510937367557292
94.0 46.0 0.24775986404146633
94.0 48.0 0.2844105767860593
94.0 50.0 0.2550470421660248
94.0 52.0 0.2096387891266662
94.0 54.0 0.1525784567682997
94.0 56.0 0.09740784362795785
94.0 58.0 0.05026027965823568
94.0 60.0 0.01154416412084336
94.0 62.0 7.602671968604917E-4
94.0 64.0 0.0
94.0 66.0 0.0
94.0 68.0 0.0
94.0 70.0 0.0
94.0 72.0 0.0
94.0 74.0 0.0
94.0 76.0 0.0
94.0 78.0 0.0
94.0 80.0 0.0038453710251447524
94.0 82.0 5.241517325195142E-4
94.0 84.0 2.7401587745880924E-4
94.0 86.0 0.0
94.0 88.0 0.0
94.0 90.0 0.0
94.0 92.0 0.0
94.0 94.0 0.0
94.0 96.0 0.0
94.0 98.0 0.0
94.0 100.0 0.0
94.0 102.0 0.0
94.0 104.0 0.0
94.0 106.0 0.0
94.0 108.0 0.0
94.0 110.0 0.008198689235594435
94.0 112.0 0.03322341310778266
94.0 114.0 0.07868188358386159
94.0 116.0 0.13683149325082297
94.0 118.0 0.18061251740062625
94.0 120.0 0.0
94.0 122.0 0.0
94.0 124.0 0.0
94.0 126.0 0.0
96.0 0.0 0.0
96.0 2.0 0.0
96.0 4.0 0.0
96.0 6.0 0.0
96.0 8.0 0.0
96.0 10.0 0.532608804929791
96.0 12.0 0.454934499765368
96.0 14.0 0.388382057981707
96.0 16.0 0.301277386178544
96.0 18.0 0.1624942606528222
96.0 20.0 0.020257207850999808
96.0 22.0 0.0
96.0 24.0 0.0
96.0 26.0 0.0
96.0 28.0 0.0
96.0 30.0 0.0
96.0 32.0 0.0
96.0 34.0 0.0
96.0 36.0 0.0
96.0 38.0 0.0
96.0 40.0 0.033021120411111826
96.0 42.0 0.17606979658474467
96.0 44.0 0.3155570457116391
96.0 46.0 0.3873838257917908
96.0 48.0 0.3827231269533389
96.0 50.0 0.31056337684102303
96.0 52.0 0.23469172567337182
96.0 54.0 0.15065562328045226
96.0 56.0 0.06291427051820113
96.0 58.0 0.0030759748349901157
96.0 60.0 0.0
96.0 62.0 0.0
96.0 64.0 0.0
96.0 66.0 0.0
96.0 68.0 0.0
96.0 70.0 0.0
96.0 72.0 0.0
96.0 74.0 0.0
96.0 76.0 0.0
96.0 78.0 0.002056124560861748
96.0 80.0 0.020457977572122508
96.0 82.0 0.05815519559464737
96.0 84.0 0.09443628572746343
96.0 86.0 0.08693742842117401
96.0 88.0 0.05420093650110805
96.0 90.0 0.007841480270369431
96.0 92.0 0.0
96.0 94.0 0.0
96.0 96.0 0.0
96.0 98.0 0.0
96.0 100.0 0.0
96.0 102.0 0.0
96.0 104.0 0.0
96.0 106.0 0.0
96.0 108.0 0.0
96.0 110.0 0.0
96.0 112.0 0.0015559631543234928
96.0 114.0 0.02824719961570274
96.0 116.0 0.10103011719820647
96.0 118.0 0.1729060333233632
96.0 120.0 0.0
96.0 122.0 0.0
96.0 124.0 0.0
96.0 126.0 0.0
98.0 0.0 0.0
98.0 2.0 0.0
98.0 4.0 0.0
98.0 6.0 0.0
98.0 8.0 0.0
98.0 10.0 0.0
98.0 12.0 0.5070136931652907
98.0 14.0 0.3746699579089355
98.0 16.0 0.27732482355859706
98.0 18.0 0.12900271850606698
98.0 20.0 0.005390320913047526
98.0 22.0 0.0
98.0 24.0 0.0
98.0 26.0 0.0
98.0 28.0 0.0
98.0 30.0 0.0
98.0 32.0 0.0
98.0 34.0 0.0
98.0 36.0 0.0
98.0 38.0 0.020892856411825377
98.0 40.0 0.15102502429660355
98.0 42.0 0.32631655733441783
98.0 44.0 0.42696161936536464
98.0 46.0 0.46618524603584316
98.0 48.0 0.4300439013190888
98.0 50.0 0.3307294109255494
98.0 52.0 0.24687057237331597
98.0 54.0 0.13460686610810138
98.0 56.0 0.020228263582024623
98.0 58.0 0.0
98.0 60.0 0.0
98.0 62.0 0.0
98.0 64.0 0.0
98.0 66.0 0.0
98.0 68.0 0.0
98.0 70.0 0.0
98.0 72.0 0.0
98.0 74.0 0.0
98.0 76.0 0.0
98.0 78.0 0.009392951852754966
98.0 80.0 0.0791738552006163
98.0 82.0 0.1511140382127704
98.0 84.0 0.17793343102652792
98.0 86.0 0.2043011912117941
98.0 88.0 0.1643629074800279
98.0 90.0 0.09841111086098936
98.0 92.0 0.010793017734592085
98.0 94.0 0.0
98.0 96.0 0.0
98.0 98.0 0.0
98.0 100.0 0.0
98.0 102.0 0.0
98.0 104.0 0.0
98.0 106.0 0.0
98.0 108.0 0.0
98.0 110.0 0.0
98.0 112.0 0.0
98.0 114.0 0.0010413397227863309
98.0 116.0 0.023594280145229116
98.0 118.0 0.0
98.0 120.0 0.0
98.0 122.0 0.0
98.0 124.0 0.0
98.0 126.0 0.0
100.0 0.0 0.0
100.0 2.0 0.0
100.0 4.0 0.0
100.0 6.0 0.0
100.0 8.0 0.0
100.0 10.0 0.0
100.0 12.0 0.4304673658761731
100.0 14.0 0.33498248123507124
100.0 16.0 0.21413049186513047
100.0 18.0 0.04102242228178512
100.0 20.0 0.0
100.0 22.0 0.0
100.0 24.0 0.0
100.0 26.0 0.0
100.0 28.0 0.0
100.0 30.0 0.0
100.0 32.0 0.0
100.0 34.0 0.0
100.0 36.0 0.013252790152360456
100.0 38.0 0.07986717861996863
100.0 40.0 0.27533142965645996
100.0 42.0 0.4206897221457236
100.0 44.0 0.48737557026664385
100.0 46.0 0.5024166658504532
100.0 48.0 0.44072792480510575
100.0 50.0 0.33401247051346217
100.0 52.0 0.24394979546777598
100.0 54.0 0.11360838253175216
100.0 56.0 0.002077812950141317
100.0 58.0 0.0
100.0 60.0 0.0
100.0 62.0 0.0
100.0 64.0 0.0
100.0 66.0 0.0
100.0 68.0 0.0
100.0 70.0 0.0
100.0 72.0 0.0
100.0 74.0 0.0
100.0 76.0 0.0012281903455499757
100.0 78.0 0.06438496831078962
100.0 80.0 0.17143481994749984
100.0 82.0 0.23815820730000062
100.0 84.0 0.25918763813798745
100.0 86.0 0.25257175310228974
100.0 88.0 0.28251115802341875
100.0 90.0 0.1793822228915735
100.0 92.0 0.06614551038954951
100.0 94.0 0.0
100.0 96.0 0.0
100.0 98.0 0.0
100.0 100.0 0.0
100.0 102.0 0.0
100.0 104.0 0.0
100.0 106.0 0.0
100.0 108.0 0.0
100.0 110.0 0.0
100.0 112.0 0.0
100.0 114.0 0.0
100.0 116.0 0.0
100.0 118.0 0.0
100.0 120.0 0.0
100.0 122.0 0.0
100.0 124.0 0.0
100.0 126.0 0.0
102.0 0.0 0.0
102.0 2.0 0.0
102.0 4.0 0.0
102.0 6.0 0.0
102.0 8.0 0.0
102.0 10.0 0.0
102.0 12.0 0.0
102.0 14.0 0.19911072596577853
102.0 16.0 0.1581427647139371
102.0 18.0 0.016817718513574453
102.0 20.0 0.0
102.0 22.0 0.0
102.0 24.0 0.0
102.0 26.0 0.0
102.0 28.0 0.0
102.0 30.0 0.0
102.0 32.0 0.0
102.0 34.0 0.0038553696309706355
102.0 36.0 0.029412802991982855
102.0 38.0 0.16465993777752788
102.0 40.0 0.3644571019270062
102.0 42.0 0.47807188439458526
102.0 44.0 0.5196684017238439
102.0 46.0 0.5238349180741163
102.0 48.0 0.4393538723948027
102.0 50.0 0.3339176658405539
102.0 52.0 0.23354915523862843
102.0 54.0 0.09114801938786972
102.0 56.0 0.0
102.0 58.0 0.0
102.0 60.0 0.0
102.0 62.0 0.0
102.0 64.0 0.0
102.0 66.0 0.0
102.0 68.0 0.0
102.0 70.0 0.0
102.0 72.0 0.0
102.0 74.0 0.0
102.0 76.0 0.0217190304671205
102.0 78.0 0.15908056388994715
102.0 80.0 0.2508064493811652
102.0 82.0 0.29342578435917244
102.0 84.0 0.3143100339036184
102.0 86.0 0.3052431111249266
102.0 88.0 0.3403504908587262
102.0 90.0 0.25657251556162314
102.0 92.0 0.12801818990862612
102.0 94.0 0.013178795106879929
102.0 96.0 0.0
102.0 98.0 0.0
102.0 100.0 0.0
102.0 102.0 0.0
102.0 104.0 0.0
102.0 106.0 0.0
102.0 108.0 0.0
102.0 110.0 0.0
102.0 112.0 0.0
102.0 114.0 0.0
102.0 116.0 0.0
102.0 118.0 0.0
102.0 120.0 0.0
102.0 122.0 0.0
102.0 124.0 0.0
102.0 126.0 0.0
104.0 0.0 0.0
104.0 2.0 0.0
104.0 4.0 0.0
104.0 6.0 0.0
104.0 8.0 0.0
104.0 10.0 0.0
104.0 12.0 0.0
104.0 14.0 0.0
104.0 16.0 0.0
104.0 18.0 0.0
104.0 20.0 0.0
104.0 22.0 0.0
104.0 24.0 0.0
104.0 26.0 0.0
104.0 28.0 0.0
104.0 30.0 0.0
104.0 32.0 0.0
104.0 34.0 0.0060671915079822765
104.0 36.0 0.04639137792566043
104.0 38.0 0.2349705640059351
104.0 40.0 0.42656018834317594
104.0 42.0 0.5155851600891584
104.0 44.0 0.5429014078450342
104.0 46.0 0.538599150391745
104.0 48.0 0.44123005886072725
104.0 50.0 0.32754975958829347
104.0 52.0 0.21620810386322262
104.0 54.0 0.07130134381938276
104.0 56.0 0.0
104.0 58.0 0.0
104.0 60.0 0.0
104.0 62.0 0.0
104.0 64.0 0.0
104.0 66.0 0.0
104.0 68.0 0.0
104.0 70.0 0.0
104.0 72.0 0.0
104.0 74.0 0.003550270329260049
104.0 76.0 0.06665055868623394
104.0 78.0 0.22773241956002818
104.0 80.0 0.32446082619610334
104.0 82.0 0.3289594716162651
104.0 84.0 0.35138811438235534
104.0 86.0 0.3393506055625822
104.0 88.0 0.38667557884878095
104.0 90.0 0.312744447931243
104.0 92.0 0.18227599513649995
104.0 94.0 0.030990397067810562
104.0 96.0 0.0
104.0 98.0 0.0
104.0 100.0 0.0
104.0 102.0 0.0
104.0 104.0 0.0
104.0 106.0 0.0
104.0 108.0 0.0
104.0 110.0 0.0
104.0 112.0 0.0
104.0 114.0 0.0
104.0 116.0 0.0
104.0 118.0 0.0
104.0 120.0 0.0
104.0 122.0 0.0
104.0 124.0 0.0
104.0 126.0 0.0
106.0 0.0 0.0
106.0 2.0 0.0
106.0 4.0 0.0
106.0 6.0 0.0
106.0 8.0 0.0
106.0 10.0 0.0
106.0 12.0 0.0
106.0 14.0 0.0
106.0 16.0 0.0
106.0 18.0 0.0
106.0 20.0 0.0
106.0 22.0 0.0
106.0 24.0 0.0
106.0 26.0 0.0
106.0 28.0 0.0
106.0 30.0 0.0
106.0 32.0 0.0
106.0 34.0 0.00309648185774081
106.0 36.0 0.06271761165684643
106.0 38.0 0.2923819839949721
106.0 40.0 0.474035880920784
106.0 42.0 0.5453345636375124
106.0 44.0 0.561020734423486
106.0 46.0 0.5510160271449369
106.0 48.0 0.4326053269791459
106.0 50.0 0.31825447004702573
106.0 52.0 0.19913144756455917
106.0 54.0 0.057226690084484666
106.0 56.0 0.0
106.0 58.0 0.0
106.0 60.0 0.0
106.0 62.0 0.0
106.0 64.0 0.0
106.0 66.0 0.0
106.0 68.0 0.0
106.0 70.0 0.0
106.0 72.0 0.0
106.0 74.0 0.015052922592054346
106.0 76.0 0.12054620286434832
106.0 78.0 0.2783298435758543
106.0 80.0 0.3916238838485721
106.0 82.0 0.358862363753837
106.0 84.0 0.38595964078455536
106.0 86.0 0.3721316368867969
106.0 88.0 0.40265343245702295
106.0 90.0 0.35244402852397355
106.0 92.0 0.2277102939589705
106.0 94.0 0.05056821354708688
106.0 96.0 0.0
106.0 98.0 0.0
106.0 100.0 0.0
106.0 102.0 0.0
106.0 104.0 0.0
106.0 106.0 0.0
106.0 108.0 0.0
106.0 110.0 0.0
106.0 112.0 0.0
106.0 114.0 0.0
106.0 116.0 0.0
106.0 118.0 0.0
106.0 120.0 0.0
106.0 122.0 0.0
106.0 124.0 0.0
106.0 126.0 0.0
108.0 0.0 0.0
108.0 2.0 0.0
108.0 4.0 0.0
108.0 6.0 0.0
108.0 8.0 0.0
108.0 10.0 0.0
108.0 12.0 0.0
108.0 14.0 0.0
108.0 16.0 0.0
108.0 18.0 0.0
108.0 20.0 0.0
108.0 22.0 0.0
108.0 24.0 0.0
108.0 26.0 0.0
108.0 28.0 0.0
108.0 30.0 0.0
108.0 32.0 0.0
108.0 34.0 0.0
108.0 36.0 0.06174139785343349
108.0 38.0 0.3011870661757035
108.0 40.0 0.48117158778308067
108.0 42.0 0.5526677594710059
108.0 44.0 0.5671303434556527
108.0 46.0 0.554223273415639
108.0 48.0 0.5067947190659884
108.0 50.0 0.3742304400163446
108.0 52.0 0.1762780072154507
108.0 54.0 0.04889258897860843
108.0 56.0 0.0
108.0 58.0 0.0
108.0 60.0 0.0
108.0 62.0 0.0
108.0 64.0 0.0
108.0 66.0 0.0
108.0 68.0 0.0
108.0 70.0 0.0
108.0 72.0 8.940573647915656E-4
108.0 74.0 0.023715200913600697
108.0 76.0 0.14334877907562818
108.0 78.0 0.30307474813618523
108.0 80.0 0.4248230588282753
108.0 82.0 0.40362430660620446
108.0 84.0 0.4140246728391066
108.0 86.0 0.4006403361639281
108.0 88.0 0.4053076092293803
108.0 90.0 0.3921609527588747
108.0 92.0 0.25520111379084714
108.0 94.0 0.0721584882958521
108.0 96.0 0.0
108.0 98.0 0.0
108.0 100.0 0.0
108.0 102.0 0.0
108.0 104.0 0.0
108.0 106.0 0.0
108.0 108.0 0.0
108.0 110.0 0.0
108.0 112.0 0.0
108.0 114.0 0.0
108.0 116.0 0.0
108.0 118.0 0.0
108.0 120.0 0.0
108.0 122.0 0.0
108.0 124.0 0.0
108.0 126.0 0.0
110.0 0.0 0.0
110.0 2.0 0.0
110.0 4.0 0.0
110.0 6.0 0.0
110.0 8.0 0.0
110.0 10.0 0.0
110.0 12.0 0.0
110.0 14.0 0.0
110.0 16.0 0.0
110.0 18.0 0.0
110.0 20.0 0.0
110.0 22.0 0.0
110.0 24.0 0.0
110.0 26.0 0.0
110.0 28.0 0.0
110.0 30.0 0.0
110.0 32.0 0.0
110.0 34.0 0.0
110.0 36.0 0.05930889207197648
110.0 38.0 0.3540563387419762
110.0 40.0 0.49844731991168256
110.0 42.0 0.5685752913323521
110.0 44.0 0.581162514320881
110.0 46.0 0.5646627277401531
110.0 48.0 0.509343265256455
110.0 50.0 0.38584180373299226
110.0 52.0 0.16253364328966377
110.0 54.0 0.039956392514363566
110.0 56.0 0.0
110.0 58.0 0.0
110.0 60.0 0.0
110.0 62.0 0.0
110.0 64.0 0.0
110.0 66.0 0.0
110.0 68.0 0.0
110.0 70.0 0.0
110.0 72.0 4.447231781768946E-4
110.0 74.0 0.025011710491371197
110.0 76.0 0.13521703758983933
110.0 78.0 0.297303912779308
110.0 80.0 0.4304069596144731
110.0 82.0 0.4444112895938255
110.0 84.0 0.4233427929667663
110.0 86.0 0.4137871041891988
110.0 88.0 0.4072195840305887
110.0 90.0 0.40683720512098726
110.0 92.0 0.28074974236620115
110.0 94.0 0.0979002363904886
110.0 96.0 0.0
110.0 98.0 0.0
110.0 100.0 0.0
110.0 102.0 0.0
110.0 104.0 0.0
110.0 106.0 0.0
110.0 108.0 0.0
110.0 110.0 0.0
110.0 112.0 0.0
110.0 114.0 0.0
110.0 116.0 0.0
110.0 118.0 0.0
110.0 120.0 0.0
110.0 122.0 0.0
110.0 124.0 0.0
110.0 126.0 0.0
112.0 0.0 0.0
112.0 2.0 0.0
112.0 4.0 0.0
112.0 6.0 0.0
112.0 8.0 0.0
112.0 10.0 0.0
112.0 12.0 0.0
112.0 14.0 0.0
112.0 16.0 0.0
112.0 18.0 0.0
112.0 20.0 0.0
112.0 22.0 0.0
112.0 24.0 0.0
112.0 26.0 0.0
112.0 28.0 0.0
112.0 30.0 0.0
112.0 32.0 0.0
112.0 34.0 0.0
112.0 36.0 0.03946081614494937
112.0 38.0 0.309428447274459
112.0 40.0 0.4798323042858759
112.0 42.0 0.5615877649839699
112.0 44.0 0.5786092686237462
112.0 46.0 0.5630935316852009
112.0 48.0 0.5046013974592477
112.0 50.0 0.38301514947194976
112.0 52.0 0.15796446336395836
112.0 54.0 0.01809204137348945
112.0 56.0 0.0
112.0 58.0 0.0
112.0 60.0 0.0
112.0 62.0 0.0
112.0 64.0 0.0
112.0 66.0 0.0
112.0 68.0 0.0
112.0 70.0 0.0
112.0 72.0 0.0
112.0 74.0 0.016381515063527943
112.0 76.0 0.10234380217309612
112.0 78.0 0.25599299069406833
112.0 80.0 0.41970197451456187
112.0 82.0 0.4692475685128861
112.0 84.0 0.4456234521233102
112.0 86.0 0.430505909616885
112.0 88.0 0.3956536528955374
112.0 90.0 0.396935096270292
112.0 92.0 0.31380156778002477
112.0 94.0 0.12064995048672124
112.0 96.0 0.0
112.0 98.0 0.0
112.0 100.0 0.0
112.0 102.0 0.0
112.0 104.0 0.0
112.0 106.0 0.0
112.0 108.0 0.0
112.0 110.0 0.0
112.0 112.0 0.0
112.0 114.0 0.0
112.0 116.0 0.0
112.0 118.0 0.0
112.0 120.0 0.0
112.0 122.0 0.0
112.0 124.0 0.0
112.0 126.0 0.0
114.0 0.0 0.0
114.0 2.0 0.0
114.0 4.0 0.0
114.0 6.0 0.0
114.0 8.0 0.0
114.0 10.0 0.0
114.0 12.0 0.0
114.0 14.0 0.0
114.0 16.0 0.0
114.0 18.0 0.0
114.0 20.0 0.0
114.0 22.0 0.0
114.0 24.0 0.0
114.0 26.0 0.0
114.0 28.0 0.0
114.0 30.0 0.0
114.0 32.0 0.0
114.0 34.0 0.0
114.0 36.0 0.018989088571001716
114.0 38.0 0.27369428786526845
114.0 40.0 0.45630785827614573
114.0 42.0 0.5529922408364188
114.0 44.0 0.5765869428337131
114.0 46.0 0.5629202529029473
114.0 48.0 0.505895015281783
114.0 50.0 0.3832486597692653
114.0 52.0 0.17520786628192822
114.0 54.0 0.0
114.0 56.0 0.0
114.0 58.0 0.0
114.0 60.0 0.0
114.0 62.0 0.0
114.0 64.0 0.0
114.0 66.0 0.0
114.0 68.0 0.0
114.0 70.0 0.0
114.0 72.0 0.0
114.0 74.0 0.010404025888522614
114.0 76.0 0.05945416300884455
114.0 78.0 0.19152173837510367
114.0 80.0 0.3770166144174138
114.0 82.0 0.46646683844956477
114.0 84.0 0.4513265745792862
114.0 86.0 0.4386539083685812
114.0 88.0 0.4069102656694274
114.0 90.0 0.3885768302032311
114.0 92.0 0.3362943370328871
114.0 94.0 0.1501674400729034
114.0 96.0 0.0
114.0 98.0 0.0
114.0 100.0 0.0
114.0 102.0 0.0
114.0 104.0 0.0
114.0 106.0 0.0
114.0 108.0 0.0
114.0 110.0 0.0
114.0 112.0 0.0
114.0 114.0 0.0
114.0 116.0 0.0
114.0 118.0 0.0
114.0 120.0 0.0
114.0 122.0 0.0
114.0 124.0 0.0
114.0 126.0 0.0
116.0 0.0 0.0
116.0 2.0 0.0
116.0 4.0 0.0
116.0 6.0 0.0
116.0 8.0 0.0
116.0 10.0 0.0
116.0 12.0 0.0
116.0 14.0 0.0
116.0 16.0 0.0
116.0 18.0 0.0
116.0 20.0 0.0
116.0 22.0 0.0
116.0 24.0 0.0
116.0 26.0 0.0
116.0 28.0 0.0
116.0 30.0 0.0
116.0 32.0 0.0
116.0 34.0 0.0
116.0 36.0 0.0
116.0 38.0 0.20989904972740492
116.0 40.0 0.4352781707461167
116.0 42.0 0.5485425836048033
116.0 44.0 0.5788299879137245
116.0 46.0 0.5665819217893603
116.0 48.0 0.5105584898513232
116.0 50.0 0.386813988199044
116.0 52.0 0.1721457459038316
116.0 54.0 0.0
116.0 56.0 0.0
116.0 58.0 0.0
116.0 60.0 0.0
116.0 62.0 0.0
116.0 64.0 0.0
116.0 66.0 0.0
116.0 68.0 0.0
116.0 70.0 0.0
116.0 72.0 0.0
116.0 74.0 0.0
116.0 76.0 0.024498759912540923
116.0 78.0 0.13117157461885037
116.0 80.0 0.309794218006147
116.0 82.0 0.4409749046332587
116.0 84.0 0.45513542329172635
116.0 86.0 0.4370830812207358
116.0 88.0 0.409524883771931
116.0 90.0 0.3871576218978565
116.0 92.0 0.34963083493230457
116.0 94.0 0.18031185693289534
116.0 96.0 0.0
116.0 98.0 0.0
116.0 100.0 0.0
116.0 102.0 0.0
116.0 104.0 0.0
116.0 106.0 0.0
116.0 108.0 0.0
116.0 110.0 0.0
116.0 112.0 0.0
116.0 114.0 0.0
116.0 116.0 0.0
116.0 118.0 0.0
116.0 120.0 0.0
116.0 122.0 0.0
116.0 124.0 0.0
116.0 126.0 0.0
118.0 0.0 0.0
118.0 2.0 0.0
118.0 4.0 0.0
118.0 6.0 0.0
118.0 8.0 0.0
118.0 10.0 0.0
118.0 12.0 0.0
118.0 14.0 0.0
118.0 16.0 0.0
118.0 18.0 0.0
118.0 20.0 0.0
118.0 22.0 0.0
118.0 24.0 0.0
118.0 26.0 0.0
118.0 28.0 0.0
118.0 30.0 0.0
118.0 32.0 0.0
118.0 34.0 0.0
118.0 36.0 0.0
118.0 38.0 0.02784551349625936
118.0 40.0 0.3343189323942255
118.0 42.0 0.4722190594480981
118.0 44.0 0.5403283455740051
118.0 46.0 0.5455030764347343
118.0 48.0 0.4989626448743918
118.0 50.0 0.38453886373148455
118.0 52.0 0.16925540415981558
118.0 54.0 0.0
118.0 56.0 0.0
118.0 58.0 0.0
118.0 60.0 0.0
118.0 62.0 0.0
118.0 64.0 0.0
118.0 66.0 0.0
118.0 68.0 0.0
118.0 70.0 0.0
118.0 72.0 0.0
118.0 74.0 0.0
118.0 76.0 0.004849756293357384
118.0 78.0 0.07396557649061296
118.0 80.0 0.24267677918801525
118.0 82.0 0.3906991999986236
118.0 84.0 0.4480973597101361
118.0 86.0 0.44020895645024805
118.0 88.0 0.4128142019019725
118.0 90.0 0.3880034461113327
118.0 92.0 0.3558537262469938
118.0 94.0 0.2131134987403385
118.0 96.0 0.01604086451888766
118.0 98.0 0.0
118.0 100.0 0.0
118.0 102.0 0.0
118.0 104.0 0.0
118.0 106.0 0.0
118.0 108.0 0.0
118.0 110.0 0.0
118.0 112.0 0.0
118.0 114.0 0.0
118.0 116.0 0.0
118.0 118.0 0.0
118.0 120.0 0.0
118.0 122.0 0.0
118.0 124.0 0.0
118.0 126.0 0.0
120.0 0.0 0.0
120.0 2.0 0.0
120.0 4.0 0.0
120.0 6.0 0.0
120.0 8.0 0.0
120.0 10.0 0.0
120.0 12.0 0.0
120.0 14.0 0.0
120.0 16.0 0.0
120.0 18.0 0.0
120.0 20.0 0.0
120.0 22.0 0.0
120.0 24.0 0.0
120.0 26.0 0.0
120.0 28.0 0.0
120.0 30.0 0.0
120.0 32.0 0.0
120.0 34.0 0.0
120.0 36.0 0.0
120.0 38.0 0.0
120.0 40.0 0.11913581421681974
120.0 42.0 0.3705934716356558
120.0 44.0 0.48510466845462985
120.0 46.0 0.5220290828155503
120.0 48.0 0.48715241459209896
120.0 50.0 0.3759910107053699
120.0 52.0 0.16454481689242825
120.0 54.0 0.0
120.0 56.0 0.0
120.0 58.0 0.0
120.0 60.0 0.0
120.0 62.0 0.0
120.0 64.0 0.0
120.0 66.0 0.0
120.0 68.0 0.0
120.0 70.0 0.0
120.0 72.0 0.0
120.0 74.0 0.0
120.0 76.0 0.0
120.0 78.0 0.032187018690567205
120.0 80.0 0.1843755876753227
120.0 82.0 0.3416412493385206
120.0 84.0 0.4251793424369011
120.0 86.0 0.4413160737766102
120.0 88.0 0.42097973057034555
120.0 90.0 0.3775281600246713
120.0 92.0 0.35157503676773816
120.0 94.0 0.0
120.0 96.0 0.0
120.0 98.0 0.0
120.0 100.0 0.0
120.0 102.0 0.0
120.0 104.0 0.0
120.0 106.0 0.0
120.0 108.0 0.0
120.0 110.0 0.0
120.0 112.0 0.0
120.0 114.0 0.0
120.0 116.0 0.0
120.0 118.0 0.0
120.0 120.0 0.0
120.0 122.0 0.0
120.0 124.0 0.0
120.0 126.0 0.0
122.0 0.0 0.0
122.0 2.0 0.0
122.0 4.0 0.0
122.0 6.0 0.0
122.0 8.0 0.0
122.0 10.0 0.0
122.0 12.0 0.0
122.0 14.0 0.0
122.0 16.0 0.0
122.0 18.0 0.0
122.0 20.0 0.0
122.0 22.0 0.0
122.0 24.0 0.0
122.0 26.0 0.0
122.0 28.0 0.0
122.0 30.0 0.0
122.0 32.0 0.0
122.0 34.0 0.0
122.0 36.0 0.0
122.0 38.0 0.0
122.0 40.0 0.3064129172556639
122.0 42.0 0.306730991234126
122.0 44.0 0.3983030045752049
122.0 46.0 0.4362556549755401
122.0 48.0 0.419696169220481
122.0 50.0 0.37791734280786954
122.0 52.0 0.1638268325509953
122.0 54.0 0.0
122.0 56.0 0.0
122.0 58.0 0.0
122.0 60.0 0.0
122.0 62.0 0.0
122.0 64.0 0.0
122.0 66.0 0.0
122.0 68.0 0.0
122.0 70.0 0.0
122.0 72.0 0.0
122.0 74.0 0.0
122.0 76.0 0.0
122.0 78.0 0.01606457157260881
122.0 80.0 0.13626267789214971
122.0 82.0 0.3014617594752314
122.0 84.0 0.3989301326437998
122.0 86.0 0.4349475907962083
122.0 88.0 0.42384708819724165
122.0 90.0 0.0
122.0 92.0 0.0
122.0 94.0 0.0
122.0 96.0 0.0
122.0 98.0 0.0
122.0 100.0 0.0
122.0 102.0 0.0
122.0 104.0 0.0
122.0 106.0 0.0
122.0 108.0 0.0
122.0 110.0 0.0
122.0 112.0 0.0
122.0 114.0 0.0
122.0 116.0 0.0
122.0 118.0 0.0
122.0 120.0 0.0
122.0 122.0 0.0
122.0 124.0 0.0
122.0 126.0 0.0
124.0 0.0 0.0
124.0 2.0 0.0
124.0 4.0 0.0
124.0 6.0 0.0
124.0 8.0 0.0
124.0 10.0 0.0
124.0 12.0 0.0
124.0 14.0 0.0
124.0 16.0 0.0
124.0 18.0 0.0
124.0 20.0 0.0
124.0 22.0 0.0
124.0 24.0 0.0
124.0 26.0 0.0
124.0 28.0 0.0
124.0 30.0 0.0
124.0 32.0 0.0
124.0 34.0 0.0
124.0 36.0 0.0
124.0 38.0 0.0
124.0 40.0 0.0
124.0 42.0 0.0
124.0 44.0 0.0
124.0 46.0 0.51749220445143
124.0 48.0 0.47967718869950465
124.0 50.0 0.3988324081093844
124.0 52.0 0.32506425137956596
124.0 54.0 0.08762783026478886
124.0 56.0 0.0
124.0 58.0 0.0
124.0 60.0 0.0
124.0 62.0 0.0
124.0 64.0 0.0
124.0 66.0 0.0
124.0 68.0 0.0
124.0 70.0 0.0
124.0 72.0 0.0
124.0 74.0 0.0
124.0 76.0 0.0
124.0 78.0 0.005325850430405592
124.0 80.0 0.09299199728816933
124.0 82.0 0.278796855345636
124.0 84.0 0.0
124.0 86.0 0.0
124.0 88.0 0.0
124.0 90.0 0.0
124.0 92.0 0.0
124.0 94.0 0.0
124.0 96.0 0.0
124.0 98.0 0.0
124.0 100.0 0.0
124.0 102.0 0.0
124.0 104.0 0.0
124.0 106.0 0.0
124.0 108.0 0.0
124.0 110.0 0.0
124.0 112.0 0.0
124.0 114.0 0.0
124.0 116.0 0.0
124.0 118.0 0.0
124.0 120.0 0.0
124.0 122.0 0.0
124.0 124.0 0.0
124.0 126.0 0.0
126.0 0.0 0.0
126.0 2.0 0.0
126.0 4.0 0.0
126.0 6.0 0.0
126.0 8.0 0.0
126.0 10.0 0.0
126.0 12.0 0.0
126.0 14.0 0.0
126.0 16.0 0.0
126.0 18.0 0.0
126.0 20.0 0.0
126.0 22.0 0.0
126.0 24.0 0.0
126.0 26.0 0.0
126.0 28.0 0.0
126.0 30.0 0.0
126.0 32.0 0.0
126.0 34.0 0.0
126.0 36.0 0.0
126.0 38.0 0.0
126.0 40.0 0.0
126.0 42.0 0.0
126.0 44.0 0.0
126.0 46.0 0.0
126.0 48.0 0.0
126.0 50.0 0.0
126.0 52.0 0.0
126.0 54.0 0.5129236248245886
126.0 56.0 0.39096128245988404
126.0 58.0 0.2295004898267675
126.0 60.0 0.04933263601936782
126.0 62.0 0.0
126.0 64.0 0.0
126.0 66.0 0.0
126.0 68.0 0.0
126.0 70.0 0.0
126.0 72.0 0.0
126.0 74.0 0.0
126.0 76.0 0.0
126.0 78.0 0.0
126.0 80.0 0.0
126.0 82.0 0.0
126.0 84.0 0.0
126.0 86.0 0.0
126.0 88.0 0.0
126.0 90.0 0.0
126.0 92.0 0.0
126.0 94.0 0.0
126.0 96.0 0.0
126.0 98.0 0.0
126.0 100.0 0.0
126.0 102.0 0.0
126.0 104.0 0.0
126.0 106.0 0.0
126.0 108.0 0.0
126.0 110.0 0.0
126.0 112.0 0.0
126.0 114.0 0.0
126.0 116.0 0.0
126.0 118.0 0.0
126.0 120.0 0.0
126.0 122.0 0.0
126.0 124.0 0.0
126.0 126.0 0.0
