0.0 0.0 0.0
0.0 2.0 0.0
0.0 4.0 0.0
0.0 6.0 0.0
0.0 8.0 0.0
0.0 10.0 0.0
0.0 12.0 0.0
0.0 14.0 0.0
0.0 16.0 0.0
0.0 18.0 0.0
0.0 20.0 0.0
0.0 22.0 0.0
0.0 24.0 0.0
0.0 26.0 0.0
0.0 28.0 0.0
0.0 30.0 0.0
0.0 32.0 0.0
0.0 34.0 0.0
0.0 36.0 0.0
0.0 38.0 0.0
0.0 40.0 0.0
0.0 42.0 0.0
0.0 44.0 0.0
0.0 46.0 0.0
0.0 48.0 0.0
0.0 50.0 0.0
0.0 52.0 0.0
0.0 54.0 0.0
0.0 56.0 0.0
0.0 58.0 0.0
0.0 60.0 0.0
0.0 62.0 0.0
0.0 64.0 0.0
0.0 66.0 0.0
0.0 68.0 0.0
0.0 70.0 0.0
0.0 72.0 0.0
0.0 74.0 0.0
0.0 76.0 0.0
0.0 78.0 0.0
0.0 80.0 0.0
0.0 82.0 0.0
0.0 84.0 0.0
0.0 86.0 0.0
0.0 88.0 0.0
0.0 90.0 0.0
0.0 92.0 0.0
0.0 94.0 0.0
0.0 96.0 0.0
0.0 98.0 0.0
0.0 100.0 0.0
0.0 102.0 0.0
0.0 104.0 0.0
0.0 106.0 0.0
0.0 108.0 0.0
0.0 110.0 0.0
0.0 112.0 0.0
0.0 114.0 0.0
0.0 116.0 0.0
0.0 118.0 0.0
0.0 120.0 0.0
0.0 122.0 0.0
0.0 124.0 0.0
0.0 126.0 0.0
2.0 0.0 0.0
2.0 2.0 0.0
2.0 4.0 0.0
2.0 6.0 0.0
2.0 8.0 0.0
2.0 10.0 0.0
2.0 12.0 0.0
2.0 14.0 0.0
2.0 16.0 0.0
2.0 18.0 0.0
2.0 20.0 0.0
2.0 22.0 0.0
2.0 24.0 0.0
2.0 26.0 0.0
2.0 28.0 0.0
2.0 30.0 0.0
2.0 32.0 0.0
2.0 34.0 0.0
2.0 36.0 0.0
2.0 38.0 0.0
2.0 40.0 0.0
2.0 42.0 0.0
2.0 44.0 0.0
2.0 46.0 0.0
2.0 48.0 0.05305607366057285
2.0 50.0 0.04439069485995817
2.0 52.0 0.03043242763337171
2.0 54.0 0.024912465444646356
2.0 56.0 0.0
2.0 58.0 0.0
2.0 60.0 0.0
2.0 62.0 0.0
2.0 64.0 0.0
2.0 66.0 0.0
2.0 68.0 0.0015750935507730986
2.0 70.0 0.01945593734876318
2.0 72.0 0.036712594575487464
2.0 74.0 0.07324298103645459
2.0 76.0 0.11408770721411494
2.0 78.0 0.13166173874182294
2.0 80.0 0.0
2.0 82.0 0.0
2.0 84.0 0.0
2.0 86.0 0.0
2.0 88.0 0.0
2.0 90.0 0.0
2.0 92.0 0.0
2.0 94.0 0.0
2.0 96.0 0.0
2.0 98.0 0.0
2.0 100.0 0.0
2.0 102.0 0.0
2.0 104.0 0.0
2.0 106.0 0.0
2.0 108.0 0.0
2.0 110.0 0.0
2.0 112.0 0.0
2.0 114.0 0.0
2.0 116.0 0.0
2.0 118.0 0.0
2.0 120.0 0.0
2.0 122.0 0.0
2.0 124.0 0.0
2.0 126.0 0.0
4.0 0.0 0.0
4.0 2.0 0.0
4.0 4.0 0.0
4.0 6.0 0.0
4.0 8.0 0.0
4.0 10.0 0.0
4.0 12.0 0.0
4.0 14.0 0.0
4.0 16.0 0.0
4.0 18.0 0.0
4.0 20.0 0.0
4.0 22.0 0.0
4.0 24.0 0.0
4.0 26.0 0.0
4.0 28.0 0.0
4.0 30.0 0.0
4.0 32.0 0.0
4.0 34.0 0.0
4.0 36.0 0.0
4.0 38.0 0.0
4.0 40.0 0.0
4.0 42.0 0.06079489979645289
4.0 44.0 0.012172596664516101
4.0 46.0 0.017655629886211995
4.0 48.0 0.04019550377280659
4.0 50.0 0.03786693835225841
4.0 52.0 0.017270522627864812
4.0 54.0 0.0
4.0 56.0 0.0
4.0 58.0 0.0
4.0 60.0 0.0
4.0 62.0 0.0
4.0 64.0 0.0
4.0 66.0 0.0
4.0 68.0 7.441279516931172E-5
4.0 70.0 0.005137167335708783
4.0 72.0 0.014392626574348893
4.0 74.0 0.04281756158893868
4.0 76.0 0.08842716345996939
4.0 78.0 0.11191996947805605
4.0 80.0 0.12195557120888127
4.0 82.0 0.1506259388785315
4.0 84.0 0.15969799027440368
4.0 86.0 0.0
4.0 88.0 0.0
4.0 90.0 0.0
4.0 92.0 0.0
4.0 94.0 0.0
4.0 96.0 0.0
4.0 98.0 0.0
4.0 100.0 0.0
4.0 102.0 0.0
4.0 104.0 0.0
4.0 106.0 0.0
4.0 108.0 0.0
4.0 110.0 0.0
4.0 112.0 0.0
4.0 114.0 0.0
4.0 116.0 0.0
4.0 118.0 0.0
4.0 120.0 0.0
4.0 122.0 0.0
4.0 124.0 0.0
4.0 126.0 0.0
6.0 0.0 0.0
6.0 2.0 0.0
6.0 4.0 0.0
6.0 6.0 0.0
6.0 8.0 0.0
6.0 10.0 0.0
6.0 12.0 0.0
6.0 14.0 0.0
6.0 16.0 0.0
6.0 18.0 0.0
6.0 20.0 0.0
6.0 22.0 0.0
6.0 24.0 0.0
6.0 26.0 0.0
6.0 28.0 0.0
6.0 30.0 0.0
6.0 32.0 0.0
6.0 34.0 0.0
6.0 36.0 0.0
6.0 38.0 0.042436452995809164
6.0 40.0 0.0
6.0 42.0 0.0
6.0 44.0 0.003983581791996011
6.0 46.0 0.03955257990465915
6.0 48.0 0.05831723191413035
6.0 50.0 0.0499943705348421
6.0 52.0 0.020724201946106195
6.0 54.0 0.0
6.0 56.0 0.0
6.0 58.0 0.0
6.0 60.0 0.0
6.0 62.0 0.0
6.0 64.0 0.0
6.0 66.0 0.0
6.0 68.0 0.0
6.0 70.0 6.360939901430946E-4
6.0 72.0 8.80195517275229E-4
6.0 74.0 0.016633405708438655
6.0 76.0 0.05681623336622105
6.0 78.0 0.08877050039281818
6.0 80.0 0.1026273224991558
6.0 82.0 0.13751038819436393
6.0 84.0 0.16179206948291744
6.0 86.0 0.15539108161188356
6.0 88.0 0.1257096137004707
6.0 90.0 0.04996456942034735
6.0 92.0 0.0
6.0 94.0 0.0
6.0 96.0 0.0
6.0 98.0 0.0
6.0 100.0 0.0
6.0 102.0 0.0
6.0 104.0 0.0
6.0 106.0 0.0
6.0 108.0 0.0
6.0 110.0 0.0
6.0 112.0 0.0
6.0 114.0 0.0
6.0 116.0 0.0
6.0 118.0 0.0
6.0 120.0 0.0
6.0 122.0 0.0
6.0 124.0 0.0
6.0 126.0 0.0
8.0 0.0 0.0
8.0 2.0 0.0
8.0 4.0 0.0
8.0 6.0 0.0
8.0 8.0 0.0
8.0 10.0 0.0
8.0 12.0 0.0
8.0 14.0 0.0
8.0 16.0 0.0
8.0 18.0 0.0
8.0 20.0 0.0
8.0 22.0 0.0
8.0 24.0 0.0
8.0 26.0 0.0
8.0 28.0 0.0
8.0 30.0 0.0
8.0 32.0 0.0
8.0 34.0 6.69887824862049E-4
8.0 36.0 0.0
8.0 38.0 0.0
8.0 40.0 0.0
8.0 42.0 0.0010224029569465538
8.0 44.0 0.049577895483203606
8.0 46.0 0.089692843859888
8.0 48.0 0.10134642903760104
8.0 50.0 0.09362112940920671
8.0 52.0 0.053823026392449506
8.0 54.0 0.004850851848377449
8.0 56.0 0.0
8.0 58.0 0.0
8.0 60.0 0.0
8.0 62.0 0.0
8.0 64.0 0.0
8.0 66.0 0.0
8.0 68.0 0.0
8.0 70.0 0.0
8.0 72.0 0.0
8.0 74.0 0.0
8.0 76.0 0.01583692796820251
8.0 78.0 0.049010593075521636
8.0 80.0 0.07590037165474871
8.0 82.0 0.11821421768570811
8.0 84.0 0.15475391938555383
8.0 86.0 0.1652965300328698
8.0 88.0 0.16660227968810057
8.0 90.0 0.09846809274892697
8.0 92.0 0.025178438142886256
8.0 94.0 0.0
8.0 96.0 0.0
8.0 98.0 0.0
8.0 100.0 0.0
8.0 102.0 0.0
8.0 104.0 0.0
8.0 106.0 0.0
8.0 108.0 0.0
8.0 110.0 0.0
8.0 112.0 0.0
8.0 114.0 0.0
8.0 116.0 0.0
8.0 118.0 0.0
8.0 120.0 0.0
8.0 122.0 0.0
8.0 124.0 0.0
8.0 126.0 0.0
10.0 0.0 0.0
10.0 2.0 0.0
10.0 4.0 0.0
10.0 6.0 0.0
10.0 8.0 0.0
10.0 10.0 0.0
10.0 12.0 0.0
10.0 14.0 0.0
10.0 16.0 0.0
10.0 18.0 0.0
10.0 20.0 0.0
10.0 22.0 0.0
10.0 24.0 0.0
10.0 26.0 0.0
10.0 28.0 0.0
10.0 30.0 0.0
10.0 32.0 0.0
10.0 34.0 0.0
10.0 36.0 0.0
10.0 38.0 0.0
10.0 40.0 0.0
10.0 42.0 0.017054222080432144
10.0 44.0 0.07022360879149818
10.0 46.0 0.12170170461482578
10.0 48.0 0.13497260596199867
10.0 50.0 0.12775790649566335
10.0 52.0 0.07978660196225873
10.0 54.0 0.018581285971307638
10.0 56.0 0.0
10.0 58.0 0.0
10.0 60.0 0.0
10.0 62.0 0.0
10.0 64.0 0.0
10.0 66.0 0.0
10.0 68.0 0.0
10.0 70.0 0.0
10.0 72.0 0.0
10.0 74.0 0.0
10.0 76.0 0.0
10.0 78.0 0.005263543513526064
10.0 80.0 0.04883986360248103
10.0 82.0 0.10324414990557253
10.0 84.0 0.14557987863302116
10.0 86.0 0.16977114706885654
10.0 88.0 0.19144076470142604
10.0 90.0 0.15542646805748553
10.0 92.0 0.060333209554082064
10.0 94.0 0.0089834964918526
10.0 96.0 0.0
10.0 98.0 0.0
10.0 100.0 0.0
10.0 102.0 0.0
10.0 104.0 0.0
10.0 106.0 0.0
10.0 108.0 0.0
10.0 110.0 0.0
10.0 112.0 0.0
10.0 114.0 0.0
10.0 116.0 0.0
10.0 118.0 0.0
10.0 120.0 0.0
10.0 122.0 0.0
10.0 124.0 0.0
10.0 126.0 0.0
12.0 0.0 0.0
12.0 2.0 0.0
12.0 4.0 0.0
12.0 6.0 0.0
12.0 8.0 0.0
12.0 10.0 0.0
12.0 12.0 0.0
12.0 14.0 0.0
12.0 16.0 0.0
12.0 18.0 0.0
12.0 20.0 0.0
12.0 22.0 0.0
12.0 24.0 0.0
12.0 26.0 0.0
12.0 28.0 0.0
12.0 30.0 0.0
12.0 32.0 0.0
12.0 34.0 0.0
12.0 36.0 0.0
12.0 38.0 0.0
12.0 40.0 0.0
12.0 42.0 0.013112906591137138
12.0 44.0 0.08244175644419925
12.0 46.0 0.13377346202287888
12.0 48.0 0.15253795006031187
12.0 50.0 0.15344613860120768
12.0 52.0 0.11690711474647801
12.0 54.0 0.05022748792496263
12.0 56.0 0.00509586717394059
12.0 58.0 0.0
12.0 60.0 0.0
12.0 62.0 0.0
12.0 64.0 0.0
12.0 66.0 0.0
12.0 68.0 0.0
12.0 70.0 0.0
12.0 72.0 0.0
12.0 74.0 0.0
12.0 76.0 0.0
12.0 78.0 0.0
12.0 80.0 0.01608251453576263
12.0 82.0 0.07656291640637498
12.0 84.0 0.12520159955185858
12.0 86.0 0.17220622804538047
12.0 88.0 0.1848762835118188
12.0 90.0 0.19168749811972252
12.0 92.0 0.10005024502974384
12.0 94.0 0.025544705451620357
12.0 96.0 0.0
12.0 98.0 0.0
12.0 100.0 0.0
12.0 102.0 0.0
12.0 104.0 0.0
12.0 106.0 0.0
12.0 108.0 0.0
12.0 110.0 0.0
12.0 112.0 0.0
12.0 114.0 0.0
12.0 116.0 0.0
12.0 118.0 0.0
12.0 120.0 0.0
12.0 122.0 0.0
12.0 124.0 0.0
12.0 126.0 0.0
14.0 0.0 0.0
14.0 2.0 0.0
14.0 4.0 0.0
14.0 6.0 0.0
14.0 8.0 0.0
14.0 10.0 0.0
14.0 12.0 0.0
14.0 14.0 0.0
14.0 16.0 0.0
14.0 18.0 0.0
14.0 20.0 0.0
14.0 22.0 0.0
14.0 24.0 0.0
14.0 26.0 0.0
14.0 28.0 0.0
14.0 30.0 0.0
14.0 32.0 0.0
14.0 34.0 0.0
14.0 36.0 0.0
14.0 38.0 0.0
14.0 40.0 0.0
14.0 42.0 0.01630889104652497
14.0 44.0 0.0943426543111499
14.0 46.0 0.13549866063630436
14.0 48.0 0.1634662517476308
14.0 50.0 0.16929393574675267
14.0 52.0 0.1469507626346452
14.0 54.0 0.09449570264705155
14.0 56.0 0.027151004787024518
14.0 58.0 0.0
14.0 60.0 0.0
14.0 62.0 0.0
14.0 64.0 0.0
14.0 66.0 0.0
14.0 68.0 0.0
14.0 70.0 0.0
14.0 72.0 0.0
14.0 74.0 0.0
14.0 76.0 0.0
14.0 78.0 0.0
14.0 80.0 0.003926947100891163
14.0 82.0 0.048263730128082584
14.0 84.0 0.10975641480270226
14.0 86.0 0.16211017767258717
14.0 88.0 0.18178447035710396
14.0 90.0 0.20170444940879592
14.0 92.0 0.12816434692589296
14.0 94.0 0.04008225880029403
14.0 96.0 0.0
14.0 98.0 0.0
14.0 100.0 0.0
14.0 102.0 0.0
14.0 104.0 0.0
14.0 106.0 0.0
14.0 108.0 0.0
14.0 110.0 0.0
14.0 112.0 0.0
14.0 114.0 0.0
14.0 116.0 0.0
14.0 118.0 0.0
14.0 120.0 0.0
14.0 122.0 0.0
14.0 124.0 0.0
14.0 126.0 0.0
16.0 0.0 0.0
16.0 2.0 0.0
16.0 4.0 0.0
16.0 6.0 0.0
16.0 8.0 0.0
16.0 10.0 0.0
16.0 12.0 0.0
16.0 14.0 0.0
16.0 16.0 0.0
16.0 18.0 0.0
16.0 20.0 0.0
16.0 22.0 0.0
16.0 24.0 0.0
16.0 26.0 0.0
16.0 28.0 0.0
16.0 30.0 0.0
16.0 32.0 0.0
16.0 34.0 0.0
16.0 36.0 0.0
16.0 38.0 0.0
16.0 40.0 0.0
16.0 42.0 0.02255562570595066
16.0 44.0 0.07728344867521351
16.0 46.0 0.1508707016077864
16.0 48.0 0.1950473492623491
16.0 50.0 0.21103914698054393
16.0 52.0 0.19717437158724208
16.0 54.0 0.15102812640813676
16.0 56.0 0.08559393946322129
16.0 58.0 0.01664745642857308
16.0 60.0 0.0
16.0 62.0 0.0
16.0 64.0 0.0
16.0 66.0 0.0
16.0 68.0 0.0
16.0 70.0 0.0
16.0 72.0 0.0
16.0 74.0 0.0
16.0 76.0 0.0
16.0 78.0 0.0
16.0 80.0 5.287076208760254E-4
16.0 82.0 0.02346626857805814
16.0 84.0 0.07610523738176152
16.0 86.0 0.1382399033921457
16.0 88.0 0.1791379367677186
16.0 90.0 0.16904094683673987
16.0 92.0 0.12443401540051936
16.0 94.0 0.0534537506272356
16.0 96.0 0.005908362348514689
16.0 98.0 0.0
16.0 100.0 0.0
16.0 102.0 0.0
16.0 104.0 0.0
16.0 106.0 0.0
16.0 108.0 0.0
16.0 110.0 0.0
16.0 112.0 0.0
16.0 114.0 0.0
16.0 116.0 0.0
16.0 118.0 0.0
16.0 120.0 0.0
16.0 122.0 0.0
16.0 124.0 0.0
16.0 126.0 0.0
18.0 0.0 0.0
18.0 2.0 0.0
18.0 4.0 0.0
18.0 6.0 0.0
18.0 8.0 0.0
18.0 10.0 0.0
18.0 12.0 0.0
18.0 14.0 0.0
18.0 16.0 0.0
18.0 18.0 0.0
18.0 20.0 0.0
18.0 22.0 0.0
18.0 24.0 0.0
18.0 26.0 0.0
18.0 28.0 0.0
18.0 30.0 0.0
18.0 32.0 0.0
18.0 34.0 0.0
18.0 36.0 1.3486006183253965E-4
18.0 38.0 0.0
18.0 40.0 0.005528361608509907
18.0 42.0 0.05223988793127728
18.0 44.0 0.1052270078344933
18.0 46.0 0.15755481574633776
18.0 48.0 0.2027200185461394
18.0 50.0 0.2404441525237686
18.0 52.0 0.23906134545750593
18.0 54.0 0.20621170864385793
18.0 56.0 0.1560235582895523
18.0 58.0 0.05321235879588443
18.0 60.0 0.0
18.0 62.0 0.0
18.0 64.0 0.0
18.0 66.0 0.0
18.0 68.0 0.0
18.0 70.0 0.0
18.0 72.0 0.0
18.0 74.0 0.0
18.0 76.0 0.0
18.0 78.0 0.0
18.0 80.0 0.0
18.0 82.0 0.013840307915289797
18.0 84.0 0.04498580651762074
18.0 86.0 0.09736100154243188
18.0 88.0 0.15281578032887957
18.0 90.0 0.14999484549029082
18.0 92.0 0.11326932049160943
18.0 94.0 0.05067039016747003
18.0 96.0 0.0013713389436118837
18.0 98.0 0.0
18.0 100.0 0.0
18.0 102.0 0.0
18.0 104.0 0.0
18.0 106.0 0.0
18.0 108.0 0.0
18.0 110.0 0.0
18.0 112.0 0.0
18.0 114.0 0.0
18.0 116.0 0.0
18.0 118.0 0.0
18.0 120.0 0.0
18.0 122.0 0.0
18.0 124.0 0.0
18.0 126.0 0.0
20.0 0.0 0.0
20.0 2.0 0.0
20.0 4.0 0.0
20.0 6.0 0.0
20.0 8.0 0.0
20.0 10.0 0.0
20.0 12.0 0.0
20.0 14.0 0.0
20.0 16.0 0.0
20.0 18.0 0.0
20.0 20.0 0.0
20.0 22.0 0.0
20.0 24.0 0.0
20.0 26.0 0.0
20.0 28.0 0.0
20.0 30.0 0.0
20.0 32.0 0.0
20.0 34.0 0.0
20.0 36.0 0.009231252614843827
20.0 38.0 0.015885778321780473
20.0 40.0 0.021378548500746858
20.0 42.0 0.07720576283586442
20.0 44.0 0.1243167473332687
20.0 46.0 0.1692230586683365
20.0 48.0 0.2144386661255672
20.0 50.0 0.2544435619888424
20.0 52.0 0.27985944102526444
20.0 54.0 0.2693819736407262
20.0 56.0 0.22575865937487352
20.0 58.0 0.11849440748932231
20.0 60.0 0.018740317895078115
20.0 62.0 0.0
20.0 64.0 0.0
20.0 66.0 0.0
20.0 68.0 0.0
20.0 70.0 0.0
20.0 72.0 0.0
20.0 74.0 0.0
20.0 76.0 0.0
20.0 78.0 0.0
20.0 80.0 0.0
20.0 82.0 0.0
20.0 84.0 0.017569018907755776
20.0 86.0 0.051059304007098384
20.0 88.0 0.10592091938051956
20.0 90.0 0.11378299068203533
20.0 92.0 0.09014234054071936
20.0 94.0 0.037331711858056435
20.0 96.0 0.0
20.0 98.0 0.0
20.0 100.0 0.0
20.0 102.0 0.0
20.0 104.0 0.0
20.0 106.0 0.0
20.0 108.0 0.0
20.0 110.0 0.0
20.0 112.0 0.0
20.0 114.0 0.0
20.0 116.0 0.0
20.0 118.0 0.0
20.0 120.0 0.0
20.0 122.0 0.0
20.0 124.0 0.0
20.0 126.0 0.0
22.0 0.0 0.0
22.0 2.0 0.0
22.0 4.0 0.0
22.0 6.0 0.0
22.0 8.0 0.0
22.0 10.0 0.0
22.0 12.0 0.0
22.0 14.0 0.0
22.0 16.0 0.0
22.0 18.0 0.0
22.0 20.0 0.0020779807736153303
22.0 22.0 7.562099080475464E-4
22.0 24.0 0.0
22.0 26.0 0.0
22.0 28.0 0.0
22.0 30.0 0.0
22.0 32.0 0.0
22.0 34.0 0.0
22.0 36.0 0.010004024421889293
22.0 38.0 0.02590098445524699
22.0 40.0 0.04828786253971037
22.0 42.0 0.07143911185070069
22.0 44.0 0.1105573319843261
22.0 46.0 0.1625586619171241
22.0 48.0 0.2191123363101376
22.0 50.0 0.296365868321037
22.0 52.0 0.3292530643187396
22.0 54.0 0.3461697165792674
22.0 56.0 0.3234033602131174
22.0 58.0 0.22024932939665165
22.0 60.0 0.0657591133385707
22.0 62.0 0.0026219028794723614
22.0 64.0 0.0
22.0 66.0 0.0
22.0 68.0 0.0
22.0 70.0 0.0
22.0 72.0 0.0
22.0 74.0 0.0
22.0 76.0 0.0
22.0 78.0 0.0
22.0 80.0 0.0
22.0 82.0 0.0
22.0 84.0 4.499406199156935E-4
22.0 86.0 0.016811385314348466
22.0 88.0 0.049898333185277664
22.0 90.0 0.06335312579349751
22.0 92.0 0.05758620019338457
22.0 94.0 0.007816540973594608
22.0 96.0 0.0
22.0 98.0 0.0
22.0 100.0 0.0
22.0 102.0 0.0
22.0 104.0 0.0
22.0 106.0 0.0
22.0 108.0 0.0
22.0 110.0 0.0029209303248848694
22.0 112.0 0.0
22.0 114.0 0.0
22.0 116.0 0.0
22.0 118.0 0.0
22.0 120.0 0.0
22.0 122.0 0.0
22.0 124.0 0.0
22.0 126.0 0.0
24.0 0.0 0.0
24.0 2.0 0.0
24.0 4.0 0.0
24.0 6.0 0.0
24.0 8.0 0.0
24.0 10.0 0.0
24.0 12.0 0.0
24.0 14.0 0.013048554020237252
24.0 16.0 0.04157197145494714
24.0 18.0 0.026822126157385596
24.0 20.0 0.01274400443336571
24.0 22.0 2.1232433928157816E-4
24.0 24.0 0.0
24.0 26.0 0.0
24.0 28.0 0.0
24.0 30.0 0.0
24.0 32.0 0.0
24.0 34.0 0.0
24.0 36.0 6.269187293135551E-4
24.0 38.0 0.013726841175811267
24.0 40.0 0.02800162857655322
24.0 42.0 0.05859467131643308
24.0 44.0 0.1078751103108903
24.0 46.0 0.16314865127101466
24.0 48.0 0.22458910592149453
24.0 50.0 0.3107438185895182
24.0 52.0 0.36392629236123497
24.0 54.0 0.3996842673631178
24.0 56.0 0.3930202203142666
24.0 58.0 0.3293113986819125
24.0 60.0 0.17171050563420365
24.0 62.0 0.04129469423336765
24.0 64.0 0.0
24.0 66.0 0.0
24.0 68.0 0.0
24.0 70.0 0.0
24.0 72.0 0.0
24.0 74.0 0.0
24.0 76.0 0.0
24.0 78.0 0.0
24.0 80.0 0.0
24.0 82.0 0.0
24.0 84.0 0.0
24.0 86.0 0.0
24.0 88.0 0.00977501810448794
24.0 90.0 0.02022479161745382
24.0 92.0 0.01635777095542779
24.0 94.0 0.0016579681752380516
24.0 96.0 0.0
24.0 98.0 0.0
24.0 100.0 0.0
24.0 102.0 0.0
24.0 104.0 0.0
24.0 106.0 0.0
24.0 108.0 0.005299126954452665
24.0 110.0 0.036531362574961826
24.0 112.0 0.11064366123615993
24.0 114.0 0.0
24.0 116.0 0.0
24.0 118.0 0.0
24.0 120.0 0.0
24.0 122.0 0.0
24.0 124.0 0.0
24.0 126.0 0.0
26.0 0.0 0.0
26.0 2.0 0.0
26.0 4.0 0.0
26.0 6.0 0.0
26.0 8.0 0.0
26.0 10.0 0.0
26.0 12.0 0.0
26.0 14.0 0.13342781732546494
26.0 16.0 0.06837663054652288
26.0 18.0 0.030696047069543205
26.0 20.0 0.014615143001206891
26.0 22.0 1.774072332205013E-5
26.0 24.0 0.0
26.0 26.0 0.0
26.0 28.0 0.0
26.0 30.0 0.0
26.0 32.0 0.0
26.0 34.0 0.0
26.0 36.0 0.0
26.0 38.0 0.0
26.0 40.0 0.011984553366634135
26.0 42.0 0.03220220990256069
26.0 44.0 0.07390080078078766
26.0 46.0 0.13710724262745233
26.0 48.0 0.21329993220826707
26.0 50.0 0.3132447832220772
26.0 52.0 0.3850420462320703
26.0 54.0 0.43147385717984826
26.0 56.0 0.4534564405070111
26.0 58.0 0.4313749935536153
26.0 60.0 0.3135654355876062
26.0 62.0 0.1315616460619672
26.0 64.0 0.029293584585832266
26.0 66.0 0.0
26.0 68.0 0.0
26.0 70.0 0.0
26.0 72.0 0.0
26.0 74.0 0.0
26.0 76.0 0.0
26.0 78.0 0.0
26.0 80.0 0.0
26.0 82.0 0.0
26.0 84.0 0.0
26.0 86.0 0.0
26.0 88.0 2.6873223278740967E-4
26.0 90.0 2.8442346386463367E-4
26.0 92.0 4.538992333180324E-4
26.0 94.0 0.0
26.0 96.0 0.0
26.0 98.0 0.0
26.0 100.0 0.0
26.0 102.0 0.0
26.0 104.0 0.0
26.0 106.0 1.606953224793977E-4
26.0 108.0 0.01791639816115648
26.0 110.0 0.06453417738709412
26.0 112.0 0.14068321790060498
26.0 114.0 0.22343432752857714
26.0 116.0 0.0
26.0 118.0 0.0
26.0 120.0 0.0
26.0 122.0 0.0
26.0 124.0 0.0
26.0 126.0 0.0
28.0 0.0 0.0
28.0 2.0 0.0
28.0 4.0 0.0
28.0 6.0 0.0
28.0 8.0 0.0
28.0 10.0 0.0
28.0 12.0 0.20854144968731017
28.0 14.0 0.07006848351946672
28.0 16.0 0.04720528753373843
28.0 18.0 0.025712110936000707
28.0 20.0 0.008446250721759682
28.0 22.0 0.0
28.0 24.0 0.0
28.0 26.0 0.0
28.0 28.0 0.0
28.0 30.0 0.0
28.0 32.0 0.0
28.0 34.0 0.0
28.0 36.0 0.0
28.0 38.0 0.0
28.0 40.0 0.0
28.0 42.0 0.005745645083592039
28.0 44.0 0.02956086976853377
28.0 46.0 0.07992499032539845
28.0 48.0 0.1557181106844636
28.0 50.0 0.2906065592204525
28.0 52.0 0.3861542353659699
28.0 54.0 0.4487712037093931
28.0 56.0 0.48604850075529926
28.0 58.0 0.5056292112807151
28.0 60.0 0.4430140407451204
28.0 62.0 0.2933710765846796
28.0 64.0 0.11195223474178372
28.0 66.0 0.016721443537478727
28.0 68.0 0.0
28.0 70.0 0.0
28.0 72.0 0.0
28.0 74.0 0.0
28.0 76.0 0.0
28.0 78.0 0.0
28.0 80.0 0.0
28.0 82.0 0.0
28.0 84.0 0.0
28.0 86.0 0.0
28.0 88.0 0.0
28.0 90.0 0.0
28.0 92.0 5.336749137716627E-4
28.0 94.0 0.0052919437413053464
28.0 96.0 0.0024043059484538504
28.0 98.0 0.0
28.0 100.0 0.0
28.0 102.0 0.0
28.0 104.0 0.0
28.0 106.0 0.0017905600203246732
28.0 108.0 0.025909173091362977
28.0 110.0 0.08428712540392497
28.0 112.0 0.15005186193822698
28.0 114.0 0.2212399570259714
28.0 116.0 0.26166882158247357
28.0 118.0 0.0
28.0 120.0 0.0
28.0 122.0 0.0
28.0 124.0 0.0
28.0 126.0 0.0
30.0 0.0 0.0
30.0 2.0 0.0
30.0 4.0 0.0
30.0 6.0 0.0
30.0 8.0 0.0
30.0 10.0 0.1504516855677674
30.0 12.0 0.022302112019600914
30.0 14.0 0.020688741879640385
30.0 16.0 0.008310300861180642
30.0 18.0 0.013980043610976904
30.0 20.0 0.015296967657311394
30.0 22.0 0.004191450137205612
30.0 24.0 0.0
30.0 26.0 0.0
30.0 28.0 0.0
30.0 30.0 0.0
30.0 32.0 0.0
30.0 34.0 0.0
30.0 36.0 0.0
30.0 38.0 0.0
30.0 40.0 0.0
30.0 42.0 0.0
30.0 44.0 2.5323213333004705E-5
30.0 46.0 0.0334144406037378
30.0 48.0 0.12349641036280469
30.0 50.0 0.24733897557659076
30.0 52.0 0.3773225436770506
30.0 54.0 0.4506411716438585
30.0 56.0 0.48601699346499694
30.0 58.0 0.5267932020020547
30.0 60.0 0.5153814711753856
30.0 62.0 0.4212873208933548
30.0 64.0 0.2491857024727234
30.0 66.0 0.0831533245465756
30.0 68.0 0.008156244014301477
30.0 70.0 0.0
30.0 72.0 0.0
30.0 74.0 0.0
30.0 76.0 0.0
30.0 78.0 0.0
30.0 80.0 0.0
30.0 82.0 0.0
30.0 84.0 0.0
30.0 86.0 0.0
30.0 88.0 0.0
30.0 90.0 0.0
30.0 92.0 0.0012723550366970486
30.0 94.0 0.022024885180752397
30.0 96.0 0.04433616455098296
30.0 98.0 0.03728136978930844
30.0 100.0 0.022026776714156066
30.0 102.0 0.012603161178444344
30.0 104.0 0.009442941440690297
30.0 106.0 0.008644874764714969
30.0 108.0 0.035029763437901554
30.0 110.0 0.08833636432215952
30.0 112.0 0.14976988683438905
30.0 114.0 0.18346241119235018
30.0 116.0 0.20026148419887438
30.0 118.0 0.0
30.0 120.0 0.0
30.0 122.0 0.0
30.0 124.0 0.0
30.0 126.0 0.0
32.0 0.0 0.0
32.0 2.0 0.0
32.0 4.0 0.0
32.0 6.0 0.0
32.0 8.0 0.0
32.0 10.0 0.045057606694707764
32.0 12.0 0.0
32.0 14.0 0.0
32.0 16.0 0.013520597716008354
32.0 18.0 0.04297454842479601
32.0 20.0 0.04890857893868481
32.0 22.0 0.017228998659215445
32.0 24.0 0.0
32.0 26.0 0.0
32.0 28.0 0.0
32.0 30.0 0.0
32.0 32.0 0.0
32.0 34.0 0.0
32.0 36.0 0.0
32.0 38.0 0.0
32.0 40.0 0.0
32.0 42.0 0.0
32.0 44.0 0.0014217771062150582
32.0 46.0 0.023762306575580733
32.0 48.0 0.07450393193388807
32.0 50.0 0.18773749370736867
32.0 52.0 0.3388139749956108
32.0 54.0 0.4286129669495104
32.0 56.0 0.46918887747952875
32.0 58.0 0.5200792903276893
32.0 60.0 0.5317158592480559
32.0 62.0 0.48429060957287967
32.0 64.0 0.36449613468736364
32.0 66.0 0.17258244139891818
32.0 68.0 0.042248175705991514
32.0 70.0 0.0
32.0 72.0 0.0
32.0 74.0 0.0
32.0 76.0 0.0
32.0 78.0 0.0
32.0 80.0 0.0
32.0 82.0 0.0
32.0 84.0 0.0
32.0 86.0 0.0
32.0 88.0 0.0
32.0 90.0 0.0
32.0 92.0 0.013629750036459951
32.0 94.0 0.06466493002822842
32.0 96.0 0.11229964376040032
32.0 98.0 0.11970993634268158
32.0 100.0 0.10000299467527564
32.0 102.0 0.08732960397989105
32.0 104.0 0.0715294831312664
32.0 106.0 0.05831468934189482
32.0 108.0 0.08621036262924835
32.0 110.0 0.11825107837135539
32.0 112.0 0.138005501754678
32.0 114.0 0.11601857999738983
32.0 116.0 0.06592926798671307
32.0 118.0 0.006835813213031903
32.0 120.0 0.0
32.0 122.0 0.0
32.0 124.0 0.0
32.0 126.0 0.0
34.0 0.0 0.0
34.0 2.0 0.0
34.0 4.0 0.0
34.0 6.0 0.0
34.0 8.0 0.0
34.0 10.0 0.0
34.0 12.0 0.0
34.0 14.0 0.0
34.0 16.0 0.02522464889432077
34.0 18.0 0.06262458036849276
34.0 20.0 0.044652290882330366
34.0 22.0 0.03792752562838431
34.0 24.0 0.009125600294994419
34.0 26.0 0.0
34.0 28.0 0.0
34.0 30.0 0.0
34.0 32.0 0.0
34.0 34.0 0.0
34.0 36.0 0.0
34.0 38.0 0.0
34.0 40.0 0.0
34.0 42.0 0.0
34.0 44.0 0.0
34.0 46.0 0.01164466687980295
34.0 48.0 0.059180497482808715
34.0 50.0 0.15137966185860352
34.0 52.0 0.2731977716768036
34.0 54.0 0.3861788192261122
34.0 56.0 0.46755760127346485
34.0 58.0 0.5146139618485127
34.0 60.0 0.5297900710280722
34.0 62.0 0.5071818060418772
34.0 64.0 0.42649825904111544
34.0 66.0 0.2744033115829793
34.0 68.0 0.1022584574471989
34.0 70.0 0.016760976608006458
34.0 72.0 0.0
34.0 74.0 0.0
34.0 76.0 0.0
34.0 78.0 0.0
34.0 80.0 0.0
34.0 82.0 0.0
34.0 84.0 0.0
34.0 86.0 0.0
34.0 88.0 0.0
34.0 90.0 0.0
34.0 92.0 0.03277942883134163
34.0 94.0 0.1054603054746182
34.0 96.0 0.17860864883844493
34.0 98.0 0.20845314082643496
34.0 100.0 0.2083628880872158
34.0 102.0 0.194654348567306
34.0 104.0 0.15736733178636453
34.0 106.0 0.14414547888096255
34.0 108.0 0.1432839957914563
34.0 110.0 0.15340028438000608
34.0 112.0 0.11410258992549471
34.0 114.0 0.03772688757061952
34.0 116.0 0.0025910585812601826
34.0 118.0 0.0
34.0 120.0 0.0
34.0 122.0 0.0
34.0 124.0 0.0
34.0 126.0 0.0
36.0 0.0 0.0
36.0 2.0 0.0
36.0 4.0 0.0
36.0 6.0 0.0
36.0 8.0 0.0
36.0 10.0 0.0
36.0 12.0 0.0
36.0 14.0 0.0
36.0 16.0 0.028214125925634412
36.0 18.0 0.07346841750488707
36.0 20.0 0.06430111650207358
36.0 22.0 0.06365449601407909
36.0 24.0 0.026816489575406163
36.0 26.0 0.0024003954679384797
36.0 28.0 0.0
36.0 30.0 0.0
36.0 32.0 0.0
36.0 34.0 0.0
36.0 36.0 0.0
36.0 38.0 0.0
36.0 40.0 0.0
36.0 42.0 0.0
36.0 44.0 0.0
36.0 46.0 0.007088720228247879
36.0 48.0 0.04203833929996412
36.0 50.0 0.1283382320830205
36.0 52.0 0.22601992109646454
36.0 54.0 0.332330978135079
36.0 56.0 0.4219419134719435
36.0 58.0 0.48932642437107887
36.0 60.0 0.5170969505273496
36.0 62.0 0.5129074787008644
36.0 64.0 0.4593113033954171
36.0 66.0 0.3363552491931265
36.0 68.0 0.14937600029222853
36.0 70.0 0.03622771315881216
36.0 72.0 0.0
36.0 74.0 0.0
36.0 76.0 0.0
36.0 78.0 0.0
36.0 80.0 0.0
36.0 82.0 0.0
36.0 84.0 0.0
36.0 86.0 0.0
36.0 88.0 0.0
36.0 90.0 0.0
36.0 92.0 0.043432631659072844
36.0 94.0 0.14860807809848128
36.0 96.0 0.24080227622459163
36.0 98.0 0.295306708149284
36.0 100.0 0.3060206684067756
36.0 102.0 0.2899974975127788
36.0 104.0 0.22003563106336757
36.0 106.0 0.19905082453461176
36.0 108.0 0.17354214652911815
36.0 110.0 0.1628021195884183
36.0 112.0 0.08472390918201161
36.0 114.0 0.019289599877622726
36.0 116.0 0.0
36.0 118.0 0.0
36.0 120.0 0.0
36.0 122.0 0.0
36.0 124.0 0.0
36.0 126.0 0.0
38.0 0.0 0.0
38.0 2.0 0.0
38.0 4.0 0.0
38.0 6.0 0.0
38.0 8.0 0.0
38.0 10.0 0.0
38.0 12.0 0.0
38.0 14.0 0.013628724589277079
38.0 16.0 0.12047261347849063
38.0 18.0 0.14836845581949668
38.0 20.0 0.1127283070799213
38.0 22.0 0.08855168516768229
38.0 24.0 0.03713516441912627
38.0 26.0 0.010088532403937246
38.0 28.0 0.0
38.0 30.0 0.0
38.0 32.0 0.0
38.0 34.0 0.0
38.0 36.0 0.0
38.0 38.0 0.0
38.0 40.0 0.0
38.0 42.0 0.0
38.0 44.0 0.0
38.0 46.0 7.874083247596074E-4
38.0 48.0 0.027262322880136445
38.0 50.0 0.08749906072022529
38.0 52.0 0.20125322991615724
38.0 54.0 0.3067717110205236
38.0 56.0 0.3996048374308576
38.0 58.0 0.46235863924551146
38.0 60.0 0.49742251781140906
38.0 62.0 0.5033711685589227
38.0 64.0 0.46973197627546703
38.0 66.0 0.37147584952977725
38.0 68.0 0.18775273302267248
38.0 70.0 0.05905744660850646
38.0 72.0 0.0017420070307527936
38.0 74.0 0.0
38.0 76.0 0.0
38.0 78.0 0.0
38.0 80.0 0.0
38.0 82.0 0.0
38.0 84.0 0.0
38.0 86.0 0.0
38.0 88.0 0.0
38.0 90.0 0.0
38.0 92.0 0.06235329609845788
38.0 94.0 0.2018461392944683
38.0 96.0 0.313509380454491
38.0 98.0 0.3686278556794574
38.0 100.0 0.381329085006211
38.0 102.0 0.3050885737343451
38.0 104.0 0.2651973782220413
38.0 106.0 0.23127575484272558
38.0 108.0 0.19031453494258246
38.0 110.0 0.1582411757778813
38.0 112.0 0.06069182042135557
38.0 114.0 0.00668789862017865
38.0 116.0 0.0
38.0 118.0 0.0
38.0 120.0 0.0
38.0 122.0 0.0
38.0 124.0 0.0
38.0 126.0 0.0
40.0 0.0 0.0
40.0 2.0 0.0
40.0 4.0 0.0
40.0 6.0 0.0
40.0 8.0 0.0
40.0 10.0 0.0
40.0 12.0 0.0
40.0 14.0 0.035803575168143045
40.0 16.0 0.17284281848848462
40.0 18.0 0.20244415135229188
40.0 20.0 0.16803908075560078
40.0 22.0 0.10211288935718933
40.0 24.0 0.04985469359889023
40.0 26.0 0.027804287901894733
40.0 28.0 0.0024726901435509984
40.0 30.0 0.0
40.0 32.0 0.0
40.0 34.0 0.0
40.0 36.0 0.0
40.0 38.0 0.0
40.0 40.0 0.0
40.0 42.0 0.0
40.0 44.0 0.0
40.0 46.0 0.0
40.0 48.0 0.011255225760346052
40.0 50.0 0.06235335784613568
40.0 52.0 0.1562406394022949
40.0 54.0 0.27269039489170604
40.0 56.0 0.37011358877828365
40.0 58.0 0.43520842966731793
40.0 60.0 0.47279672412199286
40.0 62.0 0.48229375816556014
40.0 64.0 0.4606164642510819
40.0 66.0 0.3944049930290457
40.0 68.0 0.24428518627566118
40.0 70.0 0.09073923405197754
40.0 72.0 0.015752704618455748
40.0 74.0 0.0
40.0 76.0 0.0
40.0 78.0 0.0
40.0 80.0 0.0
40.0 82.0 0.0
40.0 84.0 0.0
40.0 86.0 0.0
40.0 88.0 0.0
40.0 90.0 0.0
40.0 92.0 0.08306796515207894
40.0 94.0 0.23670065988126265
40.0 96.0 0.3586843116592304
40.0 98.0 0.4196995409425392
40.0 100.0 0.4367749540068994
40.0 102.0 0.33717465898973514
40.0 104.0 0.2900821656719628
40.0 106.0 0.24565179698222642
40.0 108.0 0.1912113809709631
40.0 110.0 0.130607131816242
40.0 112.0 0.04712910679111645
40.0 114.0 0.0
40.0 116.0 0.0
40.0 118.0 0.0
40.0 120.0 0.0
40.0 122.0 0.0
40.0 124.0 0.0
40.0 126.0 0.0
42.0 0.0 0.0
42.0 2.0 0.0
42.0 4.0 0.0
42.0 6.0 0.0
42.0 8.0 0.0
42.0 10.0 0.0
42.0 12.0 0.04117908799359884
42.0 14.0 0.21947801653988985
42.0 16.0 0.29282074558693527
42.0 18.0 0.2838341235809554
42.0 20.0 0.2162495590034772
42.0 22.0 0.15311203134007223
42.0 24.0 0.07531248834375202
42.0 26.0 0.033536390648844054
42.0 28.0 0.0051073338471907806
42.0 30.0 0.0
42.0 32.0 0.0
42.0 34.0 0.0
42.0 36.0 0.0
42.0 38.0 0.0
42.0 40.0 0.0
42.0 42.0 0.0
42.0 44.0 0.0
42.0 46.0 0.0
42.0 48.0 0.0034729900233280322
42.0 50.0 0.046036207481883175
42.0 52.0 0.13349245405204505
42.0 54.0 0.24267285263220773
42.0 56.0 0.3409547317006312
42.0 58.0 0.4098615841065192
42.0 60.0 0.4500437351042039
42.0 62.0 0.4624379231699145
42.0 64.0 0.4458992892570548
42.0 66.0 0.40056592240255534
42.0 68.0 0.30030250668057873
42.0 70.0 0.1329792939058762
42.0 72.0 0.04034235297610483
42.0 74.0 0.0
42.0 76.0 0.0
42.0 78.0 0.0
42.0 80.0 0.0
42.0 82.0 0.0
42.0 84.0 0.0
42.0 86.0 0.0
42.0 88.0 0.0
42.0 90.0 0.0
42.0 92.0 0.09699292261002185
42.0 94.0 0.24948783898434157
42.0 96.0 0.36410262018937817
42.0 98.0 0.43871884379549714
42.0 100.0 0.45443930529280036
42.0 102.0 0.385431037322872
42.0 104.0 0.3040931576818545
42.0 106.0 0.24448442117697136
42.0 108.0 0.17575059529504058
42.0 110.0 0.09130880732553241
42.0 112.0 0.03294388455661094
42.0 114.0 0.0
42.0 116.0 0.0
42.0 118.0 0.0
42.0 120.0 0.0
42.0 122.0 0.0
42.0 124.0 0.0
42.0 126.0 0.0
44.0 0.0 0.0
44.0 2.0 0.0
44.0 4.0 0.0
44.0 6.0 0.0
44.0 8.0 0.0
44.0 10.0 0.0
44.0 12.0 0.0977023963367495
44.0 14.0 0.2707518047421304
44.0 16.0 0.3474573153463146
44.0 18.0 0.3157020255078367
44.0 20.0 0.26918860859441934
44.0 22.0 0.1793952446931257
44.0 24.0 0.10111741723295042
44.0 26.0 0.04457042807794808
44.0 28.0 0.006851408152002238
44.0 30.0 0.0
44.0 32.0 0.0
44.0 34.0 0.0
44.0 36.0 0.0
44.0 38.0 0.0
44.0 40.0 0.0
44.0 42.0 0.0
44.0 44.0 0.0
44.0 46.0 0.0
44.0 48.0 5.06544672744052E-4
44.0 50.0 0.03140101610175927
44.0 52.0 0.1087494453009885
44.0 54.0 0.21247593749114616
44.0 56.0 0.31465538721566166
44.0 58.0 0.3880696110119956
44.0 60.0 0.4313991245598847
44.0 62.0 0.4478216561157114
44.0 64.0 0.43830695720249774
44.0 66.0 0.39972291727254006
44.0 68.0 0.3223267013944859
44.0 70.0 0.20003902088358724
44.0 72.0 0.06847495907107354
44.0 74.0 0.006631817495900499
44.0 76.0 0.0
44.0 78.0 0.0
44.0 80.0 0.0
44.0 82.0 0.0
44.0 84.0 0.0
44.0 86.0 0.0
44.0 88.0 0.0
44.0 90.0 0.0
44.0 92.0 0.09848388905463819
44.0 94.0 0.26045015242467995
44.0 96.0 0.35881490559127055
44.0 98.0 0.4120033206662767
44.0 100.0 0.4262079231451113
44.0 102.0 0.40280199714538617
44.0 104.0 0.3188957940354992
44.0 106.0 0.22622878012735345
44.0 108.0 0.1387909931687825
44.0 110.0 0.06563573127671411
44.0 112.0 0.01687909054499872
44.0 114.0 0.0
44.0 116.0 0.0
44.0 118.0 0.0
44.0 120.0 0.0
44.0 122.0 0.0
44.0 124.0 0.0
44.0 126.0 0.0
46.0 0.0 0.0
46.0 2.0 0.0
46.0 4.0 0.0
46.0 6.0 0.0
46.0 8.0 0.0
46.0 10.0 0.0014691600401251798
46.0 12.0 0.1371234282673338
46.0 14.0 0.3116643753528688
46.0 16.0 0.373291801587237
46.0 18.0 0.33869539406134813
46.0 20.0 0.29053622954971325
46.0 22.0 0.19605739722076265
46.0 24.0 0.11381766715497611
46.0 26.0 0.04929773902404851
46.0 28.0 0.00653723577055411
46.0 30.0 0.0
46.0 32.0 0.0
46.0 34.0 0.0
46.0 36.0 0.0
46.0 38.0 0.0
46.0 40.0 0.0
46.0 42.0 0.0
46.0 44.0 0.0
46.0 46.0 0.0
46.0 48.0 0.0
46.0 50.0 0.01990652411206148
46.0 52.0 0.07876863230226801
46.0 54.0 0.17148327406160224
46.0 56.0 0.28026486817817187
46.0 58.0 0.3656419511447712
46.0 60.0 0.416366523716867
46.0 62.0 0.38671335263475304
46.0 64.0 0.36745080254868884
46.0 66.0 0.34643391814871544
46.0 68.0 0.30802514516079943
46.0 70.0 0.2547402021649933
46.0 72.0 0.11098145489229112
46.0 74.0 0.022559073028488235
46.0 76.0 0.0
46.0 78.0 0.0
46.0 80.0 0.0
46.0 82.0 0.0
46.0 84.0 0.0
46.0 86.0 0.0
46.0 88.0 0.0
46.0 90.0 0.0
46.0 92.0 0.09207871044033523
46.0 94.0 0.2260759431578728
46.0 96.0 0.3024234198826509
46.0 98.0 0.341026922694926
46.0 100.0 0.379945472964993
46.0 102.0 0.3618904243205811
46.0 104.0 0.2910858675263614
46.0 106.0 0.19195381637021228
46.0 108.0 0.09649664722700614
46.0 110.0 0.037797224873230624
46.0 112.0 0.001310300442983344
46.0 114.0 0.0
46.0 116.0 0.0
46.0 118.0 0.0
46.0 120.0 0.0
46.0 122.0 0.0
46.0 124.0 0.0
46.0 126.0 0.0
48.0 0.0 0.0
48.0 2.0 0.0
48.0 4.0 0.0
48.0 6.0 0.0
48.0 8.0 0.0
48.0 10.0 0.10011139105234289
48.0 12.0 0.257842502262854
48.0 14.0 0.3557309612161741
48.0 16.0 0.37783016508740214
48.0 18.0 0.35851969584763244
48.0 20.0 0.3066337734565292
48.0 22.0 0.20614656828968678
48.0 24.0 0.11841411614819658
48.0 26.0 0.047777055632968524
48.0 28.0 0.0047928664816254745
48.0 30.0 0.0
48.0 32.0 0.0
48.0 34.0 0.0
48.0 36.0 0.0
48.0 38.0 0.0
48.0 40.0 0.0
48.0 42.0 0.0
48.0 44.0 0.0
48.0 46.0 0.0
48.0 48.0 0.0
48.0 50.0 0.01184238705255731
48.0 52.0 0.041645429970558784
48.0 54.0 0.11727227202962896
48.0 56.0 0.22793592510866587
48.0 58.0 0.3139848727115738
48.0 60.0 0.3258474434094341
48.0 62.0 0.3475021214589656
48.0 64.0 0.3520668101953024
48.0 66.0 0.33873820364620794
48.0 68.0 0.3123436037576127
48.0 70.0 0.2800750056042755
48.0 72.0 0.14603432529822102
48.0 74.0 0.03626734242131806
48.0 76.0 0.0
48.0 78.0 0.0
48.0 80.0 0.0
48.0 82.0 0.0
48.0 84.0 0.0
48.0 86.0 0.0
48.0 88.0 0.0
48.0 90.0 0.0031844742436471615
48.0 92.0 0.1041722551103156
48.0 94.0 0.1977440483308234
48.0 96.0 0.2521437244037077
48.0 98.0 0.2773556064884838
48.0 100.0 0.32734307397875195
48.0 102.0 0.3089322701254899
48.0 104.0 0.2372208888497395
48.0 106.0 0.1390104863555535
48.0 108.0 0.06202619144648042
48.0 110.0 0.015784423935872174
48.0 112.0 0.0
48.0 114.0 0.0
48.0 116.0 0.0
48.0 118.0 0.0
48.0 120.0 0.0
48.0 122.0 0.0
48.0 124.0 0.0
48.0 126.0 0.0
50.0 0.0 0.0
50.0 2.0 0.0
50.0 4.0 0.0
50.0 6.0 0.0
50.0 8.0 0.008970037156717016
50.0 10.0 0.12143408020219071
50.0 12.0 0.2574591768189125
50.0 14.0 0.31918542373821335
50.0 16.0 0.3481671737314311
50.0 18.0 0.3338485260823851
50.0 20.0 0.2916286341900638
50.0 22.0 0.2061641971347705
50.0 24.0 0.109541754914957
50.0 26.0 0.04086895453012776
50.0 28.0 0.0
50.0 30.0 0.0
50.0 32.0 0.0
50.0 34.0 0.0
50.0 36.0 0.0
50.0 38.0 0.0
50.0 40.0 0.0
50.0 42.0 0.0
50.0 44.0 0.0
50.0 46.0 0.0
50.0 48.0 0.0
50.0 50.0 0.0
50.0 52.0 0.011020184153955448
50.0 54.0 0.05848049501021066
50.0 56.0 0.14594400185018566
50.0 58.0 0.24639512274327882
50.0 60.0 0.2800701842906105
50.0 62.0 0.3078298516347481
50.0 64.0 0.3239355258591465
50.0 66.0 0.3209618863677106
50.0 68.0 0.31388564250713474
50.0 70.0 0.293301831035274
50.0 72.0 0.16131261719885798
50.0 74.0 0.044437839681907294
50.0 76.0 0.0035117853396432787
50.0 78.0 0.0
50.0 80.0 0.0
50.0 82.0 0.0
50.0 84.0 0.0
50.0 86.0 0.0
50.0 88.0 0.0
50.0 90.0 0.0024643521992848538
50.0 92.0 0.08265180317649008
50.0 94.0 0.16932505158917113
50.0 96.0 0.21211163993264948
50.0 98.0 0.23130216808541137
50.0 100.0 0.22678708519407995
50.0 102.0 0.2276849237474375
50.0 104.0 0.18130250835044434
50.0 106.0 0.10138738637973492
50.0 108.0 0.04415226895277737
50.0 110.0 0.005524122555038186
50.0 112.0 0.0
50.0 114.0 0.0
50.0 116.0 0.0
50.0 118.0 0.0
50.0 120.0 0.0
50.0 122.0 0.0
50.0 124.0 0.0
50.0 126.0 0.0
52.0 0.0 0.0
52.0 2.0 0.0
52.0 4.0 0.0
52.0 6.0 0.0
52.0 8.0 0.01912504540007667
52.0 10.0 0.13775083577149164
52.0 12.0 0.24286668081641324
52.0 14.0 0.28688219613384097
52.0 16.0 0.3164370512701922
52.0 18.0 0.30661835975217394
52.0 20.0 0.27359836155329537
52.0 22.0 0.20387707691589677
52.0 24.0 0.09557317343558908
52.0 26.0 0.03205759357903278
52.0 28.0 0.0
52.0 30.0 0.0
52.0 32.0 0.0
52.0 34.0 0.0
52.0 36.0 0.0
52.0 38.0 0.0
52.0 40.0 0.0
52.0 42.0 0.0
52.0 44.0 0.0
52.0 46.0 0.0
52.0 48.0 0.0
52.0 50.0 0.0
52.0 52.0 0.0
52.0 54.0 0.007674852802186682
52.0 56.0 0.05515230590885595
52.0 58.0 0.14460236709047855
52.0 60.0 0.21457795781291147
52.0 62.0 0.2673889145325623
52.0 64.0 0.2919654644132113
52.0 66.0 0.2997689244079749
52.0 68.0 0.31097117844693417
52.0 70.0 0.28454870840062796
52.0 72.0 0.1628368907068025
52.0 74.0 0.046137895263171746
52.0 76.0 0.007197334931975627
52.0 78.0 0.0
52.0 80.0 0.0
52.0 82.0 0.0
52.0 84.0 0.0
52.0 86.0 0.0
52.0 88.0 0.0
52.0 90.0 0.002601219039674929
52.0 92.0 0.0668203122534887
52.0 94.0 0.13706942587244958
52.0 96.0 0.16857008455750788
52.0 98.0 0.18203979249941005
52.0 100.0 0.17649325209553837
52.0 102.0 0.1647727083459485
52.0 104.0 0.14092806738715258
52.0 106.0 0.0703916229828753
52.0 108.0 0.025236540505189562
52.0 110.0 0.0
52.0 112.0 0.0
52.0 114.0 0.0
52.0 116.0 0.0
52.0 118.0 0.0
52.0 120.0 0.0
52.0 122.0 0.0
52.0 124.0 0.0
52.0 126.0 0.0
54.0 0.0 0.0
54.0 2.0 0.0
54.0 4.0 0.0
54.0 6.0 0.0
54.0 8.0 0.0071379779347442345
54.0 10.0 0.09974151383941814
54.0 12.0 0.21468996966639206
54.0 14.0 0.25950166122509094
54.0 16.0 0.2868872255725786
54.0 18.0 0.27940503920786913
54.0 20.0 0.2488098452255694
54.0 22.0 0.17753850545036656
54.0 24.0 0.07463495896045293
54.0 26.0 0.01993486138679436
54.0 28.0 0.0
54.0 30.0 0.0
54.0 32.0 0.0
54.0 34.0 0.0
54.0 36.0 0.0
54.0 38.0 0.0
54.0 40.0 0.0
54.0 42.0 0.0
54.0 44.0 0.0
54.0 46.0 0.0
54.0 48.0 0.0
54.0 50.0 0.0
54.0 52.0 0.0
54.0 54.0 0.0
54.0 56.0 4.206500662860474E-4
54.0 58.0 0.03431161148398523
54.0 60.0 0.1292675124018904
54.0 62.0 0.20795802128914717
54.0 64.0 0.25040786626206085
54.0 66.0 0.2673961874278418
54.0 68.0 0.2804971491043596
54.0 70.0 0.2542566608892621
54.0 72.0 0.13677017368033748
54.0 74.0 0.030372684230878952
54.0 76.0 0.012210298572841852
54.0 78.0 0.0
54.0 80.0 0.0
54.0 82.0 0.0
54.0 84.0 0.0
54.0 86.0 0.0
54.0 88.0 0.0
54.0 90.0 0.006131768992043013
54.0 92.0 0.05479043465757247
54.0 94.0 0.10619071728300676
54.0 96.0 0.13184331342321157
54.0 98.0 0.1434960558317763
54.0 100.0 0.13965329260165424
54.0 102.0 0.1254993384465886
54.0 104.0 0.10886599491922416
54.0 106.0 0.051379713389398035
54.0 108.0 0.017984554484298233
54.0 110.0 0.0
54.0 112.0 0.0
54.0 114.0 0.0
54.0 116.0 0.0
54.0 118.0 0.0
54.0 120.0 0.0
54.0 122.0 0.0
54.0 124.0 0.0
54.0 126.0 0.0
56.0 0.0 0.0
56.0 2.0 0.0
56.0 4.0 0.0
56.0 6.0 0.0
56.0 8.0 0.003132795819607169
56.0 10.0 0.07894272330546558
56.0 12.0 0.17772050945965787
56.0 14.0 0.21170215469596412
56.0 16.0 0.23252758303382529
56.0 18.0 0.2365260039464526
56.0 20.0 0.21043267282528108
56.0 22.0 0.13724377247715216
56.0 24.0 0.04607607077634588
56.0 26.0 0.0049131130219064265
56.0 28.0 0.0
56.0 30.0 0.0
56.0 32.0 0.0
56.0 34.0 0.0
56.0 36.0 0.0
56.0 38.0 0.0
56.0 40.0 0.0
56.0 42.0 0.0
56.0 44.0 0.0
56.0 46.0 0.0
56.0 48.0 0.0
56.0 50.0 0.0
56.0 52.0 0.0
56.0 54.0 0.0
56.0 56.0 0.0
56.0 58.0 0.0
56.0 60.0 0.03798557085204643
56.0 62.0 0.12902260003254515
56.0 64.0 0.18354596773875764
56.0 66.0 0.21278769994246402
56.0 68.0 0.2501720310610412
56.0 70.0 0.1868053651286682
56.0 72.0 0.08321194017235188
56.0 74.0 0.007546704380194588
56.0 76.0 0.014763294764136244
56.0 78.0 0.0
56.0 80.0 0.0
56.0 82.0 0.0
56.0 84.0 0.0
56.0 86.0 0.0
56.0 88.0 0.0
56.0 90.0 0.014476384222232972
56.0 92.0 0.04319941069722883
56.0 94.0 0.06527808107559999
56.0 96.0 0.08208445436880482
56.0 98.0 0.0957178772110346
56.0 100.0 0.09551233827756267
56.0 102.0 0.08735131286816199
56.0 104.0 0.0742877700945564
56.0 106.0 0.041479408363039365
56.0 108.0 0.0038390250428861454
56.0 110.0 0.0
56.0 112.0 0.0
56.0 114.0 0.0
56.0 116.0 0.0
56.0 118.0 0.0
56.0 120.0 0.0
56.0 122.0 0.0
56.0 124.0 0.0
56.0 126.0 0.0
58.0 0.0 0.0
58.0 2.0 0.0
58.0 4.0 0.0
58.0 6.0 0.0
58.0 8.0 0.0019123682231241834
58.0 10.0 0.05166803300062875
58.0 12.0 0.1297363879946252
58.0 14.0 0.1742939670305451
58.0 16.0 0.19239993308332715
58.0 18.0 0.19878276662295205
58.0 20.0 0.15692158994396502
58.0 22.0 0.09044552090635632
58.0 24.0 0.02288835739049379
58.0 26.0 0.0
58.0 28.0 0.0
58.0 30.0 0.0
58.0 32.0 0.0
58.0 34.0 0.0
58.0 36.0 0.0
58.0 38.0 0.0
58.0 40.0 0.0
58.0 42.0 0.0
58.0 44.0 6.299748628088121E-5
58.0 46.0 0.0
58.0 48.0 0.0
58.0 50.0 0.0
58.0 52.0 0.0
58.0 54.0 0.0
58.0 56.0 0.0
58.0 58.0 0.0
58.0 60.0 0.0
58.0 62.0 0.025479676697948418
58.0 64.0 0.0857239559872857
58.0 66.0 0.1266702206692967
58.0 68.0 0.14150289070130403
58.0 70.0 0.10039588345793832
58.0 72.0 0.02753888496960546
58.0 74.0 0.007229898494562817
58.0 76.0 0.014605165288941874
58.0 78.0 0.0020337399986323193
58.0 80.0 0.0
58.0 82.0 0.003043756334735524
58.0 84.0 0.007303478611554213
58.0 86.0 0.0
58.0 88.0 0.0030698782009270114
58.0 90.0 0.017054680423608193
58.0 92.0 0.03245574298215138
58.0 94.0 0.0519627180785713
58.0 96.0 0.06828070811616666
58.0 98.0 0.07675651062152117
58.0 100.0 0.07862661970817553
58.0 102.0 0.06871474485562994
58.0 104.0 0.05341470217902142
58.0 106.0 0.029562819485642072
58.0 108.0 0.0
58.0 110.0 0.0
58.0 112.0 0.0
58.0 114.0 0.0
58.0 116.0 0.0
58.0 118.0 0.0
58.0 120.0 0.0
58.0 122.0 0.0
58.0 124.0 0.0
58.0 126.0 0.004311684345190501
60.0 0.0 0.0
60.0 2.0 0.0
60.0 4.0 0.0
60.0 6.0 0.0
60.0 8.0 0.0
60.0 10.0 0.008329402616701701
60.0 12.0 0.08998890045407341
60.0 14.0 0.1366569566951563
60.0 16.0 0.15252332050638742
60.0 18.0 0.14581261759976125
60.0 20.0 0.10906049504841275
60.0 22.0 0.05837228819396691
60.0 24.0 0.007862117459204005
60.0 26.0 0.0
60.0 28.0 0.0
60.0 30.0 0.0
60.0 32.0 0.0
60.0 34.0 0.0
60.0 36.0 0.0
60.0 38.0 0.0
60.0 40.0 0.00477896049594773
60.0 42.0 0.014151393874730363
60.0 44.0 0.01885456506809576
60.0 46.0 0.012125028624611428
60.0 48.0 0.0
60.0 50.0 0.0
60.0 52.0 0.0
60.0 54.0 0.0
60.0 56.0 0.0
60.0 58.0 0.0
60.0 60.0 0.0
60.0 62.0 0.0
60.0 64.0 0.013419046442356329
60.0 66.0 0.0375360049475532
60.0 68.0 0.049781803691205724
60.0 70.0 0.049548008712506086
60.0 72.0 0.0331816234567777
60.0 74.0 0.017068341089367636
60.0 76.0 0.014727599296987729
60.0 78.0 0.006894111244259506
60.0 80.0 0.00552565349717726
60.0 82.0 0.010789222830291443
60.0 84.0 0.011752049857357354
60.0 86.0 0.0017039822176477051
60.0 88.0 0.006983796954947222
60.0 90.0 0.017255531510474358
60.0 92.0 0.027395172123752625
60.0 94.0 0.039880720897399434
60.0 96.0 0.050965593661135455
60.0 98.0 0.05891196550144321
60.0 100.0 0.0559322695465826
60.0 102.0 0.04694655866498328
60.0 104.0 0.03626332686352755
60.0 106.0 0.022765229103922965
60.0 108.0 0.0
60.0 110.0 0.0
60.0 112.0 0.0
60.0 114.0 0.0
60.0 116.0 0.0
60.0 118.0 0.0
60.0 120.0 0.0041947708371144815
60.0 122.0 0.009196771957574219
60.0 124.0 0.0326770615890217
60.0 126.0 0.12132578036270082
62.0 0.0 0.0
62.0 2.0 0.04049271577388343
62.0 4.0 0.0
62.0 6.0 0.0
62.0 8.0 0.0
62.0 10.0 0.0
62.0 12.0 0.05068975012261665
62.0 14.0 0.09621928455974488
62.0 16.0 0.10654243155446395
62.0 18.0 0.08861625098138344
62.0 20.0 0.0563986276017504
62.0 22.0 0.021661831078372204
62.0 24.0 0.0
62.0 26.0 0.0
62.0 28.0 0.0
62.0 30.0 0.0
62.0 32.0 0.0
62.0 34.0 0.0
62.0 36.0 0.0
62.0 38.0 0.03285832156081367
62.0 40.0 0.06504992872523828
62.0 42.0 0.08375835503075107
62.0 44.0 0.0827827560096022
62.0 46.0 0.05883849183792398
62.0 48.0 0.014394169119204719
62.0 50.0 0.0
62.0 52.0 0.0
62.0 54.0 0.0
62.0 56.0 0.0
62.0 58.0 0.0
62.0 60.0 0.0
62.0 62.0 0.0
62.0 64.0 0.0
62.0 66.0 6.592088487769838E-4
62.0 68.0 0.008816784197998865
62.0 70.0 0.017536577388333086
62.0 72.0 0.019303129045745254
62.0 74.0 0.025610385875956525
62.0 76.0 0.020675277922051694
62.0 78.0 0.015598193967129909
62.0 80.0 0.010618748028229099
62.0 82.0 0.008037192854486161
62.0 84.0 0.007145950597296815
62.0 86.0 0.008512817677757462
62.0 88.0 0.013302435906233303
62.0 90.0 0.021897328777946184
62.0 92.0 0.02655840182495056
62.0 94.0 0.03399204521134004
62.0 96.0 0.041585161919696544
62.0 98.0 0.04629452766932404
62.0 100.0 0.044038583996115425
62.0 102.0 0.03583935106600093
62.0 104.0 0.02658620724157863
62.0 106.0 0.01939401852895855
62.0 108.0 0.013036477936556677
62.0 110.0 9.673808181930142E-4
62.0 112.0 0.00370624539792681
62.0 114.0 0.0024977503000429726
62.0 116.0 0.006621894699985299
62.0 118.0 0.017909894837524153
62.0 120.0 0.050110611474974864
62.0 122.0 0.08363018449931624
62.0 124.0 0.14748652625505568
62.0 126.0 0.2560648637326235
64.0 0.0 0.0
64.0 2.0 0.06716609402591191
64.0 4.0 0.0
64.0 6.0 0.0
64.0 8.0 0.0
64.0 10.0 0.0
64.0 12.0 0.01747186409569573
64.0 14.0 0.05095960806501735
64.0 16.0 0.05183355652476948
64.0 18.0 0.029872809822869967
64.0 20.0 0.011982623273583362
64.0 22.0 0.002205121769901242
64.0 24.0 0.0
64.0 26.0 0.0
64.0 28.0 0.0
64.0 30.0 0.0
64.0 32.0 0.0
64.0 34.0 0.01540006203798632
64.0 36.0 0.0821291459408959
64.0 38.0 0.13665784947214987
64.0 40.0 0.17537818987659304
64.0 42.0 0.19272278423131364
64.0 44.0 0.18012536051731073
64.0 46.0 0.13252173255335212
64.0 48.0 0.05120087912738946
64.0 50.0 0.001444281653607612
64.0 52.0 0.0
64.0 54.0 0.0
64.0 56.0 0.0
64.0 58.0 0.0
64.0 60.0 0.0
64.0 62.0 0.0
64.0 64.0 0.0
64.0 66.0 0.0
64.0 68.0 0.0
64.0 70.0 0.008092441602542782
64.0 72.0 0.016096785812958595
64.0 74.0 0.020336246454245383
64.0 76.0 0.02163452942271733
64.0 78.0 0.020614489671805833
64.0 80.0 0.018024619675434447
64.0 82.0 0.01498724640488156
64.0 84.0 0.013141614341035142
64.0 86.0 0.008553189387015426
64.0 88.0 0.006409330118373152
64.0 90.0 0.009895496634705023
64.0 92.0 0.016383886169523205
64.0 94.0 0.026752595833326936
64.0 96.0 0.03773056179321602
64.0 98.0 0.04335021524794178
64.0 100.0 0.04019189613063623
64.0 102.0 0.03677151889458177
64.0 104.0 0.02968380491736643
64.0 106.0 0.024533727351465914
64.0 108.0 0.0233002971128014
64.0 110.0 0.0251807822537818
64.0 112.0 0.03247303174294686
64.0 114.0 0.04050247220773816
64.0 116.0 0.05216525671260334
64.0 118.0 0.07572978702124748
64.0 120.0 0.12259599321265262
64.0 122.0 0.17013270957467844
64.0 124.0 0.23052945132714986
64.0 126.0 0.3067749043557965
66.0 0.0 0.0
66.0 2.0 0.06270822725693417
66.0 4.0 0.0
66.0 6.0 0.0
66.0 8.0 0.0
66.0 10.0 0.0
66.0 12.0 0.0
66.0 14.0 0.00761771972791377
66.0 16.0 0.006070597911704087
66.0 18.0 0.002966626079628469
66.0 20.0 9.966838842346865E-4
66.0 22.0 0.0
66.0 24.0 0.0
66.0 26.0 0.0
66.0 28.0 0.0
66.0 30.0 0.006750082096265003
66.0 32.0 0.04376259223464161
66.0 34.0 0.1286905823309005
66.0 36.0 0.19450779485339423
66.0 38.0 0.2495290696240775
66.0 40.0 0.288220064705429
66.0 42.0 0.3008795363654861
66.0 44.0 0.27940997318978394
66.0 46.0 0.21687856487569268
66.0 48.0 0.11106755703038552
66.0 50.0 0.016265487377859895
66.0 52.0 0.0
66.0 54.0 0.0
66.0 56.0 0.0
66.0 58.0 0.0
66.0 60.0 0.0
66.0 62.0 0.0
66.0 64.0 0.0
66.0 66.0 0.0
66.0 68.0 0.0
66.0 70.0 0.0014270489636935826
66.0 72.0 0.009902525627159488
66.0 74.0 0.019101157237808822
66.0 76.0 0.02569600409628055
66.0 78.0 0.029267241983461253
66.0 80.0 0.029628229681516904
66.0 82.0 0.025645055413771045
66.0 84.0 0.013597443231418755
66.0 86.0 0.00648740930057425
66.0 88.0 0.00450048226502973
66.0 90.0 0.0055672795063445675
66.0 92.0 0.010064908193339507
66.0 94.0 0.019788792752554508
66.0 96.0 0.031996144472318196
66.0 98.0 0.04106388273166946
66.0 100.0 0.03808123611356087
66.0 102.0 0.03673942062147487
66.0 104.0 0.029629171421803765
66.0 106.0 0.025724572947941695
66.0 108.0 0.03291486797166561
66.0 110.0 0.044380805287620693
66.0 112.0 0.06395245008519249
66.0 114.0 0.08693798576703499
66.0 116.0 0.11105033243984357
66.0 118.0 0.1364839068675
66.0 120.0 0.18811065943148586
66.0 122.0 0.23027949130995462
66.0 124.0 0.27422449576351915
66.0 126.0 0.3033735114168819
68.0 0.0 0.0
68.0 2.0 0.04450662905660846
68.0 4.0 0.0
68.0 6.0 0.0
68.0 8.0 0.0
68.0 10.0 0.0
68.0 12.0 0.0
68.0 14.0 0.0
68.0 16.0 0.0
68.0 18.0 0.0
68.0 20.0 7.137908004175433E-5
68.0 22.0 0.0020378787853305796
68.0 24.0 4.1994408396165855E-5
68.0 26.0 9.567851685981942E-5
68.0 28.0 0.012446740388533009
68.0 30.0 0.055905401402006276
68.0 32.0 0.12989577657613655
68.0 34.0 0.20933228761438458
68.0 36.0 0.2748361232864387
68.0 38.0 0.32927669685531624
68.0 40.0 0.40328523623314977
68.0 42.0 0.4071039019104743
68.0 44.0 0.37672826845676527
68.0 46.0 0.29462857965861744
68.0 48.0 0.14381637630191565
68.0 50.0 0.02733271550039788
68.0 52.0 0.0
68.0 54.0 0.0
68.0 56.0 0.0
68.0 58.0 0.0
68.0 60.0 0.0
68.0 62.0 0.0
68.0 64.0 0.0
68.0 66.0 0.0
68.0 68.0 0.0
68.0 70.0 0.0
68.0 72.0 0.0035668731601211645
68.0 74.0 0.01527463343323285
68.0 76.0 0.02751842988086635
68.0 78.0 0.03232551383302915
68.0 80.0 0.02608035661146423
68.0 82.0 0.02700657014261151
68.0 84.0 0.02306864400223658
68.0 86.0 0.011088838781028907
68.0 88.0 0.005330596305948024
68.0 90.0 0.0034528923691695738
68.0 92.0 0.004430217081241976
68.0 94.0 0.009614763145858954
68.0 96.0 0.016789153897736473
68.0 98.0 0.025800096217313995
68.0 100.0 0.027989918669003175
68.0 102.0 0.02788300990419346
68.0 104.0 0.02476519130043868
68.0 106.0 0.025903038528314645
68.0 108.0 0.040322123192626756
68.0 110.0 0.0611538367469693
68.0 112.0 0.0970038828008168
68.0 114.0 0.13048838209918728
68.0 116.0 0.16125219398438764
68.0 118.0 0.20810894477358965
68.0 120.0 0.2528022976628908
68.0 122.0 0.26787056236192813
68.0 124.0 0.30025242396559204
68.0 126.0 0.24947393680316832
70.0 0.0 0.0
70.0 2.0 0.023037920258257825
70.0 4.0 0.0
70.0 6.0 0.0
70.0 8.0 0.0
70.0 10.0 0.0
70.0 12.0 0.0
70.0 14.0 0.0
70.0 16.0 0.0
70.0 18.0 0.0
70.0 20.0 0.0
70.0 22.0 0.0
70.0 24.0 4.5581770246338945E-4
70.0 26.0 0.00780445241291424
70.0 28.0 0.04138644824963917
70.0 30.0 0.11371746025009905
70.0 32.0 0.19892771211773674
70.0 34.0 0.2806015026374641
70.0 36.0 0.35372235810946306
70.0 38.0 0.41173183835630883
70.0 40.0 0.45101265716089683
70.0 42.0 0.4524565911970592
70.0 44.0 0.4168268822009964
70.0 46.0 0.33106794715370247
70.0 48.0 0.17129843632926897
70.0 50.0 0.042048110087305655
70.0 52.0 0.0
70.0 54.0 0.0
70.0 56.0 0.0
70.0 58.0 0.0
70.0 60.0 0.0
70.0 62.0 0.0
70.0 64.0 0.0
70.0 66.0 0.0
70.0 68.0 0.0
70.0 70.0 0.0
70.0 72.0 2.3065535849903112E-5
70.0 74.0 0.013263188587618558
70.0 76.0 0.031093425862068414
70.0 78.0 0.036614010280862475
70.0 80.0 0.04595766325370378
70.0 82.0 0.05029965663901142
70.0 84.0 0.044768961662227574
70.0 86.0 0.02270110403531403
70.0 88.0 0.007422892844738391
70.0 90.0 3.924063396511801E-4
70.0 92.0 0.0
70.0 94.0 0.0
70.0 96.0 3.091221828489742E-4
70.0 98.0 0.006188966279957006
70.0 100.0 0.015377964542487245
70.0 102.0 0.005666762059635206
70.0 104.0 0.005403978694107748
70.0 106.0 0.013068753915988177
70.0 108.0 0.04026608946703608
70.0 110.0 0.07186632324551394
70.0 112.0 0.12065697009998842
70.0 114.0 0.16477422890004664
70.0 116.0 0.23584307157443254
70.0 118.0 0.2805265667656038
70.0 120.0 0.30256645253503583
70.0 122.0 0.3112767332524872
70.0 124.0 0.304758797739417
70.0 126.0 0.14765293572821636
72.0 0.0 0.0
72.0 2.0 0.007017650351409078
72.0 4.0 0.0
72.0 6.0 0.0
72.0 8.0 0.0
72.0 10.0 0.0
72.0 12.0 0.0
72.0 14.0 0.0
72.0 16.0 0.0
72.0 18.0 0.0
72.0 20.0 0.0
72.0 22.0 0.0
72.0 24.0 0.0
72.0 26.0 0.010277966474255855
72.0 28.0 0.06518163717940893
72.0 30.0 0.15586180693696017
72.0 32.0 0.2443040346909882
72.0 34.0 0.3277806685141735
72.0 36.0 0.4008951720723705
72.0 38.0 0.4660425089309692
72.0 40.0 0.491803965237829
72.0 42.0 0.4886898407379688
72.0 44.0 0.45018830887575995
72.0 46.0 0.35379454207193733
72.0 48.0 0.184640632197229
72.0 50.0 0.050928813446186334
72.0 52.0 0.0
72.0 54.0 0.0
72.0 56.0 0.0
72.0 58.0 0.0
72.0 60.0 0.0
72.0 62.0 0.0
72.0 64.0 0.0
72.0 66.0 0.0
72.0 68.0 0.0
72.0 70.0 0.0
72.0 72.0 0.0
72.0 74.0 0.01329351564556351
72.0 76.0 0.042864957981536084
72.0 78.0 0.06519105191129733
72.0 80.0 0.08760755151579229
72.0 82.0 0.10121532415043145
72.0 84.0 0.09603702640149932
72.0 86.0 0.059183554283338095
72.0 88.0 0.006896560751514299
72.0 90.0 0.0
72.0 92.0 0.0
72.0 94.0 0.0
72.0 96.0 0.0
72.0 98.0 0.0
72.0 100.0 0.0
72.0 102.0 0.0
72.0 104.0 0.0018900724135543624
72.0 106.0 0.009325316223674059
72.0 108.0 0.030878537218936672
72.0 110.0 0.07145087515263489
72.0 112.0 0.13483946489170526
72.0 114.0 0.21745375376933085
72.0 116.0 0.29143008494266326
72.0 118.0 0.33242640957357517
72.0 120.0 0.3544951268486371
72.0 122.0 0.3509915331866195
72.0 124.0 0.2949056007806372
72.0 126.0 0.08104656680291843
74.0 0.0 0.0
74.0 2.0 0.0
74.0 4.0 0.0
74.0 6.0 0.0
74.0 8.0 0.0
74.0 10.0 0.0
74.0 12.0 0.0
74.0 14.0 0.0
74.0 16.0 0.0
74.0 18.0 0.0
74.0 20.0 0.0
74.0 22.0 0.0
74.0 24.0 0.0
74.0 26.0 0.00819833279893266
74.0 28.0 0.07638908656232901
74.0 30.0 0.19582659143538117
74.0 32.0 0.29328602439364576
74.0 34.0 0.3541229420678091
74.0 36.0 0.4279957752925079
74.0 38.0 0.4938481077117334
74.0 40.0 0.5177644387824829
74.0 42.0 0.5156902397439969
74.0 44.0 0.47807623953868467
74.0 46.0 0.3689059123006064
74.0 48.0 0.18324547154189993
74.0 50.0 0.050645328010356344
74.0 52.0 0.0
74.0 54.0 0.0
74.0 56.0 0.0
74.0 58.0 0.0
74.0 60.0 0.0
74.0 62.0 0.0
74.0 64.0 0.0
74.0 66.0 0.0
74.0 68.0 0.0
74.0 70.0 0.0
74.0 72.0 0.0
74.0 74.0 0.019998734248980625
74.0 76.0 0.07276751076450026
74.0 78.0 0.1421060893983875
74.0 80.0 0.18604463675043012
74.0 82.0 0.20131244084430774
74.0 84.0 0.18655167954105237
74.0 86.0 0.13457145546679666
74.0 88.0 0.024215243335880474
74.0 90.0 0.0
74.0 92.0 0.0
74.0 94.0 0.0
74.0 96.0 0.0
74.0 98.0 0.0
74.0 100.0 0.0
74.0 102.0 0.0
74.0 104.0 0.0
74.0 106.0 0.0
74.0 108.0 0.015914667052590106
74.0 110.0 0.061673224237346835
74.0 112.0 0.13921533756413101
74.0 114.0 0.233419440662187
74.0 116.0 0.3283688149626702
74.0 118.0 0.37988686151368795
74.0 120.0 0.39845044770763716
74.0 122.0 0.3836064746492229
74.0 124.0 0.2698098499277169
74.0 126.0 0.052959628034802274
76.0 0.0 0.0
76.0 2.0 0.0
76.0 4.0 0.0
76.0 6.0 0.0
76.0 8.0 0.0
76.0 10.0 0.0
76.0 12.0 0.0
76.0 14.0 0.0
76.0 16.0 0.0
76.0 18.0 0.0
76.0 20.0 0.0
76.0 22.0 0.0
76.0 24.0 0.0
76.0 26.0 0.01605010868277291
76.0 28.0 0.10298991408495217
76.0 30.0 0.22611528588356025
76.0 32.0 0.3405123037373637
76.0 34.0 0.43762459828856154
76.0 36.0 0.4896923812375486
76.0 38.0 0.5237060613771162
76.0 40.0 0.5396446064125452
76.0 42.0 0.531295299174414
76.0 44.0 0.4823139541969634
76.0 46.0 0.36322326662951965
76.0 48.0 0.17481130030777256
76.0 50.0 0.0508619698648432
76.0 52.0 0.0
76.0 54.0 0.0
76.0 56.0 0.0
76.0 58.0 0.0
76.0 60.0 0.0
76.0 62.0 0.0
76.0 64.0 0.0
76.0 66.0 0.0
76.0 68.0 0.0
76.0 70.0 0.0
76.0 72.0 0.0
76.0 74.0 0.053300341919096654
76.0 76.0 0.14718754682196108
76.0 78.0 0.22656991758826864
76.0 80.0 0.26895643431762456
76.0 82.0 0.27593370289840874
76.0 84.0 0.2778775560124503
76.0 86.0 0.21368931212581024
76.0 88.0 0.07198302582146858
76.0 90.0 0.0013613669152205661
76.0 92.0 0.0
76.0 94.0 0.0
76.0 96.0 0.0
76.0 98.0 0.0
76.0 100.0 0.0
76.0 102.0 0.0
76.0 104.0 0.0
76.0 106.0 0.0
76.0 108.0 0.0020334415020755218
76.0 110.0 0.04706088072564923
76.0 112.0 0.1321651163506103
76.0 114.0 0.24743053452989336
76.0 116.0 0.35359728695091824
76.0 118.0 0.4105471621065681
76.0 120.0 0.4287064528255504
76.0 122.0 0.4030197372376307
76.0 124.0 0.23290945648541264
76.0 126.0 0.0
78.0 0.0 0.0
78.0 2.0 0.02251646729841279
78.0 4.0 0.0
78.0 6.0 0.0
78.0 8.0 0.002318242447198827
78.0 10.0 0.0
78.0 12.0 0.0
78.0 14.0 0.0
78.0 16.0 0.0
78.0 18.0 0.0
78.0 20.0 0.0
78.0 22.0 0.0
78.0 24.0 0.0
78.0 26.0 0.01455024209594072
78.0 28.0 0.10641241252589516
78.0 30.0 0.24820055832452914
78.0 32.0 0.3823941634331402
78.0 34.0 0.46316499078094137
78.0 36.0 0.511204260646381
78.0 38.0 0.5414361008021256
78.0 40.0 0.5511464681583989
78.0 42.0 0.5331408130002623
78.0 44.0 0.47308980296773884
78.0 46.0 0.346688826051233
78.0 48.0 0.16576710866486624
78.0 50.0 0.04924122647813493
78.0 52.0 0.0
78.0 54.0 0.0
78.0 56.0 0.0
78.0 58.0 0.0
78.0 60.0 0.0
78.0 62.0 0.0
78.0 64.0 0.0
78.0 66.0 0.0
78.0 68.0 0.0
78.0 70.0 0.0
78.0 72.0 0.01972931897217138
78.0 74.0 0.13710715719041747
78.0 76.0 0.2606939757651973
78.0 78.0 0.32300275757272817
78.0 80.0 0.3446081111156007
78.0 82.0 0.3372183387699738
78.0 84.0 0.3379017673022156
78.0 86.0 0.27671954026714124
78.0 88.0 0.10043772577065012
78.0 90.0 0.00898290991133651
78.0 92.0 0.0
78.0 94.0 0.0
78.0 96.0 0.0
78.0 98.0 0.0
78.0 100.0 0.0
78.0 102.0 0.0
78.0 104.0 0.0
78.0 106.0 0.0
78.0 108.0 0.0
78.0 110.0 0.025396032916169306
78.0 112.0 0.11149326651368781
78.0 114.0 0.25244920658800934
78.0 116.0 0.3578594596967861
78.0 118.0 0.4253712428367649
78.0 120.0 0.44821223830976226
78.0 122.0 0.41240044704929435
78.0 124.0 0.1850957490908485
78.0 126.0 0.0
80.0 0.0 0.0
80.0 2.0 0.0
80.0 4.0 0.021053161550247806
80.0 6.0 0.01217906823893193
80.0 8.0 0.027784376123747966
80.0 10.0 0.009872393391828192
80.0 12.0 0.0
80.0 14.0 0.0
80.0 16.0 0.0
80.0 18.0 0.0
80.0 20.0 0.0
80.0 22.0 0.0
80.0 24.0 0.0
80.0 26.0 7.622720722542803E-4
80.0 28.0 0.08129656178583793
80.0 30.0 0.26214704034149966
80.0 32.0 0.40805495372955053
80.0 34.0 0.4813513996477817
80.0 36.0 0.5250009129808472
80.0 38.0 0.5493508330957521
80.0 40.0 0.5538096818838648
80.0 42.0 0.5283916508865661
80.0 44.0 0.46046543885248487
80.0 46.0 0.3226327592144564
80.0 48.0 0.15364333203072275
80.0 50.0 0.04552673248094797
80.0 52.0 0.0
80.0 54.0 0.0
80.0 56.0 0.0
80.0 58.0 0.0
80.0 60.0 0.0
80.0 62.0 0.0
80.0 64.0 0.0
80.0 66.0 0.0
80.0 68.0 0.0
80.0 70.0 0.0
80.0 72.0 0.11094913503440602
80.0 74.0 0.27563837093830296
80.0 76.0 0.35020338209053464
80.0 78.0 0.37811655090874324
80.0 80.0 0.39083804009971734
80.0 82.0 0.40977869451175547
80.0 84.0 0.4274632176478322
80.0 86.0 0.3043110605490009
80.0 88.0 0.11098380214374254
80.0 90.0 0.0011110945632680951
80.0 92.0 0.0
80.0 94.0 0.0
80.0 96.0 0.0
80.0 98.0 0.0
80.0 100.0 0.0
80.0 102.0 0.0
80.0 104.0 0.0
80.0 106.0 0.0
80.0 108.0 0.0
80.0 110.0 0.0027868049384852933
80.0 112.0 0.09062574372375515
80.0 114.0 0.22824799435903498
80.0 116.0 0.34500190452908613
80.0 118.0 0.4227636739262541
80.0 120.0 0.45552246647402866
80.0 122.0 0.40136725954285296
80.0 124.0 0.1538341600744252
80.0 126.0 0.0
82.0 0.0 0.0
82.0 2.0 0.0
82.0 4.0 0.0642016113706258
82.0 6.0 0.1932710398127212
82.0 8.0 0.19140109961934226
82.0 10.0 0.10318422868826084
82.0 12.0 0.017619506951182074
82.0 14.0 0.0
82.0 16.0 0.0
82.0 18.0 0.0
82.0 20.0 0.0
82.0 22.0 0.0
82.0 24.0 0.0
82.0 26.0 0.0
82.0 28.0 0.033254401132210884
82.0 30.0 0.1913214417252609
82.0 32.0 0.3708307731823816
82.0 34.0 0.4739623739148045
82.0 36.0 0.5194305259965782
82.0 38.0 0.5410622827932737
82.0 40.0 0.543452510462052
82.0 42.0 0.5152958072855817
82.0 44.0 0.41792686844105664
82.0 46.0 0.28034273699733187
82.0 48.0 0.14350656717017843
82.0 50.0 0.03860684103302087
82.0 52.0 0.0
82.0 54.0 0.0
82.0 56.0 0.0
82.0 58.0 0.0
82.0 60.0 0.0
82.0 62.0 0.0
82.0 64.0 0.0
82.0 66.0 0.0
82.0 68.0 0.0
82.0 70.0 0.07887727292541159
82.0 72.0 0.25466419423409986
82.0 74.0 0.36609966228328766
82.0 76.0 0.41398402542468354
82.0 78.0 0.4442233073658619
82.0 80.0 0.44334688699468855
82.0 82.0 0.48106536600099936
82.0 84.0 0.437059184264126
82.0 86.0 0.2801350785830756
82.0 88.0 0.10374023674789022
82.0 90.0 0.0
82.0 92.0 0.0
82.0 94.0 0.0
82.0 96.0 0.0
82.0 98.0 0.0
82.0 100.0 0.0
82.0 102.0 0.0
82.0 104.0 0.0
82.0 106.0 0.0
82.0 108.0 0.0
82.0 110.0 0.0
82.0 112.0 0.046882806800626294
82.0 114.0 0.1991797790076976
82.0 116.0 0.3264686719616969
82.0 118.0 0.40885622686992346
82.0 120.0 0.4491839373866324
82.0 122.0 0.3788458529241349
82.0 124.0 0.12915180455812114
82.0 126.0 0.0
84.0 0.0 0.0
84.0 2.0 0.0
84.0 4.0 0.2313352695850246
84.0 6.0 0.3547293974985833
84.0 8.0 0.29247869608395516
84.0 10.0 0.1978973380487409
84.0 12.0 0.06205202934122095
84.0 14.0 0.0
84.0 16.0 0.0
84.0 18.0 0.0
84.0 20.0 0.0
84.0 22.0 0.0
84.0 24.0 0.0
84.0 26.0 0.0
84.0 28.0 0.0
84.0 30.0 0.11060058263367432
84.0 32.0 0.32280941342592656
84.0 34.0 0.45265459239554534
84.0 36.0 0.5040223646162018
84.0 38.0 0.5170739594114131
84.0 40.0 0.4488430022440239
84.0 42.0 0.3879587356363878
84.0 44.0 0.3434780948131942
84.0 46.0 0.26118981902929145
84.0 48.0 0.13687674896287794
84.0 50.0 0.025651669685160083
84.0 52.0 0.0
84.0 54.0 0.0
84.0 56.0 0.0
84.0 58.0 0.0
84.0 60.0 0.0
84.0 62.0 0.0
84.0 64.0 0.0
84.0 66.0 0.0
84.0 68.0 0.03834825811408965
84.0 70.0 0.20535720441477354
84.0 72.0 0.34752068383735063
84.0 74.0 0.42960446909038214
84.0 76.0 0.47812762712913087
84.0 78.0 0.492294075764581
84.0 80.0 0.4794414730857231
84.0 82.0 0.48966722059364703
84.0 84.0 0.4135369994143235
84.0 86.0 0.2244860382840256
84.0 88.0 0.07968813703624912
84.0 90.0 0.0
84.0 92.0 0.0
84.0 94.0 0.0
84.0 96.0 0.0
84.0 98.0 0.0
84.0 100.0 0.0
84.0 102.0 0.0
84.0 104.0 0.0
84.0 106.0 0.0
84.0 108.0 0.0
84.0 110.0 0.0
84.0 112.0 0.02148610101092714
84.0 114.0 0.14220251909663453
84.0 116.0 0.29783182626091526
84.0 118.0 0.3855019362926279
84.0 120.0 0.4312705722168921
84.0 122.0 0.3601660949509938
84.0 124.0 0.0
84.0 126.0 0.0
86.0 0.0 0.0
86.0 2.0 0.0
86.0 4.0 0.0
86.0 6.0 0.4488930718801365
86.0 8.0 0.3593300541252317
86.0 10.0 0.26535286350629933
86.0 12.0 0.1329526756591113
86.0 14.0 0.018942959064970483
86.0 16.0 0.0
86.0 18.0 0.0
86.0 20.0 0.0
86.0 22.0 0.0
86.0 24.0 0.0
86.0 26.0 0.0
86.0 28.0 0.0
86.0 30.0 0.03135756072660039
86.0 32.0 0.21014208147971628
86.0 34.0 0.3791551714714993
86.0 36.0 0.41683991034457607
86.0 38.0 0.4041748082224487
86.0 40.0 0.42621963171100896
86.0 42.0 0.40664074060783356
86.0 44.0 0.33462357395882286
86.0 46.0 0.2429698461843863
86.0 48.0 0.12533510587870375
86.0 50.0 0.014205195709099401
86.0 52.0 0.0
86.0 54.0 0.0
86.0 56.0 0.0
86.0 58.0 0.0
86.0 60.0 0.0
86.0 62.0 0.0
86.0 64.0 0.0
86.0 66.0 0.005816262490741831
86.0 68.0 0.13339765101182785
86.0 70.0 0.2994538421433269
86.0 72.0 0.4188099833754886
86.0 74.0 0.4822250464849149
86.0 76.0 0.5011296080865364
86.0 78.0 0.49660592929560937
86.0 80.0 0.4646505959865122
86.0 82.0 0.458505197352512
86.0 84.0 0.3668056303379054
86.0 86.0 0.17694111975559343
86.0 88.0 0.045702825876882625
86.0 90.0 0.0
86.0 92.0 0.0
86.0 94.0 0.0
86.0 96.0 0.0
86.0 98.0 0.0
86.0 100.0 0.0
86.0 102.0 0.0
86.0 104.0 0.0
86.0 106.0 0.0
86.0 108.0 0.0
86.0 110.0 0.0
86.0 112.0 0.0017639104796961461
86.0 114.0 0.1111318901514976
86.0 116.0 0.26446513533849325
86.0 118.0 0.35306600072312405
86.0 120.0 0.4040671632194401
86.0 122.0 0.3372346552642513
86.0 124.0 0.0
86.0 126.0 0.0
88.0 0.0 0.0
88.0 2.0 0.0
88.0 4.0 0.0
88.0 6.0 0.4391008965516559
88.0 8.0 0.34711491219550666
88.0 10.0 0.2696601047457125
88.0 12.0 0.15469538172289923
88.0 14.0 0.03179053733704402
88.0 16.0 0.0
88.0 18.0 0.0
88.0 20.0 0.0
88.0 22.0 0.0
88.0 24.0 0.0
88.0 26.0 0.0
88.0 28.0 0.0
88.0 30.0 0.0
88.0 32.0 0.09004574535476197
88.0 34.0 0.2538128448487409
88.0 36.0 0.368728183439387
88.0 38.0 0.420865840257951
88.0 40.0 0.4033071818728305
88.0 42.0 0.3307539641694963
88.0 44.0 0.29606142840388183
88.0 46.0 0.2574302306149681
88.0 48.0 0.10978830516853531
88.0 50.0 0.009502918626217525
88.0 52.0 0.0
88.0 54.0 0.0
88.0 56.0 0.0
88.0 58.0 0.0
88.0 60.0 0.0
88.0 62.0 0.0
88.0 64.0 0.0
88.0 66.0 0.06526938177306864
88.0 68.0 0.24843314865125976
88.0 70.0 0.4114938140596672
88.0 72.0 0.5001682972341194
88.0 74.0 0.46018850597703936
88.0 76.0 0.47233894030089796
88.0 78.0 0.46249928343859636
88.0 80.0 0.5031019892122354
88.0 82.0 0.46048277092757023
88.0 84.0 0.29532214135669205
88.0 86.0 0.13302649513462436
88.0 88.0 0.009197706845362036
88.0 90.0 0.0
88.0 92.0 0.0
88.0 94.0 0.0
88.0 96.0 0.0
88.0 98.0 0.0
88.0 100.0 0.0
88.0 102.0 0.0
88.0 104.0 0.0
88.0 106.0 0.0
88.0 108.0 0.0
88.0 110.0 0.0
88.0 112.0 0.0
88.0 114.0 0.07529267187690253
88.0 116.0 0.2276582987670939
88.0 118.0 0.2851872418731289
88.0 120.0 0.3613349501754031
88.0 122.0 0.3003200741849348
88.0 124.0 0.0
88.0 126.0 0.0
90.0 0.0 0.0
90.0 2.0 0.0
90.0 4.0 0.0
90.0 6.0 0.39168782982727096
90.0 8.0 0.32332175021672116
90.0 10.0 0.25910226694249555
90.0 12.0 0.1557295061776718
90.0 14.0 0.03692758251329653
90.0 16.0 0.0
90.0 18.0 0.0
90.0 20.0 0.0
90.0 22.0 0.0
90.0 24.0 0.0
90.0 26.0 0.0
90.0 28.0 0.0
90.0 30.0 0.0
90.0 32.0 0.0361692465339244
90.0 34.0 0.14504238825980167
90.0 36.0 0.26626805091591815
90.0 38.0 0.3414771152859292
90.0 40.0 0.37596697672209395
90.0 42.0 0.3697411489969322
90.0 44.0 0.3145030000102986
90.0 46.0 0.21357815133738864
90.0 48.0 0.07582193891833282
90.0 50.0 0.002244233260984818
90.0 52.0 0.0
90.0 54.0 0.0
90.0 56.0 0.0
90.0 58.0 0.0
90.0 60.0 0.0
90.0 62.0 0.0
90.0 64.0 0.012937391194026033
90.0 66.0 0.13203544391128583
90.0 68.0 0.2966625192878509
90.0 70.0 0.4444446124829442
90.0 72.0 0.5384813847040849
90.0 74.0 0.47166225830275454
90.0 76.0 0.47311246184690997
90.0 78.0 0.45387198945059143
90.0 80.0 0.42641993242567094
90.0 82.0 0.4225899045667587
90.0 84.0 0.22946303121663636
90.0 86.0 0.09037272061610879
90.0 88.0 0.0
90.0 90.0 0.0
90.0 92.0 0.0
90.0 94.0 0.0
90.0 96.0 0.0
90.0 98.0 0.0
90.0 100.0 0.0
90.0 102.0 0.0
90.0 104.0 0.0
90.0 106.0 0.0
90.0 108.0 0.0
90.0 110.0 0.0
90.0 112.0 0.0
90.0 114.0 0.04079823512709644
90.0 116.0 0.17295734436072455
90.0 118.0 0.27886200167671366
90.0 120.0 0.3081980384709868
90.0 122.0 0.0
90.0 124.0 0.0
90.0 126.0 0.0
92.0 0.0 0.0
92.0 2.0 0.0
92.0 4.0 0.0
92.0 6.0 0.0
92.0 8.0 0.3375581136989014
92.0 10.0 0.25797232331362646
92.0 12.0 0.1790828941852557
92.0 14.0 0.06743886254255853
92.0 16.0 0.0021397856243827473
92.0 18.0 0.0
92.0 20.0 0.0
92.0 22.0 0.0
92.0 24.0 0.0
92.0 26.0 0.0
92.0 28.0 0.0
92.0 30.0 0.0
92.0 32.0 0.004651528709052538
92.0 34.0 0.07670091714833353
92.0 36.0 0.19104839382968267
92.0 38.0 0.2748705042519001
92.0 40.0 0.324745716320526
92.0 42.0 0.3327497623386922
92.0 44.0 0.2890280032814461
92.0 46.0 0.18957500264108532
92.0 48.0 0.04781538812661548
92.0 50.0 0.0
92.0 52.0 0.0
92.0 54.0 0.0
92.0 56.0 0.0
92.0 58.0 0.0
92.0 60.0 0.0
92.0 62.0 0.0
92.0 64.0 0.050979196675604514
92.0 66.0 0.16752385219095542
92.0 68.0 0.3076989227168065
92.0 70.0 0.45684343787065823
92.0 72.0 0.553884795256303
92.0 74.0 0.488144403406686
92.0 76.0 0.45813970104499696
92.0 78.0 0.4324655282891621
92.0 80.0 0.3917993866242655
92.0 82.0 0.3590229077711977
92.0 84.0 0.17370923869977084
92.0 86.0 0.05455735876860557
92.0 88.0 0.0
92.0 90.0 0.0
92.0 92.0 0.0
92.0 94.0 0.0
92.0 96.0 0.0
92.0 98.0 0.0
92.0 100.0 0.0
92.0 102.0 0.0
92.0 104.0 0.0
92.0 106.0 0.0
92.0 108.0 0.0
92.0 110.0 0.0
92.0 112.0 0.0
92.0 114.0 0.019494224096083975
92.0 116.0 0.1350691457138981
92.0 118.0 0.2376500877507277
92.0 120.0 0.24520752832050052
92.0 122.0 0.0
92.0 124.0 0.0
92.0 126.0 0.0
94.0 0.0 0.0
94.0 2.0 0.0
94.0 4.0 0.0
94.0 6.0 0.0
94.0 8.0 0.2741748823338915
94.0 10.0 0.22997817293092424
94.0 12.0 0.15970142666627082
94.0 14.0 0.06232300870626317
94.0 16.0 0.0019155080440905563
94.0 18.0 0.0
94.0 20.0 0.0
94.0 22.0 0.0
94.0 24.0 0.0
94.0 26.0 0.0
94.0 28.0 0.0
94.0 30.0 0.0
94.0 32.0 0.0
94.0 34.0 0.04296217988671295
94.0 36.0 0.13031572357431756
94.0 38.0 0.20884678681150437
94.0 40.0 0.2713042718348591
94.0 42.0 0.30209780648063406
94.0 44.0 0.2659560122471925
94.0 46.0 0.15699016458816578
94.0 48.0 0.009949907046729338
94.0 50.0 0.0
94.0 52.0 0.0
94.0 54.0 0.0
94.0 56.0 0.0
94.0 58.0 0.0
94.0 60.0 0.0
94.0 62.0 0.005754049569512078
94.0 64.0 0.06874198405908896
94.0 66.0 0.16630669571188797
94.0 68.0 0.2845068282970495
94.0 70.0 0.41676097974958554
94.0 72.0 0.504163554412735
94.0 74.0 0.489405827364825
94.0 76.0 0.42413104076149116
94.0 78.0 0.4017761706977807
94.0 80.0 0.34512357272368055
94.0 82.0 0.2893158981796384
94.0 84.0 0.1251093590529169
94.0 86.0 0.02951543662287183
94.0 88.0 0.0
94.0 90.0 0.0
94.0 92.0 0.0
94.0 94.0 0.0
94.0 96.0 0.0
94.0 98.0 0.0
94.0 100.0 0.0
94.0 102.0 0.0
94.0 104.0 0.0
94.0 106.0 0.0
94.0 108.0 0.0
94.0 110.0 0.0
94.0 112.0 0.0
94.0 114.0 0.015017820226600085
94.0 116.0 0.11323392605522359
94.0 118.0 0.17518219999427995
94.0 120.0 0.0
94.0 122.0 0.0
94.0 124.0 0.0
94.0 126.0 0.0
96.0 0.0 0.0
96.0 2.0 0.0
96.0 4.0 0.0
96.0 6.0 0.0
96.0 8.0 0.0
96.0 10.0 0.2045745424957732
96.0 12.0 0.15866447612962623
96.0 14.0 0.09143377356453901
96.0 16.0 0.008828959229688913
96.0 18.0 0.0
96.0 20.0 0.0
96.0 22.0 0.0
96.0 24.0 0.0
96.0 26.0 0.0
96.0 28.0 0.0
96.0 30.0 0.0
96.0 32.0 0.0
96.0 34.0 0.029209524759381208
96.0 36.0 0.08717310436826792
96.0 38.0 0.14700531242132045
96.0 40.0 0.21249116002226232
96.0 42.0 0.2390999930021315
96.0 44.0 0.20621792045141954
96.0 46.0 0.11106191881054674
96.0 48.0 0.001521243012982799
96.0 50.0 0.0
96.0 52.0 0.0
96.0 54.0 0.0
96.0 56.0 0.0
96.0 58.0 0.0
96.0 60.0 0.0
96.0 62.0 0.0073784652375944865
96.0 64.0 0.06213876374903255
96.0 66.0 0.1384430666154218
96.0 68.0 0.2352813057885771
96.0 70.0 0.341149496648083
96.0 72.0 0.4160506753661002
96.0 74.0 0.448300985313562
96.0 76.0 0.44070578841651487
96.0 78.0 0.35743061753690314
96.0 80.0 0.2868694615866785
96.0 82.0 0.18541767738964954
96.0 84.0 0.08365560854574593
96.0 86.0 0.014599749222456335
96.0 88.0 0.0
96.0 90.0 0.0
96.0 92.0 0.0
96.0 94.0 0.0
96.0 96.0 0.0
96.0 98.0 0.0
96.0 100.0 0.0
96.0 102.0 0.0
96.0 104.0 0.0
96.0 106.0 0.0
96.0 108.0 0.0
96.0 110.0 0.0
96.0 112.0 0.0
96.0 114.0 0.016377773504349546
96.0 116.0 0.09339469201830797
96.0 118.0 0.13866172699153273
96.0 120.0 0.0
96.0 122.0 0.0
96.0 124.0 0.0
96.0 126.0 0.0
98.0 0.0 0.0
98.0 2.0 0.0
98.0 4.0 0.0
98.0 6.0 0.0
98.0 8.0 0.0
98.0 10.0 0.0
98.0 12.0 0.12309389924082119
98.0 14.0 0.08691663119101191
98.0 16.0 0.014777280515867111
98.0 18.0 0.0
98.0 20.0 0.0
98.0 22.0 0.0
98.0 24.0 0.0
98.0 26.0 0.0
98.0 28.0 0.0
98.0 30.0 0.0
98.0 32.0 0.0
98.0 34.0 0.018424445889483065
98.0 36.0 0.059094310446448965
98.0 38.0 0.09890646942921887
98.0 40.0 0.15727954452882784
98.0 42.0 0.18690970444688282
98.0 44.0 0.15941708874215219
98.0 46.0 0.0828586686370087
98.0 48.0 0.0019563435224540424
98.0 50.0 0.0
98.0 52.0 0.0
98.0 54.0 0.0
98.0 56.0 0.0
98.0 58.0 0.0
98.0 60.0 0.0
98.0 62.0 0.001537737678885046
98.0 64.0 0.03796035037055231
98.0 66.0 0.09792119906185888
98.0 68.0 0.17814097183199465
98.0 70.0 0.2550804851894965
98.0 72.0 0.33595580178761747
98.0 74.0 0.36089463580573594
98.0 76.0 0.3520294779210542
98.0 78.0 0.30507427289907857
98.0 80.0 0.21072363249568457
98.0 82.0 0.13092569458242445
98.0 84.0 0.04424197590106751
98.0 86.0 0.0056491122536279715
98.0 88.0 0.0
98.0 90.0 0.0
98.0 92.0 0.0
98.0 94.0 0.0
98.0 96.0 0.0
98.0 98.0 0.0
98.0 100.0 0.0
98.0 102.0 0.0
98.0 104.0 0.0
98.0 106.0 0.0
98.0 108.0 0.0
98.0 110.0 0.0
98.0 112.0 0.0
98.0 114.0 0.025992229257084703
98.0 116.0 0.08422225497069051
98.0 118.0 0.0
98.0 120.0 0.0
98.0 122.0 0.0
98.0 124.0 0.0
98.0 126.0 0.0
100.0 0.0 0.0
100.0 2.0 0.0
100.0 4.0 0.0
100.0 6.0 0.0
100.0 8.0 0.0
100.0 10.0 0.0
100.0 12.0 0.12013048848955761
100.0 14.0 0.08506586027495183
100.0 16.0 0.013996829653018962
100.0 18.0 0.0
100.0 20.0 0.0
100.0 22.0 0.0
100.0 24.0 0.0
100.0 26.0 0.0
100.0 28.0 0.0
100.0 30.0 0.0
100.0 32.0 0.0
100.0 34.0 0.0064392526505639295
100.0 36.0 0.039537582784219046
100.0 38.0 0.07347064213236164
100.0 40.0 0.1274597748305867
100.0 42.0 0.15784266260567795
100.0 44.0 0.13424741851641467
100.0 46.0 0.06352386072400651
100.0 48.0 0.003890688916507951
100.0 50.0 0.0
100.0 52.0 0.0
100.0 54.0 0.0
100.0 56.0 0.0
100.0 58.0 0.0
100.0 60.0 0.0
100.0 62.0 0.0
100.0 64.0 0.012798075601007776
100.0 66.0 0.05590358180416771
100.0 68.0 0.12009914837414032
100.0 70.0 0.1831528016838074
100.0 72.0 0.24842686937679118
100.0 74.0 0.25846484894562965
100.0 76.0 0.24913843509383748
100.0 78.0 0.20786242047276612
100.0 80.0 0.13652446638222934
100.0 82.0 0.09461024498950145
100.0 84.0 0.033980629039924055
100.0 86.0 7.415977087189456E-4
100.0 88.0 0.0
100.0 90.0 0.0
100.0 92.0 0.0
100.0 94.0 0.0
100.0 96.0 0.0
100.0 98.0 0.0
100.0 100.0 0.0
100.0 102.0 0.0
100.0 104.0 0.0
100.0 106.0 0.0
100.0 108.0 0.0
100.0 110.0 0.0
100.0 112.0 0.0073493967861774845
100.0 114.0 0.05889482939019525
100.0 116.0 0.0
100.0 118.0 0.0
100.0 120.0 0.0
100.0 122.0 0.0
100.0 124.0 0.0
100.0 126.0 0.0
102.0 0.0 0.0
102.0 2.0 0.0
102.0 4.0 0.0
102.0 6.0 0.0
102.0 8.0 0.0
102.0 10.0 0.0
102.0 12.0 0.0
102.0 14.0 0.11048010986823602
102.0 16.0 0.030152542483836888
102.0 18.0 0.0
102.0 20.0 0.0
102.0 22.0 0.0
102.0 24.0 0.0
102.0 26.0 0.0
102.0 28.0 0.0
102.0 30.0 0.0
102.0 32.0 0.0
102.0 34.0 0.011353040118168095
102.0 36.0 0.023982880418547986
102.0 38.0 0.06950716511238735
102.0 40.0 0.1293787347807852
102.0 42.0 0.15417243309458795
102.0 44.0 0.12385954728738745
102.0 46.0 0.058398874051615125
102.0 48.0 0.004583470415988156
102.0 50.0 0.0
102.0 52.0 0.0
102.0 54.0 0.0
102.0 56.0 0.0
102.0 58.0 0.0
102.0 60.0 0.0
102.0 62.0 0.0
102.0 64.0 0.0044720138066163566
102.0 66.0 0.03204356768527853
102.0 68.0 0.07315432691376152
102.0 70.0 0.12310510898081213
102.0 72.0 0.16728003887804124
102.0 74.0 0.16934783522377064
102.0 76.0 0.14169506165278042
102.0 78.0 0.09322542639477938
102.0 80.0 0.056377048808201276
102.0 82.0 0.05709958889233516
102.0 84.0 0.024190522645311224
102.0 86.0 0.0028004822659137845
102.0 88.0 0.0
102.0 90.0 0.0
102.0 92.0 0.0
102.0 94.0 0.0
102.0 96.0 0.0
102.0 98.0 0.0
102.0 100.0 0.0
102.0 102.0 0.0
102.0 104.0 0.002270776215819656
102.0 106.0 0.01070977022982928
102.0 108.0 0.007331111853597229
102.0 110.0 0.02336341067931311
102.0 112.0 0.07504841376262363
102.0 114.0 0.0
102.0 116.0 0.0
102.0 118.0 0.0
102.0 120.0 0.0
102.0 122.0 0.0
102.0 124.0 0.0
102.0 126.0 0.0
104.0 0.0 0.0
104.0 2.0 0.0
104.0 4.0 0.0
104.0 6.0 0.0
104.0 8.0 0.0
104.0 10.0 0.0
104.0 12.0 0.0
104.0 14.0 0.0
104.0 16.0 0.10475616080197087
104.0 18.0 0.0
104.0 20.0 0.0
104.0 22.0 0.0
104.0 24.0 0.0
104.0 26.0 0.0
104.0 28.0 0.0
104.0 30.0 0.0
104.0 32.0 0.0
104.0 34.0 0.009377263933554382
104.0 36.0 0.022645539201026205
104.0 38.0 0.08329425308874211
104.0 40.0 0.14992928487496276
104.0 42.0 0.16497112507152767
104.0 44.0 0.12956219828504736
104.0 46.0 0.06445153439681006
104.0 48.0 0.004101188211976402
104.0 50.0 0.0
104.0 52.0 0.0
104.0 54.0 0.0
104.0 56.0 0.0
104.0 58.0 0.0
104.0 60.0 0.0
104.0 62.0 0.0
104.0 64.0 0.0
104.0 66.0 0.0016440798263221811
104.0 68.0 0.04562015299574005
104.0 70.0 0.08669647781690874
104.0 72.0 0.11848892050260688
104.0 74.0 0.10104125620924591
104.0 76.0 0.052574928271735384
104.0 78.0 0.010543544922190054
104.0 80.0 0.00797059335879441
104.0 82.0 0.03665855305876272
104.0 84.0 0.031760024698198185
104.0 86.0 0.017974628683016605
104.0 88.0 8.143090774997137E-4
104.0 90.0 0.0
104.0 92.0 0.012478054644889963
104.0 94.0 0.019519034614942875
104.0 96.0 0.013549933851115949
104.0 98.0 0.011812175407237814
104.0 100.0 0.025484875245312667
104.0 102.0 0.042682305446704594
104.0 104.0 0.08326483659706717
104.0 106.0 0.12461868408644232
104.0 108.0 0.1367493542215419
104.0 110.0 0.1366098621274247
104.0 112.0 0.16072437286227276
104.0 114.0 0.0
104.0 116.0 0.0
104.0 118.0 0.0
104.0 120.0 0.0
104.0 122.0 0.0
104.0 124.0 0.0
104.0 126.0 0.0
106.0 0.0 0.0
106.0 2.0 0.0
106.0 4.0 0.0
106.0 6.0 0.0
106.0 8.0 0.0
106.0 10.0 0.0
106.0 12.0 0.0
106.0 14.0 0.0
106.0 16.0 0.0
106.0 18.0 0.060060377004043264
106.0 20.0 0.0
106.0 22.0 0.0
106.0 24.0 0.0
106.0 26.0 0.0
106.0 28.0 0.0
106.0 30.0 0.0
106.0 32.0 0.0
106.0 34.0 0.0032782460918590766
106.0 36.0 0.04216062510662797
106.0 38.0 0.1150598725716979
106.0 40.0 0.18529425697285148
106.0 42.0 0.18986036388173763
106.0 44.0 0.14766474546448666
106.0 46.0 0.0788501598280207
106.0 48.0 0.009555389750109963
106.0 50.0 7.60023171843226E-4
106.0 52.0 0.0
106.0 54.0 0.0
106.0 56.0 0.0
106.0 58.0 0.0
106.0 60.0 0.0
106.0 62.0 0.0
106.0 64.0 0.0
106.0 66.0 0.0
106.0 68.0 0.013135457169565816
106.0 70.0 0.059408420388267526
106.0 72.0 0.08684638471662981
106.0 74.0 0.07549065864685922
106.0 76.0 0.01886628222002739
106.0 78.0 7.726491665020265E-4
106.0 80.0 0.0
106.0 82.0 0.029454366847922936
106.0 84.0 0.030197109965715327
106.0 86.0 0.022686449326490835
106.0 88.0 0.018954570619300695
106.0 90.0 0.01121759771247454
106.0 92.0 0.039284735110438944
106.0 94.0 0.05455875500225918
106.0 96.0 0.07375461315424346
106.0 98.0 0.07836447706305684
106.0 100.0 0.10333236731227864
106.0 102.0 0.12965880637447733
106.0 104.0 0.1770424912134254
106.0 106.0 0.22243156363737895
106.0 108.0 0.25362665810696977
106.0 110.0 0.24267040950953292
106.0 112.0 0.0
106.0 114.0 0.0
106.0 116.0 0.0
106.0 118.0 0.0
106.0 120.0 0.0
106.0 122.0 0.0
106.0 124.0 0.0
106.0 126.0 0.0
108.0 0.0 0.0
108.0 2.0 0.0
108.0 4.0 0.0
108.0 6.0 0.0
108.0 8.0 0.0
108.0 10.0 0.0
108.0 12.0 0.0
108.0 14.0 0.0
108.0 16.0 0.0
108.0 18.0 0.0
108.0 20.0 0.03614330012443619
108.0 22.0 0.0
108.0 24.0 0.0
108.0 26.0 0.0
108.0 28.0 0.0
108.0 30.0 0.0
108.0 32.0 0.0
108.0 34.0 4.0762664372231034E-4
108.0 36.0 0.060788632752663795
108.0 38.0 0.16378898951075935
108.0 40.0 0.23633895749155567
108.0 42.0 0.23135341055443648
108.0 44.0 0.18267758810330872
108.0 46.0 0.10856011833485145
108.0 48.0 0.020112322485842955
108.0 50.0 0.0
108.0 52.0 0.0
108.0 54.0 0.0
108.0 56.0 0.0
108.0 58.0 0.0
108.0 60.0 0.0
108.0 62.0 0.0
108.0 64.0 0.0
108.0 66.0 0.0
108.0 68.0 0.0
108.0 70.0 0.03578192243520189
108.0 72.0 0.06490593923243144
108.0 74.0 0.07104335427126741
108.0 76.0 0.022309263370083973
108.0 78.0 0.0010054854681152256
108.0 80.0 0.0
108.0 82.0 0.01927565455480046
108.0 84.0 0.0251216663611533
108.0 86.0 0.021275244154619982
108.0 88.0 0.027270059738206228
108.0 90.0 0.021759709541779346
108.0 92.0 0.045173998535605664
108.0 94.0 0.07162550704950814
108.0 96.0 0.11978269638552443
108.0 98.0 0.12651711748953445
108.0 100.0 0.15167303811475372
108.0 102.0 0.17356507662671175
108.0 104.0 0.21710978374462533
108.0 106.0 0.27605332234724184
108.0 108.0 0.3240893924619359
108.0 110.0 0.0
108.0 112.0 0.0
108.0 114.0 0.0
108.0 116.0 0.0
108.0 118.0 0.0
108.0 120.0 0.0
108.0 122.0 0.0
108.0 124.0 0.0
108.0 126.0 0.0
110.0 0.0 0.0
110.0 2.0 0.0
110.0 4.0 0.0
110.0 6.0 0.0
110.0 8.0 0.0
110.0 10.0 0.0
110.0 12.0 0.0
110.0 14.0 0.0
110.0 16.0 0.0
110.0 18.0 0.0
110.0 20.0 0.0
110.0 22.0 0.03584072636926388
110.0 24.0 0.0
110.0 26.0 0.0
110.0 28.0 0.0
110.0 30.0 0.0
110.0 32.0 0.0
110.0 34.0 0.005173287123032062
110.0 36.0 0.10898019501215404
110.0 38.0 0.23904410760677341
110.0 40.0 0.28422736969978424
110.0 42.0 0.2773885465033547
110.0 44.0 0.22218896828238047
110.0 46.0 0.13950997837862475
110.0 48.0 0.03663605669389923
110.0 50.0 0.0
110.0 52.0 0.0
110.0 54.0 0.0
110.0 56.0 0.0
110.0 58.0 0.0
110.0 60.0 0.0
110.0 62.0 0.0
110.0 64.0 0.0
110.0 66.0 0.0
110.0 68.0 0.0
110.0 70.0 0.023363122877038806
110.0 72.0 0.05757601763652998
110.0 74.0 0.07346102188991323
110.0 76.0 0.03203660658787503
110.0 78.0 0.001485516580198501
110.0 80.0 0.0
110.0 82.0 0.00464377162941505
110.0 84.0 0.023184613706413795
110.0 86.0 0.021800833578667883
110.0 88.0 0.02576976515656236
110.0 90.0 0.014774566065209783
110.0 92.0 0.035516827392694635
110.0 94.0 0.07373551841123943
110.0 96.0 0.11807334009773635
110.0 98.0 0.13287351545050405
110.0 100.0 0.16005972382412537
110.0 102.0 0.18058653704581873
110.0 104.0 0.21251548835183484
110.0 106.0 0.2555894564817306
110.0 108.0 0.0
110.0 110.0 0.0
110.0 112.0 0.0
110.0 114.0 0.0
110.0 116.0 0.0
110.0 118.0 0.0
110.0 120.0 0.0
110.0 122.0 0.0
110.0 124.0 0.0
110.0 126.0 0.0
112.0 0.0 0.0
112.0 2.0 0.0
112.0 4.0 0.0
112.0 6.0 0.0
112.0 8.0 0.0
112.0 10.0 0.0
112.0 12.0 0.0
112.0 14.0 0.0
112.0 16.0 0.0
112.0 18.0 0.0
112.0 20.0 0.0
112.0 22.0 0.0
112.0 24.0 0.034488759235275605
112.0 26.0 0.0
112.0 28.0 0.0
112.0 30.0 0.0
112.0 32.0 0.0
112.0 34.0 0.01661204896393843
112.0 36.0 0.14868794885038242
112.0 38.0 0.2742949159033455
112.0 40.0 0.3255619406135793
112.0 42.0 0.32338682915714373
112.0 44.0 0.26811852326895763
112.0 46.0 0.18236835266924176
112.0 48.0 0.06500097235580683
112.0 50.0 0.004300148215973653
112.0 52.0 0.0
112.0 54.0 0.0
112.0 56.0 0.0
112.0 58.0 0.0
112.0 60.0 0.0
112.0 62.0 0.0
112.0 64.0 0.0
112.0 66.0 0.0
112.0 68.0 0.0
112.0 70.0 0.005918487208186632
112.0 72.0 0.05615172039704149
112.0 74.0 0.07899687849619215
112.0 76.0 0.04616696965631029
112.0 78.0 0.002986321192828064
112.0 80.0 0.0
112.0 82.0 0.0
112.0 84.0 0.012058732853013017
112.0 86.0 0.012476467239390719
112.0 88.0 0.011120376191937661
112.0 90.0 0.008249645867681671
112.0 92.0 0.006291326911740644
112.0 94.0 0.03804019181870763
112.0 96.0 0.06632079963077431
112.0 98.0 0.07468249552368568
112.0 100.0 0.09848541094509548
112.0 102.0 0.12393854947182943
112.0 104.0 0.13504090612615194
112.0 106.0 0.0
112.0 108.0 0.0
112.0 110.0 0.0
112.0 112.0 0.0
112.0 114.0 0.0
112.0 116.0 0.0
112.0 118.0 0.0
112.0 120.0 0.0
112.0 122.0 0.0
112.0 124.0 0.0
112.0 126.0 0.0
114.0 0.0 0.0
114.0 2.0 0.0
114.0 4.0 0.0
114.0 6.0 0.0
114.0 8.0 0.0
114.0 10.0 0.0
114.0 12.0 0.0
114.0 14.0 0.0
114.0 16.0 0.0
114.0 18.0 0.0
114.0 20.0 0.0
114.0 22.0 0.0
114.0 24.0 0.0
114.0 26.0 0.024960324450944035
114.0 28.0 0.0
114.0 30.0 0.0
114.0 32.0 0.0
114.0 34.0 0.057558610300570225
114.0 36.0 0.2013286673862653
114.0 38.0 0.3154473342409239
114.0 40.0 0.35543709622063147
114.0 42.0 0.3634651674638382
114.0 44.0 0.3134992332047081
114.0 46.0 0.22848823241019114
114.0 48.0 0.10595780679439237
114.0 50.0 0.0184375754908333
114.0 52.0 0.0
114.0 54.0 0.0
114.0 56.0 0.0
114.0 58.0 0.0
114.0 60.0 0.0
114.0 62.0 0.0
114.0 64.0 0.0
114.0 66.0 0.0
114.0 68.0 0.0
114.0 70.0 0.0
114.0 72.0 0.03576463382543616
114.0 74.0 0.07380534508425717
114.0 76.0 0.06898615302377252
114.0 78.0 0.01628226136819554
114.0 80.0 0.0
114.0 82.0 0.0
114.0 84.0 0.0026177068413922723
114.0 86.0 0.0013042946419717703
114.0 88.0 9.861478067352471E-5
114.0 90.0 0.0
114.0 92.0 0.0
114.0 94.0 0.0
114.0 96.0 0.0032894515721720897
114.0 98.0 0.0025880052808401176
114.0 100.0 0.00690687495126029
114.0 102.0 0.0
114.0 104.0 0.0
114.0 106.0 0.0
114.0 108.0 0.0
114.0 110.0 0.0
114.0 112.0 0.0
114.0 114.0 0.0
114.0 116.0 0.0
114.0 118.0 0.0
114.0 120.0 0.0
114.0 122.0 0.0
114.0 124.0 0.0
114.0 126.0 0.0
116.0 0.0 0.0
116.0 2.0 0.0
116.0 4.0 0.0
116.0 6.0 0.0
116.0 8.0 0.0
116.0 10.0 0.0
116.0 12.0 0.0
116.0 14.0 0.0
116.0 16.0 0.0
116.0 18.0 0.0
116.0 20.0 0.0
116.0 22.0 0.0
116.0 24.0 0.0
116.0 26.0 0.0
116.0 28.0 0.03277770305055309
116.0 30.0 0.025020817027546525
116.0 32.0 0.059963327581582175
116.0 34.0 0.14148953289064317
116.0 36.0 0.2873855178382841
116.0 38.0 0.38149115601138855
116.0 40.0 0.399712206554437
116.0 42.0 0.40896426659094054
116.0 44.0 0.36318478519858033
116.0 46.0 0.2799341250222775
116.0 48.0 0.15497273174769488
116.0 50.0 0.03961921121071964
116.0 52.0 0.0
116.0 54.0 0.0
116.0 56.0 0.0
116.0 58.0 0.0
116.0 60.0 0.0
116.0 62.0 0.0
116.0 64.0 0.0
116.0 66.0 0.0
116.0 68.0 0.0
116.0 70.0 0.0
116.0 72.0 0.012494551329834373
116.0 74.0 0.04734300676420772
116.0 76.0 0.0756640654501342
116.0 78.0 0.0528160606669256
116.0 80.0 0.0018395510296141384
116.0 82.0 0.0
116.0 84.0 0.0
116.0 86.0 0.0
116.0 88.0 0.0
116.0 90.0 0.0
116.0 92.0 0.0
116.0 94.0 0.0
116.0 96.0 0.0
116.0 98.0 0.0
116.0 100.0 0.0
116.0 102.0 0.0
116.0 104.0 0.0
116.0 106.0 0.0
116.0 108.0 0.0
116.0 110.0 0.0
116.0 112.0 0.0
116.0 114.0 0.0
116.0 116.0 0.0
116.0 118.0 0.0
116.0 120.0 0.0
116.0 122.0 0.0
116.0 124.0 0.0
116.0 126.0 0.0
118.0 0.0 0.0
118.0 2.0 0.0
118.0 4.0 0.0
118.0 6.0 0.0
118.0 8.0 0.0
118.0 10.0 0.0
118.0 12.0 0.0
118.0 14.0 0.0
118.0 16.0 0.0
118.0 18.0 0.0
118.0 20.0 0.0
118.0 22.0 0.0
118.0 24.0 0.0
118.0 26.0 0.0
118.0 28.0 0.0
118.0 30.0 0.0
118.0 32.0 0.09360575443165957
118.0 34.0 0.22325709530624285
118.0 36.0 0.3086543221610801
118.0 38.0 0.39763955219842756
118.0 40.0 0.4412188520374029
118.0 42.0 0.41900594340873804
118.0 44.0 0.39796606339150314
118.0 46.0 0.33156300201994227
118.0 48.0 0.21694318265689158
118.0 50.0 0.07176492303869515
118.0 52.0 0.0017360766041149348
118.0 54.0 0.0
118.0 56.0 0.0
118.0 58.0 0.0
118.0 60.0 0.0
118.0 62.0 0.0
118.0 64.0 0.0
118.0 66.0 0.0
118.0 68.0 0.0
118.0 70.0 0.0
118.0 72.0 0.004902145338217217
118.0 74.0 0.03938169454750756
118.0 76.0 0.07671453794435722
118.0 78.0 0.0891048582576398
118.0 80.0 0.0337368409118611
118.0 82.0 0.001215971817017147
118.0 84.0 0.0
118.0 86.0 0.0
118.0 88.0 0.0
118.0 90.0 0.0
118.0 92.0 0.0
118.0 94.0 0.0
118.0 96.0 0.0
118.0 98.0 0.0
118.0 100.0 0.0
118.0 102.0 0.0
118.0 104.0 0.0
118.0 106.0 0.0
118.0 108.0 0.0
118.0 110.0 0.0
118.0 112.0 0.0
118.0 114.0 0.0
118.0 116.0 0.0
118.0 118.0 0.0
118.0 120.0 0.0
118.0 122.0 0.0
118.0 124.0 0.0
118.0 126.0 0.0
120.0 0.0 0.0
120.0 2.0 0.0
120.0 4.0 0.0
120.0 6.0 0.0
120.0 8.0 0.0
120.0 10.0 0.0
120.0 12.0 0.0
120.0 14.0 0.0
120.0 16.0 0.0
120.0 18.0 0.0
120.0 20.0 0.0
120.0 22.0 0.0
120.0 24.0 0.0
120.0 26.0 0.0
120.0 28.0 0.0
120.0 30.0 0.0
120.0 32.0 0.0
120.0 34.0 0.0
120.0 36.0 0.2253529286603715
120.0 38.0 0.4978298062407734
120.0 40.0 0.4903614144171266
120.0 42.0 0.4624485268523631
120.0 44.0 0.4412103745263569
120.0 46.0 0.3950130859758749
120.0 48.0 0.2876264190203138
120.0 50.0 0.118019500098192
120.0 52.0 0.017955332821301028
120.0 54.0 0.0
120.0 56.0 0.0
120.0 58.0 0.0
120.0 60.0 0.0
120.0 62.0 0.0
120.0 64.0 0.0
120.0 66.0 0.0
120.0 68.0 0.0
120.0 70.0 0.0
120.0 72.0 1.3029483629996543E-4
120.0 74.0 0.03814143763782682
120.0 76.0 0.0814221712353151
120.0 78.0 0.09744336422208133
120.0 80.0 0.073909633781466
120.0 82.0 0.021131831362208406
120.0 84.0 0.0
120.0 86.0 0.0
120.0 88.0 0.0
120.0 90.0 0.0
120.0 92.0 0.0
120.0 94.0 0.0
120.0 96.0 0.0
120.0 98.0 0.0
120.0 100.0 0.0
120.0 102.0 0.0
120.0 104.0 0.0
120.0 106.0 0.0
120.0 108.0 0.0
120.0 110.0 0.0
120.0 112.0 0.0
120.0 114.0 0.0
120.0 116.0 0.0
120.0 118.0 0.0
120.0 120.0 0.0
120.0 122.0 0.0
120.0 124.0 0.0
120.0 126.0 0.0
122.0 0.0 0.0
122.0 2.0 0.0
122.0 4.0 0.0
122.0 6.0 0.0
122.0 8.0 0.0
122.0 10.0 0.0
122.0 12.0 0.0
122.0 14.0 0.0
122.0 16.0 0.0
122.0 18.0 0.0
122.0 20.0 0.0
122.0 22.0 0.0
122.0 24.0 0.0
122.0 26.0 0.0
122.0 28.0 0.0
122.0 30.0 0.0
122.0 32.0 0.0
122.0 34.0 0.0
122.0 36.0 0.0
122.0 38.0 0.0
122.0 40.0 0.21643239994431504
122.0 42.0 0.4260626556181997
122.0 44.0 0.42893173317210453
122.0 46.0 0.39312816426339575
122.0 48.0 0.3177253825441408
122.0 50.0 0.19591094515284424
122.0 52.0 0.04449591335685262
122.0 54.0 0.0
122.0 56.0 0.0
122.0 58.0 0.0
122.0 60.0 0.0
122.0 62.0 0.0
122.0 64.0 0.0
122.0 66.0 0.0
122.0 68.0 0.0
122.0 70.0 0.0
122.0 72.0 0.0010725591475992172
122.0 74.0 0.044645842089271866
122.0 76.0 0.08771074029316489
122.0 78.0 0.10129509038295492
122.0 80.0 0.09058360153816536
122.0 82.0 0.03464328571449033
122.0 84.0 0.002324825775824164
122.0 86.0 0.0
122.0 88.0 0.0
122.0 90.0 0.0
122.0 92.0 0.0
122.0 94.0 0.0
122.0 96.0 0.0
122.0 98.0 0.0
122.0 100.0 0.0
122.0 102.0 0.0
122.0 104.0 0.0
122.0 106.0 0.0
122.0 108.0 0.0
122.0 110.0 0.0
122.0 112.0 0.0
122.0 114.0 0.0
122.0 116.0 0.0
122.0 118.0 0.0
122.0 120.0 0.0
122.0 122.0 0.0
122.0 124.0 0.0
122.0 126.0 0.0
124.0 0.0 0.0
124.0 2.0 0.0
124.0 4.0 0.0
124.0 6.0 0.0
124.0 8.0 0.0
124.0 10.0 0.0
124.0 12.0 0.0
124.0 14.0 0.0
124.0 16.0 0.0
124.0 18.0 0.0
124.0 20.0 0.0
124.0 22.0 0.0
124.0 24.0 0.0
124.0 26.0 0.0
124.0 28.0 0.0
124.0 30.0 0.0
124.0 32.0 0.0
124.0 34.0 0.0
124.0 36.0 0.0
124.0 38.0 0.0
124.0 40.0 0.0
124.0 42.0 0.0
124.0 44.0 0.0
124.0 46.0 0.12727297232553145
124.0 48.0 0.29484538391377174
124.0 50.0 0.240100673942639
124.0 52.0 0.12239877072029641
124.0 54.0 0.013823292927524983
124.0 56.0 0.0
124.0 58.0 0.0
124.0 60.0 0.0
124.0 62.0 0.0
124.0 64.0 0.0
124.0 66.0 0.0
124.0 68.0 0.0
124.0 70.0 0.0
124.0 72.0 0.001960083729727046
124.0 74.0 0.050878399342772745
124.0 76.0 0.0934514363676728
124.0 78.0 0.09549063711999829
124.0 80.0 0.09116446226070031
124.0 82.0 0.04456056271757017
124.0 84.0 0.0
124.0 86.0 0.0
124.0 88.0 0.0
124.0 90.0 0.0
124.0 92.0 0.0
124.0 94.0 0.0
124.0 96.0 0.0
124.0 98.0 0.0
124.0 100.0 0.0
124.0 102.0 0.0
124.0 104.0 0.0
124.0 106.0 0.0
124.0 108.0 0.0
124.0 110.0 0.0
124.0 112.0 0.0
124.0 114.0 0.0
124.0 116.0 0.0
124.0 118.0 0.0
124.0 120.0 0.0
124.0 122.0 0.0
124.0 124.0 0.0
124.0 126.0 0.0
126.0 0.0 0.0
126.0 2.0 0.0
126.0 4.0 0.0
126.0 6.0 0.0
126.0 8.0 0.0
126.0 10.0 0.0
126.0 12.0 0.0
126.0 14.0 0.0
126.0 16.0 0.0
126.0 18.0 0.0
126.0 20.0 0.0
126.0 22.0 0.0
126.0 24.0 0.0
126.0 26.0 0.0
126.0 28.0 0.0
126.0 30.0 0.0
126.0 32.0 0.0
126.0 34.0 0.0
126.0 36.0 0.0
126.0 38.0 0.0
126.0 40.0 0.0
126.0 42.0 0.0
126.0 44.0 0.0
126.0 46.0 0.0
126.0 48.0 0.0
126.0 50.0 0.0
126.0 52.0 0.0
126.0 54.0 0.010775341567941766
126.0 56.0 0.0
126.0 58.0 0.0
126.0 60.0 0.0
126.0 62.0 0.0
126.0 64.0 0.0
126.0 66.0 0.0
126.0 68.0 0.0
126.0 70.0 0.0
126.0 72.0 0.01241907733594358
126.0 74.0 0.0759491454508671
126.0 76.0 0.0
126.0 78.0 0.0
126.0 80.0 0.0
126.0 82.0 0.0
126.0 84.0 0.0
126.0 86.0 0.0
126.0 88.0 0.0
126.0 90.0 0.0
126.0 92.0 0.0
126.0 94.0 0.0
126.0 96.0 0.0
126.0 98.0 0.0
126.0 100.0 0.0
126.0 102.0 0.0
126.0 104.0 0.0
126.0 106.0 0.0
126.0 108.0 0.0
126.0 110.0 0.0
126.0 112.0 0.0
126.0 114.0 0.0
126.0 116.0 0.0
126.0 118.0 0.0
126.0 120.0 0.0
126.0 122.0 0.0
126.0 124.0 0.0
126.0 126.0 0.0
