0.0 0.0 0.0
0.0 2.0 0.0
0.0 4.0 0.0
0.0 6.0 0.0
0.0 8.0 0.0
0.0 10.0 0.0
0.0 12.0 0.0
0.0 14.0 0.0
0.0 16.0 0.0
0.0 18.0 0.0
0.0 20.0 0.0
0.0 22.0 0.0
0.0 24.0 0.0
0.0 26.0 0.0
0.0 28.0 0.0
0.0 30.0 0.0
0.0 32.0 0.0
0.0 34.0 0.0
0.0 36.0 0.0
0.0 38.0 0.0
0.0 40.0 0.0
0.0 42.0 0.0
0.0 44.0 0.0
0.0 46.0 0.0
0.0 48.0 0.0
0.0 50.0 0.0
0.0 52.0 0.0
0.0 54.0 0.0
0.0 56.0 0.0
0.0 58.0 0.0
0.0 60.0 0.0
0.0 62.0 0.0
0.0 64.0 0.0
0.0 66.0 0.0
0.0 68.0 0.0
0.0 70.0 0.0
0.0 72.0 0.0
0.0 74.0 0.0
0.0 76.0 0.0
0.0 78.0 0.0
0.0 80.0 0.0
0.0 82.0 0.0
0.0 84.0 0.0
0.0 86.0 0.0
0.0 88.0 0.0
0.0 90.0 0.0
0.0 92.0 0.0
0.0 94.0 0.0
0.0 96.0 0.0
0.0 98.0 0.0
0.0 100.0 0.0
0.0 102.0 0.0
0.0 104.0 0.0
0.0 106.0 0.0
0.0 108.0 0.0
0.0 110.0 0.0
0.0 112.0 0.0
0.0 114.0 0.0
0.0 116.0 0.0
0.0 118.0 0.0
0.0 120.0 0.0
0.0 122.0 0.0
0.0 124.0 0.0
0.0 126.0 0.0
2.0 0.0 0.0
2.0 2.0 0.0
2.0 4.0 0.0
2.0 6.0 0.0
2.0 8.0 0.0
2.0 10.0 0.0
2.0 12.0 0.0
2.0 14.0 0.0
2.0 16.0 0.0
2.0 18.0 0.0
2.0 20.0 0.0
2.0 22.0 0.0
2.0 24.0 0.0
2.0 26.0 0.0
2.0 28.0 0.0
2.0 30.0 0.0
2.0 32.0 0.0
2.0 34.0 0.0
2.0 36.0 0.0
2.0 38.0 0.0
2.0 40.0 0.0
2.0 42.0 0.0
2.0 44.0 0.0
2.0 46.0 0.0
2.0 48.0 0.0
2.0 50.0 0.0
2.0 52.0 0.0
2.0 54.0 0.0
2.0 56.0 0.0
2.0 58.0 0.0
2.0 60.0 0.0
2.0 62.0 0.0
2.0 64.0 0.0
2.0 66.0 0.0
2.0 68.0 0.03572194151720966
2.0 70.0 0.13151445018230842
2.0 72.0 0.2473603198249125
2.0 74.0 0.3479500562646503
2.0 76.0 0.40579853713234554
2.0 78.0 0.41453840841077966
2.0 80.0 0.0
2.0 82.0 0.0
2.0 84.0 0.0
2.0 86.0 0.0
2.0 88.0 0.0
2.0 90.0 0.0
2.0 92.0 0.0
2.0 94.0 0.0
2.0 96.0 0.0
2.0 98.0 0.0
2.0 100.0 0.0
2.0 102.0 0.0
2.0 104.0 0.0
2.0 106.0 0.0
2.0 108.0 0.0
2.0 110.0 0.0
2.0 112.0 0.0
2.0 114.0 0.0
2.0 116.0 0.0
2.0 118.0 0.0
2.0 120.0 0.0
2.0 122.0 0.0
2.0 124.0 0.0
2.0 126.0 0.0
4.0 0.0 0.0
4.0 2.0 0.0
4.0 4.0 0.0
4.0 6.0 0.0
4.0 8.0 0.0
4.0 10.0 0.0
4.0 12.0 0.0
4.0 14.0 0.0
4.0 16.0 0.0
4.0 18.0 0.0
4.0 20.0 0.0
4.0 22.0 0.0
4.0 24.0 0.0
4.0 26.0 0.0
4.0 28.0 0.0
4.0 30.0 0.0
4.0 32.0 0.0
4.0 34.0 0.0
4.0 36.0 0.0
4.0 38.0 0.0
4.0 40.0 0.0
4.0 42.0 0.20822555744464413
4.0 44.0 0.007291084873217835
4.0 46.0 0.0
4.0 48.0 0.0
4.0 50.0 0.0
4.0 52.0 0.0
4.0 54.0 0.0
4.0 56.0 0.0
4.0 58.0 0.0
4.0 60.0 0.0
4.0 62.0 0.0
4.0 64.0 0.0
4.0 66.0 0.0
4.0 68.0 0.027455187828494192
4.0 70.0 0.11123553558423095
4.0 72.0 0.22047667171827504
4.0 74.0 0.32708703136231165
4.0 76.0 0.38879873311712054
4.0 78.0 0.40026505094530207
4.0 80.0 0.3625157889118697
4.0 82.0 0.32115235976569306
4.0 84.0 0.25855398403752516
4.0 86.0 0.0
4.0 88.0 0.0
4.0 90.0 0.0
4.0 92.0 0.0
4.0 94.0 0.0
4.0 96.0 0.0
4.0 98.0 0.0
4.0 100.0 0.0
4.0 102.0 0.0
4.0 104.0 0.0
4.0 106.0 0.0
4.0 108.0 0.0
4.0 110.0 0.0
4.0 112.0 0.0
4.0 114.0 0.0
4.0 116.0 0.0
4.0 118.0 0.0
4.0 120.0 0.0
4.0 122.0 0.0
4.0 124.0 0.0
4.0 126.0 0.0
6.0 0.0 0.0
6.0 2.0 0.0
6.0 4.0 0.0
6.0 6.0 0.0
6.0 8.0 0.0
6.0 10.0 0.0
6.0 12.0 0.0
6.0 14.0 0.0
6.0 16.0 0.0
6.0 18.0 0.0
6.0 20.0 0.0
6.0 22.0 0.0
6.0 24.0 0.0
6.0 26.0 0.0
6.0 28.0 0.0
6.0 30.0 0.0
6.0 32.0 0.0
6.0 34.0 0.0
6.0 36.0 0.0
6.0 38.0 0.049490950012388735
6.0 40.0 0.0
6.0 42.0 0.0
6.0 44.0 0.0
6.0 46.0 0.0030703858088879012
6.0 48.0 0.00410693043418749
6.0 50.0 0.0
6.0 52.0 0.0
6.0 54.0 0.0
6.0 56.0 0.0
6.0 58.0 0.0
6.0 60.0 0.0
6.0 62.0 0.0
6.0 64.0 0.0
6.0 66.0 0.0
6.0 68.0 0.02248163682915628
6.0 70.0 0.09822538131902703
6.0 72.0 0.1941337652635198
6.0 74.0 0.3064109058803997
6.0 76.0 0.37414622767013733
6.0 78.0 0.38969453762502737
6.0 80.0 0.35734533159311527
6.0 82.0 0.30711176779876287
6.0 84.0 0.2538080710748313
6.0 86.0 0.10777831455934855
6.0 88.0 0.010099043676750163
6.0 90.0 0.0
6.0 92.0 0.0
6.0 94.0 0.0
6.0 96.0 0.0
6.0 98.0 0.0
6.0 100.0 0.0
6.0 102.0 0.0
6.0 104.0 0.0
6.0 106.0 0.0
6.0 108.0 0.0
6.0 110.0 0.0
6.0 112.0 0.0
6.0 114.0 0.0
6.0 116.0 0.0
6.0 118.0 0.0
6.0 120.0 0.0
6.0 122.0 0.0
6.0 124.0 0.0
6.0 126.0 0.0
8.0 0.0 0.0
8.0 2.0 0.0
8.0 4.0 0.0
8.0 6.0 0.0
8.0 8.0 0.0
8.0 10.0 0.0
8.0 12.0 0.0
8.0 14.0 0.0
8.0 16.0 0.0
8.0 18.0 0.0
8.0 20.0 0.0
8.0 22.0 0.0
8.0 24.0 0.0
8.0 26.0 0.0
8.0 28.0 0.0
8.0 30.0 0.0
8.0 32.0 0.0
8.0 34.0 0.0
8.0 36.0 0.0
8.0 38.0 0.0
8.0 40.0 0.0017597334527641494
8.0 42.0 0.07119684866263755
8.0 44.0 0.11236696399723288
8.0 46.0 0.11073846026981547
8.0 48.0 0.06396172666392105
8.0 50.0 0.011278705447616388
8.0 52.0 0.0
8.0 54.0 0.0
8.0 56.0 0.0
8.0 58.0 0.0
8.0 60.0 0.0
8.0 62.0 0.0
8.0 64.0 0.0
8.0 66.0 0.0
8.0 68.0 0.018951642120967924
8.0 70.0 0.07199086329179016
8.0 72.0 0.16404324344463236
8.0 74.0 0.2794723032825653
8.0 76.0 0.35346664613131407
8.0 78.0 0.3752691579064311
8.0 80.0 0.3430543824248939
8.0 82.0 0.28309096736886524
8.0 84.0 0.23378331605535796
8.0 86.0 0.11690179823513451
8.0 88.0 0.025272460253753095
8.0 90.0 0.0
8.0 92.0 0.0
8.0 94.0 0.0
8.0 96.0 0.0
8.0 98.0 0.0
8.0 100.0 0.0
8.0 102.0 0.0
8.0 104.0 0.0
8.0 106.0 0.0
8.0 108.0 0.0
8.0 110.0 0.0
8.0 112.0 0.0
8.0 114.0 0.0
8.0 116.0 0.0
8.0 118.0 0.0
8.0 120.0 0.0
8.0 122.0 0.0
8.0 124.0 0.0
8.0 126.0 0.0
10.0 0.0 0.0
10.0 2.0 0.0
10.0 4.0 0.0
10.0 6.0 0.0
10.0 8.0 0.0
10.0 10.0 0.0
10.0 12.0 0.0
10.0 14.0 0.0
10.0 16.0 0.0
10.0 18.0 0.0
10.0 20.0 0.0
10.0 22.0 0.0
10.0 24.0 0.0
10.0 26.0 0.0
10.0 28.0 0.0
10.0 30.0 0.0
10.0 32.0 0.0
10.0 34.0 0.0
10.0 36.0 0.015786167084173405
10.0 38.0 0.12240234301633766
10.0 40.0 0.20593152453113397
10.0 42.0 0.23492529760450964
10.0 44.0 0.20662432934767086
10.0 46.0 0.17530817913688157
10.0 48.0 0.1167793225548659
10.0 50.0 0.03532924293231932
10.0 52.0 0.0
10.0 54.0 0.0
10.0 56.0 0.0
10.0 58.0 0.0
10.0 60.0 0.0
10.0 62.0 0.0
10.0 64.0 0.0
10.0 66.0 0.0
10.0 68.0 0.008085788077535695
10.0 70.0 0.04511470886730074
10.0 72.0 0.12639699413041458
10.0 74.0 0.2429496851238925
10.0 76.0 0.31857132608615524
10.0 78.0 0.3497342809444928
10.0 80.0 0.3064575264121934
10.0 82.0 0.2597631817563228
10.0 84.0 0.21752859232459507
10.0 86.0 0.1300191249213797
10.0 88.0 0.03773178735889734
10.0 90.0 0.0
10.0 92.0 0.0
10.0 94.0 0.0
10.0 96.0 0.0
10.0 98.0 0.0
10.0 100.0 0.0
10.0 102.0 0.0
10.0 104.0 0.0
10.0 106.0 0.0
10.0 108.0 0.0
10.0 110.0 0.0
10.0 112.0 0.0
10.0 114.0 0.0
10.0 116.0 0.0
10.0 118.0 0.0
10.0 120.0 0.0
10.0 122.0 0.0
10.0 124.0 0.0
10.0 126.0 0.0
12.0 0.0 0.0
12.0 2.0 0.0
12.0 4.0 0.0
12.0 6.0 0.0
12.0 8.0 0.0
12.0 10.0 0.0
12.0 12.0 0.0
12.0 14.0 0.0
12.0 16.0 0.0
12.0 18.0 0.0
12.0 20.0 0.0
12.0 22.0 0.0
12.0 24.0 0.0
12.0 26.0 0.0
12.0 28.0 0.0
12.0 30.0 0.0
12.0 32.0 0.0
12.0 34.0 0.02404702882441187
12.0 36.0 0.14453610119255325
12.0 38.0 0.23843057235868556
12.0 40.0 0.27934765415039103
12.0 42.0 0.2655612132857324
12.0 44.0 0.23883901233300078
12.0 46.0 0.21024913645186874
12.0 48.0 0.14554444022489013
12.0 50.0 0.0518466405286655
12.0 52.0 0.0
12.0 54.0 0.0
12.0 56.0 0.0
12.0 58.0 0.0
12.0 60.0 0.0
12.0 62.0 0.0
12.0 64.0 0.0
12.0 66.0 0.0
12.0 68.0 1.6954382646188786E-4
12.0 70.0 0.0189685190122869
12.0 72.0 0.08424536929749184
12.0 74.0 0.18088164956173813
12.0 76.0 0.2661662922835962
12.0 78.0 0.30707311008546184
12.0 80.0 0.29166041839936574
12.0 82.0 0.23431795864941332
12.0 84.0 0.1898826737033368
12.0 86.0 0.13166421783151402
12.0 88.0 0.0367400372906048
12.0 90.0 0.0
12.0 92.0 0.0
12.0 94.0 0.0
12.0 96.0 0.0
12.0 98.0 0.0
12.0 100.0 0.0
12.0 102.0 0.0
12.0 104.0 0.0
12.0 106.0 0.0
12.0 108.0 0.0
12.0 110.0 0.0
12.0 112.0 0.0
12.0 114.0 0.0
12.0 116.0 0.0
12.0 118.0 0.0
12.0 120.0 0.0
12.0 122.0 0.0
12.0 124.0 0.0
12.0 126.0 0.0
14.0 0.0 0.0
14.0 2.0 0.0
14.0 4.0 0.0
14.0 6.0 0.0
14.0 8.0 0.0
14.0 10.0 0.0
14.0 12.0 0.0
14.0 14.0 0.0
14.0 16.0 0.0
14.0 18.0 0.0
14.0 20.0 0.0
14.0 22.0 0.0
14.0 24.0 0.0
14.0 26.0 0.0
14.0 28.0 0.0
14.0 30.0 0.0
14.0 32.0 0.06683623785374114
14.0 34.0 0.18800548385299995
14.0 36.0 0.27587878310461694
14.0 38.0 0.3135475365090555
14.0 40.0 0.335420658657751
14.0 42.0 0.29845300802787783
14.0 44.0 0.277584401884063
14.0 46.0 0.2442616616995532
14.0 48.0 0.1692415957759896
14.0 50.0 0.06429906556518393
14.0 52.0 0.00293813290530668
14.0 54.0 0.0
14.0 56.0 0.0
14.0 58.0 0.0
14.0 60.0 0.0
14.0 62.0 0.0
14.0 64.0 0.0
14.0 66.0 0.0
14.0 68.0 0.0
14.0 70.0 0.0076489729529451685
14.0 72.0 0.04769535297773267
14.0 74.0 0.12919943728852215
14.0 76.0 0.21000430199705888
14.0 78.0 0.25616843198006123
14.0 80.0 0.2537284903035346
14.0 82.0 0.2051004888734724
14.0 84.0 0.16912465249616912
14.0 86.0 0.12737500217463363
14.0 88.0 0.04059137715140563
14.0 90.0 0.0013570240393911224
14.0 92.0 0.0
14.0 94.0 0.0
14.0 96.0 0.0
14.0 98.0 0.0
14.0 100.0 0.0
14.0 102.0 0.0
14.0 104.0 0.0
14.0 106.0 0.0
14.0 108.0 0.0
14.0 110.0 0.0
14.0 112.0 0.0
14.0 114.0 0.0
14.0 116.0 0.0
14.0 118.0 0.0
14.0 120.0 0.0
14.0 122.0 0.0
14.0 124.0 0.0
14.0 126.0 0.0
16.0 0.0 0.0
16.0 2.0 0.0
16.0 4.0 0.0
16.0 6.0 0.0
16.0 8.0 0.0
16.0 10.0 0.0
16.0 12.0 0.0
16.0 14.0 0.0
16.0 16.0 0.0
16.0 18.0 0.0
16.0 20.0 0.0
16.0 22.0 0.0
16.0 24.0 0.0
16.0 26.0 0.0
16.0 28.0 0.0
16.0 30.0 0.030997743282249482
16.0 32.0 0.12099607592640237
16.0 34.0 0.21624819668980236
16.0 36.0 0.29904690592528016
16.0 38.0 0.3352694009557767
16.0 40.0 0.3274691751794056
16.0 42.0 0.32912083063570857
16.0 44.0 0.30427475282015387
16.0 46.0 0.254333222793093
16.0 48.0 0.21016105530377552
16.0 50.0 0.09787361175605967
16.0 52.0 0.016315261669232035
16.0 54.0 0.0
16.0 56.0 0.0
16.0 58.0 0.0
16.0 60.0 0.0
16.0 62.0 0.0
16.0 64.0 0.0
16.0 66.0 0.0
16.0 68.0 0.0
16.0 70.0 0.0
16.0 72.0 0.018532973271956167
16.0 74.0 0.07118919446438662
16.0 76.0 0.15790255198899797
16.0 78.0 0.20444752677214084
16.0 80.0 0.2153888865835204
16.0 82.0 0.18666448298858992
16.0 84.0 0.1413028834034462
16.0 86.0 0.11318098350154647
16.0 88.0 0.05130271426281947
16.0 90.0 6.505667994858814E-4
16.0 92.0 0.0
16.0 94.0 0.0
16.0 96.0 0.0
16.0 98.0 0.0
16.0 100.0 0.0
16.0 102.0 0.0
16.0 104.0 0.0
16.0 106.0 0.0
16.0 108.0 0.0
16.0 110.0 0.0
16.0 112.0 0.0
16.0 114.0 0.0
16.0 116.0 0.0
16.0 118.0 0.0
16.0 120.0 0.0
16.0 122.0 0.0
16.0 124.0 0.0
16.0 126.0 0.0
18.0 0.0 0.0
18.0 2.0 0.0
18.0 4.0 0.0
18.0 6.0 0.0
18.0 8.0 0.0
18.0 10.0 0.0
18.0 12.0 0.0
18.0 14.0 0.0
18.0 16.0 0.0
18.0 18.0 0.0
18.0 20.0 0.0
18.0 22.0 0.0
18.0 24.0 0.0
18.0 26.0 0.0
18.0 28.0 0.004449315113530173
18.0 30.0 0.02629362877479625
18.0 32.0 0.11550971049935015
18.0 34.0 0.21381683284506625
18.0 36.0 0.2853740832054716
18.0 38.0 0.33532256426518425
18.0 40.0 0.3249457235927355
18.0 42.0 0.3226895514679488
18.0 44.0 0.33009854416454953
18.0 46.0 0.30266940143431
18.0 48.0 0.23827840727578853
18.0 50.0 0.12355848645605334
18.0 52.0 0.02898318064966014
18.0 54.0 0.0
18.0 56.0 0.0
18.0 58.0 0.0
18.0 60.0 0.0
18.0 62.0 0.0
18.0 64.0 0.0
18.0 66.0 0.0
18.0 68.0 0.0
18.0 70.0 0.0
18.0 72.0 7.724073083661917E-4
18.0 74.0 0.04179025183834053
18.0 76.0 0.10909514146804844
18.0 78.0 0.1550681300036663
18.0 80.0 0.17294421700902604
18.0 82.0 0.1592420847885092
18.0 84.0 0.11842009028935267
18.0 86.0 0.08588124840326948
18.0 88.0 0.04626523295236811
18.0 90.0 0.0
18.0 92.0 0.0
18.0 94.0 0.0
18.0 96.0 0.0
18.0 98.0 0.0
18.0 100.0 0.0
18.0 102.0 0.0
18.0 104.0 0.0
18.0 106.0 0.0
18.0 108.0 0.0
18.0 110.0 0.0
18.0 112.0 0.0
18.0 114.0 0.0
18.0 116.0 0.0
18.0 118.0 0.0
18.0 120.0 0.0
18.0 122.0 0.0
18.0 124.0 0.0
18.0 126.0 0.0
20.0 0.0 0.0
20.0 2.0 0.0
20.0 4.0 0.0
20.0 6.0 0.0
20.0 8.0 0.0
20.0 10.0 0.0
20.0 12.0 0.0
20.0 14.0 0.0
20.0 16.0 0.0
20.0 18.0 0.06305340318839946
20.0 20.0 0.03527580590455317
20.0 22.0 0.012030935699976564
20.0 24.0 0.006209807616126148
20.0 26.0 0.005446400723765825
20.0 28.0 0.008132663757367278
20.0 30.0 0.02481664721917451
20.0 32.0 0.09444707174692174
20.0 34.0 0.20377965706567724
20.0 36.0 0.2686209649281981
20.0 38.0 0.3297056899865391
20.0 40.0 0.31909762466809877
20.0 42.0 0.31132308832542366
20.0 44.0 0.3224042754990942
20.0 46.0 0.3070535861577986
20.0 48.0 0.2628080745872964
20.0 50.0 0.16049054393974718
20.0 52.0 0.06255658179967828
20.0 54.0 0.015129490684378383
20.0 56.0 0.0
20.0 58.0 0.0
20.0 60.0 0.0
20.0 62.0 0.0
20.0 64.0 0.0
20.0 66.0 0.0
20.0 68.0 0.0
20.0 70.0 0.0
20.0 72.0 0.0
20.0 74.0 0.0102706426387933
20.0 76.0 0.05005078002946061
20.0 78.0 0.1035848549232415
20.0 80.0 0.11918122214249482
20.0 82.0 0.1135568620639285
20.0 84.0 0.08900782540149084
20.0 86.0 0.056387862384362504
20.0 88.0 0.030262474333346317
20.0 90.0 4.410466291776126E-5
20.0 92.0 0.0
20.0 94.0 0.0
20.0 96.0 0.0
20.0 98.0 0.0
20.0 100.0 0.0
20.0 102.0 0.0
20.0 104.0 0.0
20.0 106.0 0.01233141649074359
20.0 108.0 0.06300719744748148
20.0 110.0 0.0
20.0 112.0 0.0
20.0 114.0 0.0
20.0 116.0 0.0
20.0 118.0 0.0
20.0 120.0 0.0
20.0 122.0 0.0
20.0 124.0 0.0
20.0 126.0 0.0
22.0 0.0 0.0
22.0 2.0 0.0
22.0 4.0 0.0
22.0 6.0 0.0
22.0 8.0 0.0
22.0 10.0 0.0
22.0 12.0 0.0
22.0 14.0 0.0
22.0 16.0 0.12767608416719964
22.0 18.0 0.02764709425291681
22.0 20.0 0.011928055361732878
22.0 22.0 0.0027800663862753206
22.0 24.0 0.0
22.0 26.0 9.985237839441853E-4
22.0 28.0 0.008863215829340684
22.0 30.0 0.030496074789431348
22.0 32.0 0.07316764769429342
22.0 34.0 0.17620288995596603
22.0 36.0 0.24942077858900777
22.0 38.0 0.2843014194754661
22.0 40.0 0.33101171246767236
22.0 42.0 0.34305319324066597
22.0 44.0 0.33748252069926493
22.0 46.0 0.316630273623707
22.0 48.0 0.2755597434585298
22.0 50.0 0.2068013922203543
22.0 52.0 0.09518319185123127
22.0 54.0 0.044308032291858916
22.0 56.0 0.0
22.0 58.0 0.0
22.0 60.0 0.0
22.0 62.0 0.0
22.0 64.0 0.0
22.0 66.0 0.0
22.0 68.0 0.0
22.0 70.0 0.0
22.0 72.0 0.0
22.0 74.0 0.0
22.0 76.0 0.008837135912887458
22.0 78.0 0.03370455700454263
22.0 80.0 0.05470371468055598
22.0 82.0 0.06008616545225823
22.0 84.0 0.048413203652703664
22.0 86.0 0.029258770501702957
22.0 88.0 0.01748630258106385
22.0 90.0 0.002096389544657334
22.0 92.0 0.0
22.0 94.0 0.0
22.0 96.0 0.0
22.0 98.0 0.0
22.0 100.0 0.0
22.0 102.0 0.0
22.0 104.0 6.893654692578409E-4
22.0 106.0 0.03766475530054138
22.0 108.0 0.08961896694902584
22.0 110.0 0.1818923302641904
22.0 112.0 0.0
22.0 114.0 0.0
22.0 116.0 0.0
22.0 118.0 0.0
22.0 120.0 0.0
22.0 122.0 0.0
22.0 124.0 0.0
22.0 126.0 0.0
24.0 0.0 0.0
24.0 2.0 0.0
24.0 4.0 0.0
24.0 6.0 0.0
24.0 8.0 0.0
24.0 10.0 0.0
24.0 12.0 0.0
24.0 14.0 0.1230347692144665
24.0 16.0 0.003218846726853007
24.0 18.0 0.0
24.0 20.0 0.0
24.0 22.0 0.0
24.0 24.0 0.0
24.0 26.0 0.0
24.0 28.0 0.0011826598995422063
24.0 30.0 0.01791099565549269
24.0 32.0 0.0591441565008741
24.0 34.0 0.14298523069924068
24.0 36.0 0.20986504598764089
24.0 38.0 0.2581520682214024
24.0 40.0 0.2675125266826536
24.0 42.0 0.2865830092373356
24.0 44.0 0.3054945572891741
24.0 46.0 0.3015909352859088
24.0 48.0 0.28217114337939514
24.0 50.0 0.2446370115470793
24.0 52.0 0.15711874321803662
24.0 54.0 0.08654590724119471
24.0 56.0 0.021357960284985347
24.0 58.0 0.0
24.0 60.0 0.0
24.0 62.0 0.0
24.0 64.0 0.0
24.0 66.0 0.0
24.0 68.0 0.0
24.0 70.0 0.0
24.0 72.0 0.0
24.0 74.0 0.0
24.0 76.0 0.0
24.0 78.0 0.0
24.0 80.0 0.002055640403395109
24.0 82.0 0.006306916593949813
24.0 84.0 0.006976882563898779
24.0 86.0 0.005445842252336752
24.0 88.0 0.007568550289635972
24.0 90.0 0.0024099637547836477
24.0 92.0 0.0
24.0 94.0 0.0
24.0 96.0 0.0
24.0 98.0 0.0
24.0 100.0 0.0
24.0 102.0 0.0
24.0 104.0 0.006639391677848863
24.0 106.0 0.04741604414843662
24.0 108.0 0.11121274783163305
24.0 110.0 0.17736011694291717
24.0 112.0 0.24321190099382559
24.0 114.0 0.0
24.0 116.0 0.0
24.0 118.0 0.0
24.0 120.0 0.0
24.0 122.0 0.0
24.0 124.0 0.0
24.0 126.0 0.0
26.0 0.0 0.0
26.0 2.0 0.0
26.0 4.0 0.0
26.0 6.0 0.0
26.0 8.0 0.0
26.0 10.0 0.0
26.0 12.0 0.0
26.0 14.0 0.040617530703404334
26.0 16.0 0.0
26.0 18.0 0.0
26.0 20.0 0.0
26.0 22.0 0.0
26.0 24.0 0.0
26.0 26.0 0.0
26.0 28.0 0.0
26.0 30.0 0.007355233427201413
26.0 32.0 0.03189054612280511
26.0 34.0 0.07862107146141839
26.0 36.0 0.1404960555524585
26.0 38.0 0.1884977134386845
26.0 40.0 0.21276968101348648
26.0 42.0 0.23562338944516506
26.0 44.0 0.2557763188605399
26.0 46.0 0.2651437589122018
26.0 48.0 0.26484060982947066
26.0 50.0 0.2581546908545679
26.0 52.0 0.20607438097448164
26.0 54.0 0.15604184727893103
26.0 56.0 0.07588360340115011
26.0 58.0 0.012189760851434186
26.0 60.0 0.0
26.0 62.0 0.0
26.0 64.0 0.0
26.0 66.0 0.0
26.0 68.0 0.0
26.0 70.0 0.0
26.0 72.0 0.0
26.0 74.0 0.0
26.0 76.0 0.0
26.0 78.0 0.0
26.0 80.0 0.0
26.0 82.0 0.0
26.0 84.0 0.0
26.0 86.0 4.318829601643282E-4
26.0 88.0 0.002890528401974507
26.0 90.0 0.0
26.0 92.0 0.0
26.0 94.0 0.0
26.0 96.0 0.0
26.0 98.0 0.0
26.0 100.0 0.0014574902004556806
26.0 102.0 0.007433652586994553
26.0 104.0 0.025739411121380205
26.0 106.0 0.07274759337719076
26.0 108.0 0.129226583786725
26.0 110.0 0.17093915676581625
26.0 112.0 0.1980115315545965
26.0 114.0 0.171636600765151
26.0 116.0 0.0
26.0 118.0 0.0
26.0 120.0 0.0
26.0 122.0 0.0
26.0 124.0 0.0
26.0 126.0 0.0
28.0 0.0 0.0
28.0 2.0 0.0
28.0 4.0 0.0
28.0 6.0 0.0
28.0 8.0 0.0
28.0 10.0 0.0
28.0 12.0 0.01314860855707379
28.0 14.0 0.0
28.0 16.0 0.0
28.0 18.0 0.0
28.0 20.0 0.0
28.0 22.0 0.0
28.0 24.0 0.0
28.0 26.0 0.0
28.0 28.0 0.0
28.0 30.0 0.002050708736730755
28.0 32.0 0.011291426460363463
28.0 34.0 0.028206386858128773
28.0 36.0 0.040797212205639845
28.0 38.0 0.07988064307389854
28.0 40.0 0.1219528731527257
28.0 42.0 0.14724749631018044
28.0 44.0 0.16741873422422926
28.0 46.0 0.18328820556398953
28.0 48.0 0.19523019945009693
28.0 50.0 0.23523287285824035
28.0 52.0 0.22375262482899527
28.0 54.0 0.21257126209849206
28.0 56.0 0.18184734903886313
28.0 58.0 0.09597294505239118
28.0 60.0 0.016005311027315162
28.0 62.0 0.0
28.0 64.0 0.0
28.0 66.0 0.0
28.0 68.0 0.0
28.0 70.0 0.0
28.0 72.0 0.0
28.0 74.0 0.0
28.0 76.0 0.0
28.0 78.0 0.0
28.0 80.0 0.0
28.0 82.0 0.0
28.0 84.0 0.0
28.0 86.0 0.0
28.0 88.0 0.0
28.0 90.0 0.0
28.0 92.0 0.0012277046533874386
28.0 94.0 0.011339581881513823
28.0 96.0 0.020940351915143565
28.0 98.0 0.03120986495683624
28.0 100.0 0.0528633203080666
28.0 102.0 0.08458315196689231
28.0 104.0 0.1004578962665345
28.0 106.0 0.12330467110339759
28.0 108.0 0.14858566155070937
28.0 110.0 0.18513674053759047
28.0 112.0 0.15619632406834802
28.0 114.0 0.06912089251595516
28.0 116.0 0.0035499796975368195
28.0 118.0 0.0
28.0 120.0 0.0
28.0 122.0 0.0
28.0 124.0 0.0
28.0 126.0 0.0
30.0 0.0 0.0
30.0 2.0 0.0
30.0 4.0 0.0
30.0 6.0 0.0
30.0 8.0 0.0
30.0 10.0 0.0
30.0 12.0 0.0
30.0 14.0 0.0
30.0 16.0 0.0
30.0 18.0 0.0
30.0 20.0 0.0
30.0 22.0 0.0
30.0 24.0 0.0
30.0 26.0 0.0
30.0 28.0 3.517997099968375E-4
30.0 30.0 0.003096867853811788
30.0 32.0 0.002490010921792868
30.0 34.0 0.0024284650327793295
30.0 36.0 0.0011047389937936802
30.0 38.0 0.0025868842210202627
30.0 40.0 0.01854405242499011
30.0 42.0 0.03489502052024267
30.0 44.0 0.0639238006268215
30.0 46.0 0.0975238350467771
30.0 48.0 0.14735015073168742
30.0 50.0 0.17733901489747927
30.0 52.0 0.21287709086542905
30.0 54.0 0.2532863004943131
30.0 56.0 0.263522009940128
30.0 58.0 0.24936832514937649
30.0 60.0 0.1811805572956152
30.0 62.0 0.07555579615862075
30.0 64.0 0.011097918236747538
30.0 66.0 0.0
30.0 68.0 0.0
30.0 70.0 0.0
30.0 72.0 0.0
30.0 74.0 0.0
30.0 76.0 0.0
30.0 78.0 0.0
30.0 80.0 0.0
30.0 82.0 0.0
30.0 84.0 0.0
30.0 86.0 0.0
30.0 88.0 0.0
30.0 90.0 0.0
30.0 92.0 0.00673370107307331
30.0 94.0 0.043223550168903065
30.0 96.0 0.0991891724544383
30.0 98.0 0.14715380196314715
30.0 100.0 0.18278157143751128
30.0 102.0 0.21670905682019917
30.0 104.0 0.22663563242491455
30.0 106.0 0.20793774241173887
30.0 108.0 0.19143694998223257
30.0 110.0 0.17279701289372693
30.0 112.0 0.12094667282187134
30.0 114.0 0.025249391917314932
30.0 116.0 0.0
30.0 118.0 0.0
30.0 120.0 0.0
30.0 122.0 0.0
30.0 124.0 0.0
30.0 126.0 0.0
32.0 0.0 0.0
32.0 2.0 0.0
32.0 4.0 0.0
32.0 6.0 0.0
32.0 8.0 0.0
32.0 10.0 0.0
32.0 12.0 0.0
32.0 14.0 0.0
32.0 16.0 0.0
32.0 18.0 0.0
32.0 20.0 0.0
32.0 22.0 0.0
32.0 24.0 0.0
32.0 26.0 0.0
32.0 28.0 0.0
32.0 30.0 0.0015979028936536643
32.0 32.0 0.0
32.0 34.0 0.0
32.0 36.0 0.0
32.0 38.0 0.0
32.0 40.0 0.008523770267847784
32.0 42.0 0.018057167119431446
32.0 44.0 0.02545024990932609
32.0 46.0 0.04546381746872317
32.0 48.0 0.07280305576945091
32.0 50.0 0.10897920583110747
32.0 52.0 0.19312983869071595
32.0 54.0 0.27237356156551773
32.0 56.0 0.31236569370413064
32.0 58.0 0.34812024840663397
32.0 60.0 0.3446318763752132
32.0 62.0 0.2887163120450083
32.0 64.0 0.18336906408627462
32.0 66.0 0.0696831396452762
32.0 68.0 0.008650513939244037
32.0 70.0 0.0
32.0 72.0 0.0
32.0 74.0 0.0
32.0 76.0 0.0
32.0 78.0 0.0
32.0 80.0 0.0
32.0 82.0 0.0
32.0 84.0 0.0
32.0 86.0 0.0
32.0 88.0 0.0
32.0 90.0 0.0
32.0 92.0 0.027435885271948884
32.0 94.0 0.10152378148417568
32.0 96.0 0.1866210806621921
32.0 98.0 0.2556946783960469
32.0 100.0 0.3041307893914047
32.0 102.0 0.338129758734016
32.0 104.0 0.3412066087188758
32.0 106.0 0.3003938325265155
32.0 108.0 0.23779179191559277
32.0 110.0 0.18875093346011917
32.0 112.0 0.1020581989904782
32.0 114.0 0.01529052848823092
32.0 116.0 0.0
32.0 118.0 0.0
32.0 120.0 0.0
32.0 122.0 0.0
32.0 124.0 0.0
32.0 126.0 0.0
34.0 0.0 0.0
34.0 2.0 0.0
34.0 4.0 0.0
34.0 6.0 0.0
34.0 8.0 0.0
34.0 10.0 0.0
34.0 12.0 0.0
34.0 14.0 0.0
34.0 16.0 0.0
34.0 18.0 0.0
34.0 20.0 0.0
34.0 22.0 0.0
34.0 24.0 1.6009182806305322E-4
34.0 26.0 7.767760438734862E-4
34.0 28.0 7.767696852953434E-4
34.0 30.0 3.8905804742101396E-4
34.0 32.0 0.0
34.0 34.0 0.0
34.0 36.0 0.0
34.0 38.0 0.0
34.0 40.0 3.2132370079206494E-4
34.0 42.0 8.791317867866037E-4
34.0 44.0 0.004588442968470834
34.0 46.0 0.015512193860461472
34.0 48.0 0.03997085759841646
34.0 50.0 0.08783430994750863
34.0 52.0 0.17710095397667938
34.0 54.0 0.276345939800988
34.0 56.0 0.3590909875208734
34.0 58.0 0.4091171253345876
34.0 60.0 0.428906802630097
34.0 62.0 0.4148599194685943
34.0 64.0 0.3511688708409801
34.0 66.0 0.23637039266594292
34.0 68.0 0.09631479435990072
34.0 70.0 0.023306286919163425
34.0 72.0 0.0
34.0 74.0 0.0
34.0 76.0 0.0
34.0 78.0 0.0
34.0 80.0 0.0
34.0 82.0 0.0
34.0 84.0 0.0
34.0 86.0 0.0
34.0 88.0 0.0
34.0 90.0 0.0
34.0 92.0 0.0443282647753127
34.0 94.0 0.1474980252898457
34.0 96.0 0.25581213297144284
34.0 98.0 0.3444195355350576
34.0 100.0 0.40122885285138676
34.0 102.0 0.43087652756238043
34.0 104.0 0.38733178152793935
34.0 106.0 0.31607528804155666
34.0 108.0 0.2628368424826112
34.0 110.0 0.2246054144436215
34.0 112.0 0.09929891036921236
34.0 114.0 0.01106695829816398
34.0 116.0 0.0
34.0 118.0 0.0
34.0 120.0 0.0
34.0 122.0 0.0
34.0 124.0 0.0
34.0 126.0 0.0
36.0 0.0 0.0
36.0 2.0 0.0
36.0 4.0 0.0
36.0 6.0 0.0
36.0 8.0 0.0
36.0 10.0 0.0
36.0 12.0 0.0
36.0 14.0 0.0
36.0 16.0 0.0
36.0 18.0 0.0
36.0 20.0 0.0
36.0 22.0 0.0018832361363974913
36.0 24.0 0.0011065343743041454
36.0 26.0 9.152155240550574E-5
36.0 28.0 0.0
36.0 30.0 0.0
36.0 32.0 0.0
36.0 34.0 0.0
36.0 36.0 0.0
36.0 38.0 0.0
36.0 40.0 0.0
36.0 42.0 0.0
36.0 44.0 0.0
36.0 46.0 0.0058060241303865626
36.0 48.0 0.02657390881214804
36.0 50.0 0.07602317715342886
36.0 52.0 0.15684598836245892
36.0 54.0 0.2612454039472112
36.0 56.0 0.3566766336883634
36.0 58.0 0.43059977097276486
36.0 60.0 0.4687304742125234
36.0 62.0 0.47723037958534315
36.0 64.0 0.44181864883774963
36.0 66.0 0.35062994225475
36.0 68.0 0.19360618623483392
36.0 70.0 0.06342490555362365
36.0 72.0 0.004675721904346679
36.0 74.0 0.0
36.0 76.0 0.0
36.0 78.0 0.0
36.0 80.0 0.0
36.0 82.0 0.0
36.0 84.0 0.0
36.0 86.0 0.0
36.0 88.0 0.0
36.0 90.0 0.0
36.0 92.0 0.04547050888391164
36.0 94.0 0.17734177090855038
36.0 96.0 0.30523606360131555
36.0 98.0 0.4083442257808804
36.0 100.0 0.4604426165108806
36.0 102.0 0.4767207512115936
36.0 104.0 0.37798249486003543
36.0 106.0 0.3306669710371482
36.0 108.0 0.27517683506432605
36.0 110.0 0.2340642875220461
36.0 112.0 0.09993273473217691
36.0 114.0 0.004828881168198576
36.0 116.0 0.0
36.0 118.0 0.0
36.0 120.0 0.0
36.0 122.0 0.0
36.0 124.0 0.0
36.0 126.0 0.0
38.0 0.0 0.0
38.0 2.0 0.0
38.0 4.0 0.0
38.0 6.0 0.0
38.0 8.0 0.0
38.0 10.0 0.0
38.0 12.0 0.0
38.0 14.0 0.0
38.0 16.0 0.0
38.0 18.0 0.0060673981245500065
38.0 20.0 0.017104744493709516
38.0 22.0 0.039339624792383364
38.0 24.0 0.015753369833601812
38.0 26.0 0.0034960890504770552
38.0 28.0 0.0
38.0 30.0 0.0
38.0 32.0 0.0
38.0 34.0 0.0
38.0 36.0 0.0
38.0 38.0 0.0
38.0 40.0 0.0
38.0 42.0 0.0
38.0 44.0 0.0
38.0 46.0 0.0
38.0 48.0 0.014513924032395322
38.0 50.0 0.05437331142069262
38.0 52.0 0.1485006070653768
38.0 54.0 0.25588953532136444
38.0 56.0 0.36156659441128775
38.0 58.0 0.43697907755881543
38.0 60.0 0.4846331200690585
38.0 62.0 0.503831355049837
38.0 64.0 0.48803375557417034
38.0 66.0 0.4197215692167864
38.0 68.0 0.2697460743141163
38.0 70.0 0.11160971609688082
38.0 72.0 0.02524502896304795
38.0 74.0 0.0
38.0 76.0 0.0
38.0 78.0 0.0
38.0 80.0 0.0
38.0 82.0 0.0
38.0 84.0 0.0
38.0 86.0 0.0
38.0 88.0 0.0
38.0 90.0 0.0
38.0 92.0 0.042219127700160335
38.0 94.0 0.1997343363663965
38.0 96.0 0.3514897782007386
38.0 98.0 0.4519839216491093
38.0 100.0 0.5033465973184356
38.0 102.0 0.4349871902491054
38.0 104.0 0.3853578885729962
38.0 106.0 0.3443433691088647
38.0 108.0 0.2833968308480925
38.0 110.0 0.23343880726399005
38.0 112.0 0.09672878070600392
38.0 114.0 0.001246028989751805
38.0 116.0 0.0
38.0 118.0 0.0
38.0 120.0 0.0
38.0 122.0 0.0
38.0 124.0 0.0
38.0 126.0 0.0
40.0 0.0 0.0
40.0 2.0 0.0
40.0 4.0 0.0
40.0 6.0 0.0
40.0 8.0 0.0
40.0 10.0 0.0
40.0 12.0 0.0
40.0 14.0 0.0
40.0 16.0 0.03781197347486683
40.0 18.0 0.10245526545105664
40.0 20.0 0.10346781644557439
40.0 22.0 0.06659405303510227
40.0 24.0 0.03956679165865259
40.0 26.0 0.03082348240388399
40.0 28.0 0.0029179871455901098
40.0 30.0 0.0
40.0 32.0 0.0
40.0 34.0 0.0
40.0 36.0 0.0
40.0 38.0 0.0
40.0 40.0 0.0
40.0 42.0 0.0
40.0 44.0 0.0
40.0 46.0 0.0
40.0 48.0 0.0038238630732883873
40.0 50.0 0.03994418466354004
40.0 52.0 0.12352183915566388
40.0 54.0 0.24396777065165112
40.0 56.0 0.35561756806872014
40.0 58.0 0.4355451059074817
40.0 60.0 0.4855329672635325
40.0 62.0 0.5066009150629815
40.0 64.0 0.49938747820121954
40.0 66.0 0.45661335276862863
40.0 68.0 0.34387504058516877
40.0 70.0 0.16779526386817864
40.0 72.0 0.05547042844668628
40.0 74.0 0.0
40.0 76.0 0.0
40.0 78.0 0.0
40.0 80.0 0.0
40.0 82.0 0.0
40.0 84.0 0.0
40.0 86.0 0.0
40.0 88.0 0.0
40.0 90.0 0.0
40.0 92.0 0.024957201869318827
40.0 94.0 0.18690860965269473
40.0 96.0 0.3511195639141271
40.0 98.0 0.4613257194242264
40.0 100.0 0.5216953955486847
40.0 102.0 0.43468256593293547
40.0 104.0 0.39177165540475545
40.0 106.0 0.3459194275883957
40.0 108.0 0.2818935405785995
40.0 110.0 0.21109720484111008
40.0 112.0 0.08629454797820858
40.0 114.0 0.0
40.0 116.0 0.0
40.0 118.0 0.0
40.0 120.0 0.0
40.0 122.0 0.0
40.0 124.0 0.0
40.0 126.0 0.0
42.0 0.0 0.0
42.0 2.0 0.0
42.0 4.0 0.0
42.0 6.0 0.0
42.0 8.0 0.0
42.0 10.0 0.0
42.0 12.0 0.001440346779616096
42.0 14.0 0.12469831561140639
42.0 16.0 0.23962476915578956
42.0 18.0 0.2606933650862366
42.0 20.0 0.21205074123187848
42.0 22.0 0.16001471191403496
42.0 24.0 0.08736174117167476
42.0 26.0 0.0408440588413898
42.0 28.0 0.0069072274982198275
42.0 30.0 0.0
42.0 32.0 0.0
42.0 34.0 0.0
42.0 36.0 0.0
42.0 38.0 0.0
42.0 40.0 0.0
42.0 42.0 0.0
42.0 44.0 0.0
42.0 46.0 0.0
42.0 48.0 0.0
42.0 50.0 0.03102654220233113
42.0 52.0 0.11116832476813586
42.0 54.0 0.2302768360233761
42.0 56.0 0.3465154677616938
42.0 58.0 0.43062170644839975
42.0 60.0 0.4815571359059636
42.0 62.0 0.502501224066986
42.0 64.0 0.49544391063863386
42.0 66.0 0.46357373676797353
42.0 68.0 0.3902812427600671
42.0 70.0 0.22852748506072443
42.0 72.0 0.09087549162823272
42.0 74.0 0.0059235876130758515
42.0 76.0 0.0
42.0 78.0 0.0
42.0 80.0 0.0
42.0 82.0 0.0
42.0 84.0 0.0
42.0 86.0 0.0
42.0 88.0 0.0
42.0 90.0 0.0
42.0 92.0 0.0022185693513957065
42.0 94.0 0.13725086637123027
42.0 96.0 0.3031952238208531
42.0 98.0 0.4310899451471597
42.0 100.0 0.4970536353577215
42.0 102.0 0.4600530605980339
42.0 104.0 0.39048600151216645
42.0 106.0 0.3395902075809564
42.0 108.0 0.27034959949963555
42.0 110.0 0.17169594404152969
42.0 112.0 0.07333702961563836
42.0 114.0 0.0
42.0 116.0 0.0
42.0 118.0 0.0
42.0 120.0 0.0
42.0 122.0 0.0
42.0 124.0 0.0
42.0 126.0 0.0
44.0 0.0 0.0
44.0 2.0 0.0
44.0 4.0 0.0
44.0 6.0 0.0
44.0 8.0 0.0
44.0 10.0 0.0
44.0 12.0 0.0530561327491564
44.0 14.0 0.2555617411545729
44.0 16.0 0.3714864330775883
44.0 18.0 0.3563575319590764
44.0 20.0 0.31582138247031993
44.0 22.0 0.22348432087526762
44.0 24.0 0.12920523796144304
44.0 26.0 0.05645116191622893
44.0 28.0 0.00877440890695017
44.0 30.0 0.0
44.0 32.0 0.0
44.0 34.0 0.0
44.0 36.0 0.0
44.0 38.0 0.0
44.0 40.0 0.0
44.0 42.0 0.0
44.0 44.0 0.0
44.0 46.0 0.0
44.0 48.0 0.0
44.0 50.0 0.022026849561732648
44.0 52.0 0.09588880267879418
44.0 54.0 0.21590019043278927
44.0 56.0 0.33896088720168455
44.0 58.0 0.42692284155455235
44.0 60.0 0.4783081964701239
44.0 62.0 0.49975493420444006
44.0 64.0 0.495075833172834
44.0 66.0 0.4625997988776264
44.0 68.0 0.39365204737732434
44.0 70.0 0.2831117080595597
44.0 72.0 0.12292794374802557
44.0 74.0 0.026626998527243578
44.0 76.0 0.0
44.0 78.0 0.0
44.0 80.0 0.0
44.0 82.0 0.0
44.0 84.0 0.0
44.0 86.0 0.0
44.0 88.0 0.0
44.0 90.0 0.0
44.0 92.0 0.0
44.0 94.0 0.06649497691624288
44.0 96.0 0.2339634614339221
44.0 98.0 0.3534098931261466
44.0 100.0 0.42421017547541867
44.0 102.0 0.451388490221241
44.0 104.0 0.39787152586620533
44.0 106.0 0.3205340640520337
44.0 108.0 0.24274488775418124
44.0 110.0 0.14528587582129232
44.0 112.0 0.059337064969255
44.0 114.0 0.0
44.0 116.0 0.0
44.0 118.0 0.0
44.0 120.0 0.0
44.0 122.0 0.0
44.0 124.0 0.0
44.0 126.0 0.0
46.0 0.0 0.0
46.0 2.0 0.0
46.0 4.0 0.0
46.0 6.0 0.0
46.0 8.0 0.0
46.0 10.0 0.0
46.0 12.0 0.15518046075634173
46.0 14.0 0.38585152618151186
46.0 16.0 0.4624829254192362
46.0 18.0 0.42922867934079756
46.0 20.0 0.3771349573446073
46.0 22.0 0.27397825996770225
46.0 24.0 0.15407871650604413
46.0 26.0 0.06439950069526483
46.0 28.0 0.008045646544512806
46.0 30.0 0.0
46.0 32.0 0.0
46.0 34.0 0.0
46.0 36.0 0.0
46.0 38.0 0.0
46.0 40.0 0.0
46.0 42.0 0.0
46.0 44.0 0.0
46.0 46.0 0.0
46.0 48.0 0.0
46.0 50.0 0.014988257723978273
46.0 52.0 0.07650086487346221
46.0 54.0 0.19230992362280622
46.0 56.0 0.32521033171165026
46.0 58.0 0.4238122925701436
46.0 60.0 0.47883322120390276
46.0 62.0 0.44703110160863463
46.0 64.0 0.42586685412346387
46.0 66.0 0.40524788771962794
46.0 68.0 0.366621374382248
46.0 70.0 0.3162739888322929
46.0 72.0 0.1597248237358385
46.0 74.0 0.04175947136606272
46.0 76.0 0.0
46.0 78.0 0.0
46.0 80.0 0.0
46.0 82.0 0.0
46.0 84.0 0.0
46.0 86.0 0.0
46.0 88.0 0.0
46.0 90.0 0.0
46.0 92.0 0.0
46.0 94.0 0.012200069008478082
46.0 96.0 0.15260106873054172
46.0 98.0 0.24731488908116295
46.0 100.0 0.3388090598461249
46.0 102.0 0.3764859422761542
46.0 104.0 0.3626060237604287
46.0 106.0 0.3029465044454385
46.0 108.0 0.20904512244270979
46.0 110.0 0.10816692546026085
46.0 112.0 0.037940875108997595
46.0 114.0 0.0
46.0 116.0 0.0
46.0 118.0 0.0
46.0 120.0 0.0
46.0 122.0 0.0
46.0 124.0 0.0
46.0 126.0 0.0
48.0 0.0 0.0
48.0 2.0 0.0
48.0 4.0 0.0
48.0 6.0 0.0
48.0 8.0 0.0
48.0 10.0 0.1406746648459358
48.0 12.0 0.36378073663425076
48.0 14.0 0.4612910009032897
48.0 16.0 0.48619212769194403
48.0 18.0 0.46909699930103094
48.0 20.0 0.4165212920636225
48.0 22.0 0.3037801254220056
48.0 24.0 0.17025024972747818
48.0 26.0 0.06582937977920479
48.0 28.0 0.005154237600181488
48.0 30.0 0.0
48.0 32.0 0.0
48.0 34.0 0.0
48.0 36.0 0.0
48.0 38.0 0.0
48.0 40.0 0.0
48.0 42.0 0.0
48.0 44.0 0.0
48.0 46.0 0.0
48.0 48.0 0.0
48.0 50.0 0.007954192558349423
48.0 52.0 0.04958209388085757
48.0 54.0 0.15804843832423418
48.0 56.0 0.2991453261534171
48.0 58.0 0.3958968062888717
48.0 60.0 0.39588497555895263
48.0 62.0 0.41317354060750144
48.0 64.0 0.41358799518329076
48.0 66.0 0.3964896327181457
48.0 68.0 0.36461875228104557
48.0 70.0 0.32904567284526304
48.0 72.0 0.17667723308315716
48.0 74.0 0.04874098854573691
48.0 76.0 0.0
48.0 78.0 0.0
48.0 80.0 0.0
48.0 82.0 0.0
48.0 84.0 0.0
48.0 86.0 0.0
48.0 88.0 0.0
48.0 90.0 0.0
48.0 92.0 0.0
48.0 94.0 0.00956018995423957
48.0 96.0 0.10565718508852645
48.0 98.0 0.1738256482750992
48.0 100.0 0.25987089424073
48.0 102.0 0.29529903389388473
48.0 104.0 0.28525062432584053
48.0 106.0 0.23831717621022
48.0 108.0 0.16612445658350777
48.0 110.0 0.07650055646532213
48.0 112.0 0.019701819337496086
48.0 114.0 0.0
48.0 116.0 0.0
48.0 118.0 0.0
48.0 120.0 0.0
48.0 122.0 0.0
48.0 124.0 0.0
48.0 126.0 0.0
50.0 0.0 0.0
50.0 2.0 0.0
50.0 4.0 0.0
50.0 6.0 0.0
50.0 8.0 0.027259875888418588
50.0 10.0 0.22594593043461217
50.0 12.0 0.3906429967955452
50.0 14.0 0.4318554857885362
50.0 16.0 0.4643120500451077
50.0 18.0 0.4510014313514868
50.0 20.0 0.4039117262868737
50.0 22.0 0.3017039291593922
50.0 24.0 0.1659079590984777
50.0 26.0 0.06016698330806577
50.0 28.0 0.0
50.0 30.0 0.0
50.0 32.0 0.0
50.0 34.0 0.0
50.0 36.0 0.0
50.0 38.0 0.0
50.0 40.0 0.0
50.0 42.0 0.0
50.0 44.0 0.0
50.0 46.0 0.0
50.0 48.0 0.0
50.0 50.0 0.0
50.0 52.0 0.024535015112041064
50.0 54.0 0.10706721354568911
50.0 56.0 0.2539863066069884
50.0 58.0 0.36540532924480135
50.0 60.0 0.3684853322889146
50.0 62.0 0.3804745243515811
50.0 64.0 0.3885501474193412
50.0 66.0 0.3772641344239837
50.0 68.0 0.36113914919208107
50.0 70.0 0.33447785065378904
50.0 72.0 0.17125613341203902
50.0 74.0 0.04560307065750722
50.0 76.0 0.0
50.0 78.0 0.0
50.0 80.0 0.0
50.0 82.0 0.0
50.0 84.0 0.0
50.0 86.0 0.0
50.0 88.0 0.0
50.0 90.0 0.0
50.0 92.0 0.0
50.0 94.0 0.00103356908903911
50.0 96.0 0.0534117303086899
50.0 98.0 0.11403637449390434
50.0 100.0 0.15410195483102182
50.0 102.0 0.20359268239407527
50.0 104.0 0.2131247239950731
50.0 106.0 0.1864641000143417
50.0 108.0 0.140503423964928
50.0 110.0 0.06258023338991764
50.0 112.0 0.010357076598115428
50.0 114.0 0.0
50.0 116.0 0.0
50.0 118.0 0.0
50.0 120.0 0.0
50.0 122.0 0.0
50.0 124.0 0.0
50.0 126.0 0.0
52.0 0.0 0.0
52.0 2.0 0.0
52.0 4.0 0.0
52.0 6.0 0.0
52.0 8.0 0.0809545535545995
52.0 10.0 0.2581938243661252
52.0 12.0 0.3814782660529885
52.0 14.0 0.408309066563711
52.0 16.0 0.43900246958928973
52.0 18.0 0.42716486319906627
52.0 20.0 0.3852077022514069
52.0 22.0 0.29910690432549886
52.0 24.0 0.148844583251097
52.0 26.0 0.04903101908427071
52.0 28.0 0.0
52.0 30.0 0.0
52.0 32.0 0.0
52.0 34.0 0.0
52.0 36.0 0.0
52.0 38.0 0.0
52.0 40.0 0.0
52.0 42.0 0.0
52.0 44.0 0.0
52.0 46.0 0.0
52.0 48.0 0.0
52.0 50.0 0.0
52.0 52.0 0.001890596621442023
52.0 54.0 0.058671265535674956
52.0 56.0 0.18261192638179033
52.0 58.0 0.3104759192531685
52.0 60.0 0.3291555366392081
52.0 62.0 0.3531851031657889
52.0 64.0 0.36195890982231044
52.0 66.0 0.35722262061017657
52.0 68.0 0.3563229744521857
52.0 70.0 0.31669143156026436
52.0 72.0 0.15309382203385372
52.0 74.0 0.033730202190512974
52.0 76.0 0.0
52.0 78.0 0.0
52.0 80.0 0.0
52.0 82.0 0.0
52.0 84.0 0.0
52.0 86.0 0.0
52.0 88.0 0.0
52.0 90.0 0.0
52.0 92.0 0.0
52.0 94.0 0.0016576435458843734
52.0 96.0 0.03423860461373002
52.0 98.0 0.0810396746966854
52.0 100.0 0.11220615409308338
52.0 102.0 0.139921582167267
52.0 104.0 0.16805787923895196
52.0 106.0 0.1459919546039596
52.0 108.0 0.11874945393290863
52.0 110.0 0.058762034070132946
52.0 112.0 0.00642157779341563
52.0 114.0 0.0
52.0 116.0 0.0
52.0 118.0 0.0
52.0 120.0 0.0
52.0 122.0 0.0
52.0 124.0 0.0
52.0 126.0 0.0
54.0 0.0 0.0
54.0 2.0 0.0
54.0 4.0 0.0
54.0 6.0 0.008290007656227606
54.0 8.0 0.12796032590872655
54.0 10.0 0.2658655572652272
54.0 12.0 0.35119300669550607
54.0 14.0 0.39552692462414035
54.0 16.0 0.4202876136851909
54.0 18.0 0.40658270974419497
54.0 20.0 0.3685986273972954
54.0 22.0 0.2757609452626833
54.0 24.0 0.12408911277913898
54.0 26.0 0.03259097509983026
54.0 28.0 0.0
54.0 30.0 0.0
54.0 32.0 0.0
54.0 34.0 0.0
54.0 36.0 0.0
54.0 38.0 0.0
54.0 40.0 0.0
54.0 42.0 0.0
54.0 44.0 0.0
54.0 46.0 0.0
54.0 48.0 0.0
54.0 50.0 0.0
54.0 52.0 0.0
54.0 54.0 0.018699651385776162
54.0 56.0 0.0923576687223643
54.0 58.0 0.214800121162991
54.0 60.0 0.2678928203594988
54.0 62.0 0.30926749189814273
54.0 64.0 0.3317886326470981
54.0 66.0 0.33043457133290677
54.0 68.0 0.32510503690868536
54.0 70.0 0.2774922851937715
54.0 72.0 0.10951503068311057
54.0 74.0 0.011065464841516803
54.0 76.0 0.0
54.0 78.0 0.0
54.0 80.0 0.0
54.0 82.0 0.0
54.0 84.0 0.0
54.0 86.0 0.0
54.0 88.0 0.0
54.0 90.0 0.0
54.0 92.0 0.0
54.0 94.0 0.004183389640341679
54.0 96.0 0.028948861663566052
54.0 98.0 0.06372935402779438
54.0 100.0 0.09015910836853956
54.0 102.0 0.10839803133967109
54.0 104.0 0.13202513670521224
54.0 106.0 0.12021010065188316
54.0 108.0 0.11847991794340762
54.0 110.0 0.06810619120391781
54.0 112.0 0.0021593550347485655
54.0 114.0 0.0
54.0 116.0 0.0
54.0 118.0 0.0
54.0 120.0 0.0
54.0 122.0 0.0
54.0 124.0 0.0
54.0 126.0 0.0
56.0 0.0 0.0
56.0 2.0 7.732862313274119E-6
56.0 4.0 0.0
56.0 6.0 0.01870692300220855
56.0 8.0 0.12820479942920718
56.0 10.0 0.23824924146707074
56.0 12.0 0.31420287421506915
56.0 14.0 0.3428971015894085
56.0 16.0 0.3620815156375661
56.0 18.0 0.3611535032638047
56.0 20.0 0.33498922709317
56.0 22.0 0.2305305343126015
56.0 24.0 0.09166688214925701
56.0 26.0 0.01176552640119781
56.0 28.0 0.0
56.0 30.0 0.0
56.0 32.0 0.0
56.0 34.0 0.0
56.0 36.0 0.0
56.0 38.0 0.0
56.0 40.0 0.0
56.0 42.0 0.0
56.0 44.0 0.0
56.0 46.0 0.0
56.0 48.0 0.0
56.0 50.0 0.0
56.0 52.0 0.0
56.0 54.0 0.004755283855765254
56.0 56.0 0.03711052124075249
56.0 58.0 0.10734216443294602
56.0 60.0 0.18320726416387392
56.0 62.0 0.24805612465251306
56.0 64.0 0.2783474540120762
56.0 66.0 0.28326794670671457
56.0 68.0 0.3022077250910498
56.0 70.0 0.19886856908453254
56.0 72.0 0.05173585969910313
56.0 74.0 0.0
56.0 76.0 0.0
56.0 78.0 0.0
56.0 80.0 0.0
56.0 82.0 0.0
56.0 84.0 0.0
56.0 86.0 0.0
56.0 88.0 0.0
56.0 90.0 0.0
56.0 92.0 0.0
56.0 94.0 0.0010353844036015902
56.0 96.0 0.01813868283928383
56.0 98.0 0.038753922777684975
56.0 100.0 0.06144331404858799
56.0 102.0 0.08007722183261623
56.0 104.0 0.09708641541455776
56.0 106.0 0.11975620427269945
56.0 108.0 0.08924877583296116
56.0 110.0 0.06999030099149532
56.0 112.0 0.01450904990932108
56.0 114.0 0.0
56.0 116.0 0.0
56.0 118.0 0.0
56.0 120.0 0.0
56.0 122.0 0.0
56.0 124.0 0.006671037786972337
56.0 126.0 0.053651586515222
58.0 0.0 0.0
58.0 2.0 0.06773574602339877
58.0 4.0 0.0
58.0 6.0 0.009437427533271371
58.0 8.0 0.08249634068312504
58.0 10.0 0.2074929186147059
58.0 12.0 0.2691214571142421
58.0 14.0 0.2973403664084039
58.0 16.0 0.31622581023834256
58.0 18.0 0.3335896549946071
58.0 20.0 0.283718179540464
58.0 22.0 0.17507120030449352
58.0 24.0 0.05942713468676215
58.0 26.0 0.0
58.0 28.0 0.0
58.0 30.0 0.0
58.0 32.0 0.0
58.0 34.0 0.0
58.0 36.0 0.0
58.0 38.0 0.0
58.0 40.0 0.0
58.0 42.0 0.0
58.0 44.0 0.0
58.0 46.0 0.0
58.0 48.0 0.0
58.0 50.0 0.0
58.0 52.0 0.0
58.0 54.0 2.966915126864418E-4
58.0 56.0 0.013573813875158455
58.0 58.0 0.03998311464506766
58.0 60.0 0.09428131267023447
58.0 62.0 0.14855304283107715
58.0 64.0 0.19746763202782305
58.0 66.0 0.20409329702323276
58.0 68.0 0.18511871769371682
58.0 70.0 0.10346908694092953
58.0 72.0 0.0055248562572923635
58.0 74.0 0.0
58.0 76.0 0.0
58.0 78.0 0.0
58.0 80.0 0.0
58.0 82.0 0.0
58.0 84.0 0.0
58.0 86.0 0.0
58.0 88.0 0.0
58.0 90.0 0.0
58.0 92.0 0.0
58.0 94.0 0.010031523484714625
58.0 96.0 0.02637192279739901
58.0 98.0 0.042596554667141955
58.0 100.0 0.059822182914928024
58.0 102.0 0.07198720570520292
58.0 104.0 0.08032591089664733
58.0 106.0 0.09831575255475934
58.0 108.0 0.07211299515406559
58.0 110.0 0.06685054791354485
58.0 112.0 0.02915400537229609
58.0 114.0 0.014290971031242777
58.0 116.0 0.010011114864550006
58.0 118.0 0.014790925494015296
58.0 120.0 0.03228901053812181
58.0 122.0 0.05929273789730313
58.0 124.0 0.10912967576787737
58.0 126.0 0.2076716473704012
60.0 0.0 0.0
60.0 2.0 0.13783514250033072
60.0 4.0 0.0
60.0 6.0 0.0
60.0 8.0 0.03614151019380261
60.0 10.0 0.14036421716365496
60.0 12.0 0.21972759394492095
60.0 14.0 0.25595042789993033
60.0 16.0 0.2754188416803432
60.0 18.0 0.2818565146850225
60.0 20.0 0.2235648751244873
60.0 22.0 0.1284819830376912
60.0 24.0 0.03439684372293325
60.0 26.0 0.0
60.0 28.0 0.0
60.0 30.0 0.0
60.0 32.0 0.0
60.0 34.0 0.0
60.0 36.0 0.0
60.0 38.0 0.0
60.0 40.0 0.0
60.0 42.0 0.0
60.0 44.0 0.0
60.0 46.0 0.0
60.0 48.0 0.0
60.0 50.0 0.0
60.0 52.0 0.0
60.0 54.0 0.0
60.0 56.0 0.0
60.0 58.0 0.004469156258085129
60.0 60.0 0.019476320114177298
60.0 62.0 0.031582165915115104
60.0 64.0 0.07811173725806436
60.0 66.0 0.10897245637557208
60.0 68.0 0.08865156522352706
60.0 70.0 0.04946463103158405
60.0 72.0 0.004421341052804149
60.0 74.0 0.0
60.0 76.0 0.0
60.0 78.0 0.0
60.0 80.0 0.0
60.0 82.0 0.0
60.0 84.0 0.0
60.0 86.0 0.0
60.0 88.0 0.0
60.0 90.0 0.0
60.0 92.0 0.0048536176751656215
60.0 94.0 0.018550817058938806
60.0 96.0 0.03411225018636987
60.0 98.0 0.04786387981458371
60.0 100.0 0.05472316961874169
60.0 102.0 0.059263763079355165
60.0 104.0 0.0641984424053915
60.0 106.0 0.07037309327230745
60.0 108.0 0.07400055046854102
60.0 110.0 0.042384920413089694
60.0 112.0 0.040560345782721365
60.0 114.0 0.03268126974409182
60.0 116.0 0.03602841047377036
60.0 118.0 0.048816940758203343
60.0 120.0 0.09254942094874914
60.0 122.0 0.14877886687663233
60.0 124.0 0.2344079147249005
60.0 126.0 0.32442886260286924
62.0 0.0 0.0
62.0 2.0 0.13746970490475982
62.0 4.0 0.0
62.0 6.0 0.0
62.0 8.0 0.0011324499831495789
62.0 10.0 0.07202337985067936
62.0 12.0 0.1686213934474794
62.0 14.0 0.21065246821729686
62.0 16.0 0.2284274937299652
62.0 18.0 0.21774156662622848
62.0 20.0 0.15783758277884855
62.0 22.0 0.0739539785614595
62.0 24.0 0.010613491277998868
62.0 26.0 0.0
62.0 28.0 0.0
62.0 30.0 0.0
62.0 32.0 0.0
62.0 34.0 0.0
62.0 36.0 0.0
62.0 38.0 0.0
62.0 40.0 0.0
62.0 42.0 0.0
62.0 44.0 0.0
62.0 46.0 3.142482082892728E-4
62.0 48.0 0.0012923701588437927
62.0 50.0 0.0
62.0 52.0 0.0
62.0 54.0 0.0
62.0 56.0 0.0
62.0 58.0 0.0
62.0 60.0 0.0
62.0 62.0 0.0
62.0 64.0 0.01565373678088174
62.0 66.0 0.022173126592769547
62.0 68.0 0.01912411422076848
62.0 70.0 0.011946957660805849
62.0 72.0 0.004198088569576716
62.0 74.0 0.003956345547801026
62.0 76.0 0.0
62.0 78.0 0.0
62.0 80.0 0.0
62.0 82.0 0.0
62.0 84.0 0.0
62.0 86.0 0.0
62.0 88.0 0.0
62.0 90.0 0.004522689126990349
62.0 92.0 0.012424208467484802
62.0 94.0 0.02372803513965119
62.0 96.0 0.03766704997131168
62.0 98.0 0.047696503054769135
62.0 100.0 0.05183789487901134
62.0 102.0 0.05029685622363674
62.0 104.0 0.048298489848875616
62.0 106.0 0.04982639952178433
62.0 108.0 0.05789159483888882
62.0 110.0 0.044412189831947946
62.0 112.0 0.05630342253096581
62.0 114.0 0.05902786481648778
62.0 116.0 0.07257595650032642
62.0 118.0 0.09886450120580442
62.0 120.0 0.15020461022731527
62.0 122.0 0.2108759226628684
62.0 124.0 0.29200271023752716
62.0 126.0 0.37709783956391313
64.0 0.0 0.0
64.0 2.0 0.10119399247548522
64.0 4.0 0.0
64.0 6.0 0.0
64.0 8.0 0.0
64.0 10.0 0.011999459014938735
64.0 12.0 0.1166786297796772
64.0 14.0 0.15768186386763247
64.0 16.0 0.16598382009072352
64.0 18.0 0.1466140571021934
64.0 20.0 0.09429035478377627
64.0 22.0 0.025841171495246798
64.0 24.0 0.0
64.0 26.0 0.0
64.0 28.0 0.0
64.0 30.0 0.0
64.0 32.0 0.0
64.0 34.0 0.0
64.0 36.0 0.0
64.0 38.0 0.0
64.0 40.0 6.456638876753371E-4
64.0 42.0 0.009558298730381462
64.0 44.0 0.015043383940973825
64.0 46.0 0.011446047048943891
64.0 48.0 0.0028587187496237946
64.0 50.0 0.0
64.0 52.0 0.0
64.0 54.0 0.0
64.0 56.0 0.0
64.0 58.0 0.0
64.0 60.0 0.0
64.0 62.0 0.0
64.0 64.0 0.0
64.0 66.0 0.0017993609276598544
64.0 68.0 0.005823408684643461
64.0 70.0 0.009038055499527534
64.0 72.0 0.010163175833176616
64.0 74.0 0.009665547538894806
64.0 76.0 0.008667388006856763
64.0 78.0 0.006897032111506777
64.0 80.0 0.004297041613222449
64.0 82.0 0.00226541082453924
64.0 84.0 0.001599605405715086
64.0 86.0 0.0
64.0 88.0 0.0
64.0 90.0 0.0023241091514035156
64.0 92.0 0.009815664810234246
64.0 94.0 0.02217085173432236
64.0 96.0 0.03565983097333602
64.0 98.0 0.04249130867201561
64.0 100.0 0.03988972102419696
64.0 102.0 0.038578158007827296
64.0 104.0 0.03435854839017857
64.0 106.0 0.03406769565360014
64.0 108.0 0.03855868256418877
64.0 110.0 0.049380785338579036
64.0 112.0 0.06851695041306292
64.0 114.0 0.09123767297307156
64.0 116.0 0.11628796830151981
64.0 118.0 0.14485700087186695
64.0 120.0 0.19788006180584536
64.0 122.0 0.26039362500528856
64.0 124.0 0.321866321578201
64.0 126.0 0.36648086494125115
66.0 0.0 0.0
66.0 2.0 0.06753771725504555
66.0 4.0 0.0
66.0 6.0 0.0
66.0 8.0 0.0
66.0 10.0 0.0014996284537496561
66.0 12.0 0.051798600205192
66.0 14.0 0.09511610042807113
66.0 16.0 0.09834893189959985
66.0 18.0 0.0747644302247274
66.0 20.0 0.03392821530210924
66.0 22.0 7.88928740354062E-4
66.0 24.0 0.0
66.0 26.0 0.0
66.0 28.0 0.0
66.0 30.0 0.0
66.0 32.0 0.0
66.0 34.0 1.6560612999946012E-4
66.0 36.0 0.01724894120138094
66.0 38.0 0.053152506660393346
66.0 40.0 0.09190852712990055
66.0 42.0 0.11516198433487329
66.0 44.0 0.11634739533488343
66.0 46.0 0.09271574628711733
66.0 48.0 0.04626374647017672
66.0 50.0 0.0015381011582767652
66.0 52.0 0.0
66.0 54.0 0.0
66.0 56.0 0.0
66.0 58.0 0.0
66.0 60.0 0.0
66.0 62.0 0.0
66.0 64.0 0.0
66.0 66.0 0.0
66.0 68.0 2.306740199563853E-4
66.0 70.0 0.006301063552240752
66.0 72.0 0.012871445936320601
66.0 74.0 0.02107908115270381
66.0 76.0 0.028458452323520567
66.0 78.0 0.032709483316565
66.0 80.0 0.032424027650069145
66.0 82.0 0.025097932759001754
66.0 84.0 0.010989721422734538
66.0 86.0 0.003087007185670775
66.0 88.0 0.001409536441950256
66.0 90.0 0.0019570434739855287
66.0 92.0 0.0053003872132932365
66.0 94.0 0.013719210780490534
66.0 96.0 0.024168128970378122
66.0 98.0 0.0274986951970428
66.0 100.0 0.020275675680637185
66.0 102.0 0.0180182543359584
66.0 104.0 0.01259644489451687
66.0 106.0 0.012515093544063417
66.0 108.0 0.023246205369292585
66.0 110.0 0.04092597384034382
66.0 112.0 0.07122390942751552
66.0 114.0 0.10967705395695786
66.0 116.0 0.14702646478951545
66.0 118.0 0.18096681112591287
66.0 120.0 0.2425341319060976
66.0 122.0 0.2937396108367055
66.0 124.0 0.3338999265953136
66.0 126.0 0.3303527573398928
68.0 0.0 0.0
68.0 2.0 0.03823793459226232
68.0 4.0 0.0
68.0 6.0 0.0
68.0 8.0 0.0
68.0 10.0 0.0
68.0 12.0 0.00526777152841661
68.0 14.0 0.011579769338312127
68.0 16.0 0.006334129367662
68.0 18.0 2.3977087343668083E-5
68.0 20.0 0.004898706914183658
68.0 22.0 4.984719292656417E-4
68.0 24.0 0.0
68.0 26.0 0.0
68.0 28.0 0.0
68.0 30.0 0.0
68.0 32.0 0.006247028829611328
68.0 34.0 0.07139329179686203
68.0 36.0 0.1220206205298817
68.0 38.0 0.1689981593967568
68.0 40.0 0.21752507197085116
68.0 42.0 0.2281188654701386
68.0 44.0 0.21609694652306718
68.0 46.0 0.16624587153568715
68.0 48.0 0.07261098240498513
68.0 50.0 0.005010488723429734
68.0 52.0 0.0
68.0 54.0 0.0
68.0 56.0 0.0
68.0 58.0 0.0
68.0 60.0 0.0
68.0 62.0 0.0
68.0 64.0 0.0
68.0 66.0 0.0
68.0 68.0 0.0
68.0 70.0 0.001504994238088999
68.0 72.0 0.013099580880428995
68.0 74.0 0.03135789895357663
68.0 76.0 0.05001779041016859
68.0 78.0 0.06896114422963621
68.0 80.0 0.05997987695169302
68.0 82.0 0.059258088873898614
68.0 84.0 0.04584745768822756
68.0 86.0 0.019115260768976034
68.0 88.0 0.006285922765167058
68.0 90.0 0.001003392804612249
68.0 92.0 0.0
68.0 94.0 7.537455361562442E-4
68.0 96.0 0.0018864696666293895
68.0 98.0 0.0035703958275771102
68.0 100.0 0.0
68.0 102.0 0.0
68.0 104.0 0.0
68.0 106.0 0.0
68.0 108.0 0.007502412211645705
68.0 110.0 0.029900280299926498
68.0 112.0 0.06835654380205029
68.0 114.0 0.12211182746325429
68.0 116.0 0.17107533521378004
68.0 118.0 0.23378060867174455
68.0 120.0 0.2924023511998612
68.0 122.0 0.31245482575901556
68.0 124.0 0.3439711252518373
68.0 126.0 0.2606491547481881
70.0 0.0 0.0
70.0 2.0 0.01659176259205569
70.0 4.0 0.0
70.0 6.0 0.0
70.0 8.0 0.0
70.0 10.0 0.0
70.0 12.0 0.0
70.0 14.0 0.0
70.0 16.0 0.0
70.0 18.0 0.0
70.0 20.0 0.0
70.0 22.0 0.0
70.0 24.0 0.0
70.0 26.0 0.0
70.0 28.0 0.0
70.0 30.0 0.01376555177078836
70.0 32.0 0.08629615509981119
70.0 34.0 0.14971541462689128
70.0 36.0 0.211922487312444
70.0 38.0 0.26637233974882574
70.0 40.0 0.30322189228409696
70.0 42.0 0.3093917281715974
70.0 44.0 0.2842361936004984
70.0 46.0 0.2224288544775346
70.0 48.0 0.10877523388533106
70.0 50.0 0.017898507784528103
70.0 52.0 0.0
70.0 54.0 0.0
70.0 56.0 0.0
70.0 58.0 0.0
70.0 60.0 0.0
70.0 62.0 0.0
70.0 64.0 0.0
70.0 66.0 0.0
70.0 68.0 0.0
70.0 70.0 0.0
70.0 72.0 0.01389565762826875
70.0 74.0 0.04408419007038433
70.0 76.0 0.09079984519509156
70.0 78.0 0.12243522434970748
70.0 80.0 0.14689963989816945
70.0 82.0 0.15385549754687078
70.0 84.0 0.13746917314091525
70.0 86.0 0.08586554474023252
70.0 88.0 0.019121699146167046
70.0 90.0 0.0
70.0 92.0 0.0
70.0 94.0 0.0
70.0 96.0 0.0
70.0 98.0 0.0
70.0 100.0 0.0
70.0 102.0 0.0
70.0 104.0 0.0
70.0 106.0 0.0
70.0 108.0 0.0
70.0 110.0 0.014948006531028084
70.0 112.0 0.05742667424914172
70.0 114.0 0.12528979724654324
70.0 116.0 0.21824615244495105
70.0 118.0 0.28442605493921985
70.0 120.0 0.3224472594548868
70.0 122.0 0.34151916888716166
70.0 124.0 0.34008780985555304
70.0 126.0 0.15639691749560433
72.0 0.0 0.0
72.0 2.0 0.005659075996118976
72.0 4.0 0.0
72.0 6.0 0.0
72.0 8.0 0.0
72.0 10.0 0.0
72.0 12.0 0.0
72.0 14.0 0.0
72.0 16.0 0.0
72.0 18.0 0.0
72.0 20.0 0.0
72.0 22.0 0.0
72.0 24.0 0.0
72.0 26.0 0.0
72.0 28.0 0.011932094094847736
72.0 30.0 0.0578049255072012
72.0 32.0 0.15523859286566513
72.0 34.0 0.22420307966073408
72.0 36.0 0.2896464495087159
72.0 38.0 0.3473722931701046
72.0 40.0 0.3727924347076667
72.0 42.0 0.37168817083372147
72.0 44.0 0.33903945198994406
72.0 46.0 0.26170079941142815
72.0 48.0 0.1341996143246574
72.0 50.0 0.031497485853945274
72.0 52.0 0.0
72.0 54.0 0.0
72.0 56.0 0.0
72.0 58.0 0.0
72.0 60.0 0.0
72.0 62.0 0.0
72.0 64.0 0.0
72.0 66.0 0.0
72.0 68.0 0.0
72.0 70.0 0.0
72.0 72.0 0.014497727050185033
72.0 74.0 0.06349602351909
72.0 76.0 0.14886329895636893
72.0 78.0 0.21663771294389053
72.0 80.0 0.2568663533546027
72.0 82.0 0.26564651178709403
72.0 84.0 0.24093943097187656
72.0 86.0 0.1813835637253212
72.0 88.0 0.06717135384823009
72.0 90.0 0.0011577072792183672
72.0 92.0 0.0
72.0 94.0 0.0
72.0 96.0 0.0
72.0 98.0 0.0
72.0 100.0 0.0
72.0 102.0 0.0
72.0 104.0 0.0
72.0 106.0 0.0
72.0 108.0 0.0
72.0 110.0 3.6018842497525795E-4
72.0 112.0 0.04240271361307223
72.0 114.0 0.13969321554954453
72.0 116.0 0.2395326800950103
72.0 118.0 0.3103885844948007
72.0 120.0 0.3539522854345823
72.0 122.0 0.3662598166027689
72.0 124.0 0.32349510413079974
72.0 126.0 0.10497350679060313
74.0 0.0 0.0
74.0 2.0 0.0
74.0 4.0 0.0
74.0 6.0 0.0
74.0 8.0 0.0
74.0 10.0 0.0
74.0 12.0 0.0
74.0 14.0 0.0
74.0 16.0 0.0
74.0 18.0 0.0
74.0 20.0 0.0
74.0 22.0 0.0
74.0 24.0 0.0
74.0 26.0 0.0
74.0 28.0 0.035471747698227175
74.0 30.0 0.12716944984677417
74.0 32.0 0.21158351806124717
74.0 34.0 0.2701142378248835
74.0 36.0 0.3399243771737131
74.0 38.0 0.40193399068870167
74.0 40.0 0.4253273775977082
74.0 42.0 0.4233458351652491
74.0 44.0 0.38836918387153646
74.0 46.0 0.2939510798075115
74.0 48.0 0.14323195815553508
74.0 50.0 0.03354638760496489
74.0 52.0 0.0
74.0 54.0 0.0
74.0 56.0 0.0
74.0 58.0 0.0
74.0 60.0 0.0
74.0 62.0 0.0
74.0 64.0 0.0
74.0 66.0 0.0
74.0 68.0 0.0
74.0 70.0 0.0
74.0 72.0 0.017564079630410116
74.0 74.0 0.10117419305818694
74.0 76.0 0.2086484867531547
74.0 78.0 0.30326370333433433
74.0 80.0 0.36743833986888913
74.0 82.0 0.37615482395500205
74.0 84.0 0.3418298204425189
74.0 86.0 0.27217206527530896
74.0 88.0 0.13468786141655523
74.0 90.0 0.02256785539744263
74.0 92.0 0.0
74.0 94.0 0.0
74.0 96.0 0.0
74.0 98.0 0.0
74.0 100.0 0.0
74.0 102.0 0.0
74.0 104.0 0.0
74.0 106.0 0.0
74.0 108.0 0.0
74.0 110.0 0.0
74.0 112.0 0.025233873491717157
74.0 114.0 0.12370962376518578
74.0 116.0 0.24499088807650013
74.0 118.0 0.3307549790355614
74.0 120.0 0.37586778974842866
74.0 122.0 0.3814465397557776
74.0 124.0 0.29136614427360197
74.0 126.0 0.06986387935863934
76.0 0.0 0.0
76.0 2.0 0.0
76.0 4.0 0.0
76.0 6.0 0.0
76.0 8.0 0.0
76.0 10.0 0.0
76.0 12.0 0.0
76.0 14.0 0.0
76.0 16.0 0.0
76.0 18.0 0.0
76.0 20.0 0.0
76.0 22.0 0.0
76.0 24.0 0.0
76.0 26.0 0.008946110073660727
76.0 28.0 0.06845368639968948
76.0 30.0 0.17052127094645755
76.0 32.0 0.2738594061041992
76.0 34.0 0.3665558343019521
76.0 36.0 0.4187957583473489
76.0 38.0 0.4541872146686463
76.0 40.0 0.4710472017857783
76.0 42.0 0.4638729358446427
76.0 44.0 0.4185726618579633
76.0 46.0 0.3121324112924354
76.0 48.0 0.1515951113355367
76.0 50.0 0.04376560989235872
76.0 52.0 0.0
76.0 54.0 0.0
76.0 56.0 0.0
76.0 58.0 0.0
76.0 60.0 0.0
76.0 62.0 0.0
76.0 64.0 0.0
76.0 66.0 0.0
76.0 68.0 0.0
76.0 70.0 0.0
76.0 72.0 0.034267915007121764
76.0 74.0 0.17245485250099524
76.0 76.0 0.2996414707673208
76.0 78.0 0.3801316161802218
76.0 80.0 0.4163589750178008
76.0 82.0 0.4130203502195511
76.0 84.0 0.4145508469504949
76.0 86.0 0.3540258148716402
76.0 88.0 0.18027482448669707
76.0 90.0 0.049099697531806034
76.0 92.0 0.0
76.0 94.0 0.0
76.0 96.0 0.0
76.0 98.0 0.0
76.0 100.0 0.0
76.0 102.0 0.0
76.0 104.0 0.0
76.0 106.0 0.0
76.0 108.0 0.0
76.0 110.0 0.0
76.0 112.0 0.011012849891605302
76.0 114.0 0.107806987052526
76.0 116.0 0.23973140491520759
76.0 118.0 0.33443612113837906
76.0 120.0 0.3831089639600229
76.0 122.0 0.38047551125552964
76.0 124.0 0.24178391125834278
76.0 126.0 0.0
78.0 0.0 0.0
78.0 2.0 0.016403104122689482
78.0 4.0 0.0
78.0 6.0 0.0
78.0 8.0 0.0
78.0 10.0 0.0
78.0 12.0 0.0
78.0 14.0 0.0
78.0 16.0 0.0
78.0 18.0 0.0
78.0 20.0 0.0
78.0 22.0 0.0
78.0 24.0 0.0
78.0 26.0 0.012946039324610747
78.0 28.0 0.08458515947469059
78.0 30.0 0.20790307672251176
78.0 32.0 0.33305878273725137
78.0 34.0 0.41268196907654336
78.0 36.0 0.4625158156103378
78.0 38.0 0.4953654984852253
78.0 40.0 0.5074891846583282
78.0 42.0 0.49239426934318753
78.0 44.0 0.43743594903819827
78.0 46.0 0.32312798726433145
78.0 48.0 0.16218087328261102
78.0 50.0 0.05075955052299641
78.0 52.0 0.0
78.0 54.0 0.0
78.0 56.0 0.0
78.0 58.0 0.0
78.0 60.0 0.0
78.0 62.0 0.0
78.0 64.0 0.0
78.0 66.0 0.0
78.0 68.0 0.0
78.0 70.0 0.0
78.0 72.0 0.08015319756695906
78.0 74.0 0.2690400371545953
78.0 76.0 0.39483609232819644
78.0 78.0 0.4486648103514714
78.0 80.0 0.4629435631425743
78.0 82.0 0.4481698019389557
78.0 84.0 0.4471666028579113
78.0 86.0 0.39375728047870656
78.0 88.0 0.19770733923677686
78.0 90.0 0.056733171048292765
78.0 92.0 0.0
78.0 94.0 0.0
78.0 96.0 0.0
78.0 98.0 0.0
78.0 100.0 0.0
78.0 102.0 0.0
78.0 104.0 0.0
78.0 106.0 0.0
78.0 108.0 0.0
78.0 110.0 0.0
78.0 112.0 1.0798004597545724E-4
78.0 114.0 0.08191284432972284
78.0 116.0 0.21799134470505788
78.0 118.0 0.32390735702925216
78.0 120.0 0.37795584881382815
78.0 122.0 0.3643383031061746
78.0 124.0 0.17535585514121121
78.0 126.0 0.0
80.0 0.0 0.0
80.0 2.0 0.0
80.0 4.0 0.006411547011093283
80.0 6.0 0.0
80.0 8.0 0.0
80.0 10.0 0.0
80.0 12.0 0.0
80.0 14.0 0.0
80.0 16.0 0.0
80.0 18.0 0.0
80.0 20.0 0.0
80.0 22.0 0.0
80.0 24.0 0.0
80.0 26.0 0.0027362282587485055
80.0 28.0 0.07259752687862454
80.0 30.0 0.2380795900361512
80.0 32.0 0.3782860785983338
80.0 34.0 0.45269879817769726
80.0 36.0 0.4995643115244704
80.0 38.0 0.5275102921677562
80.0 40.0 0.5356127130450686
80.0 42.0 0.5145135295902548
80.0 44.0 0.4532886459529952
80.0 46.0 0.3295178931265015
80.0 48.0 0.16909022754735056
80.0 50.0 0.058215129186332766
80.0 52.0 0.0
80.0 54.0 0.0
80.0 56.0 0.0
80.0 58.0 0.0
80.0 60.0 0.0
80.0 62.0 0.0
80.0 64.0 0.0
80.0 66.0 0.0
80.0 68.0 0.0
80.0 70.0 0.007112454133023166
80.0 72.0 0.1693525337451293
80.0 74.0 0.3546782626907495
80.0 76.0 0.4298107586085885
80.0 78.0 0.45661278091004304
80.0 80.0 0.47098726813113273
80.0 82.0 0.49144852095994684
80.0 84.0 0.5180582556826244
80.0 86.0 0.4015127418586957
80.0 88.0 0.19780145554826947
80.0 90.0 0.03244504824031336
80.0 92.0 0.0
80.0 94.0 0.0
80.0 96.0 0.0
80.0 98.0 0.0
80.0 100.0 0.0
80.0 102.0 0.0
80.0 104.0 0.0
80.0 106.0 0.0
80.0 108.0 0.0
80.0 110.0 0.0
80.0 112.0 0.0
80.0 114.0 0.04839056050907686
80.0 116.0 0.18674988504956114
80.0 118.0 0.2989273336759958
80.0 120.0 0.3598320178716113
80.0 122.0 0.32037777124251227
80.0 124.0 0.1266089163952564
80.0 126.0 0.0
82.0 0.0 0.0
82.0 2.0 0.0
82.0 4.0 0.004349713651067909
82.0 6.0 0.01220486995192676
82.0 8.0 0.05444229779425206
82.0 10.0 0.03667912098350024
82.0 12.0 4.819446962900261E-5
82.0 14.0 0.0
82.0 16.0 0.0
82.0 18.0 0.0
82.0 20.0 0.0
82.0 22.0 0.0
82.0 24.0 0.0
82.0 26.0 0.0
82.0 28.0 0.03623840813372698
82.0 30.0 0.1902811980537935
82.0 32.0 0.3658205951632254
82.0 34.0 0.470105458027089
82.0 36.0 0.5187798821446478
82.0 38.0 0.5443167326821126
82.0 40.0 0.5511970014383939
82.0 42.0 0.5291387279788321
82.0 44.0 0.44111928344369505
82.0 46.0 0.30925570263294383
82.0 48.0 0.18034033912359548
82.0 50.0 0.06367014817010387
82.0 52.0 0.0
82.0 54.0 0.0
82.0 56.0 0.0
82.0 58.0 0.0
82.0 60.0 0.0
82.0 62.0 0.0
82.0 64.0 0.0
82.0 66.0 0.0
82.0 68.0 0.0
82.0 70.0 0.05794403640624194
82.0 72.0 0.25358379303628314
82.0 74.0 0.38793342631542765
82.0 76.0 0.44948345655605765
82.0 78.0 0.49010391926798746
82.0 80.0 0.49588165661270955
82.0 82.0 0.5403590919760846
82.0 84.0 0.5045058956735556
82.0 86.0 0.3571496275074661
82.0 88.0 0.1725848366191143
82.0 90.0 2.2917738204426355E-4
82.0 92.0 0.0
82.0 94.0 0.0
82.0 96.0 0.0
82.0 98.0 0.0
82.0 100.0 0.0
82.0 102.0 0.0
82.0 104.0 0.0
82.0 106.0 0.0
82.0 108.0 0.0
82.0 110.0 0.0
82.0 112.0 0.0
82.0 114.0 0.03408503901868936
82.0 116.0 0.162704610969282
82.0 118.0 0.27106420295666367
82.0 120.0 0.330834801234219
82.0 122.0 0.26573510535498646
82.0 124.0 0.08451902514662535
82.0 126.0 0.0
84.0 0.0 0.0
84.0 2.0 0.0
84.0 4.0 0.09923613094953254
84.0 6.0 0.22532213865357212
84.0 8.0 0.2028311625496946
84.0 10.0 0.1329322206693525
84.0 12.0 0.0361544687059241
84.0 14.0 0.0
84.0 16.0 0.0
84.0 18.0 0.0
84.0 20.0 0.0
84.0 22.0 0.0
84.0 24.0 0.0
84.0 26.0 0.0
84.0 28.0 0.001218460846258289
84.0 30.0 0.1300779766382094
84.0 32.0 0.3458289995903616
84.0 34.0 0.4761743088045316
84.0 36.0 0.529365816809623
84.0 38.0 0.5460027844689079
84.0 40.0 0.48258280970731815
84.0 42.0 0.42409385304596636
84.0 44.0 0.38601033814757524
84.0 46.0 0.31077299429639477
84.0 48.0 0.19598027431030954
84.0 50.0 0.061130744073504516
84.0 52.0 0.0
84.0 54.0 0.0
84.0 56.0 0.0
84.0 58.0 0.0
84.0 60.0 0.0
84.0 62.0 0.0
84.0 64.0 0.0
84.0 66.0 0.0
84.0 68.0 0.0
84.0 70.0 0.12286238398607928
84.0 72.0 0.29801579522426447
84.0 74.0 0.409613168836622
84.0 76.0 0.47923348011304046
84.0 78.0 0.508858881279228
84.0 80.0 0.507383318280314
84.0 82.0 0.5279638189972856
84.0 84.0 0.46420880052949065
84.0 86.0 0.27984994936429713
84.0 88.0 0.11770482161334811
84.0 90.0 0.0
84.0 92.0 0.0
84.0 94.0 0.0
84.0 96.0 0.0
84.0 98.0 0.0
84.0 100.0 0.0
84.0 102.0 0.0
84.0 104.0 0.0
84.0 106.0 0.0
84.0 108.0 0.0
84.0 110.0 0.0
84.0 112.0 0.0
84.0 114.0 0.02451125046465405
84.0 116.0 0.15318992498547587
84.0 118.0 0.2495689104569102
84.0 120.0 0.29904871937195027
84.0 122.0 0.22103085703749906
84.0 124.0 0.0
84.0 126.0 0.0
86.0 0.0 0.0
86.0 2.0 0.0
86.0 4.0 0.0
86.0 6.0 0.33355875154058223
86.0 8.0 0.2741711464572015
86.0 10.0 0.1993411110989598
86.0 12.0 0.0920185716946434
86.0 14.0 0.009043388387063698
86.0 16.0 0.0
86.0 18.0 0.0
86.0 20.0 0.0
86.0 22.0 0.0
86.0 24.0 0.0
86.0 26.0 0.0
86.0 28.0 0.0
86.0 30.0 0.05449961645939013
86.0 32.0 0.2630037831671795
86.0 34.0 0.4342666227427699
86.0 36.0 0.46887980470734153
86.0 38.0 0.45340472089876777
86.0 40.0 0.48054862508777546
86.0 42.0 0.46833537663146924
86.0 44.0 0.4011758878044526
86.0 46.0 0.30942808184273135
86.0 48.0 0.20555617200493326
86.0 50.0 0.06038355755484887
86.0 52.0 0.0
86.0 54.0 0.0
86.0 56.0 0.0
86.0 58.0 0.0
86.0 60.0 0.0
86.0 62.0 0.0
86.0 64.0 0.0
86.0 66.0 0.0
86.0 68.0 0.019395930126430806
86.0 70.0 0.17237443343828715
86.0 72.0 0.3276089730462553
86.0 74.0 0.4255930231948651
86.0 76.0 0.47068797575045895
86.0 78.0 0.48578142763811694
86.0 80.0 0.4692944289381648
86.0 82.0 0.47724615607651577
86.0 84.0 0.4048547864243241
86.0 86.0 0.21082696463068326
86.0 88.0 0.05785539407687129
86.0 90.0 0.0
86.0 92.0 0.0
86.0 94.0 0.0
86.0 96.0 0.0
86.0 98.0 0.0
86.0 100.0 0.0
86.0 102.0 0.0
86.0 104.0 0.0
86.0 106.0 0.0
86.0 108.0 0.0
86.0 110.0 0.0
86.0 112.0 0.0
86.0 114.0 0.02378717701085671
86.0 116.0 0.15157576306046294
86.0 118.0 0.2381610572329805
86.0 120.0 0.2737675638269577
86.0 122.0 0.18401125897339143
86.0 124.0 0.0
86.0 126.0 0.0
88.0 0.0 0.0
88.0 2.0 0.0
88.0 4.0 0.0
88.0 6.0 0.3319254669390549
88.0 8.0 0.273334856293196
88.0 10.0 0.21201549315052015
88.0 12.0 0.1182612894446583
88.0 14.0 0.020997629039174487
88.0 16.0 0.0
88.0 18.0 0.0
88.0 20.0 0.0
88.0 22.0 0.0
88.0 24.0 0.0
88.0 26.0 0.0
88.0 28.0 0.0
88.0 30.0 0.008140587324791363
88.0 32.0 0.14000079383230563
88.0 34.0 0.3269807037161182
88.0 36.0 0.4441635337626015
88.0 38.0 0.49755529608840693
88.0 40.0 0.4816567349018471
88.0 42.0 0.40352497994976594
88.0 44.0 0.3728422739324166
88.0 46.0 0.35246308426403167
88.0 48.0 0.21548695274587093
88.0 50.0 0.057228739222175314
88.0 52.0 0.0
88.0 54.0 0.0
88.0 56.0 0.0
88.0 58.0 0.0
88.0 60.0 0.0
88.0 62.0 0.0
88.0 64.0 0.0
88.0 66.0 0.0
88.0 68.0 0.0473673940817215
88.0 70.0 0.20969228175670204
88.0 72.0 0.3587714158039115
88.0 74.0 0.37524768987153156
88.0 76.0 0.415565779464166
88.0 78.0 0.42683377853054577
88.0 80.0 0.48389383228854405
88.0 82.0 0.4588778451433455
88.0 84.0 0.31865533206925584
88.0 86.0 0.14328952759413968
88.0 88.0 0.0012007923670111543
88.0 90.0 0.0
88.0 92.0 0.0
88.0 94.0 0.0
88.0 96.0 0.0
88.0 98.0 0.0
88.0 100.0 0.0
88.0 102.0 0.0
88.0 104.0 0.0
88.0 106.0 0.0
88.0 108.0 0.0
88.0 110.0 0.0
88.0 112.0 0.0
88.0 114.0 0.027339759019666135
88.0 116.0 0.15259199606472987
88.0 118.0 0.20971567945929584
88.0 120.0 0.25733514725138196
88.0 122.0 0.1568757112424044
88.0 124.0 0.0
88.0 126.0 0.0
90.0 0.0 0.0
90.0 2.0 0.0
90.0 4.0 0.0
90.0 6.0 0.2881661723541583
90.0 8.0 0.2560751518200785
90.0 10.0 0.20624593642625347
90.0 12.0 0.1219515130176314
90.0 14.0 0.026673992009273877
90.0 16.0 0.0
90.0 18.0 0.0
90.0 20.0 0.0
90.0 22.0 0.0
90.0 24.0 0.0
90.0 26.0 0.0
90.0 28.0 0.0
90.0 30.0 0.0
90.0 32.0 0.06581176968694318
90.0 34.0 0.21039838056517698
90.0 36.0 0.34390011065168197
90.0 38.0 0.42866026807945995
90.0 40.0 0.46856253503515194
90.0 42.0 0.46962479731928414
90.0 44.0 0.4249123434768816
90.0 46.0 0.3253095585989032
90.0 48.0 0.1842828489624594
90.0 50.0 0.04415959472301712
90.0 52.0 0.0
90.0 54.0 0.0
90.0 56.0 0.0
90.0 58.0 0.0
90.0 60.0 0.0
90.0 62.0 0.0
90.0 64.0 0.0
90.0 66.0 0.0
90.0 68.0 0.044227900497251345
90.0 70.0 0.1905890784084013
90.0 72.0 0.3472967565959249
90.0 74.0 0.35309476320963923
90.0 76.0 0.3894433062853248
90.0 78.0 0.39311840141187293
90.0 80.0 0.38409740417331445
90.0 82.0 0.3959882791422176
90.0 84.0 0.2162993776285281
90.0 86.0 0.07078096807754464
90.0 88.0 0.0
90.0 90.0 0.0
90.0 92.0 0.0
90.0 94.0 0.0
90.0 96.0 0.0
90.0 98.0 0.0
90.0 100.0 0.0
90.0 102.0 0.0
90.0 104.0 0.0
90.0 106.0 0.0
90.0 108.0 0.0
90.0 110.0 0.0
90.0 112.0 0.0
90.0 114.0 0.036006914312322724
90.0 116.0 0.1460651725566687
90.0 118.0 0.23121402312228814
90.0 120.0 0.2429034225109464
90.0 122.0 0.0
90.0 124.0 0.0
90.0 126.0 0.0
92.0 0.0 0.0
92.0 2.0 0.0
92.0 4.0 0.0
92.0 6.0 0.0
92.0 8.0 0.26272034459499793
92.0 10.0 0.2033189744210393
92.0 12.0 0.14116907868843614
92.0 14.0 0.04846225779163508
92.0 16.0 9.622858569474899E-4
92.0 18.0 0.0
92.0 20.0 0.0
92.0 22.0 0.0
92.0 24.0 0.0
92.0 26.0 0.0
92.0 28.0 0.0
92.0 30.0 0.0
92.0 32.0 0.022205937687895094
92.0 34.0 0.12255384744703053
92.0 36.0 0.2635760590079591
92.0 38.0 0.3685114720250569
92.0 40.0 0.42840782155922197
92.0 42.0 0.4443553168457132
92.0 44.0 0.4098755027953935
92.0 46.0 0.3188032865100538
92.0 48.0 0.16833305494792453
92.0 50.0 0.028594181758149272
92.0 52.0 0.0
92.0 54.0 0.0
92.0 56.0 0.0
92.0 58.0 0.0
92.0 60.0 0.0
92.0 62.0 0.0
92.0 64.0 0.0
92.0 66.0 0.0
92.0 68.0 0.03502581095292323
92.0 70.0 0.1546832591938279
92.0 72.0 0.3121872569397924
92.0 74.0 0.3306707903818338
92.0 76.0 0.3489585192971503
92.0 78.0 0.34792115298296905
92.0 80.0 0.3260533013990268
92.0 82.0 0.30215917086948596
92.0 84.0 0.1333331033569889
92.0 86.0 0.01856812285152926
92.0 88.0 0.0
92.0 90.0 0.0
92.0 92.0 0.0
92.0 94.0 0.0
92.0 96.0 0.0
92.0 98.0 0.0
92.0 100.0 0.0
92.0 102.0 0.0
92.0 104.0 0.0
92.0 106.0 0.0
92.0 108.0 0.0
92.0 110.0 0.0
92.0 112.0 0.0
92.0 114.0 0.059051255356967196
92.0 116.0 0.15483388504972567
92.0 118.0 0.22642880631951492
92.0 120.0 0.2149158802598251
92.0 122.0 0.0
92.0 124.0 0.0
92.0 126.0 0.0
94.0 0.0 0.0
94.0 2.0 0.0
94.0 4.0 0.0
94.0 6.0 0.0
94.0 8.0 0.22022143225555288
94.0 10.0 0.18251109281450872
94.0 12.0 0.12748252800060894
94.0 14.0 0.04727669983274647
94.0 16.0 0.0010762095545612178
94.0 18.0 0.0
94.0 20.0 0.0
94.0 22.0 0.0
94.0 24.0 0.0
94.0 26.0 0.0
94.0 28.0 0.0
94.0 30.0 0.0
94.0 32.0 0.003910973397414722
94.0 34.0 0.06745730988131202
94.0 36.0 0.19175709854209685
94.0 38.0 0.2976553781364121
94.0 40.0 0.3773924311249672
94.0 42.0 0.4274125796555886
94.0 44.0 0.4085710514076008
94.0 46.0 0.31564047761746683
94.0 48.0 0.1425513271434904
94.0 50.0 0.008724788702325065
94.0 52.0 0.0
94.0 54.0 0.0
94.0 56.0 0.0
94.0 58.0 0.0
94.0 60.0 0.0
94.0 62.0 0.0
94.0 64.0 0.0
94.0 66.0 8.988913344083883E-4
94.0 68.0 0.03322540990613695
94.0 70.0 0.11921091784119936
94.0 72.0 0.2437161213759269
94.0 74.0 0.29005231514198326
94.0 76.0 0.2897697754373876
94.0 78.0 0.29431701249607345
94.0 80.0 0.25732543541449954
94.0 82.0 0.20344044187910504
94.0 84.0 0.06681121323332266
94.0 86.0 0.0
94.0 88.0 0.0
94.0 90.0 0.0
94.0 92.0 0.0
94.0 94.0 0.0
94.0 96.0 0.0
94.0 98.0 0.0
94.0 100.0 0.0
94.0 102.0 0.0
94.0 104.0 0.0
94.0 106.0 0.0
94.0 108.0 0.0
94.0 110.0 0.0
94.0 112.0 0.01912936517578394
94.0 114.0 0.10284223060345166
94.0 116.0 0.18267395303390063
94.0 118.0 0.20138250106905567
94.0 120.0 0.0
94.0 122.0 0.0
94.0 124.0 0.0
94.0 126.0 0.0
96.0 0.0 0.0
96.0 2.0 0.0
96.0 4.0 0.0
96.0 6.0 0.0
96.0 8.0 0.0
96.0 10.0 0.1900143744931051
96.0 12.0 0.1305725745132928
96.0 14.0 0.07562729495114374
96.0 16.0 0.006154284655906891
96.0 18.0 0.0
96.0 20.0 0.0
96.0 22.0 0.0
96.0 24.0 0.0
96.0 26.0 0.0
96.0 28.0 0.0
96.0 30.0 0.0
96.0 32.0 3.9270752639533434E-4
96.0 34.0 0.04376785894957715
96.0 36.0 0.13218931979954893
96.0 38.0 0.21925482497501034
96.0 40.0 0.30640505646362626
96.0 42.0 0.3523042413173623
96.0 44.0 0.33373556982134134
96.0 46.0 0.24814014325638764
96.0 48.0 0.101193818674782
96.0 50.0 0.002186611725325377
96.0 52.0 0.0
96.0 54.0 0.0
96.0 56.0 0.0
96.0 58.0 0.0
96.0 60.0 0.0
96.0 62.0 0.0
96.0 64.0 3.0705275814327135E-4
96.0 66.0 0.008973421677989575
96.0 68.0 0.03702447288500232
96.0 70.0 0.09791634905107856
96.0 72.0 0.18363966634328402
96.0 74.0 0.23987022943467165
96.0 76.0 0.2561381157354863
96.0 78.0 0.2193824453148813
96.0 80.0 0.17632854846973392
96.0 82.0 0.09880758103479921
96.0 84.0 0.02245950681740928
96.0 86.0 0.0
96.0 88.0 0.0
96.0 90.0 0.0
96.0 92.0 0.0
96.0 94.0 0.0
96.0 96.0 0.0
96.0 98.0 0.0
96.0 100.0 0.0
96.0 102.0 0.0
96.0 104.0 0.0
96.0 106.0 0.0
96.0 108.0 0.0
96.0 110.0 0.008855745306018377
96.0 112.0 0.06929297665872759
96.0 114.0 0.14440965369021316
96.0 116.0 0.19723716084347206
96.0 118.0 0.19511626384095085
96.0 120.0 0.0
96.0 122.0 0.0
96.0 124.0 0.0
96.0 126.0 0.0
98.0 0.0 0.0
98.0 2.0 0.0
98.0 4.0 0.0
98.0 6.0 0.0
98.0 8.0 0.0
98.0 10.0 0.0
98.0 12.0 0.13563559465346084
98.0 14.0 0.0780658433845857
98.0 16.0 0.011414366339850582
98.0 18.0 0.0
98.0 20.0 0.0
98.0 22.0 0.0
98.0 24.0 0.0
98.0 26.0 0.0
98.0 28.0 0.0
98.0 30.0 0.0
98.0 32.0 0.0
98.0 34.0 0.02773195383002756
98.0 36.0 0.08119081432455603
98.0 38.0 0.1476078893854972
98.0 40.0 0.22434897762853714
98.0 42.0 0.26574623198280967
98.0 44.0 0.24611866188378828
98.0 46.0 0.17389140448908605
98.0 48.0 0.05903822952012849
98.0 50.0 1.6453155063356447E-4
98.0 52.0 0.0
98.0 54.0 0.0
98.0 56.0 0.0
98.0 58.0 0.0
98.0 60.0 0.0
98.0 62.0 0.0
98.0 64.0 1.004637107039168E-4
98.0 66.0 0.016012072379129313
98.0 68.0 0.03773310917991201
98.0 70.0 0.0908882793076309
98.0 72.0 0.13775334531070574
98.0 74.0 0.16391871835544417
98.0 76.0 0.16421917838570402
98.0 78.0 0.13471254672534602
98.0 80.0 0.08358445169051247
98.0 82.0 0.0382657005029809
98.0 84.0 2.45846144519841E-4
98.0 86.0 0.0
98.0 88.0 0.0
98.0 90.0 0.0
98.0 92.0 0.0
98.0 94.0 0.0
98.0 96.0 0.0
98.0 98.0 0.0
98.0 100.0 0.0
98.0 102.0 6.591015299030734E-5
98.0 104.0 0.016356726019505653
98.0 106.0 0.031928548649930256
98.0 108.0 0.04624802427768727
98.0 110.0 0.0744995275348283
98.0 112.0 0.13763981242363765
98.0 114.0 0.1814098551674335
98.0 116.0 0.21029547705928667
98.0 118.0 0.0
98.0 120.0 0.0
98.0 122.0 0.0
98.0 124.0 0.0
98.0 126.0 0.0
100.0 0.0 0.0
100.0 2.0 0.0
100.0 4.0 0.0
100.0 6.0 0.0
100.0 8.0 0.0
100.0 10.0 0.0
100.0 12.0 0.18138170336836604
100.0 14.0 0.09178087201354847
100.0 16.0 0.015143194479985982
100.0 18.0 0.0
100.0 20.0 0.0
100.0 22.0 0.0
100.0 24.0 0.0
100.0 26.0 0.0
100.0 28.0 0.0
100.0 30.0 0.0
100.0 32.0 0.0
100.0 34.0 0.010761067267677732
100.0 36.0 0.04881471930824172
100.0 38.0 0.09364796711836391
100.0 40.0 0.15973884715706568
100.0 42.0 0.19408359852579546
100.0 44.0 0.17366592600893474
100.0 46.0 0.10650308708223598
100.0 48.0 0.022062143345218485
100.0 50.0 0.0014799123036503545
100.0 52.0 0.0
100.0 54.0 0.0
100.0 56.0 0.0
100.0 58.0 0.0
100.0 60.0 0.0
100.0 62.0 0.0
100.0 64.0 0.0
100.0 66.0 0.014395998183258886
100.0 68.0 0.044105682378027526
100.0 70.0 0.08468244737790749
100.0 72.0 0.10887966769647234
100.0 74.0 0.10563990947585795
100.0 76.0 0.08505082851536346
100.0 78.0 0.03754437416822346
100.0 80.0 0.026487166497677336
100.0 82.0 0.012909091857871147
100.0 84.0 0.0
100.0 86.0 0.0
100.0 88.0 0.0
100.0 90.0 0.0
100.0 92.0 0.0
100.0 94.0 0.0
100.0 96.0 0.0
100.0 98.0 0.0032709350211877525
100.0 100.0 0.023814087805470976
100.0 102.0 0.05603001958695616
100.0 104.0 0.1079189594183163
100.0 106.0 0.16666768370135965
100.0 108.0 0.17272506830620174
100.0 110.0 0.17022384235052523
100.0 112.0 0.20108436900271487
100.0 114.0 0.21600087280536162
100.0 116.0 0.0
100.0 118.0 0.0
100.0 120.0 0.0
100.0 122.0 0.0
100.0 124.0 0.0
100.0 126.0 0.0
102.0 0.0 0.0
102.0 2.0 0.0
102.0 4.0 0.0
102.0 6.0 0.0
102.0 8.0 0.0
102.0 10.0 0.0
102.0 12.0 0.0
102.0 14.0 0.21113693608040165
102.0 16.0 0.05910390584654898
102.0 18.0 0.0
102.0 20.0 0.0
102.0 22.0 0.0
102.0 24.0 0.0
102.0 26.0 0.0
102.0 28.0 0.0
102.0 30.0 0.0
102.0 32.0 0.0
102.0 34.0 0.014071226025969094
102.0 36.0 0.026443771669468444
102.0 38.0 0.06861809392502637
102.0 40.0 0.1285167777549718
102.0 42.0 0.1499222790714602
102.0 44.0 0.1192731979434992
102.0 46.0 0.05736578057178299
102.0 48.0 0.0066718896709887
102.0 50.0 8.32744386221266E-5
102.0 52.0 0.0
102.0 54.0 0.0
102.0 56.0 0.0
102.0 58.0 0.0
102.0 60.0 0.0
102.0 62.0 0.0
102.0 64.0 5.603126313976993E-4
102.0 66.0 0.015694504740279443
102.0 68.0 0.040048929201161064
102.0 70.0 0.06968716092956634
102.0 72.0 0.0927427836034009
102.0 74.0 0.07194044276297608
102.0 76.0 0.0273481191025705
102.0 78.0 0.0017858364990830805
102.0 80.0 0.0010622148000937097
102.0 82.0 0.003949156033424246
102.0 84.0 0.0
102.0 86.0 0.0
102.0 88.0 0.0
102.0 90.0 0.0
102.0 92.0 0.0
102.0 94.0 0.00770640455427863
102.0 96.0 0.019790394415378904
102.0 98.0 0.04682031533340177
102.0 100.0 0.08669927638149437
102.0 102.0 0.13553721382370706
102.0 104.0 0.18939004999383122
102.0 106.0 0.2570339569088805
102.0 108.0 0.26949369467341866
102.0 110.0 0.24811144391316128
102.0 112.0 0.25165816586870593
102.0 114.0 0.0
102.0 116.0 0.0
102.0 118.0 0.0
102.0 120.0 0.0
102.0 122.0 0.0
102.0 124.0 0.0
102.0 126.0 0.0
104.0 0.0 0.0
104.0 2.0 0.0
104.0 4.0 0.0
104.0 6.0 0.0
104.0 8.0 0.0
104.0 10.0 0.0
104.0 12.0 0.0
104.0 14.0 0.0
104.0 16.0 0.24277632844686678
104.0 18.0 0.013193073457090476
104.0 20.0 0.0
104.0 22.0 0.0
104.0 24.0 0.0
104.0 26.0 0.0
104.0 28.0 0.0
104.0 30.0 0.0
104.0 32.0 0.0
104.0 34.0 0.012126469609782182
104.0 36.0 0.022574842683475194
104.0 38.0 0.06927755631441086
104.0 40.0 0.12095523561069998
104.0 42.0 0.12489206356928789
104.0 44.0 0.08497213065507546
104.0 46.0 0.022931777083619233
104.0 48.0 2.995261646227714E-4
104.0 50.0 0.0
104.0 52.0 0.0
104.0 54.0 0.0
104.0 56.0 0.0
104.0 58.0 0.0
104.0 60.0 0.0
104.0 62.0 0.0
104.0 64.0 0.0
104.0 66.0 0.0031902186567417993
104.0 68.0 0.04073279601289589
104.0 70.0 0.07448559051383494
104.0 72.0 0.09006803207049723
104.0 74.0 0.05855584948567862
104.0 76.0 0.0016112825252210278
104.0 78.0 0.0
104.0 80.0 0.0
104.0 82.0 0.00550891578353267
104.0 84.0 0.0023736886274876097
104.0 86.0 6.738116858045886E-4
104.0 88.0 0.0
104.0 90.0 0.0
104.0 92.0 0.013700274055537186
104.0 94.0 0.041375972176499354
104.0 96.0 0.06743389124858375
104.0 98.0 0.09654566477562389
104.0 100.0 0.14876780970742423
104.0 102.0 0.19112099134164973
104.0 104.0 0.237559846218402
104.0 106.0 0.3079099950311916
104.0 108.0 0.3272356222357374
104.0 110.0 0.3001420150543048
104.0 112.0 0.28508367190640777
104.0 114.0 0.0
104.0 116.0 0.0
104.0 118.0 0.0
104.0 120.0 0.0
104.0 122.0 0.0
104.0 124.0 0.0
104.0 126.0 0.0
106.0 0.0 0.0
106.0 2.0 0.0
106.0 4.0 0.0
106.0 6.0 0.0
106.0 8.0 0.0
106.0 10.0 0.0
106.0 12.0 0.0
106.0 14.0 0.0
106.0 16.0 0.0
106.0 18.0 0.1349110099429916
106.0 20.0 0.0
106.0 22.0 0.0
106.0 24.0 0.0
106.0 26.0 0.0
106.0 28.0 0.0
106.0 30.0 0.0
106.0 32.0 0.0
106.0 34.0 0.006376745513770595
106.0 36.0 0.037938157106630406
106.0 38.0 0.08910312451104185
106.0 40.0 0.1313049560163573
106.0 42.0 0.11677253057816768
106.0 44.0 0.06572390853969709
106.0 46.0 0.00338059130706631
106.0 48.0 0.0
106.0 50.0 0.0
106.0 52.0 0.0
106.0 54.0 0.0
106.0 56.0 0.0
106.0 58.0 0.0
106.0 60.0 0.0
106.0 62.0 0.0
106.0 64.0 0.0
106.0 66.0 0.003150480628026508
106.0 68.0 0.0254467784263659
106.0 70.0 0.07639412233136704
106.0 72.0 0.09868645214341491
106.0 74.0 0.07726414138805125
106.0 76.0 0.004415998473639759
106.0 78.0 0.0
106.0 80.0 0.0
106.0 82.0 0.005014986764237088
106.0 84.0 0.0037925311714108044
106.0 86.0 0.001821601566375234
106.0 88.0 0.0
106.0 90.0 3.991073677116224E-4
106.0 92.0 0.02405581253874674
106.0 94.0 0.057856111774921996
106.0 96.0 0.10028489433843275
106.0 98.0 0.1384342744988867
106.0 100.0 0.18017594048101374
106.0 102.0 0.209511153995135
106.0 104.0 0.2555107063580111
106.0 106.0 0.31040465650218807
106.0 108.0 0.35226114123593577
106.0 110.0 0.3282362154185481
106.0 112.0 0.0
106.0 114.0 0.0
106.0 116.0 0.0
106.0 118.0 0.0
106.0 120.0 0.0
106.0 122.0 0.0
106.0 124.0 0.0
106.0 126.0 0.0
108.0 0.0 0.0
108.0 2.0 0.0
108.0 4.0 0.0
108.0 6.0 0.0
108.0 8.0 0.0
108.0 10.0 0.0
108.0 12.0 0.0
108.0 14.0 0.0
108.0 16.0 0.0
108.0 18.0 0.0
108.0 20.0 0.059788509588610574
108.0 22.0 0.0
108.0 24.0 0.0
108.0 26.0 0.0
108.0 28.0 0.0
108.0 30.0 0.0
108.0 32.0 0.0
108.0 34.0 0.00453631035498723
108.0 36.0 0.05736595153647465
108.0 38.0 0.13494841647232914
108.0 40.0 0.17173213860455863
108.0 42.0 0.13743274759307533
108.0 44.0 0.07222371235556198
108.0 46.0 0.0051821790356816584
108.0 48.0 0.0
108.0 50.0 0.0
108.0 52.0 0.0
108.0 54.0 0.0
108.0 56.0 0.0
108.0 58.0 0.0
108.0 60.0 0.0
108.0 62.0 0.0
108.0 64.0 0.0
108.0 66.0 7.410241218115207E-4
108.0 68.0 0.018822527873602165
108.0 70.0 0.0683126689240998
108.0 72.0 0.10147701724947385
108.0 74.0 0.1027892946233206
108.0 76.0 0.033504191910902155
108.0 78.0 0.0
108.0 80.0 0.0
108.0 82.0 6.042714571010077E-4
108.0 84.0 0.002157790587332587
108.0 86.0 0.0012571346783141536
108.0 88.0 0.003397247314582176
108.0 90.0 0.0023690997906610526
108.0 92.0 0.028061483701713477
108.0 94.0 0.05993175993137673
108.0 96.0 0.11752327213330206
108.0 98.0 0.13245733850472255
108.0 100.0 0.15670937155747397
108.0 102.0 0.17236400419504738
108.0 104.0 0.21076265678330253
108.0 106.0 0.26605319793529386
108.0 108.0 0.3128318295287251
108.0 110.0 0.0
108.0 112.0 0.0
108.0 114.0 0.0
108.0 116.0 0.0
108.0 118.0 0.0
108.0 120.0 0.0
108.0 122.0 0.0
108.0 124.0 0.0
108.0 126.0 0.0
110.0 0.0 0.0
110.0 2.0 0.0
110.0 4.0 0.0
110.0 6.0 0.0
110.0 8.0 0.0
110.0 10.0 0.0
110.0 12.0 0.0
110.0 14.0 0.0
110.0 16.0 0.0
110.0 18.0 0.0
110.0 20.0 0.0
110.0 22.0 0.03390157302763926
110.0 24.0 0.0
110.0 26.0 0.0
110.0 28.0 0.0
110.0 30.0 0.0
110.0 32.0 0.0
110.0 34.0 0.01603460418564671
110.0 36.0 0.1183359884416557
110.0 38.0 0.1988158095050918
110.0 40.0 0.20617018919128785
110.0 42.0 0.16265462405517203
110.0 44.0 0.0826586426681558
110.0 46.0 0.010098927990991824
110.0 48.0 0.0
110.0 50.0 0.0
110.0 52.0 0.0
110.0 54.0 0.0
110.0 56.0 0.0
110.0 58.0 0.0
110.0 60.0 0.0
110.0 62.0 0.0
110.0 64.0 0.0
110.0 66.0 0.0
110.0 68.0 0.009047183857303435
110.0 70.0 0.07300420955693106
110.0 72.0 0.11475742161762242
110.0 74.0 0.1237982746891161
110.0 76.0 0.06974635882464013
110.0 78.0 7.882192825807462E-4
110.0 80.0 0.0
110.0 82.0 0.0
110.0 84.0 0.0011783808596255794
110.0 86.0 0.0017886178611586998
110.0 88.0 0.005691774841503359
110.0 90.0 3.8056613199299524E-4
110.0 92.0 0.017745301951859173
110.0 94.0 0.055026046562449686
110.0 96.0 0.08933315445155553
110.0 98.0 0.07684308752756451
110.0 100.0 0.07311877191911008
110.0 102.0 0.07315050351992841
110.0 104.0 0.092084208155039
110.0 106.0 0.11632955167618403
110.0 108.0 0.0
110.0 110.0 0.0
110.0 112.0 0.0
110.0 114.0 0.0
110.0 116.0 0.0
110.0 118.0 0.0
110.0 120.0 0.0
110.0 122.0 0.0
110.0 124.0 0.0
110.0 126.0 0.0
112.0 0.0 0.0
112.0 2.0 0.0
112.0 4.0 0.0
112.0 6.0 0.0
112.0 8.0 0.0
112.0 10.0 0.0
112.0 12.0 0.0
112.0 14.0 0.0
112.0 16.0 0.0
112.0 18.0 0.0
112.0 20.0 0.0
112.0 22.0 0.0
112.0 24.0 0.012137166988766672
112.0 26.0 0.0
112.0 28.0 0.0
112.0 30.0 0.0
112.0 32.0 0.0
112.0 34.0 0.034547813082912694
112.0 36.0 0.16191204004785106
112.0 38.0 0.23940660565863978
112.0 40.0 0.24993773325016821
112.0 42.0 0.205527155807268
112.0 44.0 0.11656751082313725
112.0 46.0 0.026808893224419827
112.0 48.0 0.0
112.0 50.0 0.0
112.0 52.0 0.0
112.0 54.0 0.0
112.0 56.0 0.0
112.0 58.0 0.0
112.0 60.0 0.0
112.0 62.0 0.0
112.0 64.0 0.0
112.0 66.0 0.0
112.0 68.0 0.009764199934908914
112.0 70.0 0.05345661769696317
112.0 72.0 0.1281091687382225
112.0 74.0 0.14129138132342783
112.0 76.0 0.09913390846207933
112.0 78.0 0.01155239144042639
112.0 80.0 0.0
112.0 82.0 0.0
112.0 84.0 0.0
112.0 86.0 0.0
112.0 88.0 1.2043879617186773E-4
112.0 90.0 0.0
112.0 92.0 0.0
112.0 94.0 0.013368174004427377
112.0 96.0 0.013112564434769108
112.0 98.0 0.0
112.0 100.0 0.0
112.0 102.0 0.0
112.0 104.0 0.0
112.0 106.0 0.0
112.0 108.0 0.0
112.0 110.0 0.0
112.0 112.0 0.0
112.0 114.0 0.0
112.0 116.0 0.0
112.0 118.0 0.0
112.0 120.0 0.0
112.0 122.0 0.0
112.0 124.0 0.0
112.0 126.0 0.0
114.0 0.0 0.0
114.0 2.0 0.0
114.0 4.0 0.0
114.0 6.0 0.0
114.0 8.0 0.0
114.0 10.0 0.0
114.0 12.0 0.0
114.0 14.0 0.0
114.0 16.0 0.0
114.0 18.0 0.0
114.0 20.0 0.0
114.0 22.0 0.0
114.0 24.0 0.0
114.0 26.0 0.0
114.0 28.0 0.0
114.0 30.0 0.0
114.0 32.0 0.011327633629755167
114.0 34.0 0.09895707895025489
114.0 36.0 0.21214487890556688
114.0 38.0 0.2801342762263967
114.0 40.0 0.2808387459793292
114.0 42.0 0.24466854283311845
114.0 44.0 0.1549844428879141
114.0 46.0 0.05019839870262985
114.0 48.0 0.0010474704087671506
114.0 50.0 0.0
114.0 52.0 0.0
114.0 54.0 0.0
114.0 56.0 0.0
114.0 58.0 0.0
114.0 60.0 0.0
114.0 62.0 0.0
114.0 64.0 0.0
114.0 66.0 0.0
114.0 68.0 0.02669017483050613
114.0 70.0 0.07407048989982006
114.0 72.0 0.11892865145317588
114.0 74.0 0.14163785337308338
114.0 76.0 0.12604611780660122
114.0 78.0 0.041819209592987266
114.0 80.0 0.0
114.0 82.0 0.0
114.0 84.0 0.0
114.0 86.0 0.0
114.0 88.0 0.0
114.0 90.0 0.0
114.0 92.0 0.0
114.0 94.0 0.0
114.0 96.0 0.0
114.0 98.0 0.0
114.0 100.0 0.0
114.0 102.0 0.0
114.0 104.0 0.0
114.0 106.0 0.0
114.0 108.0 0.0
114.0 110.0 0.0
114.0 112.0 0.0
114.0 114.0 0.0
114.0 116.0 0.0
114.0 118.0 0.0
114.0 120.0 0.0
114.0 122.0 0.0
114.0 124.0 0.0
114.0 126.0 0.0
116.0 0.0 0.0
116.0 2.0 0.0
116.0 4.0 0.0
116.0 6.0 0.0
116.0 8.0 0.0
116.0 10.0 0.0
116.0 12.0 0.0
116.0 14.0 0.0
116.0 16.0 0.0
116.0 18.0 0.0
116.0 20.0 0.0
116.0 22.0 0.0
116.0 24.0 0.0
116.0 26.0 0.0
116.0 28.0 0.0
116.0 30.0 0.0016756967057440116
116.0 32.0 0.05910895627758819
116.0 34.0 0.1501815951644249
116.0 36.0 0.27670406270893994
116.0 38.0 0.3333978794600457
116.0 40.0 0.3179604215832557
116.0 42.0 0.2837379434117548
116.0 44.0 0.19578952255121632
116.0 46.0 0.08148233245959238
116.0 48.0 0.011792269995351818
116.0 50.0 0.0
116.0 52.0 0.0
116.0 54.0 0.0
116.0 56.0 0.0
116.0 58.0 0.0
116.0 60.0 0.0
116.0 62.0 0.0
116.0 64.0 0.0
116.0 66.0 0.0
116.0 68.0 0.03515572020137941
116.0 70.0 0.1038928388227957
116.0 72.0 0.13045492029523936
116.0 74.0 0.13765558171056394
116.0 76.0 0.12905353219502666
116.0 78.0 0.07556668163226922
116.0 80.0 0.00902291517432345
116.0 82.0 0.0
116.0 84.0 0.0
116.0 86.0 0.0
116.0 88.0 0.0
116.0 90.0 0.0
116.0 92.0 0.0
116.0 94.0 0.0
116.0 96.0 0.0
116.0 98.0 0.0
116.0 100.0 0.0
116.0 102.0 0.0
116.0 104.0 0.0
116.0 106.0 0.0
116.0 108.0 0.0
116.0 110.0 0.0
116.0 112.0 0.0
116.0 114.0 0.0
116.0 116.0 0.0
116.0 118.0 0.0
116.0 120.0 0.0
116.0 122.0 0.0
116.0 124.0 0.0
116.0 126.0 0.0
118.0 0.0 0.0
118.0 2.0 0.0
118.0 4.0 0.0
118.0 6.0 0.0
118.0 8.0 0.0
118.0 10.0 0.0
118.0 12.0 0.0
118.0 14.0 0.0
118.0 16.0 0.0
118.0 18.0 0.0
118.0 20.0 0.0
118.0 22.0 0.0
118.0 24.0 0.0
118.0 26.0 0.0
118.0 28.0 0.0
118.0 30.0 0.0
118.0 32.0 0.024751380592511144
118.0 34.0 0.16707278018314373
118.0 36.0 0.2554805038309164
118.0 38.0 0.3270198727320331
118.0 40.0 0.34608967406323626
118.0 42.0 0.2973546889201708
118.0 44.0 0.23960713415530155
118.0 46.0 0.1388717856573987
118.0 48.0 0.039334332508748994
118.0 50.0 0.0
118.0 52.0 0.0
118.0 54.0 0.0
118.0 56.0 0.0
118.0 58.0 0.0
118.0 60.0 0.0
118.0 62.0 0.0
118.0 64.0 0.0
118.0 66.0 8.302178391827328E-4
118.0 68.0 0.019216057452380378
118.0 70.0 0.09576092496188082
118.0 72.0 0.1392099530871355
118.0 74.0 0.15158433103700428
118.0 76.0 0.13876959656112173
118.0 78.0 0.10291625397843189
118.0 80.0 0.030301040153028175
118.0 82.0 0.0
118.0 84.0 0.0
118.0 86.0 0.0
118.0 88.0 0.0
118.0 90.0 0.0
118.0 92.0 0.0
118.0 94.0 0.0
118.0 96.0 0.0
118.0 98.0 0.0
118.0 100.0 0.0
118.0 102.0 0.0
118.0 104.0 0.0
118.0 106.0 0.0
118.0 108.0 0.0
118.0 110.0 0.0
118.0 112.0 0.0
118.0 114.0 0.0
118.0 116.0 0.0
118.0 118.0 0.0
118.0 120.0 0.0
118.0 122.0 0.0
118.0 124.0 0.0
118.0 126.0 0.0
120.0 0.0 0.0
120.0 2.0 0.0
120.0 4.0 0.0
120.0 6.0 0.0
120.0 8.0 0.0
120.0 10.0 0.0
120.0 12.0 0.0
120.0 14.0 0.0
120.0 16.0 0.0
120.0 18.0 0.0
120.0 20.0 0.0
120.0 22.0 0.0
120.0 24.0 0.0
120.0 26.0 0.0
120.0 28.0 0.0
120.0 30.0 0.0
120.0 32.0 0.0
120.0 34.0 0.0
120.0 36.0 0.1044940968028437
120.0 38.0 0.35382954701485175
120.0 40.0 0.3593330311279927
120.0 42.0 0.3255450134060079
120.0 44.0 0.27699999305338036
120.0 46.0 0.19961706467950716
120.0 48.0 0.07876187717836423
120.0 50.0 0.00712858558859258
120.0 52.0 0.0
120.0 54.0 0.0
120.0 56.0 0.0
120.0 58.0 0.0
120.0 60.0 0.0
120.0 62.0 0.0
120.0 64.0 0.0
120.0 66.0 0.0
120.0 68.0 0.02072655269052809
120.0 70.0 0.10135072986365064
120.0 72.0 0.1502912358091697
120.0 74.0 0.16080562847854205
120.0 76.0 0.1432909365157118
120.0 78.0 0.10377200463776297
120.0 80.0 0.04678686040801628
120.0 82.0 0.0033372023949907064
120.0 84.0 0.0
120.0 86.0 0.0
120.0 88.0 0.0
120.0 90.0 0.0
120.0 92.0 0.0
120.0 94.0 0.0
120.0 96.0 0.0
120.0 98.0 0.0
120.0 100.0 0.0
120.0 102.0 0.0
120.0 104.0 0.0
120.0 106.0 0.0
120.0 108.0 0.0
120.0 110.0 0.0
120.0 112.0 0.0
120.0 114.0 0.0
120.0 116.0 0.0
120.0 118.0 0.0
120.0 120.0 0.0
120.0 122.0 0.0
120.0 124.0 0.0
120.0 126.0 0.0
122.0 0.0 0.0
122.0 2.0 0.0
122.0 4.0 0.0
122.0 6.0 0.0
122.0 8.0 0.0
122.0 10.0 0.0
122.0 12.0 0.0
122.0 14.0 0.0
122.0 16.0 0.0
122.0 18.0 0.0
122.0 20.0 0.0
122.0 22.0 0.0
122.0 24.0 0.0
122.0 26.0 0.0
122.0 28.0 0.0
122.0 30.0 0.0
122.0 32.0 0.0
122.0 34.0 0.0
122.0 36.0 0.0
122.0 38.0 0.0
122.0 40.0 0.06732979800436235
122.0 42.0 0.24201176203936434
122.0 44.0 0.2476127018115021
122.0 46.0 0.201324958514401
122.0 48.0 0.11549076061450875
122.0 50.0 0.029845067429076045
122.0 52.0 0.0
122.0 54.0 0.0
122.0 56.0 0.0
122.0 58.0 0.0
122.0 60.0 0.0
122.0 62.0 0.0
122.0 64.0 0.0
122.0 66.0 0.0
122.0 68.0 0.011804779818171273
122.0 70.0 0.10439406185146098
122.0 72.0 0.1567512780653355
122.0 74.0 0.16345819739760148
122.0 76.0 0.1415599672453998
122.0 78.0 0.09658208732711869
122.0 80.0 0.04976459916831038
122.0 82.0 0.0077766032200818755
122.0 84.0 0.0
122.0 86.0 0.0
122.0 88.0 0.0
122.0 90.0 0.0
122.0 92.0 0.0
122.0 94.0 0.0
122.0 96.0 0.0
122.0 98.0 0.0
122.0 100.0 0.0
122.0 102.0 0.0
122.0 104.0 0.0
122.0 106.0 0.0
122.0 108.0 0.0
122.0 110.0 0.0
122.0 112.0 0.0
122.0 114.0 0.0
122.0 116.0 0.0
122.0 118.0 0.0
122.0 120.0 0.0
122.0 122.0 0.0
122.0 124.0 0.0
122.0 126.0 0.0
124.0 0.0 0.0
124.0 2.0 0.0
124.0 4.0 0.0
124.0 6.0 0.0
124.0 8.0 0.0
124.0 10.0 0.0
124.0 12.0 0.0
124.0 14.0 0.0
124.0 16.0 0.0
124.0 18.0 0.0
124.0 20.0 0.0
124.0 22.0 0.0
124.0 24.0 0.0
124.0 26.0 0.0
124.0 28.0 0.0
124.0 30.0 0.0
124.0 32.0 0.0
124.0 34.0 0.0
124.0 36.0 0.0
124.0 38.0 0.0
124.0 40.0 0.0
124.0 42.0 0.0
124.0 44.0 0.0
124.0 46.0 0.00620879362105035
124.0 48.0 0.06437982711004366
124.0 50.0 0.034214603075883435
124.0 52.0 0.0027831345121688534
124.0 54.0 0.0
124.0 56.0 0.0
124.0 58.0 0.0
124.0 60.0 0.0
124.0 62.0 0.0
124.0 64.0 0.0
124.0 66.0 0.0
124.0 68.0 0.012475626918421289
124.0 70.0 0.11346256997074235
124.0 72.0 0.1661872412332582
124.0 74.0 0.168304554277789
124.0 76.0 0.14014768936608643
124.0 78.0 0.07880615330483802
124.0 80.0 0.039620459495419064
124.0 82.0 0.009312171827031724
124.0 84.0 0.0
124.0 86.0 0.0
124.0 88.0 0.0
124.0 90.0 0.0
124.0 92.0 0.0
124.0 94.0 0.0
124.0 96.0 0.0
124.0 98.0 0.0
124.0 100.0 0.0
124.0 102.0 0.0
124.0 104.0 0.0
124.0 106.0 0.0
124.0 108.0 0.0
124.0 110.0 0.0
124.0 112.0 0.0
124.0 114.0 0.0
124.0 116.0 0.0
124.0 118.0 0.0
124.0 120.0 0.0
124.0 122.0 0.0
124.0 124.0 0.0
124.0 126.0 0.0
126.0 0.0 0.0
126.0 2.0 0.0
126.0 4.0 0.0
126.0 6.0 0.0
126.0 8.0 0.0
126.0 10.0 0.0
126.0 12.0 0.0
126.0 14.0 0.0
126.0 16.0 0.0
126.0 18.0 0.0
126.0 20.0 0.0
126.0 22.0 0.0
126.0 24.0 0.0
126.0 26.0 0.0
126.0 28.0 0.0
126.0 30.0 0.0
126.0 32.0 0.0
126.0 34.0 0.0
126.0 36.0 0.0
126.0 38.0 0.0
126.0 40.0 0.0
126.0 42.0 0.0
126.0 44.0 0.0
126.0 46.0 0.0
126.0 48.0 0.0
126.0 50.0 0.0
126.0 52.0 0.0
126.0 54.0 0.0
126.0 56.0 0.0
126.0 58.0 0.0
126.0 60.0 0.0
126.0 62.0 0.0
126.0 64.0 0.0
126.0 66.0 0.004662661835714683
126.0 68.0 0.08459621335494372
126.0 70.0 0.1672698004160876
126.0 72.0 0.1969777956525968
126.0 74.0 0.17537943412258847
126.0 76.0 0.0
126.0 78.0 0.0
126.0 80.0 0.0
126.0 82.0 0.0
126.0 84.0 0.0
126.0 86.0 0.0
126.0 88.0 0.0
126.0 90.0 0.0
126.0 92.0 0.0
126.0 94.0 0.0
126.0 96.0 0.0
126.0 98.0 0.0
126.0 100.0 0.0
126.0 102.0 0.0
126.0 104.0 0.0
126.0 106.0 0.0
126.0 108.0 0.0
126.0 110.0 0.0
126.0 112.0 0.0
126.0 114.0 0.0
126.0 116.0 0.0
126.0 118.0 0.0
126.0 120.0 0.0
126.0 122.0 0.0
126.0 124.0 0.0
126.0 126.0 0.0
