0.0 0.0 0.0
0.0 2.0 0.0
0.0 4.0 0.0
0.0 6.0 0.0
0.0 8.0 0.0
0.0 10.0 0.0
0.0 12.0 0.0
0.0 14.0 0.0
0.0 16.0 0.0
0.0 18.0 0.0
0.0 20.0 0.0
0.0 22.0 0.0
0.0 24.0 0.0
0.0 26.0 0.0
0.0 28.0 0.0
0.0 30.0 0.0
0.0 32.0 0.0
0.0 34.0 0.0
0.0 36.0 0.0
0.0 38.0 0.0
0.0 40.0 0.0
0.0 42.0 0.0
0.0 44.0 0.0
0.0 46.0 0.0
0.0 48.0 0.0
0.0 50.0 0.0
0.0 52.0 0.0
0.0 54.0 0.0
0.0 56.0 0.0
0.0 58.0 0.0
0.0 60.0 0.0
0.0 62.0 0.0
0.0 64.0 0.0
0.0 66.0 0.0
0.0 68.0 0.0
0.0 70.0 0.0
0.0 72.0 0.0
0.0 74.0 0.0
0.0 76.0 0.0
0.0 78.0 0.0
0.0 80.0 0.0
0.0 82.0 0.0
0.0 84.0 0.0
0.0 86.0 0.0
0.0 88.0 0.0
0.0 90.0 0.0
0.0 92.0 0.0
0.0 94.0 0.0
0.0 96.0 0.0
0.0 98.0 0.0
0.0 100.0 0.0
0.0 102.0 0.0
0.0 104.0 0.0
0.0 106.0 0.0
0.0 108.0 0.0
0.0 110.0 0.0
0.0 112.0 0.0
0.0 114.0 0.0
0.0 116.0 0.0
0.0 118.0 0.0
0.0 120.0 0.0
0.0 122.0 0.0
0.0 124.0 0.0
0.0 126.0 0.0
2.0 0.0 0.0
2.0 2.0 0.0
2.0 4.0 0.0
2.0 6.0 0.0
2.0 8.0 0.0
2.0 10.0 0.0
2.0 12.0 0.0
2.0 14.0 0.0
2.0 16.0 0.0
2.0 18.0 0.0
2.0 20.0 0.0
2.0 22.0 0.0
2.0 24.0 0.0
2.0 26.0 0.0
2.0 28.0 0.0
2.0 30.0 0.0
2.0 32.0 0.0
2.0 34.0 0.0
2.0 36.0 0.0
2.0 38.0 0.0
2.0 40.0 0.0
2.0 42.0 0.0
2.0 44.0 0.0
2.0 46.0 0.0
2.0 48.0 0.12453199731686569
2.0 50.0 0.25774449466562527
2.0 52.0 0.2650746656273524
2.0 54.0 0.25871758073827095
2.0 56.0 0.26463211734084646
2.0 58.0 0.20000964572283872
2.0 60.0 0.07805215737011732
2.0 62.0 0.005269806768512367
2.0 64.0 0.0
2.0 66.0 0.0
2.0 68.0 0.0
2.0 70.0 0.0
2.0 72.0 0.0
2.0 74.0 0.0
2.0 76.0 0.0
2.0 78.0 0.0
2.0 80.0 0.0
2.0 82.0 0.0
2.0 84.0 0.0
2.0 86.0 0.0
2.0 88.0 0.0
2.0 90.0 0.0
2.0 92.0 0.0
2.0 94.0 0.0
2.0 96.0 0.0
2.0 98.0 0.0
2.0 100.0 0.0
2.0 102.0 0.0
2.0 104.0 0.0
2.0 106.0 0.0
2.0 108.0 0.0
2.0 110.0 0.0
2.0 112.0 0.0
2.0 114.0 0.0
2.0 116.0 0.0
2.0 118.0 0.0
2.0 120.0 0.0
2.0 122.0 0.0
2.0 124.0 0.0
2.0 126.0 0.0
4.0 0.0 0.0
4.0 2.0 0.0
4.0 4.0 0.0
4.0 6.0 0.0
4.0 8.0 0.0
4.0 10.0 0.0
4.0 12.0 0.0
4.0 14.0 0.0
4.0 16.0 0.0
4.0 18.0 0.0
4.0 20.0 0.0
4.0 22.0 0.0
4.0 24.0 0.0
4.0 26.0 0.0
4.0 28.0 0.0
4.0 30.0 0.0
4.0 32.0 0.0
4.0 34.0 0.0
4.0 36.0 0.0
4.0 38.0 0.0
4.0 40.0 0.0
4.0 42.0 0.013436458904808437
4.0 44.0 0.09896970738039591
4.0 46.0 0.1300356331638153
4.0 48.0 0.16447718900067626
4.0 50.0 0.1853264959908332
4.0 52.0 0.20825951141620558
4.0 54.0 0.19647459672221848
4.0 56.0 0.12790381059086608
4.0 58.0 0.038484610386324176
4.0 60.0 4.12181136713494E-4
4.0 62.0 0.0
4.0 64.0 0.0
4.0 66.0 0.0
4.0 68.0 0.0
4.0 70.0 0.0
4.0 72.0 0.0
4.0 74.0 0.0
4.0 76.0 0.0
4.0 78.0 0.0
4.0 80.0 0.0
4.0 82.0 0.03364987543415221
4.0 84.0 0.0956203695975078
4.0 86.0 0.0
4.0 88.0 0.0
4.0 90.0 0.0
4.0 92.0 0.0
4.0 94.0 0.0
4.0 96.0 0.0
4.0 98.0 0.0
4.0 100.0 0.0
4.0 102.0 0.0
4.0 104.0 0.0
4.0 106.0 0.0
4.0 108.0 0.0
4.0 110.0 0.0
4.0 112.0 0.0
4.0 114.0 0.0
4.0 116.0 0.0
4.0 118.0 0.0
4.0 120.0 0.0
4.0 122.0 0.0
4.0 124.0 0.0
4.0 126.0 0.0
6.0 0.0 0.0
6.0 2.0 0.0
6.0 4.0 0.0
6.0 6.0 0.0
6.0 8.0 0.0
6.0 10.0 0.0
6.0 12.0 0.0
6.0 14.0 0.0
6.0 16.0 0.0
6.0 18.0 0.0
6.0 20.0 0.0
6.0 22.0 0.0
6.0 24.0 0.0
6.0 26.0 0.0
6.0 28.0 0.0
6.0 30.0 0.0
6.0 32.0 0.0
6.0 34.0 0.0
6.0 36.0 0.0
6.0 38.0 0.07478173442423179
6.0 40.0 0.0
6.0 42.0 0.027873469969724604
6.0 44.0 0.07848615042563051
6.0 46.0 0.12392034418794369
6.0 48.0 0.15933978377792613
6.0 50.0 0.17867800421877775
6.0 52.0 0.1892890999084845
6.0 54.0 0.1606965338586943
6.0 56.0 0.09482297471526431
6.0 58.0 0.018603727550333113
6.0 60.0 0.0
6.0 62.0 0.0
6.0 64.0 0.0
6.0 66.0 0.0
6.0 68.0 0.0
6.0 70.0 0.0
6.0 72.0 0.0
6.0 74.0 0.0
6.0 76.0 0.0
6.0 78.0 0.0
6.0 80.0 0.0
6.0 82.0 0.03857847587014789
6.0 84.0 0.11860606061839474
6.0 86.0 0.21738146885496076
6.0 88.0 0.32836205065269647
6.0 90.0 0.40934694535903776
6.0 92.0 0.0
6.0 94.0 0.0
6.0 96.0 0.0
6.0 98.0 0.0
6.0 100.0 0.0
6.0 102.0 0.0
6.0 104.0 0.0
6.0 106.0 0.0
6.0 108.0 0.0
6.0 110.0 0.0
6.0 112.0 0.0
6.0 114.0 0.0
6.0 116.0 0.0
6.0 118.0 0.0
6.0 120.0 0.0
6.0 122.0 0.0
6.0 124.0 0.0
6.0 126.0 0.0
8.0 0.0 0.0
8.0 2.0 0.0
8.0 4.0 0.0
8.0 6.0 0.0
8.0 8.0 0.0
8.0 10.0 0.0
8.0 12.0 0.0
8.0 14.0 0.0
8.0 16.0 0.0
8.0 18.0 0.0
8.0 20.0 0.0
8.0 22.0 0.0
8.0 24.0 0.0
8.0 26.0 0.0
8.0 28.0 0.0
8.0 30.0 0.0
8.0 32.0 0.0
8.0 34.0 0.09598348536947704
8.0 36.0 0.0
8.0 38.0 0.0
8.0 40.0 0.0
8.0 42.0 0.0
8.0 44.0 0.03137859946972651
8.0 46.0 0.08751958434502168
8.0 48.0 0.13023942231248548
8.0 50.0 0.16114628248215496
8.0 52.0 0.16592332479402402
8.0 54.0 0.13205298894149206
8.0 56.0 0.06978841719132046
8.0 58.0 0.007864901054019066
8.0 60.0 0.0
8.0 62.0 0.0
8.0 64.0 0.0
8.0 66.0 0.0
8.0 68.0 0.0
8.0 70.0 0.0
8.0 72.0 0.0
8.0 74.0 0.0
8.0 76.0 0.0
8.0 78.0 0.0
8.0 80.0 0.0
8.0 82.0 0.046701260228178776
8.0 84.0 0.14506618150094405
8.0 86.0 0.24372678171631368
8.0 88.0 0.3598587572265575
8.0 90.0 0.45051644801273577
8.0 92.0 0.3995889672368557
8.0 94.0 0.28795756204892303
8.0 96.0 0.0
8.0 98.0 0.0
8.0 100.0 0.0
8.0 102.0 0.0
8.0 104.0 0.0
8.0 106.0 0.0
8.0 108.0 0.0
8.0 110.0 0.0
8.0 112.0 0.0
8.0 114.0 0.0
8.0 116.0 0.0
8.0 118.0 0.0
8.0 120.0 0.0
8.0 122.0 0.0
8.0 124.0 0.0
8.0 126.0 0.0
10.0 0.0 0.0
10.0 2.0 0.0
10.0 4.0 0.0
10.0 6.0 0.0
10.0 8.0 0.0
10.0 10.0 0.0
10.0 12.0 0.0
10.0 14.0 0.0
10.0 16.0 0.0
10.0 18.0 0.0
10.0 20.0 0.0
10.0 22.0 0.0
10.0 24.0 0.0
10.0 26.0 0.0
10.0 28.0 0.0
10.0 30.0 0.041081371878143653
10.0 32.0 0.0
10.0 34.0 0.0
10.0 36.0 0.0
10.0 38.0 0.0
10.0 40.0 0.0
10.0 42.0 0.0
10.0 44.0 0.00895504529259109
10.0 46.0 0.0519305854581693
10.0 48.0 0.09388422767251402
10.0 50.0 0.1252505687773995
10.0 52.0 0.12379050401517394
10.0 54.0 0.10044662307351648
10.0 56.0 0.04681078690970192
10.0 58.0 0.0013555563916720957
10.0 60.0 0.0
10.0 62.0 0.0
10.0 64.0 0.0
10.0 66.0 0.0
10.0 68.0 0.0
10.0 70.0 0.0
10.0 72.0 0.0
10.0 74.0 0.0
10.0 76.0 0.0
10.0 78.0 0.0
10.0 80.0 0.007466961821675247
10.0 82.0 0.06982307444363434
10.0 84.0 0.17469477738574235
10.0 86.0 0.27643964482115196
10.0 88.0 0.3957309926999801
10.0 90.0 0.46435988774139186
10.0 92.0 0.41603129931939625
10.0 94.0 0.3006457166156883
10.0 96.0 0.1241045985240465
10.0 98.0 0.0
10.0 100.0 0.0
10.0 102.0 0.0
10.0 104.0 0.0
10.0 106.0 0.0
10.0 108.0 0.0
10.0 110.0 0.0
10.0 112.0 0.0
10.0 114.0 0.0
10.0 116.0 0.0
10.0 118.0 0.0
10.0 120.0 0.0
10.0 122.0 0.0
10.0 124.0 0.0
10.0 126.0 0.0
12.0 0.0 0.0
12.0 2.0 0.0
12.0 4.0 0.0
12.0 6.0 0.0
12.0 8.0 0.0
12.0 10.0 0.0
12.0 12.0 0.0
12.0 14.0 0.0
12.0 16.0 0.0
12.0 18.0 0.0
12.0 20.0 0.0
12.0 22.0 0.0
12.0 24.0 0.0
12.0 26.0 0.0
12.0 28.0 0.008151665412716487
12.0 30.0 0.0
12.0 32.0 0.0
12.0 34.0 0.0
12.0 36.0 0.0
12.0 38.0 0.0
12.0 40.0 0.0
12.0 42.0 0.0
12.0 44.0 0.0
12.0 46.0 0.016726614867418436
12.0 48.0 0.0479845219874007
12.0 50.0 0.07896437458102122
12.0 52.0 0.08056508171290705
12.0 54.0 0.06674670359412471
12.0 56.0 0.025172262105609078
12.0 58.0 0.0
12.0 60.0 0.0
12.0 62.0 0.0
12.0 64.0 0.0
12.0 66.0 0.0
12.0 68.0 0.0
12.0 70.0 0.0
12.0 72.0 0.0
12.0 74.0 0.0
12.0 76.0 0.0
12.0 78.0 0.0
12.0 80.0 0.01589656996858183
12.0 82.0 0.10193055189416385
12.0 84.0 0.2028335897465904
12.0 86.0 0.32134195228056717
12.0 88.0 0.4031022869077478
12.0 90.0 0.5005409076486887
12.0 92.0 0.44024071775559076
12.0 94.0 0.31249311744657976
12.0 96.0 0.11220052853914853
12.0 98.0 0.01120448605481601
12.0 100.0 0.0
12.0 102.0 0.0
12.0 104.0 0.0
12.0 106.0 0.0
12.0 108.0 0.0
12.0 110.0 0.0
12.0 112.0 0.0
12.0 114.0 0.0
12.0 116.0 0.0
12.0 118.0 0.0
12.0 120.0 0.0
12.0 122.0 0.0
12.0 124.0 0.0
12.0 126.0 0.0
14.0 0.0 0.0
14.0 2.0 0.0
14.0 4.0 0.0
14.0 6.0 0.0
14.0 8.0 0.0
14.0 10.0 0.0
14.0 12.0 0.0
14.0 14.0 0.0
14.0 16.0 0.0
14.0 18.0 0.0
14.0 20.0 0.0
14.0 22.0 0.0
14.0 24.0 0.0
14.0 26.0 0.0
14.0 28.0 0.0
14.0 30.0 0.0
14.0 32.0 0.0
14.0 34.0 0.0
14.0 36.0 0.0
14.0 38.0 0.0
14.0 40.0 0.0
14.0 42.0 0.0
14.0 44.0 0.0
14.0 46.0 0.0
14.0 48.0 0.006569244396027569
14.0 50.0 0.024544818080333614
14.0 52.0 0.03827987251690831
14.0 54.0 0.03699269208717663
14.0 56.0 0.016058662901083088
14.0 58.0 0.0
14.0 60.0 0.0
14.0 62.0 0.0
14.0 64.0 0.0
14.0 66.0 0.0
14.0 68.0 0.0
14.0 70.0 0.0
14.0 72.0 0.0
14.0 74.0 0.0
14.0 76.0 0.0
14.0 78.0 0.010586453575744878
14.0 80.0 0.06879356146784701
14.0 82.0 0.15785675814842004
14.0 84.0 0.25261933511504014
14.0 86.0 0.36608519986801724
14.0 88.0 0.4404855619366949
14.0 90.0 0.5227540634149093
14.0 92.0 0.4587929705045594
14.0 94.0 0.318809567446449
14.0 96.0 0.10562769411442063
14.0 98.0 0.006997532313707752
14.0 100.0 0.0
14.0 102.0 0.0
14.0 104.0 0.0
14.0 106.0 0.0
14.0 108.0 0.0
14.0 110.0 0.0
14.0 112.0 0.0
14.0 114.0 0.0
14.0 116.0 0.0
14.0 118.0 0.0
14.0 120.0 0.0
14.0 122.0 0.0
14.0 124.0 0.0
14.0 126.0 0.0
16.0 0.0 0.0
16.0 2.0 0.0
16.0 4.0 0.0
16.0 6.0 0.0
16.0 8.0 0.0
16.0 10.0 0.0
16.0 12.0 0.0
16.0 14.0 0.0
16.0 16.0 0.0
16.0 18.0 0.0
16.0 20.0 0.0
16.0 22.0 0.0
16.0 24.0 0.0
16.0 26.0 0.0
16.0 28.0 0.0
16.0 30.0 0.0
16.0 32.0 0.0
16.0 34.0 0.0
16.0 36.0 0.0
16.0 38.0 0.0
16.0 40.0 0.0
16.0 42.0 0.0
16.0 44.0 0.0
16.0 46.0 0.0013327041409952334
16.0 48.0 1.994467683854562E-4
16.0 50.0 0.01038868596151166
16.0 52.0 0.020912397324348603
16.0 54.0 0.03416646544611945
16.0 56.0 0.025521081731914367
16.0 58.0 0.0
16.0 60.0 0.0
16.0 62.0 0.0
16.0 64.0 0.0
16.0 66.0 0.0
16.0 68.0 0.0
16.0 70.0 0.0034038739522072588
16.0 72.0 0.0
16.0 74.0 0.0026704564190381578
16.0 76.0 0.0221550159645952
16.0 78.0 0.0681723849310615
16.0 80.0 0.16008960140580575
16.0 82.0 0.2505220250595251
16.0 84.0 0.31673615753603196
16.0 86.0 0.40524218242088333
16.0 88.0 0.49844217736290003
16.0 90.0 0.4991241478813843
16.0 92.0 0.43296738374208027
16.0 94.0 0.29487488927203215
16.0 96.0 0.10322133356748281
16.0 98.0 0.0069957563741862155
16.0 100.0 0.0
16.0 102.0 0.0
16.0 104.0 0.0
16.0 106.0 0.0
16.0 108.0 0.0
16.0 110.0 0.0
16.0 112.0 0.0
16.0 114.0 0.0
16.0 116.0 0.0
16.0 118.0 0.0
16.0 120.0 0.0
16.0 122.0 0.0
16.0 124.0 0.0
16.0 126.0 0.0
18.0 0.0 0.0
18.0 2.0 0.0
18.0 4.0 0.0
18.0 6.0 0.0
18.0 8.0 0.0
18.0 10.0 0.0
18.0 12.0 0.0
18.0 14.0 0.0
18.0 16.0 0.0
18.0 18.0 0.0
18.0 20.0 0.0
18.0 22.0 0.0
18.0 24.0 0.0
18.0 26.0 0.0
18.0 28.0 0.0
18.0 30.0 0.0
18.0 32.0 0.0
18.0 34.0 0.0
18.0 36.0 0.0
18.0 38.0 0.0
18.0 40.0 0.0
18.0 42.0 0.0
18.0 44.0 0.0
18.0 46.0 0.0
18.0 48.0 0.0
18.0 50.0 0.0
18.0 52.0 0.0035530475360543087
18.0 54.0 0.04782762924455699
18.0 56.0 0.04498142105116812
18.0 58.0 1.9195256281018377E-4
18.0 60.0 0.0
18.0 62.0 0.0
18.0 64.0 0.0
18.0 66.0 0.0
18.0 68.0 1.8122518990640378E-4
18.0 70.0 0.007798949784463076
18.0 72.0 0.009212434890837283
18.0 74.0 0.0329024951793267
18.0 76.0 0.08077478161256646
18.0 78.0 0.15226771735929148
18.0 80.0 0.2437554270645664
18.0 82.0 0.33066248679039895
18.0 84.0 0.39768311478624113
18.0 86.0 0.4417424690929108
18.0 88.0 0.5415469677307799
18.0 90.0 0.5430975813429184
18.0 92.0 0.4651470873438471
18.0 94.0 0.3066070723223511
18.0 96.0 0.09415171981928228
18.0 98.0 0.0020801236815662194
18.0 100.0 0.0
18.0 102.0 0.0
18.0 104.0 0.0
18.0 106.0 0.0
18.0 108.0 0.0
18.0 110.0 0.0
18.0 112.0 0.0
18.0 114.0 0.0
18.0 116.0 0.0
18.0 118.0 0.0
18.0 120.0 0.0
18.0 122.0 0.0
18.0 124.0 0.0
18.0 126.0 0.0
20.0 0.0 0.0
20.0 2.0 0.0
20.0 4.0 0.0
20.0 6.0 0.0
20.0 8.0 0.0
20.0 10.0 0.0
20.0 12.0 0.0
20.0 14.0 0.0
20.0 16.0 0.0
20.0 18.0 0.0
20.0 20.0 0.0
20.0 22.0 0.0
20.0 24.0 0.0
20.0 26.0 0.0
20.0 28.0 0.0
20.0 30.0 0.0
20.0 32.0 0.0
20.0 34.0 0.0
20.0 36.0 0.0
20.0 38.0 0.0
20.0 40.0 0.0
20.0 42.0 0.0
20.0 44.0 0.0
20.0 46.0 0.0
20.0 48.0 0.0
20.0 50.0 6.241256026758656E-4
20.0 52.0 0.016015876017784685
20.0 54.0 0.05999991447080516
20.0 56.0 0.055352150951249963
20.0 58.0 0.0042419867038437425
20.0 60.0 0.0
20.0 62.0 0.0
20.0 64.0 0.0
20.0 66.0 0.0
20.0 68.0 0.0
20.0 70.0 0.007284621357507726
20.0 72.0 0.014682352403328318
20.0 74.0 0.050490875842051704
20.0 76.0 0.11496982581780811
20.0 78.0 0.21058358757822368
20.0 80.0 0.3041991790246254
20.0 82.0 0.3867502957069331
20.0 84.0 0.44956068381628606
20.0 86.0 0.49039967536135437
20.0 88.0 0.5680688297721496
20.0 90.0 0.5699981008203524
20.0 92.0 0.4846534287269085
20.0 94.0 0.3048227922504478
20.0 96.0 0.08727797341767767
20.0 98.0 0.0
20.0 100.0 0.0
20.0 102.0 0.0
20.0 104.0 0.0
20.0 106.0 0.0
20.0 108.0 0.0
20.0 110.0 0.0
20.0 112.0 0.0
20.0 114.0 0.0
20.0 116.0 0.0
20.0 118.0 0.0
20.0 120.0 0.0
20.0 122.0 0.0
20.0 124.0 0.0
20.0 126.0 0.0
22.0 0.0 0.0
22.0 2.0 0.0
22.0 4.0 0.0
22.0 6.0 0.0
22.0 8.0 0.0
22.0 10.0 0.0
22.0 12.0 0.0
22.0 14.0 0.0
22.0 16.0 0.0
22.0 18.0 0.0
22.0 20.0 0.0
22.0 22.0 0.0
22.0 24.0 0.0
22.0 26.0 0.0
22.0 28.0 0.0
22.0 30.0 0.0
22.0 32.0 0.0
22.0 34.0 0.0
22.0 36.0 0.0
22.0 38.0 0.0
22.0 40.0 0.0
22.0 42.0 0.0
22.0 44.0 0.0
22.0 46.0 0.0013038612272157672
22.0 48.0 0.00474849067524417
22.0 50.0 7.978242641117358E-4
22.0 52.0 0.01652241746844284
22.0 54.0 0.07866252859110809
22.0 56.0 0.06763045013896947
22.0 58.0 0.005988519823929824
22.0 60.0 0.0
22.0 62.0 0.0
22.0 64.0 0.0
22.0 66.0 0.0
22.0 68.0 0.0
22.0 70.0 5.281157314614232E-4
22.0 72.0 0.009632968349841248
22.0 74.0 0.05194360246018188
22.0 76.0 0.1339370372690445
22.0 78.0 0.2281969025124144
22.0 80.0 0.3228563331012097
22.0 82.0 0.41205040030250656
22.0 84.0 0.47540501737096136
22.0 86.0 0.5081750793546936
22.0 88.0 0.5701423102208237
22.0 90.0 0.587741303839223
22.0 92.0 0.5011162541803339
22.0 94.0 0.2838337448344947
22.0 96.0 0.07501940913480028
22.0 98.0 0.0
22.0 100.0 0.0
22.0 102.0 0.0
22.0 104.0 0.0
22.0 106.0 0.0
22.0 108.0 0.0
22.0 110.0 0.0
22.0 112.0 0.0
22.0 114.0 0.0
22.0 116.0 0.0
22.0 118.0 0.0
22.0 120.0 0.0
22.0 122.0 0.0
22.0 124.0 0.0
22.0 126.0 0.0
24.0 0.0 0.0
24.0 2.0 0.0
24.0 4.0 0.0
24.0 6.0 0.0
24.0 8.0 0.0
24.0 10.0 0.0
24.0 12.0 0.0
24.0 14.0 0.0
24.0 16.0 0.0
24.0 18.0 0.0
24.0 20.0 0.0
24.0 22.0 0.0
24.0 24.0 0.0
24.0 26.0 0.0
24.0 28.0 0.0
24.0 30.0 0.0
24.0 32.0 0.0
24.0 34.0 0.0
24.0 36.0 0.0
24.0 38.0 0.0
24.0 40.0 9.792347133403259E-4
24.0 42.0 0.006822032954519517
24.0 44.0 0.020432952612934267
24.0 46.0 0.03523065867139602
24.0 48.0 0.0425183331626898
24.0 50.0 0.03249211058085056
24.0 52.0 0.04733647491461332
24.0 54.0 0.09570865189369232
24.0 56.0 0.07680620898594984
24.0 58.0 0.0063332453084198525
24.0 60.0 0.0
24.0 62.0 0.0
24.0 64.0 0.0
24.0 66.0 0.0
24.0 68.0 0.0
24.0 70.0 0.0
24.0 72.0 0.0
24.0 74.0 0.02803091493702245
24.0 76.0 0.1212519609528057
24.0 78.0 0.24424079970531487
24.0 80.0 0.3482132387321158
24.0 82.0 0.433952801619534
24.0 84.0 0.4940837240998112
24.0 86.0 0.5257499439934098
24.0 88.0 0.5308219232577733
24.0 90.0 0.5526529396997287
24.0 92.0 0.4765686129687689
24.0 94.0 0.2499309152287734
24.0 96.0 0.0608568097086744
24.0 98.0 0.0
24.0 100.0 0.0
24.0 102.0 0.0
24.0 104.0 0.0
24.0 106.0 0.0
24.0 108.0 0.0
24.0 110.0 0.0
24.0 112.0 0.0
24.0 114.0 0.0
24.0 116.0 0.0
24.0 118.0 0.0
24.0 120.0 0.0
24.0 122.0 0.0
24.0 124.0 0.0
24.0 126.0 0.0
26.0 0.0 0.0
26.0 2.0 0.0
26.0 4.0 0.0
26.0 6.0 0.0
26.0 8.0 0.0
26.0 10.0 0.0
26.0 12.0 0.0
26.0 14.0 0.0015999631712082611
26.0 16.0 0.08747530625057193
26.0 18.0 0.08311408301260154
26.0 20.0 0.0150524405989382
26.0 22.0 0.0
26.0 24.0 0.0
26.0 26.0 0.0
26.0 28.0 0.0
26.0 30.0 0.0
26.0 32.0 0.0
26.0 34.0 0.0
26.0 36.0 0.0
26.0 38.0 0.0012333369629234166
26.0 40.0 0.019271906244392668
26.0 42.0 0.03703747827393229
26.0 44.0 0.06277612670236254
26.0 46.0 0.09090660450074424
26.0 48.0 0.115955204431205
26.0 50.0 0.10448328977673889
26.0 52.0 0.10504700229909832
26.0 54.0 0.11519420548032612
26.0 56.0 0.07861241113731568
26.0 58.0 0.004722916919239879
26.0 60.0 0.0
26.0 62.0 0.0
26.0 64.0 0.0
26.0 66.0 0.0
26.0 68.0 0.0
26.0 70.0 0.0
26.0 72.0 0.0
26.0 74.0 0.0
26.0 76.0 0.07290233553442499
26.0 78.0 0.23064693818168483
26.0 80.0 0.328164765036701
26.0 82.0 0.3888341372099899
26.0 84.0 0.4339462119178695
26.0 86.0 0.4669846913384172
26.0 88.0 0.5101039120938644
26.0 90.0 0.5435090343398975
26.0 92.0 0.44291492646150404
26.0 94.0 0.20754024494018677
26.0 96.0 0.04162870245214186
26.0 98.0 0.0
26.0 100.0 0.0
26.0 102.0 0.0
26.0 104.0 0.0
26.0 106.0 0.0
26.0 108.0 0.0
26.0 110.0 0.0
26.0 112.0 0.0
26.0 114.0 0.0
26.0 116.0 0.0
26.0 118.0 0.0
26.0 120.0 0.0
26.0 122.0 0.0
26.0 124.0 0.0
26.0 126.0 0.0
28.0 0.0 0.0
28.0 2.0 0.0
28.0 4.0 0.0
28.0 6.0 0.0
28.0 8.0 0.0
28.0 10.0 0.0
28.0 12.0 0.10493411880177765
28.0 14.0 0.2780207741072686
28.0 16.0 0.2256631324385835
28.0 18.0 0.11452574568221369
28.0 20.0 0.0056735146758435245
28.0 22.0 0.0
28.0 24.0 0.0
28.0 26.0 0.0
28.0 28.0 0.0
28.0 30.0 0.0
28.0 32.0 0.0
28.0 34.0 0.0
28.0 36.0 0.0
28.0 38.0 0.014961263330646048
28.0 40.0 0.05247582138465076
28.0 42.0 0.08855614573024746
28.0 44.0 0.1150436909193671
28.0 46.0 0.13766802881720425
28.0 48.0 0.15565659591731998
28.0 50.0 0.18063279560209056
28.0 52.0 0.1577185890999949
28.0 54.0 0.13165862798689273
28.0 56.0 0.07221953847120852
28.0 58.0 0.006937383966320552
28.0 60.0 0.0
28.0 62.0 0.0
28.0 64.0 0.0
28.0 66.0 0.0
28.0 68.0 0.0
28.0 70.0 0.0
28.0 72.0 0.0
28.0 74.0 0.0
28.0 76.0 0.015225711069849698
28.0 78.0 0.17902231780054664
28.0 80.0 0.30146282963855714
28.0 82.0 0.36310826181031014
28.0 84.0 0.4090308338789212
28.0 86.0 0.44085780763334204
28.0 88.0 0.46480429451164196
28.0 90.0 0.5050332965710183
28.0 92.0 0.3912740701312336
28.0 94.0 0.175182471905409
28.0 96.0 0.03118823168101829
28.0 98.0 0.0
28.0 100.0 0.0
28.0 102.0 0.0
28.0 104.0 0.0
28.0 106.0 0.0
28.0 108.0 0.0
28.0 110.0 0.0
28.0 112.0 0.0
28.0 114.0 0.0
28.0 116.0 0.0016514744141253518
28.0 118.0 0.0
28.0 120.0 0.0
28.0 122.0 0.0
28.0 124.0 0.0
28.0 126.0 0.0
30.0 0.0 0.0
30.0 2.0 0.0
30.0 4.0 0.0
30.0 6.0 0.0
30.0 8.0 0.0
30.0 10.0 0.2786586638587119
30.0 12.0 0.35937163246116083
30.0 14.0 0.2940727344123602
30.0 16.0 0.188389408810669
30.0 18.0 0.024008117261101355
30.0 20.0 0.0
30.0 22.0 0.0
30.0 24.0 0.0
30.0 26.0 0.0
30.0 28.0 0.0
30.0 30.0 0.0
30.0 32.0 0.0
30.0 34.0 0.009639463340842534
30.0 36.0 0.037170763940303046
30.0 38.0 0.07179286114388984
30.0 40.0 0.11805429584563652
30.0 42.0 0.1484022077458834
30.0 44.0 0.1736272985246785
30.0 46.0 0.1983777854169656
30.0 48.0 0.24183497076844318
30.0 50.0 0.25723936617022486
30.0 52.0 0.21025126173873523
30.0 54.0 0.1526556841342589
30.0 56.0 0.0657295330616061
30.0 58.0 0.010506303037429747
30.0 60.0 0.0
30.0 62.0 0.0
30.0 64.0 0.0
30.0 66.0 0.0
30.0 68.0 0.0
30.0 70.0 0.0
30.0 72.0 0.0
30.0 74.0 0.0
30.0 76.0 0.0
30.0 78.0 0.10947155627589007
30.0 80.0 0.2497588376447822
30.0 82.0 0.33426337132925504
30.0 84.0 0.37777041501576925
30.0 86.0 0.4105124712089587
30.0 88.0 0.4191386106080901
30.0 90.0 0.4460278111864278
30.0 92.0 0.3318400453742507
30.0 94.0 0.1388150216420342
30.0 96.0 0.02195564856855242
30.0 98.0 0.0
30.0 100.0 0.0
30.0 102.0 0.0
30.0 104.0 0.0
30.0 106.0 0.0
30.0 108.0 0.0
30.0 110.0 0.0
30.0 112.0 0.0
30.0 114.0 0.0
30.0 116.0 0.04003791706248944
30.0 118.0 0.0
30.0 120.0 0.0
30.0 122.0 0.0
30.0 124.0 0.0
30.0 126.0 0.0
32.0 0.0 0.0
32.0 2.0 0.0
32.0 4.0 0.0
32.0 6.0 0.0
32.0 8.0 0.0
32.0 10.0 0.32281887022647276
32.0 12.0 0.3741148116628743
32.0 14.0 0.28664183571695273
32.0 16.0 0.14958233505485005
32.0 18.0 0.010619443425157154
32.0 20.0 0.0
32.0 22.0 0.0
32.0 24.0 0.0
32.0 26.0 0.0
32.0 28.0 0.0
32.0 30.0 2.857997739350399E-4
32.0 32.0 0.024223603906181775
32.0 34.0 0.07819564360279298
32.0 36.0 0.14480505905729876
32.0 38.0 0.18124677613252874
32.0 40.0 0.20730417873483423
32.0 42.0 0.23123762324219296
32.0 44.0 0.24648736626665635
32.0 46.0 0.2580253527381626
32.0 48.0 0.3310948033087735
32.0 50.0 0.3370124142495763
32.0 52.0 0.27550385429426416
32.0 54.0 0.1778227290403589
32.0 56.0 0.07004680955087815
32.0 58.0 0.012011550908860252
32.0 60.0 0.0
32.0 62.0 0.0
32.0 64.0 0.0
32.0 66.0 0.0
32.0 68.0 0.0
32.0 70.0 0.0
32.0 72.0 0.0
32.0 74.0 0.0
32.0 76.0 0.0
32.0 78.0 0.06023067775129615
32.0 80.0 0.19959419227866274
32.0 82.0 0.3181690486947953
32.0 84.0 0.38653850305074405
32.0 86.0 0.4193481352651516
32.0 88.0 0.4157781851370785
32.0 90.0 0.36755273600679406
32.0 92.0 0.2695816468387075
32.0 94.0 0.11947516882266163
32.0 96.0 0.01721988506898447
32.0 98.0 0.0
32.0 100.0 0.0
32.0 102.0 0.0
32.0 104.0 0.0
32.0 106.0 0.0
32.0 108.0 0.0
32.0 110.0 0.0
32.0 112.0 0.0
32.0 114.0 0.0
32.0 116.0 0.09724946399141171
32.0 118.0 0.25034086743506245
32.0 120.0 0.0
32.0 122.0 0.0
32.0 124.0 0.0
32.0 126.0 0.0
34.0 0.0 0.0
34.0 2.0 0.0
34.0 4.0 0.0
34.0 6.0 0.0
34.0 8.0 0.43377955460354095
34.0 10.0 0.41668796392434687
34.0 12.0 0.3224747274336468
34.0 14.0 0.18135147879442212
34.0 16.0 0.019300365787211834
34.0 18.0 0.0
34.0 20.0 0.0
34.0 22.0 0.0
34.0 24.0 0.0
34.0 26.0 0.0
34.0 28.0 0.0
34.0 30.0 0.023740732790174704
34.0 32.0 0.07893569190350784
34.0 34.0 0.16155077707285298
34.0 36.0 0.22175380320128193
34.0 38.0 0.24704682400297162
34.0 40.0 0.26871350160636837
34.0 42.0 0.2885578771574725
34.0 44.0 0.29834768637377174
34.0 46.0 0.3037147645106301
34.0 48.0 0.3574084922726349
34.0 50.0 0.3606282628882828
34.0 52.0 0.2994190028396143
34.0 54.0 0.1981860173607789
34.0 56.0 0.08108605941119265
34.0 58.0 0.012890602089780668
34.0 60.0 0.0
34.0 62.0 0.0
34.0 64.0 0.0
34.0 66.0 0.0
34.0 68.0 0.0
34.0 70.0 0.0
34.0 72.0 0.0
34.0 74.0 0.0
34.0 76.0 0.0
34.0 78.0 0.02470849937521236
34.0 80.0 0.1353770740281197
34.0 82.0 0.24299990657998516
34.0 84.0 0.3167928367923026
34.0 86.0 0.3523639801391582
34.0 88.0 0.34984926440046865
34.0 90.0 0.30771066942981135
34.0 92.0 0.22515414142466575
34.0 94.0 0.09321240756364944
34.0 96.0 0.00800704125922276
34.0 98.0 0.0
34.0 100.0 0.0
34.0 102.0 0.0
34.0 104.0 0.0
34.0 106.0 0.0
34.0 108.0 0.0
34.0 110.0 0.0
34.0 112.0 0.0
34.0 114.0 0.02947912724020951
34.0 116.0 0.1672927275735222
34.0 118.0 0.3209992432643783
34.0 120.0 0.0
34.0 122.0 0.0
34.0 124.0 0.0
34.0 126.0 0.0
36.0 0.0 0.0
36.0 2.0 0.0
36.0 4.0 0.0
36.0 6.0 0.0
36.0 8.0 0.46941945416386655
36.0 10.0 0.4337485546532518
36.0 12.0 0.3102487939859487
36.0 14.0 0.12562849755369462
36.0 16.0 0.002202159893447826
36.0 18.0 0.0
36.0 20.0 0.0
36.0 22.0 0.0
36.0 24.0 0.0
36.0 26.0 0.0
36.0 28.0 0.0018078017683397383
36.0 30.0 0.03241941343992977
36.0 32.0 0.12206411105024466
36.0 34.0 0.22027777349877245
36.0 36.0 0.2567983519369908
36.0 38.0 0.28445673945052014
36.0 40.0 0.3046987184259282
36.0 42.0 0.3207189807555966
36.0 44.0 0.32586688175466194
36.0 46.0 0.32630033883090576
36.0 48.0 0.32177612997718963
36.0 50.0 0.35771137364730965
36.0 52.0 0.3019670077601682
36.0 54.0 0.20432708364372731
36.0 56.0 0.08569752112160367
36.0 58.0 0.011922664365641355
36.0 60.0 0.0
36.0 62.0 0.0
36.0 64.0 0.0
36.0 66.0 0.0
36.0 68.0 0.0
36.0 70.0 0.0
36.0 72.0 0.0
36.0 74.0 0.0
36.0 76.0 0.0
36.0 78.0 0.0021950951642940187
36.0 80.0 0.0785512782001217
36.0 82.0 0.17716137477743887
36.0 84.0 0.248355177090638
36.0 86.0 0.29254341316044824
36.0 88.0 0.3072336016720455
36.0 90.0 0.2616722956755447
36.0 92.0 0.17753204955741728
36.0 94.0 0.056116603447427325
36.0 96.0 7.104857313534931E-4
36.0 98.0 0.0
36.0 100.0 0.0
36.0 102.0 0.0
36.0 104.0 0.0
36.0 106.0 0.0
36.0 108.0 0.0
36.0 110.0 0.0
36.0 112.0 0.011293232320101196
36.0 114.0 0.08384901272447276
36.0 116.0 0.24242928206966854
36.0 118.0 0.3798723993420003
36.0 120.0 0.43584080168479494
36.0 122.0 0.0
36.0 124.0 0.0
36.0 126.0 0.0
38.0 0.0 0.0
38.0 2.0 0.0
38.0 4.0 0.0
38.0 6.0 0.534976709642935
38.0 8.0 0.5027009369419384
38.0 10.0 0.3430639787494016
38.0 12.0 0.15054079934239986
38.0 14.0 0.007351966051343656
38.0 16.0 0.0
38.0 18.0 0.0
38.0 20.0 0.0
38.0 22.0 0.0
38.0 24.0 0.0
38.0 26.0 0.0
38.0 28.0 0.006375628838521277
38.0 30.0 0.04697448354937261
38.0 32.0 0.1522989421777666
38.0 34.0 0.25658198043836183
38.0 36.0 0.2939251375085757
38.0 38.0 0.30403791084243353
38.0 40.0 0.3225368141787502
38.0 42.0 0.3356440746613743
38.0 44.0 0.3379121957027611
38.0 46.0 0.33483071976451734
38.0 48.0 0.32566296597385297
38.0 50.0 0.30725419631370954
38.0 52.0 0.30384866178776426
38.0 54.0 0.2010298240733249
38.0 56.0 0.07902117569443366
38.0 58.0 0.007768393316443563
38.0 60.0 0.0
38.0 62.0 0.0
38.0 64.0 0.0
38.0 66.0 0.0
38.0 68.0 0.0
38.0 70.0 0.0
38.0 72.0 0.0
38.0 74.0 0.0
38.0 76.0 0.0
38.0 78.0 0.0
38.0 80.0 0.035717600312653704
38.0 82.0 0.11805154217435072
38.0 84.0 0.19159656708180303
38.0 86.0 0.23611390655581763
38.0 88.0 0.23369551200010194
38.0 90.0 0.19372994399068408
38.0 92.0 0.12540152139078128
38.0 94.0 0.026536264796032324
38.0 96.0 0.0
38.0 98.0 0.0
38.0 100.0 0.0
38.0 102.0 0.0
38.0 104.0 0.0
38.0 106.0 0.0
38.0 108.0 0.0
38.0 110.0 0.009510249171109852
38.0 112.0 0.050812422986383825
38.0 114.0 0.14258068156262374
38.0 116.0 0.2984729399682835
38.0 118.0 0.4051769925880848
38.0 120.0 0.45193974658095803
38.0 122.0 0.0
38.0 124.0 0.0
38.0 126.0 0.0
40.0 0.0 0.0
40.0 2.0 0.0
40.0 4.0 0.0
40.0 6.0 0.554932051693697
40.0 8.0 0.45715168994887745
40.0 10.0 0.29911696185757414
40.0 12.0 0.0978499655071383
40.0 14.0 9.421791327489841E-4
40.0 16.0 0.0
40.0 18.0 0.0
40.0 20.0 0.0
40.0 22.0 0.0
40.0 24.0 0.0
40.0 26.0 0.0
40.0 28.0 0.01738062377442158
40.0 30.0 0.061583342827192834
40.0 32.0 0.1742635313413593
40.0 34.0 0.282499521594478
40.0 36.0 0.3398561196590246
40.0 38.0 0.3340579805139914
40.0 40.0 0.33678329616971187
40.0 42.0 0.34775424084277756
40.0 44.0 0.34778147569826173
40.0 46.0 0.33871049652972257
40.0 48.0 0.3220304533051003
40.0 50.0 0.29691528321295174
40.0 52.0 0.2623445137920484
40.0 54.0 0.18387443373236687
40.0 56.0 0.06985723003775147
40.0 58.0 0.003512444943755447
40.0 60.0 0.0
40.0 62.0 0.0
40.0 64.0 0.0
40.0 66.0 0.0
40.0 68.0 0.0
40.0 70.0 0.0
40.0 72.0 0.0
40.0 74.0 0.0
40.0 76.0 0.0
40.0 78.0 0.0
40.0 80.0 0.008033209378650895
40.0 82.0 0.06090811478208183
40.0 84.0 0.12591046523725533
40.0 86.0 0.16020236673278185
40.0 88.0 0.15942794447393924
40.0 90.0 0.12221949067401461
40.0 92.0 0.06876530175050467
40.0 94.0 0.0017322322807799744
40.0 96.0 0.0
40.0 98.0 0.0
40.0 100.0 0.0
40.0 102.0 0.0
40.0 104.0 0.0
40.0 106.0 0.0
40.0 108.0 0.010709072065039897
40.0 110.0 0.042881873730048516
40.0 112.0 0.10185662280396839
40.0 114.0 0.20859008489028
40.0 116.0 0.3428022498375732
40.0 118.0 0.42758529966572967
40.0 120.0 0.45615481291588544
40.0 122.0 0.4211274583986735
40.0 124.0 0.0
40.0 126.0 0.0
42.0 0.0 0.0
42.0 2.0 0.0
42.0 4.0 0.518096796052009
42.0 6.0 0.41049814384482924
42.0 8.0 0.30139054136902627
42.0 10.0 0.16368408418942618
42.0 12.0 0.0218530785991506
42.0 14.0 0.0
42.0 16.0 0.0
42.0 18.0 0.0
42.0 20.0 0.0
42.0 22.0 0.0
42.0 24.0 0.0
42.0 26.0 0.0
42.0 28.0 0.024265038564262608
42.0 30.0 0.08133981795736545
42.0 32.0 0.18832687380338142
42.0 34.0 0.29112869065152763
42.0 36.0 0.3560544462890604
42.0 38.0 0.3534082882580012
42.0 40.0 0.3833226365785647
42.0 42.0 0.39417943799097294
42.0 44.0 0.37441679801447525
42.0 46.0 0.33237242294893526
42.0 48.0 0.30833987479301134
42.0 50.0 0.278387364399084
42.0 52.0 0.24565830201542974
42.0 54.0 0.1626267715115236
42.0 56.0 0.05699127659846631
42.0 58.0 1.3147516090268306E-4
42.0 60.0 0.0
42.0 62.0 0.0
42.0 64.0 0.0
42.0 66.0 0.0
42.0 68.0 0.0
42.0 70.0 0.0
42.0 72.0 0.0
42.0 74.0 0.0
42.0 76.0 0.0
42.0 78.0 0.0
42.0 80.0 0.0
42.0 82.0 0.023428302135433694
42.0 84.0 0.05287623911500106
42.0 86.0 0.07717903256049553
42.0 88.0 0.07632576679032611
42.0 90.0 0.04071512253277838
42.0 92.0 0.009189604899656546
42.0 94.0 0.0
42.0 96.0 0.0
42.0 98.0 0.0
42.0 100.0 0.0
42.0 102.0 0.0
42.0 104.0 0.0
42.0 106.0 0.001347936281749176
42.0 108.0 0.027244624349637925
42.0 110.0 0.08317059788219035
42.0 112.0 0.1594177337722224
42.0 114.0 0.2601050446208217
42.0 116.0 0.37850001800572247
42.0 118.0 0.4469756031119005
42.0 120.0 0.46437145802012886
42.0 122.0 0.4156367046486083
42.0 124.0 0.0
42.0 126.0 0.0
44.0 0.0 0.0
44.0 2.0 0.0
44.0 4.0 0.45920300895816024
44.0 6.0 0.3358120949023799
44.0 8.0 0.24126185844064665
44.0 10.0 0.1116314380841759
44.0 12.0 0.007760561723867891
44.0 14.0 0.0
44.0 16.0 0.0
44.0 18.0 0.0
44.0 20.0 0.0
44.0 22.0 0.0
44.0 24.0 0.0
44.0 26.0 0.0
44.0 28.0 0.03013169744522147
44.0 30.0 0.0962494419829782
44.0 32.0 0.1984912573424107
44.0 34.0 0.29467381863579634
44.0 36.0 0.3598316886929403
44.0 38.0 0.4041879332734631
44.0 40.0 0.4266961779018419
44.0 42.0 0.43389924220056625
44.0 44.0 0.36650485029062213
44.0 46.0 0.3168400212242514
44.0 48.0 0.2916357367614219
44.0 50.0 0.256566990737456
44.0 52.0 0.22170674240688934
44.0 54.0 0.12938413202624346
44.0 56.0 0.03857250137160897
44.0 58.0 0.0
44.0 60.0 0.0
44.0 62.0 0.0
44.0 64.0 0.0
44.0 66.0 0.0
44.0 68.0 0.0
44.0 70.0 0.0
44.0 72.0 0.0
44.0 74.0 0.0
44.0 76.0 0.0
44.0 78.0 0.0
44.0 80.0 0.0
44.0 82.0 0.004266867448044069
44.0 84.0 0.015506488305787105
44.0 86.0 0.016458238425792332
44.0 88.0 0.012577430337347734
44.0 90.0 0.0011633087572736677
44.0 92.0 0.0
44.0 94.0 0.0
44.0 96.0 0.0
44.0 98.0 0.0
44.0 100.0 0.0
44.0 102.0 0.0
44.0 104.0 0.0
44.0 106.0 0.008121270497466044
44.0 108.0 0.043158466355629456
44.0 110.0 0.11422103999942963
44.0 112.0 0.20849167645524405
44.0 114.0 0.3054277269706828
44.0 116.0 0.40899325779528434
44.0 118.0 0.4675875653222199
44.0 120.0 0.47865264698594195
44.0 122.0 0.43294189173659475
44.0 124.0 0.0
44.0 126.0 0.0
46.0 0.0 0.0
46.0 2.0 0.0
46.0 4.0 0.3860813185186113
46.0 6.0 0.2519538489463547
46.0 8.0 0.1695545745878293
46.0 10.0 0.05030182575478293
46.0 12.0 0.0
46.0 14.0 0.0
46.0 16.0 0.0
46.0 18.0 0.0
46.0 20.0 0.0
46.0 22.0 0.0
46.0 24.0 0.0
46.0 26.0 0.0
46.0 28.0 0.042471994939428076
46.0 30.0 0.10909576538828399
46.0 32.0 0.20790963387420627
46.0 34.0 0.29318235848709356
46.0 36.0 0.34946792234473834
46.0 38.0 0.38440032183551615
46.0 40.0 0.4029994554357155
46.0 42.0 0.387488519318636
46.0 44.0 0.3214253636635293
46.0 46.0 0.2943332540411152
46.0 48.0 0.26713500870088824
46.0 50.0 0.22748685699579677
46.0 52.0 0.18491504818480217
46.0 54.0 0.08827957633142526
46.0 56.0 0.016155950466010177
46.0 58.0 0.0
46.0 60.0 0.0
46.0 62.0 0.0
46.0 64.0 0.0
46.0 66.0 0.0
46.0 68.0 0.0
46.0 70.0 0.0
46.0 72.0 0.0
46.0 74.0 0.0
46.0 76.0 0.0
46.0 78.0 0.0
46.0 80.0 0.0
46.0 82.0 0.00107313435386168
46.0 84.0 0.004328882903118058
46.0 86.0 0.0022718948387555364
46.0 88.0 6.637677006559806E-4
46.0 90.0 0.0
46.0 92.0 0.0
46.0 94.0 0.0
46.0 96.0 0.0
46.0 98.0 0.0
46.0 100.0 0.0
46.0 102.0 0.0
46.0 104.0 0.0
46.0 106.0 0.004938967455234529
46.0 108.0 0.0504108409101077
46.0 110.0 0.12411253870795963
46.0 112.0 0.23676050217488565
46.0 114.0 0.3447685499983377
46.0 116.0 0.431200999114451
46.0 118.0 0.4854140679871321
46.0 120.0 0.49176309866255075
46.0 122.0 0.4488070778871354
46.0 124.0 0.26153167564997387
46.0 126.0 0.0
48.0 0.0 0.0
48.0 2.0 0.11308593431721696
48.0 4.0 0.14118618019028897
48.0 6.0 0.11918499047278948
48.0 8.0 0.04814242482476013
48.0 10.0 0.0023946882374632794
48.0 12.0 0.0
48.0 14.0 0.0
48.0 16.0 0.0
48.0 18.0 0.0
48.0 20.0 0.0
48.0 22.0 0.0
48.0 24.0 0.0
48.0 26.0 0.006672462554530038
48.0 28.0 0.06310345706721689
48.0 30.0 0.13052240020772918
48.0 32.0 0.21640874520339679
48.0 34.0 0.2887033257705978
48.0 36.0 0.3314200149596174
48.0 38.0 0.3547182805142762
48.0 40.0 0.36692573896344033
48.0 42.0 0.32491616496524545
48.0 44.0 0.2879043259208523
48.0 46.0 0.2664421896547898
48.0 48.0 0.2364291040316282
48.0 50.0 0.20988566673783193
48.0 52.0 0.14582351508146965
48.0 54.0 0.046509921750833384
48.0 56.0 0.0
48.0 58.0 0.0
48.0 60.0 0.0
48.0 62.0 0.0
48.0 64.0 0.0
48.0 66.0 0.0
48.0 68.0 0.0
48.0 70.0 0.0
48.0 72.0 0.0
48.0 74.0 0.0
48.0 76.0 0.0
48.0 78.0 0.0
48.0 80.0 6.136050512350495E-4
48.0 82.0 0.011817121280835459
48.0 84.0 0.015559883207216763
48.0 86.0 0.010489420242633989
48.0 88.0 0.0081533330990692
48.0 90.0 5.149010937430345E-4
48.0 92.0 0.0
48.0 94.0 0.0
48.0 96.0 0.0
48.0 98.0 0.0
48.0 100.0 0.0
48.0 102.0 0.0
48.0 104.0 0.0
48.0 106.0 0.006024406982362197
48.0 108.0 0.0569318494901932
48.0 110.0 0.13974071883122643
48.0 112.0 0.2535289225733239
48.0 114.0 0.36403266366838766
48.0 116.0 0.4429573396839071
48.0 118.0 0.48808567335359365
48.0 120.0 0.49870644707522227
48.0 122.0 0.4585468558911236
48.0 124.0 0.24569041892522578
48.0 126.0 0.0
50.0 0.0 0.0
50.0 2.0 0.04560836617697874
50.0 4.0 0.014351850470310151
50.0 6.0 0.0070254132767162665
50.0 8.0 9.105119745942627E-5
50.0 10.0 0.0
50.0 12.0 0.0
50.0 14.0 0.0
50.0 16.0 0.0
50.0 18.0 0.0
50.0 20.0 0.0
50.0 22.0 0.0
50.0 24.0 0.0
50.0 26.0 0.02391304669198818
50.0 28.0 0.08776210793465977
50.0 30.0 0.16367428315178081
50.0 32.0 0.2276134179982893
50.0 34.0 0.2780501454634663
50.0 36.0 0.3043995814694829
50.0 38.0 0.3188612412180875
50.0 40.0 0.3234368534466298
50.0 42.0 0.2761424782725459
50.0 44.0 0.2519378699459141
50.0 46.0 0.23238052254536865
50.0 48.0 0.2070420636023559
50.0 50.0 0.17398048363495056
50.0 52.0 0.06687526039891373
50.0 54.0 0.00896523540367958
50.0 56.0 0.0
50.0 58.0 0.0
50.0 60.0 0.0
50.0 62.0 0.0
50.0 64.0 0.0
50.0 66.0 0.0
50.0 68.0 0.0
50.0 70.0 0.0
50.0 72.0 0.0
50.0 74.0 0.0
50.0 76.0 3.4250712615668545E-4
50.0 78.0 0.016516443889915536
50.0 80.0 0.02602310797060792
50.0 82.0 0.048304542168607294
50.0 84.0 0.06491026429419355
50.0 86.0 0.04857833996301683
50.0 88.0 0.02636116463308784
50.0 90.0 9.328505674805614E-4
50.0 92.0 0.0
50.0 94.0 0.0
50.0 96.0 0.0
50.0 98.0 0.0
50.0 100.0 0.0
50.0 102.0 0.0
50.0 104.0 0.0
50.0 106.0 0.01101591867241119
50.0 108.0 0.0661823798246714
50.0 110.0 0.15228569305309575
50.0 112.0 0.26310730539611826
50.0 114.0 0.37293480505168725
50.0 116.0 0.43990004162695895
50.0 118.0 0.47951342646040823
50.0 120.0 0.4926169077454481
50.0 122.0 0.4564107082801716
50.0 124.0 0.2406834243849635
50.0 126.0 0.0
52.0 0.0 0.0
52.0 2.0 0.029449861790214565
52.0 4.0 0.0
52.0 6.0 0.0
52.0 8.0 0.0
52.0 10.0 0.0
52.0 12.0 0.0
52.0 14.0 0.0
52.0 16.0 0.0
52.0 18.0 0.0
52.0 20.0 0.0
52.0 22.0 0.0
52.0 24.0 0.0
52.0 26.0 0.05475066707259365
52.0 28.0 0.12320469387604065
52.0 30.0 0.1930065576994081
52.0 32.0 0.23593613143512138
52.0 34.0 0.2657481331184013
52.0 36.0 0.27858853647896065
52.0 38.0 0.27996950209493837
52.0 40.0 0.2689357249750327
52.0 42.0 0.22733215081072636
52.0 44.0 0.2140089956364529
52.0 46.0 0.19054833664890183
52.0 48.0 0.1673955068834885
52.0 50.0 0.08043244805811994
52.0 52.0 0.015323615284316257
52.0 54.0 0.0
52.0 56.0 0.0
52.0 58.0 0.0
52.0 60.0 0.0
52.0 62.0 0.0
52.0 64.0 0.0
52.0 66.0 0.0
52.0 68.0 0.0
52.0 70.0 0.0
52.0 72.0 0.0
52.0 74.0 0.0
52.0 76.0 0.01856865625515999
52.0 78.0 0.05116958984542897
52.0 80.0 0.09182566987498819
52.0 82.0 0.12604371709688564
52.0 84.0 0.15413350395846379
52.0 86.0 0.15104366625948332
52.0 88.0 0.11132951857597774
52.0 90.0 0.03579678606935529
52.0 92.0 0.0
52.0 94.0 0.0
52.0 96.0 0.0
52.0 98.0 0.0
52.0 100.0 0.0
52.0 102.0 0.0
52.0 104.0 0.0
52.0 106.0 0.0
52.0 108.0 0.04381949385751169
52.0 110.0 0.1285339491403095
52.0 112.0 0.23131922186883877
52.0 114.0 0.34949058537450955
52.0 116.0 0.4282296723489405
52.0 118.0 0.46200917154074556
52.0 120.0 0.4693888501654375
52.0 122.0 0.4342580566513392
52.0 124.0 0.2400793201133958
52.0 126.0 0.0
54.0 0.0 0.0
54.0 2.0 0.027371732761585322
54.0 4.0 0.0
54.0 6.0 0.0
54.0 8.0 0.0
54.0 10.0 0.0
54.0 12.0 0.0
54.0 14.0 0.0
54.0 16.0 0.0
54.0 18.0 0.0
54.0 20.0 0.0
54.0 22.0 0.0
54.0 24.0 0.023459061569860815
54.0 26.0 0.0965810331880983
54.0 28.0 0.16432042695754412
54.0 30.0 0.21722272277318008
54.0 32.0 0.2443306439720597
54.0 34.0 0.2567595710170458
54.0 36.0 0.2559216964232895
54.0 38.0 0.2458617390901754
54.0 40.0 0.21973870881967753
54.0 42.0 0.18433833241611655
54.0 44.0 0.16817414394650532
54.0 46.0 0.14623179000450512
54.0 48.0 0.08479702608715341
54.0 50.0 0.013570189187722952
54.0 52.0 0.0
54.0 54.0 0.0
54.0 56.0 0.0
54.0 58.0 0.0
54.0 60.0 0.0
54.0 62.0 0.0
54.0 64.0 0.0
54.0 66.0 0.0
54.0 68.0 0.0
54.0 70.0 0.0
54.0 72.0 0.0
54.0 74.0 0.0011647228763371662
54.0 76.0 0.06699259677925425
54.0 78.0 0.11958074349619842
54.0 80.0 0.16481803688286403
54.0 82.0 0.1975092458878407
54.0 84.0 0.22048155190772836
54.0 86.0 0.2524710760943491
54.0 88.0 0.20979373325305883
54.0 90.0 0.12258401256763903
54.0 92.0 0.018336919083788646
54.0 94.0 0.0
54.0 96.0 0.0
54.0 98.0 0.0
54.0 100.0 0.0
54.0 102.0 0.0
54.0 104.0 0.0
54.0 106.0 0.0
54.0 108.0 0.006476719218278615
54.0 110.0 0.07881327685759915
54.0 112.0 0.20976384470480025
54.0 114.0 0.3282519640600116
54.0 116.0 0.4030437769075474
54.0 118.0 0.43221659147554586
54.0 120.0 0.4348950837146934
54.0 122.0 0.4131582467898867
54.0 124.0 0.24775819272398072
54.0 126.0 0.04565236436974126
56.0 0.0 0.0
56.0 2.0 0.0
56.0 4.0 0.0
56.0 6.0 0.0
56.0 8.0 0.0
56.0 10.0 0.0
56.0 12.0 0.0
56.0 14.0 0.0
56.0 16.0 0.0
56.0 18.0 0.0
56.0 20.0 0.0
56.0 22.0 0.013491430729431873
56.0 24.0 0.0696429867088677
56.0 26.0 0.14852379025987628
56.0 28.0 0.2060644540978548
56.0 30.0 0.2415653416186799
56.0 32.0 0.25285726817370335
56.0 34.0 0.24852855529829632
56.0 36.0 0.232424963647036
56.0 38.0 0.2073131771022393
56.0 40.0 0.15716650701758203
56.0 42.0 0.1379005437159606
56.0 44.0 0.11370343274198685
56.0 46.0 0.08260197398267875
56.0 48.0 0.009368616807527921
56.0 50.0 0.0
56.0 52.0 0.0
56.0 54.0 0.0
56.0 56.0 0.0
56.0 58.0 0.0
56.0 60.0 0.0
56.0 62.0 0.0
56.0 64.0 0.0
56.0 66.0 0.0
56.0 68.0 0.0
56.0 70.0 0.0
56.0 72.0 0.0
56.0 74.0 0.031124097602951904
56.0 76.0 0.12453932589814531
56.0 78.0 0.18706305249327684
56.0 80.0 0.23758079563713594
56.0 82.0 0.27177699106637815
56.0 84.0 0.2848267963273449
56.0 86.0 0.3076977748171186
56.0 88.0 0.29182313290834166
56.0 90.0 0.1946032626223304
56.0 92.0 0.05525573732449739
56.0 94.0 0.0012195826308616503
56.0 96.0 0.0
56.0 98.0 0.0
56.0 100.0 0.0
56.0 102.0 0.0
56.0 104.0 0.0
56.0 106.0 0.0
56.0 108.0 0.0
56.0 110.0 0.0024211169861647432
56.0 112.0 0.10023779038694375
56.0 114.0 0.24571924177868273
56.0 116.0 0.34506101820280705
56.0 118.0 0.3898244269929618
56.0 120.0 0.38916365889630966
56.0 122.0 0.378930896017561
56.0 124.0 0.2479660531544121
56.0 126.0 0.048002529714826735
58.0 0.0 0.0
58.0 2.0 0.0
58.0 4.0 0.0
58.0 6.0 0.0
58.0 8.0 0.0
58.0 10.0 0.0
58.0 12.0 0.0
58.0 14.0 0.0
58.0 16.0 0.0
58.0 18.0 0.0
58.0 20.0 0.011106949842060856
58.0 22.0 0.0664228240706532
58.0 24.0 0.14554678670487922
58.0 26.0 0.21378087821679323
58.0 28.0 0.2565079283414786
58.0 30.0 0.2700086825736012
58.0 32.0 0.26078691627085854
58.0 34.0 0.23742506062824717
58.0 36.0 0.20056227204953916
58.0 38.0 0.1517896652432722
58.0 40.0 0.10718828424528108
58.0 42.0 0.08133434932004542
58.0 44.0 0.05086647093848364
58.0 46.0 0.013440468022899233
58.0 48.0 0.0
58.0 50.0 0.0
58.0 52.0 0.0
58.0 54.0 0.0
58.0 56.0 0.0
58.0 58.0 0.0
58.0 60.0 0.0
58.0 62.0 0.0
58.0 64.0 0.0
58.0 66.0 0.0
58.0 68.0 0.0
58.0 70.0 0.0
58.0 72.0 0.013057889479467788
58.0 74.0 0.09932587123512332
58.0 76.0 0.18992156112702419
58.0 78.0 0.26215931546900484
58.0 80.0 0.3141556796295152
58.0 82.0 0.33006103372426077
58.0 84.0 0.3336962493717075
58.0 86.0 0.4078318477832273
58.0 88.0 0.35510206712920706
58.0 90.0 0.24414129363507542
58.0 92.0 0.08553225590215364
58.0 94.0 0.008198118261155884
58.0 96.0 0.0
58.0 98.0 0.0
58.0 100.0 0.0
58.0 102.0 0.0
58.0 104.0 0.0
58.0 106.0 0.0
58.0 108.0 0.0
58.0 110.0 0.0
58.0 112.0 0.002151155953119316
58.0 114.0 0.10971612542416553
58.0 116.0 0.24314521084914822
58.0 118.0 0.3153340018512527
58.0 120.0 0.32665717118773774
58.0 122.0 0.3312469092282084
58.0 124.0 0.2363090506483649
58.0 126.0 0.046964250856325135
60.0 0.0 0.0
60.0 2.0 0.0
60.0 4.0 0.0
60.0 6.0 0.0
60.0 8.0 0.0
60.0 10.0 0.0
60.0 12.0 0.0
60.0 14.0 0.0
60.0 16.0 0.003867991195631928
60.0 18.0 0.017159982420266177
60.0 20.0 0.07435154592006545
60.0 22.0 0.16332984382024304
60.0 24.0 0.24649009351796625
60.0 26.0 0.2949127596060283
60.0 28.0 0.30461849794453416
60.0 30.0 0.29120635790224264
60.0 32.0 0.2597546811519592
60.0 34.0 0.21111551663405773
60.0 36.0 0.14664155968107564
60.0 38.0 0.07646586730090779
60.0 40.0 0.04821272525501593
60.0 42.0 0.01205596475172836
60.0 44.0 0.0
60.0 46.0 0.0
60.0 48.0 0.0
60.0 50.0 0.0
60.0 52.0 0.0
60.0 54.0 0.0
60.0 56.0 0.0
60.0 58.0 0.0
60.0 60.0 0.0
60.0 62.0 0.0
60.0 64.0 0.0
60.0 66.0 0.0
60.0 68.0 0.0
60.0 70.0 0.018903103973866485
60.0 72.0 0.08303383745635379
60.0 74.0 0.19022386910792635
60.0 76.0 0.26138491872159525
60.0 78.0 0.33792357698942416
60.0 80.0 0.3733654597417862
60.0 82.0 0.38453488189930796
60.0 84.0 0.39268371532305396
60.0 86.0 0.4580682559805113
60.0 88.0 0.39943641710760486
60.0 90.0 0.27496082238825353
60.0 92.0 0.10132476716440487
60.0 94.0 0.013767502358736446
60.0 96.0 0.0
60.0 98.0 0.0
60.0 100.0 0.0
60.0 102.0 0.0
60.0 104.0 0.0
60.0 106.0 0.0
60.0 108.0 0.0
60.0 110.0 0.0
60.0 112.0 0.0
60.0 114.0 0.010463027762403446
60.0 116.0 0.10567270562546548
60.0 118.0 0.18905887791572537
60.0 120.0 0.24490441919712982
60.0 122.0 0.28695266046889545
60.0 124.0 0.22508041170217116
60.0 126.0 0.053718900573949124
62.0 0.0 0.0
62.0 2.0 0.0
62.0 4.0 0.0
62.0 6.0 0.0
62.0 8.0 0.0
62.0 10.0 0.0
62.0 12.0 0.0
62.0 14.0 0.0
62.0 16.0 0.020897267651853037
62.0 18.0 0.06851890838270769
62.0 20.0 0.1609755798011644
62.0 22.0 0.2579756087853035
62.0 24.0 0.32367880979498587
62.0 26.0 0.3460218461260038
62.0 28.0 0.3390297815980032
62.0 30.0 0.3056394923992503
62.0 32.0 0.24837067303131855
62.0 34.0 0.1661025413942001
62.0 36.0 0.0652896302881091
62.0 38.0 0.02115362424536621
62.0 40.0 7.50153071015318E-4
62.0 42.0 0.0
62.0 44.0 0.0
62.0 46.0 0.0
62.0 48.0 0.0
62.0 50.0 0.0
62.0 52.0 0.0
62.0 54.0 0.0
62.0 56.0 0.0
62.0 58.0 0.0
62.0 60.0 0.0
62.0 62.0 0.0
62.0 64.0 0.0
62.0 66.0 0.0
62.0 68.0 0.0030777622256916736
62.0 70.0 0.04437488562233844
62.0 72.0 0.13017465168859968
62.0 74.0 0.23910813589893867
62.0 76.0 0.3424039492784549
62.0 78.0 0.4281200437496646
62.0 80.0 0.4873314459239788
62.0 82.0 0.517835581085489
62.0 84.0 0.5187562849616573
62.0 86.0 0.4863089185851932
62.0 88.0 0.41156332339503904
62.0 90.0 0.2813642578061837
62.0 92.0 0.10650676660193496
62.0 94.0 0.01473419964031121
62.0 96.0 0.0
62.0 98.0 0.0
62.0 100.0 0.0
62.0 102.0 0.0
62.0 104.0 0.0
62.0 106.0 0.0
62.0 108.0 0.0
62.0 110.0 0.0
62.0 112.0 0.0
62.0 114.0 0.0
62.0 116.0 0.03325429377572229
62.0 118.0 0.11540372268680392
62.0 120.0 0.18993402519471528
62.0 122.0 0.2363525256597678
62.0 124.0 0.2145784941438453
62.0 126.0 0.07503402688804493
64.0 0.0 0.0
64.0 2.0 0.0
64.0 4.0 0.0
64.0 6.0 0.0
64.0 8.0 0.0
64.0 10.0 0.0
64.0 12.0 0.0
64.0 14.0 0.007763822042564578
64.0 16.0 0.058122178457021965
64.0 18.0 0.14715600608426205
64.0 20.0 0.2564154757233002
64.0 22.0 0.3415940209312951
64.0 24.0 0.3827041078075954
64.0 26.0 0.3893054271674857
64.0 28.0 0.3674871210312535
64.0 30.0 0.3125125421319795
64.0 32.0 0.22384284328091053
64.0 34.0 0.10438895249041037
64.0 36.0 0.026702356348825663
64.0 38.0 5.601197633327057E-4
64.0 40.0 0.0
64.0 42.0 0.0
64.0 44.0 0.0
64.0 46.0 0.0
64.0 48.0 0.0
64.0 50.0 0.0
64.0 52.0 0.0
64.0 54.0 0.0
64.0 56.0 0.0
64.0 58.0 0.0
64.0 60.0 0.0
64.0 62.0 0.0
64.0 64.0 0.0
64.0 66.0 6.549262861204431E-4
64.0 68.0 0.020324548323283884
64.0 70.0 0.07747322239749654
64.0 72.0 0.17365094861215435
64.0 74.0 0.28461194157286734
64.0 76.0 0.390373538906638
64.0 78.0 0.473948974180395
64.0 80.0 0.5286850712936967
64.0 82.0 0.554234535405423
64.0 84.0 0.5502417093428617
64.0 86.0 0.5257551339918944
64.0 88.0 0.4470114324783663
64.0 90.0 0.2809269282237184
64.0 92.0 0.09847978096227782
64.0 94.0 0.00916073606058515
64.0 96.0 0.0
64.0 98.0 0.0
64.0 100.0 0.0
64.0 102.0 0.0
64.0 104.0 0.0
64.0 106.0 0.0
64.0 108.0 0.0
64.0 110.0 0.0
64.0 112.0 0.0
64.0 114.0 0.0
64.0 116.0 0.006242621574710903
64.0 118.0 0.06500929543207741
64.0 120.0 0.1458279038569669
64.0 122.0 0.20039485491682443
64.0 124.0 0.21266625485957769
64.0 126.0 0.15705962848828373
66.0 0.0 0.0
66.0 2.0 0.008428251710931398
66.0 4.0 0.0
66.0 6.0 0.0
66.0 8.0 0.0
66.0 10.0 0.0
66.0 12.0 0.0
66.0 14.0 0.028010792548270935
66.0 16.0 0.11524190888299568
66.0 18.0 0.23625517643574515
66.0 20.0 0.339766347081788
66.0 22.0 0.40349899810826945
66.0 24.0 0.42766199746999445
66.0 26.0 0.42267622178265957
66.0 28.0 0.3855719687325569
66.0 30.0 0.30754438958065794
66.0 32.0 0.18277837372680308
66.0 34.0 0.06914447742955854
66.0 36.0 0.012266728509710993
66.0 38.0 0.0
66.0 40.0 0.0
66.0 42.0 0.0
66.0 44.0 0.0
66.0 46.0 0.0
66.0 48.0 0.0
66.0 50.0 0.0
66.0 52.0 0.0
66.0 54.0 0.0
66.0 56.0 0.0
66.0 58.0 0.0
66.0 60.0 0.0
66.0 62.0 0.0
66.0 64.0 0.0
66.0 66.0 0.010036072555067452
66.0 68.0 0.04088517424032485
66.0 70.0 0.10776749390700517
66.0 72.0 0.19997541336962107
66.0 74.0 0.3054151055381377
66.0 76.0 0.4042631779330739
66.0 78.0 0.4810781074099628
66.0 80.0 0.5382829140281388
66.0 82.0 0.5775743911625981
66.0 84.0 0.5923076005288309
66.0 86.0 0.5568499388933993
66.0 88.0 0.45244538068201723
66.0 90.0 0.256346184143598
66.0 92.0 0.08538363720532831
66.0 94.0 0.001949237173620284
66.0 96.0 0.0
66.0 98.0 0.0
66.0 100.0 0.0
66.0 102.0 0.0
66.0 104.0 0.0
66.0 106.0 0.0
66.0 108.0 0.0
66.0 110.0 0.0
66.0 112.0 0.0
66.0 114.0 0.0
66.0 116.0 0.0
66.0 118.0 0.040318909890713316
66.0 120.0 0.11775252000312653
66.0 122.0 0.17318816253939043
66.0 124.0 0.2133891740731058
66.0 126.0 0.21744494403486359
68.0 0.0 0.0
68.0 2.0 0.01481626052717637
68.0 4.0 0.0
68.0 6.0 0.0
68.0 8.0 0.0
68.0 10.0 0.0
68.0 12.0 9.449128322818807E-5
68.0 14.0 0.06782623204273704
68.0 16.0 0.2003256524657828
68.0 18.0 0.32573597563702045
68.0 20.0 0.3316236535786062
68.0 22.0 0.38258895584169106
68.0 24.0 0.42937782947104447
68.0 26.0 0.4405903323104508
68.0 28.0 0.3924130701072032
68.0 30.0 0.29389888824851146
68.0 32.0 0.14637700749861832
68.0 34.0 0.04719569753517397
68.0 36.0 0.004206249868370403
68.0 38.0 0.0
68.0 40.0 0.0
68.0 42.0 0.0
68.0 44.0 0.0
68.0 46.0 0.0
68.0 48.0 0.0
68.0 50.0 0.0
68.0 52.0 0.0
68.0 54.0 0.0
68.0 56.0 0.0
68.0 58.0 0.0
68.0 60.0 0.0
68.0 62.0 0.0
68.0 64.0 2.1847463500768922E-4
68.0 66.0 0.01886338978755157
68.0 68.0 0.05734875548673485
68.0 70.0 0.1294776345382219
68.0 72.0 0.22082857570805062
68.0 74.0 0.3232905684194122
68.0 76.0 0.4172807529033524
68.0 78.0 0.5221385574094685
68.0 80.0 0.6025081582793245
68.0 82.0 0.6170429308245063
68.0 84.0 0.605979257992109
68.0 86.0 0.5675844416944332
68.0 88.0 0.44005714710082366
68.0 90.0 0.2196447137550732
68.0 92.0 0.06727630968298445
68.0 94.0 0.0
68.0 96.0 0.0
68.0 98.0 0.0
68.0 100.0 0.0
68.0 102.0 0.0
68.0 104.0 0.0
68.0 106.0 0.0
68.0 108.0 0.0
68.0 110.0 0.0
68.0 112.0 0.0
68.0 114.0 0.0
68.0 116.0 0.0
68.0 118.0 0.03478530816743672
68.0 120.0 0.09198220965811332
68.0 122.0 0.14799112621024638
68.0 124.0 0.21335804364066072
68.0 126.0 0.23773210099102512
70.0 0.0 0.0
70.0 2.0 0.019692321698513284
70.0 4.0 0.0
70.0 6.0 0.0
70.0 8.0 0.0
70.0 10.0 0.0
70.0 12.0 0.02960112276477173
70.0 14.0 0.14744884692061547
70.0 16.0 0.2627269069616062
70.0 18.0 0.342995647224297
70.0 20.0 0.3924918217569491
70.0 22.0 0.4427276595187199
70.0 24.0 0.4674936863933914
70.0 26.0 0.4543728788821229
70.0 28.0 0.3928667500061683
70.0 30.0 0.2652327677006745
70.0 32.0 0.11399746118093479
70.0 34.0 0.02800738033866194
70.0 36.0 0.0
70.0 38.0 0.0
70.0 40.0 0.0
70.0 42.0 0.0
70.0 44.0 0.0
70.0 46.0 0.0
70.0 48.0 0.0
70.0 50.0 0.0
70.0 52.0 0.0
70.0 54.0 0.0
70.0 56.0 0.0
70.0 58.0 0.0
70.0 60.0 0.0
70.0 62.0 0.0
70.0 64.0 0.004965628008675185
70.0 66.0 0.027660310668241025
70.0 68.0 0.07487175563008415
70.0 70.0 0.1472160219985156
70.0 72.0 0.23866389114136974
70.0 74.0 0.3372887194337957
70.0 76.0 0.45501178599337483
70.0 78.0 0.5670238350773319
70.0 80.0 0.607340205326688
70.0 82.0 0.6184618432983894
70.0 84.0 0.60440407736524
70.0 86.0 0.5584347048276349
70.0 88.0 0.40694545593863946
70.0 90.0 0.17693952612138594
70.0 92.0 0.04167415974189684
70.0 94.0 0.0
70.0 96.0 0.0
70.0 98.0 0.0
70.0 100.0 0.0
70.0 102.0 0.0
70.0 104.0 0.0
70.0 106.0 0.0
70.0 108.0 0.0
70.0 110.0 0.0
70.0 112.0 0.0
70.0 114.0 0.0
70.0 116.0 0.0
70.0 118.0 0.026460874132275335
70.0 120.0 0.07898449668543295
70.0 122.0 0.1370424738264686
70.0 124.0 0.2040810518878403
70.0 126.0 0.23531348084864886
72.0 0.0 0.0
72.0 2.0 0.025448088173120997
72.0 4.0 0.0
72.0 6.0 0.0
72.0 8.0 0.0
72.0 10.0 0.02772048729943891
72.0 12.0 0.10045423772524258
72.0 14.0 0.26073451670119663
72.0 16.0 0.33739559568061644
72.0 18.0 0.39463719842725625
72.0 20.0 0.468587264768241
72.0 22.0 0.5011321777124859
72.0 24.0 0.5040936294916967
72.0 26.0 0.4739392498392345
72.0 28.0 0.3949872087545699
72.0 30.0 0.2398302016564802
72.0 32.0 0.08865384115639179
72.0 34.0 0.01752340441740897
72.0 36.0 0.0
72.0 38.0 0.0
72.0 40.0 0.0
72.0 42.0 0.0
72.0 44.0 0.0
72.0 46.0 0.0
72.0 48.0 0.0
72.0 50.0 0.0
72.0 52.0 0.0
72.0 54.0 0.0
72.0 56.0 0.0
72.0 58.0 0.0
72.0 60.0 0.0
72.0 62.0 0.0
72.0 64.0 0.01142924232468412
72.0 66.0 0.037398300486494264
72.0 68.0 0.08698269275529658
72.0 70.0 0.16081669020895376
72.0 72.0 0.25574924529869497
72.0 74.0 0.3538897205736662
72.0 76.0 0.47164509637262303
72.0 78.0 0.5757434859483194
72.0 80.0 0.614046548405985
72.0 82.0 0.6198514386897208
72.0 84.0 0.5868495619708609
72.0 86.0 0.5175800069739974
72.0 88.0 0.34624621657411936
72.0 90.0 0.1293184591302867
72.0 92.0 0.013917247768470045
72.0 94.0 0.0
72.0 96.0 0.0
72.0 98.0 0.0
72.0 100.0 0.0
72.0 102.0 0.0
72.0 104.0 0.0
72.0 106.0 0.0
72.0 108.0 0.0
72.0 110.0 0.0
72.0 112.0 0.0
72.0 114.0 0.0
72.0 116.0 0.0
72.0 118.0 0.03133565338776897
72.0 120.0 0.08128893875139599
72.0 122.0 0.13374223144405042
72.0 124.0 0.20244647628595158
72.0 126.0 0.2437368877315911
74.0 0.0 0.0
74.0 2.0 0.03374523609696235
74.0 4.0 0.0
74.0 6.0 0.008446941261771866
74.0 8.0 0.03824189814345133
74.0 10.0 0.10792866238116845
74.0 12.0 0.22211278442085394
74.0 14.0 0.3657320376692897
74.0 16.0 0.4008871290570161
74.0 18.0 0.4820669720263062
74.0 20.0 0.4776185682399721
74.0 22.0 0.5101389616250497
74.0 24.0 0.5138677039334645
74.0 26.0 0.4764818248720791
74.0 28.0 0.3439613582608876
74.0 30.0 0.19990328885773215
74.0 32.0 0.06561166606778374
74.0 34.0 0.005356270713537857
74.0 36.0 0.0
74.0 38.0 0.0
74.0 40.0 0.0
74.0 42.0 0.0
74.0 44.0 0.0
74.0 46.0 0.0
74.0 48.0 0.0
74.0 50.0 0.0
74.0 52.0 0.0
74.0 54.0 0.0
74.0 56.0 0.0
74.0 58.0 0.0
74.0 60.0 0.0
74.0 62.0 0.0
74.0 64.0 0.017261242496589918
74.0 66.0 0.04391697989060355
74.0 68.0 0.09456801070898013
74.0 70.0 0.17252511918133676
74.0 72.0 0.2693152968897983
74.0 74.0 0.3647610758097477
74.0 76.0 0.44289414262549753
74.0 78.0 0.5241264623183218
74.0 80.0 0.5841284494790685
74.0 82.0 0.5848167964518672
74.0 84.0 0.540430311882121
74.0 86.0 0.4567498782743844
74.0 88.0 0.25533342371368145
74.0 90.0 0.08313906062394527
74.0 92.0 0.0
74.0 94.0 0.0
74.0 96.0 0.0
74.0 98.0 0.0
74.0 100.0 0.0
74.0 102.0 0.0
74.0 104.0 0.0
74.0 106.0 0.0
74.0 108.0 0.0
74.0 110.0 0.0
74.0 112.0 0.0
74.0 114.0 0.0
74.0 116.0 0.008159019639490698
74.0 118.0 0.0471071613225747
74.0 120.0 0.09641106863240329
74.0 122.0 0.1450194770469483
74.0 124.0 0.21205732177978154
74.0 126.0 0.25295531134201804
76.0 0.0 0.0
76.0 2.0 0.06865321241787897
76.0 4.0 0.04849576039462409
76.0 6.0 0.07686984103498723
76.0 8.0 0.12319317401682132
76.0 10.0 0.20517492526136727
76.0 12.0 0.3430823489370766
76.0 14.0 0.4150943919349335
76.0 16.0 0.4580397349766177
76.0 18.0 0.5076462565766432
76.0 20.0 0.4791762937960351
76.0 22.0 0.5089015911621628
76.0 24.0 0.5007918041612215
76.0 26.0 0.412564121292305
76.0 28.0 0.31812290898958084
76.0 30.0 0.17257902939037298
76.0 32.0 0.047411098542245546
76.0 34.0 0.0
76.0 36.0 0.0
76.0 38.0 0.0
76.0 40.0 0.0
76.0 42.0 0.0
76.0 44.0 0.0
76.0 46.0 0.0
76.0 48.0 0.0
76.0 50.0 0.0
76.0 52.0 0.0
76.0 54.0 0.0
76.0 56.0 0.0
76.0 58.0 0.0
76.0 60.0 0.0
76.0 62.0 0.0
76.0 64.0 0.02330379212076845
76.0 66.0 0.050330757076499116
76.0 68.0 0.10258496705261633
76.0 70.0 0.17901841555795195
76.0 72.0 0.2742698917880398
76.0 74.0 0.3585766648330153
76.0 76.0 0.4280202895929255
76.0 78.0 0.4736508353861293
76.0 80.0 0.49058179068026614
76.0 82.0 0.47511821566717866
76.0 84.0 0.46787838483044575
76.0 86.0 0.3811107371109583
76.0 88.0 0.16717778541237713
76.0 90.0 0.038747876704009414
76.0 92.0 0.0
76.0 94.0 0.0
76.0 96.0 0.0
76.0 98.0 0.0
76.0 100.0 0.0
76.0 102.0 0.0
76.0 104.0 0.0
76.0 106.0 0.0
76.0 108.0 0.0
76.0 110.0 0.0
76.0 112.0 0.0
76.0 114.0 0.005884980693827203
76.0 116.0 0.03220513403437845
76.0 118.0 0.07492736303105053
76.0 120.0 0.12520057769203397
76.0 122.0 0.1714212923726602
76.0 124.0 0.23254335857918373
76.0 126.0 0.0
78.0 0.0 0.0
78.0 2.0 0.20523464301068173
78.0 4.0 0.1672942027894493
78.0 6.0 0.1806743419344183
78.0 8.0 0.22262584947531158
78.0 10.0 0.3012994097301768
78.0 12.0 0.4013019725581835
78.0 14.0 0.4584462857169811
78.0 16.0 0.48065135727060876
78.0 18.0 0.5044283586102871
78.0 20.0 0.4799509714992855
78.0 22.0 0.5054848310582151
78.0 24.0 0.4811823289993
78.0 26.0 0.3913341253314222
78.0 28.0 0.29274904141404917
78.0 30.0 0.13788985368074524
78.0 32.0 0.03214378426239234
78.0 34.0 0.0
78.0 36.0 0.0
78.0 38.0 0.0
78.0 40.0 0.0
78.0 42.0 0.0
78.0 44.0 0.0
78.0 46.0 0.0
78.0 48.0 0.0
78.0 50.0 0.0
78.0 52.0 0.0
78.0 54.0 0.0
78.0 56.0 0.0
78.0 58.0 0.0
78.0 60.0 0.0
78.0 62.0 0.005335692437755144
78.0 64.0 0.027783675783872083
78.0 66.0 0.057414614638023685
78.0 68.0 0.1063498100982941
78.0 70.0 0.17628862985192448
78.0 72.0 0.26327252057324085
78.0 74.0 0.3412701998260265
78.0 76.0 0.39295153115545506
78.0 78.0 0.4109385948668063
78.0 80.0 0.4076147168484076
78.0 82.0 0.38207662733869246
78.0 84.0 0.3639402490988249
78.0 86.0 0.26666966161916195
78.0 88.0 0.08871900207871324
78.0 90.0 0.0032695048795014707
78.0 92.0 0.0
78.0 94.0 0.0
78.0 96.0 0.0
78.0 98.0 0.0
78.0 100.0 0.0
78.0 102.0 0.0
78.0 104.0 0.0
78.0 106.0 0.0
78.0 108.0 0.0
78.0 110.0 0.0
78.0 112.0 0.002451571135274581
78.0 114.0 0.031956586436961025
78.0 116.0 0.06925858669657657
78.0 118.0 0.11402635990131925
78.0 120.0 0.1608650548398776
78.0 122.0 0.2072643070690876
78.0 124.0 0.26201345465943543
78.0 126.0 0.0
80.0 0.0 0.0
80.0 2.0 0.0
80.0 4.0 0.3278531067213236
80.0 6.0 0.3084329649885944
80.0 8.0 0.3028988099355766
80.0 10.0 0.3500522891605035
80.0 12.0 0.4161447799114424
80.0 14.0 0.45591580727687325
80.0 16.0 0.4776888812642361
80.0 18.0 0.48313955610590126
80.0 20.0 0.4703221940466737
80.0 22.0 0.49164234659633826
80.0 24.0 0.45511727511294
80.0 26.0 0.36238457915607647
80.0 28.0 0.255427514341756
80.0 30.0 0.11264601719016816
80.0 32.0 0.015891923943520996
80.0 34.0 0.0
80.0 36.0 0.0
80.0 38.0 0.0
80.0 40.0 0.0
80.0 42.0 0.0
80.0 44.0 0.0
80.0 46.0 0.0
80.0 48.0 0.0
80.0 50.0 0.0
80.0 52.0 0.0
80.0 54.0 0.0
80.0 56.0 0.0
80.0 58.0 0.0037642215919063884
80.0 60.0 0.00942619344683183
80.0 62.0 0.026303321155922998
80.0 64.0 0.04402944387284622
80.0 66.0 0.07138588570751474
80.0 68.0 0.10951846787752913
80.0 70.0 0.16453710864758261
80.0 72.0 0.2278458474913555
80.0 74.0 0.2835561237392305
80.0 76.0 0.3031986060484427
80.0 78.0 0.30895436768457246
80.0 80.0 0.30911898668984134
80.0 82.0 0.3145624465959063
80.0 84.0 0.2950503994902321
80.0 86.0 0.1328146517243419
80.0 88.0 0.020599619446000726
80.0 90.0 0.0
80.0 92.0 0.0
80.0 94.0 0.0
80.0 96.0 0.0
80.0 98.0 0.0
80.0 100.0 0.0
80.0 102.0 0.0
80.0 104.0 0.0
80.0 106.0 0.0
80.0 108.0 0.0
80.0 110.0 0.001262606281089333
80.0 112.0 0.025310749364249596
80.0 114.0 0.06522860658281486
80.0 116.0 0.10978027696558036
80.0 118.0 0.15002032938340856
80.0 120.0 0.19713933242085743
80.0 122.0 0.2437003050348445
80.0 124.0 0.2827552705705428
80.0 126.0 0.0
82.0 0.0 0.0
82.0 2.0 0.0
82.0 4.0 0.3828030030559129
82.0 6.0 0.35521052536739833
82.0 8.0 0.3060169644480344
82.0 10.0 0.32063374329785327
82.0 12.0 0.3676201107948907
82.0 14.0 0.41862778141765594
82.0 16.0 0.4177158837228309
82.0 18.0 0.4321001712011576
82.0 20.0 0.45406656751182406
82.0 22.0 0.4588920641914946
82.0 24.0 0.404913121206882
82.0 26.0 0.3137293604452946
82.0 28.0 0.20020153731123713
82.0 30.0 0.06708176981222047
82.0 32.0 0.002138860726820817
82.0 34.0 0.0
82.0 36.0 0.0
82.0 38.0 0.0
82.0 40.0 0.0
82.0 42.0 0.0
82.0 44.0 0.0
82.0 46.0 0.0
82.0 48.0 0.0
82.0 50.0 0.0
82.0 52.0 0.0
82.0 54.0 0.0
82.0 56.0 0.01426465301537846
82.0 58.0 0.028920845956263333
82.0 60.0 0.03455482690406812
82.0 62.0 0.04847631786504625
82.0 64.0 0.05925986413443717
82.0 66.0 0.07574794586352718
82.0 68.0 0.10055890474595769
82.0 70.0 0.13392816712785457
82.0 72.0 0.17149093763018874
82.0 74.0 0.20439977118352884
82.0 76.0 0.22667477388955362
82.0 78.0 0.24134494263240128
82.0 80.0 0.23921724941040393
82.0 82.0 0.25030268310090514
82.0 84.0 0.1782092917717638
82.0 86.0 0.043658928134739795
82.0 88.0 0.0
82.0 90.0 0.0
82.0 92.0 0.0
82.0 94.0 0.0
82.0 96.0 0.0
82.0 98.0 0.0
82.0 100.0 0.0
82.0 102.0 0.0
82.0 104.0 0.0
82.0 106.0 0.0
82.0 108.0 0.0
82.0 110.0 0.02326000334051548
82.0 112.0 0.05751283551164168
82.0 114.0 0.11458952028804925
82.0 116.0 0.15108722918606166
82.0 118.0 0.18293602583979093
82.0 120.0 0.22979873419312888
82.0 122.0 0.27026373362402883
82.0 124.0 0.286544940555895
82.0 126.0 0.0
84.0 0.0 0.0
84.0 2.0 0.0
84.0 4.0 0.3774783289225288
84.0 6.0 0.29786400418949444
84.0 8.0 0.23671907477624085
84.0 10.0 0.23561700491037726
84.0 12.0 0.2671551690501442
84.0 14.0 0.31441517789809353
84.0 16.0 0.35231382017572604
84.0 18.0 0.36036095122516915
84.0 20.0 0.3637122163348036
84.0 22.0 0.3445011120248435
84.0 24.0 0.28769323426846527
84.0 26.0 0.2250668186585489
84.0 28.0 0.13069065558938345
84.0 30.0 0.035152990314238394
84.0 32.0 0.0
84.0 34.0 0.0
84.0 36.0 0.0
84.0 38.0 0.0
84.0 40.0 0.0
84.0 42.0 0.0
84.0 44.0 0.0
84.0 46.0 0.0
84.0 48.0 0.0
84.0 50.0 0.0
84.0 52.0 0.0034162696025418523
84.0 54.0 0.028732483963984572
84.0 56.0 0.05443584563010014
84.0 58.0 0.061507684043164944
84.0 60.0 0.055525076240709986
84.0 62.0 0.04853105065268687
84.0 64.0 0.053541444541517026
84.0 66.0 0.05446124697109836
84.0 68.0 0.06158835775598453
84.0 70.0 0.07696056392995564
84.0 72.0 0.10298785916764623
84.0 74.0 0.132380600737038
84.0 76.0 0.15426028138012968
84.0 78.0 0.1671850491253136
84.0 80.0 0.16740745765217893
84.0 82.0 0.15528727219215757
84.0 84.0 0.0736770982253282
84.0 86.0 0.0030225976121180174
84.0 88.0 0.0
84.0 90.0 0.0
84.0 92.0 0.0
84.0 94.0 0.0
84.0 96.0 0.0
84.0 98.0 0.0
84.0 100.0 0.0
84.0 102.0 0.0
84.0 104.0 0.0
84.0 106.0 0.0
84.0 108.0 0.01725213013946215
84.0 110.0 0.059772540545597545
84.0 112.0 0.10190553310271182
84.0 114.0 0.13471029763695172
84.0 116.0 0.18843099542078934
84.0 118.0 0.21021743824752517
84.0 120.0 0.2494117268407243
84.0 122.0 0.28556067611891406
84.0 124.0 0.0
84.0 126.0 0.0
86.0 0.0 0.0
86.0 2.0 0.0
86.0 4.0 0.0
86.0 6.0 0.2939372190765847
86.0 8.0 0.21465381783967297
86.0 10.0 0.19365996714231581
86.0 12.0 0.20038992880651585
86.0 14.0 0.22403241381503305
86.0 16.0 0.2530614310567931
86.0 18.0 0.25701284772722155
86.0 20.0 0.24172551978809664
86.0 22.0 0.21468282550675985
86.0 24.0 0.19252917329958408
86.0 26.0 0.1502305046487102
86.0 28.0 0.06700786889481848
86.0 30.0 0.007449417879132531
86.0 32.0 0.0
86.0 34.0 0.0
86.0 36.0 0.0
86.0 38.0 0.0
86.0 40.0 0.0
86.0 42.0 0.0
86.0 44.0 0.0
86.0 46.0 0.0
86.0 48.0 0.0
86.0 50.0 0.011391942066901492
86.0 52.0 0.061529899826085116
86.0 54.0 0.10357366094883612
86.0 56.0 0.12455011649597582
86.0 58.0 0.08794747235365775
86.0 60.0 0.05896904941474576
86.0 62.0 0.03310141410316377
86.0 64.0 0.023691817505345745
86.0 66.0 0.013913785711589537
86.0 68.0 0.008420904334670541
86.0 70.0 0.010485444713523478
86.0 72.0 0.01993831197110875
86.0 74.0 0.03778216788727713
86.0 76.0 0.0613211294268882
86.0 78.0 0.07809541317702126
86.0 80.0 0.0835053614983944
86.0 82.0 0.06809556138438878
86.0 84.0 3.8749765422891957E-4
86.0 86.0 0.0
86.0 88.0 0.0
86.0 90.0 0.0
86.0 92.0 0.0
86.0 94.0 0.0
86.0 96.0 0.0
86.0 98.0 0.0
86.0 100.0 0.0
86.0 102.0 0.0
86.0 104.0 0.0
86.0 106.0 0.012341385731982084
86.0 108.0 0.03944792441127316
86.0 110.0 0.09486637500569961
86.0 112.0 0.14421800799547665
86.0 114.0 0.16891102930466803
86.0 116.0 0.2097797529253074
86.0 118.0 0.2244395528563162
86.0 120.0 0.24576527096044068
86.0 122.0 0.26325740414216775
86.0 124.0 0.0
86.0 126.0 0.0
88.0 0.0 0.0
88.0 2.0 0.0
88.0 4.0 0.0
88.0 6.0 0.17930359821246458
88.0 8.0 0.12720233241968748
88.0 10.0 0.11562452842381839
88.0 12.0 0.12232846830428491
88.0 14.0 0.13724405942271237
88.0 16.0 0.15813425802362888
88.0 18.0 0.14643936028225657
88.0 20.0 0.12205547357185963
88.0 22.0 0.12064569633052057
88.0 24.0 0.12142742162973509
88.0 26.0 0.09063416999223094
88.0 28.0 0.025167395175040252
88.0 30.0 0.0
88.0 32.0 0.0
88.0 34.0 0.0
88.0 36.0 0.0
88.0 38.0 0.0
88.0 40.0 0.0
88.0 42.0 0.0
88.0 44.0 0.0
88.0 46.0 0.0
88.0 48.0 0.024761600350160267
88.0 50.0 0.09105772940199841
88.0 52.0 0.16501737065240543
88.0 54.0 0.1909802540159503
88.0 56.0 0.16900669575667113
88.0 58.0 0.11429661740520843
88.0 60.0 0.04185004924545252
88.0 62.0 0.007282843251221313
88.0 64.0 0.0
88.0 66.0 0.0
88.0 68.0 0.0
88.0 70.0 0.0
88.0 72.0 0.0
88.0 74.0 0.0036471645755423994
88.0 76.0 0.01573642811330788
88.0 78.0 0.031583378262726475
88.0 80.0 0.043602957839807964
88.0 82.0 0.00594372851159835
88.0 84.0 0.0
88.0 86.0 0.0
88.0 88.0 0.0
88.0 90.0 0.0
88.0 92.0 0.0
88.0 94.0 0.0
88.0 96.0 0.0
88.0 98.0 0.0
88.0 100.0 0.0
88.0 102.0 0.0
88.0 104.0 0.0051813462387369945
88.0 106.0 0.038513750606955464
88.0 108.0 0.09023589740936017
88.0 110.0 0.14539483249937765
88.0 112.0 0.17999716602097662
88.0 114.0 0.19559679230302218
88.0 116.0 0.21596852389650123
88.0 118.0 0.19581098112952056
88.0 120.0 0.21255108506624587
88.0 122.0 0.17971853460216616
88.0 124.0 0.0
88.0 126.0 0.0
90.0 0.0 0.0
90.0 2.0 0.0
90.0 4.0 0.0
90.0 6.0 0.026542954995913456
90.0 8.0 0.03958287600435233
90.0 10.0 0.039683329591998766
90.0 12.0 0.05074721510543003
90.0 14.0 0.0661935933782975
90.0 16.0 0.07701716739550925
90.0 18.0 0.05197109984545432
90.0 20.0 0.030071891761215025
90.0 22.0 0.05477027368730187
90.0 24.0 0.06176279070979409
90.0 26.0 0.04151031425842932
90.0 28.0 0.006418655099579645
90.0 30.0 0.0
90.0 32.0 0.0
90.0 34.0 0.0
90.0 36.0 0.0
90.0 38.0 0.0
90.0 40.0 0.0
90.0 42.0 0.0
90.0 44.0 0.0
90.0 46.0 0.02938957732805797
90.0 48.0 0.10691316391570872
90.0 50.0 0.18062185798827532
90.0 52.0 0.2179458396105176
90.0 54.0 0.21673903250237903
90.0 56.0 0.17924039285808083
90.0 58.0 0.10834131208052804
90.0 60.0 0.02294105558014151
90.0 62.0 0.0
90.0 64.0 0.0
90.0 66.0 0.0
90.0 68.0 0.0
90.0 70.0 0.0
90.0 72.0 0.0
90.0 74.0 0.0
90.0 76.0 0.0
90.0 78.0 0.004400960618137985
90.0 80.0 0.01578096924938376
90.0 82.0 0.0
90.0 84.0 0.0
90.0 86.0 0.0
90.0 88.0 0.0
90.0 90.0 0.0
90.0 92.0 0.0
90.0 94.0 0.0
90.0 96.0 0.0034814270716428506
90.0 98.0 0.010698202893784377
90.0 100.0 0.010840501238184122
90.0 102.0 0.015725991319037676
90.0 104.0 0.04297584306752376
90.0 106.0 0.09648809162119985
90.0 108.0 0.1595165693499693
90.0 110.0 0.20146365014999304
90.0 112.0 0.21600987583713394
90.0 114.0 0.2127028123541456
90.0 116.0 0.19498130761467972
90.0 118.0 0.18908758171812756
90.0 120.0 0.14305730341732545
90.0 122.0 0.0
90.0 124.0 0.0
90.0 126.0 0.0
92.0 0.0 0.0
92.0 2.0 0.0
92.0 4.0 0.0
92.0 6.0 0.0
92.0 8.0 0.009401738183248276
92.0 10.0 0.0
92.0 12.0 0.001497395637028752
92.0 14.0 0.011602329582657106
92.0 16.0 0.01814171920619546
92.0 18.0 2.387845738620333E-4
92.0 20.0 0.0
92.0 22.0 0.014403463958848046
92.0 24.0 0.020945689538461053
92.0 26.0 0.009057690005634651
92.0 28.0 0.0
92.0 30.0 0.0
92.0 32.0 0.0
92.0 34.0 0.0
92.0 36.0 0.0
92.0 38.0 0.0
92.0 40.0 0.0
92.0 42.0 0.0030454457558747
92.0 44.0 0.061878132407150864
92.0 46.0 0.15541987046133346
92.0 48.0 0.23729311272082573
92.0 50.0 0.28785668272935555
92.0 52.0 0.29407464863292637
92.0 54.0 0.2508049032772354
92.0 56.0 0.17673839151745907
92.0 58.0 0.08605147580438205
92.0 60.0 0.01506389466600269
92.0 62.0 0.0
92.0 64.0 0.0
92.0 66.0 0.0
92.0 68.0 0.0
92.0 70.0 0.0
92.0 72.0 0.0
92.0 74.0 0.0
92.0 76.0 0.0
92.0 78.0 0.0
92.0 80.0 0.003723675671347327
92.0 82.0 0.0
92.0 84.0 0.0
92.0 86.0 0.0
92.0 88.0 0.0
92.0 90.0 0.0
92.0 92.0 9.941331850263347E-4
92.0 94.0 0.01153100936285846
92.0 96.0 0.024923729045749448
92.0 98.0 0.04823783313484928
92.0 100.0 0.054738117745812526
92.0 102.0 0.077331545195735
92.0 104.0 0.12633065745765723
92.0 106.0 0.17396965478606544
92.0 108.0 0.22379690370580163
92.0 110.0 0.2534015820391025
92.0 112.0 0.25220485057671055
92.0 114.0 0.22354018514450483
92.0 116.0 0.1760307702844038
92.0 118.0 0.12387563947751679
92.0 120.0 0.03867917083074898
92.0 122.0 0.0
92.0 124.0 0.0
92.0 126.0 0.0
94.0 0.0 0.0
94.0 2.0 0.0
94.0 4.0 0.0
94.0 6.0 0.0
94.0 8.0 0.0
94.0 10.0 0.0
94.0 12.0 0.0
94.0 14.0 0.0
94.0 16.0 0.0
94.0 18.0 0.0
94.0 20.0 0.0
94.0 22.0 0.0
94.0 24.0 2.5872886689759343E-4
94.0 26.0 0.0
94.0 28.0 0.0
94.0 30.0 0.0
94.0 32.0 0.0
94.0 34.0 0.0
94.0 36.0 3.3426979992872357E-4
94.0 38.0 0.002241649029287233
94.0 40.0 0.03694757806972126
94.0 42.0 0.12501546973089797
94.0 44.0 0.24831740527329285
94.0 46.0 0.35423964134021063
94.0 48.0 0.41183507662344127
94.0 50.0 0.3975895628288564
94.0 52.0 0.3554688783665199
94.0 54.0 0.2894763072415129
94.0 56.0 0.190926180316996
94.0 58.0 0.07573924236014956
94.0 60.0 0.011981582412571058
94.0 62.0 0.0
94.0 64.0 0.0
94.0 66.0 0.0
94.0 68.0 0.0
94.0 70.0 0.0
94.0 72.0 0.0
94.0 74.0 0.0
94.0 76.0 0.0
94.0 78.0 0.0
94.0 80.0 0.0
94.0 82.0 0.0
94.0 84.0 0.0
94.0 86.0 0.0
94.0 88.0 0.0
94.0 90.0 0.0
94.0 92.0 4.362689804797927E-4
94.0 94.0 0.018489772793402807
94.0 96.0 0.04029408316287017
94.0 98.0 0.0750985367482371
94.0 100.0 0.11469062457128826
94.0 102.0 0.1603803714811417
94.0 104.0 0.22180499528922107
94.0 106.0 0.2603379160087322
94.0 108.0 0.28148500091870504
94.0 110.0 0.296770685729713
94.0 112.0 0.2789646821416845
94.0 114.0 0.22715938353895707
94.0 116.0 0.15136335993228453
94.0 118.0 0.03767724262444452
94.0 120.0 0.0
94.0 122.0 0.0
94.0 124.0 0.0
94.0 126.0 0.0
96.0 0.0 0.0
96.0 2.0 0.0
96.0 4.0 0.0
96.0 6.0 0.0
96.0 8.0 0.0
96.0 10.0 0.001455635972199305
96.0 12.0 0.0
96.0 14.0 0.0
96.0 16.0 0.0
96.0 18.0 0.0
96.0 20.0 0.0
96.0 22.0 0.0
96.0 24.0 0.0
96.0 26.0 0.0
96.0 28.0 0.0
96.0 30.0 0.0
96.0 32.0 0.0
96.0 34.0 0.020585924924583016
96.0 36.0 0.04557611738863643
96.0 38.0 0.08138030323559313
96.0 40.0 0.1750214160996539
96.0 42.0 0.2987753261031781
96.0 44.0 0.41015738102150173
96.0 46.0 0.4856120454377694
96.0 48.0 0.5031018766171539
96.0 50.0 0.4565825510131993
96.0 52.0 0.3977082045976989
96.0 54.0 0.3186346849444448
96.0 56.0 0.20012525840164572
96.0 58.0 0.06989686136962907
96.0 60.0 0.008348989124268855
96.0 62.0 0.0
96.0 64.0 0.0
96.0 66.0 0.0
96.0 68.0 0.0
96.0 70.0 0.0
96.0 72.0 0.0
96.0 74.0 0.0
96.0 76.0 0.0
96.0 78.0 0.0
96.0 80.0 0.0
96.0 82.0 0.0
96.0 84.0 0.0
96.0 86.0 0.0
96.0 88.0 0.0020047889530558018
96.0 90.0 0.002920178689271165
96.0 92.0 0.008064707133480219
96.0 94.0 0.0219022168468473
96.0 96.0 0.04960257237482618
96.0 98.0 0.08885216150977582
96.0 100.0 0.1581427656109565
96.0 102.0 0.21486932523782898
96.0 104.0 0.2822416778947156
96.0 106.0 0.3306872305839806
96.0 108.0 0.3524684306004004
96.0 110.0 0.3317738557527195
96.0 112.0 0.29574329402636207
96.0 114.0 0.2191857550403059
96.0 116.0 0.10005212760922683
96.0 118.0 0.013370495103701053
96.0 120.0 0.0
96.0 122.0 0.0
96.0 124.0 0.0
96.0 126.0 0.0
98.0 0.0 0.0
98.0 2.0 0.0
98.0 4.0 0.0
98.0 6.0 0.0
98.0 8.0 0.0
98.0 10.0 0.0
98.0 12.0 0.0
98.0 14.0 0.0
98.0 16.0 0.0
98.0 18.0 0.0
98.0 20.0 0.0
98.0 22.0 0.0
98.0 24.0 0.0
98.0 26.0 0.0
98.0 28.0 0.0
98.0 30.0 0.0
98.0 32.0 0.0022747361717165514
98.0 34.0 0.03880346451950879
98.0 36.0 0.09669816775080353
98.0 38.0 0.1650206171415643
98.0 40.0 0.28594210807687115
98.0 42.0 0.4080808851450088
98.0 44.0 0.4918171556057615
98.0 46.0 0.5419108118884549
98.0 48.0 0.5334834819210302
98.0 50.0 0.46681259023241517
98.0 52.0 0.42053044168438
98.0 54.0 0.33629388366793606
98.0 56.0 0.19917517490144912
98.0 58.0 0.06522470911100066
98.0 60.0 0.004108773835975118
98.0 62.0 0.0
98.0 64.0 0.0
98.0 66.0 0.0
98.0 68.0 0.0
98.0 70.0 0.0
98.0 72.0 0.0
98.0 74.0 0.0
98.0 76.0 0.0
98.0 78.0 0.0
98.0 80.0 0.0
98.0 82.0 0.0
98.0 84.0 0.0
98.0 86.0 0.0
98.0 88.0 0.002302030353993167
98.0 90.0 0.008078650390763713
98.0 92.0 0.017391154493612435
98.0 94.0 0.04186412608092283
98.0 96.0 0.07547179421226291
98.0 98.0 0.13178355404859834
98.0 100.0 0.18789967627015358
98.0 102.0 0.24367878425396972
98.0 104.0 0.3182123901509802
98.0 106.0 0.36971025584197764
98.0 108.0 0.3804755418678827
98.0 110.0 0.3415093631449171
98.0 112.0 0.2902860921627896
98.0 114.0 0.19207402323565712
98.0 116.0 0.06354938530880534
98.0 118.0 0.0
98.0 120.0 0.0
98.0 122.0 0.0
98.0 124.0 0.0
98.0 126.0 0.0
100.0 0.0 0.0
100.0 2.0 0.0
100.0 4.0 0.0
100.0 6.0 0.0
100.0 8.0 0.0
100.0 10.0 0.0
100.0 12.0 6.40789275662238E-4
100.0 14.0 0.0
100.0 16.0 0.0
100.0 18.0 0.0
100.0 20.0 0.0
100.0 22.0 0.0
100.0 24.0 0.0
100.0 26.0 0.0
100.0 28.0 0.0
100.0 30.0 0.0
100.0 32.0 6.423099855574081E-4
100.0 34.0 0.04992298714698432
100.0 36.0 0.11532848677291814
100.0 38.0 0.22197312403793323
100.0 40.0 0.35393688377285
100.0 42.0 0.45965038706841715
100.0 44.0 0.5222071407471723
100.0 46.0 0.5556405663340493
100.0 48.0 0.5263593865998037
100.0 50.0 0.4572558798168047
100.0 52.0 0.41738861216971657
100.0 54.0 0.3348164141163595
100.0 56.0 0.1893420373017528
100.0 58.0 0.061962386997067465
100.0 60.0 0.0014351637913500124
100.0 62.0 0.0
100.0 64.0 0.0
100.0 66.0 0.0
100.0 68.0 0.0
100.0 70.0 0.0
100.0 72.0 0.0
100.0 74.0 0.0
100.0 76.0 0.0
100.0 78.0 0.0
100.0 80.0 0.0
100.0 82.0 0.0
100.0 84.0 0.0
100.0 86.0 0.0012623629334913662
100.0 88.0 0.0
100.0 90.0 0.002681032051247621
100.0 92.0 0.02784905758634389
100.0 94.0 0.06961727145797109
100.0 96.0 0.10491187152361496
100.0 98.0 0.15157146143018574
100.0 100.0 0.21051757633626747
100.0 102.0 0.2610922900666279
100.0 104.0 0.30497948211555886
100.0 106.0 0.38205665616633094
100.0 108.0 0.3932188917991773
100.0 110.0 0.33596029962528656
100.0 112.0 0.26764343319449974
100.0 114.0 0.15446064522192188
100.0 116.0 0.0
100.0 118.0 0.0
100.0 120.0 0.0
100.0 122.0 0.0
100.0 124.0 0.0
100.0 126.0 0.0
102.0 0.0 0.0
102.0 2.0 0.0
102.0 4.0 0.0
102.0 6.0 0.0
102.0 8.0 0.0
102.0 10.0 0.0
102.0 12.0 0.0
102.0 14.0 0.0166507930270458
102.0 16.0 0.0
102.0 18.0 0.0
102.0 20.0 0.0
102.0 22.0 0.0
102.0 24.0 0.0
102.0 26.0 0.0
102.0 28.0 0.0
102.0 30.0 0.0
102.0 32.0 8.944692529236762E-4
102.0 34.0 0.054066346723806676
102.0 36.0 0.1355256318320838
102.0 38.0 0.24589711114904
102.0 40.0 0.38300087491099194
102.0 42.0 0.47373832481484146
102.0 44.0 0.5218164388672052
102.0 46.0 0.5507301874094171
102.0 48.0 0.5039986243887358
102.0 50.0 0.4446200976599037
102.0 52.0 0.4036446235955347
102.0 54.0 0.3204767831768234
102.0 56.0 0.18031075015420603
102.0 58.0 0.059743126205516056
102.0 60.0 0.0020113590821566204
102.0 62.0 0.0
102.0 64.0 0.0
102.0 66.0 0.0
102.0 68.0 0.0
102.0 70.0 0.0
102.0 72.0 0.0
102.0 74.0 0.0
102.0 76.0 0.0
102.0 78.0 0.0
102.0 80.0 0.0
102.0 82.0 0.0
102.0 84.0 0.0
102.0 86.0 0.0
102.0 88.0 0.0
102.0 90.0 0.008415842264686264
102.0 92.0 0.044102205957990366
102.0 94.0 0.09917522454253407
102.0 96.0 0.13502960248751386
102.0 98.0 0.18230615860698043
102.0 100.0 0.2332649839480462
102.0 102.0 0.27295622569666783
102.0 104.0 0.31046013380560034
102.0 106.0 0.3784472093153573
102.0 108.0 0.38238885130090156
102.0 110.0 0.30864700444862286
102.0 112.0 0.22870215526525683
102.0 114.0 0.0
102.0 116.0 0.0
102.0 118.0 0.0
102.0 120.0 0.0
102.0 122.0 0.0
102.0 124.0 0.0
102.0 126.0 0.0
104.0 0.0 0.0
104.0 2.0 0.0
104.0 4.0 0.0
104.0 6.0 0.0
104.0 8.0 0.0
104.0 10.0 0.0
104.0 12.0 0.0
104.0 14.0 0.0
104.0 16.0 0.03644195182202404
104.0 18.0 0.0
104.0 20.0 0.0
104.0 22.0 0.0
104.0 24.0 0.0
104.0 26.0 0.0
104.0 28.0 0.0
104.0 30.0 0.0
104.0 32.0 0.001980819539695989
104.0 34.0 0.0471325786016073
104.0 36.0 0.11847156801906987
104.0 38.0 0.24645654029589745
104.0 40.0 0.38365039360240144
104.0 42.0 0.4631921138117305
104.0 44.0 0.5054779616547395
104.0 46.0 0.5320571908467888
104.0 48.0 0.47860527801021086
104.0 50.0 0.4193396506412408
104.0 52.0 0.3772124089700515
104.0 54.0 0.29747763750857364
104.0 56.0 0.1683783546842943
104.0 58.0 0.05651281804174766
104.0 60.0 0.00371465565278783
104.0 62.0 0.0
104.0 64.0 0.0
104.0 66.0 0.0
104.0 68.0 0.0
104.0 70.0 0.0
104.0 72.0 0.0
104.0 74.0 0.0
104.0 76.0 0.0
104.0 78.0 0.0
104.0 80.0 0.0
104.0 82.0 0.0
104.0 84.0 0.0
104.0 86.0 0.0
104.0 88.0 0.0
104.0 90.0 0.006789589915586636
104.0 92.0 0.058327293281113475
104.0 94.0 0.11444531666450652
104.0 96.0 0.17501642202460102
104.0 98.0 0.2163206931440946
104.0 100.0 0.255982301618549
104.0 102.0 0.28048134409484554
104.0 104.0 0.30861172246409213
104.0 106.0 0.36671028796751354
104.0 108.0 0.3524361534467906
104.0 110.0 0.2672878026851093
104.0 112.0 0.17769615865668023
104.0 114.0 0.0
104.0 116.0 0.0
104.0 118.0 0.0
104.0 120.0 0.0
104.0 122.0 0.0
104.0 124.0 0.0
104.0 126.0 0.0
106.0 0.0 0.0
106.0 2.0 0.0
106.0 4.0 0.0
106.0 6.0 0.0
106.0 8.0 0.0
106.0 10.0 0.0
106.0 12.0 0.0
106.0 14.0 0.0
106.0 16.0 0.0
106.0 18.0 0.024418737818677805
106.0 20.0 0.0
106.0 22.0 0.0
106.0 24.0 0.0
106.0 26.0 0.0
106.0 28.0 0.0
106.0 30.0 0.0
106.0 32.0 0.0
106.0 34.0 0.012782738717319773
106.0 36.0 0.08895358048986805
106.0 38.0 0.22495333910284843
106.0 40.0 0.35920631216189575
106.0 42.0 0.4339034551960214
106.0 44.0 0.4734378096437148
106.0 46.0 0.5011727634249404
106.0 48.0 0.43531143492376684
106.0 50.0 0.38517723785030983
106.0 52.0 0.34560269336725885
106.0 54.0 0.2705641909517648
106.0 56.0 0.15732852418292564
106.0 58.0 0.05445385625757456
106.0 60.0 0.006022287637225482
106.0 62.0 0.0
106.0 64.0 0.0
106.0 66.0 0.0
106.0 68.0 0.0
106.0 70.0 0.0
106.0 72.0 0.0
106.0 74.0 0.0
106.0 76.0 0.0
106.0 78.0 0.0
106.0 80.0 0.0
106.0 82.0 0.0
106.0 84.0 0.0
106.0 86.0 0.0
106.0 88.0 0.0
106.0 90.0 0.0053941368529124845
106.0 92.0 0.060251527344361365
106.0 94.0 0.11733815013837867
106.0 96.0 0.19358072481730668
106.0 98.0 0.2397718811061461
106.0 100.0 0.2677648483042018
106.0 102.0 0.2752573453428877
106.0 104.0 0.2955072952239582
106.0 106.0 0.32042001304093065
106.0 108.0 0.3029099067088982
106.0 110.0 0.20776886401074393
106.0 112.0 0.0
106.0 114.0 0.0
106.0 116.0 0.0
106.0 118.0 0.0
106.0 120.0 0.0
106.0 122.0 0.0
106.0 124.0 0.0
106.0 126.0 0.0
108.0 0.0 0.0
108.0 2.0 0.0
108.0 4.0 0.0
108.0 6.0 0.0
108.0 8.0 0.0
108.0 10.0 0.0
108.0 12.0 0.0
108.0 14.0 0.0
108.0 16.0 0.0
108.0 18.0 0.0
108.0 20.0 0.02497326048432331
108.0 22.0 0.0
108.0 24.0 0.0
108.0 26.0 0.0
108.0 28.0 0.0
108.0 30.0 0.0
108.0 32.0 0.0
108.0 34.0 0.0
108.0 36.0 0.041393110579788846
108.0 38.0 0.16439953252648032
108.0 40.0 0.29771221829976313
108.0 42.0 0.37528164171509887
108.0 44.0 0.41980778550007125
108.0 46.0 0.4508351141199802
108.0 48.0 0.46421107179149795
108.0 50.0 0.4141766665395594
108.0 52.0 0.2973429010828383
108.0 54.0 0.24087755616873863
108.0 56.0 0.14579467679762312
108.0 58.0 0.05233875529791345
108.0 60.0 0.008104018538893868
108.0 62.0 0.0
108.0 64.0 0.0
108.0 66.0 0.0
108.0 68.0 0.0
108.0 70.0 0.0
108.0 72.0 0.0
108.0 74.0 0.0
108.0 76.0 0.0
108.0 78.0 0.0
108.0 80.0 0.0
108.0 82.0 0.0
108.0 84.0 0.0
108.0 86.0 0.0
108.0 88.0 2.954113833690551E-4
108.0 90.0 0.003674980594269194
108.0 92.0 0.048608347798147294
108.0 94.0 0.11530552752609972
108.0 96.0 0.2096113200915349
108.0 98.0 0.24578464223368712
108.0 100.0 0.25733590940880374
108.0 102.0 0.2440611066846177
108.0 104.0 0.24229592554238924
108.0 106.0 0.24713095951032796
108.0 108.0 0.20223375247908568
108.0 110.0 0.0
108.0 112.0 0.0
108.0 114.0 0.0
108.0 116.0 0.0
108.0 118.0 0.0
108.0 120.0 0.0
108.0 122.0 0.0
108.0 124.0 0.0
108.0 126.0 0.0
110.0 0.0 0.0
110.0 2.0 0.0
110.0 4.0 0.0
110.0 6.0 0.0
110.0 8.0 0.0
110.0 10.0 0.0
110.0 12.0 0.0
110.0 14.0 0.0
110.0 16.0 0.0
110.0 18.0 0.0
110.0 20.0 0.0
110.0 22.0 0.01687250180784037
110.0 24.0 0.0
110.0 26.0 0.0
110.0 28.0 0.0
110.0 30.0 0.0
110.0 32.0 0.0
110.0 34.0 0.0
110.0 36.0 6.193154779998335E-4
110.0 38.0 0.0909497454277704
110.0 40.0 0.2209667070006038
110.0 42.0 0.30845947962015313
110.0 44.0 0.3596992776273729
110.0 46.0 0.3945382284435479
110.0 48.0 0.4074976477076622
110.0 50.0 0.3825639527499829
110.0 52.0 0.2643035575134694
110.0 54.0 0.21239359634777646
110.0 56.0 0.1315328956231375
110.0 58.0 0.04773705725396435
110.0 60.0 0.008525776390919294
110.0 62.0 0.0
110.0 64.0 0.0
110.0 66.0 0.0
110.0 68.0 0.0
110.0 70.0 0.0
110.0 72.0 0.0
110.0 74.0 0.0
110.0 76.0 0.0
110.0 78.0 0.0
110.0 80.0 0.0
110.0 82.0 0.0
110.0 84.0 0.0
110.0 86.0 0.0
110.0 88.0 0.0
110.0 90.0 0.0
110.0 92.0 0.03272721364411376
110.0 94.0 0.11022407374151318
110.0 96.0 0.20230744778550444
110.0 98.0 0.22659310785552866
110.0 100.0 0.21735057130857713
110.0 102.0 0.17823992751025117
110.0 104.0 0.1427708707291637
110.0 106.0 0.10074405964533827
110.0 108.0 0.0
110.0 110.0 0.0
110.0 112.0 0.0
110.0 114.0 0.0
110.0 116.0 0.0
110.0 118.0 0.0
110.0 120.0 0.0
110.0 122.0 0.0
110.0 124.0 0.0
110.0 126.0 0.0
112.0 0.0 0.0
112.0 2.0 0.0
112.0 4.0 0.0
112.0 6.0 0.0
112.0 8.0 0.0
112.0 10.0 0.0
112.0 12.0 0.0
112.0 14.0 0.0
112.0 16.0 0.0
112.0 18.0 0.0
112.0 20.0 0.0
112.0 22.0 0.0
112.0 24.0 0.0107609752751079
112.0 26.0 0.0
112.0 28.0 0.0
112.0 30.0 0.0
112.0 32.0 0.0
112.0 34.0 0.0
112.0 36.0 0.0
112.0 38.0 0.033825227514755835
112.0 40.0 0.14590425003072724
112.0 42.0 0.23070731019530255
112.0 44.0 0.28320849903177026
112.0 46.0 0.32042285045129365
112.0 48.0 0.3349588902497207
112.0 50.0 0.3227421178734036
112.0 52.0 0.24330152466549126
112.0 54.0 0.17345549966685872
112.0 56.0 0.111058989419074
112.0 58.0 0.04485029049412645
112.0 60.0 0.00648032452162432
112.0 62.0 0.0
112.0 64.0 0.0
112.0 66.0 0.0
112.0 68.0 0.0
112.0 70.0 0.0
112.0 72.0 0.0
112.0 74.0 0.0
112.0 76.0 0.0
112.0 78.0 0.0
112.0 80.0 0.0
112.0 82.0 0.0
112.0 84.0 0.0
112.0 86.0 0.0
112.0 88.0 0.0
112.0 90.0 0.0
112.0 92.0 0.0016843904341639702
112.0 94.0 0.06799030539448353
112.0 96.0 0.1439797836293769
112.0 98.0 0.14964120568199912
112.0 100.0 0.11278849045922061
112.0 102.0 0.052791878701622504
112.0 104.0 0.004169159448058731
112.0 106.0 0.0
112.0 108.0 0.0
112.0 110.0 0.0
112.0 112.0 0.0
112.0 114.0 0.0
112.0 116.0 0.0
112.0 118.0 0.0
112.0 120.0 0.0
112.0 122.0 0.0
112.0 124.0 0.0
112.0 126.0 0.0
114.0 0.0 0.0
114.0 2.0 0.0
114.0 4.0 0.0
114.0 6.0 0.0
114.0 8.0 0.0
114.0 10.0 0.0
114.0 12.0 0.0
114.0 14.0 0.0
114.0 16.0 0.0
114.0 18.0 0.0
114.0 20.0 0.0
114.0 22.0 0.0
114.0 24.0 0.0
114.0 26.0 0.0
114.0 28.0 0.0
114.0 30.0 0.0
114.0 32.0 0.0
114.0 34.0 0.0
114.0 36.0 0.0
114.0 38.0 9.786200202865011E-4
114.0 40.0 0.07634784329845534
114.0 42.0 0.15500358206085282
114.0 44.0 0.20512285013144138
114.0 46.0 0.24141202272533882
114.0 48.0 0.25989751198671923
114.0 50.0 0.25447712396993366
114.0 52.0 0.22210903527416273
114.0 54.0 0.15492696700029435
114.0 56.0 0.054100277673888496
114.0 58.0 0.00655579219839884
114.0 60.0 0.0
114.0 62.0 0.0
114.0 64.0 0.0
114.0 66.0 0.0
114.0 68.0 0.0
114.0 70.0 0.0
114.0 72.0 0.0
114.0 74.0 0.0
114.0 76.0 0.0
114.0 78.0 0.0
114.0 80.0 0.0
114.0 82.0 0.0
114.0 84.0 0.0
114.0 86.0 0.0
114.0 88.0 0.0
114.0 90.0 0.0
114.0 92.0 0.0
114.0 94.0 0.0015630520538043064
114.0 96.0 0.025413555144395427
114.0 98.0 0.0031464402017312917
114.0 100.0 0.0
114.0 102.0 0.0
114.0 104.0 0.0
114.0 106.0 0.0
114.0 108.0 0.0
114.0 110.0 0.0
114.0 112.0 0.0
114.0 114.0 0.0
114.0 116.0 0.0
114.0 118.0 0.0
114.0 120.0 0.0
114.0 122.0 0.0
114.0 124.0 0.0
114.0 126.0 0.0
116.0 0.0 0.0
116.0 2.0 0.0
116.0 4.0 0.0
116.0 6.0 0.0
116.0 8.0 0.0
116.0 10.0 0.0
116.0 12.0 0.0
116.0 14.0 0.0
116.0 16.0 0.0
116.0 18.0 0.0
116.0 20.0 0.0
116.0 22.0 0.0
116.0 24.0 0.0
116.0 26.0 0.0
116.0 28.0 0.0
116.0 30.0 0.0
116.0 32.0 0.0
116.0 34.0 0.0
116.0 36.0 0.0
116.0 38.0 0.0
116.0 40.0 0.027599843326859084
116.0 42.0 0.07757490261335859
116.0 44.0 0.1237696173052714
116.0 46.0 0.15746268121322038
116.0 48.0 0.17815721820218955
116.0 50.0 0.17855924101317477
116.0 52.0 0.15470208780916558
116.0 54.0 0.09892958456752393
116.0 56.0 0.017521058122653133
116.0 58.0 0.0
116.0 60.0 0.0
116.0 62.0 0.0
116.0 64.0 0.0
116.0 66.0 0.0
116.0 68.0 0.0
116.0 70.0 0.0
116.0 72.0 0.006710870334895809
116.0 74.0 0.0364805254496579
116.0 76.0 0.03949659238562336
116.0 78.0 0.008308172527935422
116.0 80.0 0.0
116.0 82.0 0.0
116.0 84.0 0.0
116.0 86.0 0.0
116.0 88.0 0.0
116.0 90.0 0.0
116.0 92.0 0.0
116.0 94.0 0.0
116.0 96.0 0.0
116.0 98.0 0.0
116.0 100.0 0.0
116.0 102.0 0.0
116.0 104.0 0.0
116.0 106.0 0.0
116.0 108.0 0.0
116.0 110.0 0.0
116.0 112.0 0.0
116.0 114.0 0.0
116.0 116.0 0.0
116.0 118.0 0.0
116.0 120.0 0.0
116.0 122.0 0.0
116.0 124.0 0.0
116.0 126.0 0.0
118.0 0.0 0.0
118.0 2.0 0.0
118.0 4.0 0.0
118.0 6.0 0.0
118.0 8.0 0.0
118.0 10.0 0.0
118.0 12.0 0.0
118.0 14.0 0.0
118.0 16.0 0.0
118.0 18.0 0.0
118.0 20.0 0.0
118.0 22.0 0.0
118.0 24.0 0.0
118.0 26.0 0.0
118.0 28.0 0.0
118.0 30.0 0.0
118.0 32.0 0.0
118.0 34.0 0.0
118.0 36.0 0.0
118.0 38.0 0.0
118.0 40.0 0.0
118.0 42.0 0.018873170996400283
118.0 44.0 0.04918426026017996
118.0 46.0 0.07531666946402665
118.0 48.0 0.09530644028165251
118.0 50.0 0.09823273316325042
118.0 52.0 0.07965836301991337
118.0 54.0 0.033218902339126465
118.0 56.0 0.0
118.0 58.0 0.0
118.0 60.0 0.0
118.0 62.0 0.0
118.0 64.0 0.0
118.0 66.0 9.453685944934351E-4
118.0 68.0 0.0031547301795032266
118.0 70.0 0.05346057327485073
118.0 72.0 0.11047869000197678
118.0 74.0 0.1319910704984825
118.0 76.0 0.12463230321063605
118.0 78.0 0.08460297677838435
118.0 80.0 0.011961499667742861
118.0 82.0 0.0
118.0 84.0 0.0
118.0 86.0 0.0
118.0 88.0 0.0
118.0 90.0 0.0
118.0 92.0 0.0
118.0 94.0 0.0
118.0 96.0 0.0
118.0 98.0 0.0
118.0 100.0 0.0
118.0 102.0 0.0
118.0 104.0 0.0
118.0 106.0 0.0
118.0 108.0 0.0
118.0 110.0 0.0
118.0 112.0 0.0
118.0 114.0 0.0
118.0 116.0 0.0
118.0 118.0 0.0
118.0 120.0 0.0
118.0 122.0 0.0
118.0 124.0 0.0
118.0 126.0 0.0
120.0 0.0 0.0
120.0 2.0 0.0
120.0 4.0 0.0
120.0 6.0 0.0
120.0 8.0 0.0
120.0 10.0 0.0
120.0 12.0 0.0
120.0 14.0 0.0
120.0 16.0 0.0
120.0 18.0 0.0
120.0 20.0 0.0
120.0 22.0 0.0
120.0 24.0 0.0
120.0 26.0 0.0
120.0 28.0 0.0
120.0 30.0 0.0
120.0 32.0 0.0
120.0 34.0 0.0
120.0 36.0 0.0
120.0 38.0 0.0
120.0 40.0 0.0
120.0 42.0 0.0
120.0 44.0 0.0
120.0 46.0 0.0028038883083574676
120.0 48.0 0.009923886187870056
120.0 50.0 0.01429365416051729
120.0 52.0 0.011308923179067724
120.0 54.0 0.0
120.0 56.0 0.0
120.0 58.0 0.0
120.0 60.0 0.0
120.0 62.0 0.0
120.0 64.0 0.0
120.0 66.0 0.027056983656583784
120.0 68.0 0.09436033575973136
120.0 70.0 0.16746789749536237
120.0 72.0 0.21354288196310708
120.0 74.0 0.23233017033933154
120.0 76.0 0.21683494119708438
120.0 78.0 0.1668998875988852
120.0 80.0 0.07738269715602024
120.0 82.0 0.009603338427939145
120.0 84.0 0.0
120.0 86.0 0.0
120.0 88.0 0.0
120.0 90.0 0.0
120.0 92.0 0.0
120.0 94.0 0.0
120.0 96.0 0.0
120.0 98.0 0.0
120.0 100.0 0.0
120.0 102.0 0.0
120.0 104.0 0.0
120.0 106.0 0.0
120.0 108.0 0.0
120.0 110.0 0.0
120.0 112.0 0.0
120.0 114.0 0.0
120.0 116.0 0.0
120.0 118.0 0.0
120.0 120.0 0.0
120.0 122.0 0.0
120.0 124.0 0.0
120.0 126.0 0.0
122.0 0.0 0.0
122.0 2.0 0.0
122.0 4.0 0.0
122.0 6.0 0.0
122.0 8.0 0.0
122.0 10.0 0.0
122.0 12.0 0.0
122.0 14.0 0.0
122.0 16.0 0.0
122.0 18.0 0.0
122.0 20.0 0.0
122.0 22.0 0.0
122.0 24.0 0.0
122.0 26.0 0.0
122.0 28.0 0.0
122.0 30.0 0.0
122.0 32.0 0.0
122.0 34.0 0.0
122.0 36.0 0.0
122.0 38.0 0.0
122.0 40.0 0.0
122.0 42.0 0.0
122.0 44.0 0.0
122.0 46.0 0.0
122.0 48.0 0.0
122.0 50.0 0.0
122.0 52.0 0.0
122.0 54.0 0.0
122.0 56.0 0.0
122.0 58.0 0.0
122.0 60.0 0.0
122.0 62.0 0.0
122.0 64.0 0.0
122.0 66.0 0.04896525981317884
122.0 68.0 0.14649352866785612
122.0 70.0 0.2379143468760079
122.0 72.0 0.2884096865246679
122.0 74.0 0.30490031997009803
122.0 76.0 0.2857428906154709
122.0 78.0 0.23006067689835266
122.0 80.0 0.15605813063005988
122.0 82.0 0.041490887748845434
122.0 84.0 0.0
122.0 86.0 0.0
122.0 88.0 0.0
122.0 90.0 0.0
122.0 92.0 0.0
122.0 94.0 0.0
122.0 96.0 0.0
122.0 98.0 0.0
122.0 100.0 0.0
122.0 102.0 0.0
122.0 104.0 0.0
122.0 106.0 0.0
122.0 108.0 0.0
122.0 110.0 0.0
122.0 112.0 0.0
122.0 114.0 0.0
122.0 116.0 0.0
122.0 118.0 0.0
122.0 120.0 0.0
122.0 122.0 0.0
122.0 124.0 0.0
122.0 126.0 0.0
124.0 0.0 0.0
124.0 2.0 0.0
124.0 4.0 0.0
124.0 6.0 0.0
124.0 8.0 0.0
124.0 10.0 0.0
124.0 12.0 0.0
124.0 14.0 0.0
124.0 16.0 0.0
124.0 18.0 0.0
124.0 20.0 0.0
124.0 22.0 0.0
124.0 24.0 0.0
124.0 26.0 0.0
124.0 28.0 0.0
124.0 30.0 0.0
124.0 32.0 0.0
124.0 34.0 0.0
124.0 36.0 0.0
124.0 38.0 0.0
124.0 40.0 0.0
124.0 42.0 0.0
124.0 44.0 0.0
124.0 46.0 0.0
124.0 48.0 0.0
124.0 50.0 0.0
124.0 52.0 0.0
124.0 54.0 0.0
124.0 56.0 0.0
124.0 58.0 0.0
124.0 60.0 0.0
124.0 62.0 0.0
124.0 64.0 0.011043659181208303
124.0 66.0 0.07751273366258825
124.0 68.0 0.19071193889828264
124.0 70.0 0.29283922548975977
124.0 72.0 0.3474320579155205
124.0 74.0 0.364526236733675
124.0 76.0 0.34385820724961064
124.0 78.0 0.28249340876462276
124.0 80.0 0.2008918539427519
124.0 82.0 0.0754985430869071
124.0 84.0 0.0
124.0 86.0 0.0
124.0 88.0 0.0
124.0 90.0 0.0
124.0 92.0 0.0
124.0 94.0 0.0
124.0 96.0 0.0
124.0 98.0 0.0
124.0 100.0 0.0
124.0 102.0 0.0
124.0 104.0 0.0
124.0 106.0 0.0
124.0 108.0 0.0
124.0 110.0 0.0
124.0 112.0 0.0
124.0 114.0 0.0
124.0 116.0 0.0
124.0 118.0 0.0
124.0 120.0 0.0
124.0 122.0 0.0
124.0 124.0 0.0
124.0 126.0 0.0
126.0 0.0 0.0
126.0 2.0 0.0
126.0 4.0 0.0
126.0 6.0 0.0
126.0 8.0 0.0
126.0 10.0 0.0
126.0 12.0 0.0
126.0 14.0 0.0
126.0 16.0 0.0
126.0 18.0 0.0
126.0 20.0 0.0
126.0 22.0 0.0
126.0 24.0 0.0
126.0 26.0 0.0
126.0 28.0 0.0
126.0 30.0 0.0
126.0 32.0 0.0
126.0 34.0 0.0
126.0 36.0 0.0
126.0 38.0 0.0
126.0 40.0 0.0
126.0 42.0 0.0
126.0 44.0 0.0
126.0 46.0 0.0
126.0 48.0 0.0
126.0 50.0 0.0
126.0 52.0 0.0
126.0 54.0 0.003780737997698666
126.0 56.0 0.0
126.0 58.0 0.0
126.0 60.0 0.0
126.0 62.0 0.0
126.0 64.0 0.0
126.0 66.0 0.06746047859537976
126.0 68.0 0.20327555494555472
126.0 70.0 0.3325604020698363
126.0 72.0 0.40319627841671685
126.0 74.0 0.394500331654549
126.0 76.0 0.0
126.0 78.0 0.0
126.0 80.0 0.0
126.0 82.0 0.0
126.0 84.0 0.0
126.0 86.0 0.0
126.0 88.0 0.0
126.0 90.0 0.0
126.0 92.0 0.0
126.0 94.0 0.0
126.0 96.0 0.0
126.0 98.0 0.0
126.0 100.0 0.0
126.0 102.0 0.0
126.0 104.0 0.0
126.0 106.0 0.0
126.0 108.0 0.0
126.0 110.0 0.0
126.0 112.0 0.0
126.0 114.0 0.0
126.0 116.0 0.0
126.0 118.0 0.0
126.0 120.0 0.0
126.0 122.0 0.0
126.0 124.0 0.0
126.0 126.0 0.0
