0.0 0.0 0.0
0.0 2.0 0.0
0.0 4.0 0.0
0.0 6.0 0.0
0.0 8.0 0.0
0.0 10.0 0.0
0.0 12.0 0.0
0.0 14.0 0.0
0.0 16.0 0.0
0.0 18.0 0.0
0.0 20.0 0.0
0.0 22.0 0.0
0.0 24.0 0.0
0.0 26.0 0.0
0.0 28.0 0.0
0.0 30.0 0.0
0.0 32.0 0.0
0.0 34.0 0.0
0.0 36.0 0.0
0.0 38.0 0.0
0.0 40.0 0.0
0.0 42.0 0.0
0.0 44.0 0.0
0.0 46.0 0.0
0.0 48.0 0.0
0.0 50.0 0.0
0.0 52.0 0.0
0.0 54.0 0.0
0.0 56.0 0.0
0.0 58.0 0.0
0.0 60.0 0.0
0.0 62.0 0.0
0.0 64.0 0.0
0.0 66.0 0.0
0.0 68.0 0.0
0.0 70.0 0.0
0.0 72.0 0.0
0.0 74.0 0.0
0.0 76.0 0.0
0.0 78.0 0.0
0.0 80.0 0.0
0.0 82.0 0.0
0.0 84.0 0.0
0.0 86.0 0.0
0.0 88.0 0.0
0.0 90.0 0.0
0.0 92.0 0.0
0.0 94.0 0.0
0.0 96.0 0.0
0.0 98.0 0.0
0.0 100.0 0.0
0.0 102.0 0.0
0.0 104.0 0.0
0.0 106.0 0.0
0.0 108.0 0.0
0.0 110.0 0.0
0.0 112.0 0.0
0.0 114.0 0.0
0.0 116.0 0.0
0.0 118.0 0.0
0.0 120.0 0.0
0.0 122.0 0.0
0.0 124.0 0.0
0.0 126.0 0.0
2.0 0.0 0.0
2.0 2.0 0.0
2.0 4.0 0.0
2.0 6.0 0.0
2.0 8.0 0.0
2.0 10.0 0.0
2.0 12.0 0.0
2.0 14.0 0.0
2.0 16.0 0.0
2.0 18.0 0.0
2.0 20.0 0.0
2.0 22.0 0.0
2.0 24.0 0.0
2.0 26.0 0.0
2.0 28.0 0.0
2.0 30.0 0.0
2.0 32.0 0.0
2.0 34.0 0.0
2.0 36.0 0.0
2.0 38.0 0.0
2.0 40.0 0.0
2.0 42.0 0.0
2.0 44.0 0.0
2.0 46.0 0.0
2.0 48.0 0.009373341554182544
2.0 50.0 0.0
2.0 52.0 0.0
2.0 54.0 0.0
2.0 56.0 0.0
2.0 58.0 0.0
2.0 60.0 0.0
2.0 62.0 0.0
2.0 64.0 0.0
2.0 66.0 0.0
2.0 68.0 0.019251866154827033
2.0 70.0 0.10303770475667874
2.0 72.0 0.21731197880709563
2.0 74.0 0.33253280063186363
2.0 76.0 0.4141802324604329
2.0 78.0 0.4521500753877899
2.0 80.0 0.0
2.0 82.0 0.0
2.0 84.0 0.0
2.0 86.0 0.0
2.0 88.0 0.0
2.0 90.0 0.0
2.0 92.0 0.0
2.0 94.0 0.0
2.0 96.0 0.0
2.0 98.0 0.0
2.0 100.0 0.0
2.0 102.0 0.0
2.0 104.0 0.0
2.0 106.0 0.0
2.0 108.0 0.0
2.0 110.0 0.0
2.0 112.0 0.0
2.0 114.0 0.0
2.0 116.0 0.0
2.0 118.0 0.0
2.0 120.0 0.0
2.0 122.0 0.0
2.0 124.0 0.0
2.0 126.0 0.0
4.0 0.0 0.0
4.0 2.0 0.0
4.0 4.0 0.0
4.0 6.0 0.0
4.0 8.0 0.0
4.0 10.0 0.0
4.0 12.0 0.0
4.0 14.0 0.0
4.0 16.0 0.0
4.0 18.0 0.0
4.0 20.0 0.0
4.0 22.0 0.0
4.0 24.0 0.0
4.0 26.0 0.0
4.0 28.0 0.0
4.0 30.0 0.0
4.0 32.0 0.0
4.0 34.0 0.0
4.0 36.0 0.0
4.0 38.0 0.0
4.0 40.0 0.0
4.0 42.0 0.1275020800100863
4.0 44.0 0.0
4.0 46.0 0.0
4.0 48.0 0.0
4.0 50.0 0.0
4.0 52.0 0.0
4.0 54.0 0.0
4.0 56.0 0.0
4.0 58.0 0.0
4.0 60.0 0.0
4.0 62.0 0.0
4.0 64.0 0.0
4.0 66.0 0.0015312162872300852
4.0 68.0 0.022010666137802424
4.0 70.0 0.09219666652219954
4.0 72.0 0.1954520000157031
4.0 74.0 0.3135491809552314
4.0 76.0 0.3985597529678589
4.0 78.0 0.440376904992966
4.0 80.0 0.4369080260735185
4.0 82.0 0.43662754514182217
4.0 84.0 0.4667356049845212
4.0 86.0 0.0
4.0 88.0 0.0
4.0 90.0 0.0
4.0 92.0 0.0
4.0 94.0 0.0
4.0 96.0 0.0
4.0 98.0 0.0
4.0 100.0 0.0
4.0 102.0 0.0
4.0 104.0 0.0
4.0 106.0 0.0
4.0 108.0 0.0
4.0 110.0 0.0
4.0 112.0 0.0
4.0 114.0 0.0
4.0 116.0 0.0
4.0 118.0 0.0
4.0 120.0 0.0
4.0 122.0 0.0
4.0 124.0 0.0
4.0 126.0 0.0
6.0 0.0 0.0
6.0 2.0 0.0
6.0 4.0 0.0
6.0 6.0 0.0
6.0 8.0 0.0
6.0 10.0 0.0
6.0 12.0 0.0
6.0 14.0 0.0
6.0 16.0 0.0
6.0 18.0 0.0
6.0 20.0 0.0
6.0 22.0 0.0
6.0 24.0 0.0
6.0 26.0 0.0
6.0 28.0 0.0
6.0 30.0 0.0
6.0 32.0 0.0
6.0 34.0 0.0
6.0 36.0 0.0
6.0 38.0 0.07060404105821401
6.0 40.0 0.0
6.0 42.0 0.0
6.0 44.0 0.0
6.0 46.0 0.0
6.0 48.0 0.0
6.0 50.0 0.0
6.0 52.0 0.0
6.0 54.0 0.0
6.0 56.0 0.0
6.0 58.0 0.0
6.0 60.0 0.0
6.0 62.0 0.0
6.0 64.0 0.0
6.0 66.0 0.0
6.0 68.0 0.01570384877344246
6.0 70.0 0.07327107257627567
6.0 72.0 0.1620777084228103
6.0 74.0 0.28643220553670057
6.0 76.0 0.38091808795770793
6.0 78.0 0.4304721396893652
6.0 80.0 0.4383303469274868
6.0 82.0 0.427531906134303
6.0 84.0 0.4557029266798105
6.0 86.0 0.4225675571169231
6.0 88.0 0.29418013768247125
6.0 90.0 0.05194107818043189
6.0 92.0 0.0
6.0 94.0 0.0
6.0 96.0 0.0
6.0 98.0 0.0
6.0 100.0 0.0
6.0 102.0 0.0
6.0 104.0 0.0
6.0 106.0 0.0
6.0 108.0 0.0
6.0 110.0 0.0
6.0 112.0 0.0
6.0 114.0 0.0
6.0 116.0 0.0
6.0 118.0 0.0
6.0 120.0 0.0
6.0 122.0 0.0
6.0 124.0 0.0
6.0 126.0 0.0
8.0 0.0 0.0
8.0 2.0 0.0
8.0 4.0 0.0
8.0 6.0 0.0
8.0 8.0 0.0
8.0 10.0 0.0
8.0 12.0 0.0
8.0 14.0 0.0
8.0 16.0 0.0
8.0 18.0 0.0
8.0 20.0 0.0
8.0 22.0 0.0
8.0 24.0 0.0
8.0 26.0 0.0
8.0 28.0 0.0
8.0 30.0 0.0
8.0 32.0 0.0
8.0 34.0 0.0
8.0 36.0 0.0
8.0 38.0 0.0
8.0 40.0 0.0
8.0 42.0 0.0
8.0 44.0 0.0
8.0 46.0 0.0
8.0 48.0 0.0
8.0 50.0 0.0
8.0 52.0 0.0
8.0 54.0 0.0
8.0 56.0 0.0
8.0 58.0 0.0
8.0 60.0 0.0
8.0 62.0 0.0
8.0 64.0 0.0
8.0 66.0 0.0
8.0 68.0 0.011448916854530722
8.0 70.0 0.04308590660987451
8.0 72.0 0.12422137630543865
8.0 74.0 0.2496339978220655
8.0 76.0 0.3555831773018862
8.0 78.0 0.4173639883613058
8.0 80.0 0.42953634752344394
8.0 82.0 0.40810473950490667
8.0 84.0 0.4300411121617231
8.0 86.0 0.4225954610954927
8.0 88.0 0.34546130406178593
8.0 90.0 0.14782071209301514
8.0 92.0 0.0
8.0 94.0 0.0
8.0 96.0 0.0
8.0 98.0 0.0
8.0 100.0 0.0
8.0 102.0 0.0
8.0 104.0 0.0
8.0 106.0 0.0
8.0 108.0 0.0
8.0 110.0 0.0
8.0 112.0 0.0
8.0 114.0 0.0
8.0 116.0 0.0
8.0 118.0 0.0
8.0 120.0 0.0
8.0 122.0 0.0
8.0 124.0 0.0
8.0 126.0 0.0
10.0 0.0 0.0
10.0 2.0 0.0
10.0 4.0 0.0
10.0 6.0 0.0
10.0 8.0 0.0
10.0 10.0 0.0
10.0 12.0 0.0
10.0 14.0 0.0
10.0 16.0 0.0
10.0 18.0 0.0
10.0 20.0 0.0
10.0 22.0 0.0
10.0 24.0 0.0
10.0 26.0 0.0
10.0 28.0 0.0
10.0 30.0 0.0
10.0 32.0 0.0
10.0 34.0 0.0
10.0 36.0 0.0
10.0 38.0 0.0
10.0 40.0 0.003514671344152697
10.0 42.0 0.01783561162445975
10.0 44.0 0.043049491130809435
10.0 46.0 0.06163491551725255
10.0 48.0 0.02792983942497938
10.0 50.0 0.0011479962038548942
10.0 52.0 0.0
10.0 54.0 0.0
10.0 56.0 0.0
10.0 58.0 0.0
10.0 60.0 0.0
10.0 62.0 0.0
10.0 64.0 0.0
10.0 66.0 0.0
10.0 68.0 0.003989177629220168
10.0 70.0 0.019631582544119463
10.0 72.0 0.07602760226580597
10.0 74.0 0.19887282487208244
10.0 76.0 0.31220543461890765
10.0 78.0 0.3923489175977793
10.0 80.0 0.39187394986844665
10.0 82.0 0.3876494926107222
10.0 84.0 0.4080061837746942
10.0 86.0 0.4088601562333077
10.0 88.0 0.3724529335309681
10.0 90.0 0.21678577226935256
10.0 92.0 0.010447693261216527
10.0 94.0 0.0
10.0 96.0 0.0
10.0 98.0 0.0
10.0 100.0 0.0
10.0 102.0 0.0
10.0 104.0 0.0
10.0 106.0 0.0
10.0 108.0 0.0
10.0 110.0 0.0
10.0 112.0 0.0
10.0 114.0 0.0
10.0 116.0 0.0
10.0 118.0 0.0
10.0 120.0 0.0
10.0 122.0 0.0
10.0 124.0 0.0
10.0 126.0 0.0
12.0 0.0 0.0
12.0 2.0 0.0
12.0 4.0 0.0
12.0 6.0 0.0
12.0 8.0 0.0
12.0 10.0 0.0
12.0 12.0 0.0
12.0 14.0 0.0
12.0 16.0 0.0
12.0 18.0 0.0
12.0 20.0 0.0
12.0 22.0 0.0
12.0 24.0 0.0
12.0 26.0 0.0
12.0 28.0 0.0
12.0 30.0 0.0
12.0 32.0 0.0
12.0 34.0 0.0
12.0 36.0 0.014302975043399883
12.0 38.0 0.0945402834429359
12.0 40.0 0.12097717147367619
12.0 42.0 0.1290482219924288
12.0 44.0 0.14206790357158458
12.0 46.0 0.13521537478278425
12.0 48.0 0.08838328831037366
12.0 50.0 0.019133124394718943
12.0 52.0 0.0
12.0 54.0 0.0
12.0 56.0 0.0
12.0 58.0 0.0
12.0 60.0 0.0
12.0 62.0 0.0
12.0 64.0 0.0
12.0 66.0 0.0
12.0 68.0 0.0
12.0 70.0 0.001482861039026549
12.0 72.0 0.03144987212432488
12.0 74.0 0.11945498977017648
12.0 76.0 0.24641311955205325
12.0 78.0 0.3426373308180743
12.0 80.0 0.3856120900100821
12.0 82.0 0.36662047759930366
12.0 84.0 0.36886109799994654
12.0 86.0 0.39107456448439387
12.0 88.0 0.3503200334968038
12.0 90.0 0.27025526937687183
12.0 92.0 0.05641964297170755
12.0 94.0 0.0
12.0 96.0 0.0
12.0 98.0 0.0
12.0 100.0 0.0
12.0 102.0 0.0
12.0 104.0 0.0
12.0 106.0 0.0
12.0 108.0 0.0
12.0 110.0 0.0
12.0 112.0 0.0
12.0 114.0 0.0
12.0 116.0 0.0
12.0 118.0 0.0
12.0 120.0 0.0
12.0 122.0 0.0
12.0 124.0 0.0
12.0 126.0 0.0
14.0 0.0 0.0
14.0 2.0 0.0
14.0 4.0 0.0
14.0 6.0 0.0
14.0 8.0 0.0
14.0 10.0 0.0
14.0 12.0 0.0
14.0 14.0 0.0
14.0 16.0 0.0
14.0 18.0 0.0
14.0 20.0 0.0
14.0 22.0 0.0
14.0 24.0 0.0
14.0 26.0 0.0
14.0 28.0 0.0
14.0 30.0 0.0
14.0 32.0 0.013559684774283175
14.0 34.0 0.14357316378485088
14.0 36.0 0.24615185004888782
14.0 38.0 0.2814865019550749
14.0 40.0 0.2947737448541439
14.0 42.0 0.25402481410145444
14.0 44.0 0.2478421200771268
14.0 46.0 0.21863727518110807
14.0 48.0 0.15426059829441346
14.0 50.0 0.05851399682920925
14.0 52.0 0.0
14.0 54.0 0.0
14.0 56.0 0.0
14.0 58.0 0.0
14.0 60.0 0.0
14.0 62.0 0.0
14.0 64.0 0.0
14.0 66.0 0.0
14.0 68.0 0.0
14.0 70.0 0.0
14.0 72.0 0.007089600571867948
14.0 74.0 0.05229346635642631
14.0 76.0 0.17107283607359383
14.0 78.0 0.27888341313476944
14.0 80.0 0.34040209250366643
14.0 82.0 0.33812152684307506
14.0 84.0 0.339869488070304
14.0 86.0 0.3666052257644816
14.0 88.0 0.3379810920374482
14.0 90.0 0.282584733614959
14.0 92.0 0.09000608422104872
14.0 94.0 0.0
14.0 96.0 0.0
14.0 98.0 0.0
14.0 100.0 0.0
14.0 102.0 0.0
14.0 104.0 0.0
14.0 106.0 0.0
14.0 108.0 0.0
14.0 110.0 0.0
14.0 112.0 0.0
14.0 114.0 0.0
14.0 116.0 0.0
14.0 118.0 0.0
14.0 120.0 0.0
14.0 122.0 0.0
14.0 124.0 0.0
14.0 126.0 0.0
16.0 0.0 0.0
16.0 2.0 0.0
16.0 4.0 0.0
16.0 6.0 0.0
16.0 8.0 0.0
16.0 10.0 0.0
16.0 12.0 0.0
16.0 14.0 0.0
16.0 16.0 0.0
16.0 18.0 0.0
16.0 20.0 0.0
16.0 22.0 0.0
16.0 24.0 0.0
16.0 26.0 0.0
16.0 28.0 0.0
16.0 30.0 0.007698978376165014
16.0 32.0 0.14379626069259088
16.0 34.0 0.2696360102313765
16.0 36.0 0.36168418091141824
16.0 38.0 0.3994132239941979
16.0 40.0 0.3797880388517098
16.0 42.0 0.37020430420093836
16.0 44.0 0.33762913208538486
16.0 46.0 0.2828326008184281
16.0 48.0 0.2549538009121605
16.0 50.0 0.13974562426331175
16.0 52.0 0.018621196056331037
16.0 54.0 0.0
16.0 56.0 0.0
16.0 58.0 0.0
16.0 60.0 0.0
16.0 62.0 0.0
16.0 64.0 0.0
16.0 66.0 0.0
16.0 68.0 0.0
16.0 70.0 0.0
16.0 72.0 0.0
16.0 74.0 0.012549324363321965
16.0 76.0 0.09893313649767255
16.0 78.0 0.20660745177569462
16.0 80.0 0.28419568252702015
16.0 82.0 0.3193384942763951
16.0 84.0 0.3113891671246771
16.0 86.0 0.3243023517823831
16.0 88.0 0.3274619564197396
16.0 90.0 0.2336322111681507
16.0 92.0 0.08936882351788322
16.0 94.0 0.0
16.0 96.0 0.0
16.0 98.0 0.0
16.0 100.0 0.0
16.0 102.0 0.0
16.0 104.0 0.0
16.0 106.0 0.0
16.0 108.0 0.0
16.0 110.0 0.0
16.0 112.0 0.0
16.0 114.0 0.0
16.0 116.0 0.0
16.0 118.0 0.0
16.0 120.0 0.0
16.0 122.0 0.0
16.0 124.0 0.0
16.0 126.0 0.0
18.0 0.0 0.0
18.0 2.0 0.0
18.0 4.0 0.0
18.0 6.0 0.0
18.0 8.0 0.0
18.0 10.0 0.0
18.0 12.0 0.0
18.0 14.0 0.0
18.0 16.0 0.0
18.0 18.0 0.0
18.0 20.0 0.0
18.0 22.0 0.0
18.0 24.0 0.0
18.0 26.0 0.0
18.0 28.0 8.226380982179985E-5
18.0 30.0 0.07373480883346732
18.0 32.0 0.2514486259323927
18.0 34.0 0.3468644488109967
18.0 36.0 0.40588284804792013
18.0 38.0 0.45767598751640454
18.0 40.0 0.4372824878683513
18.0 42.0 0.41832569237394995
18.0 44.0 0.42276217232670094
18.0 46.0 0.39472317850356514
18.0 48.0 0.32966780517598876
18.0 50.0 0.22639286356344393
18.0 52.0 0.06339688299453411
18.0 54.0 5.159752728582052E-4
18.0 56.0 0.0
18.0 58.0 0.0
18.0 60.0 0.0
18.0 62.0 0.0
18.0 64.0 0.0
18.0 66.0 0.0
18.0 68.0 0.0
18.0 70.0 0.0
18.0 72.0 0.0
18.0 74.0 1.8866956666158759E-4
18.0 76.0 0.03294523422958842
18.0 78.0 0.1324908615191877
18.0 80.0 0.2174093299728337
18.0 82.0 0.2656066991930439
18.0 84.0 0.2768099711840391
18.0 86.0 0.2679433392344252
18.0 88.0 0.2876839589834735
18.0 90.0 0.204423594789088
18.0 92.0 0.06901406989636348
18.0 94.0 0.0
18.0 96.0 0.0
18.0 98.0 0.0
18.0 100.0 0.0
18.0 102.0 0.0
18.0 104.0 0.0
18.0 106.0 0.0
18.0 108.0 0.0
18.0 110.0 0.0
18.0 112.0 0.0
18.0 114.0 0.0
18.0 116.0 0.0
18.0 118.0 0.0
18.0 120.0 0.0
18.0 122.0 0.0
18.0 124.0 0.0
18.0 126.0 0.0
20.0 0.0 0.0
20.0 2.0 0.0
20.0 4.0 0.0
20.0 6.0 0.0
20.0 8.0 0.0
20.0 10.0 0.0
20.0 12.0 0.0
20.0 14.0 0.0
20.0 16.0 0.0
20.0 18.0 0.0
20.0 20.0 0.0
20.0 22.0 0.0
20.0 24.0 0.0
20.0 26.0 0.0037303055447917913
20.0 28.0 0.03638336251847656
20.0 30.0 0.14922686593490014
20.0 32.0 0.3340048281329242
20.0 34.0 0.39122490203119636
20.0 36.0 0.42695801894499236
20.0 38.0 0.4891428591730704
20.0 40.0 0.4694204769149077
20.0 42.0 0.4447550957664765
20.0 44.0 0.45288694552399095
20.0 46.0 0.4403573300158845
20.0 48.0 0.41547155457590595
20.0 50.0 0.30058063906382737
20.0 52.0 0.14466212180283292
20.0 54.0 0.02938357207530896
20.0 56.0 0.0
20.0 58.0 0.0
20.0 60.0 0.0
20.0 62.0 0.0
20.0 64.0 0.0
20.0 66.0 0.0
20.0 68.0 0.0
20.0 70.0 0.0
20.0 72.0 0.0
20.0 74.0 0.0
20.0 76.0 0.004605920197826664
20.0 78.0 0.060476454648538715
20.0 80.0 0.1371036112172346
20.0 82.0 0.19142834211849521
20.0 84.0 0.21407166559662683
20.0 86.0 0.21010249494163336
20.0 88.0 0.21892348743986612
20.0 90.0 0.1484015748768758
20.0 92.0 0.03199867397694321
20.0 94.0 0.0
20.0 96.0 0.0
20.0 98.0 0.0
20.0 100.0 0.0
20.0 102.0 0.0
20.0 104.0 0.0
20.0 106.0 0.0
20.0 108.0 0.0
20.0 110.0 0.0
20.0 112.0 0.0
20.0 114.0 0.0
20.0 116.0 0.0
20.0 118.0 0.0
20.0 120.0 0.0
20.0 122.0 0.0
20.0 124.0 0.0
20.0 126.0 0.0
22.0 0.0 0.0
22.0 2.0 0.0
22.0 4.0 0.0
22.0 6.0 0.0
22.0 8.0 0.0
22.0 10.0 0.0
22.0 12.0 0.0
22.0 14.0 0.0
22.0 16.0 0.042944409424421404
22.0 18.0 0.04207219178052137
22.0 20.0 0.01973468237725749
22.0 22.0 0.005948640022736706
22.0 24.0 0.0012767571477114966
22.0 26.0 0.005640947515124234
22.0 28.0 0.04338787411538991
22.0 30.0 0.16402105963583802
22.0 32.0 0.34043696890921665
22.0 34.0 0.4202057328865722
22.0 36.0 0.4459056572376072
22.0 38.0 0.47077015466636607
22.0 40.0 0.5191227960245471
22.0 42.0 0.5321029266702096
22.0 44.0 0.5241471373104054
22.0 46.0 0.49883280548728187
22.0 48.0 0.4559346048713373
22.0 50.0 0.39960986881567834
22.0 52.0 0.22374789702841938
22.0 54.0 0.07814673391859589
22.0 56.0 0.0
22.0 58.0 0.0
22.0 60.0 0.0
22.0 62.0 0.0
22.0 64.0 0.0
22.0 66.0 0.0
22.0 68.0 0.0
22.0 70.0 0.0
22.0 72.0 0.0
22.0 74.0 0.0
22.0 76.0 0.0
22.0 78.0 0.0037951387530427085
22.0 80.0 0.05056591078676348
22.0 82.0 0.10693638363666125
22.0 84.0 0.13596117491743034
22.0 86.0 0.13633983065177815
22.0 88.0 0.13289644164168257
22.0 90.0 0.07314473925911405
22.0 92.0 0.005177110666203751
22.0 94.0 0.0
22.0 96.0 0.0
22.0 98.0 0.0
22.0 100.0 0.0
22.0 102.0 0.0
22.0 104.0 0.0
22.0 106.0 0.0
22.0 108.0 0.009209082998786292
22.0 110.0 0.11400366919021254
22.0 112.0 0.0
22.0 114.0 0.0
22.0 116.0 0.0
22.0 118.0 0.0
22.0 120.0 0.0
22.0 122.0 0.0
22.0 124.0 0.0
22.0 126.0 0.0
24.0 0.0 0.0
24.0 2.0 0.0
24.0 4.0 0.0
24.0 6.0 0.0
24.0 8.0 0.0
24.0 10.0 0.0
24.0 12.0 0.0
24.0 14.0 0.23975896980830003
24.0 16.0 0.07935202187587313
24.0 18.0 0.022463565994796823
24.0 20.0 0.005367292746211896
24.0 22.0 5.696474719815806E-4
24.0 24.0 0.0
24.0 26.0 0.0
24.0 28.0 0.01681206925209983
24.0 30.0 0.1172648297415757
24.0 32.0 0.2611835140768182
24.0 34.0 0.40850069692170404
24.0 36.0 0.45552160782758794
24.0 38.0 0.4882749100542742
24.0 40.0 0.48943737029220274
24.0 42.0 0.5066842227669514
24.0 44.0 0.5216988364498353
24.0 46.0 0.5100877559716022
24.0 48.0 0.4870232976898073
24.0 50.0 0.4475743565795622
24.0 52.0 0.2955785338500471
24.0 54.0 0.1311753069080047
24.0 56.0 0.006153102877520747
24.0 58.0 0.0
24.0 60.0 0.0
24.0 62.0 0.0
24.0 64.0 0.0
24.0 66.0 0.0
24.0 68.0 0.0
24.0 70.0 0.0
24.0 72.0 0.0
24.0 74.0 0.0
24.0 76.0 0.0
24.0 78.0 0.0
24.0 80.0 0.0
24.0 82.0 0.008937580535347763
24.0 84.0 0.03773112089123175
24.0 86.0 0.04606840190558408
24.0 88.0 0.036492164263306766
24.0 90.0 0.008773925923217477
24.0 92.0 0.0
24.0 94.0 0.0
24.0 96.0 0.0
24.0 98.0 0.0
24.0 100.0 0.0
24.0 102.0 0.0
24.0 104.0 0.0
24.0 106.0 0.0043532473159379435
24.0 108.0 0.0654131451236981
24.0 110.0 0.23142543868843377
24.0 112.0 0.3960120231799835
24.0 114.0 0.0
24.0 116.0 0.0
24.0 118.0 0.0
24.0 120.0 0.0
24.0 122.0 0.0
24.0 124.0 0.0
24.0 126.0 0.0
26.0 0.0 0.0
26.0 2.0 0.0
26.0 4.0 0.0
26.0 6.0 0.0
26.0 8.0 0.0
26.0 10.0 0.0
26.0 12.0 0.0
26.0 14.0 0.18705700279688972
26.0 16.0 0.002542964000444742
26.0 18.0 0.0
26.0 20.0 0.0
26.0 22.0 0.0
26.0 24.0 0.0
26.0 26.0 0.0
26.0 28.0 0.005565731426687071
26.0 30.0 0.06772607578082444
26.0 32.0 0.19771720693536735
26.0 34.0 0.3417428643248777
26.0 36.0 0.44182881048473543
26.0 38.0 0.46305933567425067
26.0 40.0 0.4725718751252052
26.0 42.0 0.49567181221109546
26.0 44.0 0.5124719488714472
26.0 46.0 0.5077429266728438
26.0 48.0 0.484005281861664
26.0 50.0 0.47600827961371883
26.0 52.0 0.3416747818900229
26.0 54.0 0.1733607836150739
26.0 56.0 0.031088847026839412
26.0 58.0 0.0
26.0 60.0 0.0
26.0 62.0 0.0
26.0 64.0 0.0
26.0 66.0 0.0
26.0 68.0 0.0
26.0 70.0 0.0
26.0 72.0 0.0
26.0 74.0 0.0
26.0 76.0 0.0
26.0 78.0 0.0
26.0 80.0 0.0
26.0 82.0 0.0
26.0 84.0 8.654793993815914E-5
26.0 86.0 0.002389133485907183
26.0 88.0 0.001881547285144311
26.0 90.0 0.0
26.0 92.0 0.0
26.0 94.0 0.0
26.0 96.0 0.0
26.0 98.0 0.0
26.0 100.0 0.0
26.0 102.0 0.0
26.0 104.0 0.0
26.0 106.0 0.024865780920232023
26.0 108.0 0.15899818121842527
26.0 110.0 0.3041365162262483
26.0 112.0 0.4249068533719798
26.0 114.0 0.4410903312461674
26.0 116.0 0.0
26.0 118.0 0.0
26.0 120.0 0.0
26.0 122.0 0.0
26.0 124.0 0.0
26.0 126.0 0.0
28.0 0.0 0.0
28.0 2.0 0.0
28.0 4.0 0.0
28.0 6.0 0.0
28.0 8.0 0.0
28.0 10.0 0.0
28.0 12.0 0.09275860114087549
28.0 14.0 0.0
28.0 16.0 0.0
28.0 18.0 0.0
28.0 20.0 0.0
28.0 22.0 0.0
28.0 24.0 0.0
28.0 26.0 0.0
28.0 28.0 2.5162698747766053E-4
28.0 30.0 0.02314397761082576
28.0 32.0 0.1328044259626987
28.0 34.0 0.2676322097756038
28.0 36.0 0.3807613516406491
28.0 38.0 0.3962754954934271
28.0 40.0 0.4228423459751796
28.0 42.0 0.43613427820284745
28.0 44.0 0.4526504789473997
28.0 46.0 0.45210476024658447
28.0 48.0 0.4286526035393012
28.0 50.0 0.46498386997828894
28.0 52.0 0.35178998199252653
28.0 54.0 0.1968558506378397
28.0 56.0 0.05805060778150948
28.0 58.0 0.0
28.0 60.0 0.0
28.0 62.0 0.0
28.0 64.0 0.0
28.0 66.0 0.0
28.0 68.0 0.0
28.0 70.0 0.0
28.0 72.0 0.0
28.0 74.0 0.0
28.0 76.0 0.0
28.0 78.0 0.0
28.0 80.0 0.0
28.0 82.0 0.0
28.0 84.0 0.0
28.0 86.0 0.0
28.0 88.0 0.0
28.0 90.0 0.0
28.0 92.0 0.0
28.0 94.0 0.0
28.0 96.0 0.0
28.0 98.0 0.0
28.0 100.0 0.0
28.0 102.0 0.0
28.0 104.0 0.010061762717837446
28.0 106.0 0.1063393285644454
28.0 108.0 0.23169206248135568
28.0 110.0 0.37124456048054727
28.0 112.0 0.45584067723681737
28.0 114.0 0.46533741007799795
28.0 116.0 0.32800395749159506
28.0 118.0 0.0
28.0 120.0 0.0
28.0 122.0 0.0
28.0 124.0 0.0
28.0 126.0 0.0
30.0 0.0 0.0
30.0 2.0 0.0
30.0 4.0 0.0
30.0 6.0 0.0
30.0 8.0 0.0
30.0 10.0 0.017995214935314793
30.0 12.0 0.0
30.0 14.0 0.0
30.0 16.0 0.0
30.0 18.0 0.0
30.0 20.0 0.0
30.0 22.0 0.0
30.0 24.0 0.0
30.0 26.0 0.0
30.0 28.0 8.629379867200699E-4
30.0 30.0 0.012899390609937668
30.0 32.0 0.056782137835513564
30.0 34.0 0.142328930496696
30.0 36.0 0.2340224451630705
30.0 38.0 0.29785174882885995
30.0 40.0 0.3260587720199159
30.0 42.0 0.35861003274307013
30.0 44.0 0.3757702417852611
30.0 46.0 0.38143037674817837
30.0 48.0 0.4149478231791334
30.0 50.0 0.4358149342021475
30.0 52.0 0.3330507484453933
30.0 54.0 0.19785062411300477
30.0 56.0 0.07808732339042289
30.0 58.0 6.407587733974687E-4
30.0 60.0 0.0
30.0 62.0 0.0
30.0 64.0 0.0
30.0 66.0 0.0
30.0 68.0 0.0
30.0 70.0 0.0
30.0 72.0 0.0
30.0 74.0 0.0
30.0 76.0 0.0
30.0 78.0 0.0
30.0 80.0 0.0
30.0 82.0 0.0
30.0 84.0 0.0
30.0 86.0 0.0
30.0 88.0 0.0
30.0 90.0 0.0
30.0 92.0 0.0
30.0 94.0 0.0
30.0 96.0 0.0
30.0 98.0 0.0
30.0 100.0 0.0011109980865811272
30.0 102.0 0.024380414058298664
30.0 104.0 0.12561496426848182
30.0 106.0 0.22846245075279123
30.0 108.0 0.3178696793342716
30.0 110.0 0.3727808493893255
30.0 112.0 0.47823282071443823
30.0 114.0 0.4759770579054407
30.0 116.0 0.2972868328496409
30.0 118.0 0.0
30.0 120.0 0.0
30.0 122.0 0.0
30.0 124.0 0.0
30.0 126.0 0.0
32.0 0.0 0.0
32.0 2.0 0.0
32.0 4.0 0.0
32.0 6.0 0.0
32.0 8.0 0.0
32.0 10.0 0.0050295286468548224
32.0 12.0 0.0
32.0 14.0 0.0
32.0 16.0 0.0
32.0 18.0 0.0
32.0 20.0 0.0
32.0 22.0 0.0
32.0 24.0 0.0
32.0 26.0 0.0
32.0 28.0 0.0
32.0 30.0 0.004572217521596548
32.0 32.0 0.013944490077239158
32.0 34.0 0.026628328060207068
32.0 36.0 0.07243687939804187
32.0 38.0 0.12862782813361015
32.0 40.0 0.1843096651580205
32.0 42.0 0.22567097346744477
32.0 44.0 0.2504931233949302
32.0 46.0 0.2641948939863435
32.0 48.0 0.3389368557023111
32.0 50.0 0.3335543600382316
32.0 52.0 0.2655039363741104
32.0 54.0 0.18395078027861753
32.0 56.0 0.10385164984439056
32.0 58.0 0.03067026980801137
32.0 60.0 0.0
32.0 62.0 0.0
32.0 64.0 0.0
32.0 66.0 0.0
32.0 68.0 0.0
32.0 70.0 0.0
32.0 72.0 0.0
32.0 74.0 0.0
32.0 76.0 0.0
32.0 78.0 0.0
32.0 80.0 0.0
32.0 82.0 0.0
32.0 84.0 0.0
32.0 86.0 0.0
32.0 88.0 0.0
32.0 90.0 0.0
32.0 92.0 0.0
32.0 94.0 3.550589127908807E-4
32.0 96.0 0.00765237373786611
32.0 98.0 0.014437405056502858
32.0 100.0 0.03713381570150309
32.0 102.0 0.1429344836093796
32.0 104.0 0.26124855969231214
32.0 106.0 0.34070760627517954
32.0 108.0 0.3695030047877088
32.0 110.0 0.39212386195424137
32.0 112.0 0.49826079899800896
32.0 114.0 0.4828803796474372
32.0 116.0 0.28174064069294624
32.0 118.0 4.0360214798731454E-4
32.0 120.0 0.0
32.0 122.0 0.0
32.0 124.0 0.0
32.0 126.0 0.0
34.0 0.0 0.0
34.0 2.0 0.0
34.0 4.0 0.0
34.0 6.0 0.0
34.0 8.0 0.0
34.0 10.0 0.0
34.0 12.0 0.0
34.0 14.0 0.0
34.0 16.0 0.0
34.0 18.0 0.0
34.0 20.0 0.0
34.0 22.0 0.0
34.0 24.0 0.0
34.0 26.0 0.0
34.0 28.0 5.584488307214878E-4
34.0 30.0 0.0021960771132032812
34.0 32.0 0.0016835580979530217
34.0 34.0 0.0
34.0 36.0 0.0043895286339362795
34.0 38.0 0.039392207151458185
34.0 40.0 0.09060202753816447
34.0 42.0 0.11596723230132268
34.0 44.0 0.1366715006953971
34.0 46.0 0.15396583384183238
34.0 48.0 0.19569920341640004
34.0 50.0 0.19971078488386995
34.0 52.0 0.182973511484213
34.0 54.0 0.16625413187277807
34.0 56.0 0.14700873954642177
34.0 58.0 0.10199050454904285
34.0 60.0 0.05003148283242637
34.0 62.0 0.014172772583803195
34.0 64.0 0.0
34.0 66.0 0.0
34.0 68.0 0.0
34.0 70.0 0.0
34.0 72.0 0.0
34.0 74.0 0.0
34.0 76.0 0.0
34.0 78.0 0.0
34.0 80.0 0.0
34.0 82.0 0.0
34.0 84.0 0.0
34.0 86.0 0.0
34.0 88.0 0.0
34.0 90.0 0.0
34.0 92.0 0.0
34.0 94.0 0.004920050119111151
34.0 96.0 0.024378572051842226
34.0 98.0 0.0506441924521626
34.0 100.0 0.1341009865979446
34.0 102.0 0.25155829625309795
34.0 104.0 0.32425557401072785
34.0 106.0 0.35679387823258196
34.0 108.0 0.38513944543150086
34.0 110.0 0.4690192286598121
34.0 112.0 0.5030421009483313
34.0 114.0 0.4816935759669371
34.0 116.0 0.28357724785093436
34.0 118.0 0.0
34.0 120.0 0.0
34.0 122.0 0.0
34.0 124.0 0.0
34.0 126.0 0.0
36.0 0.0 0.0
36.0 2.0 0.0
36.0 4.0 0.0
36.0 6.0 0.0
36.0 8.0 0.0
36.0 10.0 0.0
36.0 12.0 0.0
36.0 14.0 0.0
36.0 16.0 0.0
36.0 18.0 0.0
36.0 20.0 0.0
36.0 22.0 0.0
36.0 24.0 0.0
36.0 26.0 0.0
36.0 28.0 7.405364009252852E-4
36.0 30.0 7.633688145947995E-4
36.0 32.0 0.0
36.0 34.0 0.0
36.0 36.0 4.723345227276308E-4
36.0 38.0 0.006261770089214112
36.0 40.0 0.01707299361047943
36.0 42.0 0.024799949274105032
36.0 44.0 0.04048947770176733
36.0 46.0 0.06103303394674755
36.0 48.0 0.08001487392790442
36.0 50.0 0.11023753413871633
36.0 52.0 0.12159070067681348
36.0 54.0 0.14775401883094044
36.0 56.0 0.17216621324105244
36.0 58.0 0.17451943663200264
36.0 60.0 0.17338194630468418
36.0 62.0 0.16717804978680392
36.0 64.0 0.1421950541885939
36.0 66.0 0.10297138786581882
36.0 68.0 0.039446092645335204
36.0 70.0 0.005568922454177498
36.0 72.0 0.0
36.0 74.0 0.0
36.0 76.0 0.0
36.0 78.0 0.0
36.0 80.0 0.0
36.0 82.0 0.0
36.0 84.0 0.0
36.0 86.0 0.0
36.0 88.0 0.0
36.0 90.0 0.0
36.0 92.0 0.0
36.0 94.0 0.006155174411283555
36.0 96.0 0.035542096393548085
36.0 98.0 0.10631808677285491
36.0 100.0 0.21362096448044113
36.0 102.0 0.3226630111765957
36.0 104.0 0.3302186486444673
36.0 106.0 0.3706152376699218
36.0 108.0 0.39399757977193334
36.0 110.0 0.49072948684619494
36.0 112.0 0.5136325383399345
36.0 114.0 0.48735625486077505
36.0 116.0 0.2892966776209083
36.0 118.0 0.0
36.0 120.0 0.0
36.0 122.0 0.0
36.0 124.0 0.0
36.0 126.0 0.0
38.0 0.0 0.0
38.0 2.0 0.0
38.0 4.0 0.0
38.0 6.0 0.0
38.0 8.0 0.0
38.0 10.0 0.0
38.0 12.0 0.0
38.0 14.0 0.0
38.0 16.0 0.0
38.0 18.0 0.0
38.0 20.0 0.0
38.0 22.0 0.0
38.0 24.0 0.0
38.0 26.0 0.0
38.0 28.0 0.0
38.0 30.0 0.0
38.0 32.0 0.0
38.0 34.0 0.0
38.0 36.0 0.0
38.0 38.0 0.0
38.0 40.0 0.0
38.0 42.0 3.6763217374754056E-4
38.0 44.0 0.0031881293741109116
38.0 46.0 0.01128038159882932
38.0 48.0 0.025028122178140388
38.0 50.0 0.04774111284008755
38.0 52.0 0.08585690119769822
38.0 54.0 0.1289811125078476
38.0 56.0 0.18406342994541272
38.0 58.0 0.22036269187650004
38.0 60.0 0.2539788869880095
38.0 62.0 0.27741022193650716
38.0 64.0 0.2789122077329243
38.0 66.0 0.250763161925576
38.0 68.0 0.18010434583117998
38.0 70.0 0.10355523611609485
38.0 72.0 0.037629466663864575
38.0 74.0 0.0
38.0 76.0 0.0
38.0 78.0 0.0
38.0 80.0 0.0
38.0 82.0 0.0
38.0 84.0 0.0
38.0 86.0 0.0
38.0 88.0 0.0
38.0 90.0 0.0
38.0 92.0 0.0
38.0 94.0 0.004080264827749169
38.0 96.0 0.028726850801656448
38.0 98.0 0.11741177693958994
38.0 100.0 0.2490421705928749
38.0 102.0 0.29931296941783087
38.0 104.0 0.35103031494367976
38.0 106.0 0.3866999581434143
38.0 108.0 0.40524598019605595
38.0 110.0 0.5001774321516517
38.0 112.0 0.5131358863201185
38.0 114.0 0.47754093321637137
38.0 116.0 0.2909203098999437
38.0 118.0 0.005221045272452886
38.0 120.0 0.0
38.0 122.0 0.0
38.0 124.0 0.0
38.0 126.0 0.0
40.0 0.0 0.0
40.0 2.0 0.0
40.0 4.0 0.0
40.0 6.0 0.0
40.0 8.0 0.0
40.0 10.0 0.0
40.0 12.0 0.0
40.0 14.0 0.0
40.0 16.0 0.0
40.0 18.0 0.0
40.0 20.0 0.0
40.0 22.0 0.0
40.0 24.0 0.0
40.0 26.0 0.0
40.0 28.0 1.2939255331599503E-5
40.0 30.0 0.0
40.0 32.0 0.0
40.0 34.0 0.0
40.0 36.0 0.0
40.0 38.0 0.0
40.0 40.0 0.0
40.0 42.0 0.0
40.0 44.0 0.0
40.0 46.0 0.0
40.0 48.0 0.006069225290657794
40.0 50.0 0.025811177737381775
40.0 52.0 0.06444642604639349
40.0 54.0 0.12831021586613944
40.0 56.0 0.19869506825197125
40.0 58.0 0.2584486464097445
40.0 60.0 0.31003001549878584
40.0 62.0 0.34633019555027106
40.0 64.0 0.3626613596576218
40.0 66.0 0.356710593134461
40.0 68.0 0.30821056538275454
40.0 70.0 0.212550566307711
40.0 72.0 0.11266112758603446
40.0 74.0 0.010742243711831648
40.0 76.0 0.0
40.0 78.0 0.0
40.0 80.0 0.0
40.0 82.0 0.0
40.0 84.0 0.0
40.0 86.0 0.0
40.0 88.0 0.0
40.0 90.0 0.0
40.0 92.0 0.0
40.0 94.0 0.0
40.0 96.0 0.012553102546089536
40.0 98.0 0.09601173241654924
40.0 100.0 0.2519031331726196
40.0 102.0 0.3006057724156224
40.0 104.0 0.359783133009325
40.0 106.0 0.3921387865989167
40.0 108.0 0.41118930052552066
40.0 110.0 0.48397056181920955
40.0 112.0 0.49660834337618853
40.0 114.0 0.45910801234369875
40.0 116.0 0.28952013747722954
40.0 118.0 0.022255328719599093
40.0 120.0 0.0
40.0 122.0 0.0
40.0 124.0 0.0
40.0 126.0 0.0
42.0 0.0 0.0
42.0 2.0 0.0
42.0 4.0 0.0
42.0 6.0 0.0
42.0 8.0 0.0
42.0 10.0 0.0
42.0 12.0 0.0
42.0 14.0 0.0
42.0 16.0 0.0
42.0 18.0 0.0
42.0 20.0 0.0
42.0 22.0 0.0
42.0 24.0 0.0
42.0 26.0 0.0
42.0 28.0 0.0
42.0 30.0 0.0
42.0 32.0 0.0
42.0 34.0 0.0
42.0 36.0 0.0
42.0 38.0 0.0
42.0 40.0 0.0
42.0 42.0 0.0
42.0 44.0 0.0
42.0 46.0 0.0
42.0 48.0 0.0027959008357458883
42.0 50.0 0.018465169003876222
42.0 52.0 0.05633511835379182
42.0 54.0 0.1309075518305948
42.0 56.0 0.2192636534593643
42.0 58.0 0.29398805752283924
42.0 60.0 0.35274165609437863
42.0 62.0 0.3914757493887117
42.0 64.0 0.4086810499605678
42.0 66.0 0.40994983651374445
42.0 68.0 0.3880890103845293
42.0 70.0 0.29767102615137797
42.0 72.0 0.1874501051155477
42.0 74.0 0.049686293446060424
42.0 76.0 0.0
42.0 78.0 0.0
42.0 80.0 0.0
42.0 82.0 0.0
42.0 84.0 0.0
42.0 86.0 0.0
42.0 88.0 0.0
42.0 90.0 0.0
42.0 92.0 0.0
42.0 94.0 0.0
42.0 96.0 0.005514375087311442
42.0 98.0 0.06388433419685269
42.0 100.0 0.221526698420942
42.0 102.0 0.3148137254352364
42.0 104.0 0.3568369479343021
42.0 106.0 0.3917121416878436
42.0 108.0 0.4106772426641176
42.0 110.0 0.44554110135111497
42.0 112.0 0.4761581883332299
42.0 114.0 0.43118869059543224
42.0 116.0 0.2823914187441593
42.0 118.0 0.04484290919313994
42.0 120.0 0.0
42.0 122.0 0.0
42.0 124.0 0.0
42.0 126.0 0.0
44.0 0.0 0.0
44.0 2.0 0.0
44.0 4.0 0.0
44.0 6.0 0.0
44.0 8.0 0.0
44.0 10.0 0.0
44.0 12.0 0.0
44.0 14.0 0.0014564023503220605
44.0 16.0 0.0605203727762386
44.0 18.0 0.05757767159204654
44.0 20.0 0.03366784450772111
44.0 22.0 0.0
44.0 24.0 1.4458761255437826E-4
44.0 26.0 8.68529312782636E-4
44.0 28.0 0.0
44.0 30.0 0.0
44.0 32.0 0.0
44.0 34.0 0.0
44.0 36.0 0.0
44.0 38.0 0.0
44.0 40.0 0.0
44.0 42.0 0.0
44.0 44.0 0.0
44.0 46.0 0.0
44.0 48.0 0.0012474912866161179
44.0 50.0 0.013772175340992081
44.0 52.0 0.05204220906541448
44.0 54.0 0.14001522220586737
44.0 56.0 0.24549827632916513
44.0 58.0 0.33126521666078745
44.0 60.0 0.3918356370212596
44.0 62.0 0.4288011966096037
44.0 64.0 0.4446149730327185
44.0 66.0 0.43948684850969627
44.0 68.0 0.4093504309860096
44.0 70.0 0.35835769704028114
44.0 72.0 0.24098099338133835
44.0 74.0 0.08940692482975769
44.0 76.0 0.0
44.0 78.0 0.0
44.0 80.0 0.0
44.0 82.0 0.0
44.0 84.0 0.0
44.0 86.0 0.0
44.0 88.0 0.0
44.0 90.0 0.0
44.0 92.0 0.0
44.0 94.0 0.0
44.0 96.0 0.0
44.0 98.0 0.026176729453290512
44.0 100.0 0.16787308627840222
44.0 102.0 0.3037817833577613
44.0 104.0 0.356117387943143
44.0 106.0 0.37683675264775146
44.0 108.0 0.3931159222871156
44.0 110.0 0.41518242334187505
44.0 112.0 0.4462802130335888
44.0 114.0 0.400713169989191
44.0 116.0 0.2733950664347791
44.0 118.0 0.06807459803597425
44.0 120.0 0.0
44.0 122.0 0.0
44.0 124.0 0.0
44.0 126.0 0.0
46.0 0.0 0.0
46.0 2.0 0.0
46.0 4.0 0.0
46.0 6.0 0.0
46.0 8.0 0.0
46.0 10.0 0.0
46.0 12.0 0.0021355812517742157
46.0 14.0 0.14309349866166918
46.0 16.0 0.2458091632852062
46.0 18.0 0.21251190262461309
46.0 20.0 0.1551795353729653
46.0 22.0 0.056739615020149514
46.0 24.0 0.027931859064728514
46.0 26.0 0.003306276788312168
46.0 28.0 0.0
46.0 30.0 0.0
46.0 32.0 0.0
46.0 34.0 0.0
46.0 36.0 0.0
46.0 38.0 0.0
46.0 40.0 0.0
46.0 42.0 0.0
46.0 44.0 0.0
46.0 46.0 0.0
46.0 48.0 3.435956751905595E-4
46.0 50.0 0.010929911288023156
46.0 52.0 0.04921843947979345
46.0 54.0 0.15093427364879097
46.0 56.0 0.2742991362239812
46.0 58.0 0.3725250162112581
46.0 60.0 0.434138868713825
46.0 62.0 0.4135061747909076
46.0 64.0 0.40881932644291724
46.0 66.0 0.40790330037573025
46.0 68.0 0.39696692462693356
46.0 70.0 0.39475201131638044
46.0 72.0 0.28803541048952136
46.0 74.0 0.1152416333456467
46.0 76.0 0.0
46.0 78.0 0.0
46.0 80.0 0.0
46.0 82.0 0.0
46.0 84.0 0.0
46.0 86.0 0.0
46.0 88.0 0.0
46.0 90.0 0.0
46.0 92.0 0.0
46.0 94.0 0.0
46.0 96.0 0.0
46.0 98.0 0.011695390541954712
46.0 100.0 0.10492445950066803
46.0 102.0 0.2315950481352973
46.0 104.0 0.32563410105068513
46.0 106.0 0.3674224176266963
46.0 108.0 0.3725249477092661
46.0 110.0 0.37182038252419153
46.0 112.0 0.38697800506122365
46.0 114.0 0.3624451239590016
46.0 116.0 0.25797700282411434
46.0 118.0 0.09287086365096715
46.0 120.0 0.0
46.0 122.0 0.0
46.0 124.0 0.0
46.0 126.0 0.0
48.0 0.0 0.0
48.0 2.0 0.0
48.0 4.0 0.0
48.0 6.0 0.0
48.0 8.0 0.0
48.0 10.0 0.02654883392730184
48.0 12.0 0.25511214764583534
48.0 14.0 0.3886485966751094
48.0 16.0 0.4085940729521254
48.0 18.0 0.3696965758610821
48.0 20.0 0.28774778518925753
48.0 22.0 0.15866765261715615
48.0 24.0 0.06910361734197575
48.0 26.0 0.010105795734812335
48.0 28.0 0.0
48.0 30.0 0.0
48.0 32.0 0.0
48.0 34.0 0.0
48.0 36.0 0.0
48.0 38.0 0.0
48.0 40.0 0.0
48.0 42.0 0.0
48.0 44.0 0.0
48.0 46.0 0.0
48.0 48.0 0.0
48.0 50.0 0.006297021352950243
48.0 52.0 0.04261979151478057
48.0 54.0 0.16113946537274582
48.0 56.0 0.3012540177307264
48.0 58.0 0.3957292855429729
48.0 60.0 0.39636764053015566
48.0 62.0 0.41772906090658773
48.0 64.0 0.42748086270112134
48.0 66.0 0.42440690752058335
48.0 68.0 0.41291356862738615
48.0 70.0 0.42089337395375015
48.0 72.0 0.3116298925742319
48.0 74.0 0.1273321360745884
48.0 76.0 0.0
48.0 78.0 0.0
48.0 80.0 0.0
48.0 82.0 0.0
48.0 84.0 0.0
48.0 86.0 0.0
48.0 88.0 0.0
48.0 90.0 0.0
48.0 92.0 0.0
48.0 94.0 0.0
48.0 96.0 0.0
48.0 98.0 0.007772416373424286
48.0 100.0 0.055048383416588825
48.0 102.0 0.15711423135553118
48.0 104.0 0.2409120913232696
48.0 106.0 0.29644648290497794
48.0 108.0 0.3239579838742544
48.0 110.0 0.3268641029757126
48.0 112.0 0.32812990877666964
48.0 114.0 0.3056526770253767
48.0 116.0 0.2290023618627726
48.0 118.0 0.10758492724048534
48.0 120.0 0.0017746203661810525
48.0 122.0 0.0
48.0 124.0 0.0
48.0 126.0 0.0
50.0 0.0 0.0
50.0 2.0 0.0
50.0 4.0 0.0
50.0 6.0 0.0
50.0 8.0 7.03391442752016E-4
50.0 10.0 0.16242026121741884
50.0 12.0 0.37600320795942993
50.0 14.0 0.4255544333683258
50.0 16.0 0.44865053262134524
50.0 18.0 0.41757366155203407
50.0 20.0 0.34864990190368333
50.0 22.0 0.22855790931077302
50.0 24.0 0.09771720734305898
50.0 26.0 0.011754291066887664
50.0 28.0 0.0
50.0 30.0 0.0
50.0 32.0 0.0
50.0 34.0 0.0
50.0 36.0 0.0
50.0 38.0 0.0
50.0 40.0 0.0
50.0 42.0 0.0
50.0 44.0 0.0
50.0 46.0 0.0
50.0 48.0 0.0
50.0 50.0 0.0020499706137241266
50.0 52.0 0.032486552531180414
50.0 54.0 0.1605026014182793
50.0 56.0 0.3227301252465856
50.0 58.0 0.4272377605383964
50.0 60.0 0.41441619151107983
50.0 62.0 0.421957351619712
50.0 64.0 0.4339272506921172
50.0 66.0 0.4311293911199799
50.0 68.0 0.4310205533801433
50.0 70.0 0.447254402695524
50.0 72.0 0.31371546813013435
50.0 74.0 0.12827512640049835
50.0 76.0 0.0032585905160568782
50.0 78.0 0.0
50.0 80.0 0.0
50.0 82.0 0.0
50.0 84.0 0.0
50.0 86.0 0.0
50.0 88.0 0.0
50.0 90.0 0.0
50.0 92.0 0.0
50.0 94.0 0.0
50.0 96.0 0.0
50.0 98.0 3.1556510222013185E-4
50.0 100.0 0.016548846577748626
50.0 102.0 0.08464080379918058
50.0 104.0 0.1552600974193792
50.0 106.0 0.21096640445158008
50.0 108.0 0.2520975213174381
50.0 110.0 0.26164372797018903
50.0 112.0 0.26325902942563795
50.0 114.0 0.24656400741740092
50.0 116.0 0.19100188182923925
50.0 118.0 0.11926899208730857
50.0 120.0 0.026341586831483233
50.0 122.0 0.0
50.0 124.0 0.0
50.0 126.0 0.0
52.0 0.0 0.0
52.0 2.0 0.0
52.0 4.0 0.0
52.0 6.0 0.0
52.0 8.0 0.0578531689813608
52.0 10.0 0.2883648763971862
52.0 12.0 0.43019403153396724
52.0 14.0 0.44818697096677007
52.0 16.0 0.467916660284502
52.0 18.0 0.4408149268965218
52.0 20.0 0.37957312907797913
52.0 22.0 0.27472636972027165
52.0 24.0 0.1149334125593845
52.0 26.0 0.011979060970530508
52.0 28.0 0.0
52.0 30.0 0.0
52.0 32.0 0.0
52.0 34.0 0.0
52.0 36.0 0.0
52.0 38.0 0.0
52.0 40.0 0.0
52.0 42.0 0.0
52.0 44.0 0.0
52.0 46.0 0.0
52.0 48.0 0.0
52.0 50.0 0.0
52.0 52.0 0.01575348602127423
52.0 54.0 0.14277495556138284
52.0 56.0 0.3291785944022951
52.0 58.0 0.44653638537083773
52.0 60.0 0.42814030792386
52.0 62.0 0.43609388545563066
52.0 64.0 0.44133661904750093
52.0 66.0 0.4409597935823337
52.0 68.0 0.45700323381350444
52.0 70.0 0.46096760280908455
52.0 72.0 0.3188044375954198
52.0 74.0 0.12547523208216213
52.0 76.0 0.003704474722183968
52.0 78.0 0.0
52.0 80.0 0.0
52.0 82.0 0.0
52.0 84.0 0.0
52.0 86.0 0.0
52.0 88.0 0.0
52.0 90.0 0.0
52.0 92.0 0.0
52.0 94.0 0.0
52.0 96.0 0.0
52.0 98.0 0.0
52.0 100.0 0.008159716839857384
52.0 102.0 0.04208064056829635
52.0 104.0 0.08838435343899907
52.0 106.0 0.12895318158679703
52.0 108.0 0.17235718068386174
52.0 110.0 0.18728586333472644
52.0 112.0 0.1803426981649802
52.0 114.0 0.17648531389726152
52.0 116.0 0.15123202491736037
52.0 118.0 0.11389358727713812
52.0 120.0 0.06807796751144676
52.0 122.0 0.012142579975947664
52.0 124.0 0.0
52.0 126.0 0.0
54.0 0.0 0.0
54.0 2.0 0.0
54.0 4.0 0.0
54.0 6.0 0.010491633169408716
54.0 8.0 0.21297105765259441
54.0 10.0 0.37920220584317343
54.0 12.0 0.4453129318805324
54.0 14.0 0.4782330293269452
54.0 16.0 0.488518185739741
54.0 18.0 0.458851047100381
54.0 20.0 0.4034307556861875
54.0 22.0 0.28815983881919965
54.0 24.0 0.11291488637289775
54.0 26.0 0.006070526577355593
54.0 28.0 0.0
54.0 30.0 0.0
54.0 32.0 0.0
54.0 34.0 0.0
54.0 36.0 0.0
54.0 38.0 0.0
54.0 40.0 0.0
54.0 42.0 0.0
54.0 44.0 0.0
54.0 46.0 0.0
54.0 48.0 0.0
54.0 50.0 0.0
54.0 52.0 0.0045457451410225065
54.0 54.0 0.10855045716257672
54.0 56.0 0.3099445333251882
54.0 58.0 0.4336911494492522
54.0 60.0 0.42223130622309185
54.0 62.0 0.4366747441093574
54.0 64.0 0.45302689661531814
54.0 66.0 0.45278309821965096
54.0 68.0 0.4619420932300153
54.0 70.0 0.4677341884534339
54.0 72.0 0.3107880556447433
54.0 74.0 0.1031044152222547
54.0 76.0 0.006911466003810929
54.0 78.0 0.0
54.0 80.0 0.0
54.0 82.0 0.0
54.0 84.0 0.0
54.0 86.0 0.0
54.0 88.0 0.0
54.0 90.0 0.0
54.0 92.0 0.0
54.0 94.0 0.0
54.0 96.0 0.0
54.0 98.0 0.0
54.0 100.0 0.0038399712658229433
54.0 102.0 0.01980093681413471
54.0 104.0 0.03919484372870539
54.0 106.0 0.06074161156920208
54.0 108.0 0.1044718525785781
54.0 110.0 0.11875795406191153
54.0 112.0 0.11618821503944284
54.0 114.0 0.10875440281714865
54.0 116.0 0.09538395622061231
54.0 118.0 0.08832023964041585
54.0 120.0 0.08780183918455468
54.0 122.0 0.0863138350595443
54.0 124.0 0.08654333694464333
54.0 126.0 0.13384323257837535
56.0 0.0 0.0
56.0 2.0 0.05135411313694626
56.0 4.0 0.005214973558430096
56.0 6.0 0.12007412672689662
56.0 8.0 0.29983611825640255
56.0 10.0 0.4081588998882017
56.0 12.0 0.44968698731584006
56.0 14.0 0.4596444505878802
56.0 16.0 0.4629393597017486
56.0 18.0 0.4449625306069489
56.0 20.0 0.40443908796779465
56.0 22.0 0.27067932940055395
56.0 24.0 0.09047062129354956
56.0 26.0 0.0
56.0 28.0 0.0
56.0 30.0 0.0
56.0 32.0 0.0
56.0 34.0 0.0
56.0 36.0 0.0
56.0 38.0 0.0
56.0 40.0 0.0
56.0 42.0 0.0
56.0 44.0 0.0
56.0 46.0 0.0
56.0 48.0 0.0
56.0 50.0 0.0
56.0 52.0 0.0014144422670905727
56.0 54.0 0.08490195525470108
56.0 56.0 0.26666772832290064
56.0 58.0 0.3944599862375639
56.0 60.0 0.4040747781040106
56.0 62.0 0.42343026457526506
56.0 64.0 0.44643180113976294
56.0 66.0 0.45092414301229916
56.0 68.0 0.49945574822204913
56.0 70.0 0.4408652804589
56.0 72.0 0.2759765701716091
56.0 74.0 0.0753238315161427
56.0 76.0 0.00606558606935935
56.0 78.0 0.0
56.0 80.0 0.0
56.0 82.0 0.0
56.0 84.0 0.0
56.0 86.0 0.0
56.0 88.0 0.0
56.0 90.0 0.0
56.0 92.0 0.0
56.0 94.0 0.0
56.0 96.0 0.0
56.0 98.0 0.0
56.0 100.0 0.0
56.0 102.0 0.002737171041603989
56.0 104.0 0.011430209662449264
56.0 106.0 0.019167799090119102
56.0 108.0 0.01915800782332461
56.0 110.0 0.02805203592035425
56.0 112.0 0.029655611284764172
56.0 114.0 0.030494691711097907
56.0 116.0 0.03484929221679773
56.0 118.0 0.04813211209964008
56.0 120.0 0.08252156269827753
56.0 122.0 0.13507513154653705
56.0 124.0 0.2224195516789913
56.0 126.0 0.3576517879452001
58.0 0.0 0.0
58.0 2.0 0.34395459000448453
58.0 4.0 0.18649966789118466
58.0 6.0 0.25820312595343964
58.0 8.0 0.3518063998458531
58.0 10.0 0.43094722239717376
58.0 12.0 0.4473938939222399
58.0 14.0 0.4415817339307742
58.0 16.0 0.4439212043379586
58.0 18.0 0.4527236485065828
58.0 20.0 0.3825008099685723
58.0 22.0 0.22384273885860437
58.0 24.0 0.05630261180843841
58.0 26.0 0.0
58.0 28.0 0.0
58.0 30.0 0.0
58.0 32.0 0.0
58.0 34.0 0.0
58.0 36.0 0.0
58.0 38.0 0.0
58.0 40.0 0.0
58.0 42.0 0.0
58.0 44.0 0.0
58.0 46.0 0.0
58.0 48.0 0.0
58.0 50.0 0.0
58.0 52.0 0.0016166220674645462
58.0 54.0 0.07048684430209852
58.0 56.0 0.22264428115523993
58.0 58.0 0.33209137652049625
58.0 60.0 0.41434396124642836
58.0 62.0 0.4047158970792981
58.0 64.0 0.419153857598368
58.0 66.0 0.4185064707789574
58.0 68.0 0.4052180713262034
58.0 70.0 0.3833056169804134
58.0 72.0 0.2204632067407558
58.0 74.0 0.06039208176159658
58.0 76.0 0.0038192564339017986
58.0 78.0 0.0
58.0 80.0 0.0
58.0 82.0 0.0
58.0 84.0 0.0
58.0 86.0 0.0
58.0 88.0 0.0
58.0 90.0 0.0
58.0 92.0 0.0
58.0 94.0 0.0
58.0 96.0 0.0
58.0 98.0 0.0
58.0 100.0 0.0
58.0 102.0 0.0
58.0 104.0 0.0
58.0 106.0 0.0
58.0 108.0 0.0
58.0 110.0 0.0
58.0 112.0 0.0
58.0 114.0 9.899015444834757E-4
58.0 116.0 0.00786597476790609
58.0 118.0 0.02742733424121228
58.0 120.0 0.06685539121648683
58.0 122.0 0.14774833713292715
58.0 124.0 0.2867992659988768
58.0 126.0 0.4426877859635722
60.0 0.0 0.0
60.0 2.0 0.46006321131264166
60.0 4.0 0.2821933114889458
60.0 6.0 0.3106617053883131
60.0 8.0 0.38904896378650294
60.0 10.0 0.42789128223532774
60.0 12.0 0.4304227295282021
60.0 14.0 0.42886556763309064
60.0 16.0 0.431824786103542
60.0 18.0 0.42939632291924196
60.0 20.0 0.330690528240216
60.0 22.0 0.17479537126538028
60.0 24.0 0.026861016989528058
60.0 26.0 0.0
60.0 28.0 0.0
60.0 30.0 0.0
60.0 32.0 0.0
60.0 34.0 0.0
60.0 36.0 0.0
60.0 38.0 0.0
60.0 40.0 0.0
60.0 42.0 0.0
60.0 44.0 0.0
60.0 46.0 0.0
60.0 48.0 0.0
60.0 50.0 0.0
60.0 52.0 0.0029649625928177283
60.0 54.0 0.05573791604370148
60.0 56.0 0.17237810929702072
60.0 58.0 0.26537693967708464
60.0 60.0 0.336475343643792
60.0 62.0 0.3740725925692048
60.0 64.0 0.35670267879718626
60.0 66.0 0.34834993368875367
60.0 68.0 0.31502596108464476
60.0 70.0 0.2513604254656205
60.0 72.0 0.15581966345977696
60.0 74.0 0.05301964441641008
60.0 76.0 0.0011528519964935757
60.0 78.0 0.0
60.0 80.0 0.0
60.0 82.0 0.0
60.0 84.0 0.0
60.0 86.0 0.0
60.0 88.0 0.0
60.0 90.0 0.0
60.0 92.0 0.0
60.0 94.0 0.0
60.0 96.0 0.0
60.0 98.0 0.0
60.0 100.0 0.0
60.0 102.0 0.0
60.0 104.0 0.0
60.0 106.0 0.0
60.0 108.0 0.0
60.0 110.0 0.0
60.0 112.0 0.0
60.0 114.0 0.0
60.0 116.0 0.0
60.0 118.0 0.008963961272301495
60.0 120.0 0.054803549055916174
60.0 122.0 0.13805201849406376
60.0 124.0 0.2869909685856598
60.0 126.0 0.4517738089395267
62.0 0.0 0.0
62.0 2.0 0.48953539011145025
62.0 4.0 0.31197241225028693
62.0 6.0 0.31623479755465594
62.0 8.0 0.37283453547888673
62.0 10.0 0.4155415037395935
62.0 12.0 0.408216671577307
62.0 14.0 0.41127459717817544
62.0 16.0 0.4135872362321933
62.0 18.0 0.38254216099357574
62.0 20.0 0.26256651400385295
62.0 22.0 0.10560322313496294
62.0 24.0 6.549572545136219E-4
62.0 26.0 0.0
62.0 28.0 0.0
62.0 30.0 0.0
62.0 32.0 0.0
62.0 34.0 0.0
62.0 36.0 0.0
62.0 38.0 0.0
62.0 40.0 0.0
62.0 42.0 0.0
62.0 44.0 0.0
62.0 46.0 0.0
62.0 48.0 0.0
62.0 50.0 0.0
62.0 52.0 0.002328930108729586
62.0 54.0 0.03350707216147441
62.0 56.0 0.11619417843211495
62.0 58.0 0.1900261356405651
62.0 60.0 0.2464367038841556
62.0 62.0 0.2741156106733446
62.0 64.0 0.26817619287146977
62.0 66.0 0.260073874877321
62.0 68.0 0.22560392366631624
62.0 70.0 0.17272104767710503
62.0 72.0 0.1043451567514818
62.0 74.0 0.046098709087202254
62.0 76.0 8.06597868568239E-4
62.0 78.0 0.0
62.0 80.0 0.0
62.0 82.0 0.0
62.0 84.0 0.0
62.0 86.0 0.0
62.0 88.0 0.0
62.0 90.0 0.0
62.0 92.0 0.0
62.0 94.0 0.0
62.0 96.0 0.0
62.0 98.0 0.0
62.0 100.0 0.0
62.0 102.0 0.0
62.0 104.0 0.0
62.0 106.0 0.0
62.0 108.0 0.0
62.0 110.0 0.0
62.0 112.0 0.0
62.0 114.0 0.0
62.0 116.0 0.0
62.0 118.0 0.002820079608845734
62.0 120.0 0.03296035426835997
62.0 122.0 0.10766528970980453
62.0 124.0 0.24456474580354237
62.0 126.0 0.4310087024304829
64.0 0.0 0.0
64.0 2.0 0.47687435887496377
64.0 4.0 0.3042473222862609
64.0 6.0 0.29566198509038655
64.0 8.0 0.34003746873271123
64.0 10.0 0.381813588693291
64.0 12.0 0.38946853829169714
64.0 14.0 0.3831523229576173
64.0 16.0 0.370269007864305
64.0 18.0 0.31569380234046635
64.0 20.0 0.17795524902852802
64.0 22.0 0.03792210646129577
64.0 24.0 0.0
64.0 26.0 0.0
64.0 28.0 0.0
64.0 30.0 0.0
64.0 32.0 0.0
64.0 34.0 0.0
64.0 36.0 0.0
64.0 38.0 0.0
64.0 40.0 0.0
64.0 42.0 0.0
64.0 44.0 0.0
64.0 46.0 0.0
64.0 48.0 0.0
64.0 50.0 0.0
64.0 52.0 8.845685733851648E-4
64.0 54.0 0.014820813700014692
64.0 56.0 0.06020796083717875
64.0 58.0 0.11605595124787466
64.0 60.0 0.15591085445380007
64.0 62.0 0.17159238434249371
64.0 64.0 0.16895360894641462
64.0 66.0 0.16313618004264843
64.0 68.0 0.13995470776353294
64.0 70.0 0.10837059842955027
64.0 72.0 0.06896736583590253
64.0 74.0 0.0289758014807161
64.0 76.0 0.0013404985583050685
64.0 78.0 0.0
64.0 80.0 0.0
64.0 82.0 0.0
64.0 84.0 0.0
64.0 86.0 0.0
64.0 88.0 0.0
64.0 90.0 0.0088252910759331
64.0 92.0 0.03618778369446781
64.0 94.0 0.04947102692130626
64.0 96.0 0.03962676296422293
64.0 98.0 0.00555792305289264
64.0 100.0 0.0
64.0 102.0 0.0
64.0 104.0 0.0
64.0 106.0 0.0
64.0 108.0 0.0
64.0 110.0 0.0
64.0 112.0 0.0
64.0 114.0 0.0
64.0 116.0 0.0
64.0 118.0 0.0
64.0 120.0 0.014883616766291616
64.0 122.0 0.07235244196100658
64.0 124.0 0.19311987697822638
64.0 126.0 0.365488011222221
66.0 0.0 0.0
66.0 2.0 0.4323608924790014
66.0 4.0 0.24061067929395386
66.0 6.0 0.24537132745871046
66.0 8.0 0.2865914368791616
66.0 10.0 0.33569606645957956
66.0 12.0 0.3595734184708161
66.0 14.0 0.35272292308502773
66.0 16.0 0.3178301999755397
66.0 18.0 0.2266899569447187
66.0 20.0 0.09210501121050556
66.0 22.0 0.0
66.0 24.0 0.0
66.0 26.0 0.0
66.0 28.0 0.0
66.0 30.0 0.0
66.0 32.0 0.0
66.0 34.0 0.0
66.0 36.0 0.0
66.0 38.0 0.0
66.0 40.0 0.0
66.0 42.0 0.0
66.0 44.0 0.0
66.0 46.0 0.0
66.0 48.0 1.1309981199656247E-4
66.0 50.0 2.7818630999603154E-4
66.0 52.0 0.0
66.0 54.0 0.0014826917517853494
66.0 56.0 0.012114479718889458
66.0 58.0 0.037155084460513396
66.0 60.0 0.06073707167828999
66.0 62.0 0.06579153080402471
66.0 64.0 0.06879336522149704
66.0 66.0 0.082686527348341
66.0 68.0 0.07348812133226776
66.0 70.0 0.05963881686625281
66.0 72.0 0.038569424339096776
66.0 74.0 0.02329772185325979
66.0 76.0 0.015281709136383818
66.0 78.0 0.014821525873689373
66.0 80.0 0.020438070246672543
66.0 82.0 0.03076850931778906
66.0 84.0 0.03668789854459458
66.0 86.0 0.05802758607254691
66.0 88.0 0.09260557252418433
66.0 90.0 0.120571026686076
66.0 92.0 0.13748513662194697
66.0 94.0 0.13534833520070397
66.0 96.0 0.11152668721102432
66.0 98.0 0.05385460936565444
66.0 100.0 0.0
66.0 102.0 0.0
66.0 104.0 0.0
66.0 106.0 0.0
66.0 108.0 0.0
66.0 110.0 0.0
66.0 112.0 0.0
66.0 114.0 0.0
66.0 116.0 0.0
66.0 118.0 0.0
66.0 120.0 0.002296326623555655
66.0 122.0 0.033470782627422736
66.0 124.0 0.12903104115403227
66.0 126.0 0.282690942540897
68.0 0.0 0.0
68.0 2.0 0.338587171870591
68.0 4.0 0.17237572556610825
68.0 6.0 0.19350092183297818
68.0 8.0 0.23135195820792134
68.0 10.0 0.2783904745814674
68.0 12.0 0.3049291572805372
68.0 14.0 0.30835999479870496
68.0 16.0 0.24674144200337914
68.0 18.0 0.11817089782825557
68.0 20.0 0.01687916879403936
68.0 22.0 0.0
68.0 24.0 0.0
68.0 26.0 0.0
68.0 28.0 0.0
68.0 30.0 0.0
68.0 32.0 0.0
68.0 34.0 0.0
68.0 36.0 0.0
68.0 38.0 0.0
68.0 40.0 0.0
68.0 42.0 0.0
68.0 44.0 0.0
68.0 46.0 0.0
68.0 48.0 0.0
68.0 50.0 0.0
68.0 52.0 0.0
68.0 54.0 0.0
68.0 56.0 0.0
68.0 58.0 0.0
68.0 60.0 0.0
68.0 62.0 0.0
68.0 64.0 0.007813376868383048
68.0 66.0 0.018636117286009505
68.0 68.0 0.020186354741560015
68.0 70.0 0.018253435871830082
68.0 72.0 0.015354906613350492
68.0 74.0 0.016665830869490514
68.0 76.0 0.023501806221607163
68.0 78.0 0.030420968767181877
68.0 80.0 0.03491189391951397
68.0 82.0 0.07757401429799127
68.0 84.0 0.12518513649278523
68.0 86.0 0.16694400100563198
68.0 88.0 0.20588602434220524
68.0 90.0 0.22865006686529332
68.0 92.0 0.234311086455787
68.0 94.0 0.21647047476907166
68.0 96.0 0.17253327692913345
68.0 98.0 0.0980845323086944
68.0 100.0 0.016308873465927517
68.0 102.0 0.0
68.0 104.0 0.0
68.0 106.0 0.0
68.0 108.0 0.0
68.0 110.0 0.0
68.0 112.0 0.0
68.0 114.0 0.0
68.0 116.0 0.0
68.0 118.0 0.0
68.0 120.0 0.0
68.0 122.0 0.003278923675191518
68.0 124.0 0.03991547460634607
68.0 126.0 0.1556223661567208
70.0 0.0 0.0
70.0 2.0 0.1888701930875316
70.0 4.0 0.11080481275603614
70.0 6.0 0.142544967487001
70.0 8.0 0.17841385834168477
70.0 10.0 0.21885783877965367
70.0 12.0 0.26810009699421355
70.0 14.0 0.2305718008776747
70.0 16.0 0.11259528392032704
70.0 18.0 0.030659614892288425
70.0 20.0 0.0
70.0 22.0 0.0
70.0 24.0 0.0
70.0 26.0 0.0
70.0 28.0 0.0
70.0 30.0 0.0
70.0 32.0 0.0
70.0 34.0 0.0
70.0 36.0 7.276904779900138E-5
70.0 38.0 0.002373030432899321
70.0 40.0 0.004547247442137781
70.0 42.0 0.006351489051797139
70.0 44.0 0.0069103065544035185
70.0 46.0 0.006689897393351234
70.0 48.0 0.0028843180825111107
70.0 50.0 0.0
70.0 52.0 0.0
70.0 54.0 0.0
70.0 56.0 0.0
70.0 58.0 0.0
70.0 60.0 0.0
70.0 62.0 0.0
70.0 64.0 0.0
70.0 66.0 2.2470331927892915E-4
70.0 68.0 0.0016961787527874847
70.0 70.0 0.003172014034877204
70.0 72.0 0.006004008091960868
70.0 74.0 0.012237743985737204
70.0 76.0 0.02075546448792158
70.0 78.0 0.030323674694695962
70.0 80.0 0.06849684866728455
70.0 82.0 0.12918239262386802
70.0 84.0 0.19477432215297696
70.0 86.0 0.25688614889150224
70.0 88.0 0.2984653024293686
70.0 90.0 0.3189239324124357
70.0 92.0 0.3185737263295418
70.0 94.0 0.29224630460987316
70.0 96.0 0.23399705577998517
70.0 98.0 0.15048952311709507
70.0 100.0 0.05095721303643209
70.0 102.0 0.0
70.0 104.0 0.0
70.0 106.0 0.0
70.0 108.0 0.0
70.0 110.0 0.0
70.0 112.0 0.0
70.0 114.0 0.0
70.0 116.0 0.0
70.0 118.0 0.0
70.0 120.0 0.0
70.0 122.0 0.0
70.0 124.0 0.0
70.0 126.0 0.01657148920465133
72.0 0.0 0.0
72.0 2.0 0.03132987022219527
72.0 4.0 0.0562141777498082
72.0 6.0 0.09748724497052845
72.0 8.0 0.1313646574016891
72.0 10.0 0.16864037735563517
72.0 12.0 0.1665853150365272
72.0 14.0 0.08896162439436396
72.0 16.0 0.020159313616479633
72.0 18.0 0.0
72.0 20.0 0.0
72.0 22.0 0.0
72.0 24.0 0.0
72.0 26.0 0.0
72.0 28.0 0.0
72.0 30.0 0.0
72.0 32.0 0.004895955428971811
72.0 34.0 0.023492664509554357
72.0 36.0 0.05395934293338452
72.0 38.0 0.06269379641849013
72.0 40.0 0.06248819947075277
72.0 42.0 0.05474450666907391
72.0 44.0 0.0385076114927289
72.0 46.0 0.024079724071475624
72.0 48.0 0.006668499315007592
72.0 50.0 6.731761830630024E-4
72.0 52.0 0.0
72.0 54.0 0.0
72.0 56.0 0.0
72.0 58.0 0.0
72.0 60.0 0.0
72.0 62.0 0.0
72.0 64.0 0.0
72.0 66.0 0.0
72.0 68.0 0.0
72.0 70.0 0.0
72.0 72.0 4.513752116545177E-4
72.0 74.0 0.005703182183199852
72.0 76.0 0.014788956598934791
72.0 78.0 0.030391144400989886
72.0 80.0 0.0800357281949573
72.0 82.0 0.15497527821797943
72.0 84.0 0.23459288114866717
72.0 86.0 0.31132363496676674
72.0 88.0 0.3683917830277325
72.0 90.0 0.3927940573722987
72.0 92.0 0.3913474445044547
72.0 94.0 0.36273296419547396
72.0 96.0 0.29748886711822736
72.0 98.0 0.20734839413333417
72.0 100.0 0.09486481717233831
72.0 102.0 0.002126051548324822
72.0 104.0 0.0
72.0 106.0 0.0
72.0 108.0 0.0
72.0 110.0 0.0
72.0 112.0 0.0
72.0 114.0 0.0
72.0 116.0 0.0
72.0 118.0 0.0
72.0 120.0 0.0
72.0 122.0 0.0
72.0 124.0 0.0
72.0 126.0 0.0
74.0 0.0 0.0
74.0 2.0 0.0
74.0 4.0 0.015395737813348678
74.0 6.0 0.05714385180347998
74.0 8.0 0.08056409896266048
74.0 10.0 0.08433684683273374
74.0 12.0 0.0112460944234559
74.0 14.0 0.0
74.0 16.0 0.0
74.0 18.0 0.0
74.0 20.0 0.0
74.0 22.0 0.0
74.0 24.0 0.0
74.0 26.0 0.0
74.0 28.0 0.0
74.0 30.0 0.006104930547877887
74.0 32.0 0.03255977276537372
74.0 34.0 0.07881879940491401
74.0 36.0 0.11517813968935518
74.0 38.0 0.1314032191768271
74.0 40.0 0.1264852617057003
74.0 42.0 0.10922510718892392
74.0 44.0 0.07795166834178333
74.0 46.0 0.046391064755637645
74.0 48.0 0.006651974841947121
74.0 50.0 0.0
74.0 52.0 0.0
74.0 54.0 0.0
74.0 56.0 0.0
74.0 58.0 0.0
74.0 60.0 0.0
74.0 62.0 0.0
74.0 64.0 0.0
74.0 66.0 0.0
74.0 68.0 0.0
74.0 70.0 0.0
74.0 72.0 0.0
74.0 74.0 0.0011273381880296707
74.0 76.0 0.011510496627028041
74.0 78.0 0.03515267361799982
74.0 80.0 0.08576371626952767
74.0 82.0 0.1655170429746171
74.0 84.0 0.2508853248274224
74.0 86.0 0.3400338741900117
74.0 88.0 0.4084021045598081
74.0 90.0 0.436939951719771
74.0 92.0 0.43876236940252444
74.0 94.0 0.41562241098263675
74.0 96.0 0.3555125675339921
74.0 98.0 0.26435977368330765
74.0 100.0 0.154638012387555
74.0 102.0 0.03499280045458999
74.0 104.0 0.0
74.0 106.0 0.0
74.0 108.0 0.0
74.0 110.0 0.0
74.0 112.0 0.0
74.0 114.0 0.0
74.0 116.0 0.0
74.0 118.0 0.0
74.0 120.0 0.0
74.0 122.0 0.0
74.0 124.0 0.0
74.0 126.0 0.0
76.0 0.0 0.0
76.0 2.0 0.0
76.0 4.0 0.0024659916147294404
76.0 6.0 0.012609725498043131
76.0 8.0 0.015765357910961654
76.0 10.0 0.004945940955180647
76.0 12.0 0.0
76.0 14.0 0.0
76.0 16.0 0.0
76.0 18.0 0.0
76.0 20.0 0.0
76.0 22.0 0.0
76.0 24.0 0.0
76.0 26.0 0.0
76.0 28.0 0.003763808945688863
76.0 30.0 0.0342151541684124
76.0 32.0 0.10049113961814322
76.0 34.0 0.15547263266042713
76.0 36.0 0.17803440071975232
76.0 38.0 0.1870532342522212
76.0 40.0 0.18132459447037333
76.0 42.0 0.160038955333885
76.0 44.0 0.12691175078984182
76.0 46.0 0.0786699714801511
76.0 48.0 0.020124679791467762
76.0 50.0 0.0
76.0 52.0 0.0
76.0 54.0 0.0
76.0 56.0 0.0
76.0 58.0 0.0
76.0 60.0 0.0
76.0 62.0 0.0
76.0 64.0 0.0
76.0 66.0 0.0
76.0 68.0 0.0
76.0 70.0 0.0
76.0 72.0 0.0
76.0 74.0 0.0
76.0 76.0 0.004836480351160479
76.0 78.0 0.026102870831499512
76.0 80.0 0.07748612717335142
76.0 82.0 0.1484642193681389
76.0 84.0 0.24745529008294054
76.0 86.0 0.3434448772802539
76.0 88.0 0.41590723881690583
76.0 90.0 0.45556041953931015
76.0 92.0 0.4643266930515901
76.0 94.0 0.4498146461933625
76.0 96.0 0.4018395724358404
76.0 98.0 0.30716882804063667
76.0 100.0 0.21437685559157735
76.0 102.0 0.09574615765305687
76.0 104.0 0.003406383531867202
76.0 106.0 0.0
76.0 108.0 0.0
76.0 110.0 0.0
76.0 112.0 0.0
76.0 114.0 0.0
76.0 116.0 0.0
76.0 118.0 0.0
76.0 120.0 0.0
76.0 122.0 0.0
76.0 124.0 0.0
76.0 126.0 0.0
78.0 0.0 0.0
78.0 2.0 0.0
78.0 4.0 0.0
78.0 6.0 0.0
78.0 8.0 0.0
78.0 10.0 0.0
78.0 12.0 0.0
78.0 14.0 0.0
78.0 16.0 0.0
78.0 18.0 0.0
78.0 20.0 0.0
78.0 22.0 0.0
78.0 24.0 0.0
78.0 26.0 0.002051564364283177
78.0 28.0 0.023409651243937287
78.0 30.0 0.09244331813150397
78.0 32.0 0.17217618815181226
78.0 34.0 0.21581718070538566
78.0 36.0 0.2362647328533026
78.0 38.0 0.24542423945550706
78.0 40.0 0.2406052375950838
78.0 42.0 0.2188888311459747
78.0 44.0 0.1815313108570685
78.0 46.0 0.1184740957035258
78.0 48.0 0.06044954437493325
78.0 50.0 0.008638300797353142
78.0 52.0 0.0
78.0 54.0 0.0
78.0 56.0 0.0
78.0 58.0 0.0
78.0 60.0 0.0
78.0 62.0 0.0
78.0 64.0 0.0
78.0 66.0 0.0
78.0 68.0 0.0
78.0 70.0 0.0
78.0 72.0 0.0
78.0 74.0 0.0
78.0 76.0 7.123991938661609E-4
78.0 78.0 0.012667381468873024
78.0 80.0 0.04877872982850201
78.0 82.0 0.11397524880780713
78.0 84.0 0.21016831093992294
78.0 86.0 0.3096759071089945
78.0 88.0 0.39887815560626677
78.0 90.0 0.4529059340031736
78.0 92.0 0.4732332878508543
78.0 94.0 0.4702407766577276
78.0 96.0 0.40476402751288526
78.0 98.0 0.3386016675673884
78.0 100.0 0.26552022360468924
78.0 102.0 0.1628466473805854
78.0 104.0 0.04804738443021054
78.0 106.0 0.0
78.0 108.0 0.0
78.0 110.0 0.0
78.0 112.0 0.0
78.0 114.0 0.0
78.0 116.0 0.0
78.0 118.0 0.0
78.0 120.0 0.0
78.0 122.0 0.0
78.0 124.0 0.0
78.0 126.0 0.0
80.0 0.0 0.0
80.0 2.0 0.0
80.0 4.0 0.0
80.0 6.0 0.0
80.0 8.0 0.0
80.0 10.0 0.0
80.0 12.0 0.0
80.0 14.0 0.0
80.0 16.0 0.0
80.0 18.0 0.0
80.0 20.0 0.0
80.0 22.0 0.0
80.0 24.0 0.0
80.0 26.0 0.006481497537785885
80.0 28.0 0.0462272036785304
80.0 30.0 0.15384556018162285
80.0 32.0 0.2424503168176569
80.0 34.0 0.28014077550637373
80.0 36.0 0.2998519414510223
80.0 38.0 0.30764243368750815
80.0 40.0 0.30263598609717074
80.0 42.0 0.2766039772118574
80.0 44.0 0.22717722089136724
80.0 46.0 0.15500509405169646
80.0 48.0 0.0971690920128478
80.0 50.0 0.02567461239853874
80.0 52.0 0.0
80.0 54.0 0.0
80.0 56.0 0.0
80.0 58.0 0.0
80.0 60.0 0.0
80.0 62.0 0.0
80.0 64.0 0.0
80.0 66.0 0.0
80.0 68.0 0.0
80.0 70.0 0.0
80.0 72.0 0.0
80.0 74.0 0.0
80.0 76.0 0.003477311195952872
80.0 78.0 0.017170864532982128
80.0 80.0 0.044403687623030964
80.0 82.0 0.10280069241036889
80.0 84.0 0.15825262892180028
80.0 86.0 0.2376572706452469
80.0 88.0 0.34984552498909477
80.0 90.0 0.4338507046334305
80.0 92.0 0.4751384085794063
80.0 94.0 0.4138462867260548
80.0 96.0 0.39303044386617864
80.0 98.0 0.3590563393974208
80.0 100.0 0.3035355819781576
80.0 102.0 0.22469866008901143
80.0 104.0 0.11834376272178437
80.0 106.0 0.021319760651031073
80.0 108.0 0.0
80.0 110.0 0.0
80.0 112.0 0.0
80.0 114.0 0.0
80.0 116.0 0.0
80.0 118.0 0.0
80.0 120.0 0.0
80.0 122.0 0.0
80.0 124.0 0.0
80.0 126.0 0.0
82.0 0.0 0.0
82.0 2.0 0.0
82.0 4.0 0.0
82.0 6.0 0.0
82.0 8.0 0.0
82.0 10.0 0.0
82.0 12.0 0.0
82.0 14.0 0.0
82.0 16.0 0.0
82.0 18.0 0.0
82.0 20.0 0.0
82.0 22.0 0.0
82.0 24.0 0.0
82.0 26.0 0.0034945387771840113
82.0 28.0 0.048023947803046356
82.0 30.0 0.17052446554425105
82.0 32.0 0.2881141523170885
82.0 34.0 0.34685568048610316
82.0 36.0 0.36483581157663014
82.0 38.0 0.36915665999642294
82.0 40.0 0.3616995764639062
82.0 42.0 0.33122580815402386
82.0 44.0 0.2608234728441814
82.0 46.0 0.19168144193888106
82.0 48.0 0.13243239391244396
82.0 50.0 0.02601063331754223
82.0 52.0 0.0
82.0 54.0 0.0
82.0 56.0 0.0
82.0 58.0 0.0
82.0 60.0 0.0
82.0 62.0 0.0
82.0 64.0 0.0
82.0 66.0 0.0
82.0 68.0 0.0
82.0 70.0 0.0
82.0 72.0 0.0
82.0 74.0 0.0
82.0 76.0 0.0011528016607518228
82.0 78.0 0.008650004236620403
82.0 80.0 0.02460022836345573
82.0 82.0 0.04353671083249389
82.0 84.0 0.06473853080297227
82.0 86.0 0.10505449702968583
82.0 88.0 0.18582806271472485
82.0 90.0 0.2991538803393834
82.0 92.0 0.37637528940834203
82.0 94.0 0.34809912776113255
82.0 96.0 0.36065466849169775
82.0 98.0 0.3537315215971399
82.0 100.0 0.32575329728470187
82.0 102.0 0.27529267949873765
82.0 104.0 0.19741057409785343
82.0 106.0 0.09103368624140495
82.0 108.0 0.010943309959461805
82.0 110.0 0.0
82.0 112.0 0.0
82.0 114.0 0.0
82.0 116.0 0.0
82.0 118.0 0.0
82.0 120.0 0.0
82.0 122.0 0.0
82.0 124.0 0.0
82.0 126.0 0.0
84.0 0.0 0.0
84.0 2.0 0.0
84.0 4.0 0.0
84.0 6.0 0.0
84.0 8.0 0.0
84.0 10.0 0.0
84.0 12.0 0.0
84.0 14.0 0.0
84.0 16.0 0.0
84.0 18.0 0.0
84.0 20.0 0.0
84.0 22.0 0.0
84.0 24.0 0.0
84.0 26.0 0.0017475603829975352
84.0 28.0 0.04485426411543745
84.0 30.0 0.1945280046446907
84.0 32.0 0.3383262117273586
84.0 34.0 0.4123933921060859
84.0 36.0 0.4297221498471518
84.0 38.0 0.4214942183384871
84.0 40.0 0.34838832482409415
84.0 42.0 0.2970464074115908
84.0 44.0 0.2654465050894458
84.0 46.0 0.21557850054418717
84.0 48.0 0.15821235429761552
84.0 50.0 0.026138149341965077
84.0 52.0 0.0
84.0 54.0 0.0
84.0 56.0 0.0
84.0 58.0 0.0
84.0 60.0 0.0
84.0 62.0 0.0
84.0 64.0 0.0
84.0 66.0 0.0
84.0 68.0 0.0
84.0 70.0 0.0
84.0 72.0 0.0
84.0 74.0 0.0
84.0 76.0 0.0
84.0 78.0 2.7117157050796943E-4
84.0 80.0 0.0028494953114272764
84.0 82.0 0.0015187746610298763
84.0 84.0 0.0
84.0 86.0 0.0
84.0 88.0 0.00186906937324483
84.0 90.0 0.05330300088872079
84.0 92.0 0.17773976658714485
84.0 94.0 0.2637395402088447
84.0 96.0 0.2770946789282757
84.0 98.0 0.3078189191311927
84.0 100.0 0.31861914340762615
84.0 102.0 0.3060277507405516
84.0 104.0 0.26407110746356594
84.0 106.0 0.1878150506137827
84.0 108.0 0.0877835032095002
84.0 110.0 0.015676509501192686
84.0 112.0 0.0
84.0 114.0 0.0
84.0 116.0 0.0
84.0 118.0 0.0
84.0 120.0 0.0
84.0 122.0 0.0
84.0 124.0 0.0
84.0 126.0 0.0
86.0 0.0 0.0
86.0 2.0 0.0
86.0 4.0 0.0
86.0 6.0 0.0
86.0 8.0 0.0
86.0 10.0 0.0
86.0 12.0 0.0
86.0 14.0 0.0
86.0 16.0 0.0
86.0 18.0 0.0
86.0 20.0 0.0
86.0 22.0 0.0
86.0 24.0 0.0
86.0 26.0 0.0036357169819516144
86.0 28.0 0.035099539999776226
86.0 30.0 0.19187913940193188
86.0 32.0 0.35288727024858063
86.0 34.0 0.4493143476290542
86.0 36.0 0.43470027830819186
86.0 38.0 0.39123485005273406
86.0 40.0 0.3938733418760152
86.0 42.0 0.36312285138405015
86.0 44.0 0.29355666769417627
86.0 46.0 0.22555154799879942
86.0 48.0 0.16589185543408513
86.0 50.0 0.023577847469646526
86.0 52.0 0.0
86.0 54.0 0.0
86.0 56.0 0.0
86.0 58.0 0.0
86.0 60.0 0.0
86.0 62.0 0.0
86.0 64.0 0.0
86.0 66.0 0.0
86.0 68.0 0.0
86.0 70.0 0.0
86.0 72.0 0.0
86.0 74.0 0.0
86.0 76.0 0.0
86.0 78.0 0.0
86.0 80.0 0.0
86.0 82.0 0.0
86.0 84.0 0.0
86.0 86.0 0.0
86.0 88.0 0.0
86.0 90.0 0.0
86.0 92.0 0.0133698793975846
86.0 94.0 0.10216439555870716
86.0 96.0 0.196055017806232
86.0 98.0 0.2587427093680625
86.0 100.0 0.295160320666367
86.0 102.0 0.31669576100563696
86.0 104.0 0.31189985076264154
86.0 106.0 0.2865740291842127
86.0 108.0 0.20967308544457774
86.0 110.0 0.11071874071491954
86.0 112.0 0.036504098899749475
86.0 114.0 9.716587706775897E-4
86.0 116.0 0.0
86.0 118.0 0.0
86.0 120.0 0.0
86.0 122.0 0.0
86.0 124.0 0.0
86.0 126.0 0.0
88.0 0.0 0.0
88.0 2.0 0.0
88.0 4.0 0.0
88.0 6.0 0.0
88.0 8.0 0.0
88.0 10.0 0.0
88.0 12.0 0.0
88.0 14.0 0.0
88.0 16.0 0.0
88.0 18.0 0.0
88.0 20.0 0.0
88.0 22.0 0.0
88.0 24.0 0.0
88.0 26.0 0.004626737248085674
88.0 28.0 0.030742400628528635
88.0 30.0 0.16537892234661697
88.0 32.0 0.3180399233302938
88.0 34.0 0.4284674218161024
88.0 36.0 0.47955325163413415
88.0 38.0 0.48472135222988494
88.0 40.0 0.4340052663608689
88.0 42.0 0.33580524613784446
88.0 44.0 0.2894970544572473
88.0 46.0 0.2563867669465503
88.0 48.0 0.13400472886735534
88.0 50.0 0.018008210967059176
88.0 52.0 0.0
88.0 54.0 0.0
88.0 56.0 0.0
88.0 58.0 0.0
88.0 60.0 0.0
88.0 62.0 0.0
88.0 64.0 0.0
88.0 66.0 0.0
88.0 68.0 0.0
88.0 70.0 0.0
88.0 72.0 0.0
88.0 74.0 0.0
88.0 76.0 0.0
88.0 78.0 0.0
88.0 80.0 0.0
88.0 82.0 0.0
88.0 84.0 0.0
88.0 86.0 0.0
88.0 88.0 0.0
88.0 90.0 0.0
88.0 92.0 0.0
88.0 94.0 0.005484226316746269
88.0 96.0 0.06727627364588114
88.0 98.0 0.16824502690598778
88.0 100.0 0.2720066916662516
88.0 102.0 0.329480704251827
88.0 104.0 0.35209887256770916
88.0 106.0 0.35066426069728523
88.0 108.0 0.31732881979367794
88.0 110.0 0.24822821672795314
88.0 112.0 0.16030116403434072
88.0 114.0 0.07287817959460718
88.0 116.0 0.011692405721593408
88.0 118.0 0.0
88.0 120.0 0.0
88.0 122.0 0.0
88.0 124.0 0.0
88.0 126.0 0.0
90.0 0.0 0.0
90.0 2.0 0.0
90.0 4.0 0.0
90.0 6.0 0.0
90.0 8.0 0.0
90.0 10.0 0.0
90.0 12.0 0.0
90.0 14.0 0.0
90.0 16.0 0.0
90.0 18.0 0.0
90.0 20.0 0.0
90.0 22.0 0.0
90.0 24.0 0.0
90.0 26.0 0.0037879457508195376
90.0 28.0 0.03397841299270094
90.0 30.0 0.1469103651775834
90.0 32.0 0.27162716184128877
90.0 34.0 0.3727165721657099
90.0 36.0 0.44407820573991047
90.0 38.0 0.47246170518415004
90.0 40.0 0.4608167138865659
90.0 42.0 0.41449659261971933
90.0 44.0 0.32453341596097324
90.0 46.0 0.19967014446286746
90.0 48.0 0.07465836265810623
90.0 50.0 6.657270297591242E-4
90.0 52.0 0.0
90.0 54.0 0.0
90.0 56.0 0.0
90.0 58.0 0.0
90.0 60.0 0.0
90.0 62.0 0.0
90.0 64.0 0.0
90.0 66.0 0.0
90.0 68.0 0.0
90.0 70.0 0.0
90.0 72.0 0.0
90.0 74.0 1.6465029984830476E-4
90.0 76.0 0.0
90.0 78.0 0.0
90.0 80.0 0.0
90.0 82.0 0.0
90.0 84.0 0.0
90.0 86.0 0.0
90.0 88.0 0.0
90.0 90.0 0.0
90.0 92.0 0.0
90.0 94.0 0.0
90.0 96.0 0.010956694231561407
90.0 98.0 0.09248120355924296
90.0 100.0 0.19717019728256588
90.0 102.0 0.3004705431640814
90.0 104.0 0.35562379082006385
90.0 106.0 0.38865235987716834
90.0 108.0 0.38950726645933953
90.0 110.0 0.3564683998418035
90.0 112.0 0.2882431290348504
90.0 114.0 0.1942432096599531
90.0 116.0 0.0828350311147558
90.0 118.0 0.0021320460689003393
90.0 120.0 0.0
90.0 122.0 0.0
90.0 124.0 0.0
90.0 126.0 0.0
92.0 0.0 0.0
92.0 2.0 0.0
92.0 4.0 0.0
92.0 6.0 0.0
92.0 8.0 0.0
92.0 10.0 0.0
92.0 12.0 0.0
92.0 14.0 0.0
92.0 16.0 0.0
92.0 18.0 0.0
92.0 20.0 0.0
92.0 22.0 0.0
92.0 24.0 0.0
92.0 26.0 0.003150835118044013
92.0 28.0 0.021942262503854292
92.0 30.0 0.12097879221412283
92.0 32.0 0.2394487546036217
92.0 34.0 0.3388875790180877
92.0 36.0 0.4230444924711892
92.0 38.0 0.4703666273826613
92.0 40.0 0.4601045111352113
92.0 42.0 0.4048909875418473
92.0 44.0 0.29642521532609806
92.0 46.0 0.13999911398792278
92.0 48.0 0.013687509174822013
92.0 50.0 0.0
92.0 52.0 0.0
92.0 54.0 0.0
92.0 56.0 0.0
92.0 58.0 0.0
92.0 60.0 0.0
92.0 62.0 0.0
92.0 64.0 0.027526444308196934
92.0 66.0 0.04908017242325646
92.0 68.0 0.05080571582900523
92.0 70.0 0.040293543089815066
92.0 72.0 0.03203968533874219
92.0 74.0 0.02289946436296239
92.0 76.0 0.015670048701933045
92.0 78.0 0.0
92.0 80.0 0.0
92.0 82.0 0.0
92.0 84.0 0.0
92.0 86.0 0.0
92.0 88.0 0.0
92.0 90.0 0.0
92.0 92.0 0.0
92.0 94.0 0.0
92.0 96.0 0.0
92.0 98.0 0.02215404048777368
92.0 100.0 0.09946227526759947
92.0 102.0 0.23313053531539707
92.0 104.0 0.3531967281528468
92.0 106.0 0.40705579945351417
92.0 108.0 0.4309976436336181
92.0 110.0 0.425206928995778
92.0 112.0 0.38225473740457483
92.0 114.0 0.30246581666191225
92.0 116.0 0.18401289133122986
92.0 118.0 0.054330916426453185
92.0 120.0 0.0
92.0 122.0 0.0
92.0 124.0 0.0
92.0 126.0 0.0
94.0 0.0 0.0
94.0 2.0 0.0
94.0 4.0 0.0
94.0 6.0 0.0
94.0 8.0 0.0
94.0 10.0 0.0
94.0 12.0 0.0
94.0 14.0 0.0
94.0 16.0 0.0
94.0 18.0 0.0
94.0 20.0 0.0
94.0 22.0 0.0
94.0 24.0 0.0
94.0 26.0 0.0032490641646328138
94.0 28.0 0.03813048934136576
94.0 30.0 0.12380733197726518
94.0 32.0 0.22458667202196694
94.0 34.0 0.31451456685138574
94.0 36.0 0.40724879376403716
94.0 38.0 0.45850050526282043
94.0 40.0 0.4476603916906698
94.0 42.0 0.3893109196887003
94.0 44.0 0.23383654739685408
94.0 46.0 0.04226286397731422
94.0 48.0 0.0
94.0 50.0 0.0
94.0 52.0 0.0
94.0 54.0 0.0
94.0 56.0 0.0
94.0 58.0 0.0
94.0 60.0 0.0
94.0 62.0 0.029439247175683362
94.0 64.0 0.10882597757057198
94.0 66.0 0.16023301107067195
94.0 68.0 0.18601524359253976
94.0 70.0 0.19801399397074562
94.0 72.0 0.17849151028996954
94.0 74.0 0.10095034178797523
94.0 76.0 0.05397095828610062
94.0 78.0 0.0020843802075151048
94.0 80.0 0.0
94.0 82.0 0.0
94.0 84.0 0.0
94.0 86.0 0.0
94.0 88.0 0.0
94.0 90.0 0.0
94.0 92.0 0.0
94.0 94.0 0.0
94.0 96.0 0.0
94.0 98.0 3.344075688284242E-4
94.0 100.0 0.025444785101416702
94.0 102.0 0.14443710327482773
94.0 104.0 0.30062438343653297
94.0 106.0 0.39001950747576597
94.0 108.0 0.42977474330205473
94.0 110.0 0.4493439773152197
94.0 112.0 0.4315888944110873
94.0 114.0 0.37484570576633774
94.0 116.0 0.29593610080158445
94.0 118.0 0.11582554764688419
94.0 120.0 0.0
94.0 122.0 0.0
94.0 124.0 0.0
94.0 126.0 0.0
96.0 0.0 0.0
96.0 2.0 0.0
96.0 4.0 0.0
96.0 6.0 0.0
96.0 8.0 0.0
96.0 10.0 0.0
96.0 12.0 0.0
96.0 14.0 0.0
96.0 16.0 0.0
96.0 18.0 0.0
96.0 20.0 0.0
96.0 22.0 0.0
96.0 24.0 0.0
96.0 26.0 0.001270735077541046
96.0 28.0 0.029746210826306987
96.0 30.0 0.12062935707428098
96.0 32.0 0.2102095822885112
96.0 34.0 0.29130452376425897
96.0 36.0 0.39621230326809354
96.0 38.0 0.43084884394838263
96.0 40.0 0.4058036679478218
96.0 42.0 0.29852826705236146
96.0 44.0 0.10471357048907431
96.0 46.0 0.0
96.0 48.0 0.0
96.0 50.0 0.0
96.0 52.0 0.0
96.0 54.0 0.0
96.0 56.0 0.0
96.0 58.0 0.0
96.0 60.0 3.157392800300813E-4
96.0 62.0 0.06381164093581916
96.0 64.0 0.16158977192184795
96.0 66.0 0.23133908963254138
96.0 68.0 0.28252417227150123
96.0 70.0 0.32068356469331977
96.0 72.0 0.31452756184634784
96.0 74.0 0.25381537182762526
96.0 76.0 0.13138425664329703
96.0 78.0 0.019035391826059993
96.0 80.0 0.0
96.0 82.0 0.0
96.0 84.0 0.0
96.0 86.0 0.0
96.0 88.0 0.0
96.0 90.0 0.0
96.0 92.0 0.0
96.0 94.0 0.0
96.0 96.0 0.0
96.0 98.0 0.0
96.0 100.0 0.0019332086372730493
96.0 102.0 0.05069339751210789
96.0 104.0 0.21369710538714004
96.0 106.0 0.34789842980984087
96.0 108.0 0.4326327537030823
96.0 110.0 0.4589207434270715
96.0 112.0 0.4593818617038004
96.0 114.0 0.42130993676850953
96.0 116.0 0.36027676691237037
96.0 118.0 0.1956012143469775
96.0 120.0 0.0
96.0 122.0 0.0
96.0 124.0 0.0
96.0 126.0 0.0
98.0 0.0 0.0
98.0 2.0 0.0
98.0 4.0 0.0
98.0 6.0 0.0
98.0 8.0 0.0
98.0 10.0 0.0
98.0 12.0 0.005334349356635627
98.0 14.0 0.0
98.0 16.0 0.0
98.0 18.0 0.0
98.0 20.0 0.0
98.0 22.0 0.0
98.0 24.0 0.0
98.0 26.0 0.004039462227166998
98.0 28.0 0.05021767300771898
98.0 30.0 0.13875061335193437
98.0 32.0 0.2189336895310544
98.0 34.0 0.28579666483388144
98.0 36.0 0.37315417472494916
98.0 38.0 0.3929241623853162
98.0 40.0 0.3294246279024467
98.0 42.0 0.16982886989080678
98.0 44.0 9.614911646742055E-4
98.0 46.0 0.0
98.0 48.0 0.0
98.0 50.0 0.0
98.0 52.0 0.0
98.0 54.0 0.0
98.0 56.0 0.0
98.0 58.0 0.0
98.0 60.0 0.0015521669910380292
98.0 62.0 0.06844689785326896
98.0 64.0 0.18031140706935314
98.0 66.0 0.2674722787752198
98.0 68.0 0.33191946870843486
98.0 70.0 0.3722796127895509
98.0 72.0 0.4108081357398638
98.0 74.0 0.36179321612546406
98.0 76.0 0.24786671346049952
98.0 78.0 0.08000245649573279
98.0 80.0 0.0
98.0 82.0 0.0
98.0 84.0 0.0
98.0 86.0 0.0
98.0 88.0 0.0
98.0 90.0 0.0
98.0 92.0 0.0
98.0 94.0 0.0
98.0 96.0 0.0
98.0 98.0 0.0
98.0 100.0 0.0
98.0 102.0 0.014196670260334854
98.0 104.0 0.1256716089164415
98.0 106.0 0.2837775904331552
98.0 108.0 0.3929898004191829
98.0 110.0 0.43870652182912323
98.0 112.0 0.462172269765672
98.0 114.0 0.4415000799901368
98.0 116.0 0.40430892708247645
98.0 118.0 0.0
98.0 120.0 0.0
98.0 122.0 0.0
98.0 124.0 0.0
98.0 126.0 0.0
100.0 0.0 0.0
100.0 2.0 0.0
100.0 4.0 0.0
100.0 6.0 0.0
100.0 8.0 0.0
100.0 10.0 0.0
100.0 12.0 0.038786220854730054
100.0 14.0 0.0
100.0 16.0 0.0
100.0 18.0 0.0
100.0 20.0 0.0
100.0 22.0 0.0
100.0 24.0 0.0
100.0 26.0 0.0141769101976289
100.0 28.0 0.07505536052372094
100.0 30.0 0.16893164353872347
100.0 32.0 0.2346211010280231
100.0 34.0 0.3182216152765491
100.0 36.0 0.3480029887683264
100.0 38.0 0.33925160138190336
100.0 40.0 0.22945495506383753
100.0 42.0 0.050412609793902254
100.0 44.0 0.0
100.0 46.0 0.0
100.0 48.0 0.0
100.0 50.0 0.0
100.0 52.0 0.0
100.0 54.0 0.0
100.0 56.0 0.0
100.0 58.0 0.0
100.0 60.0 4.880492659423733E-4
100.0 62.0 0.04832866104900033
100.0 64.0 0.16709487575979895
100.0 66.0 0.2593769607107452
100.0 68.0 0.3369335126363191
100.0 70.0 0.38480440159731083
100.0 72.0 0.4614666214033578
100.0 74.0 0.4351735964489327
100.0 76.0 0.3552385413821289
100.0 78.0 0.18615519576443795
100.0 80.0 0.016295582679870756
100.0 82.0 0.0
100.0 84.0 0.0
100.0 86.0 0.0
100.0 88.0 0.0
100.0 90.0 0.0
100.0 92.0 0.0
100.0 94.0 0.0
100.0 96.0 0.0
100.0 98.0 0.0
100.0 100.0 0.0
100.0 102.0 1.830200016749408E-4
100.0 104.0 0.04374342473140833
100.0 106.0 0.21313533230061824
100.0 108.0 0.3497154546715475
100.0 110.0 0.4162462676210614
100.0 112.0 0.45407152038879195
100.0 114.0 0.4437310668994133
100.0 116.0 0.0
100.0 118.0 0.0
100.0 120.0 0.0
100.0 122.0 0.0
100.0 124.0 0.0
100.0 126.0 0.0
102.0 0.0 0.0
102.0 2.0 0.0
102.0 4.0 0.0
102.0 6.0 0.0
102.0 8.0 0.0
102.0 10.0 0.0
102.0 12.0 0.0
102.0 14.0 0.08311569078799548
102.0 16.0 0.0
102.0 18.0 0.0
102.0 20.0 0.0
102.0 22.0 0.0
102.0 24.0 3.2985348365952813E-4
102.0 26.0 0.03546495257526181
102.0 28.0 0.12554958515452047
102.0 30.0 0.21362770491338864
102.0 32.0 0.26657975944627416
102.0 34.0 0.29813357672853585
102.0 36.0 0.35263192614654515
102.0 38.0 0.2794865805766061
102.0 40.0 0.1233762988620503
102.0 42.0 0.0
102.0 44.0 0.0
102.0 46.0 0.0
102.0 48.0 0.0
102.0 50.0 0.0
102.0 52.0 0.0
102.0 54.0 0.0
102.0 56.0 0.0
102.0 58.0 0.0
102.0 60.0 0.0011898835552013986
102.0 62.0 0.03846506870297664
102.0 64.0 0.1498174168677863
102.0 66.0 0.2540708793377327
102.0 68.0 0.33797597340257896
102.0 70.0 0.39373947638186774
102.0 72.0 0.46500704202173376
102.0 74.0 0.4841649889670527
102.0 76.0 0.43403716819894494
102.0 78.0 0.2962725890236009
102.0 80.0 0.08041845593744675
102.0 82.0 0.0
102.0 84.0 0.0
102.0 86.0 0.0
102.0 88.0 0.0
102.0 90.0 0.0
102.0 92.0 0.0
102.0 94.0 0.0
102.0 96.0 0.0
102.0 98.0 0.0
102.0 100.0 0.0
102.0 102.0 0.0
102.0 104.0 0.016460904457611503
102.0 106.0 0.1395019999536088
102.0 108.0 0.29858203830143576
102.0 110.0 0.38631752793802104
102.0 112.0 0.43631677707516214
102.0 114.0 0.0
102.0 116.0 0.0
102.0 118.0 0.0
102.0 120.0 0.0
102.0 122.0 0.0
102.0 124.0 0.0
102.0 126.0 0.0
104.0 0.0 0.0
104.0 2.0 0.0
104.0 4.0 0.0
104.0 6.0 0.0
104.0 8.0 0.0
104.0 10.0 0.0
104.0 12.0 0.0
104.0 14.0 0.0
104.0 16.0 0.12606799802165555
104.0 18.0 0.0
104.0 20.0 0.0
104.0 22.0 0.0
104.0 24.0 0.016137609853687132
104.0 26.0 0.11150349161803169
104.0 28.0 0.20293251643463017
104.0 30.0 0.2607466007134505
104.0 32.0 0.29648552041996074
104.0 34.0 0.3286510747593496
104.0 36.0 0.3398020973366606
104.0 38.0 0.21813898961798242
104.0 40.0 0.04263270035437855
104.0 42.0 0.0
104.0 44.0 0.0
104.0 46.0 0.0
104.0 48.0 0.0
104.0 50.0 0.0
104.0 52.0 0.0
104.0 54.0 0.0
104.0 56.0 0.0
104.0 58.0 0.0
104.0 60.0 0.0023518552502848566
104.0 62.0 0.022162378922224876
104.0 64.0 0.12878421662785594
104.0 66.0 0.24718025109057704
104.0 68.0 0.30265575999019895
104.0 70.0 0.37305365457375284
104.0 72.0 0.48689843491003687
104.0 74.0 0.5053348381219361
104.0 76.0 0.508059705634565
104.0 78.0 0.3904476395967315
104.0 80.0 0.17227239182454704
104.0 82.0 0.03274427010234566
104.0 84.0 0.0
104.0 86.0 0.0
104.0 88.0 0.0
104.0 90.0 0.0
104.0 92.0 0.0
104.0 94.0 0.0
104.0 96.0 0.0
104.0 98.0 0.0
104.0 100.0 0.0
104.0 102.0 0.0
104.0 104.0 0.0024681955833881553
104.0 106.0 0.054549752616869486
104.0 108.0 0.24003037984120926
104.0 110.0 0.3605683664924086
104.0 112.0 0.42121640602205407
104.0 114.0 0.0
104.0 116.0 0.0
104.0 118.0 0.0
104.0 120.0 0.0
104.0 122.0 0.0
104.0 124.0 0.0
104.0 126.0 0.0
106.0 0.0 0.0
106.0 2.0 0.0
106.0 4.0 0.0
106.0 6.0 0.0
106.0 8.0 0.0
106.0 10.0 0.0
106.0 12.0 0.0
106.0 14.0 0.0
106.0 16.0 0.0
106.0 18.0 0.14998088318068517
106.0 20.0 0.0
106.0 22.0 0.005373324302452347
106.0 24.0 0.05715887182029511
106.0 26.0 0.1792000180222497
106.0 28.0 0.28206220452419506
106.0 30.0 0.3347198327255431
106.0 32.0 0.3475419479839621
106.0 34.0 0.3455340110111495
106.0 36.0 0.312161590073977
106.0 38.0 0.1622726977162203
106.0 40.0 0.0
106.0 42.0 0.0
106.0 44.0 0.0
106.0 46.0 0.0
106.0 48.0 0.0
106.0 50.0 0.0
106.0 52.0 0.0
106.0 54.0 0.0
106.0 56.0 0.0
106.0 58.0 0.0
106.0 60.0 0.0037490454477124607
106.0 62.0 0.018385066782744475
106.0 64.0 0.09771681335570594
106.0 66.0 0.2397154374791494
106.0 68.0 0.3140358524998989
106.0 70.0 0.36532552943381263
106.0 72.0 0.45719736435588176
106.0 74.0 0.5062776147867915
106.0 76.0 0.5357784327211897
106.0 78.0 0.4538771677216413
106.0 80.0 0.2785774578600956
106.0 82.0 0.08835214469641861
106.0 84.0 0.0015455125287403575
106.0 86.0 0.0
106.0 88.0 0.0
106.0 90.0 0.0
106.0 92.0 0.0
106.0 94.0 0.0
106.0 96.0 0.0
106.0 98.0 0.0
106.0 100.0 0.0
106.0 102.0 0.0
106.0 104.0 0.0
106.0 106.0 0.017381910615353522
106.0 108.0 0.15278099115720145
106.0 110.0 0.3271309012585499
106.0 112.0 0.0
106.0 114.0 0.0
106.0 116.0 0.0
106.0 118.0 0.0
106.0 120.0 0.0
106.0 122.0 0.0
106.0 124.0 0.0
106.0 126.0 0.0
108.0 0.0 0.0
108.0 2.0 0.0
108.0 4.0 0.0
108.0 6.0 0.0
108.0 8.0 0.0
108.0 10.0 0.0
108.0 12.0 0.0
108.0 14.0 0.0
108.0 16.0 0.0
108.0 18.0 0.0
108.0 20.0 0.25935502832383944
108.0 22.0 0.12247000330908077
108.0 24.0 0.20542503283830219
108.0 26.0 0.2940722688978054
108.0 28.0 0.33668896456017045
108.0 30.0 0.3751014162176279
108.0 32.0 0.3962104897733864
108.0 34.0 0.3726731391862455
108.0 36.0 0.29040133350064096
108.0 38.0 0.11905410181956995
108.0 40.0 0.0
108.0 42.0 0.0
108.0 44.0 0.0
108.0 46.0 0.0
108.0 48.0 0.0
108.0 50.0 0.0
108.0 52.0 0.0
108.0 54.0 0.0
108.0 56.0 0.0
108.0 58.0 0.0
108.0 60.0 0.005366095567202919
108.0 62.0 0.015547959741939258
108.0 64.0 0.07125909241355001
108.0 66.0 0.21149168493886325
108.0 68.0 0.3202783013767944
108.0 70.0 0.3549891738263915
108.0 72.0 0.4072695781322056
108.0 74.0 0.5025962425436356
108.0 76.0 0.5304974563740323
108.0 78.0 0.49402609986112317
108.0 80.0 0.36330471917476753
108.0 82.0 0.15565258620351877
108.0 84.0 0.03448313872283348
108.0 86.0 0.0
108.0 88.0 0.0
108.0 90.0 0.0
108.0 92.0 0.0
108.0 94.0 0.0
108.0 96.0 0.0
108.0 98.0 0.0
108.0 100.0 0.0
108.0 102.0 0.0
108.0 104.0 0.0
108.0 106.0 0.0
108.0 108.0 0.044317461147155325
108.0 110.0 0.0
108.0 112.0 0.0
108.0 114.0 0.0
108.0 116.0 0.0
108.0 118.0 0.0
108.0 120.0 0.0
108.0 122.0 0.0
108.0 124.0 0.0
108.0 126.0 0.0
110.0 0.0 0.0
110.0 2.0 0.0
110.0 4.0 0.0
110.0 6.0 0.0
110.0 8.0 0.0
110.0 10.0 0.0
110.0 12.0 0.0
110.0 14.0 0.0
110.0 16.0 0.0
110.0 18.0 0.0
110.0 20.0 0.0
110.0 22.0 0.2997036120544167
110.0 24.0 0.3074340555796401
110.0 26.0 0.36702802166825216
110.0 28.0 0.42891681613111166
110.0 30.0 0.46313500984786726
110.0 32.0 0.4664117415614508
110.0 34.0 0.3997486536189365
110.0 36.0 0.3236107349570447
110.0 38.0 0.09337241731066458
110.0 40.0 0.0
110.0 42.0 0.0
110.0 44.0 0.0
110.0 46.0 0.0
110.0 48.0 0.0
110.0 50.0 0.0
110.0 52.0 0.0
110.0 54.0 0.0
110.0 56.0 0.0
110.0 58.0 0.0
110.0 60.0 0.005302176076582473
110.0 62.0 0.01524222067392386
110.0 64.0 0.05857897543075249
110.0 66.0 0.1668739064669044
110.0 68.0 0.2858355946929805
110.0 70.0 0.34203643553891977
110.0 72.0 0.39449405343501426
110.0 74.0 0.4701768177096703
110.0 76.0 0.5216590109431632
110.0 78.0 0.519641725054847
110.0 80.0 0.4205092325328163
110.0 82.0 0.221806480524585
110.0 84.0 0.0727284885831286
110.0 86.0 0.0
110.0 88.0 0.0
110.0 90.0 0.0
110.0 92.0 0.0
110.0 94.0 0.0
110.0 96.0 0.0
110.0 98.0 0.0
110.0 100.0 0.0
110.0 102.0 0.0
110.0 104.0 0.0
110.0 106.0 0.0
110.0 108.0 0.0
110.0 110.0 0.0
110.0 112.0 0.0
110.0 114.0 0.0
110.0 116.0 0.0
110.0 118.0 0.0
110.0 120.0 0.0
110.0 122.0 0.0
110.0 124.0 0.0
110.0 126.0 0.0
112.0 0.0 0.0
112.0 2.0 0.0
112.0 4.0 0.0
112.0 6.0 0.0
112.0 8.0 0.0
112.0 10.0 0.0
112.0 12.0 0.0
112.0 14.0 0.0
112.0 16.0 0.0
112.0 18.0 0.0
112.0 20.0 0.0
112.0 22.0 0.0
112.0 24.0 0.3051347057593507
112.0 26.0 0.4029929644368834
112.0 28.0 0.44912971440649135
112.0 30.0 0.4801382583941773
112.0 32.0 0.47281200377761085
112.0 34.0 0.4083911332823898
112.0 36.0 0.27972263933642477
112.0 38.0 0.07697836292050554
112.0 40.0 0.0
112.0 42.0 0.0
112.0 44.0 0.0
112.0 46.0 0.0
112.0 48.0 0.0
112.0 50.0 0.0
112.0 52.0 0.0
112.0 54.0 0.0
112.0 56.0 0.0
112.0 58.0 0.0
112.0 60.0 0.0025977754437442636
112.0 62.0 0.014538883128402529
112.0 64.0 0.04430457249871202
112.0 66.0 0.1290874295353054
112.0 68.0 0.2921627892489324
112.0 70.0 0.3378786053880975
112.0 72.0 0.3699573576169987
112.0 74.0 0.44077858736110836
112.0 76.0 0.50732896953431
112.0 78.0 0.5223748749949928
112.0 80.0 0.4614210249356734
112.0 82.0 0.27988618749973987
112.0 84.0 0.10304142892683671
112.0 86.0 0.002391172354427678
112.0 88.0 0.0
112.0 90.0 0.0
112.0 92.0 0.0
112.0 94.0 0.0
112.0 96.0 0.0
112.0 98.0 0.0
112.0 100.0 0.0
112.0 102.0 0.0
112.0 104.0 0.0
112.0 106.0 0.0
112.0 108.0 0.0
112.0 110.0 0.0
112.0 112.0 0.0
112.0 114.0 0.0
112.0 116.0 0.0
112.0 118.0 0.0
112.0 120.0 0.0
112.0 122.0 0.0
112.0 124.0 0.0
112.0 126.0 0.0
114.0 0.0 0.0
114.0 2.0 0.0
114.0 4.0 0.0
114.0 6.0 0.0
114.0 8.0 0.0
114.0 10.0 0.0
114.0 12.0 0.0
114.0 14.0 0.0
114.0 16.0 0.0
114.0 18.0 0.0
114.0 20.0 0.0
114.0 22.0 0.0
114.0 24.0 0.0
114.0 26.0 0.31325962434798965
114.0 28.0 0.43898071465093286
114.0 30.0 0.4514202454892476
114.0 32.0 0.4460127876376749
114.0 34.0 0.39114297232313705
114.0 36.0 0.27231813538718935
114.0 38.0 0.07378437214134502
114.0 40.0 0.0
114.0 42.0 0.0
114.0 44.0 0.0
114.0 46.0 0.0
114.0 48.0 0.0
114.0 50.0 0.0
114.0 52.0 0.0
114.0 54.0 0.0
114.0 56.0 0.0
114.0 58.0 0.0
114.0 60.0 0.0
114.0 62.0 0.006831627573140299
114.0 64.0 0.03497417236223705
114.0 66.0 0.10069935673817122
114.0 68.0 0.25408775130505296
114.0 70.0 0.37766186732509865
114.0 72.0 0.3541476881900186
114.0 74.0 0.3910195245727317
114.0 76.0 0.4845423300106774
114.0 78.0 0.5028276860921537
114.0 80.0 0.4732429662922033
114.0 82.0 0.3112708485415328
114.0 84.0 0.12541709649686747
114.0 86.0 0.010493149661428862
114.0 88.0 0.0
114.0 90.0 0.0
114.0 92.0 0.0
114.0 94.0 0.0
114.0 96.0 0.0
114.0 98.0 0.0
114.0 100.0 0.0
114.0 102.0 0.0
114.0 104.0 0.0
114.0 106.0 0.0
114.0 108.0 0.0
114.0 110.0 0.0
114.0 112.0 0.0
114.0 114.0 0.0
114.0 116.0 0.0
114.0 118.0 0.0
114.0 120.0 0.0
114.0 122.0 0.0
114.0 124.0 0.0
114.0 126.0 0.0
116.0 0.0 0.0
116.0 2.0 0.0
116.0 4.0 0.0
116.0 6.0 0.0
116.0 8.0 0.0
116.0 10.0 0.0
116.0 12.0 0.0
116.0 14.0 0.0
116.0 16.0 0.0
116.0 18.0 0.0
116.0 20.0 0.0
116.0 22.0 0.0
116.0 24.0 0.0
116.0 26.0 0.0
116.0 28.0 0.20683005100037485
116.0 30.0 0.41238997905614
116.0 32.0 0.4076725851407395
116.0 34.0 0.36807436908820756
116.0 36.0 0.28802505485101854
116.0 38.0 0.07528561700909005
116.0 40.0 0.0
116.0 42.0 0.0
116.0 44.0 0.0
116.0 46.0 0.0
116.0 48.0 0.0
116.0 50.0 0.0
116.0 52.0 0.0
116.0 54.0 0.0
116.0 56.0 0.0
116.0 58.0 0.0
116.0 60.0 0.0
116.0 62.0 0.0
116.0 64.0 0.016839497479881935
116.0 66.0 0.07215785602965379
116.0 68.0 0.20621227657365107
116.0 70.0 0.34106652756292527
116.0 72.0 0.37277703714000837
116.0 74.0 0.39277380783023236
116.0 76.0 0.41145604383264894
116.0 78.0 0.48583512924320177
116.0 80.0 0.46196511057153594
116.0 82.0 0.32581886676353455
116.0 84.0 0.13954650177778596
116.0 86.0 0.01886071903213662
116.0 88.0 0.0
116.0 90.0 0.0
116.0 92.0 0.0
116.0 94.0 0.0
116.0 96.0 0.0
116.0 98.0 0.0
116.0 100.0 0.0
116.0 102.0 0.0
116.0 104.0 0.0
116.0 106.0 0.0
116.0 108.0 0.0
116.0 110.0 0.0
116.0 112.0 0.0
116.0 114.0 0.0
116.0 116.0 0.0
116.0 118.0 0.0
116.0 120.0 0.0
116.0 122.0 0.0
116.0 124.0 0.0
116.0 126.0 0.0
118.0 0.0 0.0
118.0 2.0 0.0
118.0 4.0 0.0
118.0 6.0 0.0
118.0 8.0 0.0
118.0 10.0 0.0
118.0 12.0 0.0
118.0 14.0 0.0
118.0 16.0 0.0
118.0 18.0 0.0
118.0 20.0 0.0
118.0 22.0 0.0
118.0 24.0 0.0
118.0 26.0 0.0
118.0 28.0 0.0
118.0 30.0 0.0
118.0 32.0 0.19656858193872795
118.0 34.0 0.37855906490310814
118.0 36.0 0.3047649513597522
118.0 38.0 0.12293798790673788
118.0 40.0 3.173568930264203E-4
118.0 42.0 0.0
118.0 44.0 0.0
118.0 46.0 0.0
118.0 48.0 0.0
118.0 50.0 0.0
118.0 52.0 0.0
118.0 54.0 0.0
118.0 56.0 0.0
118.0 58.0 0.0
118.0 60.0 0.0
118.0 62.0 0.0
118.0 64.0 0.003179115923969167
118.0 66.0 0.038423600014231195
118.0 68.0 0.14174459036287276
118.0 70.0 0.2869322284068975
118.0 72.0 0.34132881976769314
118.0 74.0 0.40075034483367794
118.0 76.0 0.4233510119921032
118.0 78.0 0.43279492394163005
118.0 80.0 0.43945597075296133
118.0 82.0 0.31704634192789166
118.0 84.0 0.1463577505232487
118.0 86.0 0.01800504913614613
118.0 88.0 0.0
118.0 90.0 0.0
118.0 92.0 0.0
118.0 94.0 0.0
118.0 96.0 0.0
118.0 98.0 0.0
118.0 100.0 0.0
118.0 102.0 0.0
118.0 104.0 0.0
118.0 106.0 0.0
118.0 108.0 0.0
118.0 110.0 0.0
118.0 112.0 0.0
118.0 114.0 0.0
118.0 116.0 0.0
118.0 118.0 0.0
118.0 120.0 0.0
118.0 122.0 0.0
118.0 124.0 0.0
118.0 126.0 0.0
120.0 0.0 0.0
120.0 2.0 0.0
120.0 4.0 0.0
120.0 6.0 0.0
120.0 8.0 0.0
120.0 10.0 0.0
120.0 12.0 0.0
120.0 14.0 0.0
120.0 16.0 0.0
120.0 18.0 0.0
120.0 20.0 0.0
120.0 22.0 0.0
120.0 24.0 0.0
120.0 26.0 0.0
120.0 28.0 0.0
120.0 30.0 0.0
120.0 32.0 0.0
120.0 34.0 0.0
120.0 36.0 0.0054740555319327195
120.0 38.0 0.041137360512204964
120.0 40.0 0.0
120.0 42.0 0.0
120.0 44.0 0.0
120.0 46.0 0.0
120.0 48.0 0.0
120.0 50.0 0.0
120.0 52.0 0.0
120.0 54.0 0.0
120.0 56.0 0.0
120.0 58.0 0.0
120.0 60.0 0.0
120.0 62.0 0.0
120.0 64.0 0.0
120.0 66.0 0.010447419346819566
120.0 68.0 0.07910103316083479
120.0 70.0 0.2175646664105596
120.0 72.0 0.31527848422425864
120.0 74.0 0.382721436048866
120.0 76.0 0.40941105372605097
120.0 78.0 0.39701394833919307
120.0 80.0 0.40225991314783505
120.0 82.0 0.30086231272220426
120.0 84.0 0.141689357322181
120.0 86.0 0.017682849553766863
120.0 88.0 0.0
120.0 90.0 0.0
120.0 92.0 0.0
120.0 94.0 0.0
120.0 96.0 0.0
120.0 98.0 0.0
120.0 100.0 0.0
120.0 102.0 0.0
120.0 104.0 0.0
120.0 106.0 0.0
120.0 108.0 0.0
120.0 110.0 0.0
120.0 112.0 0.0
120.0 114.0 0.0
120.0 116.0 0.0
120.0 118.0 0.0
120.0 120.0 0.0
120.0 122.0 0.0
120.0 124.0 0.0
120.0 126.0 0.0
122.0 0.0 0.0
122.0 2.0 0.0
122.0 4.0 0.0
122.0 6.0 0.0
122.0 8.0 0.0
122.0 10.0 0.0
122.0 12.0 0.0
122.0 14.0 0.0
122.0 16.0 0.0
122.0 18.0 0.0
122.0 20.0 0.0
122.0 22.0 0.0
122.0 24.0 0.0
122.0 26.0 0.0
122.0 28.0 0.0
122.0 30.0 0.0
122.0 32.0 0.0
122.0 34.0 0.0
122.0 36.0 0.0
122.0 38.0 0.0
122.0 40.0 0.0
122.0 42.0 0.0
122.0 44.0 0.0
122.0 46.0 0.0
122.0 48.0 0.0
122.0 50.0 0.0
122.0 52.0 0.0
122.0 54.0 0.0
122.0 56.0 0.0
122.0 58.0 0.0
122.0 60.0 0.0
122.0 62.0 0.0
122.0 64.0 0.0
122.0 66.0 0.0
122.0 68.0 0.026451708554578124
122.0 70.0 0.15924912242391787
122.0 72.0 0.2743828770224092
122.0 74.0 0.3448160566573046
122.0 76.0 0.3737489245550069
122.0 78.0 0.36482072938883764
122.0 80.0 0.3665805599908673
122.0 82.0 0.28069179129075117
122.0 84.0 0.13609230574809086
122.0 86.0 0.014539889136052808
122.0 88.0 0.0
122.0 90.0 0.0
122.0 92.0 0.0
122.0 94.0 0.0
122.0 96.0 0.0
122.0 98.0 0.0
122.0 100.0 0.0
122.0 102.0 0.0
122.0 104.0 0.0
122.0 106.0 0.0
122.0 108.0 0.0
122.0 110.0 0.0
122.0 112.0 0.0
122.0 114.0 0.0
122.0 116.0 0.0
122.0 118.0 0.0
122.0 120.0 0.0
122.0 122.0 0.0
122.0 124.0 0.0
122.0 126.0 0.0
124.0 0.0 0.0
124.0 2.0 0.0
124.0 4.0 0.0
124.0 6.0 0.0
124.0 8.0 0.0
124.0 10.0 0.0
124.0 12.0 0.0
124.0 14.0 0.0
124.0 16.0 0.0
124.0 18.0 0.0
124.0 20.0 0.0
124.0 22.0 0.0
124.0 24.0 0.0
124.0 26.0 0.0
124.0 28.0 0.0
124.0 30.0 0.0
124.0 32.0 0.0
124.0 34.0 0.0
124.0 36.0 0.0
124.0 38.0 0.0
124.0 40.0 0.0
124.0 42.0 0.0
124.0 44.0 0.0
124.0 46.0 0.0
124.0 48.0 0.0
124.0 50.0 0.0
124.0 52.0 0.0
124.0 54.0 0.0
124.0 56.0 0.0
124.0 58.0 0.0
124.0 60.0 0.0
124.0 62.0 0.0
124.0 64.0 0.0
124.0 66.0 0.0
124.0 68.0 0.01109181553448016
124.0 70.0 0.11205154888001607
124.0 72.0 0.24195006991198867
124.0 74.0 0.31835246210735463
124.0 76.0 0.3504273401805525
124.0 78.0 0.34429313675099277
124.0 80.0 0.32134543199184623
124.0 82.0 0.26623939649686174
124.0 84.0 0.0
124.0 86.0 0.0
124.0 88.0 0.0
124.0 90.0 0.0
124.0 92.0 0.0
124.0 94.0 0.0
124.0 96.0 0.0
124.0 98.0 0.0
124.0 100.0 0.0
124.0 102.0 0.0
124.0 104.0 0.0
124.0 106.0 0.0
124.0 108.0 0.0
124.0 110.0 0.0
124.0 112.0 0.0
124.0 114.0 0.0
124.0 116.0 0.0
124.0 118.0 0.0
124.0 120.0 0.0
124.0 122.0 0.0
124.0 124.0 0.0
124.0 126.0 0.0
126.0 0.0 0.0
126.0 2.0 0.0
126.0 4.0 0.0
126.0 6.0 0.0
126.0 8.0 0.0
126.0 10.0 0.0
126.0 12.0 0.0
126.0 14.0 0.0
126.0 16.0 0.0
126.0 18.0 0.0
126.0 20.0 0.0
126.0 22.0 0.0
126.0 24.0 0.0
126.0 26.0 0.0
126.0 28.0 0.0
126.0 30.0 0.0
126.0 32.0 0.0
126.0 34.0 0.0
126.0 36.0 0.0
126.0 38.0 0.0
126.0 40.0 0.0
126.0 42.0 0.0
126.0 44.0 0.0
126.0 46.0 0.0
126.0 48.0 0.0
126.0 50.0 0.0
126.0 52.0 0.0
126.0 54.0 0.012738139317518207
126.0 56.0 0.0
126.0 58.0 0.0
126.0 60.0 0.0
126.0 62.0 0.0
126.0 64.0 0.0
126.0 66.0 0.0
126.0 68.0 0.0032546751303937846
126.0 70.0 0.07610530419988733
126.0 72.0 0.218206676616672
126.0 74.0 0.28653802147966245
126.0 76.0 0.0
126.0 78.0 0.0
126.0 80.0 0.0
126.0 82.0 0.0
126.0 84.0 0.0
126.0 86.0 0.0
126.0 88.0 0.0
126.0 90.0 0.0
126.0 92.0 0.0
126.0 94.0 0.0
126.0 96.0 0.0
126.0 98.0 0.0
126.0 100.0 0.0
126.0 102.0 0.0
126.0 104.0 0.0
126.0 106.0 0.0
126.0 108.0 0.0
126.0 110.0 0.0
126.0 112.0 0.0
126.0 114.0 0.0
126.0 116.0 0.0
126.0 118.0 0.0
126.0 120.0 0.0
126.0 122.0 0.0
126.0 124.0 0.0
126.0 126.0 0.0
