0.0 0.0 0.0
0.0 2.0 0.0
0.0 4.0 0.0
0.0 6.0 0.0
0.0 8.0 0.0
0.0 10.0 0.0
0.0 12.0 0.0
0.0 14.0 0.0
0.0 16.0 0.0
0.0 18.0 0.0
0.0 20.0 0.0
0.0 22.0 0.0
0.0 24.0 0.0
0.0 26.0 0.0
0.0 28.0 0.0
0.0 30.0 0.0
0.0 32.0 0.0
0.0 34.0 0.0
0.0 36.0 0.0
0.0 38.0 0.0
0.0 40.0 0.0
0.0 42.0 0.0
0.0 44.0 0.0
0.0 46.0 0.0
0.0 48.0 0.0
0.0 50.0 0.0
0.0 52.0 0.0
0.0 54.0 0.0
0.0 56.0 0.0
0.0 58.0 0.0
0.0 60.0 0.0
0.0 62.0 0.0
0.0 64.0 0.0
0.0 66.0 0.0
0.0 68.0 0.0
0.0 70.0 0.0
0.0 72.0 0.0
0.0 74.0 0.0
0.0 76.0 0.0
0.0 78.0 0.0
0.0 80.0 0.0
0.0 82.0 0.0
0.0 84.0 0.0
0.0 86.0 0.0
0.0 88.0 0.0
0.0 90.0 0.0
0.0 92.0 0.0
0.0 94.0 0.0
0.0 96.0 0.0
0.0 98.0 0.0
0.0 100.0 0.0
0.0 102.0 0.0
0.0 104.0 0.0
0.0 106.0 0.0
0.0 108.0 0.0
0.0 110.0 0.0
0.0 112.0 0.0
0.0 114.0 0.0
0.0 116.0 0.0
0.0 118.0 0.0
0.0 120.0 0.0
0.0 122.0 0.0
0.0 124.0 0.0
0.0 126.0 0.0
2.0 0.0 0.0
2.0 2.0 0.0
2.0 4.0 0.0
2.0 6.0 0.0
2.0 8.0 0.0
2.0 10.0 0.0
2.0 12.0 0.0
2.0 14.0 0.0
2.0 16.0 0.0
2.0 18.0 0.0
2.0 20.0 0.0
2.0 22.0 0.0
2.0 24.0 0.0
2.0 26.0 0.0
2.0 28.0 0.0
2.0 30.0 0.0
2.0 32.0 0.0
2.0 34.0 0.0
2.0 36.0 0.0
2.0 38.0 0.0
2.0 40.0 0.0
2.0 42.0 0.0
2.0 44.0 0.0
2.0 46.0 0.0
2.0 48.0 0.22271009329321442
2.0 50.0 0.27840795496311743
2.0 52.0 0.2182260650651091
2.0 54.0 0.14622684453693827
2.0 56.0 0.04608469809922756
2.0 58.0 0.0
2.0 60.0 0.0
2.0 62.0 0.0
2.0 64.0 0.0
2.0 66.0 0.0
2.0 68.0 0.0
2.0 70.0 0.0
2.0 72.0 0.025269005436288655
2.0 74.0 0.09376221015378228
2.0 76.0 0.16864595474504226
2.0 78.0 0.20181000893180745
2.0 80.0 0.0
2.0 82.0 0.0
2.0 84.0 0.0
2.0 86.0 0.0
2.0 88.0 0.0
2.0 90.0 0.0
2.0 92.0 0.0
2.0 94.0 0.0
2.0 96.0 0.0
2.0 98.0 0.0
2.0 100.0 0.0
2.0 102.0 0.0
2.0 104.0 0.0
2.0 106.0 0.0
2.0 108.0 0.0
2.0 110.0 0.0
2.0 112.0 0.0
2.0 114.0 0.0
2.0 116.0 0.0
2.0 118.0 0.0
2.0 120.0 0.0
2.0 122.0 0.0
2.0 124.0 0.0
2.0 126.0 0.0
4.0 0.0 0.0
4.0 2.0 0.0
4.0 4.0 0.0
4.0 6.0 0.0
4.0 8.0 0.0
4.0 10.0 0.0
4.0 12.0 0.0
4.0 14.0 0.0
4.0 16.0 0.0
4.0 18.0 0.0
4.0 20.0 0.0
4.0 22.0 0.0
4.0 24.0 0.0
4.0 26.0 0.0
4.0 28.0 0.0
4.0 30.0 0.0
4.0 32.0 0.0
4.0 34.0 0.0
4.0 36.0 0.0
4.0 38.0 0.0
4.0 40.0 0.0
4.0 42.0 0.23964160919623387
4.0 44.0 0.19454595766240904
4.0 46.0 0.18662638864793554
4.0 48.0 0.18014319920866717
4.0 50.0 0.14949729475549653
4.0 52.0 0.08812245367583144
4.0 54.0 0.013070600421585669
4.0 56.0 0.0
4.0 58.0 0.0
4.0 60.0 0.0
4.0 62.0 0.0
4.0 64.0 0.0
4.0 66.0 0.0
4.0 68.0 0.0
4.0 70.0 0.0
4.0 72.0 0.006618891415519892
4.0 74.0 0.06347460770459855
4.0 76.0 0.14310248392391156
4.0 78.0 0.18182879497410123
4.0 80.0 0.18616705168599026
4.0 82.0 0.197871211621684
4.0 84.0 0.18683624107747418
4.0 86.0 0.0
4.0 88.0 0.0
4.0 90.0 0.0
4.0 92.0 0.0
4.0 94.0 0.0
4.0 96.0 0.0
4.0 98.0 0.0
4.0 100.0 0.0
4.0 102.0 0.0
4.0 104.0 0.0
4.0 106.0 0.0
4.0 108.0 0.0
4.0 110.0 0.0
4.0 112.0 0.0
4.0 114.0 0.0
4.0 116.0 0.0
4.0 118.0 0.0
4.0 120.0 0.0
4.0 122.0 0.0
4.0 124.0 0.0
4.0 126.0 0.0
6.0 0.0 0.0
6.0 2.0 0.0
6.0 4.0 0.0
6.0 6.0 0.0
6.0 8.0 0.0
6.0 10.0 0.0
6.0 12.0 0.0
6.0 14.0 0.0
6.0 16.0 0.0
6.0 18.0 0.0
6.0 20.0 0.0
6.0 22.0 0.0
6.0 24.0 0.0
6.0 26.0 0.0
6.0 28.0 0.0
6.0 30.0 0.0
6.0 32.0 0.0
6.0 34.0 0.0
6.0 36.0 0.0
6.0 38.0 0.07432406902300082
6.0 40.0 0.0016589354102948194
6.0 42.0 0.08085832260233138
6.0 44.0 0.16760166435317206
6.0 46.0 0.20758303414503276
6.0 48.0 0.2058662746900377
6.0 50.0 0.16251448862120538
6.0 52.0 0.0797512779654722
6.0 54.0 0.010068416147991834
6.0 56.0 0.0
6.0 58.0 0.0
6.0 60.0 0.0
6.0 62.0 0.0
6.0 64.0 0.0
6.0 66.0 0.0
6.0 68.0 0.0
6.0 70.0 0.0
6.0 72.0 0.0
6.0 74.0 0.038654621667730475
6.0 76.0 0.11622228333092362
6.0 78.0 0.16229168470373537
6.0 80.0 0.17025283438595887
6.0 82.0 0.18257625357878812
6.0 84.0 0.1836593894019468
6.0 86.0 0.1305943223080905
6.0 88.0 0.04503673479322463
6.0 90.0 0.0013281509625373807
6.0 92.0 0.0
6.0 94.0 0.0
6.0 96.0 0.0
6.0 98.0 0.0
6.0 100.0 0.0
6.0 102.0 0.0
6.0 104.0 0.0
6.0 106.0 0.0
6.0 108.0 0.0
6.0 110.0 0.0
6.0 112.0 0.0
6.0 114.0 0.0
6.0 116.0 0.0
6.0 118.0 0.0
6.0 120.0 0.0
6.0 122.0 0.0
6.0 124.0 0.0
6.0 126.0 0.0
8.0 0.0 0.0
8.0 2.0 0.0
8.0 4.0 0.0
8.0 6.0 0.0
8.0 8.0 0.0
8.0 10.0 0.0
8.0 12.0 0.0
8.0 14.0 0.0
8.0 16.0 0.0
8.0 18.0 0.0
8.0 20.0 0.0
8.0 22.0 0.0
8.0 24.0 0.0
8.0 26.0 0.0
8.0 28.0 0.0
8.0 30.0 0.0
8.0 32.0 0.0
8.0 34.0 0.0
8.0 36.0 0.0
8.0 38.0 0.0010950818703266757
8.0 40.0 0.09429572687807203
8.0 42.0 0.20298544814715333
8.0 44.0 0.25607854435927707
8.0 46.0 0.27931999271946023
8.0 48.0 0.2666331002071928
8.0 50.0 0.21354022706267048
8.0 52.0 0.10850877542173344
8.0 54.0 0.017932250954554956
8.0 56.0 0.0
8.0 58.0 0.0
8.0 60.0 0.0
8.0 62.0 0.0
8.0 64.0 0.0
8.0 66.0 0.0
8.0 68.0 0.0
8.0 70.0 0.0
8.0 72.0 0.0
8.0 74.0 0.014602321922043629
8.0 76.0 0.074450079612838
8.0 78.0 0.13055046215317148
8.0 80.0 0.14670767181072822
8.0 82.0 0.1599967872340596
8.0 84.0 0.16994655141827378
8.0 86.0 0.13859018465158846
8.0 88.0 0.07869220648215079
8.0 90.0 0.011363850334696862
8.0 92.0 0.0
8.0 94.0 0.0
8.0 96.0 0.0
8.0 98.0 0.0
8.0 100.0 0.0
8.0 102.0 0.0
8.0 104.0 0.0
8.0 106.0 0.0
8.0 108.0 0.0
8.0 110.0 0.0
8.0 112.0 0.0
8.0 114.0 0.0
8.0 116.0 0.0
8.0 118.0 0.0
8.0 120.0 0.0
8.0 122.0 0.0
8.0 124.0 0.0
8.0 126.0 0.0
10.0 0.0 0.0
10.0 2.0 0.0
10.0 4.0 0.0
10.0 6.0 0.0
10.0 8.0 0.0
10.0 10.0 0.0
10.0 12.0 0.0
10.0 14.0 0.0
10.0 16.0 0.0
10.0 18.0 0.0
10.0 20.0 0.0
10.0 22.0 0.0
10.0 24.0 0.0
10.0 26.0 0.0
10.0 28.0 0.0
10.0 30.0 0.0
10.0 32.0 0.0
10.0 34.0 0.0
10.0 36.0 0.014236209078848915
10.0 38.0 0.12027238298424243
10.0 40.0 0.23768112520094542
10.0 42.0 0.31527784040119217
10.0 44.0 0.3104146452212013
10.0 46.0 0.3068091192938388
10.0 48.0 0.29057092948002056
10.0 50.0 0.23901383086301978
10.0 52.0 0.12276154946708616
10.0 54.0 0.02344116321019002
10.0 56.0 0.0
10.0 58.0 0.0
10.0 60.0 0.0
10.0 62.0 0.0
10.0 64.0 0.0
10.0 66.0 0.0
10.0 68.0 0.0
10.0 70.0 0.0
10.0 72.0 0.0
10.0 74.0 0.001110293941682974
10.0 76.0 0.030091946592263913
10.0 78.0 0.0847067170669532
10.0 80.0 0.11732488039451439
10.0 82.0 0.14171759661282832
10.0 84.0 0.15572092010235997
10.0 86.0 0.14100193915633286
10.0 88.0 0.10774039827706638
10.0 90.0 0.029377453051602068
10.0 92.0 0.0
10.0 94.0 0.0
10.0 96.0 0.0
10.0 98.0 0.0
10.0 100.0 0.0
10.0 102.0 0.0
10.0 104.0 0.0
10.0 106.0 0.0
10.0 108.0 0.0
10.0 110.0 0.0
10.0 112.0 0.0
10.0 114.0 0.0
10.0 116.0 0.0
10.0 118.0 0.0
10.0 120.0 0.0
10.0 122.0 0.0
10.0 124.0 0.0
10.0 126.0 0.0
12.0 0.0 0.0
12.0 2.0 0.0
12.0 4.0 0.0
12.0 6.0 0.0
12.0 8.0 0.0
12.0 10.0 0.0
12.0 12.0 0.0
12.0 14.0 0.0
12.0 16.0 0.0
12.0 18.0 0.0
12.0 20.0 0.0
12.0 22.0 0.0
12.0 24.0 0.0
12.0 26.0 0.0
12.0 28.0 0.0
12.0 30.0 0.0
12.0 32.0 0.0
12.0 34.0 0.0
12.0 36.0 0.06314952787976422
12.0 38.0 0.17633780824227027
12.0 40.0 0.2583023055018649
12.0 42.0 0.2951438470540997
12.0 44.0 0.3079543944978151
12.0 46.0 0.3202292796103318
12.0 48.0 0.30350714686014346
12.0 50.0 0.2537633712350021
12.0 52.0 0.14062609472417678
12.0 54.0 0.03100479556672835
12.0 56.0 0.0
12.0 58.0 0.0
12.0 60.0 0.0
12.0 62.0 0.0
12.0 64.0 0.0
12.0 66.0 0.0
12.0 68.0 0.0
12.0 70.0 0.0
12.0 72.0 0.0
12.0 74.0 0.0
12.0 76.0 0.013637463958445407
12.0 78.0 0.059244558392984474
12.0 80.0 0.0916804422392002
12.0 82.0 0.11580704785809424
12.0 84.0 0.13193984030448874
12.0 86.0 0.14173480692581
12.0 88.0 0.11068028925691718
12.0 90.0 0.05945046267805229
12.0 92.0 0.0033968998933747194
12.0 94.0 0.0
12.0 96.0 0.0
12.0 98.0 0.0
12.0 100.0 0.0
12.0 102.0 0.0
12.0 104.0 0.0
12.0 106.0 0.0
12.0 108.0 0.0
12.0 110.0 0.0
12.0 112.0 0.0
12.0 114.0 0.0
12.0 116.0 0.0
12.0 118.0 0.0
12.0 120.0 0.0
12.0 122.0 0.0
12.0 124.0 0.0
12.0 126.0 0.0
14.0 0.0 0.0
14.0 2.0 0.0
14.0 4.0 0.0
14.0 6.0 0.0
14.0 8.0 0.0
14.0 10.0 0.0
14.0 12.0 0.0
14.0 14.0 0.0
14.0 16.0 0.0
14.0 18.0 0.0
14.0 20.0 0.0
14.0 22.0 0.0
14.0 24.0 0.0
14.0 26.0 0.0
14.0 28.0 0.0
14.0 30.0 0.0
14.0 32.0 0.0
14.0 34.0 0.03440862504439627
14.0 36.0 0.1145202517180116
14.0 38.0 0.1788478524754964
14.0 40.0 0.2554262951485592
14.0 42.0 0.28338804524079186
14.0 44.0 0.3179862855659277
14.0 46.0 0.33750788417167527
14.0 48.0 0.32060666039383384
14.0 50.0 0.26001436001122985
14.0 52.0 0.14958459453424508
14.0 54.0 0.03874345195423918
14.0 56.0 0.0
14.0 58.0 0.0
14.0 60.0 0.0
14.0 62.0 0.0
14.0 64.0 0.0
14.0 66.0 0.0
14.0 68.0 0.0
14.0 70.0 0.0
14.0 72.0 0.0
14.0 74.0 0.0
14.0 76.0 0.005629321583718504
14.0 78.0 0.038771893080970614
14.0 80.0 0.07145702409264884
14.0 82.0 0.09162509677355668
14.0 84.0 0.1163779391432822
14.0 86.0 0.13224038721607909
14.0 88.0 0.11182209794931465
14.0 90.0 0.08462161332212399
14.0 92.0 0.014820788130734211
14.0 94.0 0.0
14.0 96.0 0.0
14.0 98.0 0.0
14.0 100.0 0.0
14.0 102.0 0.0
14.0 104.0 0.0
14.0 106.0 0.0
14.0 108.0 0.0
14.0 110.0 0.0
14.0 112.0 0.0
14.0 114.0 0.0
14.0 116.0 0.0
14.0 118.0 0.0
14.0 120.0 0.0
14.0 122.0 0.0
14.0 124.0 0.0
14.0 126.0 0.0
16.0 0.0 0.0
16.0 2.0 0.0
16.0 4.0 0.0
16.0 6.0 0.0
16.0 8.0 0.0
16.0 10.0 0.0
16.0 12.0 0.0
16.0 14.0 0.0
16.0 16.0 0.0
16.0 18.0 0.0
16.0 20.0 0.0
16.0 22.0 0.0
16.0 24.0 0.0
16.0 26.0 0.0
16.0 28.0 0.0
16.0 30.0 0.0
16.0 32.0 0.0
16.0 34.0 0.02391040917928328
16.0 36.0 0.09550917790516554
16.0 38.0 0.15732107129431067
16.0 40.0 0.21006943930855115
16.0 42.0 0.2842356252333405
16.0 44.0 0.308517349970362
16.0 46.0 0.3044452490991848
16.0 48.0 0.33251040249948455
16.0 50.0 0.2866971210254003
16.0 52.0 0.17865619652748857
16.0 54.0 0.056010730918140315
16.0 56.0 0.003248458653475213
16.0 58.0 0.0
16.0 60.0 0.0
16.0 62.0 0.0
16.0 64.0 0.0
16.0 66.0 0.0
16.0 68.0 0.0
16.0 70.0 0.0
16.0 72.0 0.0
16.0 74.0 0.0
16.0 76.0 0.007399855799968692
16.0 78.0 0.031503158644128816
16.0 80.0 0.062377544509845374
16.0 82.0 0.07758946258478557
16.0 84.0 0.08919023999587311
16.0 86.0 0.11402922358317243
16.0 88.0 0.11411670077054414
16.0 90.0 0.07960003408853729
16.0 92.0 0.03743274462759591
16.0 94.0 4.0976777290928937E-4
16.0 96.0 0.0
16.0 98.0 0.0
16.0 100.0 0.0
16.0 102.0 0.0
16.0 104.0 0.0
16.0 106.0 0.0
16.0 108.0 0.0
16.0 110.0 0.0
16.0 112.0 0.0
16.0 114.0 0.0
16.0 116.0 0.0
16.0 118.0 0.0
16.0 120.0 0.0
16.0 122.0 0.0
16.0 124.0 0.0
16.0 126.0 0.0
18.0 0.0 0.0
18.0 2.0 0.0
18.0 4.0 0.0
18.0 6.0 0.0
18.0 8.0 0.0
18.0 10.0 0.0
18.0 12.0 0.0
18.0 14.0 0.0
18.0 16.0 0.0
18.0 18.0 0.0
18.0 20.0 0.0
18.0 22.0 0.0
18.0 24.0 0.0
18.0 26.0 0.0
18.0 28.0 0.0
18.0 30.0 0.0
18.0 32.0 0.0
18.0 34.0 0.019824310192535364
18.0 36.0 0.09162823157714813
18.0 38.0 0.15990501477933453
18.0 40.0 0.19411901911680332
18.0 42.0 0.25438433451767745
18.0 44.0 0.306386658090961
18.0 46.0 0.3304592037215683
18.0 48.0 0.3243602225942804
18.0 50.0 0.29727233891262983
18.0 52.0 0.19626757023069738
18.0 54.0 0.0925330454650849
18.0 56.0 0.01745607798235208
18.0 58.0 0.0
18.0 60.0 0.0
18.0 62.0 0.0
18.0 64.0 0.0
18.0 66.0 0.0
18.0 68.0 0.0
18.0 70.0 0.0
18.0 72.0 0.0
18.0 74.0 0.0
18.0 76.0 0.007596196566282676
18.0 78.0 0.02555941391440727
18.0 80.0 0.05270209064205746
18.0 82.0 0.07221507899844314
18.0 84.0 0.07313596613103719
18.0 86.0 0.08532617856379743
18.0 88.0 0.10062503140818875
18.0 90.0 0.07025026571503586
18.0 92.0 0.03624028197340076
18.0 94.0 0.008372410956021729
18.0 96.0 0.0
18.0 98.0 0.0
18.0 100.0 0.0
18.0 102.0 0.0
18.0 104.0 0.0
18.0 106.0 0.0
18.0 108.0 0.0
18.0 110.0 0.0
18.0 112.0 0.0
18.0 114.0 0.0
18.0 116.0 0.0
18.0 118.0 0.0
18.0 120.0 0.0
18.0 122.0 0.0
18.0 124.0 0.0
18.0 126.0 0.0
20.0 0.0 0.0
20.0 2.0 0.0
20.0 4.0 0.0
20.0 6.0 0.0
20.0 8.0 0.0
20.0 10.0 0.0
20.0 12.0 0.0
20.0 14.0 0.0
20.0 16.0 0.0
20.0 18.0 0.0
20.0 20.0 0.0
20.0 22.0 0.0
20.0 24.0 0.0
20.0 26.0 0.0
20.0 28.0 0.0
20.0 30.0 0.0
20.0 32.0 0.0
20.0 34.0 0.021814932643991296
20.0 36.0 0.08528892622057653
20.0 38.0 0.16005829972199362
20.0 40.0 0.1853175359345602
20.0 42.0 0.22969206763084918
20.0 44.0 0.27546697166851164
20.0 46.0 0.30259746293872164
20.0 48.0 0.31978579616982833
20.0 50.0 0.2877197993080654
20.0 52.0 0.2217891028850428
20.0 54.0 0.1401961360708874
20.0 56.0 0.038194465156876696
20.0 58.0 0.0
20.0 60.0 0.0
20.0 62.0 0.0
20.0 64.0 0.0
20.0 66.0 0.0
20.0 68.0 0.0
20.0 70.0 0.0
20.0 72.0 0.0
20.0 74.0 0.0
20.0 76.0 0.002663400125890988
20.0 78.0 0.021926689987369605
20.0 80.0 0.03510156802517235
20.0 82.0 0.04857036926418418
20.0 84.0 0.0557520282710273
20.0 86.0 0.058593533231673635
20.0 88.0 0.07642073186609331
20.0 90.0 0.05656918898100979
20.0 92.0 0.03465640546009233
20.0 94.0 0.016061937562985018
20.0 96.0 8.455573302847483E-4
20.0 98.0 0.0
20.0 100.0 0.0
20.0 102.0 0.0
20.0 104.0 0.0017514903314898144
20.0 106.0 0.02528760574303394
20.0 108.0 0.05999242524108911
20.0 110.0 0.0
20.0 112.0 0.0
20.0 114.0 0.0
20.0 116.0 0.0
20.0 118.0 0.0
20.0 120.0 0.0
20.0 122.0 0.0
20.0 124.0 0.0
20.0 126.0 0.0
22.0 0.0 0.0
22.0 2.0 0.0
22.0 4.0 0.0
22.0 6.0 0.0
22.0 8.0 0.0
22.0 10.0 0.0
22.0 12.0 0.0
22.0 14.0 0.0
22.0 16.0 0.013843182397980212
22.0 18.0 0.0
22.0 20.0 0.0
22.0 22.0 0.0
22.0 24.0 0.0
22.0 26.0 0.0
22.0 28.0 0.0
22.0 30.0 0.0
22.0 32.0 0.0
22.0 34.0 0.009979015234739265
22.0 36.0 0.06779860992103674
22.0 38.0 0.12835860624933182
22.0 40.0 0.19026834517870403
22.0 42.0 0.22829812883141543
22.0 44.0 0.25912052790321766
22.0 46.0 0.2817435908694578
22.0 48.0 0.29236316753673647
22.0 50.0 0.3026601017057432
22.0 52.0 0.24549684012256898
22.0 54.0 0.1934886457493141
22.0 56.0 0.08579768871010689
22.0 58.0 0.008102664264834946
22.0 60.0 0.0
22.0 62.0 0.0
22.0 64.0 0.0
22.0 66.0 0.0
22.0 68.0 0.0
22.0 70.0 0.0
22.0 72.0 0.0
22.0 74.0 0.0
22.0 76.0 0.0
22.0 78.0 0.0030180337515939297
22.0 80.0 0.016969082123040956
22.0 82.0 0.026744485414162064
22.0 84.0 0.03458092884262959
22.0 86.0 0.0378943103589544
22.0 88.0 0.05115482082799224
22.0 90.0 0.04206920882956105
22.0 92.0 0.03852169412322013
22.0 94.0 0.0158733041870715
22.0 96.0 0.005191209810103689
22.0 98.0 3.404169791629205E-4
22.0 100.0 0.0
22.0 102.0 1.909807055167996E-4
22.0 104.0 0.013979039779065429
22.0 106.0 0.06474377033504046
22.0 108.0 0.10825501555292771
22.0 110.0 0.13662843569435998
22.0 112.0 0.0
22.0 114.0 0.0
22.0 116.0 0.0
22.0 118.0 0.0
22.0 120.0 0.0
22.0 122.0 0.0
22.0 124.0 0.0
22.0 126.0 0.0
24.0 0.0 0.0
24.0 2.0 0.0
24.0 4.0 0.0
24.0 6.0 0.0
24.0 8.0 0.0
24.0 10.0 0.0
24.0 12.0 0.0
24.0 14.0 0.0158300892166196
24.0 16.0 0.0
24.0 18.0 0.0
24.0 20.0 0.0
24.0 22.0 0.0
24.0 24.0 0.0
24.0 26.0 0.0
24.0 28.0 0.0
24.0 30.0 0.0
24.0 32.0 0.0
24.0 34.0 0.0
24.0 36.0 0.03473600628693639
24.0 38.0 0.09075896147646274
24.0 40.0 0.1269387467036359
24.0 42.0 0.17073899051116004
24.0 44.0 0.21549190504211532
24.0 46.0 0.2462298474758653
24.0 48.0 0.2679553027583483
24.0 50.0 0.2900684957335106
24.0 52.0 0.26494868507093483
24.0 54.0 0.23774155122752005
24.0 56.0 0.1604575140999904
24.0 58.0 0.03803689804134996
24.0 60.0 0.0
24.0 62.0 0.0
24.0 64.0 0.0
24.0 66.0 0.0
24.0 68.0 0.0
24.0 70.0 0.0
24.0 72.0 0.0
24.0 74.0 0.0
24.0 76.0 0.0
24.0 78.0 0.0
24.0 80.0 0.0
24.0 82.0 0.0014844985565512251
24.0 84.0 0.007417394456525846
24.0 86.0 0.01286641946613032
24.0 88.0 0.024015766636879793
24.0 90.0 0.030962954632511724
24.0 92.0 0.028775929200156525
24.0 94.0 0.021440326270493987
24.0 96.0 0.015088237556050257
24.0 98.0 0.012096004985665265
24.0 100.0 0.01553583236186229
24.0 102.0 0.022610799177589503
24.0 104.0 0.0384476657239701
24.0 106.0 0.09539319341514158
24.0 108.0 0.142263276878457
24.0 110.0 0.14852773186461074
24.0 112.0 0.10205652202481015
24.0 114.0 0.0
24.0 116.0 0.0
24.0 118.0 0.0
24.0 120.0 0.0
24.0 122.0 0.0
24.0 124.0 0.0
24.0 126.0 0.0
26.0 0.0 0.0
26.0 2.0 0.0
26.0 4.0 0.0
26.0 6.0 0.0
26.0 8.0 0.0
26.0 10.0 0.0
26.0 12.0 0.0
26.0 14.0 0.002991805234410272
26.0 16.0 0.0
26.0 18.0 0.0
26.0 20.0 0.0
26.0 22.0 0.0
26.0 24.0 0.0
26.0 26.0 0.0
26.0 28.0 0.0
26.0 30.0 0.0
26.0 32.0 0.0
26.0 34.0 0.0
26.0 36.0 0.0014379476858138332
26.0 38.0 0.031831813327964385
26.0 40.0 0.07204715234334554
26.0 42.0 0.11306820035442079
26.0 44.0 0.15383563901885167
26.0 46.0 0.19255008540495944
26.0 48.0 0.2282641054979084
26.0 50.0 0.2648118854310095
26.0 52.0 0.2691399353962741
26.0 54.0 0.2670223818687818
26.0 56.0 0.23276133427774762
26.0 58.0 0.1334647291426323
26.0 60.0 0.01675657684485875
26.0 62.0 0.0
26.0 64.0 0.0
26.0 66.0 0.0
26.0 68.0 0.0
26.0 70.0 0.0
26.0 72.0 0.0
26.0 74.0 0.0
26.0 76.0 0.0
26.0 78.0 0.0
26.0 80.0 0.0
26.0 82.0 0.0
26.0 84.0 0.0
26.0 86.0 0.004146812346604731
26.0 88.0 0.01672658588345709
26.0 90.0 0.014160700612370689
26.0 92.0 0.018598795310220434
26.0 94.0 0.026689271662015863
26.0 96.0 0.03324361519187139
26.0 98.0 0.04314209764178911
26.0 100.0 0.06543142788234747
26.0 102.0 0.0881087439806379
26.0 104.0 0.10257817012049053
26.0 106.0 0.13815967235544818
26.0 108.0 0.16340348954723033
26.0 110.0 0.14855858705774316
26.0 112.0 0.07090844280656684
26.0 114.0 0.002685576482128653
26.0 116.0 0.0
26.0 118.0 0.0
26.0 120.0 0.0
26.0 122.0 0.0
26.0 124.0 0.0
26.0 126.0 0.0
28.0 0.0 0.0
28.0 2.0 0.0
28.0 4.0 0.0
28.0 6.0 0.0
28.0 8.0 0.0
28.0 10.0 0.0
28.0 12.0 0.0
28.0 14.0 0.0
28.0 16.0 0.0
28.0 18.0 0.0
28.0 20.0 0.0
28.0 22.0 0.0
28.0 24.0 0.0
28.0 26.0 0.0
28.0 28.0 0.0
28.0 30.0 0.0
28.0 32.0 0.0
28.0 34.0 0.0
28.0 36.0 0.0
28.0 38.0 0.0
28.0 40.0 0.01062905250421377
28.0 42.0 0.03761372326529711
28.0 44.0 0.06896878188116973
28.0 46.0 0.10617877568375202
28.0 48.0 0.14595473591237873
28.0 50.0 0.2136017782749656
28.0 52.0 0.2496641284446909
28.0 54.0 0.28137072486158526
28.0 56.0 0.29124967334523805
28.0 58.0 0.2582597663872486
28.0 60.0 0.13727059186102392
28.0 62.0 0.024029150072736396
28.0 64.0 0.0
28.0 66.0 0.0
28.0 68.0 0.0
28.0 70.0 0.0
28.0 72.0 0.0
28.0 74.0 0.0
28.0 76.0 0.0
28.0 78.0 0.0
28.0 80.0 0.0
28.0 82.0 0.0
28.0 84.0 0.0
28.0 86.0 0.0
28.0 88.0 0.0034169492741557114
28.0 90.0 0.0033212380564227074
28.0 92.0 0.028932321189505953
28.0 94.0 0.06495072885670579
28.0 96.0 0.10090866644201979
28.0 98.0 0.13572876879314646
28.0 100.0 0.17577057459283077
28.0 102.0 0.20175127384690206
28.0 104.0 0.19973118763606532
28.0 106.0 0.1912506374016709
28.0 108.0 0.177056482503226
28.0 110.0 0.1581294169722137
28.0 112.0 0.04836188820640106
28.0 114.0 0.0
28.0 116.0 0.0
28.0 118.0 0.0
28.0 120.0 0.0
28.0 122.0 0.0
28.0 124.0 0.0
28.0 126.0 0.0
30.0 0.0 0.0
30.0 2.0 0.0
30.0 4.0 0.0
30.0 6.0 0.0
30.0 8.0 0.0
30.0 10.0 0.0
30.0 12.0 0.0
30.0 14.0 0.0
30.0 16.0 0.0
30.0 18.0 0.0
30.0 20.0 0.0
30.0 22.0 0.0
30.0 24.0 0.0
30.0 26.0 0.0
30.0 28.0 0.0
30.0 30.0 0.0
30.0 32.0 0.0
30.0 34.0 0.0
30.0 36.0 0.0
30.0 38.0 0.0
30.0 40.0 0.0
30.0 42.0 0.0
30.0 44.0 0.004022775480647934
30.0 46.0 0.031277196787471845
30.0 48.0 0.08659744347540825
30.0 50.0 0.13034256355551263
30.0 52.0 0.2091577530175608
30.0 54.0 0.28672546883776723
30.0 56.0 0.32243220726298955
30.0 58.0 0.34348306497699316
30.0 60.0 0.3068115482337967
30.0 62.0 0.19705288866888995
30.0 64.0 0.060797162829789066
30.0 66.0 0.002920144194253989
30.0 68.0 0.0
30.0 70.0 0.0
30.0 72.0 0.0
30.0 74.0 0.0
30.0 76.0 0.0
30.0 78.0 0.0
30.0 80.0 0.0
30.0 82.0 0.0
30.0 84.0 0.0
30.0 86.0 0.0
30.0 88.0 0.0
30.0 90.0 0.0021389292092487094
30.0 92.0 0.040203123920031385
30.0 94.0 0.11028802035135121
30.0 96.0 0.19187777747742216
30.0 98.0 0.2475110271978497
30.0 100.0 0.28672923312088827
30.0 102.0 0.31339291952357945
30.0 104.0 0.30577328175625296
30.0 106.0 0.25866100679276355
30.0 108.0 0.20214309999108426
30.0 110.0 0.1385827911678674
30.0 112.0 0.0469775731952486
30.0 114.0 0.0
30.0 116.0 0.0
30.0 118.0 0.0
30.0 120.0 0.0
30.0 122.0 0.0
30.0 124.0 0.0
30.0 126.0 0.0
32.0 0.0 0.0
32.0 2.0 0.0
32.0 4.0 0.0
32.0 6.0 0.0
32.0 8.0 0.0
32.0 10.0 0.0
32.0 12.0 0.0
32.0 14.0 0.0
32.0 16.0 0.0
32.0 18.0 0.0
32.0 20.0 0.0
32.0 22.0 0.0
32.0 24.0 0.0
32.0 26.0 0.0
32.0 28.0 0.0
32.0 30.0 0.0
32.0 32.0 0.0
32.0 34.0 0.0
32.0 36.0 0.0
32.0 38.0 0.0
32.0 40.0 0.0
32.0 42.0 0.0
32.0 44.0 0.001325483522715841
32.0 46.0 0.013700791376063141
32.0 48.0 0.021881384530919566
32.0 50.0 0.06490190560072617
32.0 52.0 0.1738837362111706
32.0 54.0 0.28111956014477407
32.0 56.0 0.3386489387379929
32.0 58.0 0.39063192750530007
32.0 60.0 0.4003429801066933
32.0 62.0 0.3513003923884473
32.0 64.0 0.24167490955126003
32.0 66.0 0.0918734644846995
32.0 68.0 0.014886060786656358
32.0 70.0 0.0
32.0 72.0 0.0
32.0 74.0 0.0
32.0 76.0 0.0
32.0 78.0 0.0
32.0 80.0 0.0
32.0 82.0 0.0
32.0 84.0 0.0
32.0 86.0 0.0
32.0 88.0 0.0
32.0 90.0 0.00226813011993413
32.0 92.0 0.06463868739302224
32.0 94.0 0.17127722642492813
32.0 96.0 0.25910558082990637
32.0 98.0 0.33665582515320586
32.0 100.0 0.3830157950357027
32.0 102.0 0.403313969958008
32.0 104.0 0.38673640825947836
32.0 106.0 0.31773933012570404
32.0 108.0 0.22253722566968906
32.0 110.0 0.1408754922533672
32.0 112.0 0.04560294312508004
32.0 114.0 0.0
32.0 116.0 0.0
32.0 118.0 0.0
32.0 120.0 0.0
32.0 122.0 0.0
32.0 124.0 0.0
32.0 126.0 0.0
34.0 0.0 0.0
34.0 2.0 0.0
34.0 4.0 0.0
34.0 6.0 0.0
34.0 8.0 0.0
34.0 10.0 0.0
34.0 12.0 0.0
34.0 14.0 0.0
34.0 16.0 0.0
34.0 18.0 0.0
34.0 20.0 3.6740602745554703E-4
34.0 22.0 0.001242179444779562
34.0 24.0 0.0
34.0 26.0 0.0
34.0 28.0 0.0
34.0 30.0 0.0
34.0 32.0 0.0
34.0 34.0 0.0
34.0 36.0 0.0
34.0 38.0 0.0
34.0 40.0 0.0
34.0 42.0 0.0
34.0 44.0 0.0
34.0 46.0 0.0029116563848893147
34.0 48.0 0.021048983483090727
34.0 50.0 0.06751204257714277
34.0 52.0 0.16365310394769073
34.0 54.0 0.2755748862244792
34.0 56.0 0.367699618896877
34.0 58.0 0.4240381914049068
34.0 60.0 0.44672806813994126
34.0 62.0 0.43157586923393526
34.0 64.0 0.3622415956459734
34.0 66.0 0.23576033865199306
34.0 68.0 0.08487708566471841
34.0 70.0 0.017420627685240022
34.0 72.0 0.0
34.0 74.0 0.0
34.0 76.0 0.0
34.0 78.0 0.0
34.0 80.0 0.0
34.0 82.0 0.0
34.0 84.0 0.0
34.0 86.0 0.0
34.0 88.0 0.0
34.0 90.0 0.006223083698550624
34.0 92.0 0.08640562251123175
34.0 94.0 0.20868710886404826
34.0 96.0 0.31641964640433257
34.0 98.0 0.4031303207556705
34.0 100.0 0.4483488997641165
34.0 102.0 0.46121202014892276
34.0 104.0 0.3956650277367202
34.0 106.0 0.30193251897509193
34.0 108.0 0.22680049168583175
34.0 110.0 0.1434527267633479
34.0 112.0 0.037376659827601584
34.0 114.0 0.0
34.0 116.0 0.0
34.0 118.0 0.0
34.0 120.0 0.0
34.0 122.0 0.0
34.0 124.0 0.0
34.0 126.0 0.0
36.0 0.0 0.0
36.0 2.0 0.0
36.0 4.0 0.0
36.0 6.0 0.0
36.0 8.0 0.0
36.0 10.0 0.0
36.0 12.0 0.0
36.0 14.0 0.0
36.0 16.0 0.0
36.0 18.0 0.008967342269052821
36.0 20.0 0.025070484561434816
36.0 22.0 0.03638440545488874
36.0 24.0 0.009950748281894193
36.0 26.0 0.0
36.0 28.0 0.0
36.0 30.0 0.0
36.0 32.0 0.0
36.0 34.0 0.0
36.0 36.0 0.0
36.0 38.0 0.0
36.0 40.0 0.0
36.0 42.0 0.0
36.0 44.0 0.0
36.0 46.0 4.038569550947134E-4
36.0 48.0 0.01841305607392325
36.0 50.0 0.06864173926703308
36.0 52.0 0.15228513464402013
36.0 54.0 0.2597331918408201
36.0 56.0 0.3565803375675483
36.0 58.0 0.4300409345994596
36.0 60.0 0.46614457322262975
36.0 62.0 0.4699634551355308
36.0 64.0 0.42639902988551487
36.0 66.0 0.32402311508710124
36.0 68.0 0.15578236524212555
36.0 70.0 0.04405190881624477
36.0 72.0 0.0023897009643168363
36.0 74.0 0.0
36.0 76.0 0.0
36.0 78.0 0.0
36.0 80.0 0.0
36.0 82.0 0.0
36.0 84.0 0.0
36.0 86.0 0.0
36.0 88.0 0.0
36.0 90.0 1.9315791178072554E-5
36.0 92.0 0.08847347323982103
36.0 94.0 0.23270712520065354
36.0 96.0 0.3525141286966618
36.0 98.0 0.4433198116125548
36.0 100.0 0.47802536748520236
36.0 102.0 0.4753517017461797
36.0 104.0 0.3596239959317005
36.0 106.0 0.29475935139142884
36.0 108.0 0.22011426132474185
36.0 110.0 0.12782338240605182
36.0 112.0 0.029716095564618666
36.0 114.0 0.0
36.0 116.0 0.0
36.0 118.0 0.0
36.0 120.0 0.0
36.0 122.0 0.0
36.0 124.0 0.0
36.0 126.0 0.0
38.0 0.0 0.0
38.0 2.0 0.0
38.0 4.0 0.0
38.0 6.0 0.0
38.0 8.0 0.0
38.0 10.0 0.0
38.0 12.0 0.0
38.0 14.0 0.007740871730982751
38.0 16.0 0.10847442893444048
38.0 18.0 0.13926359044081796
38.0 20.0 0.10634966343911763
38.0 22.0 0.08277063802947839
38.0 24.0 0.03329307733866378
38.0 26.0 0.009210770790383904
38.0 28.0 0.0
38.0 30.0 0.0
38.0 32.0 0.0
38.0 34.0 0.0
38.0 36.0 0.0
38.0 38.0 0.0
38.0 40.0 0.0
38.0 42.0 0.0
38.0 44.0 0.0
38.0 46.0 0.0
38.0 48.0 0.01094537375682235
38.0 50.0 0.05624703511018921
38.0 52.0 0.151678291825155
38.0 54.0 0.2565129377310719
38.0 56.0 0.35719457640485225
38.0 58.0 0.42699027563711794
38.0 60.0 0.4690467350955047
38.0 62.0 0.48160618402404304
38.0 64.0 0.45643117975990494
38.0 66.0 0.3750714650735028
38.0 68.0 0.21276916945166124
38.0 70.0 0.08084519353296687
38.0 72.0 0.01642476979976414
38.0 74.0 0.0
38.0 76.0 0.0
38.0 78.0 0.0
38.0 80.0 0.0
38.0 82.0 0.0
38.0 84.0 0.0
38.0 86.0 0.0
38.0 88.0 0.0
38.0 90.0 0.0
38.0 92.0 0.08476190364972686
38.0 94.0 0.2486795851224678
38.0 96.0 0.38645463998345625
38.0 98.0 0.46596609089080987
38.0 100.0 0.4955007746688866
38.0 102.0 0.4084643679159398
38.0 104.0 0.34452030364884734
38.0 106.0 0.28643112956528466
38.0 108.0 0.20712993776517366
38.0 110.0 0.10849729128722747
38.0 112.0 0.021457142223040848
38.0 114.0 0.0
38.0 116.0 0.0
38.0 118.0 0.0
38.0 120.0 0.0
38.0 122.0 0.0
38.0 124.0 0.0
38.0 126.0 0.0
40.0 0.0 0.0
40.0 2.0 0.0
40.0 4.0 0.0
40.0 6.0 0.0
40.0 8.0 0.0
40.0 10.0 0.0
40.0 12.0 0.0
40.0 14.0 0.050678037826869894
40.0 16.0 0.18499031904800875
40.0 18.0 0.21111373165178027
40.0 20.0 0.17622125416989545
40.0 22.0 0.11024717891395719
40.0 24.0 0.05594616797571936
40.0 26.0 0.03133352530677812
40.0 28.0 0.004004621465025201
40.0 30.0 0.0
40.0 32.0 0.0
40.0 34.0 0.0
40.0 36.0 0.0
40.0 38.0 0.0
40.0 40.0 0.0
40.0 42.0 0.0
40.0 44.0 0.0
40.0 46.0 0.0
40.0 48.0 0.0029099551169667497
40.0 50.0 0.04461085633495129
40.0 52.0 0.13054380410480948
40.0 54.0 0.24570151629180773
40.0 56.0 0.34763301618511644
40.0 58.0 0.41803828738108123
40.0 60.0 0.46028451130716586
40.0 62.0 0.47427937103108603
40.0 64.0 0.45882335921433753
40.0 66.0 0.4058136181542003
40.0 68.0 0.2822365371171971
40.0 70.0 0.12572828406305533
40.0 72.0 0.03971437708328244
40.0 74.0 0.0
40.0 76.0 0.0
40.0 78.0 0.0
40.0 80.0 0.0
40.0 82.0 0.0
40.0 84.0 0.0
40.0 86.0 0.0
40.0 88.0 0.0
40.0 90.0 0.0
40.0 92.0 0.06408542765841034
40.0 94.0 0.2297618132962914
40.0 96.0 0.3714215180758645
40.0 98.0 0.4538553156114437
40.0 100.0 0.4875361750960689
40.0 102.0 0.3847309286264094
40.0 104.0 0.32663203079749176
40.0 106.0 0.2645931343420161
40.0 108.0 0.18065754596658942
40.0 110.0 0.08073325136187474
40.0 112.0 0.01143838215623276
40.0 114.0 0.0
40.0 116.0 0.0
40.0 118.0 0.0
40.0 120.0 0.0
40.0 122.0 0.0
40.0 124.0 0.0
40.0 126.0 0.0
42.0 0.0 0.0
42.0 2.0 0.0
42.0 4.0 0.0
42.0 6.0 0.0
42.0 8.0 0.0
42.0 10.0 0.0
42.0 12.0 0.08630907495497764
42.0 14.0 0.26090453493296395
42.0 16.0 0.31898105094071094
42.0 18.0 0.3051146473955077
42.0 20.0 0.23573464913817
42.0 22.0 0.1726137270835164
42.0 24.0 0.09240630546424815
42.0 26.0 0.04476760446922314
42.0 28.0 0.01004431625073793
42.0 30.0 0.0
42.0 32.0 0.0
42.0 34.0 0.0
42.0 36.0 0.0
42.0 38.0 0.0
42.0 40.0 0.0
42.0 42.0 0.0
42.0 44.0 0.0
42.0 46.0 0.0
42.0 48.0 1.825102529192518E-5
42.0 50.0 0.03610197703047579
42.0 52.0 0.12003894274478792
42.0 54.0 0.23095911701701632
42.0 56.0 0.3331487213696029
42.0 58.0 0.40505225202945067
42.0 60.0 0.44735950288518667
42.0 62.0 0.46199336072418334
42.0 64.0 0.449478218762379
42.0 66.0 0.4135423052223695
42.0 68.0 0.33332085494163516
42.0 70.0 0.1793082825196851
42.0 72.0 0.07189175421199956
42.0 74.0 0.009434366909722297
42.0 76.0 0.0
42.0 78.0 0.0
42.0 80.0 0.0
42.0 82.0 0.0
42.0 84.0 0.0
42.0 86.0 0.0
42.0 88.0 0.0
42.0 90.0 0.0
42.0 92.0 0.021555428405167585
42.0 94.0 0.1772952153994042
42.0 96.0 0.3103442224970938
42.0 98.0 0.40323602390606883
42.0 100.0 0.4356723955449155
42.0 102.0 0.3773158316171434
42.0 104.0 0.297578479878062
42.0 106.0 0.22847458976617654
42.0 108.0 0.13972678740276948
42.0 110.0 0.04983889006721504
42.0 112.0 0.002887793572531423
42.0 114.0 0.0
42.0 116.0 0.0
42.0 118.0 0.0
42.0 120.0 0.0
42.0 122.0 0.0
42.0 124.0 0.0
42.0 126.0 0.0
44.0 0.0 0.0
44.0 2.0 0.0
44.0 4.0 0.0
44.0 6.0 0.0
44.0 8.0 0.0
44.0 10.0 0.01147195032991667
44.0 12.0 0.17059326184733337
44.0 14.0 0.32505615783454994
44.0 16.0 0.38021372651753754
44.0 18.0 0.34365875927619954
44.0 20.0 0.30163755394371133
44.0 22.0 0.21463983489732152
44.0 24.0 0.130741746004418
44.0 26.0 0.06332260420950886
44.0 28.0 0.015119584198110042
44.0 30.0 0.0
44.0 32.0 0.0
44.0 34.0 0.0
44.0 36.0 0.0
44.0 38.0 0.0
44.0 40.0 0.0
44.0 42.0 0.0
44.0 44.0 0.0
44.0 46.0 0.0
44.0 48.0 0.0
44.0 50.0 0.026156619380024487
44.0 52.0 0.10365430043153633
44.0 54.0 0.21126765220744273
44.0 56.0 0.31628791239082377
44.0 58.0 0.3905839380025557
44.0 60.0 0.43387533135533896
44.0 62.0 0.45079297846877714
44.0 64.0 0.44378391800055583
44.0 66.0 0.4115640630374883
44.0 68.0 0.3473862883040926
44.0 70.0 0.24753636037178994
44.0 72.0 0.11102756289741517
44.0 74.0 0.031556619867869326
44.0 76.0 0.0
44.0 78.0 0.0
44.0 80.0 0.0
44.0 82.0 0.0
44.0 84.0 0.0
44.0 86.0 0.0
44.0 88.0 0.0
44.0 90.0 0.0
44.0 92.0 0.0033326552097748432
44.0 94.0 0.10651648103986493
44.0 96.0 0.2335070725595925
44.0 98.0 0.3116288415248701
44.0 100.0 0.34387072502973837
44.0 102.0 0.3306942360954774
44.0 104.0 0.25944301098139283
44.0 106.0 0.17442743678092695
44.0 108.0 0.08670017716325018
44.0 110.0 0.028784993180479283
44.0 112.0 0.0
44.0 114.0 0.0
44.0 116.0 0.0
44.0 118.0 0.0
44.0 120.0 0.0
44.0 122.0 0.0
44.0 124.0 0.0
44.0 126.0 0.0
46.0 0.0 0.0
46.0 2.0 0.0
46.0 4.0 0.0
46.0 6.0 0.0
46.0 8.0 0.0
46.0 10.0 0.0455316868011967
46.0 12.0 0.22422977652313367
46.0 14.0 0.365529819690156
46.0 16.0 0.4060601944330496
46.0 18.0 0.3701550598703538
46.0 20.0 0.3307843218905942
46.0 22.0 0.24585189142369257
46.0 24.0 0.15490269261469683
46.0 26.0 0.07571490160321885
46.0 28.0 0.018024273364454616
46.0 30.0 0.0
46.0 32.0 0.0
46.0 34.0 0.0
46.0 36.0 0.0
46.0 38.0 0.0
46.0 40.0 0.0
46.0 42.0 0.0
46.0 44.0 0.0
46.0 46.0 0.0
46.0 48.0 0.0
46.0 50.0 0.016814319510880988
46.0 52.0 0.07892778171507366
46.0 54.0 0.1768905816873084
46.0 56.0 0.28743851690657
46.0 58.0 0.3718342980037932
46.0 60.0 0.4208275573295855
46.0 62.0 0.39034648724415283
46.0 64.0 0.3724515023989028
46.0 66.0 0.35612933815229425
46.0 68.0 0.3272210173541472
46.0 70.0 0.2928292112844966
46.0 72.0 0.16042971727219288
46.0 74.0 0.05151790608269136
46.0 76.0 0.0013333459715222948
46.0 78.0 0.0
46.0 80.0 0.0
46.0 82.0 0.0
46.0 84.0 0.0
46.0 86.0 0.0
46.0 88.0 0.0
46.0 90.0 0.0
46.0 92.0 0.0
46.0 94.0 0.03794691508537334
46.0 96.0 0.1505594712260261
46.0 98.0 0.2065034237429476
46.0 100.0 0.24861276423764256
46.0 102.0 0.24060169420628305
46.0 104.0 0.17804410114582317
46.0 106.0 0.09913907053290698
46.0 108.0 0.04019819304643473
46.0 110.0 0.006960488769318759
46.0 112.0 0.0
46.0 114.0 0.0
46.0 116.0 0.0
46.0 118.0 0.0
46.0 120.0 0.0
46.0 122.0 0.0
46.0 124.0 0.0
46.0 126.0 0.0
48.0 0.0 0.0
48.0 2.0 0.0
48.0 4.0 0.0
48.0 6.0 0.0
48.0 8.0 0.02851040492214692
48.0 10.0 0.15736479873458797
48.0 12.0 0.2806195269499436
48.0 14.0 0.3594178004042834
48.0 16.0 0.384004605129852
48.0 18.0 0.3765498620700097
48.0 20.0 0.34278166707588253
48.0 22.0 0.25933424865964666
48.0 24.0 0.1702009318449735
48.0 26.0 0.0799920695268619
48.0 28.0 0.018254097703258865
48.0 30.0 0.0
48.0 32.0 0.0
48.0 34.0 0.0
48.0 36.0 0.0
48.0 38.0 0.0
48.0 40.0 0.0
48.0 42.0 0.0
48.0 44.0 0.0
48.0 46.0 0.0
48.0 48.0 0.0
48.0 50.0 0.010233642384360931
48.0 52.0 0.04249491006751444
48.0 54.0 0.12555268358580982
48.0 56.0 0.23767778705391027
48.0 58.0 0.32117356223184634
48.0 60.0 0.3295432815902723
48.0 62.0 0.3502111034144204
48.0 64.0 0.35593503986827607
48.0 66.0 0.3467131156814136
48.0 68.0 0.32830830048820486
48.0 70.0 0.3128627615688217
48.0 72.0 0.19765803196208176
48.0 74.0 0.06658064264318714
48.0 76.0 0.006856911779767143
48.0 78.0 0.0
48.0 80.0 0.0
48.0 82.0 0.0
48.0 84.0 0.0
48.0 86.0 0.0
48.0 88.0 0.0
48.0 90.0 0.0
48.0 92.0 0.0
48.0 94.0 0.01676295535281055
48.0 96.0 0.10656226669058662
48.0 98.0 0.14378943647651313
48.0 100.0 0.1771297004440411
48.0 102.0 0.1662004500983567
48.0 104.0 0.11182582678847956
48.0 106.0 0.05218595567069514
48.0 108.0 0.01219410112308259
48.0 110.0 0.0
48.0 112.0 0.0
48.0 114.0 0.0
48.0 116.0 0.0
48.0 118.0 0.0
48.0 120.0 0.0
48.0 122.0 0.0
48.0 124.0 0.0
48.0 126.0 0.0
50.0 0.0 0.0
50.0 2.0 0.0
50.0 4.0 0.0
50.0 6.0 0.0
50.0 8.0 0.04462588242615124
50.0 10.0 0.15579702315493477
50.0 12.0 0.2555416086593069
50.0 14.0 0.3128666200670454
50.0 16.0 0.3488300994900491
50.0 18.0 0.348635445503638
50.0 20.0 0.32538938878025353
50.0 22.0 0.2597533815699869
50.0 24.0 0.17303260521788175
50.0 26.0 0.07439152903499169
50.0 28.0 0.010050165592281217
50.0 30.0 0.0
50.0 32.0 0.0
50.0 34.0 0.0
50.0 36.0 0.0
50.0 38.0 0.0
50.0 40.0 0.0
50.0 42.0 0.0
50.0 44.0 0.0
50.0 46.0 0.0
50.0 48.0 0.0
50.0 50.0 0.0
50.0 52.0 0.010516786539511559
50.0 54.0 0.06265931352101797
50.0 56.0 0.15623941755853146
50.0 58.0 0.25344609368499965
50.0 60.0 0.28255440417271926
50.0 62.0 0.3090905828955766
50.0 64.0 0.3263568338820974
50.0 66.0 0.3271429156486418
50.0 68.0 0.32768376530616833
50.0 70.0 0.323195909652206
50.0 72.0 0.20553770192747803
50.0 74.0 0.0765013689128289
50.0 76.0 0.016750972347127663
50.0 78.0 0.0
50.0 80.0 0.0
50.0 82.0 0.0
50.0 84.0 0.0
50.0 86.0 0.0
50.0 88.0 0.0
50.0 90.0 0.0
50.0 92.0 0.0
50.0 94.0 0.008209185804137984
50.0 96.0 0.05917652790822531
50.0 98.0 0.09173470885435364
50.0 100.0 0.10243589064285634
50.0 102.0 0.1048486570200123
50.0 104.0 0.07100849129908651
50.0 106.0 0.0287990417689399
50.0 108.0 0.006444842975453825
50.0 110.0 0.0
50.0 112.0 0.0
50.0 114.0 0.0
50.0 116.0 0.0
50.0 118.0 0.0
50.0 120.0 0.0
50.0 122.0 0.0
50.0 124.0 0.0
50.0 126.0 0.0
52.0 0.0 0.0
52.0 2.0 0.0
52.0 4.0 0.0
52.0 6.0 0.005458946989259944
52.0 8.0 0.04769236641154221
52.0 10.0 0.13710667901809043
52.0 12.0 0.22343068145058284
52.0 14.0 0.27251039141879035
52.0 16.0 0.31225361248007705
52.0 18.0 0.31830359419925214
52.0 20.0 0.3054099566619541
52.0 22.0 0.259511760218089
52.0 24.0 0.16495752570669311
52.0 26.0 0.06820340470330317
52.0 28.0 0.007388948958120467
52.0 30.0 0.0
52.0 32.0 0.0
52.0 34.0 0.0
52.0 36.0 0.0
52.0 38.0 0.0
52.0 40.0 0.0
52.0 42.0 0.0
52.0 44.0 0.0
52.0 46.0 0.0
52.0 48.0 0.0
52.0 50.0 0.0
52.0 52.0 0.0
52.0 54.0 0.009638085927607032
52.0 56.0 0.0598327752123938
52.0 58.0 0.15089076897011813
52.0 60.0 0.2159381760317962
52.0 62.0 0.26742998783014355
52.0 64.0 0.29319971233016867
52.0 66.0 0.3046565688770115
52.0 68.0 0.32380728480834414
52.0 70.0 0.3124186525544365
52.0 72.0 0.2028396760134136
52.0 74.0 0.07589836541179547
52.0 76.0 0.017989845823240376
52.0 78.0 0.0
52.0 80.0 0.0
52.0 82.0 0.0
52.0 84.0 0.0
52.0 86.0 0.0
52.0 88.0 0.0
52.0 90.0 0.0
52.0 92.0 0.0
52.0 94.0 0.006338682470429787
52.0 96.0 0.04315423672097634
52.0 98.0 0.07053112325154844
52.0 100.0 0.08054164298351706
52.0 102.0 0.08254802593282455
52.0 104.0 0.06271137202949925
52.0 106.0 0.018903546603542137
52.0 108.0 0.0012684137371170288
52.0 110.0 0.0
52.0 112.0 0.0
52.0 114.0 0.0
52.0 116.0 0.0
52.0 118.0 0.0
52.0 120.0 0.0
52.0 122.0 0.0
52.0 124.0 0.0
52.0 126.0 0.0
54.0 0.0 0.0
54.0 2.0 4.4677628079851304E-4
54.0 4.0 0.0
54.0 6.0 0.0
54.0 8.0 0.00907403099503607
54.0 10.0 0.06861089764260088
54.0 12.0 0.18432934445660953
54.0 14.0 0.2361730529710199
54.0 16.0 0.2774069788004101
54.0 18.0 0.28842871167107925
54.0 20.0 0.2818100514069767
54.0 22.0 0.23753607690031073
54.0 24.0 0.1469276608103032
54.0 26.0 0.054920800397573154
54.0 28.0 0.003951756545828552
54.0 30.0 0.0
54.0 32.0 0.0
54.0 34.0 0.0
54.0 36.0 0.0
54.0 38.0 0.0
54.0 40.0 0.0
54.0 42.0 0.0
54.0 44.0 0.0
54.0 46.0 0.0
54.0 48.0 0.0
54.0 50.0 0.0
54.0 52.0 0.0
54.0 54.0 0.0
54.0 56.0 0.0013949362020600038
54.0 58.0 0.03737017918283358
54.0 60.0 0.13062505611017006
54.0 62.0 0.20771738347986726
54.0 64.0 0.2511376723281888
54.0 66.0 0.2716941246002495
54.0 68.0 0.29233434299777694
54.0 70.0 0.2813917095077149
54.0 72.0 0.17415859760457653
54.0 74.0 0.054889353975987314
54.0 76.0 0.020145133467719553
54.0 78.0 0.0
54.0 80.0 0.0
54.0 82.0 0.0
54.0 84.0 0.0
54.0 86.0 0.0
54.0 88.0 0.0
54.0 90.0 0.0
54.0 92.0 0.0
54.0 94.0 0.008299052148959528
54.0 96.0 0.03504760379640035
54.0 98.0 0.06197617635053443
54.0 100.0 0.07403595068148737
54.0 102.0 0.07567141094235012
54.0 104.0 0.07185113629683534
54.0 106.0 0.04220940224899682
54.0 108.0 0.015606806769964413
54.0 110.0 0.0
54.0 112.0 0.0
54.0 114.0 0.0
54.0 116.0 0.0
54.0 118.0 0.0
54.0 120.0 0.0
54.0 122.0 0.0
54.0 124.0 0.0
54.0 126.0 0.0
56.0 0.0 0.0
56.0 2.0 0.01615779356803369
56.0 4.0 0.0
56.0 6.0 0.0
56.0 8.0 0.0
56.0 10.0 0.028143579532391442
56.0 12.0 0.1326493219024588
56.0 14.0 0.18055325682352139
56.0 16.0 0.21711512190309987
56.0 18.0 0.2414556777392474
56.0 20.0 0.24175234945985882
56.0 22.0 0.19803300939976
56.0 24.0 0.11636722958917406
56.0 26.0 0.03291838008949754
56.0 28.0 0.0
56.0 30.0 0.0
56.0 32.0 0.0
56.0 34.0 0.0
56.0 36.0 0.0
56.0 38.0 0.0
56.0 40.0 0.0
56.0 42.0 0.0
56.0 44.0 0.0
56.0 46.0 0.0
56.0 48.0 0.0
56.0 50.0 0.0
56.0 52.0 0.0
56.0 54.0 0.0
56.0 56.0 0.0
56.0 58.0 0.0
56.0 60.0 0.04063950575513656
56.0 62.0 0.13014131940069573
56.0 64.0 0.18495003730445217
56.0 66.0 0.21729971952457885
56.0 68.0 0.2631851767378675
56.0 70.0 0.21260612494189168
56.0 72.0 0.11631457874443467
56.0 74.0 0.025039342460084494
56.0 76.0 0.01955279639046335
56.0 78.0 0.0
56.0 80.0 0.0
56.0 82.0 0.0
56.0 84.0 0.0
56.0 86.0 0.0
56.0 88.0 0.0
56.0 90.0 0.0
56.0 92.0 0.0
56.0 94.0 0.0020686097997843034
56.0 96.0 0.020060510083670848
56.0 98.0 0.040298824114100865
56.0 100.0 0.05632467900629331
56.0 102.0 0.06479628628728597
56.0 104.0 0.0702567774294014
56.0 106.0 0.0690910787988704
56.0 108.0 0.024245542598643786
56.0 110.0 0.002296672925878868
56.0 112.0 0.0
56.0 114.0 0.0
56.0 116.0 0.0
56.0 118.0 0.0
56.0 120.0 0.0
56.0 122.0 0.0
56.0 124.0 0.008688915498206726
56.0 126.0 0.07687250979892535
58.0 0.0 0.0
58.0 2.0 0.028733127556381927
58.0 4.0 0.0
58.0 6.0 0.0
58.0 8.0 0.0
58.0 10.0 0.004035543520476832
58.0 12.0 0.07759061546500376
58.0 14.0 0.14104503181627118
58.0 16.0 0.1741530934585971
58.0 18.0 0.20022227025350559
58.0 20.0 0.18782450367877493
58.0 22.0 0.14839965386715193
58.0 24.0 0.08432643548906778
58.0 26.0 0.01456125284344782
58.0 28.0 0.0
58.0 30.0 0.0
58.0 32.0 0.0
58.0 34.0 0.0
58.0 36.0 0.0
58.0 38.0 0.0
58.0 40.0 0.0
58.0 42.0 0.0
58.0 44.0 0.0
58.0 46.0 0.0
58.0 48.0 0.0
58.0 50.0 0.0
58.0 52.0 0.0
58.0 54.0 0.0
58.0 56.0 0.0
58.0 58.0 0.0
58.0 60.0 0.0
58.0 62.0 0.027570350355806416
58.0 64.0 0.08953479670979615
58.0 66.0 0.1325862878603965
58.0 68.0 0.15293703781154758
58.0 70.0 0.12477596735944387
58.0 72.0 0.05581848180144624
58.0 74.0 0.021993407897371742
58.0 76.0 0.01750359373182943
58.0 78.0 0.0
58.0 80.0 0.0
58.0 82.0 0.0
58.0 84.0 0.0
58.0 86.0 0.0
58.0 88.0 0.0
58.0 90.0 0.0
58.0 92.0 0.0010886736513402663
58.0 94.0 0.012351404530681032
58.0 96.0 0.029183980208881213
58.0 98.0 0.04670514435181158
58.0 100.0 0.06294381762859023
58.0 102.0 0.06960923238120337
58.0 104.0 0.07143270437737452
58.0 106.0 0.07829303845181947
58.0 108.0 0.04264604288771756
58.0 110.0 0.02761930000706524
58.0 112.0 0.005094630813405328
58.0 114.0 0.0
58.0 116.0 0.0
58.0 118.0 0.0013345696700058016
58.0 120.0 0.013153746196244036
58.0 122.0 0.03205332496590504
58.0 124.0 0.06576265178148304
58.0 126.0 0.16153726405915422
60.0 0.0 0.0
60.0 2.0 0.038606639572777025
60.0 4.0 0.0
60.0 6.0 0.0
60.0 8.0 0.0
60.0 10.0 0.0
60.0 12.0 0.037605968172195324
60.0 14.0 0.09971404733352479
60.0 16.0 0.130425404288001
60.0 18.0 0.1434108036371734
60.0 20.0 0.13513868627851466
60.0 22.0 0.11166660086119497
60.0 24.0 0.06700787226152012
60.0 26.0 0.007944641991085204
60.0 28.0 0.0
60.0 30.0 0.0
60.0 32.0 0.0
60.0 34.0 0.0
60.0 36.0 0.0
60.0 38.0 0.0
60.0 40.0 7.630792211587405E-4
60.0 42.0 0.005324594838361987
60.0 44.0 0.008231884871727239
60.0 46.0 0.0052527140707767025
60.0 48.0 0.0
60.0 50.0 0.0
60.0 52.0 0.0
60.0 54.0 0.0
60.0 56.0 0.0
60.0 58.0 0.0
60.0 60.0 0.0
60.0 62.0 0.0
60.0 64.0 0.016774135959735804
60.0 66.0 0.044924271027708074
60.0 68.0 0.061898165039314966
60.0 70.0 0.06664729701753835
60.0 72.0 0.05228961391063678
60.0 74.0 0.028237180697106446
60.0 76.0 0.0178240441304395
60.0 78.0 0.003995294442071229
60.0 80.0 0.0
60.0 82.0 7.720480363377138E-6
60.0 84.0 0.0
60.0 86.0 0.0
60.0 88.0 0.0
60.0 90.0 0.0
60.0 92.0 0.006313485183547944
60.0 94.0 0.019991955922043583
60.0 96.0 0.036201688860176724
60.0 98.0 0.052794422979069555
60.0 100.0 0.062004251887035115
60.0 102.0 0.06704716941021328
60.0 104.0 0.07120096956337772
60.0 106.0 0.07441220061146694
60.0 108.0 0.07421097688644142
60.0 110.0 0.035436550141453825
60.0 112.0 0.03151631022280663
60.0 114.0 0.020238237476586908
60.0 116.0 0.020744703188191608
60.0 118.0 0.030243082339806656
60.0 120.0 0.06176836816107615
60.0 122.0 0.09719920935132619
60.0 124.0 0.14889779544236234
60.0 126.0 0.2258572623780604
62.0 0.0 0.0
62.0 2.0 0.03884895733187586
62.0 4.0 0.0
62.0 6.0 0.0
62.0 8.0 0.0
62.0 10.0 0.0
62.0 12.0 0.013298782365921656
62.0 14.0 0.05490504740097338
62.0 16.0 0.07939192582722542
62.0 18.0 0.08123741927907267
62.0 20.0 0.07705286342151134
62.0 22.0 0.0671551384248872
62.0 24.0 0.0381576611333994
62.0 26.0 1.0647736631238257E-4
62.0 28.0 0.0
62.0 30.0 0.0
62.0 32.0 0.0
62.0 34.0 0.0
62.0 36.0 0.0
62.0 38.0 0.027371155679066225
62.0 40.0 0.04874197288858806
62.0 42.0 0.06058088470704681
62.0 44.0 0.056002575079860256
62.0 46.0 0.03225157545455633
62.0 48.0 7.621439210153636E-4
62.0 50.0 0.0
62.0 52.0 0.0
62.0 54.0 0.0
62.0 56.0 0.0
62.0 58.0 0.0
62.0 60.0 0.0
62.0 62.0 0.0
62.0 64.0 0.0
62.0 66.0 0.0036906860540307563
62.0 68.0 0.016488913092228732
62.0 70.0 0.029447370693059405
62.0 72.0 0.034203281232124155
62.0 74.0 0.040186816068439206
62.0 76.0 0.02951258303439215
62.0 78.0 0.01608477235734299
62.0 80.0 0.0055220355306324605
62.0 82.0 6.630097173145055E-6
62.0 84.0 0.0
62.0 86.0 0.0
62.0 88.0 0.0
62.0 90.0 0.0032635005176469035
62.0 92.0 0.010598144839459029
62.0 94.0 0.021772062137075443
62.0 96.0 0.03703873717195933
62.0 98.0 0.05157467802037427
62.0 100.0 0.0615940484752951
62.0 102.0 0.06461873337852246
62.0 104.0 0.06569708804806353
62.0 106.0 0.070438180513105
62.0 108.0 0.08474669162352699
62.0 110.0 0.06164096785735648
62.0 112.0 0.0708749764776225
62.0 114.0 0.06594077565573038
62.0 116.0 0.06995688802161633
62.0 118.0 0.08409938602381345
62.0 120.0 0.11936974281056047
62.0 122.0 0.15576867100078864
62.0 124.0 0.19868474405745942
62.0 126.0 0.2518029902366078
64.0 0.0 0.0
64.0 2.0 0.03551852137321456
64.0 4.0 0.0
64.0 6.0 0.0
64.0 8.0 0.0
64.0 10.0 0.0
64.0 12.0 0.0
64.0 14.0 0.014813387787586278
64.0 16.0 0.023154615149935175
64.0 18.0 0.022408419551583982
64.0 20.0 0.027700101189733418
64.0 22.0 0.026594068228354986
64.0 24.0 0.013207722939292616
64.0 26.0 0.0019871622791862082
64.0 28.0 0.0
64.0 30.0 3.840968626576116E-4
64.0 32.0 0.007050170680209783
64.0 34.0 0.03149954418155256
64.0 36.0 0.09059374258422227
64.0 38.0 0.13271679216668766
64.0 40.0 0.16039308156212745
64.0 42.0 0.16866793149536422
64.0 44.0 0.14960913781238427
64.0 46.0 0.09907461361949954
64.0 48.0 0.023519843426068863
64.0 50.0 0.0
64.0 52.0 0.0
64.0 54.0 0.0
64.0 56.0 0.0
64.0 58.0 0.0
64.0 60.0 0.0
64.0 62.0 0.0
64.0 64.0 0.0
64.0 66.0 0.0
64.0 68.0 0.0032686952429918973
64.0 70.0 0.019390469373977485
64.0 72.0 0.03256922771772013
64.0 74.0 0.03975624775749876
64.0 76.0 0.039343703733952066
64.0 78.0 0.0314638214181286
64.0 80.0 0.019081745883176477
64.0 82.0 0.008709198102814503
64.0 84.0 0.002423942506698957
64.0 86.0 0.0
64.0 88.0 0.0
64.0 90.0 0.0
64.0 92.0 0.0031466843391923806
64.0 94.0 0.014725355421187586
64.0 96.0 0.031039113632915376
64.0 98.0 0.044663028658162074
64.0 100.0 0.05235092140152802
64.0 102.0 0.05866108151107832
64.0 104.0 0.061214628714629626
64.0 106.0 0.06626691097018861
64.0 108.0 0.07808623604632835
64.0 110.0 0.09245557898285928
64.0 112.0 0.11011442275293874
64.0 114.0 0.1212878853111063
64.0 116.0 0.13102848568325404
64.0 118.0 0.14216561096713462
64.0 120.0 0.17389692894991307
64.0 122.0 0.2056317316798452
64.0 124.0 0.22142468195073395
64.0 126.0 0.21844144134388807
66.0 0.0 0.0
66.0 2.0 0.02117368263223081
66.0 4.0 0.0
66.0 6.0 0.0
66.0 8.0 0.0
66.0 10.0 0.0
66.0 12.0 0.0
66.0 14.0 0.0
66.0 16.0 0.0
66.0 18.0 0.001962875951929004
66.0 20.0 0.007238952099540762
66.0 22.0 0.009430178865178553
66.0 24.0 0.007690689641039968
66.0 26.0 0.0072583622451678695
66.0 28.0 0.0151533108607875
66.0 30.0 0.03850947851366376
66.0 32.0 0.08533979258371638
66.0 34.0 0.15239800589111738
66.0 36.0 0.2070325614962587
66.0 38.0 0.25068350742125267
66.0 40.0 0.27844763288421887
66.0 42.0 0.2812241931313892
66.0 44.0 0.2511147019743695
66.0 46.0 0.181977785185092
66.0 48.0 0.0740008205580912
66.0 50.0 0.006187747760604122
66.0 52.0 0.0
66.0 54.0 0.0
66.0 56.0 0.0
66.0 58.0 0.0
66.0 60.0 0.0
66.0 62.0 0.0
66.0 64.0 0.0
66.0 66.0 0.0
66.0 68.0 0.0
66.0 70.0 0.011073724823917228
66.0 72.0 0.02955243807415821
66.0 74.0 0.04773978693390756
66.0 76.0 0.058794910163709614
66.0 78.0 0.0605455522423542
66.0 80.0 0.048458934808257276
66.0 82.0 0.028452415251055196
66.0 84.0 0.0062474187029405845
66.0 86.0 0.0
66.0 88.0 0.0
66.0 90.0 0.0
66.0 92.0 0.0
66.0 94.0 0.0038685036819978667
66.0 96.0 0.0166376301299369
66.0 98.0 0.02948386852013662
66.0 100.0 0.03472737311036952
66.0 102.0 0.04310800070337322
66.0 104.0 0.045919184126045336
66.0 106.0 0.05419028977867546
66.0 108.0 0.07701655991245564
66.0 110.0 0.106794626955495
66.0 112.0 0.138770278153032
66.0 114.0 0.16265320355126447
66.0 116.0 0.18045180382643186
66.0 118.0 0.19182489441416348
66.0 120.0 0.2266244238454647
66.0 122.0 0.2420630526232926
66.0 124.0 0.22468005437038652
66.0 126.0 0.13948146563964028
68.0 0.0 0.0
68.0 2.0 0.006626421976145282
68.0 4.0 0.0
68.0 6.0 0.0
68.0 8.0 0.0
68.0 10.0 0.0
68.0 12.0 0.0
68.0 14.0 0.0
68.0 16.0 0.0
68.0 18.0 0.0
68.0 20.0 0.00119306389900105
68.0 22.0 0.009024679572983566
68.0 24.0 0.01330847133343651
68.0 26.0 0.018339124425186818
68.0 28.0 0.04738293755918108
68.0 30.0 0.10815033359042137
68.0 32.0 0.17478759259473184
68.0 34.0 0.23364910285407303
68.0 36.0 0.2901373154126969
68.0 38.0 0.3344398611739387
68.0 40.0 0.3974821846400039
68.0 42.0 0.3899602180969172
68.0 44.0 0.34810154464494536
68.0 46.0 0.2540740551021743
68.0 48.0 0.09888004476092714
68.0 50.0 0.011690043058717063
68.0 52.0 0.0
68.0 54.0 0.0
68.0 56.0 0.0
68.0 58.0 0.0
68.0 60.0 0.0
68.0 62.0 0.0
68.0 64.0 0.0
68.0 66.0 0.0
68.0 68.0 0.0
68.0 70.0 0.003402852307002866
68.0 72.0 0.025806235462189853
68.0 74.0 0.055637668697953495
68.0 76.0 0.08337962640430809
68.0 78.0 0.09824411870484569
68.0 80.0 0.07333648652981938
68.0 82.0 0.047464282132412446
68.0 84.0 0.020678279509342628
68.0 86.0 0.0
68.0 88.0 0.0
68.0 90.0 0.0
68.0 92.0 0.0
68.0 94.0 0.0
68.0 96.0 0.0
68.0 98.0 0.004278076976145336
68.0 100.0 0.008587499183991277
68.0 102.0 0.015973741472135632
68.0 104.0 0.02364049495488313
68.0 106.0 0.03905495647301394
68.0 108.0 0.0718132096224254
68.0 110.0 0.1178758313366019
68.0 112.0 0.16465204029710884
68.0 114.0 0.20082671403054517
68.0 116.0 0.22599867036988108
68.0 118.0 0.26165923950466713
68.0 120.0 0.289147347554356
68.0 122.0 0.26348508456555925
68.0 124.0 0.20143888813461563
68.0 126.0 0.04741777499570207
70.0 0.0 0.0
70.0 2.0 0.0
70.0 4.0 0.0
70.0 6.0 0.0
70.0 8.0 0.0
70.0 10.0 0.0
70.0 12.0 0.0
70.0 14.0 0.0
70.0 16.0 0.0
70.0 18.0 0.0
70.0 20.0 0.0
70.0 22.0 5.762280339526921E-4
70.0 24.0 0.008939584070339368
70.0 26.0 0.03127862924159231
70.0 28.0 0.08428305739935266
70.0 30.0 0.1671811444966739
70.0 32.0 0.23492974867385807
70.0 34.0 0.30943348937356124
70.0 36.0 0.3727683735230001
70.0 38.0 0.4199581106111485
70.0 40.0 0.4483050399724839
70.0 42.0 0.4383242366303676
70.0 44.0 0.3898722831779804
70.0 46.0 0.2895892798058119
70.0 48.0 0.1226686354644823
70.0 50.0 0.02159076606687088
70.0 52.0 0.0
70.0 54.0 0.0
70.0 56.0 0.0
70.0 58.0 0.0
70.0 60.0 0.0
70.0 62.0 0.0
70.0 64.0 0.0
70.0 66.0 0.0
70.0 68.0 0.0
70.0 70.0 0.0
70.0 72.0 0.025267383129848425
70.0 74.0 0.06975748012892992
70.0 76.0 0.12495552177727659
70.0 78.0 0.1491949608947891
70.0 80.0 0.14744561812592402
70.0 82.0 0.12189923784286509
70.0 84.0 0.06968927529762836
70.0 86.0 0.0025640573204124624
70.0 88.0 0.0
70.0 90.0 0.0
70.0 92.0 0.0
70.0 94.0 0.0
70.0 96.0 0.0
70.0 98.0 0.0
70.0 100.0 0.0
70.0 102.0 0.0
70.0 104.0 0.0
70.0 106.0 0.011864811696130734
70.0 108.0 0.06070944005497036
70.0 110.0 0.12319881877570776
70.0 112.0 0.18594059501937152
70.0 114.0 0.23453030736794248
70.0 116.0 0.3065837801201981
70.0 118.0 0.33992186969896027
70.0 120.0 0.3339998614493498
70.0 122.0 0.2933188054421746
70.0 124.0 0.14487085400651714
70.0 126.0 0.014551163682875956
72.0 0.0 0.0
72.0 2.0 0.0
72.0 4.0 0.0
72.0 6.0 0.0
72.0 8.0 0.0
72.0 10.0 0.0
72.0 12.0 0.0
72.0 14.0 0.0
72.0 16.0 0.0
72.0 18.0 0.0
72.0 20.0 0.0
72.0 22.0 0.0
72.0 24.0 6.000039578962903E-4
72.0 26.0 0.033124032090168835
72.0 28.0 0.1153678127290324
72.0 30.0 0.20796298187595497
72.0 32.0 0.27899110385424825
72.0 34.0 0.3562429423926401
72.0 36.0 0.4201872444489969
72.0 38.0 0.4753827089517082
72.0 40.0 0.49022011147186717
72.0 42.0 0.47517684666570487
72.0 44.0 0.4220079733232223
72.0 46.0 0.3081277386670792
72.0 48.0 0.1343729639856073
72.0 50.0 0.027427273697706367
72.0 52.0 0.0
72.0 54.0 0.0
72.0 56.0 0.0
72.0 58.0 0.0
72.0 60.0 0.0
72.0 62.0 0.0
72.0 64.0 0.0
72.0 66.0 0.0
72.0 68.0 0.0
72.0 70.0 0.0
72.0 72.0 0.027369336248736442
72.0 74.0 0.0959267159600683
72.0 76.0 0.18198368414307523
72.0 78.0 0.2350042677172064
72.0 80.0 0.2439646394360385
72.0 82.0 0.21419973496923506
72.0 84.0 0.14799657902363222
72.0 86.0 0.04461046333540301
72.0 88.0 0.0
72.0 90.0 0.0
72.0 92.0 0.0
72.0 94.0 0.0
72.0 96.0 0.0
72.0 98.0 0.0
72.0 100.0 0.0
72.0 102.0 0.0
72.0 104.0 0.0
72.0 106.0 0.00293487578237198
72.0 108.0 0.04340659091391443
72.0 110.0 0.11918436360484279
72.0 112.0 0.20112080809407454
72.0 114.0 0.2938427512594664
72.0 116.0 0.3691323410664184
72.0 118.0 0.3911609805508613
72.0 120.0 0.38277115061031713
72.0 122.0 0.3201517121674673
72.0 124.0 0.12580485272356487
72.0 126.0 0.0013994140602202963
74.0 0.0 0.0
74.0 2.0 0.0
74.0 4.0 0.0
74.0 6.0 0.0
74.0 8.0 0.0
74.0 10.0 0.0
74.0 12.0 0.0
74.0 14.0 0.0
74.0 16.0 0.0
74.0 18.0 0.0
74.0 20.0 0.0
74.0 22.0 0.0
74.0 24.0 0.0
74.0 26.0 0.029051921887209203
74.0 28.0 0.12053212485439875
74.0 30.0 0.23988610747197958
74.0 32.0 0.3316783722633407
74.0 34.0 0.38253588767944197
74.0 36.0 0.4469289215600427
74.0 38.0 0.502774681227176
74.0 40.0 0.5157917498402652
74.0 42.0 0.5011624175414756
74.0 44.0 0.44654882138952456
74.0 46.0 0.3157568404299884
74.0 48.0 0.13246489051677476
74.0 50.0 0.025054281670476308
74.0 52.0 0.0
74.0 54.0 0.0
74.0 56.0 0.0
74.0 58.0 0.0
74.0 60.0 0.0
74.0 62.0 0.0
74.0 64.0 0.0
74.0 66.0 0.0
74.0 68.0 0.0
74.0 70.0 0.0
74.0 72.0 0.03670661727306076
74.0 74.0 0.14555283711711842
74.0 76.0 0.23969240581048076
74.0 78.0 0.31236068985131665
74.0 80.0 0.34657142119378365
74.0 82.0 0.31687880895391535
74.0 84.0 0.23751867229711277
74.0 86.0 0.09937740972938529
74.0 88.0 0.0035736568094053775
74.0 90.0 0.0
74.0 92.0 0.0
74.0 94.0 0.0
74.0 96.0 0.0
74.0 98.0 0.0
74.0 100.0 0.0
74.0 102.0 0.0
74.0 104.0 0.0
74.0 106.0 0.0
74.0 108.0 0.024703635772183017
74.0 110.0 0.10673925741194201
74.0 112.0 0.20940733808062686
74.0 114.0 0.31143391758467004
74.0 116.0 0.40548079946382254
74.0 118.0 0.43748617814243884
74.0 120.0 0.4230783754497082
74.0 122.0 0.33773797381084364
74.0 124.0 0.11916964683349834
74.0 126.0 0.0
76.0 0.0 0.0
76.0 2.0 0.0
76.0 4.0 0.0
76.0 6.0 0.0
76.0 8.0 0.0
76.0 10.0 0.0
76.0 12.0 0.0
76.0 14.0 0.0
76.0 16.0 0.0
76.0 18.0 0.0
76.0 20.0 0.0
76.0 22.0 0.0
76.0 24.0 0.0
76.0 26.0 0.033696315189692044
76.0 28.0 0.14577388753855777
76.0 30.0 0.2709739080633538
76.0 32.0 0.37904740004940346
76.0 34.0 0.4664513445504683
76.0 36.0 0.5078075630368794
76.0 38.0 0.5310837922254871
76.0 40.0 0.5357806308406764
76.0 42.0 0.5140154005093588
76.0 44.0 0.44672257251759323
76.0 46.0 0.3034242910207548
76.0 48.0 0.1239251127631147
76.0 50.0 0.025266377735685738
76.0 52.0 0.0
76.0 54.0 0.0
76.0 56.0 0.0
76.0 58.0 0.0
76.0 60.0 0.0
76.0 62.0 0.0
76.0 64.0 0.0
76.0 66.0 0.0
76.0 68.0 0.0
76.0 70.0 0.0
76.0 72.0 0.07113330901304278
76.0 74.0 0.22489746768466468
76.0 76.0 0.3303227941892691
76.0 78.0 0.3852697002214585
76.0 80.0 0.3942989404082659
76.0 82.0 0.3594786296809545
76.0 84.0 0.306771850962321
76.0 86.0 0.1570667018961098
76.0 88.0 0.024776628773452738
76.0 90.0 0.0
76.0 92.0 0.0
76.0 94.0 0.0
76.0 96.0 0.0
76.0 98.0 0.0
76.0 100.0 0.0
76.0 102.0 0.0
76.0 104.0 0.0
76.0 106.0 0.0
76.0 108.0 0.007593609991816431
76.0 110.0 0.09056540471446776
76.0 112.0 0.20617233531595666
76.0 114.0 0.328549113114431
76.0 116.0 0.4311795529101092
76.0 118.0 0.46652755427112086
76.0 120.0 0.4489931583497339
76.0 122.0 0.3419069229830185
76.0 124.0 0.10873638621497943
76.0 126.0 0.0
78.0 0.0 0.0
78.0 2.0 0.0
78.0 4.0 0.0
78.0 6.0 0.0
78.0 8.0 0.0
78.0 10.0 0.0
78.0 12.0 0.0
78.0 14.0 0.0
78.0 16.0 0.0
78.0 18.0 0.0
78.0 20.0 0.0
78.0 22.0 0.0
78.0 24.0 0.0
78.0 26.0 0.028778830293116935
78.0 28.0 0.14661570152394235
78.0 30.0 0.2922829997574006
78.0 32.0 0.41976177114228563
78.0 34.0 0.4896401856202032
78.0 36.0 0.5265851466680983
78.0 38.0 0.545833495418556
78.0 40.0 0.5439681796673722
78.0 42.0 0.511861379274627
78.0 44.0 0.43285521896404205
78.0 46.0 0.281306090781692
78.0 48.0 0.11497978459851249
78.0 50.0 0.02275873427321778
78.0 52.0 0.0
78.0 54.0 0.0
78.0 56.0 0.0
78.0 58.0 0.0
78.0 60.0 0.0
78.0 62.0 0.0
78.0 64.0 0.0
78.0 66.0 0.0
78.0 68.0 0.0
78.0 70.0 0.0016888123987738235
78.0 72.0 0.15494554736817243
78.0 74.0 0.3319396893180872
78.0 76.0 0.42556213003098514
78.0 78.0 0.4520775199300197
78.0 80.0 0.4408059465917032
78.0 82.0 0.39636769973043945
78.0 84.0 0.3453462229636215
78.0 86.0 0.18824102758849479
78.0 88.0 0.04048358940816231
78.0 90.0 0.0
78.0 92.0 0.0
78.0 94.0 0.0
78.0 96.0 0.0
78.0 98.0 0.0
78.0 100.0 0.0
78.0 102.0 0.0
78.0 104.0 0.0
78.0 106.0 0.0
78.0 108.0 0.0
78.0 110.0 0.06837232893443859
78.0 112.0 0.1934640724458564
78.0 114.0 0.34208805351304256
78.0 116.0 0.436779467039792
78.0 118.0 0.47980440190848817
78.0 120.0 0.46405313579968094
78.0 122.0 0.3335816534593676
78.0 124.0 0.0956716651677592
78.0 126.0 0.0
80.0 0.0 0.0
80.0 2.0 0.0
80.0 4.0 0.0
80.0 6.0 0.0
80.0 8.0 0.0
80.0 10.0 0.0
80.0 12.0 0.0
80.0 14.0 0.0
80.0 16.0 0.0
80.0 18.0 0.0
80.0 20.0 0.0
80.0 22.0 0.0
80.0 24.0 0.0
80.0 26.0 0.007074980729423218
80.0 28.0 0.11492050338725057
80.0 30.0 0.30725915595878606
80.0 32.0 0.4435667428435011
80.0 34.0 0.5043688221844074
80.0 36.0 0.5362584169753944
80.0 38.0 0.5493454520538527
80.0 40.0 0.5418848626598484
80.0 42.0 0.5016362362252593
80.0 44.0 0.4130822659358815
80.0 46.0 0.25433189474844914
80.0 48.0 0.10356137013572388
80.0 50.0 0.01909972140002644
80.0 52.0 0.0
80.0 54.0 0.0
80.0 56.0 0.0
80.0 58.0 0.0
80.0 60.0 0.0
80.0 62.0 0.0
80.0 64.0 0.0
80.0 66.0 0.0
80.0 68.0 0.0
80.0 70.0 0.06911583155626182
80.0 72.0 0.27551893271135053
80.0 74.0 0.41855367454027254
80.0 76.0 0.45817348065255786
80.0 78.0 0.4602491459355307
80.0 80.0 0.4517184619357779
80.0 82.0 0.44330149274416725
80.0 84.0 0.4096435197514006
80.0 86.0 0.19111609917921926
80.0 88.0 0.041745401562732064
80.0 90.0 0.0
80.0 92.0 0.0
80.0 94.0 0.0
80.0 96.0 0.0
80.0 98.0 0.0
80.0 100.0 0.0
80.0 102.0 0.0
80.0 104.0 0.0
80.0 106.0 0.0
80.0 108.0 0.0
80.0 110.0 0.04810144567667402
80.0 112.0 0.19892758555921738
80.0 114.0 0.33041039962370317
80.0 116.0 0.42653705703665873
80.0 118.0 0.47710525549946564
80.0 120.0 0.4684864550748167
80.0 122.0 0.3051754112916714
80.0 124.0 0.07835672672205238
80.0 126.0 0.0
82.0 0.0 0.0
82.0 2.0 0.0
82.0 4.0 0.0
82.0 6.0 0.010319992289653634
82.0 8.0 0.07667732617790292
82.0 10.0 0.05359390401274585
82.0 12.0 0.006250697824380137
82.0 14.0 0.0
82.0 16.0 0.0
82.0 18.0 0.0
82.0 20.0 0.0
82.0 22.0 0.0
82.0 24.0 0.0
82.0 26.0 0.0
82.0 28.0 0.05365139607480299
82.0 30.0 0.2305300000776861
82.0 32.0 0.4006793775779351
82.0 34.0 0.49138991114098013
82.0 36.0 0.5249647411918956
82.0 38.0 0.5352391834666324
82.0 40.0 0.5254726226008536
82.0 42.0 0.48185552851698166
82.0 44.0 0.3669229157004657
82.0 46.0 0.2202852224461819
82.0 48.0 0.09167995893266702
82.0 50.0 0.011527462855078325
82.0 52.0 0.0
82.0 54.0 0.0
82.0 56.0 0.0
82.0 58.0 0.0
82.0 60.0 0.0
82.0 62.0 0.0
82.0 64.0 0.0
82.0 66.0 0.0
82.0 68.0 0.01822179057563641
82.0 70.0 0.18773054944528922
82.0 72.0 0.358712971916438
82.0 74.0 0.44813721941778734
82.0 76.0 0.4785201288213739
82.0 78.0 0.4960149324443381
82.0 80.0 0.47906455381005314
82.0 82.0 0.4925692372747154
82.0 84.0 0.39554966749920295
82.0 86.0 0.17550277561879912
82.0 88.0 0.02830490238996065
82.0 90.0 0.0
82.0 92.0 0.0
82.0 94.0 0.0
82.0 96.0 0.0
82.0 98.0 0.0
82.0 100.0 0.0
82.0 102.0 0.0
82.0 104.0 0.0
82.0 106.0 0.0
82.0 108.0 0.0
82.0 110.0 0.017029327579974943
82.0 112.0 0.14232524814624456
82.0 114.0 0.3055801273847882
82.0 116.0 0.4117088555862484
82.0 118.0 0.46442153848591144
82.0 120.0 0.46280160415307897
82.0 122.0 0.2881948740608194
82.0 124.0 0.06324335625826004
82.0 126.0 0.0
84.0 0.0 0.0
84.0 2.0 0.0
84.0 4.0 0.0271210257840967
84.0 6.0 0.22323529713487233
84.0 8.0 0.23415532649313495
84.0 10.0 0.15893286740549367
84.0 12.0 0.048453539741045375
84.0 14.0 0.0
84.0 16.0 0.0
84.0 18.0 0.0
84.0 20.0 0.0
84.0 22.0 0.0
84.0 24.0 0.0
84.0 26.0 0.0
84.0 28.0 9.8529980666027E-5
84.0 30.0 0.13924629957275725
84.0 32.0 0.3473768650202795
84.0 34.0 0.46332150438554703
84.0 36.0 0.5022221341006525
84.0 38.0 0.5039516896611388
84.0 40.0 0.4247834330929803
84.0 42.0 0.35525668145770456
84.0 44.0 0.29839489598810864
84.0 46.0 0.20365079841522962
84.0 48.0 0.08453852984231329
84.0 50.0 0.0029510027797641815
84.0 52.0 0.0
84.0 54.0 0.0
84.0 56.0 0.0
84.0 58.0 0.0
84.0 60.0 0.0
84.0 62.0 0.0
84.0 64.0 0.0
84.0 66.0 0.0
84.0 68.0 0.09490950657999343
84.0 70.0 0.27531239357204806
84.0 72.0 0.4015525426058754
84.0 74.0 0.47187434833368364
84.0 76.0 0.5127327371667323
84.0 78.0 0.5187754144892013
84.0 80.0 0.49388207363093084
84.0 82.0 0.48143582355957176
84.0 84.0 0.3494552708942988
84.0 86.0 0.13938117204793551
84.0 88.0 0.0125377555314099
84.0 90.0 0.0
84.0 92.0 0.0
84.0 94.0 0.0
84.0 96.0 0.0
84.0 98.0 0.0
84.0 100.0 0.0
84.0 102.0 0.0
84.0 104.0 0.0
84.0 106.0 0.0
84.0 108.0 0.0
84.0 110.0 0.0011004749416181736
84.0 112.0 0.11592857245509326
84.0 114.0 0.24747567387124522
84.0 116.0 0.3835416135108292
84.0 118.0 0.44373907242793814
84.0 120.0 0.4513982229741404
84.0 122.0 0.2948321059532496
84.0 124.0 0.0
84.0 126.0 0.0
86.0 0.0 0.0
86.0 2.0 0.0
86.0 4.0 0.0
86.0 6.0 0.34784299484653497
86.0 8.0 0.30695397367541766
86.0 10.0 0.22636559322271407
86.0 12.0 0.10121770102476368
86.0 14.0 0.013270538318014245
86.0 16.0 0.0
86.0 18.0 0.0
86.0 20.0 0.0
86.0 22.0 0.0
86.0 24.0 0.0
86.0 26.0 0.0
86.0 28.0 0.0
86.0 30.0 0.03952861616039688
86.0 32.0 0.22390138931120104
86.0 34.0 0.37989310701304263
86.0 36.0 0.4061708292976201
86.0 38.0 0.3857356011076128
86.0 40.0 0.3976620018803898
86.0 42.0 0.3661703648427328
86.0 44.0 0.2851313859813474
86.0 46.0 0.18903250937267876
86.0 48.0 0.07551764645703572
86.0 50.0 0.0
86.0 52.0 0.0
86.0 54.0 0.0
86.0 56.0 0.0
86.0 58.0 0.0
86.0 60.0 0.0
86.0 62.0 0.0
86.0 64.0 0.0
86.0 66.0 0.03097683476812896
86.0 68.0 0.17852127261965434
86.0 70.0 0.32903987899083337
86.0 72.0 0.43785383637211633
86.0 74.0 0.49562069266589065
86.0 76.0 0.510972001051118
86.0 78.0 0.5018664765636577
86.0 80.0 0.46077848024992063
86.0 82.0 0.43230089315582304
86.0 84.0 0.28048312734392844
86.0 86.0 0.10230734566547822
86.0 88.0 0.0
86.0 90.0 0.0
86.0 92.0 0.0
86.0 94.0 0.0
86.0 96.0 0.0
86.0 98.0 0.0
86.0 100.0 0.0
86.0 102.0 0.0
86.0 104.0 0.0
86.0 106.0 0.0
86.0 108.0 0.0
86.0 110.0 0.0
86.0 112.0 0.08946162545258829
86.0 114.0 0.2317053399310004
86.0 116.0 0.3533671815898325
86.0 118.0 0.41523446219510984
86.0 120.0 0.4384772761669611
86.0 122.0 0.31484749056390293
86.0 124.0 0.0
86.0 126.0 0.0
88.0 0.0 0.0
88.0 2.0 0.0
88.0 4.0 0.0
88.0 6.0 0.38372808011455284
88.0 8.0 0.3182326463544343
88.0 10.0 0.24686834458319995
88.0 12.0 0.13606218328492767
88.0 14.0 0.02588623992570281
88.0 16.0 0.0
88.0 18.0 0.0
88.0 20.0 0.0
88.0 22.0 0.0
88.0 24.0 0.0
88.0 26.0 0.0
88.0 28.0 0.0
88.0 30.0 0.0
88.0 32.0 0.08923545933278358
88.0 34.0 0.2443123472115056
88.0 36.0 0.3490869818674814
88.0 38.0 0.39221702738388914
88.0 40.0 0.3669472146843571
88.0 42.0 0.2932139081846743
88.0 44.0 0.25159901964727327
88.0 46.0 0.1955837610741286
88.0 48.0 0.059150923021163315
88.0 50.0 0.0
88.0 52.0 0.0
88.0 54.0 0.0
88.0 56.0 0.0
88.0 58.0 0.0
88.0 60.0 0.0
88.0 62.0 0.0
88.0 64.0 5.72115723123318E-4
88.0 66.0 0.08905961774885973
88.0 68.0 0.2613522017601268
88.0 70.0 0.40805497198264656
88.0 72.0 0.48975653848669953
88.0 74.0 0.4494511633261428
88.0 76.0 0.4614504077498293
88.0 78.0 0.4498855530955513
88.0 80.0 0.4834625644791199
88.0 82.0 0.41745287489367117
88.0 84.0 0.21212682606020208
88.0 86.0 0.062111523695073695
88.0 88.0 0.0
88.0 90.0 0.0
88.0 92.0 0.0
88.0 94.0 0.0
88.0 96.0 0.0
88.0 98.0 0.0
88.0 100.0 0.0
88.0 102.0 0.0
88.0 104.0 0.0
88.0 106.0 0.0
88.0 108.0 0.0
88.0 110.0 0.0
88.0 112.0 0.06351042464513883
88.0 114.0 0.21074423620138968
88.0 116.0 0.3252321175299819
88.0 118.0 0.34947147784006266
88.0 120.0 0.4139100486175295
88.0 122.0 0.33481952467552173
88.0 124.0 0.0
88.0 126.0 0.0
90.0 0.0 0.0
90.0 2.0 0.0
90.0 4.0 0.0
90.0 6.0 0.36966111073468627
90.0 8.0 0.30590481758358884
90.0 10.0 0.2417542495341336
90.0 12.0 0.13965519229092838
90.0 14.0 0.030211675632020554
90.0 16.0 0.0
90.0 18.0 0.0
90.0 20.0 0.0
90.0 22.0 0.0
90.0 24.0 0.0
90.0 26.0 0.0
90.0 28.0 0.0
90.0 30.0 0.0
90.0 32.0 0.03180310433938747
90.0 34.0 0.13236618666700728
90.0 36.0 0.24439204686184293
90.0 38.0 0.3103713388883012
90.0 40.0 0.3367580597841476
90.0 42.0 0.3218738463289484
90.0 44.0 0.25760018973857374
90.0 46.0 0.15600243040677045
90.0 48.0 0.03520193472737028
90.0 50.0 0.0
90.0 52.0 0.0
90.0 54.0 0.0
90.0 56.0 0.0
90.0 58.0 0.0
90.0 60.0 0.0
90.0 62.0 0.0
90.0 64.0 0.02692566031581731
90.0 66.0 0.14003987342487206
90.0 68.0 0.2766826056237265
90.0 70.0 0.4071539400234135
90.0 72.0 0.49963280364486123
90.0 74.0 0.4390806721035287
90.0 76.0 0.44431729292009886
90.0 78.0 0.4257988797304714
90.0 80.0 0.39500690417174633
90.0 82.0 0.36445434081279005
90.0 84.0 0.15288422653469122
90.0 86.0 0.027756031917208476
90.0 88.0 0.0
90.0 90.0 0.0
90.0 92.0 0.0
90.0 94.0 0.0
90.0 96.0 0.0
90.0 98.0 0.0
90.0 100.0 0.0
90.0 102.0 0.0
90.0 104.0 0.0
90.0 106.0 0.0
90.0 108.0 0.0
90.0 110.0 0.0
90.0 112.0 0.048127039230311974
90.0 114.0 0.1839751167258392
90.0 116.0 0.27689836717285293
90.0 118.0 0.35769939211818974
90.0 120.0 0.37705210731824906
90.0 122.0 0.0
90.0 124.0 0.0
90.0 126.0 0.0
92.0 0.0 0.0
92.0 2.0 0.0
92.0 4.0 0.0
92.0 6.0 0.0
92.0 8.0 0.3463427683361293
92.0 10.0 0.2458428459404768
92.0 12.0 0.16388745503452806
92.0 14.0 0.053255831904255146
92.0 16.0 7.967725458095E-4
92.0 18.0 0.0
92.0 20.0 0.0
92.0 22.0 0.0
92.0 24.0 0.0
92.0 26.0 0.0
92.0 28.0 0.0
92.0 30.0 0.0
92.0 32.0 0.0026799366366791464
92.0 34.0 0.06785613598235377
92.0 36.0 0.16990124278800056
92.0 38.0 0.24258467627790273
92.0 40.0 0.2837797153643494
92.0 42.0 0.28428582084983617
92.0 44.0 0.23457819036163172
92.0 46.0 0.13378265628524919
92.0 48.0 0.013533832711790976
92.0 50.0 0.0
92.0 52.0 0.0
92.0 54.0 0.0
92.0 56.0 0.0
92.0 58.0 0.0
92.0 60.0 0.0
92.0 62.0 0.003551227846928814
92.0 64.0 0.0592792780690902
92.0 66.0 0.1520136049039069
92.0 68.0 0.25803374952842706
92.0 70.0 0.3867648315918287
92.0 72.0 0.48648430312376395
92.0 74.0 0.4330832008443745
92.0 76.0 0.41323297859204794
92.0 78.0 0.39136916632792595
92.0 80.0 0.3505074761819811
92.0 82.0 0.2949393051546622
92.0 84.0 0.10552001933216722
92.0 86.0 0.00874652352677712
92.0 88.0 0.0
92.0 90.0 0.0
92.0 92.0 0.0
92.0 94.0 0.0
92.0 96.0 0.0
92.0 98.0 0.0
92.0 100.0 0.0
92.0 102.0 0.0
92.0 104.0 0.0
92.0 106.0 0.0
92.0 108.0 0.0
92.0 110.0 0.0
92.0 112.0 0.042795959423880515
92.0 114.0 0.16116244210411212
92.0 116.0 0.25259609962524393
92.0 118.0 0.3351753654408713
92.0 120.0 0.327468489095951
92.0 122.0 0.0
92.0 124.0 0.0
92.0 126.0 0.0
94.0 0.0 0.0
94.0 2.0 0.0
94.0 4.0 0.0
94.0 6.0 0.0
94.0 8.0 0.2957433741268636
94.0 10.0 0.21694125659751695
94.0 12.0 0.14018738536663194
94.0 14.0 0.04307194031887207
94.0 16.0 0.0
94.0 18.0 0.0
94.0 20.0 0.0
94.0 22.0 0.0
94.0 24.0 0.0
94.0 26.0 0.0
94.0 28.0 0.0
94.0 30.0 0.0
94.0 32.0 0.0
94.0 34.0 0.03743599497364466
94.0 36.0 0.11298027611683936
94.0 38.0 0.17973732545014645
94.0 40.0 0.23175011053825542
94.0 42.0 0.25036604531832923
94.0 44.0 0.20546619202588134
94.0 46.0 0.09606952425734251
94.0 48.0 0.0
94.0 50.0 0.0
94.0 52.0 0.0
94.0 54.0 0.0
94.0 56.0 0.0
94.0 58.0 0.0
94.0 60.0 0.0
94.0 62.0 0.015469470912880893
94.0 64.0 0.07108496009278643
94.0 66.0 0.1370987138847889
94.0 68.0 0.21852896929029572
94.0 70.0 0.32469894401912236
94.0 72.0 0.4128355848086229
94.0 74.0 0.4099534609474899
94.0 76.0 0.3639601139881569
94.0 78.0 0.34959712533818904
94.0 80.0 0.29688045255351664
94.0 82.0 0.22653699542478242
94.0 84.0 0.06852803448416024
94.0 86.0 0.001523367014595675
94.0 88.0 0.0
94.0 90.0 0.0
94.0 92.0 0.0
94.0 94.0 0.0
94.0 96.0 0.0
94.0 98.0 0.0
94.0 100.0 0.0
94.0 102.0 0.0
94.0 104.0 0.0
94.0 106.0 0.0
94.0 108.0 0.0
94.0 110.0 0.0
94.0 112.0 0.05035267165328714
94.0 114.0 0.15220974833004666
94.0 116.0 0.25074067734694716
94.0 118.0 0.28116337369668537
94.0 120.0 0.0
94.0 122.0 0.0
94.0 124.0 0.0
94.0 126.0 0.0
96.0 0.0 0.0
96.0 2.0 0.0
96.0 4.0 0.0
96.0 6.0 0.0
96.0 8.0 0.0
96.0 10.0 0.22887669509788075
96.0 12.0 0.14197634058002648
96.0 14.0 0.07121711725547493
96.0 16.0 0.003097031780612396
96.0 18.0 0.0
96.0 20.0 0.0
96.0 22.0 0.0
96.0 24.0 0.0
96.0 26.0 0.0
96.0 28.0 0.0
96.0 30.0 0.0
96.0 32.0 0.0
96.0 34.0 0.026803291945896247
96.0 36.0 0.07876839528408748
96.0 38.0 0.12528313706008837
96.0 40.0 0.1788860403309408
96.0 42.0 0.19371745396800608
96.0 44.0 0.15417558140445642
96.0 46.0 0.06299142658221837
96.0 48.0 0.0
96.0 50.0 0.0
96.0 52.0 0.0
96.0 54.0 0.0
96.0 56.0 0.0
96.0 58.0 0.0
96.0 60.0 0.0
96.0 62.0 0.01590583568048971
96.0 64.0 0.060802590715278125
96.0 66.0 0.10807224802762633
96.0 68.0 0.1704504573144502
96.0 70.0 0.24761514881647284
96.0 72.0 0.3169954923716654
96.0 74.0 0.35469782224663904
96.0 76.0 0.3557523041267355
96.0 78.0 0.29190052336644673
96.0 80.0 0.2332843159326479
96.0 82.0 0.13979048473691752
96.0 84.0 0.043393982570504634
96.0 86.0 0.0
96.0 88.0 0.0
96.0 90.0 0.0
96.0 92.0 0.0
96.0 94.0 0.0
96.0 96.0 0.0
96.0 98.0 0.0
96.0 100.0 0.0
96.0 102.0 0.0
96.0 104.0 0.0
96.0 106.0 0.0
96.0 108.0 0.0
96.0 110.0 9.319352958651071E-4
96.0 112.0 0.06319673779175257
96.0 114.0 0.15217596505002437
96.0 116.0 0.22925492734149686
96.0 118.0 0.24940189382660546
96.0 120.0 0.0
96.0 122.0 0.0
96.0 124.0 0.0
96.0 126.0 0.0
98.0 0.0 0.0
98.0 2.0 0.0
98.0 4.0 0.0
98.0 6.0 0.0
98.0 8.0 0.0
98.0 10.0 0.0
98.0 12.0 0.13804372719151892
98.0 14.0 0.06020195909905895
98.0 16.0 0.003539096623710918
98.0 18.0 0.0
98.0 20.0 0.0
98.0 22.0 0.0
98.0 24.0 0.0
98.0 26.0 0.0
98.0 28.0 0.0
98.0 30.0 0.0
98.0 32.0 0.0
98.0 34.0 0.019963180866261265
98.0 36.0 0.05794635296642515
98.0 38.0 0.08997617041752398
98.0 40.0 0.13284033578095697
98.0 42.0 0.15146247434483887
98.0 44.0 0.11783593631093209
98.0 46.0 0.04534985547949443
98.0 48.0 9.620110725384306E-4
98.0 50.0 0.0
98.0 52.0 0.0
98.0 54.0 0.0
98.0 56.0 0.0
98.0 58.0 0.0
98.0 60.0 0.0
98.0 62.0 0.007533665179458147
98.0 64.0 0.036774901361217624
98.0 66.0 0.0765934656260089
98.0 68.0 0.1249578464934387
98.0 70.0 0.18086039139620871
98.0 72.0 0.2386127175731038
98.0 74.0 0.2615835584111832
98.0 76.0 0.2596599857872269
98.0 78.0 0.22642836281209414
98.0 80.0 0.15630366197970322
98.0 82.0 0.09473844980643814
98.0 84.0 0.019103067678321668
98.0 86.0 0.0
98.0 88.0 0.0
98.0 90.0 0.0
98.0 92.0 0.0
98.0 94.0 0.0
98.0 96.0 0.0
98.0 98.0 0.0
98.0 100.0 0.0
98.0 102.0 0.0
98.0 104.0 0.0
98.0 106.0 0.0
98.0 108.0 4.28429540267038E-4
98.0 110.0 0.021502287716954043
98.0 112.0 0.08599527637458972
98.0 114.0 0.1578771810375803
98.0 116.0 0.2134463872554929
98.0 118.0 0.0
98.0 120.0 0.0
98.0 122.0 0.0
98.0 124.0 0.0
98.0 126.0 0.0
100.0 0.0 0.0
100.0 2.0 0.0
100.0 4.0 0.0
100.0 6.0 0.0
100.0 8.0 0.0
100.0 10.0 0.0
100.0 12.0 0.1489811665565625
100.0 14.0 0.056938987736551205
100.0 16.0 0.002154647493607218
100.0 18.0 0.0
100.0 20.0 0.0
100.0 22.0 0.0
100.0 24.0 0.0
100.0 26.0 0.0
100.0 28.0 0.0
100.0 30.0 0.0
100.0 32.0 0.0
100.0 34.0 0.01104254692223214
100.0 36.0 0.044317114771237204
100.0 38.0 0.07327563505136873
100.0 40.0 0.11466642525871802
100.0 42.0 0.1304297798283128
100.0 44.0 0.09843042920400903
100.0 46.0 0.030604923514354638
100.0 48.0 0.001210156051264782
100.0 50.0 0.0
100.0 52.0 0.0
100.0 54.0 0.0
100.0 56.0 0.0
100.0 58.0 0.0
100.0 60.0 0.0
100.0 62.0 0.0
100.0 64.0 0.014423879090815958
100.0 66.0 0.04540639626729598
100.0 68.0 0.08606157912929147
100.0 70.0 0.13245672028168334
100.0 72.0 0.17005595379217361
100.0 74.0 0.17172218964373828
100.0 76.0 0.16270303193137323
100.0 78.0 0.13048845019455022
100.0 80.0 0.09370733912598044
100.0 82.0 0.07156427142310239
100.0 84.0 0.019077891210682013
100.0 86.0 0.0
100.0 88.0 0.0
100.0 90.0 0.0
100.0 92.0 0.0
100.0 94.0 0.0
100.0 96.0 0.0
100.0 98.0 0.0
100.0 100.0 0.0
100.0 102.0 0.0
100.0 104.0 0.011043796964003622
100.0 106.0 0.03182551049947246
100.0 108.0 0.03937421214120499
100.0 110.0 0.06436505929099806
100.0 112.0 0.12671423920982272
100.0 114.0 0.17192610070294204
100.0 116.0 0.0
100.0 118.0 0.0
100.0 120.0 0.0
100.0 122.0 0.0
100.0 124.0 0.0
100.0 126.0 0.0
102.0 0.0 0.0
102.0 2.0 0.0
102.0 4.0 0.0
102.0 6.0 0.0
102.0 8.0 0.0
102.0 10.0 0.0
102.0 12.0 0.0
102.0 14.0 0.13700405312985234
102.0 16.0 0.0064690302957079926
102.0 18.0 0.0
102.0 20.0 0.0
102.0 22.0 0.0
102.0 24.0 0.0
102.0 26.0 0.0
102.0 28.0 0.0
102.0 30.0 0.0
102.0 32.0 0.0
102.0 34.0 0.018670910276431533
102.0 36.0 0.036248996366503576
102.0 38.0 0.07697439795255412
102.0 40.0 0.12348988225529939
102.0 42.0 0.13101148459048548
102.0 44.0 0.08810436337385257
102.0 46.0 0.02145784200494169
102.0 48.0 8.43178757951636E-5
102.0 50.0 0.0
102.0 52.0 0.0
102.0 54.0 0.0
102.0 56.0 0.0
102.0 58.0 0.0
102.0 60.0 0.0
102.0 62.0 0.0
102.0 64.0 0.008133657515444178
102.0 66.0 0.028781265991546807
102.0 68.0 0.05792631410797155
102.0 70.0 0.09009120077883159
102.0 72.0 0.11653275883187635
102.0 74.0 0.10484523242433014
102.0 76.0 0.07478182388709462
102.0 78.0 0.03679133337401432
102.0 80.0 0.03129695404361953
102.0 82.0 0.04516225668469772
102.0 84.0 0.019062830460325423
102.0 86.0 0.004572741460065537
102.0 88.0 0.0
102.0 90.0 0.0
102.0 92.0 0.0
102.0 94.0 0.0
102.0 96.0 0.0
102.0 98.0 0.0
102.0 100.0 0.002843721102483456
102.0 102.0 0.020790734270180772
102.0 104.0 0.061558042782677264
102.0 106.0 0.11624080810969838
102.0 108.0 0.12485208594350057
102.0 110.0 0.13273610268612102
102.0 112.0 0.16850872832020328
102.0 114.0 0.0
102.0 116.0 0.0
102.0 118.0 0.0
102.0 120.0 0.0
102.0 122.0 0.0
102.0 124.0 0.0
102.0 126.0 0.0
104.0 0.0 0.0
104.0 2.0 0.0
104.0 4.0 0.0
104.0 6.0 0.0
104.0 8.0 0.0
104.0 10.0 0.0
104.0 12.0 0.0
104.0 14.0 0.0
104.0 16.0 0.12753645625248874
104.0 18.0 0.0
104.0 20.0 0.0
104.0 22.0 0.0
104.0 24.0 0.0
104.0 26.0 0.0
104.0 28.0 0.0
104.0 30.0 0.0
104.0 32.0 0.0
104.0 34.0 0.0226107072532855
104.0 36.0 0.042269167411285384
104.0 38.0 0.09958054805385537
104.0 40.0 0.15037676511910478
104.0 42.0 0.14216919668156197
104.0 44.0 0.089038024180361
104.0 46.0 0.01818644848105822
104.0 48.0 0.0
104.0 50.0 0.0
104.0 52.0 0.0
104.0 54.0 0.0
104.0 56.0 0.0
104.0 58.0 0.0
104.0 60.0 0.0
104.0 62.0 0.0
104.0 64.0 0.0
104.0 66.0 0.002895891409350792
104.0 68.0 0.04146353634874829
104.0 70.0 0.07132823321878856
104.0 72.0 0.08598228600609342
104.0 74.0 0.05949828044924513
104.0 76.0 0.014985156893193236
104.0 78.0 0.001838489965838063
104.0 80.0 0.004595804958493102
104.0 82.0 0.036538546289948355
104.0 84.0 0.03497911794650302
104.0 86.0 0.022666690395434886
104.0 88.0 0.0059034241271773745
104.0 90.0 8.222853745332718E-4
104.0 92.0 0.014928378181724683
104.0 94.0 0.0210517518597601
104.0 96.0 0.01699341648136783
104.0 98.0 0.017283777629178838
104.0 100.0 0.036457487564377326
104.0 102.0 0.061138249799038695
104.0 104.0 0.11066555039594754
104.0 106.0 0.16514620890750262
104.0 108.0 0.18445149780220962
104.0 110.0 0.1795971775994302
104.0 112.0 0.19477762089669345
104.0 114.0 0.0
104.0 116.0 0.0
104.0 118.0 0.0
104.0 120.0 0.0
104.0 122.0 0.0
104.0 124.0 0.0
104.0 126.0 0.0
106.0 0.0 0.0
106.0 2.0 0.0
106.0 4.0 0.0
106.0 6.0 0.0
106.0 8.0 0.0
106.0 10.0 0.0
106.0 12.0 0.0
106.0 14.0 0.0
106.0 16.0 0.0
106.0 18.0 0.05863018580705148
106.0 20.0 0.0
106.0 22.0 0.0
106.0 24.0 0.0
106.0 26.0 0.0
106.0 28.0 0.0
106.0 30.0 0.0
106.0 32.0 0.0
106.0 34.0 0.019380226130068016
106.0 36.0 0.078446156272793
106.0 38.0 0.1504577950756803
106.0 40.0 0.19036455930453047
106.0 42.0 0.16443266714053578
106.0 44.0 0.0990936679101364
106.0 46.0 0.01998486174518633
106.0 48.0 0.0
106.0 50.0 0.0
106.0 52.0 0.0
106.0 54.0 0.0
106.0 56.0 0.0
106.0 58.0 0.0
106.0 60.0 0.0
106.0 62.0 0.0
106.0 64.0 0.0
106.0 66.0 0.0
106.0 68.0 0.012772052712864771
106.0 70.0 0.05478604350276569
106.0 72.0 0.07077814505783568
106.0 74.0 0.051332016898080146
106.0 76.0 0.005566539960487635
106.0 78.0 0.0
106.0 80.0 0.0
106.0 82.0 0.03411318574465042
106.0 84.0 0.04257809835635571
106.0 86.0 0.035748821324353475
106.0 88.0 0.035433829467654256
106.0 90.0 0.02050131408091375
106.0 92.0 0.04986476794505191
106.0 94.0 0.057428741280475176
106.0 96.0 0.06533232380740964
106.0 98.0 0.054843266624693965
106.0 100.0 0.06750609064935806
106.0 102.0 0.08549836406030346
106.0 104.0 0.13168855563155613
106.0 106.0 0.17113223529724356
106.0 108.0 0.19717533596488931
106.0 110.0 0.19718729061835313
106.0 112.0 0.0
106.0 114.0 0.0
106.0 116.0 0.0
106.0 118.0 0.0
106.0 120.0 0.0
106.0 122.0 0.0
106.0 124.0 0.0
106.0 126.0 0.0
108.0 0.0 0.0
108.0 2.0 0.0
108.0 4.0 0.0
108.0 6.0 0.0
108.0 8.0 0.0
108.0 10.0 0.0
108.0 12.0 0.0
108.0 14.0 0.0
108.0 16.0 0.0
108.0 18.0 0.0
108.0 20.0 0.02350820369267737
108.0 22.0 0.0
108.0 24.0 0.0
108.0 26.0 0.0
108.0 28.0 0.0
108.0 30.0 0.0
108.0 32.0 0.0
108.0 34.0 0.025819289038790248
108.0 36.0 0.11474796703019614
108.0 38.0 0.20402265962290125
108.0 40.0 0.24257179377948854
108.0 42.0 0.2039115780272944
108.0 44.0 0.12741223366359075
108.0 46.0 0.035245594193676996
108.0 48.0 0.0
108.0 50.0 0.0
108.0 52.0 0.0
108.0 54.0 0.0
108.0 56.0 0.0
108.0 58.0 0.0
108.0 60.0 0.0
108.0 62.0 0.0
108.0 64.0 0.0
108.0 66.0 0.0
108.0 68.0 0.0
108.0 70.0 0.03448037656863987
108.0 72.0 0.05783966274301513
108.0 74.0 0.05500725819646741
108.0 76.0 0.012565064567239782
108.0 78.0 0.0
108.0 80.0 0.0
108.0 82.0 0.028854182055355764
108.0 84.0 0.04692981441014566
108.0 86.0 0.04725049779064894
108.0 88.0 0.06179162549527654
108.0 90.0 0.057979296044487684
108.0 92.0 0.07695731275616798
108.0 94.0 0.09610200584672125
108.0 96.0 0.1148930031134003
108.0 98.0 0.07217879299488576
108.0 100.0 0.053321957735690706
108.0 102.0 0.05086469517615777
108.0 104.0 0.08507891806935126
108.0 106.0 0.1202012370319267
108.0 108.0 0.13865842476693566
108.0 110.0 0.0
108.0 112.0 0.0
108.0 114.0 0.0
108.0 116.0 0.0
108.0 118.0 0.0
108.0 120.0 0.0
108.0 122.0 0.0
108.0 124.0 0.0
108.0 126.0 0.0
110.0 0.0 0.0
110.0 2.0 0.0
110.0 4.0 0.0
110.0 6.0 0.0
110.0 8.0 0.0
110.0 10.0 0.0
110.0 12.0 0.0
110.0 14.0 0.0
110.0 16.0 0.0
110.0 18.0 0.0
110.0 20.0 0.0
110.0 22.0 0.010417254921178036
110.0 24.0 0.0
110.0 26.0 0.0
110.0 28.0 0.0
110.0 30.0 0.0
110.0 32.0 0.0
110.0 34.0 0.04267155137708825
110.0 36.0 0.2049463982389019
110.0 38.0 0.29595663520284093
110.0 40.0 0.2911944703012089
110.0 42.0 0.24558712158496843
110.0 44.0 0.15764904793162077
110.0 46.0 0.052145404111638906
110.0 48.0 0.0026062464768043035
110.0 50.0 0.0
110.0 52.0 0.0
110.0 54.0 0.0
110.0 56.0 0.0
110.0 58.0 0.0
110.0 60.0 0.0
110.0 62.0 0.0
110.0 64.0 0.0
110.0 66.0 0.0
110.0 68.0 0.0
110.0 70.0 0.022870543562117387
110.0 72.0 0.05222060917853972
110.0 74.0 0.0589460709282692
110.0 76.0 0.019003823031362634
110.0 78.0 0.0
110.0 80.0 0.0
110.0 82.0 0.017925610348282932
110.0 84.0 0.05596392318253893
110.0 86.0 0.0670610516067126
110.0 88.0 0.08293456446553253
110.0 90.0 0.08888001248267409
110.0 92.0 0.10330241478587678
110.0 94.0 0.1298264762127345
110.0 96.0 0.128371056206558
110.0 98.0 0.052318510631889394
110.0 100.0 0.00618831439960544
110.0 102.0 0.0
110.0 104.0 6.816486719828026E-4
110.0 106.0 0.0
110.0 108.0 0.0
110.0 110.0 0.0
110.0 112.0 0.0
110.0 114.0 0.0
110.0 116.0 0.0
110.0 118.0 0.0
110.0 120.0 0.0
110.0 122.0 0.0
110.0 124.0 0.0
110.0 126.0 0.0
112.0 0.0 0.0
112.0 2.0 0.0
112.0 4.0 0.0
112.0 6.0 0.0
112.0 8.0 0.0
112.0 10.0 0.0
112.0 12.0 0.0
112.0 14.0 0.0
112.0 16.0 0.0
112.0 18.0 0.0
112.0 20.0 0.0
112.0 22.0 0.0
112.0 24.0 0.0
112.0 26.0 0.0
112.0 28.0 0.0
112.0 30.0 0.0
112.0 32.0 0.0
112.0 34.0 0.08768764570973647
112.0 36.0 0.23754264438388698
112.0 38.0 0.32197210640774837
112.0 40.0 0.3296623862618651
112.0 42.0 0.29019369340658335
112.0 44.0 0.20058439537374237
112.0 46.0 0.08767985258681854
112.0 48.0 0.014015438286051849
112.0 50.0 0.0
112.0 52.0 0.0
112.0 54.0 0.0
112.0 56.0 0.0
112.0 58.0 0.0
112.0 60.0 0.0
112.0 62.0 0.0
112.0 64.0 0.0
112.0 66.0 0.0
112.0 68.0 0.0
112.0 70.0 0.004190947289797444
112.0 72.0 0.048736942909746526
112.0 74.0 0.060855330843165086
112.0 76.0 0.024452843661837576
112.0 78.0 0.0
112.0 80.0 0.0
112.0 82.0 0.013234677862079124
112.0 84.0 0.058672281268886246
112.0 86.0 0.07858754883399423
112.0 88.0 0.08532767136143499
112.0 90.0 0.10886109335373839
112.0 92.0 0.11065467945352564
112.0 94.0 0.1236533915861852
112.0 96.0 0.09139903076240484
112.0 98.0 5.651011194546812E-4
112.0 100.0 0.0
112.0 102.0 0.0
112.0 104.0 0.0
112.0 106.0 0.0
112.0 108.0 0.0
112.0 110.0 0.0
112.0 112.0 0.0
112.0 114.0 0.0
112.0 116.0 0.0
112.0 118.0 0.0
112.0 120.0 0.0
112.0 122.0 0.0
112.0 124.0 0.0
112.0 126.0 0.0
114.0 0.0 0.0
114.0 2.0 0.0
114.0 4.0 0.0
114.0 6.0 0.0
114.0 8.0 0.0
114.0 10.0 0.0
114.0 12.0 0.0
114.0 14.0 0.0
114.0 16.0 0.0
114.0 18.0 0.0
114.0 20.0 0.0
114.0 22.0 0.0
114.0 24.0 0.0
114.0 26.0 0.0
114.0 28.0 0.0
114.0 30.0 0.0
114.0 32.0 0.0358052691288524
114.0 34.0 0.15167908112203346
114.0 36.0 0.2801429242027818
114.0 38.0 0.3556311896473137
114.0 40.0 0.3555925729829012
114.0 42.0 0.3284538681889941
114.0 44.0 0.24418507744371154
114.0 46.0 0.12964539969406233
114.0 48.0 0.03230451332174935
114.0 50.0 0.0
114.0 52.0 0.0
114.0 54.0 0.0
114.0 56.0 0.0
114.0 58.0 0.0
114.0 60.0 0.0
114.0 62.0 0.0
114.0 64.0 0.0
114.0 66.0 0.0
114.0 68.0 0.0
114.0 70.0 0.0
114.0 72.0 0.024457351576243527
114.0 74.0 0.050546335208589095
114.0 76.0 0.03554619116695138
114.0 78.0 0.0014539156292018363
114.0 80.0 0.0
114.0 82.0 0.003257643016477428
114.0 84.0 0.06145534518022445
114.0 86.0 0.08699696451944545
114.0 88.0 0.09135973758366518
114.0 90.0 0.11019743346430878
114.0 92.0 0.09737341189843358
114.0 94.0 0.08300296364794944
114.0 96.0 0.02283790277523047
114.0 98.0 0.0
114.0 100.0 0.0
114.0 102.0 0.0
114.0 104.0 0.0
114.0 106.0 0.0
114.0 108.0 0.0
114.0 110.0 0.0
114.0 112.0 0.0
114.0 114.0 0.0
114.0 116.0 0.0
114.0 118.0 0.0
114.0 120.0 0.0
114.0 122.0 0.0
114.0 124.0 0.0
114.0 126.0 0.0
116.0 0.0 0.0
116.0 2.0 0.0
116.0 4.0 0.0
116.0 6.0 0.0
116.0 8.0 0.0
116.0 10.0 0.0
116.0 12.0 0.0
116.0 14.0 0.0
116.0 16.0 0.0
116.0 18.0 0.0
116.0 20.0 0.0
116.0 22.0 0.0
116.0 24.0 0.0
116.0 26.0 0.0
116.0 28.0 0.0
116.0 30.0 0.004203936271401033
116.0 32.0 0.07957186105874091
116.0 34.0 0.19057655278273566
116.0 36.0 0.3372414146047981
116.0 38.0 0.40488971967208726
116.0 40.0 0.3906752555506068
116.0 42.0 0.3681634607670947
116.0 44.0 0.28995077900103255
116.0 46.0 0.1767453411593566
116.0 48.0 0.05672663023677844
116.0 50.0 0.002953661141703409
116.0 52.0 0.0
116.0 54.0 0.0
116.0 56.0 0.0
116.0 58.0 0.0
116.0 60.0 0.0
116.0 62.0 0.0
116.0 64.0 0.0
116.0 66.0 0.0
116.0 68.0 0.0
116.0 70.0 0.0
116.0 72.0 5.815650101506142E-4
116.0 74.0 0.016642298707281417
116.0 76.0 0.03415950869110076
116.0 78.0 0.00942067391683601
116.0 80.0 0.0
116.0 82.0 0.002210756599486124
116.0 84.0 0.05931874524325434
116.0 86.0 0.0926437487060932
116.0 88.0 0.09527417201864996
116.0 90.0 0.10459024422340829
116.0 92.0 0.0740700925756005
116.0 94.0 0.026425908165072034
116.0 96.0 0.003497809773589377
116.0 98.0 0.0
116.0 100.0 0.0
116.0 102.0 0.0
116.0 104.0 0.0
116.0 106.0 0.0
116.0 108.0 0.0
116.0 110.0 0.0
116.0 112.0 0.0
116.0 114.0 0.0
116.0 116.0 0.0
116.0 118.0 0.0
116.0 120.0 0.0
116.0 122.0 0.0
116.0 124.0 0.0
116.0 126.0 0.0
118.0 0.0 0.0
118.0 2.0 0.0
118.0 4.0 0.0
118.0 6.0 0.0
118.0 8.0 0.0
118.0 10.0 0.0
118.0 12.0 0.0
118.0 14.0 0.0
118.0 16.0 0.0
118.0 18.0 0.0
118.0 20.0 0.0
118.0 22.0 0.0
118.0 24.0 0.0
118.0 26.0 0.0
118.0 28.0 0.0
118.0 30.0 0.0
118.0 32.0 0.04757269672515149
118.0 34.0 0.2168852777574343
118.0 36.0 0.3169194497033429
118.0 38.0 0.39600731366966535
118.0 40.0 0.4191692921845722
118.0 42.0 0.3751990533392376
118.0 44.0 0.32814113753169594
118.0 46.0 0.23474667646803207
118.0 48.0 0.10280185838813256
118.0 50.0 0.021003923135758874
118.0 52.0 0.0
118.0 54.0 0.0
118.0 56.0 0.0
118.0 58.0 0.0
118.0 60.0 0.0
118.0 62.0 0.0
118.0 64.0 0.0
118.0 66.0 0.0
118.0 68.0 0.0
118.0 70.0 0.0
118.0 72.0 0.0
118.0 74.0 0.0013172240666844786
118.0 76.0 0.015810054126163778
118.0 78.0 0.03124679004680082
118.0 80.0 0.003570778880266841
118.0 82.0 0.010049068251578827
118.0 84.0 0.05506055280909241
118.0 86.0 0.07967031601532303
118.0 88.0 0.08392913043889223
118.0 90.0 0.08593030413660424
118.0 92.0 0.0477923222753045
118.0 94.0 0.014483820225388758
118.0 96.0 0.0
118.0 98.0 0.0
118.0 100.0 0.0
118.0 102.0 0.0
118.0 104.0 0.0
118.0 106.0 0.0
118.0 108.0 0.0
118.0 110.0 0.0
118.0 112.0 0.0
118.0 114.0 0.0
118.0 116.0 0.0
118.0 118.0 0.0
118.0 120.0 0.0
118.0 122.0 0.0
118.0 124.0 0.0
118.0 126.0 0.0
120.0 0.0 0.0
120.0 2.0 0.0
120.0 4.0 0.0
120.0 6.0 0.0
120.0 8.0 0.0
120.0 10.0 0.0
120.0 12.0 0.0
120.0 14.0 0.0
120.0 16.0 0.0
120.0 18.0 0.0
120.0 20.0 0.0
120.0 22.0 0.0
120.0 24.0 0.0
120.0 26.0 0.0
120.0 28.0 0.0
120.0 30.0 0.0
120.0 32.0 0.0
120.0 34.0 0.0
120.0 36.0 0.21642197940594735
120.0 38.0 0.471843228702629
120.0 40.0 0.4546359053380297
120.0 42.0 0.4134163589811064
120.0 44.0 0.372332614410078
120.0 46.0 0.3035129577110418
120.0 48.0 0.17469673278443268
120.0 50.0 0.049930520188840664
120.0 52.0 0.0
120.0 54.0 0.0
120.0 56.0 0.0
120.0 58.0 0.0
120.0 60.0 0.0
120.0 62.0 0.0
120.0 64.0 0.0
120.0 66.0 0.0
120.0 68.0 0.0
120.0 70.0 0.0
120.0 72.0 0.0
120.0 74.0 0.0
120.0 76.0 0.002445472660692609
120.0 78.0 0.022969101717648797
120.0 80.0 0.028212554811602685
120.0 82.0 0.03188429576721258
120.0 84.0 0.04362093714410876
120.0 86.0 0.053711027012094216
120.0 88.0 0.04754520899998175
120.0 90.0 0.04587428410609312
120.0 92.0 0.024224077094239422
120.0 94.0 0.0
120.0 96.0 0.0
120.0 98.0 0.0
120.0 100.0 0.0
120.0 102.0 0.0
120.0 104.0 0.0
120.0 106.0 0.0
120.0 108.0 0.0
120.0 110.0 0.0
120.0 112.0 0.0
120.0 114.0 0.0
120.0 116.0 0.0
120.0 118.0 0.0
120.0 120.0 0.0
120.0 122.0 0.0
120.0 124.0 0.0
120.0 126.0 0.0
122.0 0.0 0.0
122.0 2.0 0.0
122.0 4.0 0.0
122.0 6.0 0.0
122.0 8.0 0.0
122.0 10.0 0.0
122.0 12.0 0.0
122.0 14.0 0.0
122.0 16.0 0.0
122.0 18.0 0.0
122.0 20.0 0.0
122.0 22.0 0.0
122.0 24.0 0.0
122.0 26.0 0.0
122.0 28.0 0.0
122.0 30.0 0.0
122.0 32.0 0.0
122.0 34.0 0.0
122.0 36.0 0.0
122.0 38.0 0.0
122.0 40.0 0.2828213673322925
122.0 42.0 0.3946064861462608
122.0 44.0 0.3750423228910895
122.0 46.0 0.32241032865555486
122.0 48.0 0.2318995388590812
122.0 50.0 0.10003989989687595
122.0 52.0 0.009623189891984433
122.0 54.0 0.0
122.0 56.0 0.0
122.0 58.0 0.0
122.0 60.0 0.0
122.0 62.0 0.0
122.0 64.0 0.0
122.0 66.0 0.0
122.0 68.0 0.0
122.0 70.0 0.0
122.0 72.0 0.0
122.0 74.0 0.0
122.0 76.0 0.0
122.0 78.0 0.011225600094499522
122.0 80.0 0.03220590410392219
122.0 82.0 0.03564214384833035
122.0 84.0 0.031977396064711214
122.0 86.0 0.02041121481915656
122.0 88.0 0.009251587939111823
122.0 90.0 0.0
122.0 92.0 0.0
122.0 94.0 0.0
122.0 96.0 0.0
122.0 98.0 0.0
122.0 100.0 0.0
122.0 102.0 0.0
122.0 104.0 0.0
122.0 106.0 0.0
122.0 108.0 0.0
122.0 110.0 0.0
122.0 112.0 0.0
122.0 114.0 0.0
122.0 116.0 0.0
122.0 118.0 0.0
122.0 120.0 0.0
122.0 122.0 0.0
122.0 124.0 0.0
122.0 126.0 0.0
124.0 0.0 0.0
124.0 2.0 0.0
124.0 4.0 0.0
124.0 6.0 0.0
124.0 8.0 0.0
124.0 10.0 0.0
124.0 12.0 0.0
124.0 14.0 0.0
124.0 16.0 0.0
124.0 18.0 0.0
124.0 20.0 0.0
124.0 22.0 0.0
124.0 24.0 0.0
124.0 26.0 0.0
124.0 28.0 0.0
124.0 30.0 0.0
124.0 32.0 0.0
124.0 34.0 0.0
124.0 36.0 0.0
124.0 38.0 0.0
124.0 40.0 0.0
124.0 42.0 0.0
124.0 44.0 0.0
124.0 46.0 0.18654813594966083
124.0 48.0 0.27139358269005376
124.0 50.0 0.2020032933906094
124.0 52.0 0.08212189927110619
124.0 54.0 0.0028945023502770337
124.0 56.0 0.0
124.0 58.0 0.0
124.0 60.0 0.0
124.0 62.0 0.0
124.0 64.0 0.0
124.0 66.0 0.0
124.0 68.0 0.0
124.0 70.0 0.0
124.0 72.0 0.0
124.0 74.0 0.0
124.0 76.0 0.0
124.0 78.0 0.0
124.0 80.0 0.022100612373932304
124.0 82.0 0.034166703183836786
124.0 84.0 0.0
124.0 86.0 0.0
124.0 88.0 0.0
124.0 90.0 0.0
124.0 92.0 0.0
124.0 94.0 0.0
124.0 96.0 0.0
124.0 98.0 0.0
124.0 100.0 0.0
124.0 102.0 0.0
124.0 104.0 0.0
124.0 106.0 0.0
124.0 108.0 0.0
124.0 110.0 0.0
124.0 112.0 0.0
124.0 114.0 0.0
124.0 116.0 0.0
124.0 118.0 0.0
124.0 120.0 0.0
124.0 122.0 0.0
124.0 124.0 0.0
124.0 126.0 0.0
126.0 0.0 0.0
126.0 2.0 0.0
126.0 4.0 0.0
126.0 6.0 0.0
126.0 8.0 0.0
126.0 10.0 0.0
126.0 12.0 0.0
126.0 14.0 0.0
126.0 16.0 0.0
126.0 18.0 0.0
126.0 20.0 0.0
126.0 22.0 0.0
126.0 24.0 0.0
126.0 26.0 0.0
126.0 28.0 0.0
126.0 30.0 0.0
126.0 32.0 0.0
126.0 34.0 0.0
126.0 36.0 0.0
126.0 38.0 0.0
126.0 40.0 0.0
126.0 42.0 0.0
126.0 44.0 0.0
126.0 46.0 0.0
126.0 48.0 0.0
126.0 50.0 0.0
126.0 52.0 0.0
126.0 54.0 0.021306448001824223
126.0 56.0 0.0
126.0 58.0 0.0
126.0 60.0 0.0
126.0 62.0 0.0
126.0 64.0 0.0
126.0 66.0 0.0
126.0 68.0 0.0
126.0 70.0 0.0
126.0 72.0 0.0
126.0 74.0 0.0
126.0 76.0 0.0
126.0 78.0 0.0
126.0 80.0 0.0
126.0 82.0 0.0
126.0 84.0 0.0
126.0 86.0 0.0
126.0 88.0 0.0
126.0 90.0 0.0
126.0 92.0 0.0
126.0 94.0 0.0
126.0 96.0 0.0
126.0 98.0 0.0
126.0 100.0 0.0
126.0 102.0 0.0
126.0 104.0 0.0
126.0 106.0 0.0
126.0 108.0 0.0
126.0 110.0 0.0
126.0 112.0 0.0
126.0 114.0 0.0
126.0 116.0 0.0
126.0 118.0 0.0
126.0 120.0 0.0
126.0 122.0 0.0
126.0 124.0 0.0
126.0 126.0 0.0
