0.0 0.0 0.0
0.0 2.0 0.0
0.0 4.0 0.0
0.0 6.0 0.0
0.0 8.0 0.0
0.0 10.0 0.0
0.0 12.0 0.0
0.0 14.0 0.0
0.0 16.0 0.0
0.0 18.0 0.0
0.0 20.0 0.0
0.0 22.0 0.0
0.0 24.0 0.0
0.0 26.0 0.0
0.0 28.0 0.0
0.0 30.0 0.0
0.0 32.0 0.0
0.0 34.0 0.0
0.0 36.0 0.0
0.0 38.0 0.0
0.0 40.0 0.0
0.0 42.0 0.0
0.0 44.0 0.0
0.0 46.0 0.0
0.0 48.0 0.0
0.0 50.0 0.0
0.0 52.0 0.0
0.0 54.0 0.0
0.0 56.0 0.0
0.0 58.0 0.0
0.0 60.0 0.0
0.0 62.0 0.0
0.0 64.0 0.0
0.0 66.0 0.0
0.0 68.0 0.0
0.0 70.0 0.0
0.0 72.0 0.0
0.0 74.0 0.0
0.0 76.0 0.0
0.0 78.0 0.0
0.0 80.0 0.0
0.0 82.0 0.0
0.0 84.0 0.0
0.0 86.0 0.0
0.0 88.0 0.0
0.0 90.0 0.0
0.0 92.0 0.0
0.0 94.0 0.0
0.0 96.0 0.0
0.0 98.0 0.0
0.0 100.0 0.0
0.0 102.0 0.0
0.0 104.0 0.0
0.0 106.0 0.0
0.0 108.0 0.0
0.0 110.0 0.0
0.0 112.0 0.0
0.0 114.0 0.0
0.0 116.0 0.0
0.0 118.0 0.0
0.0 120.0 0.0
0.0 122.0 0.0
0.0 124.0 0.0
0.0 126.0 0.0
2.0 0.0 0.0
2.0 2.0 0.0
2.0 4.0 0.0
2.0 6.0 0.0
2.0 8.0 0.0
2.0 10.0 0.0
2.0 12.0 0.0
2.0 14.0 0.0
2.0 16.0 0.0
2.0 18.0 0.0
2.0 20.0 0.0
2.0 22.0 0.0
2.0 24.0 0.0
2.0 26.0 0.0
2.0 28.0 0.0
2.0 30.0 0.0
2.0 32.0 0.0
2.0 34.0 0.0
2.0 36.0 0.0
2.0 38.0 0.0
2.0 40.0 0.0
2.0 42.0 0.0
2.0 44.0 0.0
2.0 46.0 0.0
2.0 48.0 0.0
2.0 50.0 9.830554697433346E-5
2.0 52.0 0.029051164512343835
2.0 54.0 0.08956024815580994
2.0 56.0 0.13121158560067475
2.0 58.0 0.13678503546020984
2.0 60.0 0.09625022036762192
2.0 62.0 0.02671850296246212
2.0 64.0 0.0
2.0 66.0 0.0
2.0 68.0 0.0
2.0 70.0 0.0
2.0 72.0 0.0
2.0 74.0 0.0
2.0 76.0 0.0
2.0 78.0 0.0
2.0 80.0 0.0
2.0 82.0 0.0
2.0 84.0 0.0
2.0 86.0 0.0
2.0 88.0 0.0
2.0 90.0 0.0
2.0 92.0 0.0
2.0 94.0 0.0
2.0 96.0 0.0
2.0 98.0 0.0
2.0 100.0 0.0
2.0 102.0 0.0
2.0 104.0 0.0
2.0 106.0 0.0
2.0 108.0 0.0
2.0 110.0 0.0
2.0 112.0 0.0
2.0 114.0 0.0
2.0 116.0 0.0
2.0 118.0 0.0
2.0 120.0 0.0
2.0 122.0 0.0
2.0 124.0 0.0
2.0 126.0 0.0
4.0 0.0 0.0
4.0 2.0 0.0
4.0 4.0 0.0
4.0 6.0 0.0
4.0 8.0 0.0
4.0 10.0 0.0
4.0 12.0 0.0
4.0 14.0 0.0
4.0 16.0 0.0
4.0 18.0 0.0
4.0 20.0 0.0
4.0 22.0 0.0
4.0 24.0 0.0
4.0 26.0 0.0
4.0 28.0 0.0
4.0 30.0 0.0
4.0 32.0 0.0
4.0 34.0 0.0
4.0 36.0 0.0
4.0 38.0 0.0
4.0 40.0 0.0
4.0 42.0 0.0
4.0 44.0 0.0
4.0 46.0 0.0
4.0 48.0 0.00876301848330791
4.0 50.0 0.04659149098373123
4.0 52.0 0.08473005788918296
4.0 54.0 0.09139469685297119
4.0 56.0 0.08679787664113386
4.0 58.0 0.05564531866639353
4.0 60.0 0.010738374435925622
4.0 62.0 0.0
4.0 64.0 0.0
4.0 66.0 0.0
4.0 68.0 0.0
4.0 70.0 0.0
4.0 72.0 0.0
4.0 74.0 0.0
4.0 76.0 0.0
4.0 78.0 0.0
4.0 80.0 8.819696866933453E-4
4.0 82.0 0.0490724618112574
4.0 84.0 0.10359563605802209
4.0 86.0 0.0
4.0 88.0 0.0
4.0 90.0 0.0
4.0 92.0 0.0
4.0 94.0 0.0
4.0 96.0 0.0
4.0 98.0 0.0
4.0 100.0 0.0
4.0 102.0 0.0
4.0 104.0 0.0
4.0 106.0 0.0
4.0 108.0 0.0
4.0 110.0 0.0
4.0 112.0 0.0
4.0 114.0 0.0
4.0 116.0 0.0
4.0 118.0 0.0
4.0 120.0 0.0
4.0 122.0 0.0
4.0 124.0 0.0
4.0 126.0 0.0
6.0 0.0 0.0
6.0 2.0 0.0
6.0 4.0 0.0
6.0 6.0 0.0
6.0 8.0 0.0
6.0 10.0 0.0
6.0 12.0 0.0
6.0 14.0 0.0
6.0 16.0 0.0
6.0 18.0 0.0
6.0 20.0 0.0
6.0 22.0 0.0
6.0 24.0 0.0
6.0 26.0 0.0
6.0 28.0 0.0
6.0 30.0 0.0
6.0 32.0 0.0
6.0 34.0 0.0
6.0 36.0 0.0
6.0 38.0 0.03843687102000525
6.0 40.0 0.0
6.0 42.0 0.0
6.0 44.0 0.0
6.0 46.0 0.0
6.0 48.0 0.009449905389229296
6.0 50.0 0.039167409259413116
6.0 52.0 0.07084810025780729
6.0 54.0 0.06648812679829207
6.0 56.0 0.0606434553271013
6.0 58.0 0.025031082213136314
6.0 60.0 0.0017501620033064354
6.0 62.0 0.0
6.0 64.0 0.0
6.0 66.0 0.0
6.0 68.0 0.0
6.0 70.0 0.0
6.0 72.0 0.0
6.0 74.0 0.0
6.0 76.0 0.0
6.0 78.0 0.0
6.0 80.0 8.026500867594815E-4
6.0 82.0 0.053626559347666934
6.0 84.0 0.12201129469289929
6.0 86.0 0.19480601885192791
6.0 88.0 0.2794248282668153
6.0 90.0 0.3373043160684872
6.0 92.0 0.0
6.0 94.0 0.0
6.0 96.0 0.0
6.0 98.0 0.0
6.0 100.0 0.0
6.0 102.0 0.0
6.0 104.0 0.0
6.0 106.0 0.0
6.0 108.0 0.0
6.0 110.0 0.0
6.0 112.0 0.0
6.0 114.0 0.0
6.0 116.0 0.0
6.0 118.0 0.0
6.0 120.0 0.0
6.0 122.0 0.0
6.0 124.0 0.0
6.0 126.0 0.0
8.0 0.0 0.0
8.0 2.0 0.0
8.0 4.0 0.0
8.0 6.0 0.0
8.0 8.0 0.0
8.0 10.0 0.0
8.0 12.0 0.0
8.0 14.0 0.0
8.0 16.0 0.0
8.0 18.0 0.0
8.0 20.0 0.0
8.0 22.0 0.0
8.0 24.0 0.0
8.0 26.0 0.0
8.0 28.0 0.0
8.0 30.0 0.0
8.0 32.0 0.0
8.0 34.0 0.048156628476635766
8.0 36.0 0.0
8.0 38.0 0.0
8.0 40.0 0.0
8.0 42.0 0.0
8.0 44.0 0.0
8.0 46.0 0.0
8.0 48.0 0.0023080523815779126
8.0 50.0 0.025612733094942327
8.0 52.0 0.05111014494277657
8.0 54.0 0.049968981698895694
8.0 56.0 0.039701285368687216
8.0 58.0 0.018461499605460775
8.0 60.0 3.6108728991435137E-6
8.0 62.0 0.0
8.0 64.0 0.0
8.0 66.0 0.0
8.0 68.0 0.0020779455817053513
8.0 70.0 0.00311241849146162
8.0 72.0 0.0
8.0 74.0 0.0
8.0 76.0 0.0
8.0 78.0 0.0
8.0 80.0 0.0015220148561380144
8.0 82.0 0.06059228069450093
8.0 84.0 0.13865143545896505
8.0 86.0 0.2097282004660946
8.0 88.0 0.2986098644250217
8.0 90.0 0.36603474301797384
8.0 92.0 0.3091857780006777
8.0 94.0 0.20464915780573656
8.0 96.0 0.0
8.0 98.0 0.0
8.0 100.0 0.0
8.0 102.0 0.0
8.0 104.0 0.0
8.0 106.0 0.0
8.0 108.0 0.0
8.0 110.0 0.0
8.0 112.0 0.0
8.0 114.0 0.0
8.0 116.0 0.0
8.0 118.0 0.0
8.0 120.0 0.0
8.0 122.0 0.0
8.0 124.0 0.0
8.0 126.0 0.0
10.0 0.0 0.0
10.0 2.0 0.0
10.0 4.0 0.0
10.0 6.0 0.0
10.0 8.0 0.0
10.0 10.0 0.0
10.0 12.0 0.0
10.0 14.0 0.0
10.0 16.0 0.0
10.0 18.0 0.0
10.0 20.0 0.0
10.0 22.0 0.0
10.0 24.0 0.0
10.0 26.0 0.0
10.0 28.0 0.0
10.0 30.0 0.008238204657763442
10.0 32.0 0.0
10.0 34.0 0.0
10.0 36.0 0.0
10.0 38.0 0.0
10.0 40.0 0.0
10.0 42.0 0.0
10.0 44.0 0.0
10.0 46.0 0.0
10.0 48.0 4.34481432030513E-4
10.0 50.0 0.014569653325417825
10.0 52.0 0.021355441628616353
10.0 54.0 0.029511082965752597
10.0 56.0 0.026615698236627638
10.0 58.0 0.013482808827424494
10.0 60.0 0.0
10.0 62.0 0.0
10.0 64.0 0.0
10.0 66.0 0.005828258879603416
10.0 68.0 0.011266211047326504
10.0 70.0 0.011159037885725023
10.0 72.0 0.0
10.0 74.0 0.0
10.0 76.0 0.0
10.0 78.0 0.0
10.0 80.0 0.009512046860641785
10.0 82.0 0.08094950791922025
10.0 84.0 0.1572180478913308
10.0 86.0 0.22898962675737677
10.0 88.0 0.3207653512497811
10.0 90.0 0.37326140513393424
10.0 92.0 0.32216657355571104
10.0 94.0 0.22041800451432633
10.0 96.0 0.07507050346114909
10.0 98.0 0.0
10.0 100.0 0.0
10.0 102.0 0.0
10.0 104.0 0.0
10.0 106.0 0.0
10.0 108.0 0.0
10.0 110.0 0.0
10.0 112.0 0.0
10.0 114.0 0.0
10.0 116.0 0.0
10.0 118.0 0.0
10.0 120.0 0.0
10.0 122.0 0.0
10.0 124.0 0.0
10.0 126.0 0.0
12.0 0.0 0.0
12.0 2.0 0.0
12.0 4.0 0.0
12.0 6.0 0.0
12.0 8.0 0.0
12.0 10.0 0.0
12.0 12.0 0.0
12.0 14.0 0.0
12.0 16.0 0.0
12.0 18.0 0.0
12.0 20.0 0.0
12.0 22.0 0.0
12.0 24.0 0.0
12.0 26.0 0.0
12.0 28.0 0.0
12.0 30.0 0.0
12.0 32.0 0.0
12.0 34.0 0.0
12.0 36.0 0.0
12.0 38.0 0.0
12.0 40.0 0.0
12.0 42.0 0.0
12.0 44.0 0.0
12.0 46.0 0.0
12.0 48.0 0.0
12.0 50.0 0.004221194418436008
12.0 52.0 0.00867423226231733
12.0 54.0 0.0163248391486475
12.0 56.0 0.017754682392505973
12.0 58.0 0.008881103434623299
12.0 60.0 0.0
12.0 62.0 0.0
12.0 64.0 0.0
12.0 66.0 0.007106788720137131
12.0 68.0 0.02032374078264127
12.0 70.0 0.020112252069295625
12.0 72.0 5.724465633857573E-4
12.0 74.0 0.0
12.0 76.0 0.0
12.0 78.0 0.0
12.0 80.0 0.023814570910946062
12.0 82.0 0.10029181779771097
12.0 84.0 0.1711895048991713
12.0 86.0 0.2608438294706016
12.0 88.0 0.31709971062922265
12.0 90.0 0.3990767121716577
12.0 92.0 0.3414082093601875
12.0 94.0 0.23436540975447792
12.0 96.0 0.07195072306258057
12.0 98.0 0.0
12.0 100.0 0.0
12.0 102.0 0.0
12.0 104.0 0.0
12.0 106.0 0.0
12.0 108.0 0.0
12.0 110.0 0.0
12.0 112.0 0.0
12.0 114.0 0.0
12.0 116.0 0.0
12.0 118.0 0.0
12.0 120.0 0.0
12.0 122.0 0.0
12.0 124.0 0.0
12.0 126.0 0.0
14.0 0.0 0.0
14.0 2.0 0.0
14.0 4.0 0.0
14.0 6.0 0.0
14.0 8.0 0.0
14.0 10.0 0.0
14.0 12.0 0.0
14.0 14.0 0.0
14.0 16.0 0.0
14.0 18.0 0.0
14.0 20.0 0.0
14.0 22.0 0.0
14.0 24.0 0.0
14.0 26.0 0.0
14.0 28.0 0.0
14.0 30.0 0.0
14.0 32.0 0.0
14.0 34.0 0.0
14.0 36.0 0.0
14.0 38.0 0.0
14.0 40.0 0.0
14.0 42.0 0.0
14.0 44.0 0.0
14.0 46.0 0.0
14.0 48.0 0.0
14.0 50.0 0.0
14.0 52.0 0.0016923563266048206
14.0 54.0 0.00865240848037793
14.0 56.0 0.01348450969868919
14.0 58.0 0.008180358232891732
14.0 60.0 0.0
14.0 62.0 0.0
14.0 64.0 0.0
14.0 66.0 0.005791671998897702
14.0 68.0 0.02269222166135665
14.0 70.0 0.02585018717021173
14.0 72.0 0.009855116051973319
14.0 74.0 0.007737832189692969
14.0 76.0 0.0021899862972120324
14.0 78.0 0.026511858946338746
14.0 80.0 0.07968520310762851
14.0 82.0 0.13457004609518017
14.0 84.0 0.20187230517741309
14.0 86.0 0.2890827172621316
14.0 88.0 0.34144132075125916
14.0 90.0 0.41559637573621955
14.0 92.0 0.3583237930663088
14.0 94.0 0.24675110472074838
14.0 96.0 0.06944388238121828
14.0 98.0 0.0
14.0 100.0 0.0
14.0 102.0 0.0
14.0 104.0 0.0
14.0 106.0 0.0
14.0 108.0 0.0
14.0 110.0 0.0
14.0 112.0 0.0
14.0 114.0 0.0
14.0 116.0 0.0
14.0 118.0 0.0
14.0 120.0 0.0
14.0 122.0 0.0
14.0 124.0 0.0
14.0 126.0 0.0
16.0 0.0 0.0
16.0 2.0 0.0
16.0 4.0 0.0
16.0 6.0 0.0
16.0 8.0 0.0
16.0 10.0 0.0
16.0 12.0 0.0
16.0 14.0 0.0
16.0 16.0 0.0
16.0 18.0 0.0
16.0 20.0 0.0
16.0 22.0 0.0
16.0 24.0 0.0
16.0 26.0 0.0
16.0 28.0 0.0
16.0 30.0 0.0
16.0 32.0 0.0
16.0 34.0 0.0
16.0 36.0 0.0
16.0 38.0 0.0
16.0 40.0 0.0
16.0 42.0 0.0
16.0 44.0 0.0
16.0 46.0 0.0
16.0 48.0 0.0
16.0 50.0 0.0
16.0 52.0 4.173427055095725E-4
16.0 54.0 0.012944126797173749
16.0 56.0 0.018048467224602353
16.0 58.0 0.011557359502233107
16.0 60.0 0.0
16.0 62.0 0.0
16.0 64.0 0.0
16.0 66.0 0.0010667754214349818
16.0 68.0 0.015968449178214803
16.0 70.0 0.02791224650136039
16.0 72.0 0.02009520329103522
16.0 74.0 0.02503761708848822
16.0 76.0 0.05338556045656867
16.0 78.0 0.09002966505147975
16.0 80.0 0.14557336815225666
16.0 82.0 0.19721599522198097
16.0 84.0 0.2385472412005729
16.0 86.0 0.3116341439862974
16.0 88.0 0.38945185119818504
16.0 90.0 0.3888703391241317
16.0 92.0 0.33773972667328495
16.0 94.0 0.23575869083718262
16.0 96.0 0.08529671452569
16.0 98.0 0.0
16.0 100.0 0.0
16.0 102.0 0.0
16.0 104.0 0.0
16.0 106.0 0.0
16.0 108.0 0.0
16.0 110.0 0.0
16.0 112.0 0.0
16.0 114.0 0.0
16.0 116.0 0.0
16.0 118.0 0.0
16.0 120.0 0.0
16.0 122.0 0.0
16.0 124.0 0.0
16.0 126.0 0.0
18.0 0.0 0.0
18.0 2.0 0.0
18.0 4.0 0.0
18.0 6.0 0.0
18.0 8.0 0.0
18.0 10.0 0.0
18.0 12.0 0.0
18.0 14.0 0.0
18.0 16.0 0.0
18.0 18.0 0.0
18.0 20.0 0.0
18.0 22.0 0.0
18.0 24.0 0.0
18.0 26.0 0.0
18.0 28.0 0.0
18.0 30.0 0.0
18.0 32.0 0.0
18.0 34.0 0.0
18.0 36.0 0.0
18.0 38.0 0.0
18.0 40.0 0.0
18.0 42.0 0.0
18.0 44.0 0.0
18.0 46.0 0.0
18.0 48.0 0.0
18.0 50.0 0.0
18.0 52.0 1.8329861995179157E-4
18.0 54.0 0.02956926531427295
18.0 56.0 0.028481904186201657
18.0 58.0 0.012891787961960706
18.0 60.0 0.0
18.0 62.0 0.0
18.0 64.0 0.0
18.0 66.0 0.0
18.0 68.0 0.003282104138503213
18.0 70.0 0.015944960262975528
18.0 72.0 0.02155357292134377
18.0 74.0 0.0543456006148531
18.0 76.0 0.09877826166332797
18.0 78.0 0.14255231760652307
18.0 80.0 0.20028129082353463
18.0 82.0 0.2551664215464698
18.0 84.0 0.29760605813608926
18.0 86.0 0.33254284353107755
18.0 88.0 0.42691175163393774
18.0 90.0 0.42803239199071114
18.0 92.0 0.3680832465798826
18.0 94.0 0.253660882326564
18.0 96.0 0.06875066781425315
18.0 98.0 0.0
18.0 100.0 0.0
18.0 102.0 0.0
18.0 104.0 0.0
18.0 106.0 0.0
18.0 108.0 0.0
18.0 110.0 0.0
18.0 112.0 0.0
18.0 114.0 0.0
18.0 116.0 0.0
18.0 118.0 0.0
18.0 120.0 0.0
18.0 122.0 0.0
18.0 124.0 0.0
18.0 126.0 0.0
20.0 0.0 0.0
20.0 2.0 0.0
20.0 4.0 0.0
20.0 6.0 0.0
20.0 8.0 0.0
20.0 10.0 0.0
20.0 12.0 0.0
20.0 14.0 0.0
20.0 16.0 0.0
20.0 18.0 0.0
20.0 20.0 0.0
20.0 22.0 0.0
20.0 24.0 0.0
20.0 26.0 0.0
20.0 28.0 0.0
20.0 30.0 0.0
20.0 32.0 0.0
20.0 34.0 0.0
20.0 36.0 0.0
20.0 38.0 0.0
20.0 40.0 0.0
20.0 42.0 5.965588043984885E-4
20.0 44.0 0.022163192562687464
20.0 46.0 0.03564825112134347
20.0 48.0 0.014024167977654317
20.0 50.0 0.007580902143697284
20.0 52.0 0.02006351169098745
20.0 54.0 0.05582022324964445
20.0 56.0 0.031592405399667324
20.0 58.0 0.004586390084251912
20.0 60.0 0.0
20.0 62.0 0.0
20.0 64.0 0.0
20.0 66.0 0.0
20.0 68.0 0.0
20.0 70.0 0.0
20.0 72.0 0.0028543556206098533
20.0 74.0 0.040209095871808105
20.0 76.0 0.09891200659324821
20.0 78.0 0.17080305929041442
20.0 80.0 0.23474232437175793
20.0 82.0 0.2923901022177965
20.0 84.0 0.3381412108798085
20.0 86.0 0.3706560397232152
20.0 88.0 0.44963164395625127
20.0 90.0 0.45609339955682177
20.0 92.0 0.3910825484464422
20.0 94.0 0.26316509100404856
20.0 96.0 0.058694513111073605
20.0 98.0 0.0
20.0 100.0 0.0
20.0 102.0 0.0
20.0 104.0 0.0
20.0 106.0 0.0
20.0 108.0 0.0
20.0 110.0 0.0
20.0 112.0 0.0
20.0 114.0 0.0
20.0 116.0 0.0
20.0 118.0 0.0
20.0 120.0 0.0
20.0 122.0 0.0
20.0 124.0 0.0
20.0 126.0 0.0
22.0 0.0 0.0
22.0 2.0 0.0
22.0 4.0 0.0
22.0 6.0 0.0
22.0 8.0 0.0
22.0 10.0 0.0
22.0 12.0 0.0
22.0 14.0 0.0
22.0 16.0 0.0
22.0 18.0 0.0
22.0 20.0 0.0
22.0 22.0 0.0
22.0 24.0 0.0
22.0 26.0 0.0
22.0 28.0 0.0
22.0 30.0 0.0
22.0 32.0 0.0
22.0 34.0 0.0
22.0 36.0 0.0
22.0 38.0 0.005831309680655365
22.0 40.0 0.05415146698850698
22.0 42.0 0.08622314569716784
22.0 44.0 0.11338219340828513
22.0 46.0 0.13264017806487396
22.0 48.0 0.13524790346295418
22.0 50.0 0.11005749767354939
22.0 52.0 0.0722209897016253
22.0 54.0 0.08882696457320854
22.0 56.0 0.02508330518721907
22.0 58.0 0.0
22.0 60.0 0.0
22.0 62.0 0.0
22.0 64.0 0.0
22.0 66.0 0.0
22.0 68.0 0.0
22.0 70.0 0.0
22.0 72.0 0.0
22.0 74.0 0.004591430824364446
22.0 76.0 0.07838823422451509
22.0 78.0 0.159761843081779
22.0 80.0 0.23660576790024637
22.0 82.0 0.30745505917624855
22.0 84.0 0.3584971594812791
22.0 86.0 0.3874225925782213
22.0 88.0 0.45271135678692326
22.0 90.0 0.4778071091973341
22.0 92.0 0.41397111195002084
22.0 94.0 0.2554012546157746
22.0 96.0 0.04390793111744179
22.0 98.0 0.0
22.0 100.0 0.0
22.0 102.0 0.0
22.0 104.0 0.0
22.0 106.0 0.0
22.0 108.0 0.0
22.0 110.0 0.0
22.0 112.0 0.0
22.0 114.0 0.0
22.0 116.0 0.0
22.0 118.0 0.0
22.0 120.0 0.0
22.0 122.0 0.0
22.0 124.0 0.0
22.0 126.0 0.0
24.0 0.0 0.0
24.0 2.0 0.0
24.0 4.0 0.0
24.0 6.0 0.0
24.0 8.0 0.0
24.0 10.0 0.0
24.0 12.0 0.0
24.0 14.0 0.0
24.0 16.0 0.0
24.0 18.0 0.030585578705072683
24.0 20.0 0.019521881808172686
24.0 22.0 0.0
24.0 24.0 0.0
24.0 26.0 0.0
24.0 28.0 0.0
24.0 30.0 0.0
24.0 32.0 0.0
24.0 34.0 0.0
24.0 36.0 0.004406831941995035
24.0 38.0 0.08782355144549464
24.0 40.0 0.14399947434871335
24.0 42.0 0.19793758702846234
24.0 44.0 0.2434584694260146
24.0 46.0 0.2646259582426295
24.0 48.0 0.267907651344067
24.0 50.0 0.2532885799990461
24.0 52.0 0.1810995278039554
24.0 54.0 0.12166752842684196
24.0 56.0 0.016127970260194885
24.0 58.0 0.0
24.0 60.0 0.0
24.0 62.0 0.0
24.0 64.0 0.0
24.0 66.0 0.0
24.0 68.0 0.0
24.0 70.0 0.0
24.0 72.0 0.0
24.0 74.0 0.0
24.0 76.0 0.016214623197036513
24.0 78.0 0.1386583874722748
24.0 80.0 0.23380113609257777
24.0 82.0 0.3118627517433299
24.0 84.0 0.368249919640863
24.0 86.0 0.4007304979456259
24.0 88.0 0.4124873916592373
24.0 90.0 0.44805707300498215
24.0 92.0 0.39730026424413745
24.0 94.0 0.23546053291569394
24.0 96.0 0.02738474614206099
24.0 98.0 0.0
24.0 100.0 0.0
24.0 102.0 0.0
24.0 104.0 0.0
24.0 106.0 0.0
24.0 108.0 0.0
24.0 110.0 0.0
24.0 112.0 0.0
24.0 114.0 0.0
24.0 116.0 0.0
24.0 118.0 0.0
24.0 120.0 0.0
24.0 122.0 0.0
24.0 124.0 0.0
24.0 126.0 0.0
26.0 0.0 0.0
26.0 2.0 0.0
26.0 4.0 0.0
26.0 6.0 0.0
26.0 8.0 0.0
26.0 10.0 0.0
26.0 12.0 0.0
26.0 14.0 0.004133377750944898
26.0 16.0 0.1268362761891002
26.0 18.0 0.1372667016633052
26.0 20.0 0.06451893082171521
26.0 22.0 0.0
26.0 24.0 0.0
26.0 26.0 0.0
26.0 28.0 0.0
26.0 30.0 0.0
26.0 32.0 0.0
26.0 34.0 0.0
26.0 36.0 0.04229956063027424
26.0 38.0 0.16868702641882646
26.0 40.0 0.24433050415266178
26.0 42.0 0.3041606416596098
26.0 44.0 0.35031055036361347
26.0 46.0 0.37264791427988414
26.0 48.0 0.37426903899082475
26.0 50.0 0.37823615133919314
26.0 52.0 0.2770776058660199
26.0 54.0 0.14740500557135458
26.0 56.0 0.009152852585678007
26.0 58.0 0.0
26.0 60.0 0.0
26.0 62.0 0.0
26.0 64.0 0.0
26.0 66.0 0.0
26.0 68.0 0.0
26.0 70.0 0.0
26.0 72.0 0.0
26.0 74.0 0.0
26.0 76.0 0.0
26.0 78.0 0.08414349154849594
26.0 80.0 0.19995877871300252
26.0 82.0 0.2674836375867211
26.0 84.0 0.3141863512913384
26.0 86.0 0.3490617976198153
26.0 88.0 0.3993916871200984
26.0 90.0 0.4392137872929882
26.0 92.0 0.37010849861080725
26.0 94.0 0.20168105487583346
26.0 96.0 0.008732077700805871
26.0 98.0 0.0
26.0 100.0 0.0
26.0 102.0 0.0
26.0 104.0 0.0
26.0 106.0 0.0
26.0 108.0 0.0
26.0 110.0 0.0
26.0 112.0 0.0
26.0 114.0 0.0
26.0 116.0 0.0
26.0 118.0 0.0
26.0 120.0 0.0
26.0 122.0 0.0
26.0 124.0 0.0
26.0 126.0 0.0
28.0 0.0 0.0
28.0 2.0 0.0
28.0 4.0 0.0
28.0 6.0 0.0
28.0 8.0 0.0
28.0 10.0 0.0
28.0 12.0 0.1520202981316676
28.0 14.0 0.2933889300826088
28.0 16.0 0.2814761627521701
28.0 18.0 0.19670920974001802
28.0 20.0 0.04371617247016648
28.0 22.0 0.0
28.0 24.0 0.0
28.0 26.0 0.0
28.0 28.0 0.0
28.0 30.0 0.0
28.0 32.0 0.0
28.0 34.0 0.0
28.0 36.0 0.1146242407877745
28.0 38.0 0.2400756977539267
28.0 40.0 0.3272875768209931
28.0 42.0 0.3760440487052403
28.0 44.0 0.4159290750125512
28.0 46.0 0.4331825147344064
28.0 48.0 0.4227696649976323
28.0 50.0 0.4694845547969302
28.0 52.0 0.3496581525378512
28.0 54.0 0.1559523151501638
28.0 56.0 0.00225351639536304
28.0 58.0 0.0
28.0 60.0 0.0
28.0 62.0 0.0
28.0 64.0 0.0
28.0 66.0 0.0
28.0 68.0 0.0
28.0 70.0 0.0
28.0 72.0 0.0
28.0 74.0 0.0
28.0 76.0 0.0
28.0 78.0 0.020982734208386856
28.0 80.0 0.15585178488551416
28.0 82.0 0.23700818281618727
28.0 84.0 0.2874803139137339
28.0 86.0 0.32240218857161934
28.0 88.0 0.3543700607457694
28.0 90.0 0.3993138795006
28.0 92.0 0.3243907600396267
28.0 94.0 0.17981650292496978
28.0 96.0 0.005176009972700127
28.0 98.0 0.0
28.0 100.0 0.0
28.0 102.0 0.0
28.0 104.0 0.0
28.0 106.0 0.0
28.0 108.0 0.0
28.0 110.0 0.0
28.0 112.0 0.0
28.0 114.0 0.0
28.0 116.0 0.0
28.0 118.0 0.0
28.0 120.0 0.0
28.0 122.0 0.0
28.0 124.0 0.0
28.0 126.0 0.0
30.0 0.0 0.0
30.0 2.0 0.0
30.0 4.0 0.0
30.0 6.0 0.0
30.0 8.0 0.0
30.0 10.0 0.2621686298567394
30.0 12.0 0.36395593706689694
30.0 14.0 0.3442015496561904
30.0 16.0 0.2972421231256123
30.0 18.0 0.12601787050263533
30.0 20.0 0.004811018884533295
30.0 22.0 0.0
30.0 24.0 0.0
30.0 26.0 0.0
30.0 28.0 0.0
30.0 30.0 0.0
30.0 32.0 0.0
30.0 34.0 0.021761520855714183
30.0 36.0 0.19392827569830173
30.0 38.0 0.3300082419748877
30.0 40.0 0.3955906983212254
30.0 42.0 0.45003016919180067
30.0 44.0 0.479867647773472
30.0 46.0 0.4907875797174346
30.0 48.0 0.5270792973879233
30.0 50.0 0.5544520973456667
30.0 52.0 0.40990548758958334
30.0 54.0 0.15143674160339243
30.0 56.0 0.0
30.0 58.0 0.0
30.0 60.0 0.0
30.0 62.0 0.0
30.0 64.0 0.0
30.0 66.0 0.0
30.0 68.0 0.0
30.0 70.0 0.0
30.0 72.0 0.0
30.0 74.0 0.0
30.0 76.0 0.0
30.0 78.0 0.001807257144070597
30.0 80.0 0.10435247406185648
30.0 82.0 0.20114689990499468
30.0 84.0 0.25241258068537337
30.0 86.0 0.2887324346468972
30.0 88.0 0.3076868090321621
30.0 90.0 0.3445409102041805
30.0 92.0 0.2734707387557578
30.0 94.0 0.15013143728390688
30.0 96.0 0.010484402923773145
30.0 98.0 0.0
30.0 100.0 0.0
30.0 102.0 0.0
30.0 104.0 0.0
30.0 106.0 0.0
30.0 108.0 0.0
30.0 110.0 0.0
30.0 112.0 0.0
30.0 114.0 0.0
30.0 116.0 0.0
30.0 118.0 0.0
30.0 120.0 0.0
30.0 122.0 0.0
30.0 124.0 0.0
30.0 126.0 0.0
32.0 0.0 0.0
32.0 2.0 0.0
32.0 4.0 0.0
32.0 6.0 0.0
32.0 8.0 0.0
32.0 10.0 0.3219835851509156
32.0 12.0 0.3824729063233034
32.0 14.0 0.33046616809177104
32.0 16.0 0.2251392974194094
32.0 18.0 0.05599963797820321
32.0 20.0 0.0
32.0 22.0 0.0
32.0 24.0 0.0
32.0 26.0 0.0
32.0 28.0 0.0
32.0 30.0 0.0
32.0 32.0 0.0
32.0 34.0 0.058483728462658056
32.0 36.0 0.2409304085689712
32.0 38.0 0.3544914170121738
32.0 40.0 0.3993113205219874
32.0 42.0 0.44199328899965606
32.0 44.0 0.47849677085109715
32.0 46.0 0.49122371952279087
32.0 48.0 0.5869087339225889
32.0 50.0 0.5786920404022684
32.0 52.0 0.42764966995118336
32.0 54.0 0.13486076811785905
32.0 56.0 0.0
32.0 58.0 0.0
32.0 60.0 0.0
32.0 62.0 0.0
32.0 64.0 0.0
32.0 66.0 0.0
32.0 68.0 0.0
32.0 70.0 0.0
32.0 72.0 0.0
32.0 74.0 0.0
32.0 76.0 0.0
32.0 78.0 8.679654578344375E-4
32.0 80.0 0.08061217802663484
32.0 82.0 0.17992491293308455
32.0 84.0 0.24235638107652335
32.0 86.0 0.2793703643066477
32.0 88.0 0.2895542461039921
32.0 90.0 0.2689092061188842
32.0 92.0 0.22097753440533954
32.0 94.0 0.13885669402297687
32.0 96.0 0.02235940045525518
32.0 98.0 0.0
32.0 100.0 0.0
32.0 102.0 0.0
32.0 104.0 0.0
32.0 106.0 0.0
32.0 108.0 0.0
32.0 110.0 0.0
32.0 112.0 0.0
32.0 114.0 0.0
32.0 116.0 0.0
32.0 118.0 0.08341305050236765
32.0 120.0 0.0
32.0 122.0 0.0
32.0 124.0 0.0
32.0 126.0 0.0
34.0 0.0 0.0
34.0 2.0 0.0
34.0 4.0 0.0
34.0 6.0 0.0
34.0 8.0 0.4005116350950557
34.0 10.0 0.4002880461336176
34.0 12.0 0.3483401000230167
34.0 14.0 0.2533347703784469
34.0 16.0 0.07481443510666617
34.0 18.0 0.0
34.0 20.0 0.0
34.0 22.0 0.0
34.0 24.0 0.0
34.0 26.0 0.0
34.0 28.0 0.0
34.0 30.0 0.0
34.0 32.0 0.0
34.0 34.0 0.08947910707780071
34.0 36.0 0.24604577259794236
34.0 38.0 0.3312794018258652
34.0 40.0 0.3932965507726769
34.0 42.0 0.45112899736435913
34.0 44.0 0.4819714459332372
34.0 46.0 0.49060527206847704
34.0 48.0 0.5439019697782047
34.0 50.0 0.5190319336921545
34.0 52.0 0.3743162549851662
34.0 54.0 0.11876668082663684
34.0 56.0 0.0
34.0 58.0 0.0
34.0 60.0 0.0
34.0 62.0 0.0
34.0 64.0 0.0
34.0 66.0 0.0
34.0 68.0 0.0
34.0 70.0 0.0
34.0 72.0 0.0
34.0 74.0 0.0
34.0 76.0 0.0
34.0 78.0 7.842376722947695E-4
34.0 80.0 0.05932536121229551
34.0 82.0 0.13595084085836617
34.0 84.0 0.19269333261276486
34.0 86.0 0.22547063504193451
34.0 88.0 0.23395992730910695
34.0 90.0 0.21867156196145887
34.0 92.0 0.18289818867744642
34.0 94.0 0.11490962852049506
34.0 96.0 0.016722645093943094
34.0 98.0 0.0
34.0 100.0 0.0
34.0 102.0 0.0
34.0 104.0 0.0
34.0 106.0 0.0
34.0 108.0 0.0
34.0 110.0 0.0
34.0 112.0 0.0
34.0 114.0 0.0012687350866695927
34.0 116.0 0.06401198639212761
34.0 118.0 0.19986763969764856
34.0 120.0 0.0
34.0 122.0 0.0
34.0 124.0 0.0
34.0 126.0 0.0
36.0 0.0 0.0
36.0 2.0 0.0
36.0 4.0 0.0
36.0 6.0 0.0
36.0 8.0 0.4455162687847141
36.0 10.0 0.40354146338854996
36.0 12.0 0.3199829820848278
36.0 14.0 0.18019383065666772
36.0 16.0 0.018041260341410483
36.0 18.0 0.0
36.0 20.0 0.0
36.0 22.0 0.0
36.0 24.0 0.0
36.0 26.0 0.0
36.0 28.0 0.0
36.0 30.0 0.0
36.0 32.0 1.6882871145532382E-4
36.0 34.0 0.09984845205763752
36.0 36.0 0.2308044618322016
36.0 38.0 0.3182313911146228
36.0 40.0 0.38244124970062426
36.0 42.0 0.4345966199189119
36.0 44.0 0.4592068278051482
36.0 46.0 0.4633679514266282
36.0 48.0 0.44407112709662716
36.0 50.0 0.4547091053435643
36.0 52.0 0.32021290390943036
36.0 54.0 0.09695161957873329
36.0 56.0 0.0
36.0 58.0 0.0
36.0 60.0 0.0
36.0 62.0 0.0
36.0 64.0 0.0
36.0 66.0 0.0
36.0 68.0 0.0
36.0 70.0 0.0
36.0 72.0 0.0
36.0 74.0 0.0
36.0 76.0 0.0
36.0 78.0 3.8842572939444103E-4
36.0 80.0 0.038619997700015826
36.0 82.0 0.09786043272647137
36.0 84.0 0.14363734256703553
36.0 86.0 0.17555498652142884
36.0 88.0 0.1847337327760126
36.0 90.0 0.16700888106735864
36.0 92.0 0.13407020217627386
36.0 94.0 0.07647192655593585
36.0 96.0 0.01153137495954155
36.0 98.0 0.0
36.0 100.0 0.0
36.0 102.0 0.0
36.0 104.0 0.0
36.0 106.0 0.0
36.0 108.0 0.0
36.0 110.0 5.531664266302207E-4
36.0 112.0 0.008646358380246398
36.0 114.0 0.053371269079489685
36.0 116.0 0.17673757705612694
36.0 118.0 0.30030491421903527
36.0 120.0 0.3486072830965777
36.0 122.0 0.0
36.0 124.0 0.0
36.0 126.0 0.0
38.0 0.0 0.0
38.0 2.0 0.0
38.0 4.0 0.0
38.0 6.0 0.4844232984528241
38.0 8.0 0.42248604649603977
38.0 10.0 0.30495509490086287
38.0 12.0 0.17677330540934433
38.0 14.0 0.01727264628070154
38.0 16.0 0.0
38.0 18.0 0.0
38.0 20.0 0.0
38.0 22.0 0.0
38.0 24.0 0.0
38.0 26.0 0.0
38.0 28.0 0.0
38.0 30.0 0.0
38.0 32.0 2.0777585453850278E-4
38.0 34.0 0.0937981475249171
38.0 36.0 0.22511325878075192
38.0 38.0 0.300891495165524
38.0 40.0 0.361603289991468
38.0 42.0 0.40868543783038364
38.0 44.0 0.43064519159988635
38.0 46.0 0.4301434293312338
38.0 48.0 0.40471645504201464
38.0 50.0 0.34752148861948484
38.0 52.0 0.27830962664885267
38.0 54.0 0.056951530225357185
38.0 56.0 0.0
38.0 58.0 0.0
38.0 60.0 0.0
38.0 62.0 0.0
38.0 64.0 0.0
38.0 66.0 0.0
38.0 68.0 0.0
38.0 70.0 0.0
38.0 72.0 0.0
38.0 74.0 0.0
38.0 76.0 0.0
38.0 78.0 0.0
38.0 80.0 0.021418545476223835
38.0 82.0 0.0662441946332737
38.0 84.0 0.10240477484175854
38.0 86.0 0.1138704345693849
38.0 88.0 0.11483667101789201
38.0 90.0 0.10164065357719394
38.0 92.0 0.08209259381966523
38.0 94.0 0.03475229632528581
38.0 96.0 0.005749313286603029
38.0 98.0 0.0
38.0 100.0 0.0
38.0 102.0 0.0
38.0 104.0 0.0
38.0 106.0 0.0
38.0 108.0 0.008214905723464125
38.0 110.0 0.0263346191761127
38.0 112.0 0.056971646640243095
38.0 114.0 0.1348103470585354
38.0 116.0 0.26025972765457045
38.0 118.0 0.3584498420263705
38.0 120.0 0.39879780819660876
38.0 122.0 0.0
38.0 124.0 0.0
38.0 126.0 0.0
40.0 0.0 0.0
40.0 2.0 0.0
40.0 4.0 0.0
40.0 6.0 0.4962350009822989
40.0 8.0 0.34591061699326797
40.0 10.0 0.23612324922546324
40.0 12.0 0.10242143079491776
40.0 14.0 0.004043923296576104
40.0 16.0 0.0
40.0 18.0 0.0
40.0 20.0 0.0
40.0 22.0 0.0
40.0 24.0 0.0
40.0 26.0 0.0
40.0 28.0 0.0
40.0 30.0 0.0
40.0 32.0 0.0018348631795060942
40.0 34.0 0.09081602618505091
40.0 36.0 0.2281110135096043
40.0 38.0 0.29734636672931913
40.0 40.0 0.34638129954223523
40.0 42.0 0.39071301087935617
40.0 44.0 0.4097991547418809
40.0 46.0 0.4003477374087529
40.0 48.0 0.36354983712016575
40.0 50.0 0.29832518976832284
40.0 52.0 0.20201881980544104
40.0 54.0 0.03158168963769984
40.0 56.0 0.0
40.0 58.0 0.0
40.0 60.0 0.0
40.0 62.0 0.0
40.0 64.0 0.0
40.0 66.0 0.0
40.0 68.0 0.0
40.0 70.0 0.0
40.0 72.0 0.0
40.0 74.0 0.0
40.0 76.0 0.0
40.0 78.0 0.0
40.0 80.0 0.014121637333608812
40.0 82.0 0.03835063977180809
40.0 84.0 0.05808296333203752
40.0 86.0 0.055722176796855566
40.0 88.0 0.05118763549251953
40.0 90.0 0.038903353274598824
40.0 92.0 0.03294472768102605
40.0 94.0 0.015145709136385833
40.0 96.0 0.0
40.0 98.0 0.0
40.0 100.0 0.0
40.0 102.0 0.0
40.0 104.0 0.0
40.0 106.0 0.0102081959617901
40.0 108.0 0.031196136217456854
40.0 110.0 0.06853966464675543
40.0 112.0 0.11881467754162572
40.0 114.0 0.20291584401710935
40.0 116.0 0.3212708607370099
40.0 118.0 0.401595299020754
40.0 120.0 0.4295599698680228
40.0 122.0 0.398069447637722
40.0 124.0 0.0
40.0 126.0 0.0
42.0 0.0 0.0
42.0 2.0 0.0
42.0 4.0 0.41943361128997353
42.0 6.0 0.2527123615407652
42.0 8.0 0.1926980935118552
42.0 10.0 0.11872937548765321
42.0 12.0 0.013086980924859987
42.0 14.0 0.0
42.0 16.0 0.0
42.0 18.0 0.0
42.0 20.0 0.0
42.0 22.0 0.0
42.0 24.0 0.0
42.0 26.0 0.0
42.0 28.0 0.0
42.0 30.0 0.0
42.0 32.0 0.007615191079842242
42.0 34.0 0.09319987051114835
42.0 36.0 0.2214237755143491
42.0 38.0 0.2921125000942675
42.0 40.0 0.3689289556515656
42.0 42.0 0.4156777748432474
42.0 44.0 0.41246920368986845
42.0 46.0 0.36353946968788614
42.0 48.0 0.31751087368362213
42.0 50.0 0.24799936645814413
42.0 52.0 0.1556522103044745
42.0 54.0 0.006290751537457704
42.0 56.0 0.0
42.0 58.0 0.0
42.0 60.0 0.0
42.0 62.0 0.0
42.0 64.0 0.0
42.0 66.0 0.0
42.0 68.0 0.0
42.0 70.0 0.0
42.0 72.0 0.0
42.0 74.0 0.0
42.0 76.0 0.0
42.0 78.0 0.0017021838296700804
42.0 80.0 0.013421478082807683
42.0 82.0 0.026750175014965117
42.0 84.0 0.03178615715703562
42.0 86.0 0.02687352801709354
42.0 88.0 0.01868492149052013
42.0 90.0 0.010404263711951947
42.0 92.0 0.0090641352959662
42.0 94.0 0.0
42.0 96.0 0.0
42.0 98.0 0.0
42.0 100.0 0.0
42.0 102.0 0.0
42.0 104.0 0.0
42.0 106.0 0.016194992975771677
42.0 108.0 0.0476142365315842
42.0 110.0 0.10148199379576485
42.0 112.0 0.166832943440995
42.0 114.0 0.25491592731878554
42.0 116.0 0.3667676927356576
42.0 118.0 0.4350253386482246
42.0 120.0 0.4558906522438409
42.0 122.0 0.41427131963654107
42.0 124.0 0.0
42.0 126.0 0.0
44.0 0.0 0.0
44.0 2.0 0.0
44.0 4.0 0.3364322721986121
44.0 6.0 0.17188970273441084
44.0 8.0 0.12974189682570203
44.0 10.0 0.0631951722675798
44.0 12.0 0.0029596599850224173
44.0 14.0 0.0
44.0 16.0 0.0
44.0 18.0 0.0
44.0 20.0 0.0
44.0 22.0 0.0
44.0 24.0 0.0
44.0 26.0 0.0
44.0 28.0 0.0
44.0 30.0 7.279497120126517E-4
44.0 32.0 0.01779469807375535
44.0 34.0 0.10766575886249626
44.0 36.0 0.2257538526721492
44.0 38.0 0.3264947137904022
44.0 40.0 0.39711468281743323
44.0 42.0 0.4389057688405907
44.0 44.0 0.3777773770500301
44.0 46.0 0.3241979625652146
44.0 48.0 0.27600373292827923
44.0 50.0 0.20217874925112522
44.0 52.0 0.10522380345034162
44.0 54.0 7.685883656639766E-4
44.0 56.0 0.0
44.0 58.0 0.0
44.0 60.0 0.0
44.0 62.0 0.0
44.0 64.0 0.0
44.0 66.0 0.0
44.0 68.0 0.0
44.0 70.0 0.0
44.0 72.0 0.0
44.0 74.0 0.0
44.0 76.0 0.004412393044213898
44.0 78.0 0.017741609149729966
44.0 80.0 0.02451115981199513
44.0 82.0 0.02765726922564934
44.0 84.0 0.026923209736074333
44.0 86.0 0.016225319162583844
44.0 88.0 0.003206083733112095
44.0 90.0 0.0
44.0 92.0 0.0
44.0 94.0 0.0
44.0 96.0 0.0
44.0 98.0 0.0
44.0 100.0 0.0
44.0 102.0 0.0
44.0 104.0 0.0
44.0 106.0 0.008161311404529496
44.0 108.0 0.05115798901189725
44.0 110.0 0.12345800130172481
44.0 112.0 0.20648111159860413
44.0 114.0 0.30017998595410206
44.0 116.0 0.4031681841531323
44.0 118.0 0.46495464142072424
44.0 120.0 0.482607204076177
44.0 122.0 0.44789364450324926
44.0 124.0 0.0
44.0 126.0 0.0
46.0 0.0 0.0
46.0 2.0 0.0
46.0 4.0 0.23885954521598932
46.0 6.0 0.09320090894201521
46.0 8.0 0.0640667421520718
46.0 10.0 0.009317928324526029
46.0 12.0 0.0
46.0 14.0 0.0
46.0 16.0 0.0
46.0 18.0 0.0
46.0 20.0 0.0
46.0 22.0 0.0
46.0 24.0 0.0
46.0 26.0 0.0
46.0 28.0 0.0
46.0 30.0 0.005097790070948241
46.0 32.0 0.03867691070357449
46.0 34.0 0.13695390504694635
46.0 36.0 0.23714952162793335
46.0 38.0 0.317601534776857
46.0 40.0 0.3761242526544104
46.0 42.0 0.387329817319164
46.0 44.0 0.3228924134444426
46.0 46.0 0.2882573819660006
46.0 48.0 0.23606686525795492
46.0 50.0 0.15727337844234177
46.0 52.0 0.049086579417984146
46.0 54.0 0.0
46.0 56.0 0.0
46.0 58.0 0.0
46.0 60.0 0.0
46.0 62.0 0.0
46.0 64.0 0.0
46.0 66.0 0.0
46.0 68.0 0.0
46.0 70.0 0.0
46.0 72.0 0.0
46.0 74.0 0.00147028928040134
46.0 76.0 0.021606823547134568
46.0 78.0 0.036867664973096355
46.0 80.0 0.03752597434553027
46.0 82.0 0.041792521842766196
46.0 84.0 0.03273572853384306
46.0 86.0 0.016787121517147566
46.0 88.0 8.462393147509172E-4
46.0 90.0 0.0
46.0 92.0 0.0
46.0 94.0 0.0
46.0 96.0 0.0
46.0 98.0 0.0
46.0 100.0 0.0
46.0 102.0 0.0
46.0 104.0 0.0
46.0 106.0 0.0
46.0 108.0 0.031983153264582426
46.0 110.0 0.11811034333834182
46.0 112.0 0.22501953192129132
46.0 114.0 0.3377295052673188
46.0 116.0 0.429813609651464
46.0 118.0 0.49062996017334376
46.0 120.0 0.5054797919267814
46.0 122.0 0.47893650807488813
46.0 124.0 0.322624814120457
46.0 126.0 0.0
48.0 0.0 0.0
48.0 2.0 0.00972184766263683
48.0 4.0 5.807761327197798E-4
48.0 6.0 0.0032032957858442613
48.0 8.0 0.0
48.0 10.0 0.0
48.0 12.0 0.0
48.0 14.0 0.0
48.0 16.0 0.0
48.0 18.0 0.0
48.0 20.0 0.0
48.0 22.0 0.0
48.0 24.0 0.0
48.0 26.0 0.0
48.0 28.0 0.005571667363333552
48.0 30.0 0.021035430456273634
48.0 32.0 0.07842340093512656
48.0 34.0 0.17983531216985016
48.0 36.0 0.25900479432972023
48.0 38.0 0.31767444255273297
48.0 40.0 0.3603232099699449
48.0 42.0 0.32771975220686583
48.0 44.0 0.2919260487300928
48.0 46.0 0.2561625487793214
48.0 48.0 0.19816826869109597
48.0 50.0 0.12255091176873528
48.0 52.0 0.006537086703487525
48.0 54.0 0.0
48.0 56.0 0.0
48.0 58.0 0.0
48.0 60.0 0.0
48.0 62.0 0.0
48.0 64.0 0.0
48.0 66.0 0.0
48.0 68.0 0.0
48.0 70.0 0.0
48.0 72.0 0.0
48.0 74.0 0.01692631122079685
48.0 76.0 0.05002031695210101
48.0 78.0 0.0822862295365195
48.0 80.0 0.0908426625228253
48.0 82.0 0.10122650606384155
48.0 84.0 0.08762683072804733
48.0 86.0 0.04323564817575528
48.0 88.0 0.015131074835328495
48.0 90.0 0.0
48.0 92.0 0.0
48.0 94.0 0.0
48.0 96.0 0.0
48.0 98.0 0.0
48.0 100.0 0.0
48.0 102.0 0.0
48.0 104.0 0.0
48.0 106.0 0.0
48.0 108.0 0.011309712133723995
48.0 110.0 0.11114790699965538
48.0 112.0 0.23362021039559608
48.0 114.0 0.3562506421187707
48.0 116.0 0.4465203780503602
48.0 118.0 0.5014480548803634
48.0 120.0 0.5231327832753919
48.0 122.0 0.5044498760877435
48.0 124.0 0.344552960111129
48.0 126.0 0.0
50.0 0.0 0.0
50.0 2.0 0.006948138487214698
50.0 4.0 0.0
50.0 6.0 0.0
50.0 8.0 0.0
50.0 10.0 0.0
50.0 12.0 0.0
50.0 14.0 0.0
50.0 16.0 0.0
50.0 18.0 0.0
50.0 20.0 0.0
50.0 22.0 0.0
50.0 24.0 0.0
50.0 26.0 0.0
50.0 28.0 0.01677626097035072
50.0 30.0 0.0679317752512046
50.0 32.0 0.14843453296572848
50.0 34.0 0.22695804901708735
50.0 36.0 0.2826449654353423
50.0 38.0 0.32399016344470133
50.0 40.0 0.34825719263237004
50.0 42.0 0.29462686095841534
50.0 44.0 0.2636814534180931
50.0 46.0 0.2239663777905547
50.0 48.0 0.1644340448123816
50.0 50.0 0.055132443315983944
50.0 52.0 0.0
50.0 54.0 0.0
50.0 56.0 0.0
50.0 58.0 0.0
50.0 60.0 0.0
50.0 62.0 0.0
50.0 64.0 0.0
50.0 66.0 0.0
50.0 68.0 0.0
50.0 70.0 0.0
50.0 72.0 0.00782558781329787
50.0 74.0 0.050938846712618426
50.0 76.0 0.11635884764865291
50.0 78.0 0.1515509085817577
50.0 80.0 0.1676293394599926
50.0 82.0 0.17399063146987834
50.0 84.0 0.17081602107419014
50.0 86.0 0.1278377184080233
50.0 88.0 0.03987893419138987
50.0 90.0 2.9854296790122434E-4
50.0 92.0 0.0
50.0 94.0 0.0
50.0 96.0 0.0
50.0 98.0 0.0
50.0 100.0 0.0
50.0 102.0 0.0
50.0 104.0 0.0
50.0 106.0 0.0
50.0 108.0 0.0063508338799751875
50.0 110.0 0.10464591002966621
50.0 112.0 0.23550862198012867
50.0 114.0 0.3671045917520201
50.0 116.0 0.4508006954574972
50.0 118.0 0.5032460055077875
50.0 120.0 0.5294050678640537
50.0 122.0 0.5183734362819223
50.0 124.0 0.3721549233737036
50.0 126.0 0.0
52.0 0.0 0.0
52.0 2.0 0.007350907832864249
52.0 4.0 0.0
52.0 6.0 0.0
52.0 8.0 0.0
52.0 10.0 0.0
52.0 12.0 0.0
52.0 14.0 0.0
52.0 16.0 0.0
52.0 18.0 0.0
52.0 20.0 0.0
52.0 22.0 0.0
52.0 24.0 0.0
52.0 26.0 0.009461411888419225
52.0 28.0 0.06809556878229098
52.0 30.0 0.14554741969812246
52.0 32.0 0.21125356931131656
52.0 34.0 0.2673732743210246
52.0 36.0 0.30455817340880315
52.0 38.0 0.32552397965687524
52.0 40.0 0.32392155949380225
52.0 42.0 0.2636017057894619
52.0 44.0 0.23482901639477596
52.0 46.0 0.1866659923781053
52.0 48.0 0.11905807288740718
52.0 50.0 0.0051524265194662884
52.0 52.0 0.0
52.0 54.0 0.0
52.0 56.0 0.0
52.0 58.0 0.0
52.0 60.0 0.0
52.0 62.0 0.0
52.0 64.0 0.0
52.0 66.0 0.0
52.0 68.0 0.0
52.0 70.0 3.816982119679759E-4
52.0 72.0 0.03410233582030485
52.0 74.0 0.11046043954276245
52.0 76.0 0.16839035940525304
52.0 78.0 0.2061047731484412
52.0 80.0 0.2297310752095296
52.0 82.0 0.23613103790722811
52.0 84.0 0.24093933026981687
52.0 86.0 0.2079077997229868
52.0 88.0 0.10559336045471934
52.0 90.0 0.00383411453506277
52.0 92.0 0.0
52.0 94.0 0.0
52.0 96.0 0.0
52.0 98.0 0.0
52.0 100.0 0.0
52.0 102.0 0.0
52.0 104.0 0.0
52.0 106.0 0.0
52.0 108.0 0.0
52.0 110.0 0.06785760843269918
52.0 112.0 0.20368462377814478
52.0 114.0 0.3503719327974506
52.0 116.0 0.4505303626335833
52.0 118.0 0.4995874363589992
52.0 120.0 0.5219055319659157
52.0 122.0 0.5129904448435842
52.0 124.0 0.39289691041875835
52.0 126.0 0.0
54.0 0.0 0.0
54.0 2.0 0.011895495432985905
54.0 4.0 0.0
54.0 6.0 0.0
54.0 8.0 0.0
54.0 10.0 0.0
54.0 12.0 0.0
54.0 14.0 0.0
54.0 16.0 0.0
54.0 18.0 0.0
54.0 20.0 0.0
54.0 22.0 0.0
54.0 24.0 0.0015038028991366701
54.0 26.0 0.05601089801721423
54.0 28.0 0.13799109989169414
54.0 30.0 0.20955102744095835
54.0 32.0 0.2632020684594747
54.0 34.0 0.30038013710088196
54.0 36.0 0.3198811168165354
54.0 38.0 0.3236387667239759
54.0 40.0 0.29763020264308887
54.0 42.0 0.23636804172704592
54.0 44.0 0.1977487516964914
54.0 46.0 0.14495403384372604
54.0 48.0 0.029421245873527915
54.0 50.0 0.0
54.0 52.0 0.0
54.0 54.0 0.0
54.0 56.0 0.0
54.0 58.0 0.0
54.0 60.0 0.0
54.0 62.0 0.0
54.0 64.0 0.0
54.0 66.0 0.0
54.0 68.0 0.0016738505231741994
54.0 70.0 0.013145870440017042
54.0 72.0 0.09668730526989554
54.0 74.0 0.1770807095251338
54.0 76.0 0.22236073538419668
54.0 78.0 0.2594088509180625
54.0 80.0 0.28045936640047203
54.0 82.0 0.28271089988227
54.0 84.0 0.2714552689763601
54.0 86.0 0.2679519316555347
54.0 88.0 0.1624645863993747
54.0 90.0 0.014581819253939254
54.0 92.0 0.0
54.0 94.0 0.0
54.0 96.0 0.0
54.0 98.0 0.0
54.0 100.0 0.0
54.0 102.0 0.0
54.0 104.0 0.0
54.0 106.0 0.0
54.0 108.0 0.0
54.0 110.0 0.01084331102944063
54.0 112.0 0.1835334457677222
54.0 114.0 0.34325334990834105
54.0 116.0 0.44367825518347437
54.0 118.0 0.48853267154287544
54.0 120.0 0.5063653928044166
54.0 122.0 0.5104274337930986
54.0 124.0 0.43065863803900833
54.0 126.0 0.013335781035851736
56.0 0.0 0.0
56.0 2.0 0.0
56.0 4.0 0.0
56.0 6.0 0.0
56.0 8.0 0.0
56.0 10.0 0.0
56.0 12.0 0.0
56.0 14.0 0.0
56.0 16.0 0.0
56.0 18.0 0.0
56.0 20.0 0.0
56.0 22.0 0.0
56.0 24.0 0.029845466362172373
56.0 26.0 0.1294880178075696
56.0 28.0 0.20832398621144488
56.0 30.0 0.26902889461751966
56.0 32.0 0.3070760332853689
56.0 34.0 0.3256708094425111
56.0 36.0 0.32693175942918185
56.0 38.0 0.3111742186756346
56.0 40.0 0.2381415332261666
56.0 42.0 0.1966565243755122
56.0 44.0 0.14644445039732892
56.0 46.0 0.07978746476955874
56.0 48.0 4.6387286545678365E-4
56.0 50.0 0.0
56.0 52.0 0.0
56.0 54.0 0.0
56.0 56.0 0.0
56.0 58.0 0.0
56.0 60.0 0.0
56.0 62.0 0.0
56.0 64.0 0.0
56.0 66.0 0.0
56.0 68.0 0.007449065581738333
56.0 70.0 0.07135650867406264
56.0 72.0 0.19012539053219557
56.0 74.0 0.2596476884573306
56.0 76.0 0.27637043100209807
56.0 78.0 0.3132062773487029
56.0 80.0 0.33184713944813543
56.0 82.0 0.32936534495782305
56.0 84.0 0.30241225232646074
56.0 86.0 0.28231922721979547
56.0 88.0 0.19726561348459745
56.0 90.0 0.03383076834639752
56.0 92.0 0.0
56.0 94.0 0.0
56.0 96.0 0.0
56.0 98.0 0.0
56.0 100.0 0.0
56.0 102.0 0.0
56.0 104.0 0.0
56.0 106.0 0.0
56.0 108.0 0.0
56.0 110.0 0.0
56.0 112.0 0.0899284972792866
56.0 114.0 0.289321746198731
56.0 116.0 0.41569819015052495
56.0 118.0 0.4743336411395794
56.0 120.0 0.4834536070452095
56.0 122.0 0.4976760187887099
56.0 124.0 0.43390345488092347
56.0 126.0 0.03218714974254388
58.0 0.0 0.0
58.0 2.0 0.0
58.0 4.0 0.0
58.0 6.0 0.0
58.0 8.0 0.0
58.0 10.0 0.0
58.0 12.0 0.0
58.0 14.0 0.0
58.0 16.0 0.0
58.0 18.0 0.0
58.0 20.0 7.532173243376036E-4
58.0 22.0 0.03317739490013014
58.0 24.0 0.1340272279528009
58.0 26.0 0.22195469977643398
58.0 28.0 0.2890225340057214
58.0 30.0 0.3289080369249917
58.0 32.0 0.34529901380186406
58.0 34.0 0.34335709359689864
58.0 36.0 0.3215872001024544
58.0 38.0 0.2763721259940716
58.0 40.0 0.1855933117753935
58.0 42.0 0.13749384899269615
58.0 44.0 0.0770063502134243
58.0 46.0 0.00677966253579973
58.0 48.0 0.0
58.0 50.0 0.0
58.0 52.0 0.0
58.0 54.0 0.0
58.0 56.0 0.0
58.0 58.0 0.0
58.0 60.0 0.0
58.0 62.0 0.0
58.0 64.0 0.0
58.0 66.0 0.0
58.0 68.0 0.05448938611251795
58.0 70.0 0.1715558546477095
58.0 72.0 0.29100115209971256
58.0 74.0 0.33310885136976165
58.0 76.0 0.33771117133053563
58.0 78.0 0.3724641755458335
58.0 80.0 0.3820372834203895
58.0 82.0 0.35314255489606045
58.0 84.0 0.31594885456627514
58.0 86.0 0.33351397652532616
58.0 88.0 0.2044924541859379
58.0 90.0 0.037834459594740515
58.0 92.0 0.0
58.0 94.0 0.0
58.0 96.0 0.0
58.0 98.0 0.0
58.0 100.0 0.0
58.0 102.0 0.0
58.0 104.0 0.0
58.0 106.0 0.0
58.0 108.0 0.0
58.0 110.0 0.0
58.0 112.0 0.006903190438600747
58.0 114.0 0.19195127892651873
58.0 116.0 0.35155521093886605
58.0 118.0 0.43163956903392936
58.0 120.0 0.4450877908932344
58.0 122.0 0.47249092492774203
58.0 124.0 0.4564180206851434
58.0 126.0 0.07808323215051555
60.0 0.0 0.0
60.0 2.0 0.0
60.0 4.0 0.0
60.0 6.0 0.0
60.0 8.0 0.0
60.0 10.0 0.0
60.0 12.0 0.0
60.0 14.0 0.0
60.0 16.0 0.0
60.0 18.0 0.0077988327662154916
60.0 20.0 0.05339669744433703
60.0 22.0 0.16136867432986116
60.0 24.0 0.2603982525993786
60.0 26.0 0.32937230205396884
60.0 28.0 0.3637181063465176
60.0 30.0 0.3764167095124886
60.0 32.0 0.3696459005504937
60.0 34.0 0.3415382389131692
60.0 36.0 0.2885632894871655
60.0 38.0 0.18332462632308433
60.0 40.0 0.11896241733043485
60.0 42.0 0.054467760860254816
60.0 44.0 6.401768678405347E-4
60.0 46.0 0.0
60.0 48.0 0.0
60.0 50.0 0.0
60.0 52.0 0.0
60.0 54.0 0.0
60.0 56.0 0.0
60.0 58.0 0.0
60.0 60.0 0.0
60.0 62.0 0.0
60.0 64.0 0.0
60.0 66.0 0.0060091842588127645
60.0 68.0 0.1082153416306091
60.0 70.0 0.22658278809893354
60.0 72.0 0.32804324171390276
60.0 74.0 0.40545981650513346
60.0 76.0 0.40020565761646165
60.0 78.0 0.4269376646421316
60.0 80.0 0.41177917661656266
60.0 82.0 0.3772291991200156
60.0 84.0 0.34071730069581707
60.0 86.0 0.34144077104944026
60.0 88.0 0.20101343192002227
60.0 90.0 0.03163302257834296
60.0 92.0 0.0
60.0 94.0 0.0
60.0 96.0 0.0
60.0 98.0 0.0
60.0 100.0 0.0
60.0 102.0 0.0
60.0 104.0 0.0
60.0 106.0 0.0
60.0 108.0 0.0
60.0 110.0 0.0
60.0 112.0 0.0
60.0 114.0 0.07726415998405378
60.0 116.0 0.236192003961418
60.0 118.0 0.3199226879904042
60.0 120.0 0.37663948277393283
60.0 122.0 0.44769789728872444
60.0 124.0 0.4507058204130407
60.0 126.0 0.15528644666059857
62.0 0.0 0.0
62.0 2.0 0.0
62.0 4.0 0.0
62.0 6.0 0.0
62.0 8.0 0.0
62.0 10.0 0.0
62.0 12.0 0.0
62.0 14.0 0.0
62.0 16.0 0.009051949309441693
62.0 18.0 0.059858128803097876
62.0 20.0 0.16698099842933542
62.0 22.0 0.27746521083902137
62.0 24.0 0.35871987856515114
62.0 26.0 0.40127747710587797
62.0 28.0 0.4178181414846176
62.0 30.0 0.4100737869762327
62.0 32.0 0.37745433653189847
62.0 34.0 0.31357181383675575
62.0 36.0 0.1967994928810314
62.0 38.0 0.10441083259866811
62.0 40.0 0.02035469660268086
62.0 42.0 0.0
62.0 44.0 0.0
62.0 46.0 0.0
62.0 48.0 0.0
62.0 50.0 0.0
62.0 52.0 0.0
62.0 54.0 0.0
62.0 56.0 0.0
62.0 58.0 0.0
62.0 60.0 0.0
62.0 62.0 0.0
62.0 64.0 0.0
62.0 66.0 0.03766159434233627
62.0 68.0 0.15995426988782432
62.0 70.0 0.27438417412521476
62.0 72.0 0.3657351938520723
62.0 74.0 0.41381111888702365
62.0 76.0 0.46362922733749384
62.0 78.0 0.4924039742455592
62.0 80.0 0.49838630853591237
62.0 82.0 0.4781457617896881
62.0 84.0 0.4249372448274986
62.0 86.0 0.3282230540155356
62.0 88.0 0.17908120458137303
62.0 90.0 0.021455873765959515
62.0 92.0 0.0
62.0 94.0 0.0
62.0 96.0 0.0
62.0 98.0 0.0
62.0 100.0 0.0
62.0 102.0 0.0
62.0 104.0 0.0
62.0 106.0 0.0
62.0 108.0 0.0
62.0 110.0 0.0
62.0 112.0 0.0
62.0 114.0 0.01670353859667911
62.0 116.0 0.1631709009639927
62.0 118.0 0.2601039511055212
62.0 120.0 0.33678939750887654
62.0 122.0 0.4084763280272954
62.0 124.0 0.4229876050340797
62.0 126.0 0.25435241397662023
64.0 0.0 0.0
64.0 2.0 5.350533066472198E-4
64.0 4.0 0.0
64.0 6.0 0.0
64.0 8.0 0.0
64.0 10.0 0.0
64.0 12.0 0.0
64.0 14.0 7.488178928220087E-4
64.0 16.0 0.05018001413799648
64.0 18.0 0.16078650242736017
64.0 20.0 0.28018134159944846
64.0 22.0 0.3765417147171974
64.0 24.0 0.43180970708508437
64.0 26.0 0.45733108583536136
64.0 28.0 0.458190012571791
64.0 30.0 0.42930133241568136
64.0 32.0 0.3656559788083014
64.0 34.0 0.25437006374177623
64.0 36.0 0.1154364788236998
64.0 38.0 0.013356059591365576
64.0 40.0 0.0
64.0 42.0 0.0
64.0 44.0 0.0
64.0 46.0 0.0
64.0 48.0 0.0
64.0 50.0 0.0
64.0 52.0 0.0
64.0 54.0 0.0
64.0 56.0 0.0
64.0 58.0 0.0
64.0 60.0 0.0
64.0 62.0 0.0
64.0 64.0 0.002159329379958145
64.0 66.0 0.08882819691833482
64.0 68.0 0.19987160960592978
64.0 70.0 0.29784460762652637
64.0 72.0 0.3796134455655997
64.0 74.0 0.44427991777479753
64.0 76.0 0.4894739086854812
64.0 78.0 0.5134829432062137
64.0 80.0 0.514369423122754
64.0 82.0 0.4880254641981338
64.0 84.0 0.4263957314499041
64.0 86.0 0.32323759262075
64.0 88.0 0.13742353949842653
64.0 90.0 0.0010451590669230432
64.0 92.0 0.0
64.0 94.0 0.0
64.0 96.0 0.0
64.0 98.0 0.0
64.0 100.0 0.0
64.0 102.0 0.0
64.0 104.0 0.0
64.0 106.0 0.0
64.0 108.0 0.0
64.0 110.0 0.0
64.0 112.0 0.0
64.0 114.0 0.004761893796435721
64.0 116.0 0.11281463312403377
64.0 118.0 0.20700557707386882
64.0 120.0 0.291595363655494
64.0 122.0 0.37283730676022536
64.0 124.0 0.40398646213096684
64.0 126.0 0.3261116584938888
66.0 0.0 0.0
66.0 2.0 0.016344138864069647
66.0 4.0 0.0
66.0 6.0 0.0
66.0 8.0 0.0
66.0 10.0 0.0
66.0 12.0 0.0
66.0 14.0 0.014944988078375165
66.0 16.0 0.13032840500058265
66.0 18.0 0.26169352779783334
66.0 20.0 0.37319773534450246
66.0 22.0 0.4458665032901767
66.0 24.0 0.48296727047302407
66.0 26.0 0.4960009761644182
66.0 28.0 0.4818171946236273
66.0 30.0 0.4315341694492763
66.0 32.0 0.3273236408323564
66.0 34.0 0.17064102623199062
66.0 36.0 0.0432211598907315
66.0 38.0 0.0
66.0 40.0 0.0
66.0 42.0 0.0
66.0 44.0 0.0
66.0 46.0 0.0
66.0 48.0 0.0
66.0 50.0 0.0
66.0 52.0 0.0
66.0 54.0 0.0
66.0 56.0 0.0
66.0 58.0 0.0
66.0 60.0 0.0
66.0 62.0 0.0
66.0 64.0 0.013083944764668806
66.0 66.0 0.12820118739433808
66.0 68.0 0.22428151383124337
66.0 70.0 0.3101560139261253
66.0 72.0 0.38190506982075423
66.0 74.0 0.4394353315062982
66.0 76.0 0.478884235192971
66.0 78.0 0.4978299857120671
66.0 80.0 0.5018591801504919
66.0 82.0 0.4872312419071769
66.0 84.0 0.43368072785312584
66.0 86.0 0.2993880671175635
66.0 88.0 0.08484664924416475
66.0 90.0 0.0
66.0 92.0 0.0
66.0 94.0 0.0
66.0 96.0 0.0
66.0 98.0 0.0
66.0 100.0 0.0
66.0 102.0 0.0
66.0 104.0 0.0
66.0 106.0 0.0
66.0 108.0 0.0
66.0 110.0 0.0
66.0 112.0 0.0
66.0 114.0 0.0013396114784583538
66.0 116.0 0.07928257807903734
66.0 118.0 0.16834348290742873
66.0 120.0 0.26172508741546435
66.0 122.0 0.3365905318045533
66.0 124.0 0.38666757037779903
66.0 126.0 0.3688927967366711
68.0 0.0 0.0
68.0 2.0 0.03599536612665635
68.0 4.0 0.0
68.0 6.0 0.0
68.0 8.0 0.0
68.0 10.0 0.0
68.0 12.0 0.0
68.0 14.0 0.07068334913482742
68.0 16.0 0.22763979250740837
68.0 18.0 0.3587559348207247
68.0 20.0 0.3627189426915412
68.0 22.0 0.42271863036230023
68.0 24.0 0.48386828509148616
68.0 26.0 0.5133790979116594
68.0 28.0 0.4887381172837375
68.0 30.0 0.41870414774088066
68.0 32.0 0.26856224090818753
68.0 34.0 0.1187876048969705
68.0 36.0 0.006910367876171785
68.0 38.0 0.0
68.0 40.0 0.0
68.0 42.0 0.0
68.0 44.0 0.0
68.0 46.0 0.0
68.0 48.0 0.0
68.0 50.0 0.0
68.0 52.0 0.0
68.0 54.0 0.0
68.0 56.0 0.0
68.0 58.0 0.0
68.0 60.0 0.0
68.0 62.0 0.0
68.0 64.0 0.0408931033326908
68.0 66.0 0.15194696959346446
68.0 68.0 0.23936863292134572
68.0 70.0 0.31809175663874084
68.0 72.0 0.38349916118357136
68.0 74.0 0.4354893337478049
68.0 76.0 0.46996855215828015
68.0 78.0 0.5176134306683026
68.0 80.0 0.5414157642932693
68.0 82.0 0.4984989755214945
68.0 84.0 0.41330214696295836
68.0 86.0 0.25592123644307047
68.0 88.0 0.03987716472270742
68.0 90.0 0.0
68.0 92.0 0.0
68.0 94.0 0.0
68.0 96.0 0.0
68.0 98.0 0.0
68.0 100.0 0.0
68.0 102.0 0.0
68.0 104.0 0.0
68.0 106.0 0.0
68.0 108.0 0.0
68.0 110.0 0.0
68.0 112.0 0.0
68.0 114.0 9.468511959232886E-4
68.0 116.0 0.06214336815704712
68.0 118.0 0.15707773093837377
68.0 120.0 0.24321699974805447
68.0 122.0 0.29824991942481405
68.0 124.0 0.3838257603194775
68.0 126.0 0.38826477005724525
70.0 0.0 0.0
70.0 2.0 0.053888395665162264
70.0 4.0 0.0
70.0 6.0 0.0
70.0 8.0 0.0
70.0 10.0 0.0
70.0 12.0 0.017501389209667956
70.0 14.0 0.16738627714924262
70.0 16.0 0.288297616772734
70.0 18.0 0.3700492287776147
70.0 20.0 0.42395696486260875
70.0 22.0 0.4820706331396886
70.0 24.0 0.519032876640672
70.0 26.0 0.5233075602559836
70.0 28.0 0.4865473447903162
70.0 30.0 0.38206984849165576
70.0 32.0 0.206873125608899
70.0 34.0 0.056467265861676115
70.0 36.0 0.0
70.0 38.0 0.0
70.0 40.0 0.0
70.0 42.0 0.0
70.0 44.0 0.0
70.0 46.0 0.0
70.0 48.0 0.0
70.0 50.0 0.0
70.0 52.0 0.0
70.0 54.0 0.0
70.0 56.0 0.0
70.0 58.0 0.0
70.0 60.0 0.0
70.0 62.0 0.0
70.0 64.0 0.06833107683321331
70.0 66.0 0.1666186565045596
70.0 68.0 0.2470641967550682
70.0 70.0 0.31950363434874063
70.0 72.0 0.3808587201003805
70.0 74.0 0.4272544749629852
70.0 76.0 0.4862935015335406
70.0 78.0 0.5387018595993709
70.0 80.0 0.5222927189978808
70.0 82.0 0.4718792134799112
70.0 84.0 0.37447093790534947
70.0 86.0 0.190326451510177
70.0 88.0 0.004227380163248016
70.0 90.0 0.0
70.0 92.0 0.0
70.0 94.0 0.0
70.0 96.0 0.0
70.0 98.0 0.0
70.0 100.0 0.0
70.0 102.0 0.0
70.0 104.0 0.0
70.0 106.0 0.0
70.0 108.0 0.0
70.0 110.0 0.0
70.0 112.0 0.0
70.0 114.0 0.0014092970847693054
70.0 116.0 0.06051791934836035
70.0 118.0 0.14631919755417153
70.0 120.0 0.21446224823524795
70.0 122.0 0.27779899826641546
70.0 124.0 0.3767411463479153
70.0 126.0 0.3941639450231935
72.0 0.0 0.0
72.0 2.0 0.07147284079794956
72.0 4.0 0.0
72.0 6.0 0.0
72.0 8.0 0.0
72.0 10.0 0.006124176076214103
72.0 12.0 0.09421217377878356
72.0 14.0 0.27169456795283237
72.0 16.0 0.35288132733787797
72.0 18.0 0.4151021068587151
72.0 20.0 0.4952335630049143
72.0 22.0 0.536496708633127
72.0 24.0 0.551377982573163
72.0 26.0 0.5393158474734251
72.0 28.0 0.48749152396017337
72.0 30.0 0.33561898395177986
72.0 32.0 0.16652181490957252
72.0 34.0 0.02329371414569488
72.0 36.0 0.0
72.0 38.0 0.0
72.0 40.0 0.0
72.0 42.0 0.0
72.0 44.0 0.0
72.0 46.0 0.0
72.0 48.0 0.0
72.0 50.0 0.0
72.0 52.0 0.0
72.0 54.0 0.0
72.0 56.0 0.0
72.0 58.0 0.0
72.0 60.0 0.0
72.0 62.0 0.002917015050654608
72.0 64.0 0.08871608881141181
72.0 66.0 0.17610249745634352
72.0 68.0 0.25007091882063776
72.0 70.0 0.31872804422484585
72.0 72.0 0.3788474075406319
72.0 74.0 0.4217137743114802
72.0 76.0 0.4798583595496076
72.0 78.0 0.5226443325669272
72.0 80.0 0.5010666858222387
72.0 82.0 0.43774898181813926
72.0 84.0 0.31258944873941
72.0 86.0 0.11011622529017841
72.0 88.0 0.0
72.0 90.0 0.0
72.0 92.0 0.0
72.0 94.0 0.0
72.0 96.0 0.0
72.0 98.0 0.0
72.0 100.0 0.0
72.0 102.0 0.0
72.0 104.0 0.0
72.0 106.0 0.0
72.0 108.0 0.0
72.0 110.0 0.0
72.0 112.0 0.0
72.0 114.0 0.009168355357334963
72.0 116.0 0.06229580178899452
72.0 118.0 0.1355411338067462
72.0 120.0 0.20019107922901927
72.0 122.0 0.2626626591154856
72.0 124.0 0.37037487409888176
72.0 126.0 0.41523569950037426
74.0 0.0 0.0
74.0 2.0 0.09513155787568157
74.0 4.0 0.0
74.0 6.0 0.0
74.0 8.0 0.010539768203780423
74.0 10.0 0.06434294970325553
74.0 12.0 0.18594093646411902
74.0 14.0 0.35308339126126986
74.0 16.0 0.4034520262403372
74.0 18.0 0.4937713623339561
74.0 20.0 0.4972344185319924
74.0 22.0 0.5389616856905252
74.0 24.0 0.5553176293384051
74.0 26.0 0.537461584163414
74.0 28.0 0.42113303490489806
74.0 30.0 0.28235977202093043
74.0 32.0 0.12107496468008606
74.0 34.0 0.0
74.0 36.0 0.0
74.0 38.0 0.0
74.0 40.0 0.0
74.0 42.0 0.0
74.0 44.0 0.0
74.0 46.0 0.0
74.0 48.0 0.0
74.0 50.0 0.0
74.0 52.0 0.0
74.0 54.0 0.0
74.0 56.0 0.0
74.0 58.0 0.0
74.0 60.0 0.0
74.0 62.0 0.007376872657609495
74.0 64.0 0.10100035190014899
74.0 66.0 0.18022249256133574
74.0 68.0 0.25004005595368306
74.0 70.0 0.31674945644919056
74.0 72.0 0.37235717464186574
74.0 74.0 0.40808307983138464
74.0 76.0 0.4248758439601197
74.0 78.0 0.4465645280829187
74.0 80.0 0.4405371140176583
74.0 82.0 0.3665507085131198
74.0 84.0 0.22992545564989797
74.0 86.0 0.03813373287106559
74.0 88.0 0.0
74.0 90.0 0.0
74.0 92.0 0.0
74.0 94.0 0.0
74.0 96.0 0.0
74.0 98.0 0.0
74.0 100.0 0.0
74.0 102.0 0.0
74.0 104.0 0.0
74.0 106.0 0.0
74.0 108.0 0.0
74.0 110.0 0.0
74.0 112.0 0.0
74.0 114.0 0.026074524887697872
74.0 116.0 0.07790785624666681
74.0 118.0 0.13704209221689514
74.0 120.0 0.1950420920877728
74.0 122.0 0.2572507081438944
74.0 124.0 0.3720779600828931
74.0 126.0 0.43013472351490784
76.0 0.0 0.0
76.0 2.0 0.12013437098438733
76.0 4.0 0.013400539846745283
76.0 6.0 0.023718625777622595
76.0 8.0 0.05345767418486775
76.0 10.0 0.11936893813725068
76.0 12.0 0.2673075532213424
76.0 14.0 0.3739422260333562
76.0 16.0 0.4450746097770923
76.0 18.0 0.5076168885291016
76.0 20.0 0.4893558537902775
76.0 22.0 0.5296983163008456
76.0 24.0 0.5354336306257707
76.0 26.0 0.4601734897216172
76.0 28.0 0.3866756272212352
76.0 30.0 0.2519612151068265
76.0 32.0 0.07383350147020429
76.0 34.0 0.0
76.0 36.0 0.0
76.0 38.0 0.0
76.0 40.0 0.0
76.0 42.0 0.0
76.0 44.0 0.0
76.0 46.0 0.0
76.0 48.0 0.0
76.0 50.0 0.0
76.0 52.0 0.0
76.0 54.0 0.0
76.0 56.0 0.0
76.0 58.0 0.0
76.0 60.0 0.0
76.0 62.0 0.023446866821128533
76.0 64.0 0.1167510064571819
76.0 66.0 0.1818381887122181
76.0 68.0 0.24524336973280814
76.0 70.0 0.3030835664114207
76.0 72.0 0.35139572443375866
76.0 74.0 0.37336207604739075
76.0 76.0 0.38111514659576134
76.0 78.0 0.36704779091811907
76.0 80.0 0.3253889916880559
76.0 82.0 0.24990200825026265
76.0 84.0 0.1458922859362011
76.0 86.0 0.0
76.0 88.0 0.0
76.0 90.0 0.0
76.0 92.0 0.0
76.0 94.0 0.0
76.0 96.0 0.0
76.0 98.0 0.0
76.0 100.0 0.0
76.0 102.0 0.0
76.0 104.0 0.0
76.0 106.0 0.0
76.0 108.0 0.0
76.0 110.0 0.0
76.0 112.0 0.013469868626675865
76.0 114.0 0.05035522383959632
76.0 116.0 0.0961845085092418
76.0 118.0 0.14282248558853206
76.0 120.0 0.19819510520095177
76.0 122.0 0.2626768865176773
76.0 124.0 0.3744720114913171
76.0 126.0 0.0
78.0 0.0 0.0
78.0 2.0 0.2464037900083436
78.0 4.0 0.1045685151727092
78.0 6.0 0.08697737582483915
78.0 8.0 0.10260318299318111
78.0 10.0 0.16980229191409224
78.0 12.0 0.2990702252812279
78.0 14.0 0.3977548268711712
78.0 16.0 0.44973578041213
78.0 18.0 0.4909891014979502
78.0 20.0 0.4794860945891033
78.0 22.0 0.5171935567295699
78.0 24.0 0.5071101248002828
78.0 26.0 0.4278184974248334
78.0 28.0 0.3540968410547971
78.0 30.0 0.218070797482211
78.0 32.0 0.030570760177682205
78.0 34.0 0.0
78.0 36.0 0.0
78.0 38.0 0.0
78.0 40.0 0.0
78.0 42.0 0.0
78.0 44.0 0.0
78.0 46.0 0.0
78.0 48.0 0.0
78.0 50.0 0.0
78.0 52.0 0.0
78.0 54.0 0.0
78.0 56.0 0.0
78.0 58.0 0.0
78.0 60.0 0.008744666228906219
78.0 62.0 0.0508407387758028
78.0 64.0 0.1244742546931576
78.0 66.0 0.17795021234024497
78.0 68.0 0.22706674754631373
78.0 70.0 0.2716994686173218
78.0 72.0 0.3074969038088592
78.0 74.0 0.3240134761017725
78.0 76.0 0.31273138947231544
78.0 78.0 0.27614839983649914
78.0 80.0 0.22520621455952447
78.0 82.0 0.15737820622210333
78.0 84.0 0.06972776208430048
78.0 86.0 0.0
78.0 88.0 0.0
78.0 90.0 0.0
78.0 92.0 0.0
78.0 94.0 0.0
78.0 96.0 0.0
78.0 98.0 0.0
78.0 100.0 0.0
78.0 102.0 0.0
78.0 104.0 0.0
78.0 106.0 0.0
78.0 108.0 0.0
78.0 110.0 0.011276888557958978
78.0 112.0 0.035393945218495454
78.0 114.0 0.0720705263139425
78.0 116.0 0.10912622701911197
78.0 118.0 0.14902532513766473
78.0 120.0 0.20384899966512995
78.0 122.0 0.2758218824688927
78.0 124.0 0.38594556322503676
78.0 126.0 0.0
80.0 0.0 0.0
80.0 2.0 0.0
80.0 4.0 0.27324310532449286
80.0 6.0 0.1288992628744076
80.0 8.0 0.10320161127906251
80.0 10.0 0.15833336548470006
80.0 12.0 0.2676283575285699
80.0 14.0 0.3619456060420718
80.0 16.0 0.4226597650975931
80.0 18.0 0.4514863295071659
80.0 20.0 0.4566203347320372
80.0 22.0 0.49252442293844395
80.0 24.0 0.4697997414770096
80.0 26.0 0.38812724077817906
80.0 28.0 0.3092748514873291
80.0 30.0 0.17920577916405359
80.0 32.0 0.0016402073877301705
80.0 34.0 0.0
80.0 36.0 0.0
80.0 38.0 0.0
80.0 40.0 0.0
80.0 42.0 0.0
80.0 44.0 0.0
80.0 46.0 0.0
80.0 48.0 0.0
80.0 50.0 0.0
80.0 52.0 0.0
80.0 54.0 0.0
80.0 56.0 0.0
80.0 58.0 0.009327567136126398
80.0 60.0 0.0422158870685318
80.0 62.0 0.09119528545844857
80.0 64.0 0.13019190154812435
80.0 66.0 0.16512519185043076
80.0 68.0 0.19302157807645548
80.0 70.0 0.21995261029519098
80.0 72.0 0.23689927224348759
80.0 74.0 0.23633544722109145
80.0 76.0 0.20924436314448638
80.0 78.0 0.18325625553538286
80.0 80.0 0.1488239664712497
80.0 82.0 0.1085325533971165
80.0 84.0 0.005564333850983368
80.0 86.0 0.0
80.0 88.0 0.0
80.0 90.0 0.0
80.0 92.0 0.0
80.0 94.0 0.0
80.0 96.0 0.0
80.0 98.0 0.0
80.0 100.0 0.0
80.0 102.0 0.0
80.0 104.0 0.0
80.0 106.0 0.0
80.0 108.0 0.01462263179671367
80.0 110.0 0.03466459781250336
80.0 112.0 0.05663596976041094
80.0 114.0 0.08367151825951169
80.0 116.0 0.11095711868775138
80.0 118.0 0.14768316539123963
80.0 120.0 0.2061046817173734
80.0 122.0 0.27988921558250135
80.0 124.0 0.37666155570072285
80.0 126.0 0.0
82.0 0.0 0.0
82.0 2.0 0.0
82.0 4.0 0.27876424626142665
82.0 6.0 0.09372766105296333
82.0 8.0 0.06099924330483147
82.0 10.0 0.11000332111867399
82.0 12.0 0.18814376672174293
82.0 14.0 0.28714591559956537
82.0 16.0 0.333701107051061
82.0 18.0 0.38396460094650037
82.0 20.0 0.4260261696042075
82.0 22.0 0.44737406485165737
82.0 24.0 0.4063213996754171
82.0 26.0 0.3290298769300816
82.0 28.0 0.24568826828622325
82.0 30.0 0.08806633787220904
82.0 32.0 0.0
82.0 34.0 0.0
82.0 36.0 0.0
82.0 38.0 0.0
82.0 40.0 0.0
82.0 42.0 0.0
82.0 44.0 0.0
82.0 46.0 0.0
82.0 48.0 0.0
82.0 50.0 0.0
82.0 52.0 0.0
82.0 54.0 0.0
82.0 56.0 0.01763005230933345
82.0 58.0 0.05284760570146277
82.0 60.0 0.08031877277811005
82.0 62.0 0.11030051149790486
82.0 64.0 0.12639820987171158
82.0 66.0 0.13858816587638212
82.0 68.0 0.1489830688445368
82.0 70.0 0.15530644787620435
82.0 72.0 0.15393599242598127
82.0 74.0 0.14571931274388336
82.0 76.0 0.13418987510629046
82.0 78.0 0.11563654300922695
82.0 80.0 0.0915446036523616
82.0 82.0 0.049491299292230694
82.0 84.0 8.1157170693899E-4
82.0 86.0 0.0
82.0 88.0 0.0
82.0 90.0 0.0
82.0 92.0 0.0
82.0 94.0 0.0
82.0 96.0 0.0
82.0 98.0 0.0
82.0 100.0 0.0
82.0 102.0 0.0
82.0 104.0 0.0
82.0 106.0 0.006213759115262456
82.0 108.0 0.030058193309531262
82.0 110.0 0.050152680019011874
82.0 112.0 0.06639136151608786
82.0 114.0 0.09442527774726889
82.0 116.0 0.11367899106992362
82.0 118.0 0.13875323436542944
82.0 120.0 0.19439735176386294
82.0 122.0 0.26422331186390674
82.0 124.0 0.3330628501319756
82.0 126.0 0.0
84.0 0.0 0.0
84.0 2.0 0.0
84.0 4.0 0.22328225472944996
84.0 6.0 0.057715364785671804
84.0 8.0 0.03733035711406672
84.0 10.0 0.05379738688508034
84.0 12.0 0.10434101654712469
84.0 14.0 0.18420336324743983
84.0 16.0 0.2573063629311581
84.0 18.0 0.2942800634772253
84.0 20.0 0.3199654313918228
84.0 22.0 0.3174529623639809
84.0 24.0 0.27222274873296176
84.0 26.0 0.23242219676914613
84.0 28.0 0.16492282865697946
84.0 30.0 0.014855215854327126
84.0 32.0 0.0
84.0 34.0 0.0
84.0 36.0 0.0
84.0 38.0 0.0
84.0 40.0 0.0
84.0 42.0 0.0
84.0 44.0 0.0
84.0 46.0 0.0
84.0 48.0 0.0
84.0 50.0 0.0
84.0 52.0 0.0
84.0 54.0 0.026669048941568185
84.0 56.0 0.07609724830771193
84.0 58.0 0.0992990211247637
84.0 60.0 0.10351893185586841
84.0 62.0 0.10325054801964605
84.0 64.0 0.10251364675642012
84.0 66.0 0.09619479975447282
84.0 68.0 0.08799833669781894
84.0 70.0 0.07815167892173742
84.0 72.0 0.07270466320347811
84.0 74.0 0.06795864973570402
84.0 76.0 0.057591132105107044
84.0 78.0 0.04729050644766932
84.0 80.0 0.03661380266462513
84.0 82.0 0.015086886628172954
84.0 84.0 0.0
84.0 86.0 0.0
84.0 88.0 0.0
84.0 90.0 0.0
84.0 92.0 0.0
84.0 94.0 0.0
84.0 96.0 0.0
84.0 98.0 0.0
84.0 100.0 0.0
84.0 102.0 0.0
84.0 104.0 0.006738827558811171
84.0 106.0 0.030011887002345385
84.0 108.0 0.05240266955417553
84.0 110.0 0.07578362292816622
84.0 112.0 0.08660460863372259
84.0 114.0 0.09449079924032806
84.0 116.0 0.11526060433534158
84.0 118.0 0.12227793912439033
84.0 120.0 0.15334914036422712
84.0 122.0 0.2111048912111447
84.0 124.0 0.0
84.0 126.0 0.0
86.0 0.0 0.0
86.0 2.0 0.0
86.0 4.0 0.0
86.0 6.0 0.08756335802830628
86.0 8.0 0.022796714220643905
86.0 10.0 0.02701081328825018
86.0 12.0 0.057575738086645956
86.0 14.0 0.1083860061951008
86.0 16.0 0.16596945987205577
86.0 18.0 0.1907933121587391
86.0 20.0 0.19372734790816504
86.0 22.0 0.18472056337229834
86.0 24.0 0.17842826417262114
86.0 26.0 0.14613719480194318
86.0 28.0 0.06723854328041769
86.0 30.0 0.0
86.0 32.0 0.0
86.0 34.0 0.0
86.0 36.0 0.0
86.0 38.0 0.0
86.0 40.0 0.0
86.0 42.0 0.0
86.0 44.0 0.0
86.0 46.0 0.0
86.0 48.0 0.0
86.0 50.0 0.0028927253669210197
86.0 52.0 0.05877666363193071
86.0 54.0 0.12488997878520315
86.0 56.0 0.15484764776403306
86.0 58.0 0.12489668520889087
86.0 60.0 0.09883158179776426
86.0 62.0 0.07706595774901616
86.0 64.0 0.06226921782229377
86.0 66.0 0.040163557428540136
86.0 68.0 0.020130210953410943
86.0 70.0 0.009666448004296562
86.0 72.0 0.0042804745591759315
86.0 74.0 0.001646136702109522
86.0 76.0 0.002209879215985235
86.0 78.0 0.003837847675448914
86.0 80.0 0.005827255494086184
86.0 82.0 0.008978905570382572
86.0 84.0 0.0
86.0 86.0 0.0
86.0 88.0 0.0
86.0 90.0 0.0
86.0 92.0 0.0
86.0 94.0 0.0
86.0 96.0 0.0
86.0 98.0 0.0
86.0 100.0 3.1223404264287837E-4
86.0 102.0 0.012382992819849246
86.0 104.0 0.03951196826202109
86.0 106.0 0.0693102706391439
86.0 108.0 0.07996051725945026
86.0 110.0 0.10231434672211144
86.0 112.0 0.10919359084787417
86.0 114.0 0.10556789709100388
86.0 116.0 0.11116732064497227
86.0 118.0 0.095772190496124
86.0 120.0 0.07000100229228266
86.0 122.0 0.06600998070757068
86.0 124.0 0.0
86.0 126.0 0.0
88.0 0.0 0.0
88.0 2.0 0.0
88.0 4.0 0.0
88.0 6.0 0.01941189901424063
88.0 8.0 0.0
88.0 10.0 0.0
88.0 12.0 0.00992043263638904
88.0 14.0 0.04555865526368783
88.0 16.0 0.08865682518646704
88.0 18.0 0.09190659596698114
88.0 20.0 0.08489902229951247
88.0 22.0 0.10051232834622859
88.0 24.0 0.10990381011038768
88.0 26.0 0.08280335618971864
88.0 28.0 0.013345569840678957
88.0 30.0 0.0
88.0 32.0 0.0
88.0 34.0 0.0
88.0 36.0 0.0
88.0 38.0 0.0
88.0 40.0 0.0
88.0 42.0 0.0
88.0 44.0 0.0
88.0 46.0 0.0
88.0 48.0 0.014149447662183639
88.0 50.0 0.09314305168582875
88.0 52.0 0.1740208877335232
88.0 54.0 0.20624088053093545
88.0 56.0 0.1925182111585069
88.0 58.0 0.14867611605518324
88.0 60.0 0.08607699100030082
88.0 62.0 0.04169700096952878
88.0 64.0 0.02088061987880722
88.0 66.0 0.005136802065178866
88.0 68.0 0.0
88.0 70.0 0.0
88.0 72.0 0.0
88.0 74.0 0.0
88.0 76.0 0.0
88.0 78.0 2.7033240235455905E-5
88.0 80.0 0.005325905312888933
88.0 82.0 0.0
88.0 84.0 0.0
88.0 86.0 0.0
88.0 88.0 0.0
88.0 90.0 6.582969354601773E-5
88.0 92.0 0.012919040985908634
88.0 94.0 0.020408394957926315
88.0 96.0 0.030593394578581828
88.0 98.0 0.05347470658660667
88.0 100.0 0.055542882972357176
88.0 102.0 0.0662216758096383
88.0 104.0 0.09771778768133699
88.0 106.0 0.13474660184913292
88.0 108.0 0.15657664951048264
88.0 110.0 0.15492625638780022
88.0 112.0 0.1389580925321455
88.0 114.0 0.11596162918166288
88.0 116.0 0.09200641711394807
88.0 118.0 0.048486179890425286
88.0 120.0 0.01085629404438288
88.0 122.0 0.0
88.0 124.0 0.0
88.0 126.0 0.0
90.0 0.0 0.0
90.0 2.0 0.0
90.0 4.0 0.0
90.0 6.0 0.0
90.0 8.0 0.0
90.0 10.0 0.0
90.0 12.0 0.0
90.0 14.0 0.0037207420913459646
90.0 16.0 0.029163252306924774
90.0 18.0 0.02126081764105014
90.0 20.0 0.014128869364758566
90.0 22.0 0.04769560439540164
90.0 24.0 0.05567006919721044
90.0 26.0 0.03433647504661037
90.0 28.0 0.0072940323670450035
90.0 30.0 0.0
90.0 32.0 0.0
90.0 34.0 0.0
90.0 36.0 0.0
90.0 38.0 0.0
90.0 40.0 0.0
90.0 42.0 0.0
90.0 44.0 0.0
90.0 46.0 0.012218354692128808
90.0 48.0 0.1006691984893764
90.0 50.0 0.17833091906324308
90.0 52.0 0.22045151912910657
90.0 54.0 0.22589781645702164
90.0 56.0 0.19821572800945578
90.0 58.0 0.14057052845825171
90.0 60.0 0.06567601318097731
90.0 62.0 0.013429983646275935
90.0 64.0 0.0
90.0 66.0 0.0
90.0 68.0 0.0
90.0 70.0 0.0
90.0 72.0 0.0
90.0 74.0 0.0
90.0 76.0 0.0
90.0 78.0 0.0
90.0 80.0 0.0
90.0 82.0 0.0
90.0 84.0 0.0
90.0 86.0 0.0
90.0 88.0 0.0
90.0 90.0 0.00560805092087192
90.0 92.0 0.03969031699108527
90.0 94.0 0.07127390143020684
90.0 96.0 0.09463349929472968
90.0 98.0 0.13577145821605197
90.0 100.0 0.15424049932551118
90.0 102.0 0.17728705349253757
90.0 104.0 0.1999684961976903
90.0 106.0 0.23235735517840683
90.0 108.0 0.24455193109412324
90.0 110.0 0.2293522954889103
90.0 112.0 0.1847092102443172
90.0 114.0 0.12468239280685482
90.0 116.0 0.05642466043592176
90.0 118.0 0.005253792986203882
90.0 120.0 0.0
90.0 122.0 0.0
90.0 124.0 0.0
90.0 126.0 0.0
92.0 0.0 0.0
92.0 2.0 0.0
92.0 4.0 0.0
92.0 6.0 0.0
92.0 8.0 0.0
92.0 10.0 0.0
92.0 12.0 0.0
92.0 14.0 0.0
92.0 16.0 0.0
92.0 18.0 6.649552045225844E-4
92.0 20.0 0.0
92.0 22.0 0.010049229925621806
92.0 24.0 0.019681082178879084
92.0 26.0 0.009276946396720923
92.0 28.0 3.124423933604678E-4
92.0 30.0 0.0
92.0 32.0 0.0
92.0 34.0 0.0
92.0 36.0 0.0
92.0 38.0 0.0
92.0 40.0 0.0
92.0 42.0 0.0
92.0 44.0 0.02182603805131332
92.0 46.0 0.12378940249658159
92.0 48.0 0.2146448726775293
92.0 50.0 0.2745318426906373
92.0 52.0 0.29126703459357217
92.0 54.0 0.2585914141669449
92.0 56.0 0.19896909222744422
92.0 58.0 0.12258364320881414
92.0 60.0 0.04532500152217667
92.0 62.0 0.001572695537830269
92.0 64.0 0.0
92.0 66.0 0.0
92.0 68.0 0.0
92.0 70.0 0.0
92.0 72.0 0.0
92.0 74.0 0.0
92.0 76.0 0.0
92.0 78.0 0.0
92.0 80.0 0.0
92.0 82.0 0.0
92.0 84.0 0.0
92.0 86.0 0.0
92.0 88.0 0.0
92.0 90.0 0.009463593944794997
92.0 92.0 0.05423991224509716
92.0 94.0 0.10115056171759336
92.0 96.0 0.12773563078526853
92.0 98.0 0.16991274294488654
92.0 100.0 0.22548843032136565
92.0 102.0 0.27221552471074756
92.0 104.0 0.3229923624139734
92.0 106.0 0.3342661205538841
92.0 108.0 0.3327118963965724
92.0 110.0 0.304613950084633
92.0 112.0 0.23735604809006736
92.0 114.0 0.13369845484949708
92.0 116.0 0.015121105597838089
92.0 118.0 0.0
92.0 120.0 0.0
92.0 122.0 0.0
92.0 124.0 0.0
92.0 126.0 0.0
94.0 0.0 0.0
94.0 2.0 0.0
94.0 4.0 0.0
94.0 6.0 0.0
94.0 8.0 0.0
94.0 10.0 0.0
94.0 12.0 0.0
94.0 14.0 0.0
94.0 16.0 0.0
94.0 18.0 0.0
94.0 20.0 0.0
94.0 22.0 1.9411109058464803E-4
94.0 24.0 0.0032323983558048383
94.0 26.0 5.082629940463401E-4
94.0 28.0 0.0
94.0 30.0 0.0
94.0 32.0 0.0
94.0 34.0 0.0
94.0 36.0 0.0
94.0 38.0 0.0
94.0 40.0 0.0
94.0 42.0 0.024033143073039814
94.0 44.0 0.15924910149852192
94.0 46.0 0.28736259656938495
94.0 48.0 0.3679754730061069
94.0 50.0 0.3719263948188975
94.0 52.0 0.34941239752592795
94.0 54.0 0.30007050875174
94.0 56.0 0.22238772715456456
94.0 58.0 0.12888694080124224
94.0 60.0 0.026841713297981577
94.0 62.0 0.0
94.0 64.0 0.0
94.0 66.0 0.0
94.0 68.0 0.0
94.0 70.0 0.0
94.0 72.0 0.0
94.0 74.0 0.0
94.0 76.0 0.0
94.0 78.0 0.0
94.0 80.0 0.0
94.0 82.0 0.0
94.0 84.0 0.0
94.0 86.0 0.0016028899406805347
94.0 88.0 0.004618591088448201
94.0 90.0 0.018729338827931884
94.0 92.0 0.05071153716094331
94.0 94.0 0.10518993820637558
94.0 96.0 0.14415672666722315
94.0 98.0 0.1946136741257621
94.0 100.0 0.27472054458737144
94.0 102.0 0.33761113846160556
94.0 104.0 0.4091822712068351
94.0 106.0 0.4187341884433548
94.0 108.0 0.39720510697883255
94.0 110.0 0.3594802569847891
94.0 112.0 0.2751886976292887
94.0 114.0 0.13708903409721135
94.0 116.0 0.0013521316953432059
94.0 118.0 0.0
94.0 120.0 0.0
94.0 122.0 0.0
94.0 124.0 0.0
94.0 126.0 0.0
96.0 0.0 0.0
96.0 2.0 0.0
96.0 4.0 0.0
96.0 6.0 0.0
96.0 8.0 0.0
96.0 10.0 0.0
96.0 12.0 0.0
96.0 14.0 0.0
96.0 16.0 0.0
96.0 18.0 0.0
96.0 20.0 0.0
96.0 22.0 0.0
96.0 24.0 0.0
96.0 26.0 0.0
96.0 28.0 0.0
96.0 30.0 0.0
96.0 32.0 0.0
96.0 34.0 0.0
96.0 36.0 0.0053940190100812135
96.0 38.0 0.0028033330857057427
96.0 40.0 0.035020021061350874
96.0 42.0 0.16148659154822162
96.0 44.0 0.30042780731158397
96.0 46.0 0.408660243455212
96.0 48.0 0.45383356618030435
96.0 50.0 0.42954572138853325
96.0 52.0 0.394298881254612
96.0 54.0 0.3391139148647047
96.0 56.0 0.25272585887701526
96.0 58.0 0.13873789488932783
96.0 60.0 0.01782331057268392
96.0 62.0 0.0
96.0 64.0 0.0
96.0 66.0 0.0
96.0 68.0 0.0
96.0 70.0 0.0
96.0 72.0 0.0
96.0 74.0 0.0
96.0 76.0 0.0
96.0 78.0 0.0
96.0 80.0 0.0
96.0 82.0 0.0
96.0 84.0 0.0
96.0 86.0 0.0037892526068447566
96.0 88.0 0.016452303658647534
96.0 90.0 0.037091643364566586
96.0 92.0 0.06053579528032938
96.0 94.0 0.10454604857841858
96.0 96.0 0.1543576583196572
96.0 98.0 0.2059587381526747
96.0 100.0 0.29382347677906373
96.0 102.0 0.3787611890628855
96.0 104.0 0.43983414894910333
96.0 106.0 0.4684295045753131
96.0 108.0 0.461609305990331
96.0 110.0 0.393631513445603
96.0 112.0 0.2877196431228671
96.0 114.0 0.1147214991533529
96.0 116.0 0.0
96.0 118.0 0.0
96.0 120.0 0.0
96.0 122.0 0.0
96.0 124.0 0.0
96.0 126.0 0.0
98.0 0.0 0.0
98.0 2.0 0.0
98.0 4.0 0.0
98.0 6.0 0.0
98.0 8.0 0.0
98.0 10.0 0.0
98.0 12.0 0.0
98.0 14.0 0.0
98.0 16.0 0.0
98.0 18.0 0.0
98.0 20.0 0.0
98.0 22.0 0.0
98.0 24.0 0.0
98.0 26.0 0.0
98.0 28.0 0.0
98.0 30.0 0.0
98.0 32.0 0.0
98.0 34.0 0.0
98.0 36.0 0.012759163523933347
98.0 38.0 0.02026892586258987
98.0 40.0 0.1187012571263051
98.0 42.0 0.26161442505629834
98.0 44.0 0.3811730861834551
98.0 46.0 0.46538199190373425
98.0 48.0 0.48535828298779754
98.0 50.0 0.4430317010951634
98.0 52.0 0.4252125017063435
98.0 54.0 0.37505987730583085
98.0 56.0 0.2831259730204394
98.0 58.0 0.15091490475601968
98.0 60.0 0.01816492523246863
98.0 62.0 0.0
98.0 64.0 0.0
98.0 66.0 0.0
98.0 68.0 0.0
98.0 70.0 0.0
98.0 72.0 0.0
98.0 74.0 0.0
98.0 76.0 0.0
98.0 78.0 0.0
98.0 80.0 0.0
98.0 82.0 0.0
98.0 84.0 0.0
98.0 86.0 8.214496316963261E-5
98.0 88.0 0.005803055680676184
98.0 90.0 0.029676555244656896
98.0 92.0 0.06429453619402514
98.0 94.0 0.12412278397207217
98.0 96.0 0.18039715164801343
98.0 98.0 0.2576344099270349
98.0 100.0 0.3297097860930328
98.0 102.0 0.3877074575772714
98.0 104.0 0.4505128094936998
98.0 106.0 0.48618376908697175
98.0 108.0 0.46977558742864195
98.0 110.0 0.3837088585010659
98.0 112.0 0.25886970825596584
98.0 114.0 0.0646642927603454
98.0 116.0 0.0
98.0 118.0 0.0
98.0 120.0 0.0
98.0 122.0 0.0
98.0 124.0 0.0
98.0 126.0 0.0
100.0 0.0 0.0
100.0 2.0 0.0
100.0 4.0 0.0
100.0 6.0 0.0
100.0 8.0 0.0
100.0 10.0 0.0
100.0 12.0 0.0
100.0 14.0 0.0
100.0 16.0 0.0
100.0 18.0 0.0
100.0 20.0 0.0
100.0 22.0 0.0
100.0 24.0 0.0
100.0 26.0 0.0
100.0 28.0 0.0
100.0 30.0 0.0
100.0 32.0 0.0
100.0 34.0 0.001763381659974056
100.0 36.0 0.009149601056879285
100.0 38.0 0.04997391446499496
100.0 40.0 0.1786896403926578
100.0 42.0 0.3147312524630835
100.0 44.0 0.4143343066742247
100.0 46.0 0.4800007060213914
100.0 48.0 0.4794905870086323
100.0 50.0 0.4391905414055229
100.0 52.0 0.4316543778790507
100.0 54.0 0.3915681223463821
100.0 56.0 0.3049530498064877
100.0 58.0 0.1698018663388572
100.0 60.0 0.027851882917361598
100.0 62.0 0.0
100.0 64.0 0.0
100.0 66.0 0.0
100.0 68.0 0.0
100.0 70.0 0.0
100.0 72.0 0.0
100.0 74.0 0.0
100.0 76.0 0.0
100.0 78.0 0.0
100.0 80.0 0.0
100.0 82.0 0.0
100.0 84.0 0.0
100.0 86.0 0.0
100.0 88.0 0.0038801870828294
100.0 90.0 0.008531041194191697
100.0 92.0 0.06393946287099826
100.0 94.0 0.14813370560215527
100.0 96.0 0.21930443034879268
100.0 98.0 0.2835628971029926
100.0 100.0 0.3457464079963721
100.0 102.0 0.3903061652426511
100.0 104.0 0.410385624918765
100.0 106.0 0.47198008882223874
100.0 108.0 0.4553565964804534
100.0 110.0 0.34222958549143173
100.0 112.0 0.19198349862467778
100.0 114.0 0.018919068829761892
100.0 116.0 0.0
100.0 118.0 0.0
100.0 120.0 0.0
100.0 122.0 0.0
100.0 124.0 0.0
100.0 126.0 0.0
102.0 0.0 0.0
102.0 2.0 0.0
102.0 4.0 0.0
102.0 6.0 0.0
102.0 8.0 0.0
102.0 10.0 0.0
102.0 12.0 0.0
102.0 14.0 0.0
102.0 16.0 0.0
102.0 18.0 0.0
102.0 20.0 0.0
102.0 22.0 0.0
102.0 24.0 0.0
102.0 26.0 0.0
102.0 28.0 0.0
102.0 30.0 0.0
102.0 32.0 0.0
102.0 34.0 3.188241621323165E-4
102.0 36.0 0.01601352017886244
102.0 38.0 0.06893168144139654
102.0 40.0 0.21124060991538152
102.0 42.0 0.3330163787548476
102.0 44.0 0.4153193086290789
102.0 46.0 0.47574196401702523
102.0 48.0 0.4584167840002982
102.0 50.0 0.4321391358637856
102.0 52.0 0.4266227670897674
102.0 54.0 0.3918511434377821
102.0 56.0 0.3148302065912077
102.0 58.0 0.19470370290598923
102.0 60.0 0.053703058079747075
102.0 62.0 0.0
102.0 64.0 0.0
102.0 66.0 0.0
102.0 68.0 0.0
102.0 70.0 0.0
102.0 72.0 0.0
102.0 74.0 0.0
102.0 76.0 0.0
102.0 78.0 0.0
102.0 80.0 0.0
102.0 82.0 0.0
102.0 84.0 0.0
102.0 86.0 0.0
102.0 88.0 6.38901825670086E-4
102.0 90.0 0.005798230072935714
102.0 92.0 0.06992652218499631
102.0 94.0 0.1673290112921113
102.0 96.0 0.24343898575975986
102.0 98.0 0.3065742017076352
102.0 100.0 0.35743821989998814
102.0 102.0 0.38455315807916635
102.0 104.0 0.3979696226701524
102.0 106.0 0.4439079578967855
102.0 108.0 0.40856443529468217
102.0 110.0 0.2644153317007784
102.0 112.0 0.09804617684565853
102.0 114.0 0.0
102.0 116.0 0.0
102.0 118.0 0.0
102.0 120.0 0.0
102.0 122.0 0.0
102.0 124.0 0.0
102.0 126.0 0.0
104.0 0.0 0.0
104.0 2.0 0.0
104.0 4.0 0.0
104.0 6.0 0.0
104.0 8.0 0.0
104.0 10.0 0.0
104.0 12.0 0.0
104.0 14.0 0.0
104.0 16.0 0.0
104.0 18.0 0.0
104.0 20.0 0.0
104.0 22.0 0.0
104.0 24.0 0.0
104.0 26.0 0.0
104.0 28.0 0.0
104.0 30.0 0.0
104.0 32.0 0.0
104.0 34.0 0.0
104.0 36.0 0.004730888786342162
104.0 38.0 0.07260602510133882
104.0 40.0 0.21504381660480346
104.0 42.0 0.324103324775408
104.0 44.0 0.39909291665224905
104.0 46.0 0.45757020105960106
104.0 48.0 0.4349896188472531
104.0 50.0 0.4123825240190329
104.0 52.0 0.4090708400777902
104.0 54.0 0.37959828338310136
104.0 56.0 0.31377376487394815
104.0 58.0 0.21235238907954623
104.0 60.0 0.08710641406464936
104.0 62.0 0.0
104.0 64.0 0.0
104.0 66.0 0.0
104.0 68.0 0.0
104.0 70.0 0.0
104.0 72.0 0.0
104.0 74.0 0.0
104.0 76.0 0.0
104.0 78.0 0.0
104.0 80.0 0.0
104.0 82.0 0.0
104.0 84.0 0.0
104.0 86.0 0.0
104.0 88.0 0.0
104.0 90.0 9.444418325636425E-4
104.0 92.0 0.06705704832548358
104.0 94.0 0.1747603712469683
104.0 96.0 0.2604054149308291
104.0 98.0 0.32729272373579654
104.0 100.0 0.3689552221231924
104.0 102.0 0.38023137976149896
104.0 104.0 0.3830946398507889
104.0 106.0 0.4127549013084211
104.0 108.0 0.3403941499644696
104.0 110.0 0.16270883519303345
104.0 112.0 0.016494791491421176
104.0 114.0 0.0
104.0 116.0 0.0
104.0 118.0 0.0
104.0 120.0 0.0
104.0 122.0 0.0
104.0 124.0 0.0
104.0 126.0 0.0
106.0 0.0 0.0
106.0 2.0 0.0
106.0 4.0 0.0
106.0 6.0 0.0
106.0 8.0 0.0
106.0 10.0 0.0
106.0 12.0 0.0
106.0 14.0 0.0
106.0 16.0 0.0
106.0 18.0 0.0
106.0 20.0 0.0
106.0 22.0 0.0
106.0 24.0 0.0
106.0 26.0 0.0
106.0 28.0 0.0
106.0 30.0 0.0
106.0 32.0 0.0
106.0 34.0 0.0
106.0 36.0 6.886173505552925E-5
106.0 38.0 0.05586088081873445
106.0 40.0 0.19131887212274204
106.0 42.0 0.2941623527245273
106.0 44.0 0.3663539576041989
106.0 46.0 0.42674932922028797
106.0 48.0 0.39282694003466223
106.0 50.0 0.38412968527981284
106.0 52.0 0.384406990890169
106.0 54.0 0.35791992608692264
106.0 56.0 0.30353057576156184
106.0 58.0 0.22263636656921015
106.0 60.0 0.12266458406022564
106.0 62.0 0.009123527479028089
106.0 64.0 0.0
106.0 66.0 0.0
106.0 68.0 0.0
106.0 70.0 0.0
106.0 72.0 0.0
106.0 74.0 0.0
106.0 76.0 0.0
106.0 78.0 0.0
106.0 80.0 0.0
106.0 82.0 0.0
106.0 84.0 0.0
106.0 86.0 0.0
106.0 88.0 0.0
106.0 90.0 0.0
106.0 92.0 0.04570902048971682
106.0 94.0 0.15840386899678163
106.0 96.0 0.2598995418781051
106.0 98.0 0.33550746331907827
106.0 100.0 0.370670285905948
106.0 102.0 0.3686041932516553
106.0 104.0 0.3638875212480566
106.0 106.0 0.35184032771724016
106.0 108.0 0.25256208977933753
106.0 110.0 0.04758201539605731
106.0 112.0 0.0
106.0 114.0 0.0
106.0 116.0 0.0
106.0 118.0 0.0
106.0 120.0 0.0
106.0 122.0 0.0
106.0 124.0 0.0
106.0 126.0 0.0
108.0 0.0 0.0
108.0 2.0 0.0
108.0 4.0 0.0
108.0 6.0 0.0
108.0 8.0 0.0
108.0 10.0 0.0
108.0 12.0 0.0
108.0 14.0 0.0
108.0 16.0 0.0
108.0 18.0 0.0
108.0 20.0 0.0
108.0 22.0 0.0
108.0 24.0 0.0
108.0 26.0 0.0
108.0 28.0 0.0
108.0 30.0 0.0
108.0 32.0 0.0
108.0 34.0 0.0
108.0 36.0 0.0
108.0 38.0 0.03163890984961144
108.0 40.0 0.15392558012999039
108.0 42.0 0.24513576184866634
108.0 44.0 0.31624481279746414
108.0 46.0 0.3781308945274385
108.0 48.0 0.426732074740529
108.0 50.0 0.417018986744029
108.0 52.0 0.33718013038772326
108.0 54.0 0.32839125046944845
108.0 56.0 0.28547976809505704
108.0 58.0 0.22260452069246225
108.0 60.0 0.14575736673939443
108.0 62.0 0.031691557868849425
108.0 64.0 0.0
108.0 66.0 0.0
108.0 68.0 0.0
108.0 70.0 0.0
108.0 72.0 0.0
108.0 74.0 0.0
108.0 76.0 0.0
108.0 78.0 0.0
108.0 80.0 0.0
108.0 82.0 0.0
108.0 84.0 0.0
108.0 86.0 0.0
108.0 88.0 0.0
108.0 90.0 0.0
108.0 92.0 0.012772490538261625
108.0 94.0 0.12993378237332445
108.0 96.0 0.25557912920448045
108.0 98.0 0.3328313199949491
108.0 100.0 0.36313536062320034
108.0 102.0 0.34771833977617755
108.0 104.0 0.31976116913216507
108.0 106.0 0.2813467462754001
108.0 108.0 0.13358520622860331
108.0 110.0 0.0
108.0 112.0 0.0
108.0 114.0 0.0
108.0 116.0 0.0
108.0 118.0 0.0
108.0 120.0 0.0
108.0 122.0 0.0
108.0 124.0 0.0
108.0 126.0 0.0
110.0 0.0 0.0
110.0 2.0 0.0
110.0 4.0 0.0
110.0 6.0 0.0
110.0 8.0 0.0
110.0 10.0 0.0
110.0 12.0 0.0
110.0 14.0 0.0
110.0 16.0 0.0
110.0 18.0 0.0
110.0 20.0 0.0
110.0 22.0 0.0
110.0 24.0 0.0
110.0 26.0 0.0
110.0 28.0 0.0
110.0 30.0 0.0
110.0 32.0 0.0
110.0 34.0 0.0
110.0 36.0 0.0
110.0 38.0 0.0
110.0 40.0 0.08381300785763057
110.0 42.0 0.18171787211702506
110.0 44.0 0.2563778700810179
110.0 46.0 0.32131777978025655
110.0 48.0 0.37082262660136084
110.0 50.0 0.3910348350896465
110.0 52.0 0.30461806073422054
110.0 54.0 0.2991049247668052
110.0 56.0 0.2653899055593014
110.0 58.0 0.21422873148823007
110.0 60.0 0.15537781522443003
110.0 62.0 0.06536836923242857
110.0 64.0 0.0
110.0 66.0 0.0
110.0 68.0 0.0
110.0 70.0 0.0
110.0 72.0 0.0
110.0 74.0 0.0
110.0 76.0 0.0
110.0 78.0 0.0
110.0 80.0 0.0
110.0 82.0 0.0
110.0 84.0 0.0
110.0 86.0 0.0
110.0 88.0 0.0
110.0 90.0 0.0
110.0 92.0 0.0010554633530992315
110.0 94.0 0.09691211125933002
110.0 96.0 0.23247433250126315
110.0 98.0 0.3087845965502601
110.0 100.0 0.3357961627988044
110.0 102.0 0.30525734475276906
110.0 104.0 0.2530002940005051
110.0 106.0 0.16833464242504334
110.0 108.0 0.0
110.0 110.0 0.0
110.0 112.0 0.0
110.0 114.0 0.0
110.0 116.0 0.0
110.0 118.0 0.0
110.0 120.0 0.0
110.0 122.0 0.0
110.0 124.0 0.0
110.0 126.0 0.0
112.0 0.0 0.0
112.0 2.0 0.0
112.0 4.0 0.0
112.0 6.0 0.0
112.0 8.0 0.0
112.0 10.0 0.0
112.0 12.0 0.0
112.0 14.0 0.0
112.0 16.0 0.0
112.0 18.0 0.0
112.0 20.0 0.0
112.0 22.0 0.0
112.0 24.0 0.007558333447953174
112.0 26.0 0.0
112.0 28.0 0.0
112.0 30.0 0.0
112.0 32.0 0.0
112.0 34.0 0.0
112.0 36.0 0.0
112.0 38.0 0.0
112.0 40.0 0.038341130053570156
112.0 42.0 0.12197730026081256
112.0 44.0 0.18827836638307183
112.0 46.0 0.25007655330328576
112.0 48.0 0.29925945517406
112.0 50.0 0.33223265296817284
112.0 52.0 0.3008406871085106
112.0 54.0 0.25798892569158843
112.0 56.0 0.2388771195226803
112.0 58.0 0.22528981473499585
112.0 60.0 0.17703762734555215
112.0 62.0 0.10094702946389715
112.0 64.0 0.0012291095778257418
112.0 66.0 0.0
112.0 68.0 0.0
112.0 70.0 0.0
112.0 72.0 0.0
112.0 74.0 0.0
112.0 76.0 0.0
112.0 78.0 0.0
112.0 80.0 0.0
112.0 82.0 0.0
112.0 84.0 0.0
112.0 86.0 0.0
112.0 88.0 0.0
112.0 90.0 0.0
112.0 92.0 0.0
112.0 94.0 0.02481472546232515
112.0 96.0 0.15886636098745402
112.0 98.0 0.24236263843468
112.0 100.0 0.26359194310645734
112.0 102.0 0.22615583749521417
112.0 104.0 0.14217693939910098
112.0 106.0 0.0
112.0 108.0 0.0
112.0 110.0 0.0
112.0 112.0 0.0
112.0 114.0 0.0
112.0 116.0 0.0
112.0 118.0 0.0
112.0 120.0 0.0
112.0 122.0 0.0
112.0 124.0 0.0
112.0 126.0 0.0
114.0 0.0 0.0
114.0 2.0 0.0
114.0 4.0 0.0
114.0 6.0 0.0
114.0 8.0 0.0
114.0 10.0 0.0
114.0 12.0 0.0
114.0 14.0 0.0
114.0 16.0 0.0
114.0 18.0 0.0
114.0 20.0 0.0
114.0 22.0 0.0
114.0 24.0 0.0
114.0 26.0 0.009281015649148351
114.0 28.0 0.0
114.0 30.0 0.0
114.0 32.0 0.0
114.0 34.0 0.0
114.0 36.0 0.0
114.0 38.0 0.0
114.0 40.0 0.0059233638906266775
114.0 42.0 0.06216412240568168
114.0 44.0 0.1183407917881305
114.0 46.0 0.173408470767648
114.0 48.0 0.22351086446258872
114.0 50.0 0.2620790670063729
114.0 52.0 0.285088089988053
114.0 54.0 0.28159367913760697
114.0 56.0 0.24403729429380502
114.0 58.0 0.19548936236640388
114.0 60.0 0.12416642547660668
114.0 62.0 0.09083006849901422
114.0 64.0 0.03106423389467743
114.0 66.0 0.0
114.0 68.0 0.0
114.0 70.0 0.0
114.0 72.0 0.0
114.0 74.0 0.0
114.0 76.0 0.0
114.0 78.0 0.0
114.0 80.0 0.0
114.0 82.0 0.0
114.0 84.0 0.0
114.0 86.0 0.0
114.0 88.0 0.0
114.0 90.0 0.0
114.0 92.0 0.0
114.0 94.0 0.0
114.0 96.0 0.030987586808964813
114.0 98.0 0.10998071511733488
114.0 100.0 0.1319153283148321
114.0 102.0 0.0
114.0 104.0 0.0
114.0 106.0 0.0
114.0 108.0 0.0
114.0 110.0 0.0
114.0 112.0 0.0
114.0 114.0 0.0
114.0 116.0 0.0
114.0 118.0 0.0
114.0 120.0 0.0
114.0 122.0 0.0
114.0 124.0 0.0
114.0 126.0 0.0
116.0 0.0 0.0
116.0 2.0 0.0
116.0 4.0 0.0
116.0 6.0 0.0
116.0 8.0 0.0
116.0 10.0 0.0
116.0 12.0 0.0
116.0 14.0 0.0
116.0 16.0 0.0
116.0 18.0 0.0
116.0 20.0 0.0
116.0 22.0 0.0
116.0 24.0 0.0
116.0 26.0 0.0
116.0 28.0 0.010471148434435978
116.0 30.0 0.0
116.0 32.0 0.0
116.0 34.0 0.0
116.0 36.0 0.0
116.0 38.0 0.0
116.0 40.0 0.0
116.0 42.0 0.012117590346974821
116.0 44.0 0.04315926380344074
116.0 46.0 0.09041605037636218
116.0 48.0 0.13911209530607196
116.0 50.0 0.18157665049169788
116.0 52.0 0.21218236756407902
116.0 54.0 0.2172234609232225
116.0 56.0 0.1881870420792339
116.0 58.0 0.15289128986593947
116.0 60.0 0.11043465219990871
116.0 62.0 0.06264289008277406
116.0 64.0 0.05597520431401295
116.0 66.0 0.005359187746979144
116.0 68.0 0.0
116.0 70.0 0.0
116.0 72.0 0.0
116.0 74.0 0.0
116.0 76.0 0.0
116.0 78.0 0.0
116.0 80.0 0.0
116.0 82.0 0.0
116.0 84.0 0.0
116.0 86.0 0.0
116.0 88.0 0.0
116.0 90.0 0.0
116.0 92.0 0.0
116.0 94.0 0.0
116.0 96.0 0.0
116.0 98.0 0.0020612583720162067
116.0 100.0 0.0
116.0 102.0 0.0
116.0 104.0 0.0
116.0 106.0 0.0
116.0 108.0 0.0
116.0 110.0 0.0
116.0 112.0 0.0
116.0 114.0 0.0
116.0 116.0 0.0
116.0 118.0 0.0
116.0 120.0 0.0
116.0 122.0 0.0
116.0 124.0 0.0
116.0 126.0 0.0
118.0 0.0 0.0
118.0 2.0 0.0
118.0 4.0 0.0
118.0 6.0 0.0
118.0 8.0 0.0
118.0 10.0 0.0
118.0 12.0 0.0
118.0 14.0 0.0
118.0 16.0 0.0
118.0 18.0 0.0
118.0 20.0 0.0
118.0 22.0 0.0
118.0 24.0 0.0
118.0 26.0 0.0
118.0 28.0 0.0
118.0 30.0 0.0
118.0 32.0 0.0012638755307074559
118.0 34.0 0.0
118.0 36.0 0.0
118.0 38.0 0.0
118.0 40.0 0.0
118.0 42.0 0.0
118.0 44.0 0.007985647006044773
118.0 46.0 0.023761282484611134
118.0 48.0 0.05676711669234988
118.0 50.0 0.0945879142685661
118.0 52.0 0.12835081383683702
118.0 54.0 0.1414246789493145
118.0 56.0 0.11735890903475998
118.0 58.0 0.09372834268902487
118.0 60.0 0.07549872392197429
118.0 62.0 0.049255547432192404
118.0 64.0 0.05035376331639813
118.0 66.0 0.06366718498479823
118.0 68.0 0.021034162556757847
118.0 70.0 0.009925939272165079
118.0 72.0 0.020354964109666935
118.0 74.0 0.013696916837350264
118.0 76.0 0.003151456832064035
118.0 78.0 0.0
118.0 80.0 0.0
118.0 82.0 0.0
118.0 84.0 0.0
118.0 86.0 0.0
118.0 88.0 0.0
118.0 90.0 0.0
118.0 92.0 0.0
118.0 94.0 0.0
118.0 96.0 0.0
118.0 98.0 0.0
118.0 100.0 0.0
118.0 102.0 0.0
118.0 104.0 0.0
118.0 106.0 0.0
118.0 108.0 0.0
118.0 110.0 0.0
118.0 112.0 0.0
118.0 114.0 0.0
118.0 116.0 0.0
118.0 118.0 0.0
118.0 120.0 0.0
118.0 122.0 0.0
118.0 124.0 0.0
118.0 126.0 0.0
120.0 0.0 0.0
120.0 2.0 0.0
120.0 4.0 0.0
120.0 6.0 0.0
120.0 8.0 0.0
120.0 10.0 0.0
120.0 12.0 0.0
120.0 14.0 0.0
120.0 16.0 0.0
120.0 18.0 0.0
120.0 20.0 0.0
120.0 22.0 0.0
120.0 24.0 0.0
120.0 26.0 0.0
120.0 28.0 0.0
120.0 30.0 0.0
120.0 32.0 0.0
120.0 34.0 0.0
120.0 36.0 0.0
120.0 38.0 0.0
120.0 40.0 0.0
120.0 42.0 0.0
120.0 44.0 0.0
120.0 46.0 0.0
120.0 48.0 0.0015909936688103014
120.0 50.0 0.015225606884134234
120.0 52.0 0.04001178087441492
120.0 54.0 0.05131336966724207
120.0 56.0 0.03360891704501887
120.0 58.0 0.022234123947371027
120.0 60.0 0.02803465015889844
120.0 62.0 0.03232062556883864
120.0 64.0 0.05529202724007867
120.0 66.0 0.09587914701394656
120.0 68.0 0.12086123882942297
120.0 70.0 0.13350334466506103
120.0 72.0 0.14110046689010933
120.0 74.0 0.1342883423687556
120.0 76.0 0.10585104610934533
120.0 78.0 0.052065914062126344
120.0 80.0 0.0
120.0 82.0 0.0
120.0 84.0 0.0
120.0 86.0 0.0
120.0 88.0 0.0
120.0 90.0 0.0
120.0 92.0 0.0
120.0 94.0 0.0
120.0 96.0 0.0
120.0 98.0 0.0
120.0 100.0 0.0
120.0 102.0 0.0
120.0 104.0 0.0
120.0 106.0 0.0
120.0 108.0 0.0
120.0 110.0 0.0
120.0 112.0 0.0
120.0 114.0 0.0
120.0 116.0 0.0
120.0 118.0 0.0
120.0 120.0 0.0
120.0 122.0 0.0
120.0 124.0 0.0
120.0 126.0 0.0
122.0 0.0 0.0
122.0 2.0 0.0
122.0 4.0 0.0
122.0 6.0 0.0
122.0 8.0 0.0
122.0 10.0 0.0
122.0 12.0 0.0
122.0 14.0 0.0
122.0 16.0 0.0
122.0 18.0 0.0
122.0 20.0 0.0
122.0 22.0 0.0
122.0 24.0 0.0
122.0 26.0 0.0
122.0 28.0 0.0
122.0 30.0 0.0
122.0 32.0 0.0
122.0 34.0 0.0
122.0 36.0 0.0
122.0 38.0 0.0
122.0 40.0 0.0
122.0 42.0 0.0
122.0 44.0 0.0
122.0 46.0 0.0
122.0 48.0 0.0
122.0 50.0 0.0
122.0 52.0 0.0
122.0 54.0 0.005080585138642653
122.0 56.0 0.0
122.0 58.0 0.0
122.0 60.0 0.006007763590002991
122.0 62.0 0.022523374974585873
122.0 64.0 0.0604500993656529
122.0 66.0 0.12047865515688234
122.0 68.0 0.1759326385994768
122.0 70.0 0.21931071842171224
122.0 72.0 0.23957385533047812
122.0 74.0 0.23671459340387677
122.0 76.0 0.20586417670843415
122.0 78.0 0.14247584315403103
122.0 80.0 0.05210687647158114
122.0 82.0 0.0
122.0 84.0 0.0
122.0 86.0 0.0
122.0 88.0 0.0
122.0 90.0 0.0
122.0 92.0 0.0
122.0 94.0 0.0
122.0 96.0 0.0
122.0 98.0 0.0
122.0 100.0 0.0
122.0 102.0 0.0
122.0 104.0 0.0
122.0 106.0 0.0
122.0 108.0 0.0
122.0 110.0 0.0
122.0 112.0 0.0
122.0 114.0 0.0
122.0 116.0 0.0
122.0 118.0 0.0
122.0 120.0 0.0
122.0 122.0 0.0
122.0 124.0 0.0
122.0 126.0 0.0
124.0 0.0 0.0
124.0 2.0 0.0
124.0 4.0 0.0
124.0 6.0 0.0
124.0 8.0 0.0
124.0 10.0 0.0
124.0 12.0 0.0
124.0 14.0 0.0
124.0 16.0 0.0
124.0 18.0 0.0
124.0 20.0 0.0
124.0 22.0 0.0
124.0 24.0 0.0
124.0 26.0 0.0
124.0 28.0 0.0
124.0 30.0 0.0
124.0 32.0 0.0
124.0 34.0 0.0
124.0 36.0 0.0
124.0 38.0 0.0
124.0 40.0 0.0
124.0 42.0 0.0
124.0 44.0 0.0
124.0 46.0 0.0
124.0 48.0 0.0
124.0 50.0 0.0
124.0 52.0 0.0
124.0 54.0 0.0
124.0 56.0 0.0
124.0 58.0 0.0
124.0 60.0 0.0
124.0 62.0 0.019252166798451938
124.0 64.0 0.07920860573693966
124.0 66.0 0.15016577715095028
124.0 68.0 0.22358805248436076
124.0 70.0 0.28496141571675415
124.0 72.0 0.3146737438501894
124.0 74.0 0.316066657155817
124.0 76.0 0.2845576598105775
124.0 78.0 0.21151943012096583
124.0 80.0 0.11946335703177109
124.0 82.0 0.0029648095428445906
124.0 84.0 0.0
124.0 86.0 0.0
124.0 88.0 0.0
124.0 90.0 0.0
124.0 92.0 0.0
124.0 94.0 0.0
124.0 96.0 0.0
124.0 98.0 0.0
124.0 100.0 0.0
124.0 102.0 0.0
124.0 104.0 0.0
124.0 106.0 0.0
124.0 108.0 0.0
124.0 110.0 0.0
124.0 112.0 0.0
124.0 114.0 0.0
124.0 116.0 0.0
124.0 118.0 0.0
124.0 120.0 0.0
124.0 122.0 0.0
124.0 124.0 0.0
124.0 126.0 0.0
126.0 0.0 0.0
126.0 2.0 0.0
126.0 4.0 0.0
126.0 6.0 0.0
126.0 8.0 0.0
126.0 10.0 0.0
126.0 12.0 0.0
126.0 14.0 0.0
126.0 16.0 0.0
126.0 18.0 0.0
126.0 20.0 0.0
126.0 22.0 0.0
126.0 24.0 0.0
126.0 26.0 0.0
126.0 28.0 0.0
126.0 30.0 0.0
126.0 32.0 0.0
126.0 34.0 0.0
126.0 36.0 0.0
126.0 38.0 0.0
126.0 40.0 0.0
126.0 42.0 0.0
126.0 44.0 0.0
126.0 46.0 0.0
126.0 48.0 0.0
126.0 50.0 0.0
126.0 52.0 0.0
126.0 54.0 0.0
126.0 56.0 0.0
126.0 58.0 0.0
126.0 60.0 0.0
126.0 62.0 0.0
126.0 64.0 0.0021690788124011087
126.0 66.0 0.11412937659838363
126.0 68.0 0.241427118418348
126.0 70.0 0.3323848375353467
126.0 72.0 0.3792335902207971
126.0 74.0 0.3585312235111357
126.0 76.0 0.0
126.0 78.0 0.0
126.0 80.0 0.0
126.0 82.0 0.0
126.0 84.0 0.0
126.0 86.0 0.0
126.0 88.0 0.0
126.0 90.0 0.0
126.0 92.0 0.0
126.0 94.0 0.0
126.0 96.0 0.0
126.0 98.0 0.0
126.0 100.0 0.0
126.0 102.0 0.0
126.0 104.0 0.0
126.0 106.0 0.0
126.0 108.0 0.0
126.0 110.0 0.0
126.0 112.0 0.0
126.0 114.0 0.0
126.0 116.0 0.0
126.0 118.0 0.0
126.0 120.0 0.0
126.0 122.0 0.0
126.0 124.0 0.0
126.0 126.0 0.0
