0.0 0.0 0.0
0.0 2.0 0.0
0.0 4.0 0.0
0.0 6.0 0.0
0.0 8.0 0.0
0.0 10.0 0.0
0.0 12.0 0.0
0.0 14.0 0.0
0.0 16.0 0.0
0.0 18.0 0.0
0.0 20.0 0.0
0.0 22.0 0.0
0.0 24.0 0.0
0.0 26.0 0.0
0.0 28.0 0.0
0.0 30.0 0.0
0.0 32.0 0.0
0.0 34.0 0.0
0.0 36.0 0.0
0.0 38.0 0.0
0.0 40.0 0.0
0.0 42.0 0.0
0.0 44.0 0.0
0.0 46.0 0.0
0.0 48.0 0.0
0.0 50.0 0.0
0.0 52.0 0.0
0.0 54.0 0.0
0.0 56.0 0.0
0.0 58.0 0.0
0.0 60.0 0.0
0.0 62.0 0.0
0.0 64.0 0.0
0.0 66.0 0.0
0.0 68.0 0.0
0.0 70.0 0.0
0.0 72.0 0.0
0.0 74.0 0.0
0.0 76.0 0.0
0.0 78.0 0.0
0.0 80.0 0.0
0.0 82.0 0.0
0.0 84.0 0.0
0.0 86.0 0.0
0.0 88.0 0.0
0.0 90.0 0.0
0.0 92.0 0.0
0.0 94.0 0.0
0.0 96.0 0.0
0.0 98.0 0.0
0.0 100.0 0.0
0.0 102.0 0.0
0.0 104.0 0.0
0.0 106.0 0.0
0.0 108.0 0.0
0.0 110.0 0.0
0.0 112.0 0.0
0.0 114.0 0.0
0.0 116.0 0.0
0.0 118.0 0.0
0.0 120.0 0.0
0.0 122.0 0.0
0.0 124.0 0.0
0.0 126.0 0.0
2.0 0.0 0.0
2.0 2.0 0.0
2.0 4.0 0.0
2.0 6.0 0.0
2.0 8.0 0.0
2.0 10.0 0.0
2.0 12.0 0.0
2.0 14.0 0.0
2.0 16.0 0.0
2.0 18.0 0.0
2.0 20.0 0.0
2.0 22.0 0.0
2.0 24.0 0.0
2.0 26.0 0.0
2.0 28.0 0.0
2.0 30.0 0.0
2.0 32.0 0.0
2.0 34.0 0.0
2.0 36.0 0.0
2.0 38.0 0.0
2.0 40.0 0.0
2.0 42.0 0.0
2.0 44.0 0.0
2.0 46.0 0.0
2.0 48.0 0.0
2.0 50.0 0.0
2.0 52.0 0.0
2.0 54.0 0.0
2.0 56.0 0.03880795021019944
2.0 58.0 0.19969593806240457
2.0 60.0 0.325090924971111
2.0 62.0 0.321702283323477
2.0 64.0 0.21703966194573457
2.0 66.0 0.07157499929588258
2.0 68.0 0.006179691279309375
2.0 70.0 0.0
2.0 72.0 0.0
2.0 74.0 0.0
2.0 76.0 0.0
2.0 78.0 0.0
2.0 80.0 0.0
2.0 82.0 0.0
2.0 84.0 0.0
2.0 86.0 0.0
2.0 88.0 0.0
2.0 90.0 0.0
2.0 92.0 0.0
2.0 94.0 0.0
2.0 96.0 0.0
2.0 98.0 0.0
2.0 100.0 0.0
2.0 102.0 0.0
2.0 104.0 0.0
2.0 106.0 0.0
2.0 108.0 0.0
2.0 110.0 0.0
2.0 112.0 0.0
2.0 114.0 0.0
2.0 116.0 0.0
2.0 118.0 0.0
2.0 120.0 0.0
2.0 122.0 0.0
2.0 124.0 0.0
2.0 126.0 0.0
4.0 0.0 0.0
4.0 2.0 0.0
4.0 4.0 0.0
4.0 6.0 0.0
4.0 8.0 0.0
4.0 10.0 0.0
4.0 12.0 0.0
4.0 14.0 0.0
4.0 16.0 0.0
4.0 18.0 0.0
4.0 20.0 0.0
4.0 22.0 0.0
4.0 24.0 0.0
4.0 26.0 0.0
4.0 28.0 0.0
4.0 30.0 0.0
4.0 32.0 0.0
4.0 34.0 0.0
4.0 36.0 0.0
4.0 38.0 0.0
4.0 40.0 0.0
4.0 42.0 0.0
4.0 44.0 0.0
4.0 46.0 1.1195370960566808E-5
4.0 48.0 0.01997111821790624
4.0 50.0 0.07182167271906585
4.0 52.0 0.16264653083690453
4.0 54.0 0.27484057665798217
4.0 56.0 0.369594356045841
4.0 58.0 0.4291675477715611
4.0 60.0 0.4169787092372937
4.0 62.0 0.315161318925884
4.0 64.0 0.21415224972319477
4.0 66.0 0.10211074367874622
4.0 68.0 0.013007174692742646
4.0 70.0 0.0
4.0 72.0 0.0
4.0 74.0 0.0
4.0 76.0 0.0
4.0 78.0 0.0
4.0 80.0 0.0
4.0 82.0 0.0
4.0 84.0 0.0
4.0 86.0 0.0
4.0 88.0 0.0
4.0 90.0 0.0
4.0 92.0 0.0
4.0 94.0 0.0
4.0 96.0 0.0
4.0 98.0 0.0
4.0 100.0 0.0
4.0 102.0 0.0
4.0 104.0 0.0
4.0 106.0 0.0
4.0 108.0 0.0
4.0 110.0 0.0
4.0 112.0 0.0
4.0 114.0 0.0
4.0 116.0 0.0
4.0 118.0 0.0
4.0 120.0 0.0
4.0 122.0 0.0
4.0 124.0 0.0
4.0 126.0 0.0
6.0 0.0 0.0
6.0 2.0 0.0
6.0 4.0 0.0
6.0 6.0 0.0
6.0 8.0 0.0
6.0 10.0 0.0
6.0 12.0 0.0
6.0 14.0 0.0
6.0 16.0 0.0
6.0 18.0 0.0
6.0 20.0 0.0
6.0 22.0 0.0
6.0 24.0 0.0
6.0 26.0 0.0
6.0 28.0 0.0
6.0 30.0 0.0
6.0 32.0 0.0
6.0 34.0 0.0
6.0 36.0 0.0
6.0 38.0 0.03775359274902424
6.0 40.0 0.12911277913877245
6.0 42.0 0.09509165085085076
6.0 44.0 0.05612516992582165
6.0 46.0 0.03635160590224471
6.0 48.0 0.044652762036928
6.0 50.0 0.08297003441154119
6.0 52.0 0.1651666011598526
6.0 54.0 0.2680153022427342
6.0 56.0 0.3639588892975269
6.0 58.0 0.4093699290466362
6.0 60.0 0.3861764550992244
6.0 62.0 0.28668170156266165
6.0 64.0 0.1925267923514964
6.0 66.0 0.09431819626488304
6.0 68.0 0.014230811405932823
6.0 70.0 0.0
6.0 72.0 0.0
6.0 74.0 0.0
6.0 76.0 0.0
6.0 78.0 0.0
6.0 80.0 0.0
6.0 82.0 0.0
6.0 84.0 0.0
6.0 86.0 0.0
6.0 88.0 0.0
6.0 90.0 0.03200993293008408
6.0 92.0 0.0
6.0 94.0 0.0
6.0 96.0 0.0
6.0 98.0 0.0
6.0 100.0 0.0
6.0 102.0 0.0
6.0 104.0 0.0
6.0 106.0 0.0
6.0 108.0 0.0
6.0 110.0 0.0
6.0 112.0 0.0
6.0 114.0 0.0
6.0 116.0 0.0
6.0 118.0 0.0
6.0 120.0 0.0
6.0 122.0 0.0
6.0 124.0 0.0
6.0 126.0 0.0
8.0 0.0 0.0
8.0 2.0 0.0
8.0 4.0 0.0
8.0 6.0 0.0
8.0 8.0 0.0
8.0 10.0 0.0
8.0 12.0 0.0
8.0 14.0 0.0
8.0 16.0 0.0
8.0 18.0 0.0
8.0 20.0 0.0
8.0 22.0 0.0
8.0 24.0 0.0
8.0 26.0 0.0
8.0 28.0 0.0
8.0 30.0 0.0
8.0 32.0 0.0
8.0 34.0 0.33632346986610867
8.0 36.0 0.33228457768219316
8.0 38.0 0.21014043239464644
8.0 40.0 0.1030757165623289
8.0 42.0 0.02218070403946625
8.0 44.0 0.0
8.0 46.0 0.0
8.0 48.0 6.364146685164832E-7
8.0 50.0 0.04315029701451878
8.0 52.0 0.1291699034333776
8.0 54.0 0.22911353814274568
8.0 56.0 0.3265340669146621
8.0 58.0 0.3681344112822809
8.0 60.0 0.34528291983549625
8.0 62.0 0.26014720283983445
8.0 64.0 0.17038405365352324
8.0 66.0 0.0882042704705082
8.0 68.0 0.01615247680607497
8.0 70.0 0.0
8.0 72.0 0.0
8.0 74.0 0.0
8.0 76.0 0.0
8.0 78.0 0.0
8.0 80.0 0.0
8.0 82.0 0.0
8.0 84.0 0.0
8.0 86.0 0.0
8.0 88.0 0.0
8.0 90.0 0.0344475913260009
8.0 92.0 0.15751642849690484
8.0 94.0 0.2526410081642067
8.0 96.0 0.0
8.0 98.0 0.0
8.0 100.0 0.0
8.0 102.0 0.0
8.0 104.0 0.0
8.0 106.0 0.0
8.0 108.0 0.0
8.0 110.0 0.0
8.0 112.0 0.0
8.0 114.0 0.0
8.0 116.0 0.0
8.0 118.0 0.0
8.0 120.0 0.0
8.0 122.0 0.0
8.0 124.0 0.0
8.0 126.0 0.0
10.0 0.0 0.0
10.0 2.0 0.0
10.0 4.0 0.0
10.0 6.0 0.0
10.0 8.0 0.0
10.0 10.0 0.0
10.0 12.0 0.0
10.0 14.0 0.0
10.0 16.0 0.0
10.0 18.0 0.0
10.0 20.0 0.0
10.0 22.0 0.0
10.0 24.0 0.0
10.0 26.0 0.0
10.0 28.0 0.0
10.0 30.0 0.40665566231247235
10.0 32.0 0.4099833016266656
10.0 34.0 0.2744164715905635
10.0 36.0 0.18765833738884954
10.0 38.0 0.08267719321621947
10.0 40.0 0.004553582430538547
10.0 42.0 0.0
10.0 44.0 0.0
10.0 46.0 0.0
10.0 48.0 0.0
10.0 50.0 0.005304467715669635
10.0 52.0 0.07277704250377247
10.0 54.0 0.18584822177478563
10.0 56.0 0.28377749427212734
10.0 58.0 0.32123244226561426
10.0 60.0 0.2996361884326635
10.0 62.0 0.2333685194723892
10.0 64.0 0.14000374171514898
10.0 66.0 0.09510360467925372
10.0 68.0 0.019943062884585045
10.0 70.0 0.0
10.0 72.0 0.0
10.0 74.0 0.0
10.0 76.0 0.0
10.0 78.0 0.0
10.0 80.0 0.0
10.0 82.0 0.0
10.0 84.0 0.0
10.0 86.0 0.0
10.0 88.0 0.0
10.0 90.0 0.04340865737999596
10.0 92.0 0.16037020323509982
10.0 94.0 0.2580268371936976
10.0 96.0 0.30930838337450933
10.0 98.0 0.0
10.0 100.0 0.0
10.0 102.0 0.0
10.0 104.0 0.0
10.0 106.0 0.0
10.0 108.0 0.0
10.0 110.0 0.0
10.0 112.0 0.0
10.0 114.0 0.0
10.0 116.0 0.0
10.0 118.0 0.0
10.0 120.0 0.0
10.0 122.0 0.0
10.0 124.0 0.0
10.0 126.0 0.0
12.0 0.0 0.0
12.0 2.0 0.0
12.0 4.0 0.0
12.0 6.0 0.0
12.0 8.0 0.0
12.0 10.0 0.0
12.0 12.0 0.0
12.0 14.0 0.0
12.0 16.0 0.0
12.0 18.0 0.0
12.0 20.0 0.0
12.0 22.0 0.0
12.0 24.0 0.0
12.0 26.0 0.0
12.0 28.0 0.39806226307953235
12.0 30.0 0.3198636917884127
12.0 32.0 0.24152282322014848
12.0 34.0 0.1874259137625407
12.0 36.0 0.10679213056422505
12.0 38.0 0.016329233608600963
12.0 40.0 0.0
12.0 42.0 0.0
12.0 44.0 0.0
12.0 46.0 0.0
12.0 48.0 0.0
12.0 50.0 0.0
12.0 52.0 0.030807642177959584
12.0 54.0 0.13957528322456944
12.0 56.0 0.23923537447449963
12.0 58.0 0.2719763924843428
12.0 60.0 0.2532912832815867
12.0 62.0 0.2062156852409909
12.0 64.0 0.12099534736272809
12.0 66.0 0.08758133029903807
12.0 68.0 0.029950748161071253
12.0 70.0 3.8493252424944745E-4
12.0 72.0 0.0
12.0 74.0 0.0
12.0 76.0 0.0
12.0 78.0 0.0
12.0 80.0 0.0
12.0 82.0 0.0
12.0 84.0 0.0
12.0 86.0 0.0
12.0 88.0 0.0
12.0 90.0 0.0495251626071665
12.0 92.0 0.16562959793742357
12.0 94.0 0.26839114817772014
12.0 96.0 0.32627685924132294
12.0 98.0 0.35252941673830557
12.0 100.0 0.3487419585744112
12.0 102.0 0.0
12.0 104.0 0.0
12.0 106.0 0.0
12.0 108.0 0.0
12.0 110.0 0.0
12.0 112.0 0.0
12.0 114.0 0.0
12.0 116.0 0.0
12.0 118.0 0.0
12.0 120.0 0.0
12.0 122.0 0.0
12.0 124.0 0.0
12.0 126.0 0.0
14.0 0.0 0.0
14.0 2.0 0.0
14.0 4.0 0.0
14.0 6.0 0.0
14.0 8.0 0.0
14.0 10.0 0.0
14.0 12.0 0.0
14.0 14.0 0.0
14.0 16.0 0.0
14.0 18.0 0.0
14.0 20.0 0.0
14.0 22.0 0.0
14.0 24.0 0.3266386521612739
14.0 26.0 0.09873807742932945
14.0 28.0 0.06995061951331653
14.0 30.0 0.07956582902185504
14.0 32.0 0.08438462006318875
14.0 34.0 0.054377995446355944
14.0 36.0 0.0038176242803501796
14.0 38.0 0.0
14.0 40.0 0.0
14.0 42.0 0.0
14.0 44.0 0.0
14.0 46.0 0.0
14.0 48.0 0.0
14.0 50.0 0.0
14.0 52.0 0.004631163682603106
14.0 54.0 0.08474995153688132
14.0 56.0 0.1863449376436258
14.0 58.0 0.2236096161474935
14.0 60.0 0.20852236605627594
14.0 62.0 0.17001903968596221
14.0 64.0 0.10352883884009119
14.0 66.0 0.08312293373036286
14.0 68.0 0.03998671842957882
14.0 70.0 0.0019526739742074335
14.0 72.0 0.0
14.0 74.0 0.0
14.0 76.0 0.0
14.0 78.0 0.0
14.0 80.0 0.0
14.0 82.0 0.0
14.0 84.0 0.0
14.0 86.0 0.0
14.0 88.0 4.167354739678234E-4
14.0 90.0 0.056679282228863766
14.0 92.0 0.17415199255979816
14.0 94.0 0.280302586458734
14.0 96.0 0.34147795915669765
14.0 98.0 0.374498363616488
14.0 100.0 0.3824398736853563
14.0 102.0 0.37045793213334394
14.0 104.0 0.0
14.0 106.0 0.0
14.0 108.0 0.0
14.0 110.0 0.0
14.0 112.0 0.0
14.0 114.0 0.0
14.0 116.0 0.0
14.0 118.0 0.0
14.0 120.0 0.0
14.0 122.0 0.0
14.0 124.0 0.0
14.0 126.0 0.0
16.0 0.0 0.0
16.0 2.0 0.0
16.0 4.0 0.0
16.0 6.0 0.0
16.0 8.0 0.0
16.0 10.0 0.0
16.0 12.0 0.0
16.0 14.0 0.0
16.0 16.0 0.0
16.0 18.0 0.0
16.0 20.0 0.0
16.0 22.0 0.24031705706619036
16.0 24.0 0.0
16.0 26.0 0.0
16.0 28.0 0.0
16.0 30.0 0.0
16.0 32.0 0.0
16.0 34.0 0.0
16.0 36.0 0.0
16.0 38.0 0.0
16.0 40.0 0.0
16.0 42.0 0.0
16.0 44.0 0.0
16.0 46.0 0.0
16.0 48.0 0.0
16.0 50.0 0.0
16.0 52.0 0.0
16.0 54.0 0.05654312995252539
16.0 56.0 0.14234771967337465
16.0 58.0 0.18352817838648294
16.0 60.0 0.17162086228518716
16.0 62.0 0.1418735356844934
16.0 64.0 0.09866789395209863
16.0 66.0 0.0766413467862601
16.0 68.0 0.0499256799646928
16.0 70.0 0.0070927264125781875
16.0 72.0 0.0
16.0 74.0 0.0
16.0 76.0 0.0
16.0 78.0 0.0
16.0 80.0 0.0
16.0 82.0 0.0
16.0 84.0 0.0
16.0 86.0 0.0
16.0 88.0 0.0037711155715936646
16.0 90.0 0.05646498565819532
16.0 92.0 0.1641428410774595
16.0 94.0 0.2657320769839268
16.0 96.0 0.3417391604757691
16.0 98.0 0.3818216817695577
16.0 100.0 0.3992572370148321
16.0 102.0 0.3846328614778603
16.0 104.0 0.4009680834029588
16.0 106.0 0.0
16.0 108.0 0.0
16.0 110.0 0.0
16.0 112.0 0.0
16.0 114.0 0.0
16.0 116.0 0.0
16.0 118.0 0.0
16.0 120.0 0.0
16.0 122.0 0.0
16.0 124.0 0.0
16.0 126.0 0.0
18.0 0.0 0.0
18.0 2.0 0.0
18.0 4.0 0.0
18.0 6.0 0.0
18.0 8.0 0.0
18.0 10.0 0.0
18.0 12.0 0.0
18.0 14.0 0.0
18.0 16.0 0.0
18.0 18.0 0.0
18.0 20.0 0.17411502157420078
18.0 22.0 0.0
18.0 24.0 0.0
18.0 26.0 0.0
18.0 28.0 0.0
18.0 30.0 0.0
18.0 32.0 0.0
18.0 34.0 0.0
18.0 36.0 0.0
18.0 38.0 0.0
18.0 40.0 0.0
18.0 42.0 0.0
18.0 44.0 0.0
18.0 46.0 0.0
18.0 48.0 0.0
18.0 50.0 0.0
18.0 52.0 0.0
18.0 54.0 0.04439634304267756
18.0 56.0 0.11785735923244228
18.0 58.0 0.15519040860937997
18.0 60.0 0.14412601826753188
18.0 62.0 0.1236515933378236
18.0 64.0 0.09698332985844364
18.0 66.0 0.0838118864155644
18.0 68.0 0.06553243101862252
18.0 70.0 0.024275760279448166
18.0 72.0 0.0
18.0 74.0 0.0
18.0 76.0 0.0
18.0 78.0 0.0
18.0 80.0 0.0
18.0 82.0 0.0
18.0 84.0 0.0
18.0 86.0 0.0
18.0 88.0 0.0029078423699294997
18.0 90.0 0.050334502983570305
18.0 92.0 0.16608663244573274
18.0 94.0 0.2838917145045318
18.0 96.0 0.358640436272095
18.0 98.0 0.3999418114790765
18.0 100.0 0.4231275500463241
18.0 102.0 0.4142685098105712
18.0 104.0 0.3897712143970798
18.0 106.0 0.4154735534962429
18.0 108.0 0.0
18.0 110.0 0.0
18.0 112.0 0.0
18.0 114.0 0.0
18.0 116.0 0.0
18.0 118.0 0.0
18.0 120.0 0.0
18.0 122.0 0.0
18.0 124.0 0.0
18.0 126.0 0.0
20.0 0.0 0.0
20.0 2.0 0.0
20.0 4.0 0.0
20.0 6.0 0.0
20.0 8.0 0.0
20.0 10.0 0.0
20.0 12.0 0.0
20.0 14.0 0.0
20.0 16.0 0.0
20.0 18.0 0.11798964191625223
20.0 20.0 0.0
20.0 22.0 0.0
20.0 24.0 0.0
20.0 26.0 0.0
20.0 28.0 0.0
20.0 30.0 0.0
20.0 32.0 0.0
20.0 34.0 0.0
20.0 36.0 0.0
20.0 38.0 0.0
20.0 40.0 0.0
20.0 42.0 0.0
20.0 44.0 0.0
20.0 46.0 0.0
20.0 48.0 0.0
20.0 50.0 0.0
20.0 52.0 0.0
20.0 54.0 0.031343986496840164
20.0 56.0 0.09469469944386973
20.0 58.0 0.13280386199776323
20.0 60.0 0.13182165530950565
20.0 62.0 0.12370944541986367
20.0 64.0 0.11144004645019141
20.0 66.0 0.10095736130164697
20.0 68.0 0.08856403264922023
20.0 70.0 0.054828401534374606
20.0 72.0 0.007481576139452317
20.0 74.0 0.0
20.0 76.0 0.0
20.0 78.0 0.0
20.0 80.0 0.0
20.0 82.0 0.0
20.0 84.0 0.0
20.0 86.0 0.0
20.0 88.0 3.272210333616872E-4
20.0 90.0 0.03966469505492891
20.0 92.0 0.15544481934183163
20.0 94.0 0.2841234321402948
20.0 96.0 0.3610222584908788
20.0 98.0 0.40610202367091475
20.0 100.0 0.4334694302211237
20.0 102.0 0.43227661256239974
20.0 104.0 0.4034510248782774
20.0 106.0 0.4127989482197974
20.0 108.0 0.3680334855699396
20.0 110.0 0.0
20.0 112.0 0.0
20.0 114.0 0.0
20.0 116.0 0.0
20.0 118.0 0.0
20.0 120.0 0.0
20.0 122.0 0.0
20.0 124.0 0.0
20.0 126.0 0.0
22.0 0.0 0.0
22.0 2.0 0.0
22.0 4.0 0.0
22.0 6.0 0.0
22.0 8.0 0.0
22.0 10.0 0.0
22.0 12.0 0.0
22.0 14.0 0.0
22.0 16.0 0.061244156689699535
22.0 18.0 0.0
22.0 20.0 0.0
22.0 22.0 0.0
22.0 24.0 0.0
22.0 26.0 0.0
22.0 28.0 0.0
22.0 30.0 0.0
22.0 32.0 0.0
22.0 34.0 0.0
22.0 36.0 0.0
22.0 38.0 0.0
22.0 40.0 0.0
22.0 42.0 0.0
22.0 44.0 0.0
22.0 46.0 0.0
22.0 48.0 0.0
22.0 50.0 0.0
22.0 52.0 0.0
22.0 54.0 0.02478004388023507
22.0 56.0 0.08102700855666352
22.0 58.0 0.12009550503016227
22.0 60.0 0.13204238982984826
22.0 62.0 0.14048067846582296
22.0 64.0 0.14063233569876635
22.0 66.0 0.13268745397072232
22.0 68.0 0.12524495812492412
22.0 70.0 0.10345192562761041
22.0 72.0 0.0471062099609274
22.0 74.0 0.0
22.0 76.0 0.0
22.0 78.0 0.0
22.0 80.0 0.0
22.0 82.0 0.0
22.0 84.0 0.0
22.0 86.0 0.0
22.0 88.0 0.0
22.0 90.0 0.017818076148129434
22.0 92.0 0.12802213768440654
22.0 94.0 0.2516506436225449
22.0 96.0 0.3436091531507721
22.0 98.0 0.4014023482121812
22.0 100.0 0.436170585279819
22.0 102.0 0.4431354101360138
22.0 104.0 0.4129680698867962
22.0 106.0 0.4006986729932307
22.0 108.0 0.37104688694300836
22.0 110.0 0.14298910611330942
22.0 112.0 0.0
22.0 114.0 0.0
22.0 116.0 0.0
22.0 118.0 0.0
22.0 120.0 0.0
22.0 122.0 0.0
22.0 124.0 0.0
22.0 126.0 0.0
24.0 0.0 0.0
24.0 2.0 0.0
24.0 4.0 0.0
24.0 6.0 0.0
24.0 8.0 0.0
24.0 10.0 0.0
24.0 12.0 0.0
24.0 14.0 0.007444943803978265
24.0 16.0 0.0
24.0 18.0 0.0
24.0 20.0 0.0
24.0 22.0 0.0
24.0 24.0 0.0
24.0 26.0 0.0
24.0 28.0 0.0
24.0 30.0 0.0
24.0 32.0 0.0
24.0 34.0 0.0
24.0 36.0 0.0
24.0 38.0 0.0
24.0 40.0 0.0
24.0 42.0 0.0
24.0 44.0 0.0
24.0 46.0 0.0
24.0 48.0 0.0
24.0 50.0 0.0
24.0 52.0 0.0
24.0 54.0 0.01699488748060683
24.0 56.0 0.06917886060375895
24.0 58.0 0.1264708486249609
24.0 60.0 0.1536401432945528
24.0 62.0 0.17926664909849208
24.0 64.0 0.19132497140734683
24.0 66.0 0.17944562678890194
24.0 68.0 0.17511300952105868
24.0 70.0 0.16809680789438267
24.0 72.0 0.11367578910617332
24.0 74.0 0.02348744393410898
24.0 76.0 0.0
24.0 78.0 0.0
24.0 80.0 0.0
24.0 82.0 0.0
24.0 84.0 0.0
24.0 86.0 0.0
24.0 88.0 0.0
24.0 90.0 0.0
24.0 92.0 0.05150422745113862
24.0 94.0 0.18314955941324296
24.0 96.0 0.2988640907081423
24.0 98.0 0.37432802469204973
24.0 100.0 0.423086078708836
24.0 102.0 0.43915020616447104
24.0 104.0 0.4125112507130649
24.0 106.0 0.37357965508853436
24.0 108.0 0.36435657843844665
24.0 110.0 0.16597358013062874
24.0 112.0 0.013982367651180843
24.0 114.0 0.0
24.0 116.0 0.0
24.0 118.0 0.0
24.0 120.0 0.0
24.0 122.0 0.0
24.0 124.0 0.0
24.0 126.0 0.0
26.0 0.0 0.0
26.0 2.0 0.0
26.0 4.0 0.0
26.0 6.0 0.0
26.0 8.0 0.0
26.0 10.0 0.0
26.0 12.0 0.0
26.0 14.0 0.0
26.0 16.0 0.0
26.0 18.0 0.0
26.0 20.0 0.0
26.0 22.0 0.0
26.0 24.0 0.0
26.0 26.0 0.0
26.0 28.0 0.0
26.0 30.0 0.0
26.0 32.0 0.0
26.0 34.0 0.0
26.0 36.0 0.0
26.0 38.0 0.0
26.0 40.0 0.0
26.0 42.0 0.0
26.0 44.0 0.0
26.0 46.0 0.0
26.0 48.0 0.0
26.0 50.0 0.0
26.0 52.0 0.0
26.0 54.0 0.012119554871440966
26.0 56.0 0.06569484179910505
26.0 58.0 0.145324200219241
26.0 60.0 0.20160393761247317
26.0 62.0 0.2523138548667921
26.0 64.0 0.2736563621349671
26.0 66.0 0.24379183197087792
26.0 68.0 0.23889212845940577
26.0 70.0 0.23810581710860754
26.0 72.0 0.2047950636864091
26.0 74.0 0.06622795391579994
26.0 76.0 0.0
26.0 78.0 0.0
26.0 80.0 0.0
26.0 82.0 0.0
26.0 84.0 0.0
26.0 86.0 0.0
26.0 88.0 0.0
26.0 90.0 0.0
26.0 92.0 0.0
26.0 94.0 0.07622270497534413
26.0 96.0 0.21720066979075695
26.0 98.0 0.3219249305604574
26.0 100.0 0.3900956342540798
26.0 102.0 0.4181645163239774
26.0 104.0 0.39713991442301805
26.0 106.0 0.35783351973322425
26.0 108.0 0.32558448028268133
26.0 110.0 0.17563605117844105
26.0 112.0 0.02030367480950036
26.0 114.0 0.0
26.0 116.0 0.0
26.0 118.0 0.0
26.0 120.0 0.0
26.0 122.0 0.0
26.0 124.0 0.0
26.0 126.0 0.0
28.0 0.0 0.0
28.0 2.0 0.0
28.0 4.0 0.0
28.0 6.0 0.0
28.0 8.0 0.0
28.0 10.0 0.0
28.0 12.0 0.0
28.0 14.0 0.0
28.0 16.0 0.0
28.0 18.0 0.0
28.0 20.0 0.019425301292838554
28.0 22.0 0.07604646962330057
28.0 24.0 0.10187383755322323
28.0 26.0 0.05667372518981442
28.0 28.0 0.008267022388795202
28.0 30.0 0.0
28.0 32.0 0.0
28.0 34.0 0.0
28.0 36.0 0.0
28.0 38.0 0.0
28.0 40.0 0.0
28.0 42.0 0.0
28.0 44.0 0.0
28.0 46.0 0.0
28.0 48.0 0.0
28.0 50.0 0.0
28.0 52.0 0.0
28.0 54.0 0.0058322034111133
28.0 56.0 0.07019456779055083
28.0 58.0 0.17471250865026985
28.0 60.0 0.2706016931658945
28.0 62.0 0.34548863435904464
28.0 64.0 0.3907510615786011
28.0 66.0 0.33377734607523274
28.0 68.0 0.31513829529199144
28.0 70.0 0.2969113564113053
28.0 72.0 0.2994357094278433
28.0 74.0 0.15128516627351593
28.0 76.0 0.018154976908864105
28.0 78.0 0.0
28.0 80.0 0.0
28.0 82.0 0.0
28.0 84.0 0.0
28.0 86.0 0.0
28.0 88.0 0.0
28.0 90.0 0.0
28.0 92.0 0.0
28.0 94.0 0.0036163493435728378
28.0 96.0 0.11751939458267772
28.0 98.0 0.23690738418855617
28.0 100.0 0.32272333239944107
28.0 102.0 0.36331468173369325
28.0 104.0 0.35618856887286676
28.0 106.0 0.3196071270051534
28.0 108.0 0.2612463985441252
28.0 110.0 0.17444065851284565
28.0 112.0 0.025195447182733737
28.0 114.0 0.0
28.0 116.0 0.0
28.0 118.0 0.0
28.0 120.0 0.0
28.0 122.0 0.0
28.0 124.0 0.0
28.0 126.0 0.0
30.0 0.0 0.0
30.0 2.0 0.0
30.0 4.0 0.0
30.0 6.0 0.0
30.0 8.0 0.0
30.0 10.0 0.0
30.0 12.0 0.0
30.0 14.0 0.0
30.0 16.0 0.0
30.0 18.0 0.08946536431454821
30.0 20.0 0.2546037360169804
30.0 22.0 0.3022544592646723
30.0 24.0 0.2836362789400409
30.0 26.0 0.21137768259371215
30.0 28.0 0.09018506115689452
30.0 30.0 0.009920925507127669
30.0 32.0 0.0
30.0 34.0 0.0
30.0 36.0 0.0
30.0 38.0 0.0
30.0 40.0 0.0
30.0 42.0 0.0
30.0 44.0 0.0
30.0 46.0 0.0
30.0 48.0 0.0
30.0 50.0 0.0
30.0 52.0 0.0
30.0 54.0 0.003216954732307502
30.0 56.0 0.08065050122707493
30.0 58.0 0.204082133959961
30.0 60.0 0.32594853551393604
30.0 62.0 0.4174371764856078
30.0 64.0 0.47500888902972677
30.0 66.0 0.44685161219361635
30.0 68.0 0.39545683762338285
30.0 70.0 0.36155579891935113
30.0 72.0 0.329416028090253
30.0 74.0 0.24316919861139152
30.0 76.0 0.054926589742171024
30.0 78.0 0.001844181767620734
30.0 80.0 0.0
30.0 82.0 0.0
30.0 84.0 0.0
30.0 86.0 0.0
30.0 88.0 0.0
30.0 90.0 0.0
30.0 92.0 0.0
30.0 94.0 0.0
30.0 96.0 0.044511266232618495
30.0 98.0 0.1490542382455174
30.0 100.0 0.23071218808046023
30.0 102.0 0.2840331345601312
30.0 104.0 0.29080341248173913
30.0 106.0 0.2520595895839825
30.0 108.0 0.19960270483303597
30.0 110.0 0.134983843965642
30.0 112.0 0.031911500251450176
30.0 114.0 0.0
30.0 116.0 0.0
30.0 118.0 0.0
30.0 120.0 0.0
30.0 122.0 0.0
30.0 124.0 0.0
30.0 126.0 0.0
32.0 0.0 0.0
32.0 2.0 0.0
32.0 4.0 0.0
32.0 6.0 0.0
32.0 8.0 0.0
32.0 10.0 0.0
32.0 12.0 0.0
32.0 14.0 0.0
32.0 16.0 0.03988325952699179
32.0 18.0 0.21232701039106885
32.0 20.0 0.3225733917029218
32.0 22.0 0.362275624930005
32.0 24.0 0.3469551287768408
32.0 26.0 0.28920906227529636
32.0 28.0 0.18015265329336283
32.0 30.0 0.042317653763156084
32.0 32.0 6.998481633017079E-4
32.0 34.0 0.0
32.0 36.0 0.0
32.0 38.0 0.0
32.0 40.0 0.0
32.0 42.0 0.0
32.0 44.0 0.0
32.0 46.0 0.0
32.0 48.0 0.0
32.0 50.0 0.0
32.0 52.0 0.0
32.0 54.0 0.003666377393557825
32.0 56.0 0.09415135553604113
32.0 58.0 0.22329689540809206
32.0 60.0 0.3447895163004406
32.0 62.0 0.44227304474591816
32.0 64.0 0.5060655191438963
32.0 66.0 0.5049374605172449
32.0 68.0 0.46178210212308296
32.0 70.0 0.41361730795838864
32.0 72.0 0.34818798273130297
32.0 74.0 0.24982811616965242
32.0 76.0 0.10331894202712393
32.0 78.0 0.01255257735254319
32.0 80.0 0.0
32.0 82.0 0.0
32.0 84.0 0.0
32.0 86.0 0.0
32.0 88.0 0.0
32.0 90.0 0.0
32.0 92.0 0.0
32.0 94.0 0.0
32.0 96.0 1.0303607804285838E-4
32.0 98.0 0.03838843751985141
32.0 100.0 0.1073357927385079
32.0 102.0 0.16495376017930066
32.0 104.0 0.1839435378278915
32.0 106.0 0.16195976201103535
32.0 108.0 0.1402462611366986
32.0 110.0 0.11965548678266728
32.0 112.0 0.039126286285331865
32.0 114.0 0.0
32.0 116.0 0.0
32.0 118.0 0.0
32.0 120.0 0.0
32.0 122.0 0.0
32.0 124.0 0.0
32.0 126.0 0.0
34.0 0.0 0.0
34.0 2.0 0.0
34.0 4.0 0.0
34.0 6.0 0.0
34.0 8.0 0.0
34.0 10.0 0.0
34.0 12.0 0.0
34.0 14.0 0.048662035565534424
34.0 16.0 0.22244338428676172
34.0 18.0 0.3491236598358065
34.0 20.0 0.36965299082863057
34.0 22.0 0.37015990085509914
34.0 24.0 0.3682800230995178
34.0 26.0 0.3267896798225245
34.0 28.0 0.24217513414479144
34.0 30.0 0.12239644723574196
34.0 32.0 0.016071317363790017
34.0 34.0 0.0
34.0 36.0 0.0
34.0 38.0 0.0
34.0 40.0 0.0
34.0 42.0 0.0
34.0 44.0 0.0
34.0 46.0 0.0
34.0 48.0 0.0
34.0 50.0 0.0
34.0 52.0 0.0
34.0 54.0 0.008957072797368418
34.0 56.0 0.11224501593358666
34.0 58.0 0.23009158581885203
34.0 60.0 0.3375859030313919
34.0 62.0 0.4317281208009203
34.0 64.0 0.49644189270779354
34.0 66.0 0.5333580681220548
34.0 68.0 0.5032331639200663
34.0 70.0 0.42477910669363833
34.0 72.0 0.3629542535085042
34.0 74.0 0.2607015741810345
34.0 76.0 0.11933564253310631
34.0 78.0 0.0174060771584619
34.0 80.0 0.0
34.0 82.0 0.0
34.0 84.0 0.0
34.0 86.0 0.0
34.0 88.0 0.0
34.0 90.0 0.0
34.0 92.0 0.0
34.0 94.0 0.0
34.0 96.0 0.0
34.0 98.0 0.0
34.0 100.0 0.003500600709390777
34.0 102.0 0.02404647700986809
34.0 104.0 0.05281767381497149
34.0 106.0 0.09083762069831157
34.0 108.0 0.1082097850010691
34.0 110.0 0.11542651175295408
34.0 112.0 0.06388109816214695
34.0 114.0 0.005576476458829018
34.0 116.0 0.0
34.0 118.0 0.0
34.0 120.0 0.0
34.0 122.0 0.0
34.0 124.0 0.0
34.0 126.0 0.0
36.0 0.0 0.0
36.0 2.0 0.0
36.0 4.0 0.0
36.0 6.0 0.0
36.0 8.0 0.0
36.0 10.0 0.0
36.0 12.0 0.0
36.0 14.0 0.10379892330241258
36.0 16.0 0.25977894960164566
36.0 18.0 0.36413384887362094
36.0 20.0 0.36918596521496033
36.0 22.0 0.3732677719832839
36.0 24.0 0.3778906623721609
36.0 26.0 0.3515269647602246
36.0 28.0 0.29808756756854565
36.0 30.0 0.20676421805462797
36.0 32.0 0.03896455948015567
36.0 34.0 0.0
36.0 36.0 0.0
36.0 38.0 0.0
36.0 40.0 0.0
36.0 42.0 0.0
36.0 44.0 0.0
36.0 46.0 0.0
36.0 48.0 0.0
36.0 50.0 0.0
36.0 52.0 0.0
36.0 54.0 0.021599829634961903
36.0 56.0 0.11975195424117581
36.0 58.0 0.21325308701992018
36.0 60.0 0.30746029276784476
36.0 62.0 0.3953238362904703
36.0 64.0 0.46359254008271605
36.0 66.0 0.5047557424773467
36.0 68.0 0.5049868746035544
36.0 70.0 0.4348954460153
36.0 72.0 0.35651940100227214
36.0 74.0 0.25518090937924637
36.0 76.0 0.11563901067744305
36.0 78.0 0.0175715265881245
36.0 80.0 0.0
36.0 82.0 0.0
36.0 84.0 0.0
36.0 86.0 0.0
36.0 88.0 0.0
36.0 90.0 0.0
36.0 92.0 0.0
36.0 94.0 0.0
36.0 96.0 0.0
36.0 98.0 0.0
36.0 100.0 0.0
36.0 102.0 0.0
36.0 104.0 0.02633160905090512
36.0 106.0 0.06615825813755537
36.0 108.0 0.08528885320474373
36.0 110.0 0.10061067907936218
36.0 112.0 0.08336399854244599
36.0 114.0 0.0593556958733947
36.0 116.0 0.03505033219906913
36.0 118.0 0.02466362278729849
36.0 120.0 0.016831931339207868
36.0 122.0 0.0
36.0 124.0 0.0
36.0 126.0 0.0
38.0 0.0 0.0
38.0 2.0 0.0
38.0 4.0 0.0
38.0 6.0 0.0
38.0 8.0 0.0
38.0 10.0 0.0
38.0 12.0 0.027290302839475703
38.0 14.0 0.1534119577593581
38.0 16.0 0.2839244776656467
38.0 18.0 0.35804381545262043
38.0 20.0 0.3613838874267721
38.0 22.0 0.3785208663628615
38.0 24.0 0.39133077223915147
38.0 26.0 0.3756485516248293
38.0 28.0 0.3390006957914659
38.0 30.0 0.2860694476509123
38.0 32.0 0.09792858209299443
38.0 34.0 0.007129282439553321
38.0 36.0 0.0
38.0 38.0 0.0
38.0 40.0 0.0
38.0 42.0 0.0
38.0 44.0 0.0
38.0 46.0 0.0
38.0 48.0 0.0
38.0 50.0 0.0
38.0 52.0 0.0
38.0 54.0 0.011205537696222434
38.0 56.0 0.09858805689141638
38.0 58.0 0.17819020471869162
38.0 60.0 0.25631373238810023
38.0 62.0 0.33045328066596374
38.0 64.0 0.394638860209586
38.0 66.0 0.44274471738150206
38.0 68.0 0.4524386136909711
38.0 70.0 0.4078701521862136
38.0 72.0 0.33580791045465763
38.0 74.0 0.23211137026392348
38.0 76.0 0.09490208509353122
38.0 78.0 0.013822675670801273
38.0 80.0 0.0
38.0 82.0 0.0
38.0 84.0 0.0
38.0 86.0 0.0
38.0 88.0 0.0
38.0 90.0 0.0
38.0 92.0 0.0
38.0 94.0 0.0
38.0 96.0 0.0
38.0 98.0 0.0
38.0 100.0 0.0
38.0 102.0 0.0
38.0 104.0 0.015061686400661871
38.0 106.0 0.04103782915169952
38.0 108.0 0.06541463460457447
38.0 110.0 0.08488324728924534
38.0 112.0 0.0882576551884367
38.0 114.0 0.10073521479007984
38.0 116.0 0.130521867773803
38.0 118.0 0.1728177331171099
38.0 120.0 0.20337039144726857
38.0 122.0 0.0
38.0 124.0 0.0
38.0 126.0 0.0
40.0 0.0 0.0
40.0 2.0 0.0
40.0 4.0 0.0
40.0 6.0 0.03559229351615057
40.0 8.0 0.0
40.0 10.0 0.0
40.0 12.0 0.04586697695750691
40.0 14.0 0.15997906342289844
40.0 16.0 0.27172769109851996
40.0 18.0 0.3362601415561223
40.0 20.0 0.37818146802113645
40.0 22.0 0.40988195570079494
40.0 24.0 0.3772997585099327
40.0 26.0 0.3730158772606078
40.0 28.0 0.37068973060035737
40.0 30.0 0.34571704081088234
40.0 32.0 0.1689716889480596
40.0 34.0 0.025035964471811598
40.0 36.0 0.0
40.0 38.0 0.0
40.0 40.0 0.0
40.0 42.0 0.0
40.0 44.0 0.0
40.0 46.0 0.0
40.0 48.0 0.0
40.0 50.0 0.0
40.0 52.0 0.0
40.0 54.0 0.005252001733644154
40.0 56.0 0.07197263868020648
40.0 58.0 0.13747796012214303
40.0 60.0 0.1979687853420776
40.0 62.0 0.25302293297320005
40.0 64.0 0.3000050892247514
40.0 66.0 0.3437032226332229
40.0 68.0 0.36552983511002973
40.0 70.0 0.33813442024616536
40.0 72.0 0.2858365670386915
40.0 74.0 0.18825807888309554
40.0 76.0 0.06404825071976843
40.0 78.0 0.006367855835817684
40.0 80.0 0.0
40.0 82.0 0.0
40.0 84.0 0.0
40.0 86.0 0.0
40.0 88.0 0.0
40.0 90.0 0.0
40.0 92.0 0.0
40.0 94.0 0.0
40.0 96.0 0.0
40.0 98.0 0.0
40.0 100.0 0.0
40.0 102.0 0.0
40.0 104.0 0.00231823534643053
40.0 106.0 0.024911608904322615
40.0 108.0 0.043955383241982136
40.0 110.0 0.06966211589138115
40.0 112.0 0.08519637016565855
40.0 114.0 0.11716660481543839
40.0 116.0 0.17551617079876336
40.0 118.0 0.24114597073651586
40.0 120.0 0.29700100398088897
40.0 122.0 0.34258014295859157
40.0 124.0 0.0
40.0 126.0 0.0
42.0 0.0 0.0
42.0 2.0 0.0
42.0 4.0 0.1239784401913509
42.0 6.0 0.0
42.0 8.0 0.0
42.0 10.0 0.003817243342826251
42.0 12.0 0.058813826102936395
42.0 14.0 0.15394227152564766
42.0 16.0 0.2142763445147101
42.0 18.0 0.27633474024925986
42.0 20.0 0.3076786949218157
42.0 22.0 0.35723334371862475
42.0 24.0 0.38009191198331654
42.0 26.0 0.37439686678744694
42.0 28.0 0.38098468936016733
42.0 30.0 0.371732779017713
42.0 32.0 0.23821395856517366
42.0 34.0 0.06174842085946258
42.0 36.0 0.0022764202978076483
42.0 38.0 0.0
42.0 40.0 0.0
42.0 42.0 0.0
42.0 44.0 0.0
42.0 46.0 0.0
42.0 48.0 0.0
42.0 50.0 0.0
42.0 52.0 0.0
42.0 54.0 0.0
42.0 56.0 0.043501387870291806
42.0 58.0 0.09529067868189108
42.0 60.0 0.1407649172553794
42.0 62.0 0.18059523043946435
42.0 64.0 0.21286694276140292
42.0 66.0 0.2457436502862138
42.0 68.0 0.25679863285520504
42.0 70.0 0.23763859913118743
42.0 72.0 0.21123744173615344
42.0 74.0 0.1282694397021872
42.0 76.0 0.034762469497301995
42.0 78.0 0.0010425512248098659
42.0 80.0 0.0
42.0 82.0 0.0
42.0 84.0 0.0
42.0 86.0 0.0
42.0 88.0 0.0
42.0 90.0 0.0
42.0 92.0 0.0
42.0 94.0 0.0
42.0 96.0 0.0
42.0 98.0 0.0
42.0 100.0 0.0
42.0 102.0 0.0
42.0 104.0 0.0
42.0 106.0 0.008058099768875131
42.0 108.0 0.026060138724422973
42.0 110.0 0.04992692729697692
42.0 112.0 0.07283030741244398
42.0 114.0 0.10725798953817002
42.0 116.0 0.17623948194505537
42.0 118.0 0.24934855529706243
42.0 120.0 0.3149236395213196
42.0 122.0 0.36642708286360715
42.0 124.0 0.0
42.0 126.0 0.0
44.0 0.0 0.0
44.0 2.0 0.0
44.0 4.0 0.14162551955023514
44.0 6.0 0.0
44.0 8.0 0.0
44.0 10.0 0.015582097330085311
44.0 12.0 0.06749565036661949
44.0 14.0 0.07829009149358664
44.0 16.0 0.12408372955798502
44.0 18.0 0.17509532996344698
44.0 20.0 0.27246589273176564
44.0 22.0 0.33050026125378773
44.0 24.0 0.34552058412799364
44.0 26.0 0.3605714448792978
44.0 28.0 0.39520128375581837
44.0 30.0 0.38343494961386804
44.0 32.0 0.2771522571289918
44.0 34.0 0.10043530679431745
44.0 36.0 0.009810119172187604
44.0 38.0 0.0
44.0 40.0 0.0
44.0 42.0 0.0
44.0 44.0 0.0
44.0 46.0 0.0
44.0 48.0 0.0
44.0 50.0 0.0
44.0 52.0 0.0
44.0 54.0 0.0
44.0 56.0 0.009873992295348945
44.0 58.0 0.04971360974016698
44.0 60.0 0.08543038321881702
44.0 62.0 0.11546802055025897
44.0 64.0 0.14027885619323405
44.0 66.0 0.15985098133206824
44.0 68.0 0.168610074986554
44.0 70.0 0.16107556126835318
44.0 72.0 0.1291612500136389
44.0 74.0 0.07041277978452842
44.0 76.0 0.012385900961204293
44.0 78.0 0.0
44.0 80.0 0.0
44.0 82.0 0.0
44.0 84.0 0.0
44.0 86.0 0.0
44.0 88.0 0.0
44.0 90.0 0.0
44.0 92.0 0.0
44.0 94.0 0.0
44.0 96.0 0.0
44.0 98.0 0.0
44.0 100.0 0.0
44.0 102.0 0.0
44.0 104.0 0.0
44.0 106.0 0.0
44.0 108.0 0.00808224920602362
44.0 110.0 0.03028589535977304
44.0 112.0 0.05307486176795754
44.0 114.0 0.0843892125857365
44.0 116.0 0.14811354565281748
44.0 118.0 0.22379130699379782
44.0 120.0 0.2956300267979996
44.0 122.0 0.3627703957766102
44.0 124.0 0.0
44.0 126.0 0.0
46.0 0.0 0.0
46.0 2.0 0.0
46.0 4.0 0.14777366164827557
46.0 6.0 0.00702802560358983
46.0 8.0 0.008157298170974018
46.0 10.0 0.02949538855947556
46.0 12.0 0.04303915721094798
46.0 14.0 0.015547241839561838
46.0 16.0 0.028105241512764143
46.0 18.0 0.08102729676058217
46.0 20.0 0.18743237129617596
46.0 22.0 0.26595663354230265
46.0 24.0 0.30486639004758814
46.0 26.0 0.33539218872579185
46.0 28.0 0.3826164499349917
46.0 30.0 0.37348972289323307
46.0 32.0 0.28470810152191983
46.0 34.0 0.12501733261581174
46.0 36.0 0.016118989395627874
46.0 38.0 0.0
46.0 40.0 0.0
46.0 42.0 0.0
46.0 44.0 0.0
46.0 46.0 0.0
46.0 48.0 0.0
46.0 50.0 0.0
46.0 52.0 0.0
46.0 54.0 0.0
46.0 56.0 0.0
46.0 58.0 0.00417254871320681
46.0 60.0 0.026263918909473796
46.0 62.0 0.04698920782419094
46.0 64.0 0.07434633495667717
46.0 66.0 0.08565219063914024
46.0 68.0 0.09919510094891025
46.0 70.0 0.10716482873868849
46.0 72.0 0.0640755364383301
46.0 74.0 0.017090394326774214
46.0 76.0 5.47506231281765E-4
46.0 78.0 0.0
46.0 80.0 0.0
46.0 82.0 0.0
46.0 84.0 0.0
46.0 86.0 0.0
46.0 88.0 0.0
46.0 90.0 0.0
46.0 92.0 0.0
46.0 94.0 0.0
46.0 96.0 0.0
46.0 98.0 0.0
46.0 100.0 0.0
46.0 102.0 0.0
46.0 104.0 0.0
46.0 106.0 0.0
46.0 108.0 0.0
46.0 110.0 0.0038603113106855185
46.0 112.0 0.02608338012495808
46.0 114.0 0.051156206226510674
46.0 116.0 0.10052577710702391
46.0 118.0 0.17498322433526378
46.0 120.0 0.24974372364109773
46.0 122.0 0.32615890721673085
46.0 124.0 0.4011236894921802
46.0 126.0 0.0
48.0 0.0 0.0
48.0 2.0 0.1956684052887099
48.0 4.0 0.019767907341591093
48.0 6.0 0.002741958605918443
48.0 8.0 0.005310845351758363
48.0 10.0 0.006846470562933124
48.0 12.0 0.0
48.0 14.0 0.009296503528963452
48.0 16.0 0.01477576781165061
48.0 18.0 0.04384927606213835
48.0 20.0 0.10140783554927264
48.0 22.0 0.17164743602759533
48.0 24.0 0.25403698742875963
48.0 26.0 0.2948000278938764
48.0 28.0 0.3436983011550605
48.0 30.0 0.33349093011823777
48.0 32.0 0.2553299781960235
48.0 34.0 0.1243572910181666
48.0 36.0 0.016623434573664757
48.0 38.0 0.0
48.0 40.0 0.0
48.0 42.0 0.0
48.0 44.0 0.0
48.0 46.0 0.0
48.0 48.0 0.0
48.0 50.0 0.0
48.0 52.0 0.0
48.0 54.0 0.0
48.0 56.0 0.0
48.0 58.0 0.0
48.0 60.0 0.0035410585134536907
48.0 62.0 0.026619490419366162
48.0 64.0 0.044411252862345235
48.0 66.0 0.05154371648405454
48.0 68.0 0.059395059330537216
48.0 70.0 0.04384007450765964
48.0 72.0 0.005137701533559544
48.0 74.0 0.0
48.0 76.0 0.0
48.0 78.0 0.0
48.0 80.0 0.0
48.0 82.0 0.0
48.0 84.0 0.0
48.0 86.0 0.0
48.0 88.0 0.0
48.0 90.0 0.0
48.0 92.0 0.0
48.0 94.0 0.0
48.0 96.0 0.0021689127374536453
48.0 98.0 0.0
48.0 100.0 0.0
48.0 102.0 0.0
48.0 104.0 0.0
48.0 106.0 0.0
48.0 108.0 0.0
48.0 110.0 0.0
48.0 112.0 2.2891954938586455E-4
48.0 114.0 0.012875985078526572
48.0 116.0 0.046067698460694716
48.0 118.0 0.1040136151473864
48.0 120.0 0.17966677101910303
48.0 122.0 0.2554271526075486
48.0 124.0 0.35347000850920957
48.0 126.0 0.0
50.0 0.0 0.0
50.0 2.0 0.22547364569793463
50.0 4.0 0.05859480915600257
50.0 6.0 0.01201470881195361
50.0 8.0 0.011503036355968277
50.0 10.0 0.0019250197752882017
50.0 12.0 0.0012557960162922126
50.0 14.0 0.04423950329549722
50.0 16.0 0.04617517576737972
50.0 18.0 0.04554732441185811
50.0 20.0 0.06810326463228163
50.0 22.0 0.10898106407493613
50.0 24.0 0.17984553314279894
50.0 26.0 0.2442943618440455
50.0 28.0 0.2662219411529986
50.0 30.0 0.2518454841314684
50.0 32.0 0.19091325340051368
50.0 34.0 0.09091241027999787
50.0 36.0 0.010119075334833713
50.0 38.0 0.0
50.0 40.0 0.0
50.0 42.0 0.0
50.0 44.0 0.0
50.0 46.0 0.0
50.0 48.0 0.0
50.0 50.0 0.0
50.0 52.0 0.0
50.0 54.0 0.0
50.0 56.0 0.0
50.0 58.0 0.0
50.0 60.0 0.0
50.0 62.0 0.004108037072889119
50.0 64.0 0.020159326457256543
50.0 66.0 0.03020510304117766
50.0 68.0 0.030375221149338452
50.0 70.0 4.4478276450052073E-4
50.0 72.0 0.0
50.0 74.0 0.0
50.0 76.0 0.0
50.0 78.0 0.0
50.0 80.0 0.0
50.0 82.0 0.0
50.0 84.0 0.0
50.0 86.0 0.0
50.0 88.0 0.0
50.0 90.0 0.023356265233047777
50.0 92.0 0.06888976177112667
50.0 94.0 0.10572936560429291
50.0 96.0 0.08229350052099754
50.0 98.0 0.032401057897759634
50.0 100.0 0.0
50.0 102.0 0.0
50.0 104.0 0.0
50.0 106.0 0.0
50.0 108.0 0.0
50.0 110.0 0.0
50.0 112.0 0.0
50.0 114.0 0.0
50.0 116.0 0.0038751287129734596
50.0 118.0 0.03478698446784418
50.0 120.0 0.08712411314074696
50.0 122.0 0.1498421494770776
50.0 124.0 0.25685638173934766
50.0 126.0 0.0
52.0 0.0 0.0
52.0 2.0 0.23664630453889116
52.0 4.0 0.11086976363603573
52.0 6.0 0.04031902964956457
52.0 8.0 0.03135296557010792
52.0 10.0 0.03614742973910693
52.0 12.0 0.04799524710369598
52.0 14.0 0.07468263659630182
52.0 16.0 0.06610089392334773
52.0 18.0 0.0458275577722868
52.0 20.0 0.041244135671097665
52.0 22.0 0.04611047635693386
52.0 24.0 0.08055987847957193
52.0 26.0 0.1337383730728884
52.0 28.0 0.14837127221600874
52.0 30.0 0.14424268364668888
52.0 32.0 0.09897580408096736
52.0 34.0 0.03386276074755721
52.0 36.0 0.0010814858537476328
52.0 38.0 0.0
52.0 40.0 0.0
52.0 42.0 0.0
52.0 44.0 0.0
52.0 46.0 0.0
52.0 48.0 0.0
52.0 50.0 0.0
52.0 52.0 0.0
52.0 54.0 0.0
52.0 56.0 0.0
52.0 58.0 0.0
52.0 60.0 0.0
52.0 62.0 0.0
52.0 64.0 0.0015113738366664862
52.0 66.0 0.007535345951290766
52.0 68.0 0.005721194985868848
52.0 70.0 0.0
52.0 72.0 0.0
52.0 74.0 0.0
52.0 76.0 0.0
52.0 78.0 0.0
52.0 80.0 0.0
52.0 82.0 0.0
52.0 84.0 0.015300856678688622
52.0 86.0 0.06509582845857394
52.0 88.0 0.17817813956641837
52.0 90.0 0.26933313108123647
52.0 92.0 0.2677936895445025
52.0 94.0 0.23356571781496205
52.0 96.0 0.19295416540374113
52.0 98.0 0.11957715722105929
52.0 100.0 0.027029498320357073
52.0 102.0 0.0
52.0 104.0 0.0
52.0 106.0 0.0
52.0 108.0 0.0
52.0 110.0 0.0
52.0 112.0 0.0
52.0 114.0 0.0
52.0 116.0 0.0
52.0 118.0 0.0
52.0 120.0 0.010306072546321557
52.0 122.0 0.03465218245105578
52.0 124.0 0.10301049092195695
52.0 126.0 0.0
54.0 0.0 0.0
54.0 2.0 0.2180658919242413
54.0 4.0 0.14939857861676073
54.0 6.0 0.08656645057051543
54.0 8.0 0.062399078812657625
54.0 10.0 0.06364571439078208
54.0 12.0 0.1092343705895838
54.0 14.0 0.09422095575517488
54.0 16.0 0.06872980741948446
54.0 18.0 0.02770944367586674
54.0 20.0 0.0
54.0 22.0 0.0
54.0 24.0 0.0
54.0 26.0 0.006693691365776821
54.0 28.0 0.02004075319015447
54.0 30.0 0.019961702890160127
54.0 32.0 9.937504483101358E-4
54.0 34.0 0.0
54.0 36.0 0.0
54.0 38.0 0.0
54.0 40.0 0.0
54.0 42.0 0.0
54.0 44.0 0.001198675073290776
54.0 46.0 0.016172970561471166
54.0 48.0 0.0012228027135627272
54.0 50.0 0.0
54.0 52.0 0.0
54.0 54.0 0.0
54.0 56.0 0.0
54.0 58.0 0.0
54.0 60.0 0.0
54.0 62.0 0.0
54.0 64.0 0.0
54.0 66.0 0.0
54.0 68.0 0.0
54.0 70.0 0.0
54.0 72.0 0.0
54.0 74.0 0.0
54.0 76.0 0.0
54.0 78.0 0.0
54.0 80.0 5.96453526595171E-4
54.0 82.0 0.02300202106120122
54.0 84.0 0.09952512962492767
54.0 86.0 0.22604372132001574
54.0 88.0 0.34556182973181543
54.0 90.0 0.4232182546232901
54.0 92.0 0.4049579019538975
54.0 94.0 0.33055689240954483
54.0 96.0 0.27711542218902857
54.0 98.0 0.18515104449854866
54.0 100.0 0.06665442895873963
54.0 102.0 0.003925015423593058
54.0 104.0 0.0
54.0 106.0 0.0
54.0 108.0 0.0
54.0 110.0 0.0
54.0 112.0 0.0
54.0 114.0 0.0
54.0 116.0 0.0
54.0 118.0 0.0
54.0 120.0 0.0
54.0 122.0 0.0
54.0 124.0 0.0
54.0 126.0 0.019351477092928587
56.0 0.0 0.0
56.0 2.0 0.17829480553113633
56.0 4.0 0.11755393112418089
56.0 6.0 0.09814476443311392
56.0 8.0 0.11779422943866523
56.0 10.0 0.12517494019446687
56.0 12.0 0.14507795311661384
56.0 14.0 0.11449252680692573
56.0 16.0 0.06721359313904332
56.0 18.0 0.014541716181169657
56.0 20.0 0.0
56.0 22.0 0.0
56.0 24.0 0.0
56.0 26.0 0.0
56.0 28.0 0.0
56.0 30.0 0.0
56.0 32.0 0.0
56.0 34.0 0.0
56.0 36.0 0.0
56.0 38.0 0.0
56.0 40.0 0.0
56.0 42.0 0.004315525447639409
56.0 44.0 0.02397475099345252
56.0 46.0 0.05125330385754539
56.0 48.0 0.03649522104739136
56.0 50.0 0.013387435910712708
56.0 52.0 0.002875900309831822
56.0 54.0 0.0
56.0 56.0 0.0
56.0 58.0 0.0
56.0 60.0 0.0
56.0 62.0 0.0
56.0 64.0 0.0
56.0 66.0 0.0
56.0 68.0 0.0
56.0 70.0 0.0
56.0 72.0 0.0
56.0 74.0 0.0
56.0 76.0 0.0
56.0 78.0 0.0
56.0 80.0 0.009771851417142043
56.0 82.0 0.06630426788904033
56.0 84.0 0.1644485580736856
56.0 86.0 0.30478264840666197
56.0 88.0 0.44427863556063923
56.0 90.0 0.5091872750230889
56.0 92.0 0.517263412940173
56.0 94.0 0.4500674989261839
56.0 96.0 0.3396249811208049
56.0 98.0 0.22442248537547838
56.0 100.0 0.07304125262054934
56.0 102.0 0.005684241850191544
56.0 104.0 0.0
56.0 106.0 0.0
56.0 108.0 0.0
56.0 110.0 0.0
56.0 112.0 0.0
56.0 114.0 0.0
56.0 116.0 0.0
56.0 118.0 0.0
56.0 120.0 0.0
56.0 122.0 0.0
56.0 124.0 0.0
56.0 126.0 0.0
58.0 0.0 0.0
58.0 2.0 0.12420113966185743
58.0 4.0 0.18024766985194152
58.0 6.0 0.20271228764401797
58.0 8.0 0.19516140147123506
58.0 10.0 0.2079823018278548
58.0 12.0 0.1814210757577218
58.0 14.0 0.14070004055574828
58.0 16.0 0.06836783988209406
58.0 18.0 0.005799787294056627
58.0 20.0 0.0
58.0 22.0 0.0
58.0 24.0 0.0
58.0 26.0 0.0
58.0 28.0 0.0
58.0 30.0 0.0
58.0 32.0 0.0
58.0 34.0 0.0
58.0 36.0 0.0
58.0 38.0 0.0
58.0 40.0 0.003149219870291159
58.0 42.0 0.019365254949018012
58.0 44.0 0.052698542806620736
58.0 46.0 0.09092859124409636
58.0 48.0 0.09932840968325836
58.0 50.0 0.09713576574061578
58.0 52.0 0.09373791785536593
58.0 54.0 0.05571544839239123
58.0 56.0 0.0012148150341589378
58.0 58.0 0.0
58.0 60.0 0.0
58.0 62.0 0.0
58.0 64.0 0.0
58.0 66.0 0.0
58.0 68.0 0.0
58.0 70.0 0.0
58.0 72.0 0.0
58.0 74.0 0.0
58.0 76.0 0.0
58.0 78.0 0.0
58.0 80.0 0.024121925881641627
58.0 82.0 0.11005055691883214
58.0 84.0 0.21588210444662972
58.0 86.0 0.4052465859434699
58.0 88.0 0.5045250396541486
58.0 90.0 0.5556258500161892
58.0 92.0 0.5590828506122162
58.0 94.0 0.5198081586634686
58.0 96.0 0.4327178726201118
58.0 98.0 0.28728830597572025
58.0 100.0 0.09478894214714616
58.0 102.0 0.007517115280033462
58.0 104.0 0.0
58.0 106.0 0.0
58.0 108.0 0.0
58.0 110.0 0.0
58.0 112.0 0.0
58.0 114.0 0.0
58.0 116.0 0.0
58.0 118.0 0.0
58.0 120.0 0.0
58.0 122.0 0.0
58.0 124.0 0.0
58.0 126.0 0.0
60.0 0.0 0.0
60.0 2.0 0.11404362842996107
60.0 4.0 0.2432497068348579
60.0 6.0 0.2901118635475492
60.0 8.0 0.29774727954923236
60.0 10.0 0.26229418887027833
60.0 12.0 0.21891848128904848
60.0 14.0 0.15562487986027448
60.0 16.0 0.050088232607896244
60.0 18.0 0.001512647611045923
60.0 20.0 0.0
60.0 22.0 0.0
60.0 24.0 0.0
60.0 26.0 0.0
60.0 28.0 0.0
60.0 30.0 0.0
60.0 32.0 0.0
60.0 34.0 0.0
60.0 36.0 0.0
60.0 38.0 0.0
60.0 40.0 0.009007593975693173
60.0 42.0 0.03276587022404513
60.0 44.0 0.07682805296468977
60.0 46.0 0.13311811745587357
60.0 48.0 0.17300583583333884
60.0 50.0 0.19421075832951948
60.0 52.0 0.1898912585252304
60.0 54.0 0.14687852863160492
60.0 56.0 0.05699700803081132
60.0 58.0 0.0
60.0 60.0 0.0
60.0 62.0 0.0
60.0 64.0 0.0
60.0 66.0 0.0
60.0 68.0 0.0
60.0 70.0 0.0
60.0 72.0 0.0
60.0 74.0 0.0
60.0 76.0 0.0
60.0 78.0 0.0011631005009534734
60.0 80.0 0.04590709897642412
60.0 82.0 0.14818291022267963
60.0 84.0 0.2578974231752235
60.0 86.0 0.4458572046785582
60.0 88.0 0.5379699647375142
60.0 90.0 0.5810778424813297
60.0 92.0 0.5813617350860718
60.0 94.0 0.5439006081083613
60.0 96.0 0.4607125296785675
60.0 98.0 0.3136996170236
60.0 100.0 0.10180065137439302
60.0 102.0 0.007095275171236887
60.0 104.0 0.0
60.0 106.0 0.0
60.0 108.0 0.0
60.0 110.0 0.0
60.0 112.0 0.0
60.0 114.0 0.0
60.0 116.0 0.0
60.0 118.0 0.0
60.0 120.0 0.0
60.0 122.0 0.0
60.0 124.0 0.0
60.0 126.0 0.0
62.0 0.0 0.0
62.0 2.0 0.12212479388404042
62.0 4.0 0.30441173697669327
62.0 6.0 0.3572761834964891
62.0 8.0 0.3655283089126766
62.0 10.0 0.32349198594072676
62.0 12.0 0.2511756566151951
62.0 14.0 0.16297524990150639
62.0 16.0 0.03134907202535255
62.0 18.0 0.0
62.0 20.0 0.0
62.0 22.0 0.0
62.0 24.0 0.0
62.0 26.0 0.0
62.0 28.0 0.0
62.0 30.0 0.0
62.0 32.0 0.0
62.0 34.0 0.0
62.0 36.0 0.0
62.0 38.0 0.0
62.0 40.0 0.010000406585302437
62.0 42.0 0.04186149697840046
62.0 44.0 0.10479563934083748
62.0 46.0 0.17055257221934098
62.0 48.0 0.22614283228827745
62.0 50.0 0.27463560729844366
62.0 52.0 0.25848957825492863
62.0 54.0 0.20730053127231307
62.0 56.0 0.11296999675170034
62.0 58.0 0.015092925928676516
62.0 60.0 0.0
62.0 62.0 0.0
62.0 64.0 0.0
62.0 66.0 0.0
62.0 68.0 0.0
62.0 70.0 0.0
62.0 72.0 0.0
62.0 74.0 0.0
62.0 76.0 0.0
62.0 78.0 0.003294519037885749
62.0 80.0 0.06771074051027406
62.0 82.0 0.2003750966002742
62.0 84.0 0.3420224235411486
62.0 86.0 0.4576191501340241
62.0 88.0 0.5348442809635119
62.0 90.0 0.5745503403695817
62.0 92.0 0.5809318116299521
62.0 94.0 0.5500209722652322
62.0 96.0 0.4776386652269613
62.0 98.0 0.32919561266811964
62.0 100.0 0.10403662856765089
62.0 102.0 0.007031887819053965
62.0 104.0 0.0
62.0 106.0 0.0
62.0 108.0 0.0
62.0 110.0 0.0
62.0 112.0 0.0
62.0 114.0 0.0
62.0 116.0 0.0
62.0 118.0 0.0
62.0 120.0 0.0
62.0 122.0 0.0
62.0 124.0 0.0
62.0 126.0 0.0
64.0 0.0 0.0
64.0 2.0 0.1351000054906347
64.0 4.0 0.3681573492278683
64.0 6.0 0.4212029894638034
64.0 8.0 0.42252241427576226
64.0 10.0 0.36942397884527106
64.0 12.0 0.2830401743783618
64.0 14.0 0.16076837253254198
64.0 16.0 0.023980375602060688
64.0 18.0 0.0
64.0 20.0 0.0
64.0 22.0 0.0
64.0 24.0 0.0
64.0 26.0 0.0
64.0 28.0 0.0
64.0 30.0 0.0
64.0 32.0 0.0
64.0 34.0 0.0
64.0 36.0 0.0
64.0 38.0 0.0
64.0 40.0 0.017224436645107786
64.0 42.0 0.07440198321925147
64.0 44.0 0.16043695401277483
64.0 46.0 0.23901877593247398
64.0 48.0 0.29539052592484105
64.0 50.0 0.3245549004001252
64.0 52.0 0.3093122258412863
64.0 54.0 0.2506149667402389
64.0 56.0 0.1504436239003286
64.0 58.0 0.029244573847583572
64.0 60.0 0.0
64.0 62.0 0.0
64.0 64.0 0.0
64.0 66.0 0.0
64.0 68.0 0.0
64.0 70.0 0.0
64.0 72.0 0.0
64.0 74.0 0.0
64.0 76.0 0.0
64.0 78.0 0.002006509434788352
64.0 80.0 0.07149444261631889
64.0 82.0 0.20990830945091532
64.0 84.0 0.35257268158428784
64.0 86.0 0.47981109725037885
64.0 88.0 0.5662188371737852
64.0 90.0 0.5989886258545217
64.0 92.0 0.5949270558341245
64.0 94.0 0.5550072954840971
64.0 96.0 0.4783584198615692
64.0 98.0 0.33583876711023325
64.0 100.0 0.10576429855677096
64.0 102.0 0.006864780551821278
64.0 104.0 0.0
64.0 106.0 0.0
64.0 108.0 0.0
64.0 110.0 0.0
64.0 112.0 0.0
64.0 114.0 0.0
64.0 116.0 0.0
64.0 118.0 0.0
64.0 120.0 0.0
64.0 122.0 0.0
64.0 124.0 0.0
64.0 126.0 0.0
66.0 0.0 0.0
66.0 2.0 0.15050238468631047
66.0 4.0 0.4005280103351245
66.0 6.0 0.4516815433209846
66.0 8.0 0.4523493414167962
66.0 10.0 0.40673551144459674
66.0 12.0 0.30908276518616584
66.0 14.0 0.14843698968382454
66.0 16.0 0.0171611166319859
66.0 18.0 0.0
66.0 20.0 0.0
66.0 22.0 0.0
66.0 24.0 0.0
66.0 26.0 0.0
66.0 28.0 0.0
66.0 30.0 0.0
66.0 32.0 0.0
66.0 34.0 0.0
66.0 36.0 0.0
66.0 38.0 0.006075181133386163
66.0 40.0 0.05212558576987208
66.0 42.0 0.14226242311141782
66.0 44.0 0.23551267276364787
66.0 46.0 0.31150538900694313
66.0 48.0 0.3609992993704996
66.0 50.0 0.3850537574456701
66.0 52.0 0.35858961024621633
66.0 54.0 0.2864707364051213
66.0 56.0 0.1709564722111834
66.0 58.0 0.030136687841786265
66.0 60.0 0.0
66.0 62.0 0.0
66.0 64.0 0.0
66.0 66.0 0.0
66.0 68.0 0.0
66.0 70.0 0.0
66.0 72.0 0.0
66.0 74.0 0.0
66.0 76.0 0.0
66.0 78.0 5.271945088774197E-4
66.0 80.0 0.06263985378819896
66.0 82.0 0.19933278231334126
66.0 84.0 0.3550258976436616
66.0 86.0 0.48505619469939626
66.0 88.0 0.563805528981323
66.0 90.0 0.5942704213529038
66.0 92.0 0.5888064670514007
66.0 94.0 0.5462177468087231
66.0 96.0 0.4590548748469086
66.0 98.0 0.32144978234193566
66.0 100.0 0.10505670471503716
66.0 102.0 0.006834674825158386
66.0 104.0 0.0
66.0 106.0 0.0
66.0 108.0 0.0
66.0 110.0 0.0
66.0 112.0 0.0
66.0 114.0 0.0
66.0 116.0 0.0
66.0 118.0 0.0
66.0 120.0 0.0
66.0 122.0 0.0
66.0 124.0 0.0
66.0 126.0 0.0
68.0 0.0 0.0
68.0 2.0 0.17226081657454909
68.0 4.0 0.4330442327820876
68.0 6.0 0.4722037611534435
68.0 8.0 0.46686742210656423
68.0 10.0 0.42669379638270183
68.0 12.0 0.32090034672643125
68.0 14.0 0.11957547361444755
68.0 16.0 0.008097233694928593
68.0 18.0 0.0
68.0 20.0 0.0
68.0 22.0 0.0
68.0 24.0 0.0
68.0 26.0 0.0
68.0 28.0 0.0
68.0 30.0 0.0
68.0 32.0 0.0
68.0 34.0 0.0
68.0 36.0 6.118613227545867E-4
68.0 38.0 0.03422234618733346
68.0 40.0 0.11362389800059164
68.0 42.0 0.22063849643578562
68.0 44.0 0.3240775372353924
68.0 46.0 0.39967852373330826
68.0 48.0 0.4411868988304988
68.0 50.0 0.4420085668640212
68.0 52.0 0.40322829541672833
68.0 54.0 0.31687017297074865
68.0 56.0 0.17758729251001562
68.0 58.0 0.02667300749032249
68.0 60.0 0.0
68.0 62.0 0.0
68.0 64.0 0.0
68.0 66.0 0.0
68.0 68.0 0.0
68.0 70.0 0.0
68.0 72.0 0.0
68.0 74.0 0.0
68.0 76.0 0.0
68.0 78.0 0.0
68.0 80.0 0.014268646572725868
68.0 82.0 0.1527726431593061
68.0 84.0 0.3211199797172279
68.0 86.0 0.46304066751622125
68.0 88.0 0.5422098442893318
68.0 90.0 0.5732390413466356
68.0 92.0 0.5674539859297488
68.0 94.0 0.522849765409796
68.0 96.0 0.43038491247609106
68.0 98.0 0.27827634259206474
68.0 100.0 0.09768321708573781
68.0 102.0 0.006400565633442014
68.0 104.0 0.0
68.0 106.0 0.0
68.0 108.0 0.0
68.0 110.0 0.0
68.0 112.0 0.0
68.0 114.0 0.0
68.0 116.0 0.0
68.0 118.0 0.0
68.0 120.0 0.0
68.0 122.0 0.0
68.0 124.0 0.0
68.0 126.0 0.0
70.0 0.0 0.0
70.0 2.0 0.18642147009136276
70.0 4.0 0.45449893284708937
70.0 6.0 0.48115045103338944
70.0 8.0 0.4710459124843395
70.0 10.0 0.4306355720920702
70.0 12.0 0.3546194760384229
70.0 14.0 0.09359126281059275
70.0 16.0 8.709411074581668E-5
70.0 18.0 0.0
70.0 20.0 0.0
70.0 22.0 0.0
70.0 24.0 0.0
70.0 26.0 0.0
70.0 28.0 0.0
70.0 30.0 0.0
70.0 32.0 0.0
70.0 34.0 0.0
70.0 36.0 0.008562286041257921
70.0 38.0 0.0739591006503506
70.0 40.0 0.17692724687661662
70.0 42.0 0.28290894988443915
70.0 44.0 0.37486908609718156
70.0 46.0 0.44253084206865073
70.0 48.0 0.4865498505553904
70.0 50.0 0.48716014816228687
70.0 52.0 0.4424056619396521
70.0 54.0 0.3408486857224368
70.0 56.0 0.1712594560406722
70.0 58.0 0.02215995936857131
70.0 60.0 0.0
70.0 62.0 0.0
70.0 64.0 0.0
70.0 66.0 0.0
70.0 68.0 0.0
70.0 70.0 0.0
70.0 72.0 0.0
70.0 74.0 0.0
70.0 76.0 0.0
70.0 78.0 0.0
70.0 80.0 0.0
70.0 82.0 0.09149561016272924
70.0 84.0 0.25851899668628686
70.0 86.0 0.41148662001686404
70.0 88.0 0.49971459140033153
70.0 90.0 0.5355652915210323
70.0 92.0 0.5312997629033203
70.0 94.0 0.48671016926970806
70.0 96.0 0.39252557616231143
70.0 98.0 0.2487325992422832
70.0 100.0 0.09017700169041036
70.0 102.0 0.008238462118105251
70.0 104.0 0.0
70.0 106.0 0.0
70.0 108.0 0.0
70.0 110.0 0.0
70.0 112.0 0.0
70.0 114.0 0.0
70.0 116.0 0.0
70.0 118.0 0.0
70.0 120.0 0.0
70.0 122.0 0.0
70.0 124.0 0.0
70.0 126.0 0.0
72.0 0.0 0.0
72.0 2.0 0.20430168317587435
72.0 4.0 0.4652774735634941
72.0 6.0 0.4758324482545542
72.0 8.0 0.46455156549340754
72.0 10.0 0.45084002409928
72.0 12.0 0.3568560591098869
72.0 14.0 0.06302314302753674
72.0 16.0 0.0
72.0 18.0 0.0
72.0 20.0 0.0
72.0 22.0 0.0
72.0 24.0 0.0
72.0 26.0 0.0
72.0 28.0 0.0
72.0 30.0 0.0
72.0 32.0 0.0
72.0 34.0 3.2932426073057605E-4
72.0 36.0 0.042816481207170326
72.0 38.0 0.1309756311632718
72.0 40.0 0.23524872042358902
72.0 42.0 0.3374171009197489
72.0 44.0 0.42503379253105106
72.0 46.0 0.48319943349279626
72.0 48.0 0.5082075246726409
72.0 50.0 0.5135005989281359
72.0 52.0 0.476206339707728
72.0 54.0 0.3566262914098619
72.0 56.0 0.15030715016336874
72.0 58.0 0.0168482949535273
72.0 60.0 0.0
72.0 62.0 0.0
72.0 64.0 0.0
72.0 66.0 0.0
72.0 68.0 0.0
72.0 70.0 0.0
72.0 72.0 0.0
72.0 74.0 0.0
72.0 76.0 0.0
72.0 78.0 0.0
72.0 80.0 0.0
72.0 82.0 0.018747847028502695
72.0 84.0 0.16460218673739724
72.0 86.0 0.3222256695513194
72.0 88.0 0.43142018125238146
72.0 90.0 0.47772592064960645
72.0 92.0 0.4767468708998543
72.0 94.0 0.433444523040263
72.0 96.0 0.3386405706513091
72.0 98.0 0.21018730575643083
72.0 100.0 0.07435935035589347
72.0 102.0 0.007051815427163333
72.0 104.0 0.0
72.0 106.0 0.0
72.0 108.0 0.0
72.0 110.0 0.0
72.0 112.0 0.0
72.0 114.0 0.0
72.0 116.0 0.0
72.0 118.0 0.0
72.0 120.0 0.0
72.0 122.0 0.0
72.0 124.0 0.0
72.0 126.0 0.0
74.0 0.0 0.0
74.0 2.0 0.22253277156110843
74.0 4.0 0.4689569271453193
74.0 6.0 0.46995394033928406
74.0 8.0 0.4526735599635548
74.0 10.0 0.47504831711875634
74.0 12.0 0.30023461113258537
74.0 14.0 0.03866928157141627
74.0 16.0 0.0
74.0 18.0 0.0
74.0 20.0 0.0
74.0 22.0 0.0
74.0 24.0 0.0
74.0 26.0 0.0
74.0 28.0 0.0
74.0 30.0 0.0
74.0 32.0 0.0
74.0 34.0 0.009902875697975282
74.0 36.0 0.08307729820204986
74.0 38.0 0.18513110204814356
74.0 40.0 0.2870912172786228
74.0 42.0 0.38768977773281826
74.0 44.0 0.47504717354511755
74.0 46.0 0.5248169244077155
74.0 48.0 0.5409535457620186
74.0 50.0 0.5214780626724532
74.0 52.0 0.47644378810730625
74.0 54.0 0.36048532684112994
74.0 56.0 0.1233500582592179
74.0 58.0 0.008710085064432811
74.0 60.0 0.0
74.0 62.0 0.0
74.0 64.0 0.0
74.0 66.0 0.0
74.0 68.0 0.0
74.0 70.0 0.0
74.0 72.0 0.0
74.0 74.0 0.0
74.0 76.0 0.0
74.0 78.0 0.0
74.0 80.0 0.0
74.0 82.0 0.0
74.0 84.0 0.07697311474182937
74.0 86.0 0.21471076626428762
74.0 88.0 0.322320044543677
74.0 90.0 0.3777463327808301
74.0 92.0 0.38296561912892263
74.0 94.0 0.3460676827194457
74.0 96.0 0.26102588927340253
74.0 98.0 0.16253243532849274
74.0 100.0 0.06638193946372589
74.0 102.0 0.007617858457650294
74.0 104.0 0.0
74.0 106.0 0.0
74.0 108.0 0.0
74.0 110.0 0.0
74.0 112.0 0.0
74.0 114.0 0.0
74.0 116.0 0.0
74.0 118.0 0.0
74.0 120.0 0.0
74.0 122.0 0.0
74.0 124.0 0.0
74.0 126.0 0.0
76.0 0.0 0.0
76.0 2.0 0.25075361908210886
76.0 4.0 0.47056038920630355
76.0 6.0 0.4643314919731775
76.0 8.0 0.4603290794055633
76.0 10.0 0.43086642279004067
76.0 12.0 0.19440528489150452
76.0 14.0 0.0140433146367996
76.0 16.0 0.0
76.0 18.0 0.0
76.0 20.0 0.0
76.0 22.0 0.0
76.0 24.0 0.0
76.0 26.0 0.0
76.0 28.0 0.0
76.0 30.0 0.0
76.0 32.0 0.0
76.0 34.0 0.03511538246108947
76.0 36.0 0.12546998993991798
76.0 38.0 0.22962077509006232
76.0 40.0 0.3329567109851006
76.0 42.0 0.4274188706000595
76.0 44.0 0.5032748227647239
76.0 46.0 0.542835116260506
76.0 48.0 0.5467472337301529
76.0 50.0 0.520904561582597
76.0 52.0 0.5004268836517611
76.0 54.0 0.34481289151758854
76.0 56.0 0.08911197947316442
76.0 58.0 0.001943500936615476
76.0 60.0 0.0
76.0 62.0 0.0
76.0 64.0 0.0
76.0 66.0 0.0
76.0 68.0 0.0
76.0 70.0 0.0
76.0 72.0 0.0
76.0 74.0 0.0
76.0 76.0 0.0
76.0 78.0 0.0
76.0 80.0 0.0
76.0 82.0 0.0
76.0 84.0 0.02603580344313521
76.0 86.0 0.09853856607827638
76.0 88.0 0.19966459897636635
76.0 90.0 0.262282739470882
76.0 92.0 0.2731888316875504
76.0 94.0 0.24482538777641902
76.0 96.0 0.17718141140227442
76.0 98.0 0.11367351497779261
76.0 100.0 0.059771386717871494
76.0 102.0 0.00878072266172186
76.0 104.0 0.0
76.0 106.0 0.0
76.0 108.0 0.0
76.0 110.0 0.0
76.0 112.0 0.0
76.0 114.0 0.0
76.0 116.0 0.0
76.0 118.0 0.0
76.0 120.0 0.0
76.0 122.0 0.0
76.0 124.0 0.0
76.0 126.0 0.0
78.0 0.0 0.0
78.0 2.0 0.2599388130878923
78.0 4.0 0.4709111986427626
78.0 6.0 0.4519125637491071
78.0 8.0 0.42369166967984434
78.0 10.0 0.318883802070855
78.0 12.0 0.0769031053867866
78.0 14.0 2.3207138735474285E-4
78.0 16.0 0.0
78.0 18.0 0.0
78.0 20.0 0.0
78.0 22.0 0.0
78.0 24.0 0.0
78.0 26.0 0.0
78.0 28.0 0.0
78.0 30.0 0.0
78.0 32.0 0.008264581706013534
78.0 34.0 0.0700049183317407
78.0 36.0 0.1677215276773422
78.0 38.0 0.27216303874750114
78.0 40.0 0.3723769340715511
78.0 42.0 0.4561745289783148
78.0 44.0 0.51653154003253
78.0 46.0 0.5449897696917106
78.0 48.0 0.5248375603133124
78.0 50.0 0.5331875338553467
78.0 52.0 0.49625229794463405
78.0 54.0 0.2966349919025412
78.0 56.0 0.051501069493962125
78.0 58.0 0.0
78.0 60.0 0.0
78.0 62.0 0.0
78.0 64.0 0.0
78.0 66.0 0.0
78.0 68.0 0.0
78.0 70.0 0.0
78.0 72.0 0.0
78.0 74.0 0.0
78.0 76.0 0.0
78.0 78.0 0.0
78.0 80.0 0.0
78.0 82.0 0.0
78.0 84.0 0.014272277549117954
78.0 86.0 0.031595360596083734
78.0 88.0 0.09253677262956676
78.0 90.0 0.14958593937265388
78.0 92.0 0.15970060877726033
78.0 94.0 0.1362945301925982
78.0 96.0 0.08688364674230765
78.0 98.0 0.056069700616454866
78.0 100.0 0.027625302099915944
78.0 102.0 0.009101215736941634
78.0 104.0 0.0017240847141733635
78.0 106.0 0.002285472268200617
78.0 108.0 0.0027962818186439554
78.0 110.0 0.003772288055884168
78.0 112.0 0.006587599457401435
78.0 114.0 0.010866600138233257
78.0 116.0 0.00735943394702172
78.0 118.0 0.005333416707177443
78.0 120.0 0.00629359781816789
78.0 122.0 0.0015360271000498511
78.0 124.0 0.0
78.0 126.0 0.0
80.0 0.0 0.0
80.0 2.0 0.0
80.0 4.0 0.34177921368987874
80.0 6.0 0.46323461083667566
80.0 8.0 0.35773086195049425
80.0 10.0 0.1970329848742287
80.0 12.0 0.02531590591498008
80.0 14.0 0.0
80.0 16.0 0.0
80.0 18.0 0.0
80.0 20.0 0.0
80.0 22.0 0.0
80.0 24.0 0.0
80.0 26.0 0.0
80.0 28.0 0.0
80.0 30.0 0.0
80.0 32.0 0.02951464520828893
80.0 34.0 0.1085869541518794
80.0 36.0 0.21016530888524756
80.0 38.0 0.310907911592821
80.0 40.0 0.40416423240406046
80.0 42.0 0.47664943045529196
80.0 44.0 0.5252317176321845
80.0 46.0 0.5229345831152116
80.0 48.0 0.49707688553588475
80.0 50.0 0.536913190816532
80.0 52.0 0.45553398309053933
80.0 54.0 0.21503213119610212
80.0 56.0 0.028740349314133138
80.0 58.0 0.0
80.0 60.0 0.0
80.0 62.0 0.0
80.0 64.0 0.0
80.0 66.0 0.0
80.0 68.0 0.0
80.0 70.0 0.0
80.0 72.0 0.0
80.0 74.0 0.0
80.0 76.0 0.0
80.0 78.0 0.0
80.0 80.0 0.0
80.0 82.0 0.0022399400804474696
80.0 84.0 0.005030498076054607
80.0 86.0 0.010544794175429958
80.0 88.0 0.01813969848626196
80.0 90.0 0.028334542923995665
80.0 92.0 0.024089289768743416
80.0 94.0 0.014980900305749464
80.0 96.0 0.0076729075380563075
80.0 98.0 9.37514922272734E-4
80.0 100.0 1.9725532076000774E-4
80.0 102.0 0.0017901976661680592
80.0 104.0 0.006288495700952781
80.0 106.0 0.014727970273652385
80.0 108.0 0.02899917286919587
80.0 110.0 0.03520330698053372
80.0 112.0 0.04075423530798367
80.0 114.0 0.04641936181912329
80.0 116.0 0.05159561734930327
80.0 118.0 0.05647477103335786
80.0 120.0 0.07835990178042668
80.0 122.0 0.10547389960451585
80.0 124.0 0.15859355637741893
80.0 126.0 0.0
82.0 0.0 0.0
82.0 2.0 0.0
82.0 4.0 0.3379231374833933
82.0 6.0 0.2853451666191247
82.0 8.0 0.12618361999138777
82.0 10.0 0.02495840062317888
82.0 12.0 0.0
82.0 14.0 0.0
82.0 16.0 0.0
82.0 18.0 0.0
82.0 20.0 0.0
82.0 22.0 0.0
82.0 24.0 0.0
82.0 26.0 0.0
82.0 28.0 0.0
82.0 30.0 0.00523725825884024
82.0 32.0 0.0738293016062901
82.0 34.0 0.1628567190578746
82.0 36.0 0.2518808201301613
82.0 38.0 0.34048203439676444
82.0 40.0 0.4225280730628201
82.0 42.0 0.48433241080800066
82.0 44.0 0.4886139790439603
82.0 46.0 0.4607582970532628
82.0 48.0 0.5116427887759608
82.0 50.0 0.5142629972734726
82.0 52.0 0.3958915082728307
82.0 54.0 0.1245506253291283
82.0 56.0 0.007034470788117594
82.0 58.0 0.0
82.0 60.0 0.0
82.0 62.0 0.0
82.0 64.0 0.0
82.0 66.0 0.0
82.0 68.0 0.0
82.0 70.0 0.0
82.0 72.0 0.0
82.0 74.0 0.0
82.0 76.0 0.0
82.0 78.0 0.0
82.0 80.0 0.0
82.0 82.0 0.008259599127438531
82.0 84.0 0.01575164331739271
82.0 86.0 0.011163604223491585
82.0 88.0 0.0
82.0 90.0 0.0
82.0 92.0 0.0
82.0 94.0 0.0
82.0 96.0 0.0
82.0 98.0 0.0
82.0 100.0 0.0
82.0 102.0 0.0
82.0 104.0 0.0
82.0 106.0 0.007929472007940783
82.0 108.0 0.02546639466541255
82.0 110.0 0.04222711483188552
82.0 112.0 0.0558749680354765
82.0 114.0 0.0845324314148624
82.0 116.0 0.09674059495659182
82.0 118.0 0.11363532649435204
82.0 120.0 0.16018470954194117
82.0 122.0 0.22867889955775478
82.0 124.0 0.306301687311767
82.0 126.0 0.0
84.0 0.0 0.0
84.0 2.0 0.0
84.0 4.0 0.261743254492849
84.0 6.0 0.05885959127826748
84.0 8.0 0.0019650134698860886
84.0 10.0 0.0
84.0 12.0 0.0
84.0 14.0 0.0
84.0 16.0 0.0
84.0 18.0 0.0
84.0 20.0 0.0
84.0 22.0 0.0
84.0 24.0 0.0
84.0 26.0 0.0
84.0 28.0 0.0
84.0 30.0 0.015752074495429716
84.0 32.0 0.10262577434899067
84.0 34.0 0.20055930686053156
84.0 36.0 0.2843929095265527
84.0 38.0 0.35207290292500404
84.0 40.0 0.35412594928262114
84.0 42.0 0.3705359947748917
84.0 44.0 0.4046685863445358
84.0 46.0 0.4202072526388805
84.0 48.0 0.49362198521562334
84.0 50.0 0.44571124426093817
84.0 52.0 0.2692209758157525
84.0 54.0 0.04207793506646299
84.0 56.0 0.0
84.0 58.0 0.0
84.0 60.0 0.0
84.0 62.0 0.0
84.0 64.0 0.0
84.0 66.0 0.0
84.0 68.0 0.0
84.0 70.0 0.0
84.0 72.0 0.0
84.0 74.0 0.0
84.0 76.0 0.0
84.0 78.0 1.8298460835536345E-4
84.0 80.0 0.017197400682427588
84.0 82.0 0.03231938455616207
84.0 84.0 0.032864989617783696
84.0 86.0 0.01558107121695477
84.0 88.0 0.0
84.0 90.0 0.0
84.0 92.0 0.0
84.0 94.0 0.0
84.0 96.0 0.0
84.0 98.0 0.0
84.0 100.0 0.0
84.0 102.0 0.0
84.0 104.0 0.0
84.0 106.0 0.0
84.0 108.0 0.008075447740715638
84.0 110.0 0.0316864631610078
84.0 112.0 0.05610738687638714
84.0 114.0 0.08306282778253112
84.0 116.0 0.12478832737772062
84.0 118.0 0.15129018711726006
84.0 120.0 0.2152878806208958
84.0 122.0 0.31490593942412015
84.0 124.0 0.0
84.0 126.0 0.0
86.0 0.0 0.0
86.0 2.0 0.0
86.0 4.0 0.0
86.0 6.0 0.12277028897504011
86.0 8.0 0.0
86.0 10.0 0.0
86.0 12.0 0.0
86.0 14.0 0.0
86.0 16.0 0.0
86.0 18.0 0.0
86.0 20.0 0.0
86.0 22.0 0.0
86.0 24.0 0.0
86.0 26.0 0.0
86.0 28.0 0.0
86.0 30.0 0.025067640058633826
86.0 32.0 0.1160068825250347
86.0 34.0 0.21276560126041807
86.0 36.0 0.25784836398934546
86.0 38.0 0.29516592893451726
86.0 40.0 0.3539060093494724
86.0 42.0 0.388314721850714
86.0 44.0 0.37872777354825743
86.0 46.0 0.3657403149578264
86.0 48.0 0.4327968199327929
86.0 50.0 0.32862817414672796
86.0 52.0 0.12226290636059968
86.0 54.0 0.00941718322577372
86.0 56.0 0.0
86.0 58.0 0.0
86.0 60.0 0.0
86.0 62.0 0.0
86.0 64.0 0.0
86.0 66.0 0.0
86.0 68.0 0.0
86.0 70.0 0.0
86.0 72.0 0.0
86.0 74.0 0.0
86.0 76.0 0.0018539870762578619
86.0 78.0 0.02554649129621402
86.0 80.0 0.060982543375338503
86.0 82.0 0.08617767985042339
86.0 84.0 0.07081747040302246
86.0 86.0 0.032426436686124376
86.0 88.0 0.005438031037339607
86.0 90.0 0.0
86.0 92.0 0.0
86.0 94.0 0.0
86.0 96.0 0.0
86.0 98.0 0.0
86.0 100.0 0.0
86.0 102.0 0.0
86.0 104.0 0.0
86.0 106.0 0.0
86.0 108.0 0.0
86.0 110.0 0.0016820368846235314
86.0 112.0 0.029210590257462227
86.0 114.0 0.06758645280021036
86.0 116.0 0.1233048163931482
86.0 118.0 0.16602504793332665
86.0 120.0 0.24030446281286091
86.0 122.0 0.3603354714120964
86.0 124.0 0.0
86.0 126.0 0.0
88.0 0.0 0.0
88.0 2.0 0.0
88.0 4.0 0.0
88.0 6.0 0.09895040261011812
88.0 8.0 0.0
88.0 10.0 0.0
88.0 12.0 0.0
88.0 14.0 0.0
88.0 16.0 0.0
88.0 18.0 0.0
88.0 20.0 0.0
88.0 22.0 0.0
88.0 24.0 0.0019358632873945605
88.0 26.0 0.0072444857752201235
88.0 28.0 0.0028194564279255194
88.0 30.0 0.03038028121452242
88.0 32.0 0.11011520425159953
88.0 34.0 0.19652028557663867
88.0 36.0 0.2659751240124171
88.0 38.0 0.3145912159850667
88.0 40.0 0.32063653376946133
88.0 42.0 0.29761424348973037
88.0 44.0 0.308150473452106
88.0 46.0 0.3498541939367466
88.0 48.0 0.2998984714938118
88.0 50.0 0.17253870417901285
88.0 52.0 0.028324266631149963
88.0 54.0 0.0
88.0 56.0 0.0
88.0 58.0 0.0
88.0 60.0 0.0
88.0 62.0 0.0
88.0 64.0 0.0
88.0 66.0 0.0
88.0 68.0 0.0
88.0 70.0 0.0
88.0 72.0 0.0
88.0 74.0 0.01737025407427514
88.0 76.0 0.0644585857992072
88.0 78.0 0.10269318024047319
88.0 80.0 0.1550826280251061
88.0 82.0 0.15218837172012403
88.0 84.0 0.13744235993672577
88.0 86.0 0.07354889222312369
88.0 88.0 0.007396359120956188
88.0 90.0 0.0
88.0 92.0 0.0
88.0 94.0 0.0
88.0 96.0 0.0
88.0 98.0 0.0
88.0 100.0 0.0
88.0 102.0 0.0
88.0 104.0 0.0
88.0 106.0 0.0
88.0 108.0 0.0
88.0 110.0 0.0
88.0 112.0 0.0
88.0 114.0 0.026854657630658033
88.0 116.0 0.08841388417535728
88.0 118.0 0.1376793632384752
88.0 120.0 0.2392032660502649
88.0 122.0 0.36227838143826574
88.0 124.0 0.0
88.0 126.0 0.0
90.0 0.0 0.0
90.0 2.0 0.0
90.0 4.0 0.0
90.0 6.0 0.06926838020105897
90.0 8.0 0.0
90.0 10.0 0.0
90.0 12.0 0.0
90.0 14.0 0.0
90.0 16.0 0.0
90.0 18.0 0.0
90.0 20.0 0.0
90.0 22.0 5.634862706209049E-4
90.0 24.0 0.011897258065011108
90.0 26.0 0.01859361126976901
90.0 28.0 0.022463763947710703
90.0 30.0 0.049362347069583125
90.0 32.0 0.10012728183318038
90.0 34.0 0.1593354799781391
90.0 36.0 0.21439136840135622
90.0 38.0 0.25031756168108177
90.0 40.0 0.27536012716039576
90.0 42.0 0.2814491352273307
90.0 44.0 0.2564712722364034
90.0 46.0 0.20466924429405453
90.0 48.0 0.12619477961754536
90.0 50.0 0.023331834732183
90.0 52.0 0.0
90.0 54.0 0.0
90.0 56.0 0.0
90.0 58.0 0.0
90.0 60.0 0.0
90.0 62.0 0.0
90.0 64.0 0.0
90.0 66.0 0.0
90.0 68.0 0.0
90.0 70.0 0.0
90.0 72.0 0.0
90.0 74.0 0.056362326527359397
90.0 76.0 0.12717872209653172
90.0 78.0 0.1626139464765696
90.0 80.0 0.19947386975139625
90.0 82.0 0.24048124342803692
90.0 84.0 0.22040293532127006
90.0 86.0 0.15358489003133127
90.0 88.0 0.043408578084536305
90.0 90.0 0.005194032134392499
90.0 92.0 0.0
90.0 94.0 0.0
90.0 96.0 0.0
90.0 98.0 0.0
90.0 100.0 0.0
90.0 102.0 0.0
90.0 104.0 0.0
90.0 106.0 0.0
90.0 108.0 0.0
90.0 110.0 0.0
90.0 112.0 0.0
90.0 114.0 0.0
90.0 116.0 0.02997851746692806
90.0 118.0 0.11957018919819519
90.0 120.0 0.20749962418551327
90.0 122.0 0.0
90.0 124.0 0.0
90.0 126.0 0.0
92.0 0.0 0.0
92.0 2.0 0.0
92.0 4.0 0.0
92.0 6.0 0.0
92.0 8.0 0.028433461766247854
92.0 10.0 0.0
92.0 12.0 0.0
92.0 14.0 7.56593086315331E-5
92.0 16.0 0.0076186443378012175
92.0 18.0 0.0
92.0 20.0 0.0
92.0 22.0 0.017611784936709108
92.0 24.0 0.0345133242750944
92.0 26.0 0.04058407828645094
92.0 28.0 0.025246267371209146
92.0 30.0 0.038539916687621606
92.0 32.0 0.06903535808456045
92.0 34.0 0.11509187398151516
92.0 36.0 0.15496931128087862
92.0 38.0 0.16537924223905856
92.0 40.0 0.16597332343921253
92.0 42.0 0.1528737780079085
92.0 44.0 0.11194527351450785
92.0 46.0 0.038514286287813414
92.0 48.0 0.0015757802024179387
92.0 50.0 0.0
92.0 52.0 0.0
92.0 54.0 0.0
92.0 56.0 0.0
92.0 58.0 0.0
92.0 60.0 0.0
92.0 62.0 0.0
92.0 64.0 0.0
92.0 66.0 0.0
92.0 68.0 0.0
92.0 70.0 0.0
92.0 72.0 0.010075883277534045
92.0 74.0 0.09981719748570046
92.0 76.0 0.1858067893239097
92.0 78.0 0.22375424720572837
92.0 80.0 0.2586231678941416
92.0 82.0 0.3230422642012292
92.0 84.0 0.30735875399799045
92.0 86.0 0.24979984618043719
92.0 88.0 0.10891550660250188
92.0 90.0 0.016932895471867205
92.0 92.0 0.0
92.0 94.0 0.0
92.0 96.0 0.0
92.0 98.0 0.0
92.0 100.0 0.0
92.0 102.0 0.0
92.0 104.0 0.0
92.0 106.0 0.0
92.0 108.0 0.0
92.0 110.0 0.0
92.0 112.0 0.0
92.0 114.0 0.0
92.0 116.0 0.0
92.0 118.0 0.04866791998524597
92.0 120.0 0.14683296405476282
92.0 122.0 0.0
92.0 124.0 0.0
92.0 126.0 0.0
94.0 0.0 0.0
94.0 2.0 0.0
94.0 4.0 0.0
94.0 6.0 0.0
94.0 8.0 0.0189922206794151
94.0 10.0 0.0
94.0 12.0 0.0
94.0 14.0 0.0033512795336352245
94.0 16.0 0.021941605721428767
94.0 18.0 0.026048153833919507
94.0 20.0 0.021868081678299258
94.0 22.0 0.028654078758758694
94.0 24.0 0.05705889589696574
94.0 26.0 0.05848347732087241
94.0 28.0 0.05997427783428965
94.0 30.0 0.0485602218851627
94.0 32.0 0.05130320785950962
94.0 34.0 0.0762772391986218
94.0 36.0 0.08754740177936825
94.0 38.0 0.05485972219845128
94.0 40.0 0.014685185361864849
94.0 42.0 3.0715419682614503E-4
94.0 44.0 0.0
94.0 46.0 0.0
94.0 48.0 0.0
94.0 50.0 0.0
94.0 52.0 0.0
94.0 54.0 0.0
94.0 56.0 0.0
94.0 58.0 0.0
94.0 60.0 0.0
94.0 62.0 0.0
94.0 64.0 0.003457318944002664
94.0 66.0 0.001649018146526066
94.0 68.0 0.00337242869866783
94.0 70.0 0.015470254914706346
94.0 72.0 0.09686274052823896
94.0 74.0 0.17247411567230939
94.0 76.0 0.23126530503893336
94.0 78.0 0.2817337694148477
94.0 80.0 0.3096570368590893
94.0 82.0 0.3848743294359222
94.0 84.0 0.36398621956083566
94.0 86.0 0.3245867503608539
94.0 88.0 0.19754151813905538
94.0 90.0 0.05560932204851943
94.0 92.0 0.003769809693535242
94.0 94.0 0.0
94.0 96.0 0.0
94.0 98.0 0.0
94.0 100.0 0.0
94.0 102.0 0.0
94.0 104.0 0.0
94.0 106.0 0.0
94.0 108.0 0.0
94.0 110.0 0.0
94.0 112.0 0.0
94.0 114.0 0.0
94.0 116.0 0.0
94.0 118.0 2.554231704049335E-4
94.0 120.0 0.0
94.0 122.0 0.0
94.0 124.0 0.0
94.0 126.0 0.0
96.0 0.0 0.0
96.0 2.0 0.0
96.0 4.0 0.0
96.0 6.0 0.0
96.0 8.0 0.0
96.0 10.0 7.871867251710466E-7
96.0 12.0 0.0
96.0 14.0 0.013931065448891916
96.0 16.0 0.05144235606207903
96.0 18.0 0.07887744047230603
96.0 20.0 0.09991416985046647
96.0 22.0 0.08122396242970605
96.0 24.0 0.07419604362468808
96.0 26.0 0.06888831693875606
96.0 28.0 0.06063220930165116
96.0 30.0 0.050077213095189345
96.0 32.0 0.04237230886521068
96.0 34.0 0.050935297017732827
96.0 36.0 0.02428921938779584
96.0 38.0 0.0
96.0 40.0 0.0
96.0 42.0 0.0
96.0 44.0 0.0
96.0 46.0 0.0
96.0 48.0 0.0
96.0 50.0 0.0
96.0 52.0 0.0
96.0 54.0 0.0
96.0 56.0 0.0
96.0 58.0 0.0
96.0 60.0 0.0
96.0 62.0 0.0032425164671354132
96.0 64.0 0.02243740763129198
96.0 66.0 0.03262301293705372
96.0 68.0 0.052331077069933785
96.0 70.0 0.09933441909474622
96.0 72.0 0.18051983359056534
96.0 74.0 0.2588299513202315
96.0 76.0 0.32164181481331233
96.0 78.0 0.33155655809156387
96.0 80.0 0.35557319515510416
96.0 82.0 0.35750762247543233
96.0 84.0 0.3952148955331945
96.0 86.0 0.36046560453010407
96.0 88.0 0.26255999134391156
96.0 90.0 0.11529763211548431
96.0 92.0 0.015556580585028642
96.0 94.0 0.0
96.0 96.0 0.0
96.0 98.0 0.0
96.0 100.0 0.0
96.0 102.0 0.0
96.0 104.0 0.0
96.0 106.0 0.0
96.0 108.0 0.0
96.0 110.0 0.0
96.0 112.0 0.0
96.0 114.0 0.0
96.0 116.0 0.0
96.0 118.0 0.0
96.0 120.0 0.0
96.0 122.0 0.0
96.0 124.0 0.0
96.0 126.0 0.0
98.0 0.0 0.0
98.0 2.0 0.0
98.0 4.0 0.0
98.0 6.0 0.0
98.0 8.0 0.0
98.0 10.0 0.0
98.0 12.0 0.0
98.0 14.0 0.021007315172375793
98.0 16.0 0.07593559213666612
98.0 18.0 0.11207256242861639
98.0 20.0 0.14099164551320423
98.0 22.0 0.13067490999705894
98.0 24.0 0.1115488229726237
98.0 26.0 0.09954659508087177
98.0 28.0 0.08238970549058643
98.0 30.0 0.05832308964036989
98.0 32.0 0.033213892843012
98.0 34.0 0.024338574426226934
98.0 36.0 0.004627167594348123
98.0 38.0 0.0
98.0 40.0 0.0
98.0 42.0 0.0
98.0 44.0 0.0
98.0 46.0 0.0
98.0 48.0 0.0
98.0 50.0 0.0
98.0 52.0 0.0
98.0 54.0 0.0
98.0 56.0 0.0
98.0 58.0 0.0
98.0 60.0 0.0
98.0 62.0 0.009855131966655913
98.0 64.0 0.03093414004704056
98.0 66.0 0.061108980132806995
98.0 68.0 0.09343969916148005
98.0 70.0 0.14786724847766455
98.0 72.0 0.21974536293412786
98.0 74.0 0.2871521454276084
98.0 76.0 0.3510541701763516
98.0 78.0 0.3998173724503306
98.0 80.0 0.38627551156692164
98.0 82.0 0.38391911676955476
98.0 84.0 0.36940665022274305
98.0 86.0 0.3808026184738969
98.0 88.0 0.29623341299340283
98.0 90.0 0.1578080880624324
98.0 92.0 0.02841118620942147
98.0 94.0 0.0
98.0 96.0 0.0
98.0 98.0 0.0
98.0 100.0 0.0
98.0 102.0 0.0
98.0 104.0 0.0
98.0 106.0 0.0
98.0 108.0 0.0
98.0 110.0 0.0
98.0 112.0 0.0
98.0 114.0 0.0
98.0 116.0 0.0
98.0 118.0 0.0
98.0 120.0 0.0
98.0 122.0 0.0
98.0 124.0 0.0
98.0 126.0 0.0
100.0 0.0 0.0
100.0 2.0 0.0
100.0 4.0 0.0
100.0 6.0 0.0
100.0 8.0 0.0
100.0 10.0 0.0
100.0 12.0 0.0
100.0 14.0 0.03770815829295938
100.0 16.0 0.12408707274119612
100.0 18.0 0.17430014697715443
100.0 20.0 0.1927647707072728
100.0 22.0 0.1769539456649907
100.0 24.0 0.16765785372528993
100.0 26.0 0.15079024951971062
100.0 28.0 0.09977106497473998
100.0 30.0 0.050181028800328036
100.0 32.0 0.015755531221479633
100.0 34.0 0.010704282211361956
100.0 36.0 0.0
100.0 38.0 0.0
100.0 40.0 0.0
100.0 42.0 0.0
100.0 44.0 0.0
100.0 46.0 0.0
100.0 48.0 0.0
100.0 50.0 0.0
100.0 52.0 0.0
100.0 54.0 0.0
100.0 56.0 0.0
100.0 58.0 0.0
100.0 60.0 7.317138233614143E-4
100.0 62.0 0.010520740371919779
100.0 64.0 0.028337782535843195
100.0 66.0 0.05964091546340219
100.0 68.0 0.10377397889156516
100.0 70.0 0.15398132916728782
100.0 72.0 0.22484660843304627
100.0 74.0 0.28280448265566216
100.0 76.0 0.3580246634174247
100.0 78.0 0.42782090959958036
100.0 80.0 0.38718949165403677
100.0 82.0 0.3845843052686457
100.0 84.0 0.3730421330050206
100.0 86.0 0.3374392650199664
100.0 88.0 0.3499235391009092
100.0 90.0 0.19279680551924364
100.0 92.0 0.052431719333811
100.0 94.0 0.002278201430624922
100.0 96.0 0.0
100.0 98.0 0.0
100.0 100.0 0.0
100.0 102.0 0.0
100.0 104.0 0.0
100.0 106.0 0.0
100.0 108.0 0.0
100.0 110.0 0.0
100.0 112.0 0.0
100.0 114.0 0.0
100.0 116.0 0.0
100.0 118.0 0.0
100.0 120.0 0.0
100.0 122.0 0.0
100.0 124.0 0.0
100.0 126.0 0.0
102.0 0.0 0.0
102.0 2.0 0.0
102.0 4.0 0.0
102.0 6.0 0.0
102.0 8.0 0.0
102.0 10.0 0.0
102.0 12.0 0.0
102.0 14.0 0.0047395493050213155
102.0 16.0 0.14887036114182198
102.0 18.0 0.23567798408269627
102.0 20.0 0.2665601984709272
102.0 22.0 0.24347169524062365
102.0 24.0 0.2106506183111693
102.0 26.0 0.1840793647864122
102.0 28.0 0.12876891749947608
102.0 30.0 0.061206321005645346
102.0 32.0 0.024853986282627073
102.0 34.0 0.0066489544446938316
102.0 36.0 0.0
102.0 38.0 0.0
102.0 40.0 0.0
102.0 42.0 0.0
102.0 44.0 0.0
102.0 46.0 0.0
102.0 48.0 0.0
102.0 50.0 0.0
102.0 52.0 0.0
102.0 54.0 0.0
102.0 56.0 0.0
102.0 58.0 0.0
102.0 60.0 0.006647149817137425
102.0 62.0 0.017819135726019182
102.0 64.0 0.032848140901925275
102.0 66.0 0.05796738691402115
102.0 68.0 0.09228061903452323
102.0 70.0 0.13343947251964258
102.0 72.0 0.19375088219929593
102.0 74.0 0.25397414597153994
102.0 76.0 0.32537059520448625
102.0 78.0 0.39797434049014196
102.0 80.0 0.3831345286201764
102.0 82.0 0.3650591618946437
102.0 84.0 0.36114578860033825
102.0 86.0 0.33280944039752963
102.0 88.0 0.3487138804488976
102.0 90.0 0.22926298837335193
102.0 92.0 0.07812969831152873
102.0 94.0 0.0069414911886022425
102.0 96.0 0.0
102.0 98.0 0.0
102.0 100.0 0.0
102.0 102.0 0.0
102.0 104.0 0.0
102.0 106.0 0.0
102.0 108.0 0.0
102.0 110.0 0.0
102.0 112.0 0.0
102.0 114.0 0.0
102.0 116.0 0.0
102.0 118.0 0.0
102.0 120.0 0.0
102.0 122.0 0.0
102.0 124.0 0.0
102.0 126.0 0.0
104.0 0.0 0.0
104.0 2.0 0.0
104.0 4.0 0.0
104.0 6.0 0.0
104.0 8.0 0.0
104.0 10.0 0.0
104.0 12.0 0.0
104.0 14.0 0.0
104.0 16.0 0.052701728279108
104.0 18.0 0.2817460090803601
104.0 20.0 0.32432842121827277
104.0 22.0 0.3456013495213344
104.0 24.0 0.26488609866691987
104.0 26.0 0.22515077955785534
104.0 28.0 0.16294032046278126
104.0 30.0 0.06987115831824038
104.0 32.0 0.04089165301283641
104.0 34.0 0.006148227239941516
104.0 36.0 0.0
104.0 38.0 0.0
104.0 40.0 0.0
104.0 42.0 0.0
104.0 44.0 0.0
104.0 46.0 0.0
104.0 48.0 0.0
104.0 50.0 0.0
104.0 52.0 0.0
104.0 54.0 0.0
104.0 56.0 0.0
104.0 58.0 0.004543333306275423
104.0 60.0 0.015086930755615726
104.0 62.0 0.01124222965469418
104.0 64.0 0.014846443808982285
104.0 66.0 0.023808735530292124
104.0 68.0 0.07099050506117212
104.0 70.0 0.10931564336800337
104.0 72.0 0.15873771573501733
104.0 74.0 0.19684974058141522
104.0 76.0 0.2721422472167841
104.0 78.0 0.3406149353675693
104.0 80.0 0.3581182486492147
104.0 82.0 0.3304869504597829
104.0 84.0 0.3379729105926519
104.0 86.0 0.31667391028355146
104.0 88.0 0.34916107872005275
104.0 90.0 0.2490235720503462
104.0 92.0 0.10654056263755797
104.0 94.0 0.011658147741698011
104.0 96.0 0.0
104.0 98.0 0.0
104.0 100.0 0.0
104.0 102.0 0.0
104.0 104.0 0.0
104.0 106.0 0.0
104.0 108.0 0.0
104.0 110.0 0.0
104.0 112.0 0.0
104.0 114.0 0.0
104.0 116.0 0.0
104.0 118.0 0.0
104.0 120.0 0.0
104.0 122.0 0.0
104.0 124.0 0.0
104.0 126.0 0.0
106.0 0.0 0.0
106.0 2.0 0.0
106.0 4.0 0.0
106.0 6.0 0.0
106.0 8.0 0.0
106.0 10.0 0.0
106.0 12.0 0.0
106.0 14.0 0.0
106.0 16.0 0.0
106.0 18.0 0.15715335511444142
106.0 20.0 0.364154354417672
106.0 22.0 0.39188589263321777
106.0 24.0 0.3259100383821248
106.0 26.0 0.27385912968747345
106.0 28.0 0.2034611112708807
106.0 30.0 0.09701723488686938
106.0 32.0 0.03494644013858022
106.0 34.0 0.0025880847242306967
106.0 36.0 0.0
106.0 38.0 0.0
106.0 40.0 0.0
106.0 42.0 0.0
106.0 44.0 0.0
106.0 46.0 0.0
106.0 48.0 0.0
106.0 50.0 0.0
106.0 52.0 0.0
106.0 54.0 0.0
106.0 56.0 0.004505383915439304
106.0 58.0 0.01516629569698054
106.0 60.0 0.028933190119168808
106.0 62.0 0.022038059766315194
106.0 64.0 0.01152106201099797
106.0 66.0 0.013496163762245572
106.0 68.0 0.021385108901237775
106.0 70.0 0.07568052811867342
106.0 72.0 0.10507801793793085
106.0 74.0 0.13497894202997943
106.0 76.0 0.18046812749055963
106.0 78.0 0.2468877282749992
106.0 80.0 0.31009937122974124
106.0 82.0 0.2926226113873596
106.0 84.0 0.31661485591023797
106.0 86.0 0.3021056006513544
106.0 88.0 0.32779773632121895
106.0 90.0 0.25801902071498567
106.0 92.0 0.12890796702768384
106.0 94.0 0.016910271987956332
106.0 96.0 0.0
106.0 98.0 0.0
106.0 100.0 0.0
106.0 102.0 0.0
106.0 104.0 0.0
106.0 106.0 0.0
106.0 108.0 0.0
106.0 110.0 0.0
106.0 112.0 0.0
106.0 114.0 0.0
106.0 116.0 0.0
106.0 118.0 0.0
106.0 120.0 0.0
106.0 122.0 0.0
106.0 124.0 0.0
106.0 126.0 0.0
108.0 0.0 0.0
108.0 2.0 0.0
108.0 4.0 0.0
108.0 6.0 0.0
108.0 8.0 0.0
108.0 10.0 0.0
108.0 12.0 0.0
108.0 14.0 0.0
108.0 16.0 0.0
108.0 18.0 0.0
108.0 20.0 0.1286507298991108
108.0 22.0 0.3470376849917471
108.0 24.0 0.37019707491037296
108.0 26.0 0.32354487372289936
108.0 28.0 0.20469785905179774
108.0 30.0 0.12775361549177314
108.0 32.0 0.03200207451609815
108.0 34.0 0.0013118435026527068
108.0 36.0 0.0
108.0 38.0 0.0
108.0 40.0 0.0
108.0 42.0 0.0
108.0 44.0 0.0
108.0 46.0 0.0
108.0 48.0 0.0
108.0 50.0 0.0
108.0 52.0 0.0
108.0 54.0 0.004232322257230692
108.0 56.0 0.01787701955730787
108.0 58.0 0.03495789388839433
108.0 60.0 0.05043361430895018
108.0 62.0 0.03228696114943066
108.0 64.0 0.00952829800283832
108.0 66.0 7.41067577608348E-4
108.0 68.0 0.0
108.0 70.0 0.023553206542646376
108.0 72.0 0.051056582573406284
108.0 74.0 0.06781263069775324
108.0 76.0 0.07887716769391709
108.0 78.0 0.13811673616779732
108.0 80.0 0.2223364421428556
108.0 82.0 0.2558708962359824
108.0 84.0 0.28549696990263657
108.0 86.0 0.28139217987959525
108.0 88.0 0.2949075454996855
108.0 90.0 0.27204887964427055
108.0 92.0 0.15755377985605148
108.0 94.0 0.023530875245207916
108.0 96.0 0.0
108.0 98.0 0.0
108.0 100.0 0.0
108.0 102.0 0.0
108.0 104.0 0.0
108.0 106.0 0.0
108.0 108.0 0.0
108.0 110.0 0.0
108.0 112.0 0.0
108.0 114.0 0.0
108.0 116.0 0.0
108.0 118.0 0.0
108.0 120.0 0.0
108.0 122.0 0.0
108.0 124.0 0.0
108.0 126.0 0.0
110.0 0.0 0.0
110.0 2.0 0.0
110.0 4.0 0.0
110.0 6.0 0.0
110.0 8.0 0.0
110.0 10.0 0.0
110.0 12.0 0.0
110.0 14.0 0.0
110.0 16.0 0.0
110.0 18.0 0.0
110.0 20.0 0.0
110.0 22.0 0.09187169565413368
110.0 24.0 0.29095936336864336
110.0 26.0 0.3004109310910145
110.0 28.0 0.23467333012575894
110.0 30.0 0.12219509792121812
110.0 32.0 0.01880140683967944
110.0 34.0 0.0
110.0 36.0 0.0
110.0 38.0 0.0
110.0 40.0 0.0
110.0 42.0 0.0
110.0 44.0 0.0
110.0 46.0 0.0
110.0 48.0 0.0
110.0 50.0 0.0
110.0 52.0 0.0
110.0 54.0 0.01679928981800748
110.0 56.0 0.038369442083770286
110.0 58.0 0.054314127204525754
110.0 60.0 0.06548108709710582
110.0 62.0 0.04518571012522388
110.0 64.0 0.0124282747909627
110.0 66.0 0.0
110.0 68.0 0.0
110.0 70.0 4.7088613846984394E-4
110.0 72.0 0.009594381402290306
110.0 74.0 0.015472691413373792
110.0 76.0 0.004441306638941115
110.0 78.0 0.010313728755722933
110.0 80.0 0.09631010671500617
110.0 82.0 0.18916834236448507
110.0 84.0 0.23522897535323598
110.0 86.0 0.2492344464350831
110.0 88.0 0.2618313794149539
110.0 90.0 0.26011514765966065
110.0 92.0 0.18128664405820902
110.0 94.0 0.04222043004998572
110.0 96.0 0.0
110.0 98.0 0.0
110.0 100.0 0.0
110.0 102.0 0.0
110.0 104.0 0.0
110.0 106.0 0.0
110.0 108.0 0.0
110.0 110.0 0.0
110.0 112.0 0.0
110.0 114.0 0.0
110.0 116.0 0.0
110.0 118.0 0.0
110.0 120.0 0.0
110.0 122.0 0.0
110.0 124.0 0.0
110.0 126.0 0.0
112.0 0.0 0.0
112.0 2.0 0.0
112.0 4.0 0.0
112.0 6.0 0.0
112.0 8.0 0.0
112.0 10.0 0.0
112.0 12.0 0.0
112.0 14.0 0.0
112.0 16.0 0.0
112.0 18.0 0.0
112.0 20.0 0.0
112.0 22.0 0.0
112.0 24.0 0.07195564227986784
112.0 26.0 0.2246869608162042
112.0 28.0 0.21315422603153514
112.0 30.0 0.13372488798268284
112.0 32.0 0.026697148934081667
112.0 34.0 0.0
112.0 36.0 0.0
112.0 38.0 0.0
112.0 40.0 0.0
112.0 42.0 0.0
112.0 44.0 0.0
112.0 46.0 0.0
112.0 48.0 0.0
112.0 50.0 0.0
112.0 52.0 0.0
112.0 54.0 0.028892514632449823
112.0 56.0 0.05656940283269699
112.0 58.0 0.07907240200570555
112.0 60.0 0.08289990286571815
112.0 62.0 0.06282073181675346
112.0 64.0 0.00865059688350484
112.0 66.0 0.0
112.0 68.0 0.0
112.0 70.0 0.0
112.0 72.0 0.0
112.0 74.0 0.0
112.0 76.0 0.0
112.0 78.0 0.0
112.0 80.0 0.0
112.0 82.0 0.08241207703996326
112.0 84.0 0.17785157854569167
112.0 86.0 0.21298008168643232
112.0 88.0 0.2157398302804383
112.0 90.0 0.2411526928561266
112.0 92.0 0.20890820139499952
112.0 94.0 0.11158635000098094
112.0 96.0 0.008934802592025061
112.0 98.0 0.0
112.0 100.0 0.0
112.0 102.0 0.0
112.0 104.0 0.0
112.0 106.0 0.0
112.0 108.0 0.0
112.0 110.0 0.0
112.0 112.0 0.0
112.0 114.0 0.0
112.0 116.0 0.0
112.0 118.0 0.0
112.0 120.0 0.0
112.0 122.0 0.0
112.0 124.0 0.0
112.0 126.0 0.0
114.0 0.0 0.0
114.0 2.0 0.0
114.0 4.0 0.0
114.0 6.0 0.0
114.0 8.0 0.0
114.0 10.0 0.0
114.0 12.0 0.0
114.0 14.0 0.0
114.0 16.0 0.0
114.0 18.0 0.0
114.0 20.0 0.0
114.0 22.0 0.0
114.0 24.0 0.0
114.0 26.0 0.06821831928769584
114.0 28.0 0.17083814680601758
114.0 30.0 0.13314745548560944
114.0 32.0 0.049974342350474134
114.0 34.0 0.003436453135756596
114.0 36.0 0.0
114.0 38.0 0.0
114.0 40.0 0.0
114.0 42.0 0.0
114.0 44.0 0.0
114.0 46.0 0.0
114.0 48.0 0.0
114.0 50.0 0.0
114.0 52.0 0.0
114.0 54.0 0.017657293470304054
114.0 56.0 0.03590784725400805
114.0 58.0 0.04439109109963716
114.0 60.0 0.03909159257274653
114.0 62.0 0.04940907160306809
114.0 64.0 0.01590280002345665
114.0 66.0 0.0
114.0 68.0 0.0
114.0 70.0 0.0
114.0 72.0 0.0
114.0 74.0 0.0
114.0 76.0 0.0
114.0 78.0 0.0
114.0 80.0 0.0
114.0 82.0 0.0
114.0 84.0 0.10103446840927306
114.0 86.0 0.16957217043640874
114.0 88.0 0.19203299326332005
114.0 90.0 0.22376728712800978
114.0 92.0 0.23289550298404094
114.0 94.0 0.20111054220222882
114.0 96.0 0.09514792499238688
114.0 98.0 0.0
114.0 100.0 0.0
114.0 102.0 0.0
114.0 104.0 0.0
114.0 106.0 0.0
114.0 108.0 0.0
114.0 110.0 0.0
114.0 112.0 0.0
114.0 114.0 0.0
114.0 116.0 0.0
114.0 118.0 0.0
114.0 120.0 0.0
114.0 122.0 0.0
114.0 124.0 0.0
114.0 126.0 0.0
116.0 0.0 0.0
116.0 2.0 0.0
116.0 4.0 0.0
116.0 6.0 0.0
116.0 8.0 0.0
116.0 10.0 0.0
116.0 12.0 0.0
116.0 14.0 0.0
116.0 16.0 0.0
116.0 18.0 0.0
116.0 20.0 0.0
116.0 22.0 0.0
116.0 24.0 0.0
116.0 26.0 0.0
116.0 28.0 0.08791019863154131
116.0 30.0 0.1617253068845491
116.0 32.0 0.09496095666449943
116.0 34.0 0.01649229709528745
116.0 36.0 0.0
116.0 38.0 0.0
116.0 40.0 0.0
116.0 42.0 0.0
116.0 44.0 0.0
116.0 46.0 0.0
116.0 48.0 0.0
116.0 50.0 0.0
116.0 52.0 0.028439468867810555
116.0 54.0 0.06767788275708188
116.0 56.0 0.07344969289748066
116.0 58.0 0.06847857611611202
116.0 60.0 0.04479281155411633
116.0 62.0 0.006756234082221434
116.0 64.0 0.0029983167939207794
116.0 66.0 0.0
116.0 68.0 0.0
116.0 70.0 0.0
116.0 72.0 0.0
116.0 74.0 0.0
116.0 76.0 0.0
116.0 78.0 0.0
116.0 80.0 0.0
116.0 82.0 0.0
116.0 84.0 0.03564814944077629
116.0 86.0 0.1306501623579232
116.0 88.0 0.17583403108520654
116.0 90.0 0.21882483414490048
116.0 92.0 0.25612030145118575
116.0 94.0 0.2788645741300057
116.0 96.0 0.27169257535900754
116.0 98.0 0.1690455793817782
116.0 100.0 0.0
116.0 102.0 0.0
116.0 104.0 0.0
116.0 106.0 0.0
116.0 108.0 0.0
116.0 110.0 0.0
116.0 112.0 0.0
116.0 114.0 0.0
116.0 116.0 0.0
116.0 118.0 0.0
116.0 120.0 0.0
116.0 122.0 0.0
116.0 124.0 0.0
116.0 126.0 0.0
118.0 0.0 0.0
118.0 2.0 0.0
118.0 4.0 0.0
118.0 6.0 0.0
118.0 8.0 0.0
118.0 10.0 0.0
118.0 12.0 0.0
118.0 14.0 0.0
118.0 16.0 0.0
118.0 18.0 0.0
118.0 20.0 0.0
118.0 22.0 0.0
118.0 24.0 0.0
118.0 26.0 0.0
118.0 28.0 0.0
118.0 30.0 0.0
118.0 32.0 0.1749128149623976
118.0 34.0 0.15840703280407212
118.0 36.0 0.04883978041822059
118.0 38.0 0.0
118.0 40.0 0.0
118.0 42.0 0.0
118.0 44.0 0.0
118.0 46.0 0.0
118.0 48.0 0.00654730878671339
118.0 50.0 0.04705078642432664
118.0 52.0 0.09554759463309852
118.0 54.0 0.1266046092970167
118.0 56.0 0.1168252293308872
118.0 58.0 0.09446828012046377
118.0 60.0 0.05402093260425534
118.0 62.0 0.006144568263571918
118.0 64.0 0.0
118.0 66.0 0.0
118.0 68.0 0.0
118.0 70.0 0.0
118.0 72.0 0.0
118.0 74.0 0.0
118.0 76.0 0.0
118.0 78.0 0.0
118.0 80.0 0.0
118.0 82.0 0.0
118.0 84.0 0.005737593054840327
118.0 86.0 0.09745415622646371
118.0 88.0 0.16844248597035497
118.0 90.0 0.22277431121141422
118.0 92.0 0.2758405665695091
118.0 94.0 0.3293510308081822
118.0 96.0 0.3544669388831005
118.0 98.0 0.0
118.0 100.0 0.0
118.0 102.0 0.0
118.0 104.0 0.0
118.0 106.0 0.0
118.0 108.0 0.0
118.0 110.0 0.0
118.0 112.0 0.0
118.0 114.0 0.0
118.0 116.0 0.0
118.0 118.0 0.0
118.0 120.0 0.0
118.0 122.0 0.0
118.0 124.0 0.0
118.0 126.0 0.0
120.0 0.0 0.0
120.0 2.0 0.0
120.0 4.0 0.0
120.0 6.0 0.0
120.0 8.0 0.0
120.0 10.0 0.0
120.0 12.0 0.0
120.0 14.0 0.0
120.0 16.0 0.0
120.0 18.0 0.0
120.0 20.0 0.0
120.0 22.0 0.0
120.0 24.0 0.0
120.0 26.0 0.0
120.0 28.0 0.0
120.0 30.0 0.0
120.0 32.0 0.0
120.0 34.0 0.0
120.0 36.0 0.25769099640177673
120.0 38.0 0.10657287111832274
120.0 40.0 0.02469975939169902
120.0 42.0 0.022468979950251756
120.0 44.0 0.01782887750725841
120.0 46.0 0.039098904015186266
120.0 48.0 0.07519973601531171
120.0 50.0 0.12259291377630199
120.0 52.0 0.17353721500048883
120.0 54.0 0.19466483291370437
120.0 56.0 0.1737202176279021
120.0 58.0 0.13208304202550356
120.0 60.0 0.06821860327515931
120.0 62.0 0.008275321944543095
120.0 64.0 0.0
120.0 66.0 0.0
120.0 68.0 0.0
120.0 70.0 0.0
120.0 72.0 0.0
120.0 74.0 0.0
120.0 76.0 0.0
120.0 78.0 0.0
120.0 80.0 0.0
120.0 82.0 0.0
120.0 84.0 0.001346646922514953
120.0 86.0 0.08322988146003706
120.0 88.0 0.1673924516517421
120.0 90.0 0.2217313946494971
120.0 92.0 0.28701273248125997
120.0 94.0 0.0
120.0 96.0 0.0
120.0 98.0 0.0
120.0 100.0 0.0
120.0 102.0 0.0
120.0 104.0 0.0
120.0 106.0 0.0
120.0 108.0 0.0
120.0 110.0 0.0
120.0 112.0 0.0
120.0 114.0 0.0
120.0 116.0 0.0
120.0 118.0 0.0
120.0 120.0 0.0
120.0 122.0 0.0
120.0 124.0 0.0
120.0 126.0 0.0
122.0 0.0 0.0
122.0 2.0 0.0
122.0 4.0 0.0
122.0 6.0 0.0
122.0 8.0 0.0
122.0 10.0 0.0
122.0 12.0 0.0
122.0 14.0 0.0
122.0 16.0 0.0
122.0 18.0 0.0
122.0 20.0 0.0
122.0 22.0 0.0
122.0 24.0 0.0
122.0 26.0 0.0
122.0 28.0 0.0
122.0 30.0 0.0
122.0 32.0 0.0
122.0 34.0 0.0
122.0 36.0 0.0
122.0 38.0 0.0
122.0 40.0 0.2662266225462417
122.0 42.0 0.14838785157207127
122.0 44.0 0.12283456129495374
122.0 46.0 0.12051340417385142
122.0 48.0 0.14521290693590827
122.0 50.0 0.2054066657475984
122.0 52.0 0.24907557427580573
122.0 54.0 0.26930988202916595
122.0 56.0 0.2427849452257057
122.0 58.0 0.1870674314170837
122.0 60.0 0.1002701999667664
122.0 62.0 0.01417037624195247
122.0 64.0 0.0
122.0 66.0 0.0
122.0 68.0 0.0
122.0 70.0 0.0
122.0 72.0 0.0
122.0 74.0 0.0
122.0 76.0 0.0
122.0 78.0 0.0
122.0 80.0 0.0
122.0 82.0 0.0
122.0 84.0 0.0037914031708389646
122.0 86.0 0.08394010081602234
122.0 88.0 0.17514535399106312
122.0 90.0 0.0
122.0 92.0 0.0
122.0 94.0 0.0
122.0 96.0 0.0
122.0 98.0 0.0
122.0 100.0 0.0
122.0 102.0 0.0
122.0 104.0 0.0
122.0 106.0 0.0
122.0 108.0 0.0
122.0 110.0 0.0
122.0 112.0 0.0
122.0 114.0 0.0
122.0 116.0 0.0
122.0 118.0 0.0
122.0 120.0 0.0
122.0 122.0 0.0
122.0 124.0 0.0
122.0 126.0 0.0
124.0 0.0 0.0
124.0 2.0 0.0
124.0 4.0 0.0
124.0 6.0 0.0
124.0 8.0 0.0
124.0 10.0 0.0
124.0 12.0 0.0
124.0 14.0 0.0
124.0 16.0 0.0
124.0 18.0 0.0
124.0 20.0 0.0
124.0 22.0 0.0
124.0 24.0 0.0
124.0 26.0 0.0
124.0 28.0 0.0
124.0 30.0 0.0
124.0 32.0 0.0
124.0 34.0 0.0
124.0 36.0 0.0
124.0 38.0 0.0
124.0 40.0 0.0
124.0 42.0 0.0
124.0 44.0 0.0
124.0 46.0 0.21284760960940818
124.0 48.0 0.21563551073757173
124.0 50.0 0.23354363825150404
124.0 52.0 0.31380941525887235
124.0 54.0 0.3603975311283763
124.0 56.0 0.3558640352512746
124.0 58.0 0.29643767077757377
124.0 60.0 0.19939656840444828
124.0 62.0 0.05203838311140019
124.0 64.0 0.0014494426380313038
124.0 66.0 0.0
124.0 68.0 0.0
124.0 70.0 0.0
124.0 72.0 0.0
124.0 74.0 0.0
124.0 76.0 0.0
124.0 78.0 0.0
124.0 80.0 0.0
124.0 82.0 0.0
124.0 84.0 0.0
124.0 86.0 0.0
124.0 88.0 0.0
124.0 90.0 0.0
124.0 92.0 0.0
124.0 94.0 0.0
124.0 96.0 0.0
124.0 98.0 0.0
124.0 100.0 0.0
124.0 102.0 0.0
124.0 104.0 0.0
124.0 106.0 0.0
124.0 108.0 0.0
124.0 110.0 0.0
124.0 112.0 0.0
124.0 114.0 0.0
124.0 116.0 0.0
124.0 118.0 0.0
124.0 120.0 0.0
124.0 122.0 0.0
124.0 124.0 0.0
124.0 126.0 0.0
126.0 0.0 0.0
126.0 2.0 0.0
126.0 4.0 0.0
126.0 6.0 0.0
126.0 8.0 0.0
126.0 10.0 0.0
126.0 12.0 0.0
126.0 14.0 0.0
126.0 16.0 0.0
126.0 18.0 0.0
126.0 20.0 0.0
126.0 22.0 0.0
126.0 24.0 0.0
126.0 26.0 0.0
126.0 28.0 0.0
126.0 30.0 0.0
126.0 32.0 0.0
126.0 34.0 0.0
126.0 36.0 0.0
126.0 38.0 0.0
126.0 40.0 0.0
126.0 42.0 0.0
126.0 44.0 0.0
126.0 46.0 0.0
126.0 48.0 0.0
126.0 50.0 0.0
126.0 52.0 0.0
126.0 54.0 0.22271291302750584
126.0 56.0 0.3927893269497371
126.0 58.0 0.39006944192731924
126.0 60.0 0.42357150261221177
126.0 62.0 0.3532136816564196
126.0 64.0 0.18369120825053709
126.0 66.0 0.019311678651608502
126.0 68.0 0.0
126.0 70.0 0.0
126.0 72.0 0.0
126.0 74.0 0.0
126.0 76.0 0.0
126.0 78.0 0.0
126.0 80.0 0.0
126.0 82.0 0.0
126.0 84.0 0.0
126.0 86.0 0.0
126.0 88.0 0.0
126.0 90.0 0.0
126.0 92.0 0.0
126.0 94.0 0.0
126.0 96.0 0.0
126.0 98.0 0.0
126.0 100.0 0.0
126.0 102.0 0.0
126.0 104.0 0.0
126.0 106.0 0.0
126.0 108.0 0.0
126.0 110.0 0.0
126.0 112.0 0.0
126.0 114.0 0.0
126.0 116.0 0.0
126.0 118.0 0.0
126.0 120.0 0.0
126.0 122.0 0.0
126.0 124.0 0.0
126.0 126.0 0.0
