0.0 0.0 0.0
0.0 2.0 0.0
0.0 4.0 0.0
0.0 6.0 0.0
0.0 8.0 0.0
0.0 10.0 0.0
0.0 12.0 0.0
0.0 14.0 0.0
0.0 16.0 0.0
0.0 18.0 0.0
0.0 20.0 0.0
0.0 22.0 0.0
0.0 24.0 0.0
0.0 26.0 0.0
0.0 28.0 0.0
0.0 30.0 0.0
0.0 32.0 0.0
0.0 34.0 0.0
0.0 36.0 0.0
0.0 38.0 0.0
0.0 40.0 0.0
0.0 42.0 0.0
0.0 44.0 0.0
0.0 46.0 0.0
0.0 48.0 0.0
0.0 50.0 0.0
0.0 52.0 0.0
0.0 54.0 0.0
0.0 56.0 0.0
0.0 58.0 0.0
0.0 60.0 0.0
0.0 62.0 0.0
0.0 64.0 0.0
0.0 66.0 0.0
0.0 68.0 0.0
0.0 70.0 0.0
0.0 72.0 0.0
0.0 74.0 0.0
0.0 76.0 0.0
0.0 78.0 0.0
0.0 80.0 0.0
0.0 82.0 0.0
0.0 84.0 0.0
0.0 86.0 0.0
0.0 88.0 0.0
0.0 90.0 0.0
0.0 92.0 0.0
0.0 94.0 0.0
0.0 96.0 0.0
0.0 98.0 0.0
0.0 100.0 0.0
0.0 102.0 0.0
0.0 104.0 0.0
0.0 106.0 0.0
0.0 108.0 0.0
0.0 110.0 0.0
0.0 112.0 0.0
0.0 114.0 0.0
0.0 116.0 0.0
0.0 118.0 0.0
0.0 120.0 0.0
0.0 122.0 0.0
0.0 124.0 0.0
0.0 126.0 0.0
2.0 0.0 0.0
2.0 2.0 0.0
2.0 4.0 0.0
2.0 6.0 0.0
2.0 8.0 0.0
2.0 10.0 0.0
2.0 12.0 0.0
2.0 14.0 0.0
2.0 16.0 0.0
2.0 18.0 0.0
2.0 20.0 0.0
2.0 22.0 0.0
2.0 24.0 0.0
2.0 26.0 0.0
2.0 28.0 0.0
2.0 30.0 0.0
2.0 32.0 0.0
2.0 34.0 0.0
2.0 36.0 0.0
2.0 38.0 0.0
2.0 40.0 0.0
2.0 42.0 0.0
2.0 44.0 0.0
2.0 46.0 0.0
2.0 48.0 0.0
2.0 50.0 0.0
2.0 52.0 0.0
2.0 54.0 0.0
2.0 56.0 0.0
2.0 58.0 0.0
2.0 60.0 0.13420375518978317
2.0 62.0 0.27500109290923663
2.0 64.0 0.34201426800815504
2.0 66.0 0.3779844326805664
2.0 68.0 0.3584065480147282
2.0 70.0 0.32972166105665485
2.0 72.0 0.23653919490748224
2.0 74.0 0.06431879163705354
2.0 76.0 0.0024037133709869205
2.0 78.0 0.0
2.0 80.0 0.0
2.0 82.0 0.0
2.0 84.0 0.0
2.0 86.0 0.0
2.0 88.0 0.0
2.0 90.0 0.0
2.0 92.0 0.0
2.0 94.0 0.0
2.0 96.0 0.0
2.0 98.0 0.0
2.0 100.0 0.0
2.0 102.0 0.0
2.0 104.0 0.0
2.0 106.0 0.0
2.0 108.0 0.0
2.0 110.0 0.0
2.0 112.0 0.0
2.0 114.0 0.0
2.0 116.0 0.0
2.0 118.0 0.0
2.0 120.0 0.0
2.0 122.0 0.0
2.0 124.0 0.0
2.0 126.0 0.0
4.0 0.0 0.0
4.0 2.0 0.0
4.0 4.0 0.0
4.0 6.0 0.0
4.0 8.0 0.0
4.0 10.0 0.0
4.0 12.0 0.0
4.0 14.0 0.0
4.0 16.0 0.0
4.0 18.0 0.0
4.0 20.0 0.0
4.0 22.0 0.0
4.0 24.0 0.0
4.0 26.0 0.0
4.0 28.0 0.0
4.0 30.0 0.0
4.0 32.0 0.0
4.0 34.0 0.0
4.0 36.0 0.0
4.0 38.0 0.0
4.0 40.0 0.0
4.0 42.0 0.0
4.0 44.0 0.0
4.0 46.0 0.0
4.0 48.0 0.0
4.0 50.0 0.0
4.0 52.0 0.0
4.0 54.0 0.0
4.0 56.0 0.005712666655500482
4.0 58.0 0.08802760672369347
4.0 60.0 0.19080189926306676
4.0 62.0 0.24954449869306908
4.0 64.0 0.2949649018455332
4.0 66.0 0.3334028484468256
4.0 68.0 0.3407237477028866
4.0 70.0 0.3444423654135776
4.0 72.0 0.27812995549839353
4.0 74.0 0.11299634489999544
4.0 76.0 0.010281654860707272
4.0 78.0 0.0
4.0 80.0 0.0
4.0 82.0 0.0
4.0 84.0 0.0
4.0 86.0 0.0
4.0 88.0 0.0
4.0 90.0 0.0
4.0 92.0 0.0
4.0 94.0 0.0
4.0 96.0 0.0
4.0 98.0 0.0
4.0 100.0 0.0
4.0 102.0 0.0
4.0 104.0 0.0
4.0 106.0 0.0
4.0 108.0 0.0
4.0 110.0 0.0
4.0 112.0 0.0
4.0 114.0 0.0
4.0 116.0 0.0
4.0 118.0 0.0
4.0 120.0 0.0
4.0 122.0 0.0
4.0 124.0 0.0
4.0 126.0 0.0
6.0 0.0 0.0
6.0 2.0 0.0
6.0 4.0 0.0
6.0 6.0 0.0
6.0 8.0 0.0
6.0 10.0 0.0
6.0 12.0 0.0
6.0 14.0 0.0
6.0 16.0 0.0
6.0 18.0 0.0
6.0 20.0 0.0
6.0 22.0 0.0
6.0 24.0 0.0
6.0 26.0 0.0
6.0 28.0 0.0
6.0 30.0 0.0
6.0 32.0 0.0
6.0 34.0 0.0
6.0 36.0 0.0
6.0 38.0 0.0
6.0 40.0 0.0
6.0 42.0 0.0
6.0 44.0 0.0
6.0 46.0 0.0
6.0 48.0 0.0
6.0 50.0 0.0
6.0 52.0 0.0
6.0 54.0 0.0
6.0 56.0 0.009734792478574018
6.0 58.0 0.07275356829803387
6.0 60.0 0.16545616469756733
6.0 62.0 0.23110443117354462
6.0 64.0 0.2825420054405803
6.0 66.0 0.32645667481364465
6.0 68.0 0.3378461720542516
6.0 70.0 0.3708600873119073
6.0 72.0 0.32405101633828914
6.0 74.0 0.16937594472047038
6.0 76.0 0.024621655858567
6.0 78.0 0.0
6.0 80.0 0.0
6.0 82.0 0.0
6.0 84.0 0.0
6.0 86.0 0.0
6.0 88.0 0.0
6.0 90.0 0.0
6.0 92.0 0.0
6.0 94.0 0.0
6.0 96.0 0.0
6.0 98.0 0.0
6.0 100.0 0.0
6.0 102.0 0.0
6.0 104.0 0.0
6.0 106.0 0.0
6.0 108.0 0.0
6.0 110.0 0.0
6.0 112.0 0.0
6.0 114.0 0.0
6.0 116.0 0.0
6.0 118.0 0.0
6.0 120.0 0.0
6.0 122.0 0.0
6.0 124.0 0.0
6.0 126.0 0.0
8.0 0.0 0.0
8.0 2.0 0.0
8.0 4.0 0.0
8.0 6.0 0.0
8.0 8.0 0.0
8.0 10.0 0.0
8.0 12.0 0.0
8.0 14.0 0.0
8.0 16.0 0.0
8.0 18.0 0.0
8.0 20.0 0.0
8.0 22.0 0.0
8.0 24.0 0.0
8.0 26.0 0.0
8.0 28.0 0.0
8.0 30.0 0.0
8.0 32.0 0.0
8.0 34.0 0.0
8.0 36.0 0.0
8.0 38.0 0.0
8.0 40.0 0.0
8.0 42.0 0.0
8.0 44.0 0.0
8.0 46.0 0.0
8.0 48.0 0.0
8.0 50.0 0.0
8.0 52.0 0.0
8.0 54.0 0.0
8.0 56.0 0.006471337133667193
8.0 58.0 0.05008072559274913
8.0 60.0 0.13594648378051713
8.0 62.0 0.2153149304905486
8.0 64.0 0.27286156265821304
8.0 66.0 0.317776864825045
8.0 68.0 0.35404514793953723
8.0 70.0 0.4123779518383546
8.0 72.0 0.3696305833373086
8.0 74.0 0.24015840946502728
8.0 76.0 0.052892791787632426
8.0 78.0 5.186491535834893E-4
8.0 80.0 0.0
8.0 82.0 0.0
8.0 84.0 0.0
8.0 86.0 0.0
8.0 88.0 0.0
8.0 90.0 0.0
8.0 92.0 0.0
8.0 94.0 0.0
8.0 96.0 0.0
8.0 98.0 0.0
8.0 100.0 0.0
8.0 102.0 0.0
8.0 104.0 0.0
8.0 106.0 0.0
8.0 108.0 0.0
8.0 110.0 0.0
8.0 112.0 0.0
8.0 114.0 0.0
8.0 116.0 0.0
8.0 118.0 0.0
8.0 120.0 0.0
8.0 122.0 0.0
8.0 124.0 0.0
8.0 126.0 0.0
10.0 0.0 0.0
10.0 2.0 0.0
10.0 4.0 0.0
10.0 6.0 0.0
10.0 8.0 0.0
10.0 10.0 0.0
10.0 12.0 0.0
10.0 14.0 0.0
10.0 16.0 0.0
10.0 18.0 0.0
10.0 20.0 0.0
10.0 22.0 0.0
10.0 24.0 0.0
10.0 26.0 0.0
10.0 28.0 0.0
10.0 30.0 0.0019148877455316161
10.0 32.0 0.012518789159973058
10.0 34.0 0.01620012646479702
10.0 36.0 0.0
10.0 38.0 0.0
10.0 40.0 0.0
10.0 42.0 0.0
10.0 44.0 0.0
10.0 46.0 0.0
10.0 48.0 0.0
10.0 50.0 0.0
10.0 52.0 0.0
10.0 54.0 0.0
10.0 56.0 9.696684939551272E-4
10.0 58.0 0.03140393186970789
10.0 60.0 0.10559663819643018
10.0 62.0 0.20074721054187458
10.0 64.0 0.2479394683655987
10.0 66.0 0.310699997914013
10.0 68.0 0.37179777020677435
10.0 70.0 0.4410703753697045
10.0 72.0 0.4126652865296037
10.0 74.0 0.32290402374759974
10.0 76.0 0.11374206554991534
10.0 78.0 0.010674426573599113
10.0 80.0 0.0
10.0 82.0 0.0
10.0 84.0 0.0
10.0 86.0 0.0
10.0 88.0 0.0
10.0 90.0 0.0
10.0 92.0 0.0
10.0 94.0 0.0
10.0 96.0 0.0
10.0 98.0 0.0
10.0 100.0 0.0
10.0 102.0 0.0
10.0 104.0 0.0
10.0 106.0 0.0
10.0 108.0 0.0
10.0 110.0 0.0
10.0 112.0 0.0
10.0 114.0 0.0
10.0 116.0 0.0
10.0 118.0 0.0
10.0 120.0 0.0
10.0 122.0 0.0
10.0 124.0 0.0
10.0 126.0 0.0
12.0 0.0 0.0
12.0 2.0 0.0
12.0 4.0 0.0
12.0 6.0 0.0
12.0 8.0 0.0
12.0 10.0 0.0
12.0 12.0 0.0
12.0 14.0 0.0
12.0 16.0 0.0
12.0 18.0 0.0
12.0 20.0 0.0
12.0 22.0 0.0
12.0 24.0 0.0
12.0 26.0 0.0
12.0 28.0 0.08733839208140654
12.0 30.0 0.28020270585110424
12.0 32.0 0.2059092201158045
12.0 34.0 0.08658203917149852
12.0 36.0 0.0038636546362018475
12.0 38.0 0.0
12.0 40.0 0.0
12.0 42.0 0.0
12.0 44.0 0.0
12.0 46.0 0.0
12.0 48.0 0.0
12.0 50.0 0.0
12.0 52.0 0.0
12.0 54.0 0.0
12.0 56.0 0.0
12.0 58.0 0.01791800995074704
12.0 60.0 0.08054272008691407
12.0 62.0 0.19073612384856878
12.0 64.0 0.2561685518274161
12.0 66.0 0.2990930231188075
12.0 68.0 0.3759207522252402
12.0 70.0 0.46032757608413744
12.0 72.0 0.4581836736171483
12.0 74.0 0.3933055982527153
12.0 76.0 0.2181831661521252
12.0 78.0 0.03842864791728803
12.0 80.0 0.0
12.0 82.0 0.0
12.0 84.0 0.0
12.0 86.0 0.0
12.0 88.0 0.0
12.0 90.0 0.0
12.0 92.0 0.0
12.0 94.0 0.0
12.0 96.0 0.0
12.0 98.0 0.0
12.0 100.0 0.0
12.0 102.0 0.0
12.0 104.0 0.0
12.0 106.0 0.0
12.0 108.0 0.0
12.0 110.0 0.0
12.0 112.0 0.0
12.0 114.0 0.0
12.0 116.0 0.0
12.0 118.0 0.0
12.0 120.0 0.0
12.0 122.0 0.0
12.0 124.0 0.0
12.0 126.0 0.0
14.0 0.0 0.0
14.0 2.0 0.0
14.0 4.0 0.0
14.0 6.0 0.0
14.0 8.0 0.0
14.0 10.0 0.0
14.0 12.0 0.0
14.0 14.0 0.0
14.0 16.0 0.0
14.0 18.0 0.0
14.0 20.0 0.0
14.0 22.0 0.0
14.0 24.0 0.23718713978991693
14.0 26.0 0.4773558857291955
14.0 28.0 0.43611590109429743
14.0 30.0 0.34988538764169497
14.0 32.0 0.21891375273284466
14.0 34.0 0.05052372179980675
14.0 36.0 0.0
14.0 38.0 0.0
14.0 40.0 0.0
14.0 42.0 0.0
14.0 44.0 0.0
14.0 46.0 0.0
14.0 48.0 0.0
14.0 50.0 0.0
14.0 52.0 0.0
14.0 54.0 0.0
14.0 56.0 0.0
14.0 58.0 0.010679108906736247
14.0 60.0 0.06379139719672357
14.0 62.0 0.17340557764030995
14.0 64.0 0.2573650972561763
14.0 66.0 0.29585747235618637
14.0 68.0 0.35569715582586353
14.0 70.0 0.4411198959004348
14.0 72.0 0.4846735527866775
14.0 74.0 0.44759442149045897
14.0 76.0 0.3145729776237447
14.0 78.0 0.1056331977357306
14.0 80.0 0.01036629976737786
14.0 82.0 0.0
14.0 84.0 0.0
14.0 86.0 0.0
14.0 88.0 0.0
14.0 90.0 0.0
14.0 92.0 0.0
14.0 94.0 0.0
14.0 96.0 0.0
14.0 98.0 0.0
14.0 100.0 0.0
14.0 102.0 0.0
14.0 104.0 0.0
14.0 106.0 0.0
14.0 108.0 0.0
14.0 110.0 0.0
14.0 112.0 0.0
14.0 114.0 0.0
14.0 116.0 0.0
14.0 118.0 0.0
14.0 120.0 0.0
14.0 122.0 0.0
14.0 124.0 0.0
14.0 126.0 0.0
16.0 0.0 0.0
16.0 2.0 0.0
16.0 4.0 0.0
16.0 6.0 0.0
16.0 8.0 0.0
16.0 10.0 0.0
16.0 12.0 0.0
16.0 14.0 0.0
16.0 16.0 0.0
16.0 18.0 0.0
16.0 20.0 0.0
16.0 22.0 0.3049917841914517
16.0 24.0 0.5138601293327328
16.0 26.0 0.4859267728787859
16.0 28.0 0.4289099152968861
16.0 30.0 0.3662396983695993
16.0 32.0 0.23729563891191355
16.0 34.0 0.03905066295491239
16.0 36.0 0.0
16.0 38.0 0.0
16.0 40.0 0.0
16.0 42.0 0.0
16.0 44.0 0.0
16.0 46.0 0.0
16.0 48.0 0.0
16.0 50.0 0.0
16.0 52.0 0.0
16.0 54.0 0.0
16.0 56.0 0.0
16.0 58.0 0.008198205054965534
16.0 60.0 0.05218146022249403
16.0 62.0 0.15959216100379994
16.0 64.0 0.2766036229325317
16.0 66.0 0.2953157962314189
16.0 68.0 0.3600559340595413
16.0 70.0 0.43459955541142786
16.0 72.0 0.5023757459754206
16.0 74.0 0.47540701354985965
16.0 76.0 0.3812979983561621
16.0 78.0 0.19907925065770884
16.0 80.0 0.03651801575503688
16.0 82.0 0.0
16.0 84.0 0.0
16.0 86.0 0.0
16.0 88.0 0.0
16.0 90.0 0.0
16.0 92.0 0.0
16.0 94.0 0.0
16.0 96.0 0.0
16.0 98.0 0.0
16.0 100.0 0.0
16.0 102.0 0.0
16.0 104.0 0.0
16.0 106.0 0.0
16.0 108.0 0.0
16.0 110.0 0.0
16.0 112.0 0.0
16.0 114.0 0.0
16.0 116.0 0.0
16.0 118.0 0.0
16.0 120.0 0.0
16.0 122.0 0.0
16.0 124.0 0.0
16.0 126.0 0.0
18.0 0.0 0.0
18.0 2.0 0.0
18.0 4.0 0.0
18.0 6.0 0.0
18.0 8.0 0.0
18.0 10.0 0.0
18.0 12.0 0.0
18.0 14.0 0.0
18.0 16.0 0.0
18.0 18.0 0.0
18.0 20.0 0.35870524810518356
18.0 22.0 0.540116154223408
18.0 24.0 0.5018778534236521
18.0 26.0 0.458195747194297
18.0 28.0 0.4400281046026992
18.0 30.0 0.3854437410839376
18.0 32.0 0.21515934776638249
18.0 34.0 0.04545795539355057
18.0 36.0 0.002337802548442199
18.0 38.0 0.0
18.0 40.0 0.0
18.0 42.0 0.0
18.0 44.0 0.0
18.0 46.0 0.0
18.0 48.0 0.0
18.0 50.0 0.0
18.0 52.0 0.0
18.0 54.0 0.0
18.0 56.0 0.0
18.0 58.0 0.003056183691427321
18.0 60.0 0.03942358810072368
18.0 62.0 0.14339755109304594
18.0 64.0 0.26578003703237
18.0 66.0 0.2927496820973442
18.0 68.0 0.3583336121498279
18.0 70.0 0.41810193531163914
18.0 72.0 0.500048025200723
18.0 74.0 0.4897313112486543
18.0 76.0 0.42582087001260366
18.0 78.0 0.28353375061994673
18.0 80.0 0.09327667825690326
18.0 82.0 0.009249079214727068
18.0 84.0 0.0
18.0 86.0 0.0
18.0 88.0 0.0
18.0 90.0 0.0
18.0 92.0 0.0
18.0 94.0 0.0
18.0 96.0 0.0
18.0 98.0 0.0
18.0 100.0 0.0
18.0 102.0 0.0
18.0 104.0 0.0
18.0 106.0 0.0
18.0 108.0 0.0
18.0 110.0 0.0
18.0 112.0 0.0
18.0 114.0 0.0
18.0 116.0 0.0
18.0 118.0 0.0
18.0 120.0 0.0
18.0 122.0 0.0
18.0 124.0 0.0
18.0 126.0 0.0
20.0 0.0 0.0
20.0 2.0 0.0
20.0 4.0 0.0
20.0 6.0 0.0
20.0 8.0 0.0
20.0 10.0 0.0
20.0 12.0 0.0
20.0 14.0 0.0
20.0 16.0 0.0
20.0 18.0 0.4078709479118112
20.0 20.0 0.5116358604223478
20.0 22.0 0.4585116769543318
20.0 24.0 0.43189743976967687
20.0 26.0 0.4087168765172277
20.0 28.0 0.415483092000208
20.0 30.0 0.38953357670049643
20.0 32.0 0.2410086990287591
20.0 34.0 0.08114370851876417
20.0 36.0 0.014142409590286238
20.0 38.0 0.0
20.0 40.0 0.0
20.0 42.0 0.0
20.0 44.0 0.0
20.0 46.0 0.0
20.0 48.0 0.0
20.0 50.0 0.0
20.0 52.0 0.0
20.0 54.0 0.0
20.0 56.0 0.0
20.0 58.0 0.0
20.0 60.0 0.02453603456449237
20.0 62.0 0.12298371542059883
20.0 64.0 0.24824210849729142
20.0 66.0 0.28518119951299553
20.0 68.0 0.35068773851168505
20.0 70.0 0.415050425256823
20.0 72.0 0.49626547548142136
20.0 74.0 0.46924181999335307
20.0 76.0 0.40671359276809443
20.0 78.0 0.3249809709586842
20.0 80.0 0.15682552955134632
20.0 82.0 0.02627553085404626
20.0 84.0 0.0
20.0 86.0 0.0
20.0 88.0 0.0
20.0 90.0 0.0
20.0 92.0 0.0
20.0 94.0 0.0
20.0 96.0 0.0
20.0 98.0 0.0
20.0 100.0 0.0
20.0 102.0 0.0
20.0 104.0 0.0
20.0 106.0 0.0
20.0 108.0 0.058748403139407074
20.0 110.0 0.0
20.0 112.0 0.0
20.0 114.0 0.0
20.0 116.0 0.0
20.0 118.0 0.0
20.0 120.0 0.0
20.0 122.0 0.0
20.0 124.0 0.0
20.0 126.0 0.0
22.0 0.0 0.0
22.0 2.0 0.0
22.0 4.0 0.0
22.0 6.0 0.0
22.0 8.0 0.0
22.0 10.0 0.0
22.0 12.0 0.0
22.0 14.0 0.0
22.0 16.0 0.4069553898534933
22.0 18.0 0.4170248718071596
22.0 20.0 0.3903163063991901
22.0 22.0 0.38443012372223184
22.0 24.0 0.38188224515617925
22.0 26.0 0.376399505029736
22.0 28.0 0.3614133525814665
22.0 30.0 0.3582690241284911
22.0 32.0 0.29016986797419203
22.0 34.0 0.14317001143567412
22.0 36.0 0.05491270128816095
22.0 38.0 0.007742885956936792
22.0 40.0 0.0
22.0 42.0 0.0
22.0 44.0 0.0
22.0 46.0 0.0
22.0 48.0 0.0
22.0 50.0 0.0
22.0 52.0 0.0
22.0 54.0 0.0
22.0 56.0 0.0
22.0 58.0 0.0
22.0 60.0 0.005420712530976957
22.0 62.0 0.08757364558686408
22.0 64.0 0.2116015420370718
22.0 66.0 0.26650721957823836
22.0 68.0 0.33415290130136394
22.0 70.0 0.42231298681004187
22.0 72.0 0.49250065653559866
22.0 74.0 0.48299112367925856
22.0 76.0 0.4370704070206854
22.0 78.0 0.34498463008151137
22.0 80.0 0.20867325421121816
22.0 82.0 0.058227601705034056
22.0 84.0 0.0035236362094332543
22.0 86.0 0.0
22.0 88.0 0.0
22.0 90.0 0.0
22.0 92.0 0.0
22.0 94.0 0.0
22.0 96.0 0.0
22.0 98.0 0.0
22.0 100.0 0.0
22.0 102.0 0.0
22.0 104.0 0.0
22.0 106.0 1.4781742694910957E-4
22.0 108.0 0.05530511024219356
22.0 110.0 0.1617742513991341
22.0 112.0 0.0
22.0 114.0 0.0
22.0 116.0 0.0
22.0 118.0 0.0
22.0 120.0 0.0
22.0 122.0 0.0
22.0 124.0 0.0
22.0 126.0 0.0
24.0 0.0 0.0
24.0 2.0 0.0
24.0 4.0 0.0
24.0 6.0 0.0
24.0 8.0 0.0
24.0 10.0 0.0
24.0 12.0 0.0
24.0 14.0 0.2811601334331273
24.0 16.0 0.2583764079332999
24.0 18.0 0.2741846566658031
24.0 20.0 0.30106560102100216
24.0 22.0 0.3192010435069999
24.0 24.0 0.33020744016610704
24.0 26.0 0.3397370658421686
24.0 28.0 0.3453884840274081
24.0 30.0 0.33722364706872526
24.0 32.0 0.3034103113125553
24.0 34.0 0.232787416612551
24.0 36.0 0.13038782015878783
24.0 38.0 0.04545997285361016
24.0 40.0 0.004721687302353593
24.0 42.0 0.0
24.0 44.0 0.0
24.0 46.0 0.0
24.0 48.0 0.0
24.0 50.0 0.0
24.0 52.0 0.0
24.0 54.0 0.0
24.0 56.0 0.0
24.0 58.0 0.0
24.0 60.0 0.0
24.0 62.0 0.029537123419294
24.0 64.0 0.14862912509083748
24.0 66.0 0.23530594751561437
24.0 68.0 0.3062153776165889
24.0 70.0 0.4042202666057688
24.0 72.0 0.49680322612178146
24.0 74.0 0.5244365996049278
24.0 76.0 0.4872645287491651
24.0 78.0 0.3731085014069581
24.0 80.0 0.2475158896730518
24.0 82.0 0.088306392430686
24.0 84.0 0.010401529231739613
24.0 86.0 0.0
24.0 88.0 0.0
24.0 90.0 0.0
24.0 92.0 0.0
24.0 94.0 0.0
24.0 96.0 0.0
24.0 98.0 0.0
24.0 100.0 0.0
24.0 102.0 0.0
24.0 104.0 0.0
24.0 106.0 0.0
24.0 108.0 0.0410731332319534
24.0 110.0 0.13194567710209196
24.0 112.0 0.20283332910671426
24.0 114.0 0.0
24.0 116.0 0.0
24.0 118.0 0.0
24.0 120.0 0.0
24.0 122.0 0.0
24.0 124.0 0.0
24.0 126.0 0.0
26.0 0.0 0.0
26.0 2.0 0.0
26.0 4.0 0.0
26.0 6.0 0.0
26.0 8.0 0.0
26.0 10.0 0.0
26.0 12.0 0.0
26.0 14.0 0.15585618807030135
26.0 16.0 0.1059164628064126
26.0 18.0 0.14253807134436236
26.0 20.0 0.19379227462446225
26.0 22.0 0.22517120569916468
26.0 24.0 0.2535219687627179
26.0 26.0 0.28505282240740065
26.0 28.0 0.31936408424522283
26.0 30.0 0.3463793524113609
26.0 32.0 0.34965817214518996
26.0 34.0 0.32102481494146734
26.0 36.0 0.2343605126803158
26.0 38.0 0.12475632079990591
26.0 40.0 0.035928761576247685
26.0 42.0 0.0023551177205720464
26.0 44.0 0.0
26.0 46.0 0.0
26.0 48.0 0.0
26.0 50.0 0.0
26.0 52.0 0.0
26.0 54.0 0.0
26.0 56.0 0.0
26.0 58.0 0.0
26.0 60.0 0.0
26.0 62.0 0.0
26.0 64.0 0.06440609766602008
26.0 66.0 0.18152122688478192
26.0 68.0 0.260708163786275
26.0 70.0 0.3524465392157099
26.0 72.0 0.47763786608608433
26.0 74.0 0.5309641902711006
26.0 76.0 0.5148394364236009
26.0 78.0 0.3850612772402198
26.0 80.0 0.25268968974832257
26.0 82.0 0.11443770877533148
26.0 84.0 0.019036468747981015
26.0 86.0 0.0
26.0 88.0 0.0
26.0 90.0 0.0
26.0 92.0 0.0
26.0 94.0 0.0
26.0 96.0 0.0
26.0 98.0 0.0
26.0 100.0 0.0
26.0 102.0 0.0
26.0 104.0 0.0
26.0 106.0 0.0
26.0 108.0 0.029108423352943516
26.0 110.0 0.10663434137170441
26.0 112.0 0.1741746287486465
26.0 114.0 0.1723984651401572
26.0 116.0 0.0
26.0 118.0 0.0
26.0 120.0 0.0
26.0 122.0 0.0
26.0 124.0 0.0
26.0 126.0 0.0
28.0 0.0 0.0
28.0 2.0 0.0
28.0 4.0 0.0
28.0 6.0 0.0
28.0 8.0 0.0
28.0 10.0 0.0
28.0 12.0 0.0557165762608769
28.0 14.0 0.0
28.0 16.0 0.0
28.0 18.0 0.031735501667610265
28.0 20.0 0.08379192932442675
28.0 22.0 0.13036894242049185
28.0 24.0 0.1886296541903645
28.0 26.0 0.26246775749268325
28.0 28.0 0.3377952230794032
28.0 30.0 0.3996579469430989
28.0 32.0 0.4328730274878004
28.0 34.0 0.43042761209004343
28.0 36.0 0.3651517779351334
28.0 38.0 0.21484104674850657
28.0 40.0 0.0988975402796417
28.0 42.0 0.017468568614821715
28.0 44.0 0.0
28.0 46.0 0.0
28.0 48.0 0.0
28.0 50.0 0.0
28.0 52.0 0.0
28.0 54.0 0.0
28.0 56.0 0.0
28.0 58.0 0.0
28.0 60.0 0.0
28.0 62.0 0.0
28.0 64.0 0.0
28.0 66.0 0.08204085293922035
28.0 68.0 0.18691699198156841
28.0 70.0 0.2633361951401544
28.0 72.0 0.39849649414099214
28.0 74.0 0.46129558424441425
28.0 76.0 0.46620494740444846
28.0 78.0 0.380323087426688
28.0 80.0 0.24903310991767205
28.0 82.0 0.13063962916744068
28.0 84.0 0.029399998681521503
28.0 86.0 6.48983463966099E-4
28.0 88.0 0.0
28.0 90.0 0.0
28.0 92.0 0.0
28.0 94.0 0.0
28.0 96.0 0.0
28.0 98.0 0.0
28.0 100.0 0.0
28.0 102.0 0.0
28.0 104.0 0.0
28.0 106.0 0.0
28.0 108.0 0.017563396983323796
28.0 110.0 0.10103091816876623
28.0 112.0 0.1532886167318063
28.0 114.0 0.1667397856149091
28.0 116.0 0.1387594028693682
28.0 118.0 0.0
28.0 120.0 0.0
28.0 122.0 0.0
28.0 124.0 0.0
28.0 126.0 0.0
30.0 0.0 0.0
30.0 2.0 0.0
30.0 4.0 0.0
30.0 6.0 0.0
30.0 8.0 0.0
30.0 10.0 0.02338096958537943
30.0 12.0 0.0
30.0 14.0 0.0
30.0 16.0 0.0
30.0 18.0 0.0
30.0 20.0 0.006555393901473856
30.0 22.0 0.04886219529101099
30.0 24.0 0.11874364529705013
30.0 26.0 0.21644237111281708
30.0 28.0 0.3242641722918839
30.0 30.0 0.4109568213495647
30.0 32.0 0.4650684265999754
30.0 34.0 0.4834394294179691
30.0 36.0 0.44941481173944825
30.0 38.0 0.3319249249179567
30.0 40.0 0.1805260791824358
30.0 42.0 0.05070237611696892
30.0 44.0 0.0036814519487460055
30.0 46.0 0.0
30.0 48.0 0.0
30.0 50.0 0.0
30.0 52.0 0.0
30.0 54.0 0.0
30.0 56.0 0.0
30.0 58.0 0.0
30.0 60.0 0.0
30.0 62.0 0.0
30.0 64.0 0.0
30.0 66.0 0.0012451254557161162
30.0 68.0 0.0825911450687454
30.0 70.0 0.160352827976052
30.0 72.0 0.24628174532836625
30.0 74.0 0.340281901570668
30.0 76.0 0.35728900068166797
30.0 78.0 0.3308083016881017
30.0 80.0 0.2296470938238531
30.0 82.0 0.13222426372083568
30.0 84.0 0.03867497488534652
30.0 86.0 0.0014266687858668994
30.0 88.0 0.0
30.0 90.0 0.0
30.0 92.0 0.0
30.0 94.0 0.0
30.0 96.0 0.0
30.0 98.0 0.0
30.0 100.0 0.0
30.0 102.0 0.0
30.0 104.0 0.0
30.0 106.0 0.0
30.0 108.0 0.008561677097057916
30.0 110.0 0.07674675160057111
30.0 112.0 0.14054411522874372
30.0 114.0 0.1586371998550465
30.0 116.0 0.14976858029031995
30.0 118.0 0.0
30.0 120.0 0.0
30.0 122.0 0.0
30.0 124.0 0.0
30.0 126.0 0.0
32.0 0.0 0.0
32.0 2.0 0.0
32.0 4.0 0.0
32.0 6.0 0.0
32.0 8.0 0.0
32.0 10.0 0.021459712322402638
32.0 12.0 0.0
32.0 14.0 0.0
32.0 16.0 0.0
32.0 18.0 0.0
32.0 20.0 0.0
32.0 22.0 0.0024208352154485723
32.0 24.0 0.05046128748985149
32.0 26.0 0.16719295125137126
32.0 28.0 0.2999846274656799
32.0 30.0 0.4110792018889829
32.0 32.0 0.48652720524253956
32.0 34.0 0.5202636296230723
32.0 36.0 0.5032384518227437
32.0 38.0 0.3942600768803007
32.0 40.0 0.25478151025288615
32.0 42.0 0.14259395235806346
32.0 44.0 0.028995449955463493
32.0 46.0 3.0456078286795555E-5
32.0 48.0 0.0
32.0 50.0 0.0
32.0 52.0 0.0
32.0 54.0 0.0
32.0 56.0 0.0
32.0 58.0 0.0
32.0 60.0 0.0
32.0 62.0 0.0
32.0 64.0 0.0
32.0 66.0 0.0
32.0 68.0 3.9900925207170794E-4
32.0 70.0 0.05961152050533992
32.0 72.0 0.12604309603649685
32.0 74.0 0.1897336476792051
32.0 76.0 0.2359586616384747
32.0 78.0 0.24657246037508526
32.0 80.0 0.21135239443007373
32.0 82.0 0.1449085121559842
32.0 84.0 0.04724042793726759
32.0 86.0 6.086039815433846E-4
32.0 88.0 0.0
32.0 90.0 0.0
32.0 92.0 0.0
32.0 94.0 0.0
32.0 96.0 0.0
32.0 98.0 0.0
32.0 100.0 0.0
32.0 102.0 0.0
32.0 104.0 0.0
32.0 106.0 0.0
32.0 108.0 0.020499173267305115
32.0 110.0 0.08523573401135104
32.0 112.0 0.13106799057060184
32.0 114.0 0.14838053568486054
32.0 116.0 0.14842419761457668
32.0 118.0 0.11849001169697915
32.0 120.0 0.0
32.0 122.0 0.0
32.0 124.0 0.0
32.0 126.0 0.0
34.0 0.0 0.0
34.0 2.0 0.0
34.0 4.0 0.0
34.0 6.0 0.0
34.0 8.0 0.00993528072060207
34.0 10.0 0.0
34.0 12.0 0.0
34.0 14.0 0.0
34.0 16.0 0.0
34.0 18.0 0.0
34.0 20.0 0.0
34.0 22.0 0.0
34.0 24.0 0.020149944521061225
34.0 26.0 0.12345491325965019
34.0 28.0 0.2580977865520862
34.0 30.0 0.39203310292037646
34.0 32.0 0.5066523518001453
34.0 34.0 0.5427217578885639
34.0 36.0 0.49942473082114586
34.0 38.0 0.3917637393185032
34.0 40.0 0.2997860205143659
34.0 42.0 0.19512870274486094
34.0 44.0 0.06326039050004865
34.0 46.0 0.005563200666156732
34.0 48.0 0.0
34.0 50.0 0.0
34.0 52.0 0.0
34.0 54.0 0.0
34.0 56.0 0.0
34.0 58.0 0.0
34.0 60.0 0.0
34.0 62.0 0.0
34.0 64.0 0.0
34.0 66.0 0.0
34.0 68.0 0.0
34.0 70.0 0.011119923799274867
34.0 72.0 0.05974178661468771
34.0 74.0 0.11606873783971354
34.0 76.0 0.16445501475414523
34.0 78.0 0.18796573691739005
34.0 80.0 0.17811068600548582
34.0 82.0 0.13753956538411038
34.0 84.0 0.07631718782217543
34.0 86.0 0.014714587217954165
34.0 88.0 0.0
34.0 90.0 0.0
34.0 92.0 0.0
34.0 94.0 0.0
34.0 96.0 0.0
34.0 98.0 0.0
34.0 100.0 0.0
34.0 102.0 0.0
34.0 104.0 0.0
34.0 106.0 0.006444947883193088
34.0 108.0 0.05208015353238721
34.0 110.0 0.10060035605989599
34.0 112.0 0.11783304775622606
34.0 114.0 0.13490630057176098
34.0 116.0 0.13700700179979491
34.0 118.0 0.11727409210150291
34.0 120.0 0.0
34.0 122.0 0.0
34.0 124.0 0.0
34.0 126.0 0.0
36.0 0.0 0.0
36.0 2.0 0.0
36.0 4.0 0.0
36.0 6.0 0.0
36.0 8.0 0.006900209170817305
36.0 10.0 0.0
36.0 12.0 0.0
36.0 14.0 0.0
36.0 16.0 0.0
36.0 18.0 0.0
36.0 20.0 0.0
36.0 22.0 0.0
36.0 24.0 0.007540213734968074
36.0 26.0 0.10141534428900938
36.0 28.0 0.24922533235550418
36.0 30.0 0.4379207916233836
36.0 32.0 0.5252044939597409
36.0 34.0 0.5574203951517249
36.0 36.0 0.47800702341888296
36.0 38.0 0.3978519146201018
36.0 40.0 0.32204546734275963
36.0 42.0 0.22179286345739616
36.0 44.0 0.09626278218274603
36.0 46.0 0.012937426614372008
36.0 48.0 0.0
36.0 50.0 0.0
36.0 52.0 0.0
36.0 54.0 0.0
36.0 56.0 0.0
36.0 58.0 0.0
36.0 60.0 0.0
36.0 62.0 0.0
36.0 64.0 0.0
36.0 66.0 0.0
36.0 68.0 0.0
36.0 70.0 0.0
36.0 72.0 0.015447359036486183
36.0 74.0 0.06519774334317219
36.0 76.0 0.11822675283524442
36.0 78.0 0.14990997744884077
36.0 80.0 0.15287780059153291
36.0 82.0 0.12615023244674842
36.0 84.0 0.08239146162193324
36.0 86.0 0.0329576470059427
36.0 88.0 0.0
36.0 90.0 0.0
36.0 92.0 0.0
36.0 94.0 0.0
36.0 96.0 0.0
36.0 98.0 0.0
36.0 100.0 0.0
36.0 102.0 0.0
36.0 104.0 0.009254513632717435
36.0 106.0 0.04210511473539386
36.0 108.0 0.07331177692285369
36.0 110.0 0.10376816013656803
36.0 112.0 0.11000616370687043
36.0 114.0 0.1139337940771935
36.0 116.0 0.1101609188609471
36.0 118.0 0.09900921212221958
36.0 120.0 0.07228219294134967
36.0 122.0 0.0
36.0 124.0 0.0
36.0 126.0 0.0
38.0 0.0 0.0
38.0 2.0 0.0
38.0 4.0 0.0
38.0 6.0 0.0036291770755877456
38.0 8.0 0.0
38.0 10.0 0.0
38.0 12.0 0.0
38.0 14.0 0.0
38.0 16.0 0.0
38.0 18.0 0.0
38.0 20.0 0.0
38.0 22.0 0.0
38.0 24.0 0.0
38.0 26.0 0.08352494667372351
38.0 28.0 0.24046737075033528
38.0 30.0 0.43783323210701464
38.0 32.0 0.5303803975339453
38.0 34.0 0.5663607895452979
38.0 36.0 0.5002001635094747
38.0 38.0 0.40159789856529265
38.0 40.0 0.3266028412576283
38.0 42.0 0.22808043300159797
38.0 44.0 0.10443863509044936
38.0 46.0 0.01589123985779224
38.0 48.0 0.0
38.0 50.0 0.0
38.0 52.0 0.0
38.0 54.0 0.0
38.0 56.0 0.0
38.0 58.0 0.0
38.0 60.0 0.0
38.0 62.0 0.0
38.0 64.0 0.0
38.0 66.0 0.0
38.0 68.0 0.0
38.0 70.0 0.0
38.0 72.0 7.720241125479836E-4
38.0 74.0 0.03674898294846337
38.0 76.0 0.09070510423677046
38.0 78.0 0.129650081683202
38.0 80.0 0.13863604898250256
38.0 82.0 0.12036265929518865
38.0 84.0 0.08044129741612843
38.0 86.0 0.019611946846397377
38.0 88.0 0.0
38.0 90.0 0.0
38.0 92.0 0.0
38.0 94.0 0.0
38.0 96.0 0.0
38.0 98.0 0.0
38.0 100.0 0.0
38.0 102.0 0.0
38.0 104.0 0.033022636844990155
38.0 106.0 0.06257673167385402
38.0 108.0 0.08359744258484068
38.0 110.0 0.1045069147422818
38.0 112.0 0.10080317702826957
38.0 114.0 0.09236382693247515
38.0 116.0 0.07926066933469252
38.0 118.0 0.06986780144711652
38.0 120.0 0.042239534604504005
38.0 122.0 0.0
38.0 124.0 0.0
38.0 126.0 0.0
40.0 0.0 0.0
40.0 2.0 0.0
40.0 4.0 0.0
40.0 6.0 0.032171679694918735
40.0 8.0 0.0019775611163263328
40.0 10.0 0.0
40.0 12.0 0.0
40.0 14.0 0.0
40.0 16.0 0.0
40.0 18.0 0.0
40.0 20.0 0.0
40.0 22.0 0.0
40.0 24.0 0.0
40.0 26.0 0.0843992570783985
40.0 28.0 0.24349432676300964
40.0 30.0 0.4329920805135515
40.0 32.0 0.528193284726497
40.0 34.0 0.5678273768428829
40.0 36.0 0.5383389517944716
40.0 38.0 0.42757605979364416
40.0 40.0 0.32665875765767743
40.0 42.0 0.21956308699265367
40.0 44.0 0.08766933243458364
40.0 46.0 0.012238275403023068
40.0 48.0 0.0
40.0 50.0 0.0
40.0 52.0 0.0
40.0 54.0 0.0
40.0 56.0 0.0
40.0 58.0 0.0
40.0 60.0 0.0
40.0 62.0 0.0
40.0 64.0 0.0
40.0 66.0 0.0
40.0 68.0 0.0
40.0 70.0 0.0
40.0 72.0 0.0
40.0 74.0 0.03238460137482894
40.0 76.0 0.08643584943398931
40.0 78.0 0.12918419198216494
40.0 80.0 0.1404806428634903
40.0 82.0 0.12169701228017853
40.0 84.0 0.07581926350749926
40.0 86.0 0.013739395979930595
40.0 88.0 0.0
40.0 90.0 0.0
40.0 92.0 0.0
40.0 94.0 0.0
40.0 96.0 0.0
40.0 98.0 0.0
40.0 100.0 0.0
40.0 102.0 0.0026198574127841434
40.0 104.0 0.03622658122259839
40.0 106.0 0.06897693011048396
40.0 108.0 0.08512270170036311
40.0 110.0 0.10507424164712574
40.0 112.0 0.09771094427806411
40.0 114.0 0.08127467080835922
40.0 116.0 0.0605794679667235
40.0 118.0 0.046275562259528
40.0 120.0 0.02531891912701907
40.0 122.0 0.009598464533886781
40.0 124.0 0.0
40.0 126.0 0.0
42.0 0.0 0.0
42.0 2.0 0.0
42.0 4.0 0.12763777906980922
42.0 6.0 0.14526171363981558
42.0 8.0 0.06434790377436085
42.0 10.0 0.002108284125451697
42.0 12.0 0.0
42.0 14.0 0.0
42.0 16.0 0.0
42.0 18.0 0.0
42.0 20.0 0.0
42.0 22.0 0.0
42.0 24.0 0.0
42.0 26.0 0.07243557092685093
42.0 28.0 0.23608358254769501
42.0 30.0 0.41080358604921624
42.0 32.0 0.5120766108578648
42.0 34.0 0.55273898941044
42.0 36.0 0.5384964547915226
42.0 38.0 0.4339981613705379
42.0 40.0 0.3510476362208881
42.0 42.0 0.21371487856386742
42.0 44.0 0.0609549367089959
42.0 46.0 0.008929636735210212
42.0 48.0 0.0
42.0 50.0 0.0
42.0 52.0 0.0
42.0 54.0 0.0
42.0 56.0 0.0
42.0 58.0 0.0
42.0 60.0 0.0
42.0 62.0 0.0
42.0 64.0 0.0
42.0 66.0 0.0
42.0 68.0 0.0
42.0 70.0 0.0
42.0 72.0 8.294695675940903E-4
42.0 74.0 0.053466453521299556
42.0 76.0 0.12197929972621378
42.0 78.0 0.15559865246664073
42.0 80.0 0.15885345124414285
42.0 82.0 0.13605022370512573
42.0 84.0 0.0782500410833479
42.0 86.0 0.008007881146335983
42.0 88.0 0.0
42.0 90.0 0.0
42.0 92.0 0.0
42.0 94.0 0.0
42.0 96.0 0.0
42.0 98.0 0.0
42.0 100.0 0.0
42.0 102.0 0.0
42.0 104.0 0.02527585313922424
42.0 106.0 0.06031004991325273
42.0 108.0 0.0822246998581157
42.0 110.0 0.10228996889376124
42.0 112.0 0.10176843887436866
42.0 114.0 0.0862668858019139
42.0 116.0 0.06421774367256654
42.0 118.0 0.041881973269777696
42.0 120.0 0.01482886579428249
42.0 122.0 0.0
42.0 124.0 0.0
42.0 126.0 0.0
44.0 0.0 0.0
44.0 2.0 0.0
44.0 4.0 0.10798441758850354
44.0 6.0 0.1760647936197184
44.0 8.0 0.10265480938765544
44.0 10.0 0.01564033271879636
44.0 12.0 0.0
44.0 14.0 0.0
44.0 16.0 0.0
44.0 18.0 0.0
44.0 20.0 0.0
44.0 22.0 0.0
44.0 24.0 0.0
44.0 26.0 0.07813056124943396
44.0 28.0 0.2440460702653191
44.0 30.0 0.39423440720687547
44.0 32.0 0.49316850596172584
44.0 34.0 0.531850340112802
44.0 36.0 0.520070580804817
44.0 38.0 0.46873427075036106
44.0 40.0 0.3634205476771277
44.0 42.0 0.19625358649674493
44.0 44.0 0.04923815423966427
44.0 46.0 0.008089750792846974
44.0 48.0 0.0
44.0 50.0 0.0
44.0 52.0 0.0
44.0 54.0 0.0
44.0 56.0 0.0
44.0 58.0 0.0
44.0 60.0 0.0
44.0 62.0 0.0
44.0 64.0 0.0
44.0 66.0 0.0
44.0 68.0 0.0
44.0 70.0 0.0
44.0 72.0 0.014588908357497675
44.0 74.0 0.10554413107758726
44.0 76.0 0.1767196747022981
44.0 78.0 0.21463233241065519
44.0 80.0 0.21251049899304952
44.0 82.0 0.1679453119036648
44.0 84.0 0.08598080548181314
44.0 86.0 0.0021195443214562337
44.0 88.0 0.0
44.0 90.0 0.0
44.0 92.0 0.0
44.0 94.0 0.0
44.0 96.0 0.0
44.0 98.0 0.0
44.0 100.0 0.0
44.0 102.0 0.0
44.0 104.0 0.0024073186713106944
44.0 106.0 0.044640591230049174
44.0 108.0 0.07996671556280985
44.0 110.0 0.11168621430706414
44.0 112.0 0.12405518586098624
44.0 114.0 0.11557527604733464
44.0 116.0 0.09890330068295
44.0 118.0 0.06525330262132001
44.0 120.0 0.01699119169711621
44.0 122.0 0.0
44.0 124.0 0.0
44.0 126.0 0.0
46.0 0.0 0.0
46.0 2.0 0.0
46.0 4.0 0.07431284241453315
46.0 6.0 0.1716454477423196
46.0 8.0 0.10961398947417977
46.0 10.0 0.019238620682823768
46.0 12.0 0.0
46.0 14.0 0.0
46.0 16.0 0.0
46.0 18.0 0.0
46.0 20.0 0.0
46.0 22.0 0.0
46.0 24.0 0.0
46.0 26.0 0.08396901566198618
46.0 28.0 0.2440439022460631
46.0 30.0 0.3773567305029945
46.0 32.0 0.46494282267887943
46.0 34.0 0.4982675517730324
46.0 36.0 0.4808426336532699
46.0 38.0 0.41916152308487525
46.0 40.0 0.30330502968374295
46.0 42.0 0.12822837700736073
46.0 44.0 0.0403304788112711
46.0 46.0 0.007115381759410636
46.0 48.0 0.0
46.0 50.0 0.0
46.0 52.0 0.0
46.0 54.0 0.0
46.0 56.0 0.0
46.0 58.0 0.0
46.0 60.0 0.0
46.0 62.0 0.0
46.0 64.0 0.0
46.0 66.0 0.0
46.0 68.0 0.0
46.0 70.0 0.005389970268623975
46.0 72.0 0.07051260073503395
46.0 74.0 0.16952101614903384
46.0 76.0 0.2337243413357214
46.0 78.0 0.2650081997666595
46.0 80.0 0.25367089510962626
46.0 82.0 0.1970832517622055
46.0 84.0 0.09652451385326255
46.0 86.0 0.00395846298427462
46.0 88.0 0.0
46.0 90.0 0.0
46.0 92.0 0.0
46.0 94.0 0.0
46.0 96.0 0.0
46.0 98.0 0.0
46.0 100.0 0.0
46.0 102.0 0.0
46.0 104.0 0.0
46.0 106.0 0.021224613227466296
46.0 108.0 0.0821235359785235
46.0 110.0 0.12240754120970475
46.0 112.0 0.16099601593299692
46.0 114.0 0.1704035865856196
46.0 116.0 0.15686323239754943
46.0 118.0 0.11416526148772614
46.0 120.0 0.032904418828963895
46.0 122.0 1.8555870137347444E-4
46.0 124.0 0.0
46.0 126.0 0.0
48.0 0.0 0.0
48.0 2.0 0.05513815064826988
48.0 4.0 0.1812074119536753
48.0 6.0 0.1539133521804367
48.0 8.0 0.06710585307707526
48.0 10.0 0.0032245729556621273
48.0 12.0 0.0
48.0 14.0 0.0
48.0 16.0 0.0
48.0 18.0 0.0
48.0 20.0 0.0
48.0 22.0 0.0
48.0 24.0 0.0
48.0 26.0 0.0879497386727982
48.0 28.0 0.24059649789950668
48.0 30.0 0.35533931721884143
48.0 32.0 0.4266397985390277
48.0 34.0 0.44990375197866217
48.0 36.0 0.4207291251813327
48.0 38.0 0.34568079626064985
48.0 40.0 0.22277028618718264
48.0 42.0 0.08688790553436748
48.0 44.0 0.0371966314138896
48.0 46.0 0.006002732652387169
48.0 48.0 0.0
48.0 50.0 0.0
48.0 52.0 0.0
48.0 54.0 0.0
48.0 56.0 0.0
48.0 58.0 0.0
48.0 60.0 0.0
48.0 62.0 0.0
48.0 64.0 0.0
48.0 66.0 0.0
48.0 68.0 6.094382716975775E-4
48.0 70.0 0.04773506454537726
48.0 72.0 0.14338504438189922
48.0 74.0 0.23566457175552202
48.0 76.0 0.29067252905298285
48.0 78.0 0.3101621315090723
48.0 80.0 0.2863673720671756
48.0 82.0 0.2233911723167672
48.0 84.0 0.11441096282235974
48.0 86.0 0.008313026251117411
48.0 88.0 0.0
48.0 90.0 0.0
48.0 92.0 0.0
48.0 94.0 0.0
48.0 96.0 0.0
48.0 98.0 0.0
48.0 100.0 0.0
48.0 102.0 0.0
48.0 104.0 2.4882922668673525E-4
48.0 106.0 0.04782416163713008
48.0 108.0 0.11821943668534542
48.0 110.0 0.1711633081995465
48.0 112.0 0.21719255547540137
48.0 114.0 0.24070234697595425
48.0 116.0 0.22699257489752867
48.0 118.0 0.17465389391539665
48.0 120.0 0.06564191820750445
48.0 122.0 0.004362303622380645
48.0 124.0 0.0
48.0 126.0 0.0
50.0 0.0 0.0
50.0 2.0 0.017523913467997962
50.0 4.0 0.08749758623577426
50.0 6.0 0.07977123464967374
50.0 8.0 0.016811490943997847
50.0 10.0 0.0
50.0 12.0 0.0
50.0 14.0 0.0
50.0 16.0 0.0
50.0 18.0 0.0
50.0 20.0 0.0
50.0 22.0 0.0
50.0 24.0 0.0
50.0 26.0 0.10207427945093493
50.0 28.0 0.22562586007292015
50.0 30.0 0.31995776560683226
50.0 32.0 0.3709111225415702
50.0 34.0 0.37582886543112903
50.0 36.0 0.3337747189601457
50.0 38.0 0.2545349239002551
50.0 40.0 0.1445950301942153
50.0 42.0 0.05507962828643081
50.0 44.0 0.029747052921318937
50.0 46.0 0.004696798915503066
50.0 48.0 0.0
50.0 50.0 0.0
50.0 52.0 0.0
50.0 54.0 0.0
50.0 56.0 0.0
50.0 58.0 0.0
50.0 60.0 0.0
50.0 62.0 0.0
50.0 64.0 0.0
50.0 66.0 6.68949248041121E-5
50.0 68.0 0.04437625843569166
50.0 70.0 0.11690137101999709
50.0 72.0 0.21694052252797905
50.0 74.0 0.2920228719445985
50.0 76.0 0.31566735329002654
50.0 78.0 0.3217087397020719
50.0 80.0 0.29722296239136387
50.0 82.0 0.2244465030063668
50.0 84.0 0.11382320916535567
50.0 86.0 0.009875611444571136
50.0 88.0 0.0
50.0 90.0 0.0
50.0 92.0 0.0
50.0 94.0 0.0
50.0 96.0 0.0
50.0 98.0 0.0
50.0 100.0 0.0
50.0 102.0 0.0
50.0 104.0 0.0203350102241244
50.0 106.0 0.10729010020989134
50.0 108.0 0.19588079292879082
50.0 110.0 0.2513390885544447
50.0 112.0 0.29806827267302155
50.0 114.0 0.3258296707325274
50.0 116.0 0.3018636757924142
50.0 118.0 0.23755806697170742
50.0 120.0 0.1048713317170973
50.0 122.0 0.013210344436418484
50.0 124.0 0.0
50.0 126.0 0.0
52.0 0.0 0.0
52.0 2.0 0.0
52.0 4.0 5.886842365585052E-4
52.0 6.0 0.0
52.0 8.0 0.0
52.0 10.0 0.0
52.0 12.0 0.0
52.0 14.0 0.0
52.0 16.0 0.0
52.0 18.0 0.0
52.0 20.0 0.0
52.0 22.0 0.0
52.0 24.0 4.646365901403917E-4
52.0 26.0 0.11032405519795528
52.0 28.0 0.2043176299270123
52.0 30.0 0.27714047740759834
52.0 32.0 0.3028653626562191
52.0 34.0 0.2890112148273163
52.0 36.0 0.237828123881337
52.0 38.0 0.15883002084317946
52.0 40.0 0.06769477752080394
52.0 42.0 0.030810419963565733
52.0 44.0 0.016918035854978797
52.0 46.0 0.0025662168866523697
52.0 48.0 0.0
52.0 50.0 0.0
52.0 52.0 0.0
52.0 54.0 0.0
52.0 56.0 0.0
52.0 58.0 0.0
52.0 60.0 0.0
52.0 62.0 0.0
52.0 64.0 0.0
52.0 66.0 0.040351156681573505
52.0 68.0 0.1271487048425792
52.0 70.0 0.21930151844385656
52.0 72.0 0.30735668879372935
52.0 74.0 0.3545569387061185
52.0 76.0 0.33106748617741205
52.0 78.0 0.320972807071413
52.0 80.0 0.2767141232236443
52.0 82.0 0.1969720932578232
52.0 84.0 0.0841480100713571
52.0 86.0 0.005876469482071724
52.0 88.0 0.0
52.0 90.0 0.0
52.0 92.0 0.0
52.0 94.0 0.0
52.0 96.0 0.0
52.0 98.0 0.0
52.0 100.0 0.0
52.0 102.0 0.0
52.0 104.0 0.04467796542414115
52.0 106.0 0.15234558624870873
52.0 108.0 0.258928950716597
52.0 110.0 0.3258172797619952
52.0 112.0 0.3577181993835037
52.0 114.0 0.3927261250356254
52.0 116.0 0.3757684002085046
52.0 118.0 0.29824981971597936
52.0 120.0 0.14695705827393898
52.0 122.0 0.022241143440232276
52.0 124.0 0.0
52.0 126.0 0.0
54.0 0.0 0.0
54.0 2.0 0.0
54.0 4.0 0.0
54.0 6.0 0.0
54.0 8.0 0.0
54.0 10.0 0.0
54.0 12.0 0.0
54.0 14.0 0.0
54.0 16.0 0.0
54.0 18.0 0.0
54.0 20.0 0.0
54.0 22.0 0.0
54.0 24.0 0.016414417746783636
54.0 26.0 0.12263260645830426
54.0 28.0 0.19280895375460727
54.0 30.0 0.23451633899617816
54.0 32.0 0.23470356210211887
54.0 34.0 0.2026020798984235
54.0 36.0 0.14492877577472474
54.0 38.0 0.07354966825607871
54.0 40.0 0.011404875780166255
54.0 42.0 0.0046015668836452105
54.0 44.0 9.427728372683684E-4
54.0 46.0 0.0
54.0 48.0 0.0
54.0 50.0 0.0
54.0 52.0 0.0
54.0 54.0 0.0
54.0 56.0 0.0
54.0 58.0 0.0
54.0 60.0 0.0
54.0 62.0 0.0
54.0 64.0 0.0336791609721059
54.0 66.0 0.119052732587145
54.0 68.0 0.2254754455994754
54.0 70.0 0.3427523697278943
54.0 72.0 0.4048579033978063
54.0 74.0 0.39456660948346894
54.0 76.0 0.3243489918141103
54.0 78.0 0.29594830685489487
54.0 80.0 0.23587919773697794
54.0 82.0 0.1444742944584508
54.0 84.0 0.038374208500591415
54.0 86.0 9.483995394115068E-4
54.0 88.0 0.0
54.0 90.0 0.0
54.0 92.0 0.0
54.0 94.0 0.0
54.0 96.0 0.0
54.0 98.0 0.0
54.0 100.0 0.0
54.0 102.0 0.0
54.0 104.0 0.0629240484554373
54.0 106.0 0.17790128269330796
54.0 108.0 0.32201893365441786
54.0 110.0 0.4370936993134029
54.0 112.0 0.4806094884032779
54.0 114.0 0.4820653524588942
54.0 116.0 0.44293607134143786
54.0 118.0 0.34935832683075213
54.0 120.0 0.1889629457588222
54.0 122.0 0.03148992900389969
54.0 124.0 0.0
54.0 126.0 0.0
56.0 0.0 0.0
56.0 2.0 0.0
56.0 4.0 0.0
56.0 6.0 0.0
56.0 8.0 0.0
56.0 10.0 0.0
56.0 12.0 0.0
56.0 14.0 0.0
56.0 16.0 0.0
56.0 18.0 0.0
56.0 20.0 0.0
56.0 22.0 0.0
56.0 24.0 0.038947418694782604
56.0 26.0 0.12562151952432052
56.0 28.0 0.17405169615253632
56.0 30.0 0.18763141648275047
56.0 32.0 0.1632979039981708
56.0 34.0 0.11486220169638998
56.0 36.0 0.051535636289177456
56.0 38.0 0.0036648502898409224
56.0 40.0 0.0
56.0 42.0 0.0
56.0 44.0 0.0
56.0 46.0 0.0
56.0 48.0 0.0
56.0 50.0 0.0
56.0 52.0 0.0
56.0 54.0 0.0
56.0 56.0 0.0
56.0 58.0 0.0
56.0 60.0 0.0
56.0 62.0 0.03487064066627311
56.0 64.0 0.12939071806475197
56.0 66.0 0.22542684769215585
56.0 68.0 0.36928496384159454
56.0 70.0 0.4519729995055069
56.0 72.0 0.4794618792670928
56.0 74.0 0.4158211032492332
56.0 76.0 0.3141601014218647
56.0 78.0 0.26244050604044133
56.0 80.0 0.18067524463890008
56.0 82.0 0.07260723778947692
56.0 84.0 0.009958596230069673
56.0 86.0 0.0
56.0 88.0 0.0
56.0 90.0 0.0
56.0 92.0 0.0
56.0 94.0 0.0
56.0 96.0 0.0
56.0 98.0 0.0
56.0 100.0 0.0
56.0 102.0 0.0
56.0 104.0 0.056836828221145025
56.0 106.0 0.21698738266886375
56.0 108.0 0.33117440927230746
56.0 110.0 0.4731031235396306
56.0 112.0 0.5322214766170207
56.0 114.0 0.5344667390080957
56.0 116.0 0.4919370370134674
56.0 118.0 0.39237510219140753
56.0 120.0 0.22104108542042464
56.0 122.0 0.04047791018789284
56.0 124.0 0.0
56.0 126.0 0.0
58.0 0.0 0.0
58.0 2.0 0.0
58.0 4.0 0.0
58.0 6.0 0.0
58.0 8.0 0.0
58.0 10.0 0.0
58.0 12.0 0.0
58.0 14.0 0.0
58.0 16.0 0.0
58.0 18.0 0.0
58.0 20.0 0.0
58.0 22.0 0.0063665727917300505
58.0 24.0 0.07362202110214484
58.0 26.0 0.1285331060846767
58.0 28.0 0.14930368253031095
58.0 30.0 0.13047670608665624
58.0 32.0 0.08174805723489191
58.0 34.0 0.021384895732337008
58.0 36.0 0.0
58.0 38.0 0.0
58.0 40.0 0.0
58.0 42.0 0.0
58.0 44.0 0.0
58.0 46.0 0.0
58.0 48.0 0.0
58.0 50.0 0.0
58.0 52.0 0.0
58.0 54.0 0.0
58.0 56.0 0.0
58.0 58.0 0.0
58.0 60.0 0.01376911765525557
58.0 62.0 0.12061027090607707
58.0 64.0 0.24178411287171322
58.0 66.0 0.3324694984896066
58.0 68.0 0.4194976278846629
58.0 70.0 0.5268390381726361
58.0 72.0 0.5144276525887634
58.0 74.0 0.4075657093981551
58.0 76.0 0.2989657086195694
58.0 78.0 0.21931471803224803
58.0 80.0 0.11024574228996686
58.0 82.0 0.026258154528371946
58.0 84.0 0.0015150414415550093
58.0 86.0 0.0
58.0 88.0 0.0
58.0 90.0 0.0
58.0 92.0 0.0
58.0 94.0 0.0
58.0 96.0 0.0
58.0 98.0 0.0
58.0 100.0 0.0
58.0 102.0 0.0
58.0 104.0 0.04434451101138213
58.0 106.0 0.20406194648933598
58.0 108.0 0.3267559099984165
58.0 110.0 0.47643251730551284
58.0 112.0 0.53869597939696
58.0 114.0 0.540649080798039
58.0 116.0 0.5026908044835877
58.0 118.0 0.40970312262966396
58.0 120.0 0.2389609654833682
58.0 122.0 0.045262180120619354
58.0 124.0 0.0
58.0 126.0 0.0
60.0 0.0 0.0
60.0 2.0 0.0
60.0 4.0 0.0
60.0 6.0 0.0
60.0 8.0 0.0
60.0 10.0 0.0
60.0 12.0 0.0
60.0 14.0 0.0
60.0 16.0 0.0
60.0 18.0 0.0
60.0 20.0 0.0018342367673683999
60.0 22.0 0.061645869129096025
60.0 24.0 0.12294526108852653
60.0 26.0 0.14155232438052587
60.0 28.0 0.11252973466104875
60.0 30.0 0.05717419929233813
60.0 32.0 0.004980971400332758
60.0 34.0 0.0
60.0 36.0 0.0
60.0 38.0 0.0
60.0 40.0 0.0
60.0 42.0 0.0
60.0 44.0 0.0
60.0 46.0 0.0
60.0 48.0 0.0
60.0 50.0 0.0
60.0 52.0 0.0
60.0 54.0 0.007103342417225884
60.0 56.0 0.03514914605183581
60.0 58.0 0.0949685544984152
60.0 60.0 0.18181352034085504
60.0 62.0 0.275969873916278
60.0 64.0 0.3410953406284471
60.0 66.0 0.4095904039993062
60.0 68.0 0.45531752633963585
60.0 70.0 0.47330842184971106
60.0 72.0 0.4570776005506945
60.0 74.0 0.40342702313654555
60.0 76.0 0.27230060400152345
60.0 78.0 0.1606778715204356
60.0 80.0 0.05234592040938622
60.0 82.0 0.007115915988774801
60.0 84.0 0.0
60.0 86.0 0.0
60.0 88.0 0.0
60.0 90.0 0.0
60.0 92.0 0.0
60.0 94.0 0.0
60.0 96.0 0.0
60.0 98.0 0.0
60.0 100.0 0.0
60.0 102.0 0.0
60.0 104.0 0.027175766111662402
60.0 106.0 0.15915997525068398
60.0 108.0 0.3460949388395742
60.0 110.0 0.4391891439221374
60.0 112.0 0.48213404097125245
60.0 114.0 0.4841518337167447
60.0 116.0 0.4411695433603589
60.0 118.0 0.34954771793164746
60.0 120.0 0.23545714495511316
60.0 122.0 0.0554061768211325
60.0 124.0 0.0
60.0 126.0 0.0
62.0 0.0 0.0
62.0 2.0 0.0
62.0 4.0 0.0
62.0 6.0 0.0
62.0 8.0 0.0
62.0 10.0 0.0
62.0 12.0 0.0
62.0 14.0 0.0
62.0 16.0 0.0
62.0 18.0 2.5736782734880724E-4
62.0 20.0 0.054188043304020606
62.0 22.0 0.11990874404714096
62.0 24.0 0.14732808037055414
62.0 26.0 0.12065299069231473
62.0 28.0 0.06175719261272885
62.0 30.0 0.004748563171744138
62.0 32.0 0.0
62.0 34.0 0.0
62.0 36.0 0.0
62.0 38.0 0.0
62.0 40.0 0.0
62.0 42.0 0.0
62.0 44.0 0.0
62.0 46.0 0.0
62.0 48.0 0.0012220172610735581
62.0 50.0 5.728011443559798E-4
62.0 52.0 0.020645004938837825
62.0 54.0 0.07699248084635217
62.0 56.0 0.14348415443628668
62.0 58.0 0.21779707789120084
62.0 60.0 0.3015318248379153
62.0 62.0 0.3802458698939653
62.0 64.0 0.4167432081509313
62.0 66.0 0.4593988047766266
62.0 68.0 0.4806763235906224
62.0 70.0 0.47539181425388505
62.0 72.0 0.43502656871363216
62.0 74.0 0.34379280548940416
62.0 76.0 0.24003239201235269
62.0 78.0 0.10617920021973869
62.0 80.0 0.018151964725240406
62.0 82.0 0.0
62.0 84.0 0.0
62.0 86.0 0.0
62.0 88.0 0.0
62.0 90.0 0.0
62.0 92.0 0.0
62.0 94.0 0.0
62.0 96.0 0.0
62.0 98.0 0.0
62.0 100.0 0.0
62.0 102.0 0.0
62.0 104.0 0.006728868865035781
62.0 106.0 0.1281998926153042
62.0 108.0 0.29585222344894185
62.0 110.0 0.3832663000928904
62.0 112.0 0.4277800184838277
62.0 114.0 0.43178889444605456
62.0 116.0 0.39846408114761495
62.0 118.0 0.3242905188223049
62.0 120.0 0.23541574775249866
62.0 122.0 0.0654654237235945
62.0 124.0 3.8281531040388565E-4
62.0 126.0 0.0
64.0 0.0 0.0
64.0 2.0 0.0
64.0 4.0 0.0
64.0 6.0 0.0
64.0 8.0 0.0
64.0 10.0 0.0
64.0 12.0 0.0
64.0 14.0 0.0
64.0 16.0 0.002957337793062577
64.0 18.0 0.049269349742254505
64.0 20.0 0.12058359475645615
64.0 22.0 0.16222751307270442
64.0 24.0 0.15174885396049256
64.0 26.0 0.09693794315101888
64.0 28.0 0.020467907905717477
64.0 30.0 0.0
64.0 32.0 0.0
64.0 34.0 0.0
64.0 36.0 0.0
64.0 38.0 0.0
64.0 40.0 0.0
64.0 42.0 0.0
64.0 44.0 0.0
64.0 46.0 0.0
64.0 48.0 0.0019518709238412289
64.0 50.0 0.02270961043749252
64.0 52.0 0.062134496085674056
64.0 54.0 0.1356497552904644
64.0 56.0 0.2179525809310738
64.0 58.0 0.30084212214025813
64.0 60.0 0.37768875276461245
64.0 62.0 0.4408252153313115
64.0 64.0 0.4661860776766677
64.0 66.0 0.46949733005945493
64.0 68.0 0.46631447425078304
64.0 70.0 0.4419297241299174
64.0 72.0 0.3893440476056371
64.0 74.0 0.3006955100904202
64.0 76.0 0.17333341298505434
64.0 78.0 0.05252618598519238
64.0 80.0 0.004330736240682945
64.0 82.0 0.0
64.0 84.0 0.0
64.0 86.0 0.0
64.0 88.0 0.0
64.0 90.0 0.0
64.0 92.0 0.0
64.0 94.0 0.0
64.0 96.0 0.0
64.0 98.0 0.0
64.0 100.0 0.0
64.0 102.0 0.0
64.0 104.0 0.0019758879997548613
64.0 106.0 0.09548415291819567
64.0 108.0 0.21729738157503267
64.0 110.0 0.307606290570309
64.0 112.0 0.35675680738057697
64.0 114.0 0.36554919099408695
64.0 116.0 0.34119441896342745
64.0 118.0 0.28527015231976544
64.0 120.0 0.22564975353279582
64.0 122.0 0.0862869327474697
64.0 124.0 0.004217823779728371
64.0 126.0 0.0
66.0 0.0 0.0
66.0 2.0 0.0
66.0 4.0 0.0
66.0 6.0 0.0
66.0 8.0 0.0
66.0 10.0 0.0
66.0 12.0 0.0
66.0 14.0 0.0
66.0 16.0 0.03456073481953296
66.0 18.0 0.1101873943478938
66.0 20.0 0.16921934163443766
66.0 22.0 0.1838445352474056
66.0 24.0 0.14938340210384768
66.0 26.0 0.07697168244304141
66.0 28.0 0.007189895010714767
66.0 30.0 0.0
66.0 32.0 0.0
66.0 34.0 0.0
66.0 36.0 0.0
66.0 38.0 0.0
66.0 40.0 0.0
66.0 42.0 0.0
66.0 44.0 0.0
66.0 46.0 0.0
66.0 48.0 0.009402152202051723
66.0 50.0 0.030953841830229912
66.0 52.0 0.08522373804446996
66.0 54.0 0.17234138115223654
66.0 56.0 0.2668865845823026
66.0 58.0 0.35260184510086967
66.0 60.0 0.4226902496437408
66.0 62.0 0.474316861017388
66.0 64.0 0.47525342171466006
66.0 66.0 0.45751622976158896
66.0 68.0 0.4410379819442796
66.0 70.0 0.4027772354512762
66.0 72.0 0.33374369618527927
66.0 74.0 0.2304504720242204
66.0 76.0 0.10177980968883804
66.0 78.0 0.017933145360707493
66.0 80.0 0.0
66.0 82.0 0.0
66.0 84.0 0.0
66.0 86.0 0.0
66.0 88.0 0.0
66.0 90.0 0.0
66.0 92.0 0.0
66.0 94.0 0.0
66.0 96.0 0.0
66.0 98.0 0.0
66.0 100.0 0.0
66.0 102.0 0.0
66.0 104.0 3.121343014616106E-4
66.0 106.0 0.062090512151734584
66.0 108.0 0.16768598966557477
66.0 110.0 0.2459453583851001
66.0 112.0 0.2906721109187887
66.0 114.0 0.30139360873914395
66.0 116.0 0.28496632219331625
66.0 118.0 0.24548969126308043
66.0 120.0 0.21505714404873447
66.0 122.0 0.12284718329034024
66.0 124.0 0.011628117307057817
66.0 126.0 0.0
68.0 0.0 0.0
68.0 2.0 0.0
68.0 4.0 0.0
68.0 6.0 0.0
68.0 8.0 0.0
68.0 10.0 0.0
68.0 12.0 0.0
68.0 14.0 0.0
68.0 16.0 0.06153953434368158
68.0 18.0 0.14218491667644315
68.0 20.0 0.15783452361939543
68.0 22.0 0.1707079675201437
68.0 24.0 0.1475842628639445
68.0 26.0 0.06810488186117418
68.0 28.0 0.003425193676669019
68.0 30.0 0.0
68.0 32.0 0.0
68.0 34.0 0.0
68.0 36.0 0.0
68.0 38.0 0.0
68.0 40.0 0.0
68.0 42.0 0.0
68.0 44.0 0.0
68.0 46.0 0.0
68.0 48.0 0.003777096115852674
68.0 50.0 0.034007529939584634
68.0 52.0 0.10475200741730066
68.0 54.0 0.20002730192469156
68.0 56.0 0.29906190806206295
68.0 58.0 0.38356025427514634
68.0 60.0 0.4472563318594908
68.0 62.0 0.4892540342159009
68.0 64.0 0.46660567148455295
68.0 66.0 0.43993023580855645
68.0 68.0 0.41273481000962037
68.0 70.0 0.36081306195963675
68.0 72.0 0.2738650297867882
68.0 74.0 0.15595631632989945
68.0 76.0 0.046252733486171406
68.0 78.0 0.0037468626568024598
68.0 80.0 0.0
68.0 82.0 0.0
68.0 84.0 0.0
68.0 86.0 0.0
68.0 88.0 0.0
68.0 90.0 0.0
68.0 92.0 0.0
68.0 94.0 0.0
68.0 96.0 0.0
68.0 98.0 0.0
68.0 100.0 0.0
68.0 102.0 0.0
68.0 104.0 3.4777323357668887E-4
68.0 106.0 0.03954002274828875
68.0 108.0 0.12148211967234025
68.0 110.0 0.18617755839198313
68.0 112.0 0.22564108259498894
68.0 114.0 0.23825243325459042
68.0 116.0 0.22996527505427658
68.0 118.0 0.22644245761460535
68.0 120.0 0.20798158574458525
68.0 122.0 0.13850157786296258
68.0 124.0 0.030760578058529785
68.0 126.0 0.0
70.0 0.0 0.0
70.0 2.0 0.0
70.0 4.0 0.0
70.0 6.0 0.0
70.0 8.0 0.0
70.0 10.0 0.0
70.0 12.0 0.0
70.0 14.0 0.002528522619345662
70.0 16.0 0.07724155600350441
70.0 18.0 0.15208958194902159
70.0 20.0 0.17806682806038002
70.0 22.0 0.18251311139754636
70.0 24.0 0.1468322288211755
70.0 26.0 0.06521379355422206
70.0 28.0 0.0026816622276434297
70.0 30.0 0.0
70.0 32.0 0.0
70.0 34.0 0.0
70.0 36.0 0.0
70.0 38.0 0.0
70.0 40.0 0.0
70.0 42.0 0.0
70.0 44.0 0.0
70.0 46.0 0.0
70.0 48.0 0.004178851478939745
70.0 50.0 0.0405902637900461
70.0 52.0 0.12012915082061555
70.0 54.0 0.22051621458535084
70.0 56.0 0.3220323296651888
70.0 58.0 0.4046785949970695
70.0 60.0 0.4623250297098689
70.0 62.0 0.4951198404265152
70.0 64.0 0.44678213550429824
70.0 66.0 0.41600370807921827
70.0 68.0 0.37479400236473137
70.0 70.0 0.3072781291769048
70.0 72.0 0.2038687357287873
70.0 74.0 0.07992121933162934
70.0 76.0 0.011833597145332704
70.0 78.0 0.0
70.0 80.0 0.0
70.0 82.0 0.0
70.0 84.0 0.0
70.0 86.0 0.0
70.0 88.0 0.0
70.0 90.0 0.0
70.0 92.0 0.0
70.0 94.0 0.0
70.0 96.0 0.0
70.0 98.0 0.0
70.0 100.0 0.0
70.0 102.0 0.0
70.0 104.0 0.0
70.0 106.0 0.020152232137524227
70.0 108.0 0.08395449161860584
70.0 110.0 0.13479046779319206
70.0 112.0 0.16807263076422677
70.0 114.0 0.18059839609381936
70.0 116.0 0.20620362825037694
70.0 118.0 0.2024092769543814
70.0 120.0 0.1819189414260288
70.0 122.0 0.15083778188391797
70.0 124.0 0.08876537020151713
70.0 126.0 0.010972500648783606
72.0 0.0 0.0
72.0 2.0 0.0
72.0 4.0 0.0
72.0 6.0 0.0
72.0 8.0 0.0
72.0 10.0 0.0
72.0 12.0 0.0
72.0 14.0 0.010223460435889916
72.0 16.0 0.10570133104958905
72.0 18.0 0.16629032743818417
72.0 20.0 0.2031890642433969
72.0 22.0 0.18983987728214516
72.0 24.0 0.13950133405293505
72.0 26.0 0.05825657155044942
72.0 28.0 0.0018747817909754536
72.0 30.0 0.0
72.0 32.0 0.0
72.0 34.0 0.0
72.0 36.0 0.0
72.0 38.0 0.0
72.0 40.0 0.0
72.0 42.0 0.0
72.0 44.0 0.0
72.0 46.0 0.0
72.0 48.0 0.0052384989137991824
72.0 50.0 0.048766795540222625
72.0 52.0 0.13166354912544492
72.0 54.0 0.23733485296842938
72.0 56.0 0.3403210364906443
72.0 58.0 0.4207302071448691
72.0 60.0 0.47275213521150655
72.0 62.0 0.49441284481565173
72.0 64.0 0.4194570621330473
72.0 66.0 0.3836526305946914
72.0 68.0 0.32908106917176344
72.0 70.0 0.2413710193153188
72.0 72.0 0.11992761070308743
72.0 74.0 0.02200740532809109
72.0 76.0 0.0
72.0 78.0 0.0
72.0 80.0 0.0
72.0 82.0 0.0
72.0 84.0 0.0
72.0 86.0 0.0
72.0 88.0 0.0
72.0 90.0 0.0
72.0 92.0 0.0
72.0 94.0 0.0
72.0 96.0 0.0
72.0 98.0 0.0
72.0 100.0 0.0
72.0 102.0 0.0
72.0 104.0 0.010509595092923514
72.0 106.0 0.029071843633874703
72.0 108.0 0.05634175868661717
72.0 110.0 0.09030208013307485
72.0 112.0 0.11758078233257803
72.0 114.0 0.14564877139673565
72.0 116.0 0.1600096072728061
72.0 118.0 0.1597889549373573
72.0 120.0 0.16043586411905028
72.0 122.0 0.15804867130270306
72.0 124.0 0.16684624323895156
72.0 126.0 0.18368621581296574
74.0 0.0 0.0
74.0 2.0 0.03394175412347581
74.0 4.0 0.0
74.0 6.0 0.0
74.0 8.0 0.0
74.0 10.0 0.0
74.0 12.0 0.0
74.0 14.0 0.007154205061412869
74.0 16.0 0.1272737229746176
74.0 18.0 0.18832604477593828
74.0 20.0 0.17914320103147086
74.0 22.0 0.17832964471699456
74.0 24.0 0.14038373500727674
74.0 26.0 0.06279896647610923
74.0 28.0 0.002488034045575068
74.0 30.0 0.0
74.0 32.0 0.0
74.0 34.0 0.0
74.0 36.0 0.0
74.0 38.0 0.0
74.0 40.0 0.0
74.0 42.0 0.0
74.0 44.0 0.0
74.0 46.0 0.0
74.0 48.0 2.070797581612396E-4
74.0 50.0 0.041762683438507454
74.0 52.0 0.13965593544713636
74.0 54.0 0.25243110594056434
74.0 56.0 0.3576357687090652
74.0 58.0 0.4338468096871851
74.0 60.0 0.4769671728977967
74.0 62.0 0.48275468577354747
74.0 64.0 0.38642299975131733
74.0 66.0 0.34071483083635395
74.0 68.0 0.26683392653684107
74.0 70.0 0.15366270413157473
74.0 72.0 0.03458084275021551
74.0 74.0 0.0011477973478883153
74.0 76.0 0.0
74.0 78.0 0.0
74.0 80.0 0.0
74.0 82.0 0.0
74.0 84.0 0.0
74.0 86.0 0.0
74.0 88.0 0.0
74.0 90.0 0.0
74.0 92.0 0.0
74.0 94.0 0.0
74.0 96.0 0.0
74.0 98.0 0.0
74.0 100.0 0.0
74.0 102.0 0.007099594991626615
74.0 104.0 0.021100660088878117
74.0 106.0 0.03079060151863587
74.0 108.0 0.041076803845898915
74.0 110.0 0.05309778192542689
74.0 112.0 0.07233139364475054
74.0 114.0 0.09344514267986331
74.0 116.0 0.11098837446059627
74.0 118.0 0.12025779064770642
74.0 120.0 0.13698557934674097
74.0 122.0 0.1619320255612362
74.0 124.0 0.23228508739075746
74.0 126.0 0.31991125009651844
76.0 0.0 0.0
76.0 2.0 0.12531064582956594
76.0 4.0 0.01774785311004502
76.0 6.0 0.004163330970779928
76.0 8.0 7.486398265353047E-4
76.0 10.0 0.0
76.0 12.0 0.0
76.0 14.0 0.01688615503163577
76.0 16.0 0.12960691443560315
76.0 18.0 0.17565512932809435
76.0 20.0 0.17759786812146997
76.0 22.0 0.185718836653095
76.0 24.0 0.15303858502653359
76.0 26.0 0.09322274240071819
76.0 28.0 0.028745261957052515
76.0 30.0 0.0
76.0 32.0 0.0
76.0 34.0 0.0
76.0 36.0 0.0
76.0 38.0 0.0
76.0 40.0 0.0
76.0 42.0 0.0
76.0 44.0 0.0
76.0 46.0 0.0
76.0 48.0 0.0
76.0 50.0 0.055847933087802844
76.0 52.0 0.15774523804915228
76.0 54.0 0.2649009866340443
76.0 56.0 0.3710586095312663
76.0 58.0 0.43852257286717816
76.0 60.0 0.4683705527357161
76.0 62.0 0.4395710566338709
76.0 64.0 0.3386650714981925
76.0 66.0 0.27592849463052954
76.0 68.0 0.17458063171086916
76.0 70.0 0.043512507446936355
76.0 72.0 0.0017255199937879202
76.0 74.0 0.0
76.0 76.0 0.0
76.0 78.0 0.0
76.0 80.0 0.0
76.0 82.0 0.0
76.0 84.0 0.0
76.0 86.0 0.0
76.0 88.0 0.0
76.0 90.0 0.0
76.0 92.0 0.0
76.0 94.0 0.0
76.0 96.0 0.0
76.0 98.0 0.0016419912608789972
76.0 100.0 0.016627782518513486
76.0 102.0 0.02866970066784202
76.0 104.0 0.033594372707784606
76.0 106.0 0.03508147830313238
76.0 108.0 0.031399322205587686
76.0 110.0 0.031248354663367516
76.0 112.0 0.036974957944776184
76.0 114.0 0.0511685209389924
76.0 116.0 0.060938889843452165
76.0 118.0 0.07343919030155181
76.0 120.0 0.10758311633689947
76.0 122.0 0.1601610315356797
76.0 124.0 0.273331406595089
76.0 126.0 0.0
78.0 0.0 0.0
78.0 2.0 0.2196306533602673
78.0 4.0 0.06841305561410237
78.0 6.0 0.015251107012751869
78.0 8.0 0.0
78.0 10.0 0.0
78.0 12.0 0.0
78.0 14.0 0.021409981393550496
78.0 16.0 0.1178925451058722
78.0 18.0 0.16851540458174374
78.0 20.0 0.19551012364422157
78.0 22.0 0.2159323686880441
78.0 24.0 0.1904298655549629
78.0 26.0 0.1427533020794316
78.0 28.0 0.07758212862151317
78.0 30.0 0.006705578773777347
78.0 32.0 0.0
78.0 34.0 0.0
78.0 36.0 0.0
78.0 38.0 0.0
78.0 40.0 0.0
78.0 42.0 0.0
78.0 44.0 0.0
78.0 46.0 0.0
78.0 48.0 0.001982085895378983
78.0 50.0 0.06017998018266057
78.0 52.0 0.16374457629547878
78.0 54.0 0.2774913338612605
78.0 56.0 0.3757650196402797
78.0 58.0 0.4265381986318056
78.0 60.0 0.4359248361327341
78.0 62.0 0.3499282654915861
78.0 64.0 0.2690995712507832
78.0 66.0 0.17514178903648667
78.0 68.0 0.04659159978845343
78.0 70.0 0.0015066320428782063
78.0 72.0 0.0
78.0 74.0 0.0
78.0 76.0 0.0
78.0 78.0 0.0
78.0 80.0 0.0
78.0 82.0 0.0
78.0 84.0 0.0
78.0 86.0 0.0
78.0 88.0 0.0
78.0 90.0 0.0
78.0 92.0 0.0
78.0 94.0 0.008812557803982464
78.0 96.0 0.024831025547590303
78.0 98.0 0.05236110301995722
78.0 100.0 0.06644938658861231
78.0 102.0 0.06244525575364839
78.0 104.0 0.045311308449814215
78.0 106.0 0.030259024545077246
78.0 108.0 0.016627784569087294
78.0 110.0 0.00952468742056591
78.0 112.0 0.008710815185871565
78.0 114.0 0.013304758283043706
78.0 116.0 0.016744227111868477
78.0 118.0 0.03003188335670207
78.0 120.0 0.06395182018736685
78.0 122.0 0.13419843833473374
78.0 124.0 0.28052291078292035
78.0 126.0 0.0
80.0 0.0 0.0
80.0 2.0 0.0
80.0 4.0 0.15891954358838636
80.0 6.0 0.0
80.0 8.0 0.0
80.0 10.0 0.0
80.0 12.0 0.0
80.0 14.0 0.018527859013819675
80.0 16.0 0.11511759319956588
80.0 18.0 0.1823720809515439
80.0 20.0 0.23441486556100632
80.0 22.0 0.27289480160939045
80.0 24.0 0.2538186538726995
80.0 26.0 0.20286124568587807
80.0 28.0 0.13323323597395137
80.0 30.0 0.028620453166812814
80.0 32.0 0.0
80.0 34.0 0.0
80.0 36.0 0.0
80.0 38.0 0.0
80.0 40.0 0.0
80.0 42.0 0.0
80.0 44.0 0.0
80.0 46.0 0.0
80.0 48.0 0.005335674323795384
80.0 50.0 0.06719178157303524
80.0 52.0 0.16293908875178856
80.0 54.0 0.2827550891022112
80.0 56.0 0.3606448729401179
80.0 58.0 0.38884516567301625
80.0 60.0 0.34839635678601777
80.0 62.0 0.2463075651773138
80.0 64.0 0.15920477873993846
80.0 66.0 0.05324550827704066
80.0 68.0 0.0015441298887090317
80.0 70.0 0.0
80.0 72.0 0.0
80.0 74.0 0.0
80.0 76.0 0.0
80.0 78.0 0.0
80.0 80.0 0.0
80.0 82.0 0.0
80.0 84.0 0.0
80.0 86.0 0.0
80.0 88.0 0.0
80.0 90.0 0.02510299479289332
80.0 92.0 0.08137834081726392
80.0 94.0 0.12067311861552267
80.0 96.0 0.15061395975804037
80.0 98.0 0.15116731738230546
80.0 100.0 0.13430727835485112
80.0 102.0 0.10149959961960581
80.0 104.0 0.05412179981466895
80.0 106.0 0.014408029033650153
80.0 108.0 2.386901310623831E-4
80.0 110.0 0.0
80.0 112.0 0.0
80.0 114.0 0.0
80.0 116.0 0.0
80.0 118.0 0.0
80.0 120.0 0.012452688567857216
80.0 122.0 0.0686873408602923
80.0 124.0 0.22589183475746424
80.0 126.0 0.0
82.0 0.0 0.0
82.0 2.0 0.0
82.0 4.0 0.1140477993859011
82.0 6.0 0.0
82.0 8.0 0.0
82.0 10.0 0.0
82.0 12.0 0.0
82.0 14.0 0.012281773155881597
82.0 16.0 0.11119863146132819
82.0 18.0 0.23828497651111802
82.0 20.0 0.31448026857283523
82.0 22.0 0.35849382472351055
82.0 24.0 0.3335926859866969
82.0 26.0 0.2749800230217007
82.0 28.0 0.1990279864543726
82.0 30.0 0.06274609860944988
82.0 32.0 8.25853445068375E-4
82.0 34.0 0.0
82.0 36.0 0.0
82.0 38.0 0.0
82.0 40.0 0.0
82.0 42.0 0.0
82.0 44.0 0.0
82.0 46.0 0.0
82.0 48.0 0.007250122537785405
82.0 50.0 0.06133069406841562
82.0 52.0 0.17234220476859108
82.0 54.0 0.27895885056071384
82.0 56.0 0.33302770275035043
82.0 58.0 0.32778955180408537
82.0 60.0 0.22866184405479062
82.0 62.0 0.14743623773803116
82.0 64.0 0.05565992201740382
82.0 66.0 0.0014457254553134147
82.0 68.0 0.0
82.0 70.0 0.0
82.0 72.0 0.0
82.0 74.0 0.0
82.0 76.0 0.0
82.0 78.0 0.0
82.0 80.0 0.0
82.0 82.0 0.0
82.0 84.0 0.004410924484864219
82.0 86.0 0.026906308192904117
82.0 88.0 0.07555270338012895
82.0 90.0 0.19228454792230973
82.0 92.0 0.285354089226248
82.0 94.0 0.27369472382529353
82.0 96.0 0.27836703804673807
82.0 98.0 0.2534194241819309
82.0 100.0 0.20732145073039276
82.0 102.0 0.14327500812929442
82.0 104.0 0.060808456133790434
82.0 106.0 0.0016759417187662872
82.0 108.0 0.0
82.0 110.0 0.0
82.0 112.0 0.0
82.0 114.0 0.0
82.0 116.0 0.0
82.0 118.0 0.0
82.0 120.0 0.0
82.0 122.0 0.002144002515074906
82.0 124.0 0.1319308991915429
82.0 126.0 0.0
84.0 0.0 0.0
84.0 2.0 0.0
84.0 4.0 0.0505742606577795
84.0 6.0 0.0
84.0 8.0 0.0
84.0 10.0 0.0
84.0 12.0 0.0
84.0 14.0 0.041554006349204406
84.0 16.0 0.1819087750995609
84.0 18.0 0.30081218893648876
84.0 20.0 0.38357568208033593
84.0 22.0 0.41452032275824807
84.0 24.0 0.3787452631098733
84.0 26.0 0.33985919406279597
84.0 28.0 0.29118403781447294
84.0 30.0 0.13034787545490134
84.0 32.0 0.010570576672729086
84.0 34.0 0.0
84.0 36.0 0.0
84.0 38.0 0.0
84.0 40.0 0.0
84.0 42.0 0.0
84.0 44.0 0.0
84.0 46.0 0.0
84.0 48.0 0.0
84.0 50.0 0.04613937083511677
84.0 52.0 0.1678198355594878
84.0 54.0 0.2692718595088419
84.0 56.0 0.3004624620493921
84.0 58.0 0.2277195851288659
84.0 60.0 0.1581861697844302
84.0 62.0 0.06711817545226544
84.0 64.0 0.004509657957331679
84.0 66.0 0.0
84.0 68.0 0.0
84.0 70.0 0.0
84.0 72.0 0.0
84.0 74.0 0.0
84.0 76.0 0.0
84.0 78.0 0.0
84.0 80.0 0.0
84.0 82.0 0.007323826474851229
84.0 84.0 0.03745867518083109
84.0 86.0 0.1046388194760987
84.0 88.0 0.23658605264843321
84.0 90.0 0.3638990071003508
84.0 92.0 0.43615703148715984
84.0 94.0 0.45423573148394025
84.0 96.0 0.3783537451961168
84.0 98.0 0.3413905862163109
84.0 100.0 0.2858209114668171
84.0 102.0 0.19849601672705366
84.0 104.0 0.07795613537525097
84.0 106.0 0.004958224450485275
84.0 108.0 0.0
84.0 110.0 0.0
84.0 112.0 0.0
84.0 114.0 0.0
84.0 116.0 0.0
84.0 118.0 0.0
84.0 120.0 0.0
84.0 122.0 0.0
84.0 124.0 0.0
84.0 126.0 0.0
86.0 0.0 0.0
86.0 2.0 0.0
86.0 4.0 0.0
86.0 6.0 0.0
86.0 8.0 0.0
86.0 10.0 0.0
86.0 12.0 0.0
86.0 14.0 0.06392800151895524
86.0 16.0 0.2208790878164019
86.0 18.0 0.35088606815766915
86.0 20.0 0.43049482041513887
86.0 22.0 0.42083369700290335
86.0 24.0 0.40306897990662943
86.0 26.0 0.3818292988045533
86.0 28.0 0.37017905321693395
86.0 30.0 0.20005759266762094
86.0 32.0 0.02823751335759178
86.0 34.0 0.0
86.0 36.0 0.0
86.0 38.0 0.0
86.0 40.0 0.0
86.0 42.0 0.0
86.0 44.0 0.0
86.0 46.0 0.0
86.0 48.0 0.0
86.0 50.0 0.03260267346640933
86.0 52.0 0.15960371850942248
86.0 54.0 0.2511181875814115
86.0 56.0 0.27180163586634826
86.0 58.0 0.19288981806572061
86.0 60.0 0.11028978742209461
86.0 62.0 0.019936774576135654
86.0 64.0 0.0
86.0 66.0 0.0
86.0 68.0 0.0
86.0 70.0 0.0
86.0 72.0 0.0
86.0 74.0 0.0
86.0 76.0 0.0
86.0 78.0 0.0
86.0 80.0 0.0
86.0 82.0 0.021875126700255033
86.0 84.0 0.06204838180837557
86.0 86.0 0.17555317082491195
86.0 88.0 0.31564442324472736
86.0 90.0 0.41888564071892187
86.0 92.0 0.45978302518967046
86.0 94.0 0.48477829101702286
86.0 96.0 0.47885335271145
86.0 98.0 0.43931784538831425
86.0 100.0 0.3650963534225102
86.0 102.0 0.2589258402684627
86.0 104.0 0.10094133556364149
86.0 106.0 0.009487713710061817
86.0 108.0 0.0
86.0 110.0 0.0
86.0 112.0 0.0
86.0 114.0 0.0
86.0 116.0 0.0
86.0 118.0 0.0
86.0 120.0 0.0
86.0 122.0 0.0
86.0 124.0 0.0
86.0 126.0 0.0
88.0 0.0 0.0
88.0 2.0 0.0
88.0 4.0 0.0
88.0 6.0 0.0
88.0 8.0 0.0
88.0 10.0 0.0
88.0 12.0 0.0
88.0 14.0 0.08502522274598866
88.0 16.0 0.2532723719896759
88.0 18.0 0.3966322050532149
88.0 20.0 0.4661187185169691
88.0 22.0 0.4279037692846859
88.0 24.0 0.4170606371916286
88.0 26.0 0.3969189346258783
88.0 28.0 0.389816709448016
88.0 30.0 0.23399011724953242
88.0 32.0 0.0422930433886439
88.0 34.0 0.0
88.0 36.0 0.0
88.0 38.0 0.0
88.0 40.0 0.0
88.0 42.0 0.0
88.0 44.0 0.0
88.0 46.0 0.0
88.0 48.0 0.0
88.0 50.0 0.018841302622778448
88.0 52.0 0.1408645594604193
88.0 54.0 0.23008986707681953
88.0 56.0 0.246477265740052
88.0 58.0 0.20262344068917604
88.0 60.0 0.10410995298602632
88.0 62.0 0.011683289547683051
88.0 64.0 0.0
88.0 66.0 0.0
88.0 68.0 0.0
88.0 70.0 0.0
88.0 72.0 0.0
88.0 74.0 0.0
88.0 76.0 0.0
88.0 78.0 0.0
88.0 80.0 0.0034232771231142017
88.0 82.0 0.015957090135860722
88.0 84.0 0.07030810741157711
88.0 86.0 0.20149895150327243
88.0 88.0 0.3465748031409203
88.0 90.0 0.3971201115564791
88.0 92.0 0.42262476406602056
88.0 94.0 0.44545356190757457
88.0 96.0 0.4442564210688533
88.0 98.0 0.4417019483544214
88.0 100.0 0.46165243346612916
88.0 102.0 0.3452525736841938
88.0 104.0 0.13064423580675613
88.0 106.0 0.015271773040643416
88.0 108.0 0.0
88.0 110.0 0.0
88.0 112.0 0.0
88.0 114.0 0.0
88.0 116.0 0.0
88.0 118.0 0.0
88.0 120.0 0.0
88.0 122.0 0.0
88.0 124.0 0.0
88.0 126.0 0.0
90.0 0.0 0.0
90.0 2.0 0.0
90.0 4.0 0.0
90.0 6.0 0.0
90.0 8.0 0.0
90.0 10.0 0.0
90.0 12.0 0.0
90.0 14.0 0.10726723114371321
90.0 16.0 0.2842304780107597
90.0 18.0 0.43172760547073036
90.0 20.0 0.4869066019901604
90.0 22.0 0.4324517352817497
90.0 24.0 0.4263013348319388
90.0 26.0 0.4034848876523221
90.0 28.0 0.3684362107029859
90.0 30.0 0.23630138663240016
90.0 32.0 0.05856571267106874
90.0 34.0 0.0019412130065446368
90.0 36.0 0.0
90.0 38.0 0.0
90.0 40.0 0.0
90.0 42.0 0.0
90.0 44.0 0.0
90.0 46.0 0.0
90.0 48.0 0.0
90.0 50.0 0.0
90.0 52.0 0.08933917886657546
90.0 54.0 0.18190677359586568
90.0 56.0 0.21784351516571943
90.0 58.0 0.19780841003565164
90.0 60.0 0.12402060774014166
90.0 62.0 0.029209189922540856
90.0 64.0 0.0
90.0 66.0 0.0
90.0 68.0 0.0
90.0 70.0 0.0
90.0 72.0 0.0
90.0 74.0 0.0
90.0 76.0 0.0
90.0 78.0 0.0
90.0 80.0 6.950500606075074E-4
90.0 82.0 0.004360105265597671
90.0 84.0 0.05900761869692747
90.0 86.0 0.19320740951418947
90.0 88.0 0.34327528522562606
90.0 90.0 0.40252150006966
90.0 92.0 0.4144987666002023
90.0 94.0 0.4393406536495046
90.0 96.0 0.4479023154054443
90.0 98.0 0.5080877363922841
90.0 100.0 0.4984956726807696
90.0 102.0 0.41546929316806525
90.0 104.0 0.1813581777644723
90.0 106.0 0.027010517104825216
90.0 108.0 0.0
90.0 110.0 0.0
90.0 112.0 0.0
90.0 114.0 0.0
90.0 116.0 0.0
90.0 118.0 0.0
90.0 120.0 0.0
90.0 122.0 0.0
90.0 124.0 0.0
90.0 126.0 0.0
92.0 0.0 0.0
92.0 2.0 0.0
92.0 4.0 0.0
92.0 6.0 0.0
92.0 8.0 0.0
92.0 10.0 0.0
92.0 12.0 0.0
92.0 14.0 0.08219813801985072
92.0 16.0 0.28147284364155717
92.0 18.0 0.4447875429880523
92.0 20.0 0.5028911518937215
92.0 22.0 0.42899697684642796
92.0 24.0 0.4212140543338636
92.0 26.0 0.4007111109534572
92.0 28.0 0.3559909154597573
92.0 30.0 0.2170639454613222
92.0 32.0 0.05366475993930122
92.0 34.0 0.0028282583718442105
92.0 36.0 0.0
92.0 38.0 0.0
92.0 40.0 0.0
92.0 42.0 0.0
92.0 44.0 0.0
92.0 46.0 0.0
92.0 48.0 0.0
92.0 50.0 0.0
92.0 52.0 0.04530506303181361
92.0 54.0 0.15361352113543894
92.0 56.0 0.2038037167126007
92.0 58.0 0.19910213570563717
92.0 60.0 0.155452814834474
92.0 62.0 0.07430864392103216
92.0 64.0 0.004727471644319941
92.0 66.0 0.0
92.0 68.0 0.0
92.0 70.0 0.0
92.0 72.0 0.0
92.0 74.0 0.0
92.0 76.0 0.0
92.0 78.0 0.0
92.0 80.0 0.0
92.0 82.0 0.0
92.0 84.0 0.04991291655189924
92.0 86.0 0.15848466451846469
92.0 88.0 0.30547671889922456
92.0 90.0 0.39534496628968746
92.0 92.0 0.4064847026278901
92.0 94.0 0.437213008635007
92.0 96.0 0.448450373765156
92.0 98.0 0.47197990830268544
92.0 100.0 0.5247512253717191
92.0 102.0 0.4557228456686349
92.0 104.0 0.24491518331239437
92.0 106.0 0.039690541718513515
92.0 108.0 0.0
92.0 110.0 0.0
92.0 112.0 0.0
92.0 114.0 0.0
92.0 116.0 0.0
92.0 118.0 0.0
92.0 120.0 0.0
92.0 122.0 0.0
92.0 124.0 0.0
92.0 126.0 0.0
94.0 0.0 0.0
94.0 2.0 0.0
94.0 4.0 0.0
94.0 6.0 0.0
94.0 8.0 0.0
94.0 10.0 0.0
94.0 12.0 0.0
94.0 14.0 0.10315489581363883
94.0 16.0 0.30411168593396737
94.0 18.0 0.45816743791896336
94.0 20.0 0.5220359214948046
94.0 22.0 0.4471759985381356
94.0 24.0 0.4071961039562244
94.0 26.0 0.37837096245925056
94.0 28.0 0.30877774507031475
94.0 30.0 0.19378419293717708
94.0 32.0 0.04416980402149223
94.0 34.0 0.0019018477695454906
94.0 36.0 0.0
94.0 38.0 0.0
94.0 40.0 0.0
94.0 42.0 0.0
94.0 44.0 0.0
94.0 46.0 0.0
94.0 48.0 0.0
94.0 50.0 0.0
94.0 52.0 0.036412790348050644
94.0 54.0 0.15297088058481045
94.0 56.0 0.22177890582326046
94.0 58.0 0.2354129958397505
94.0 60.0 0.20407982846907544
94.0 62.0 0.131084356962575
94.0 64.0 0.02846322339198308
94.0 66.0 0.0
94.0 68.0 0.0
94.0 70.0 0.0
94.0 72.0 0.0
94.0 74.0 0.0
94.0 76.0 0.0
94.0 78.0 0.0
94.0 80.0 0.0
94.0 82.0 0.0
94.0 84.0 0.02512262261162171
94.0 86.0 0.11042058724890329
94.0 88.0 0.250291760161502
94.0 90.0 0.36832608617888635
94.0 92.0 0.4140038677919257
94.0 94.0 0.4388114664217931
94.0 96.0 0.45552682645086745
94.0 98.0 0.47311505416719335
94.0 100.0 0.5242595792130375
94.0 102.0 0.4679579423698461
94.0 104.0 0.2900006997566855
94.0 106.0 0.0548324927762032
94.0 108.0 0.0
94.0 110.0 0.0
94.0 112.0 0.0
94.0 114.0 0.0
94.0 116.0 0.0
94.0 118.0 0.0
94.0 120.0 0.0
94.0 122.0 0.0
94.0 124.0 0.0
94.0 126.0 0.0
96.0 0.0 0.0
96.0 2.0 0.0
96.0 4.0 0.0
96.0 6.0 0.0
96.0 8.0 0.0
96.0 10.0 0.0
96.0 12.0 0.0
96.0 14.0 0.043712302413819674
96.0 16.0 0.23007898078253766
96.0 18.0 0.3831412450384157
96.0 20.0 0.4784984232158236
96.0 22.0 0.45825869209059694
96.0 24.0 0.401728647666806
96.0 26.0 0.3539587311867942
96.0 28.0 0.2741693155868211
96.0 30.0 0.14627718985290827
96.0 32.0 0.02949480101365609
96.0 34.0 4.121721519668492E-4
96.0 36.0 0.0
96.0 38.0 0.0
96.0 40.0 0.0
96.0 42.0 0.0
96.0 44.0 0.0
96.0 46.0 0.0
96.0 48.0 0.0
96.0 50.0 0.0
96.0 52.0 0.0426249615980871
96.0 54.0 0.1688002630659912
96.0 56.0 0.25040178996075985
96.0 58.0 0.2773929594783467
96.0 60.0 0.25862836751933255
96.0 62.0 0.19552245766923118
96.0 64.0 0.09303465156148767
96.0 66.0 0.007542081943237138
96.0 68.0 0.0
96.0 70.0 0.0
96.0 72.0 0.0
96.0 74.0 0.0
96.0 76.0 0.0
96.0 78.0 0.0
96.0 80.0 0.0
96.0 82.0 0.0
96.0 84.0 0.0017417408012800313
96.0 86.0 0.0661486041827324
96.0 88.0 0.18678237455458857
96.0 90.0 0.311185815591064
96.0 92.0 0.4014183323870102
96.0 94.0 0.44147596549938073
96.0 96.0 0.46026318397960714
96.0 98.0 0.4642143433438455
96.0 100.0 0.49485461373903755
96.0 102.0 0.4687063601401767
96.0 104.0 0.310090644583649
96.0 106.0 0.071803473044183
96.0 108.0 0.0
96.0 110.0 0.0
96.0 112.0 0.0
96.0 114.0 0.0
96.0 116.0 0.0
96.0 118.0 0.0
96.0 120.0 0.0
96.0 122.0 0.0
96.0 124.0 0.0
96.0 126.0 0.0
98.0 0.0 0.0
98.0 2.0 0.0
98.0 4.0 0.0
98.0 6.0 0.0
98.0 8.0 0.0
98.0 10.0 0.0
98.0 12.0 0.0
98.0 14.0 0.021903867067941812
98.0 16.0 0.18979292396160644
98.0 18.0 0.35265732992504445
98.0 20.0 0.4519606825809077
98.0 22.0 0.4422460421248822
98.0 24.0 0.37452136060150093
98.0 26.0 0.3174105063307022
98.0 28.0 0.23189336140539404
98.0 30.0 0.10212315616971139
98.0 32.0 0.014982052115264705
98.0 34.0 0.0
98.0 36.0 0.0
98.0 38.0 0.0
98.0 40.0 0.0
98.0 42.0 0.0
98.0 44.0 0.0
98.0 46.0 0.0
98.0 48.0 0.0
98.0 50.0 0.0
98.0 52.0 0.05689470524872258
98.0 54.0 0.19037512503298593
98.0 56.0 0.2811363076571232
98.0 58.0 0.31913637720196375
98.0 60.0 0.3115861351895065
98.0 62.0 0.2615389029908574
98.0 64.0 0.16634416730085938
98.0 66.0 0.034230975741263846
98.0 68.0 0.0
98.0 70.0 0.0
98.0 72.0 0.0
98.0 74.0 0.0
98.0 76.0 0.0
98.0 78.0 0.0
98.0 80.0 0.0
98.0 82.0 0.0
98.0 84.0 0.0
98.0 86.0 0.007044771653814337
98.0 88.0 0.0991077601780549
98.0 90.0 0.23994218664730915
98.0 92.0 0.34641979419767105
98.0 94.0 0.410944545828867
98.0 96.0 0.4532504729088409
98.0 98.0 0.49706396274997355
98.0 100.0 0.5021636281156917
98.0 102.0 0.443602820814597
98.0 104.0 0.31650138737289235
98.0 106.0 0.09048628041896223
98.0 108.0 0.00405433390045769
98.0 110.0 0.0
98.0 112.0 0.0
98.0 114.0 0.0
98.0 116.0 0.0
98.0 118.0 0.0
98.0 120.0 0.0
98.0 122.0 0.0
98.0 124.0 0.0
98.0 126.0 0.0
100.0 0.0 0.0
100.0 2.0 0.0
100.0 4.0 0.0
100.0 6.0 0.0
100.0 8.0 0.0
100.0 10.0 0.0
100.0 12.0 0.0
100.0 14.0 0.007813229566237513
100.0 16.0 0.16159024893030083
100.0 18.0 0.3546174364463926
100.0 20.0 0.4275917266810952
100.0 22.0 0.398223699041145
100.0 24.0 0.35640305828700364
100.0 26.0 0.3022382715838243
100.0 28.0 0.18280671168661358
100.0 30.0 0.04756658656639092
100.0 32.0 0.0022869616043851124
100.0 34.0 0.0
100.0 36.0 0.0
100.0 38.0 0.0
100.0 40.0 0.0
100.0 42.0 0.0
100.0 44.0 0.0
100.0 46.0 0.0
100.0 48.0 0.0
100.0 50.0 0.0
100.0 52.0 0.08559750276485685
100.0 54.0 0.21509113385688935
100.0 56.0 0.30479762610077527
100.0 58.0 0.35084178637583396
100.0 60.0 0.3559191652830198
100.0 62.0 0.3190714652819135
100.0 64.0 0.23306113993932118
100.0 66.0 0.10044815970544252
100.0 68.0 0.011157906250614589
100.0 70.0 0.0
100.0 72.0 0.0
100.0 74.0 0.0
100.0 76.0 0.0
100.0 78.0 0.0
100.0 80.0 0.0
100.0 82.0 0.0
100.0 84.0 0.0
100.0 86.0 0.0
100.0 88.0 0.014442475993329615
100.0 90.0 0.13072180445144585
100.0 92.0 0.27352915440835235
100.0 94.0 0.38702020503808704
100.0 96.0 0.4696319498411712
100.0 98.0 0.49331664933566827
100.0 100.0 0.4814920685432564
100.0 102.0 0.4198694129822045
100.0 104.0 0.293750321085684
100.0 106.0 0.11169132462144875
100.0 108.0 0.008835843219055716
100.0 110.0 0.0
100.0 112.0 0.0
100.0 114.0 0.0
100.0 116.0 0.0
100.0 118.0 0.0
100.0 120.0 0.0
100.0 122.0 0.0
100.0 124.0 0.0
100.0 126.0 0.0
102.0 0.0 0.0
102.0 2.0 0.0
102.0 4.0 0.0
102.0 6.0 0.0
102.0 8.0 0.0
102.0 10.0 0.0
102.0 12.0 0.0
102.0 14.0 0.0
102.0 16.0 0.058372687946259556
102.0 18.0 0.2717406110711967
102.0 20.0 0.38041566601728327
102.0 22.0 0.37057939865008604
102.0 24.0 0.3107234161666749
102.0 26.0 0.234370864501769
102.0 28.0 0.10115118850582926
102.0 30.0 0.01359374488135262
102.0 32.0 0.0
102.0 34.0 0.0
102.0 36.0 0.0
102.0 38.0 0.0
102.0 40.0 0.0
102.0 42.0 0.0
102.0 44.0 0.0
102.0 46.0 0.0
102.0 48.0 0.0
102.0 50.0 0.00976488547568158
102.0 52.0 0.11651409140453987
102.0 54.0 0.2347502665458515
102.0 56.0 0.31905703969451243
102.0 58.0 0.3665582442815912
102.0 60.0 0.37967784755431727
102.0 62.0 0.3555629897496539
102.0 64.0 0.28939274523712616
102.0 66.0 0.17808362652199064
102.0 68.0 0.04139479949567875
102.0 70.0 8.246586938475851E-4
102.0 72.0 0.0
102.0 74.0 0.0
102.0 76.0 0.0
102.0 78.0 0.0
102.0 80.0 0.0
102.0 82.0 0.0
102.0 84.0 0.0
102.0 86.0 0.0
102.0 88.0 0.0
102.0 90.0 0.05435571487545387
102.0 92.0 0.19715143011933667
102.0 94.0 0.3464616372414415
102.0 96.0 0.4402976918958888
102.0 98.0 0.4691112512399906
102.0 100.0 0.45602863909598884
102.0 102.0 0.3966036602272829
102.0 104.0 0.29811394426722077
102.0 106.0 0.14557422961342967
102.0 108.0 0.018953938795280297
102.0 110.0 0.0
102.0 112.0 0.0
102.0 114.0 0.0
102.0 116.0 0.0
102.0 118.0 0.0
102.0 120.0 0.0
102.0 122.0 0.0
102.0 124.0 0.0
102.0 126.0 0.0
104.0 0.0 0.0
104.0 2.0 0.0
104.0 4.0 0.0
104.0 6.0 0.0
104.0 8.0 0.0
104.0 10.0 0.0
104.0 12.0 0.0
104.0 14.0 0.0
104.0 16.0 0.00652802409624535
104.0 18.0 0.16147579328001477
104.0 20.0 0.3063257463239745
104.0 22.0 0.3467037765161772
104.0 24.0 0.2454850120503481
104.0 26.0 0.15501482447570783
104.0 28.0 0.032178000447303665
104.0 30.0 0.0
104.0 32.0 0.0
104.0 34.0 0.0
104.0 36.0 0.0
104.0 38.0 0.0
104.0 40.0 0.0
104.0 42.0 0.0
104.0 44.0 0.0
104.0 46.0 0.0
104.0 48.0 0.0
104.0 50.0 0.03621339926122034
104.0 52.0 0.14092094990812445
104.0 54.0 0.24661921560194114
104.0 56.0 0.32538434745526584
104.0 58.0 0.373883657102303
104.0 60.0 0.40023628634705827
104.0 62.0 0.4714039716706015
104.0 64.0 0.40335208367013503
104.0 66.0 0.25046497104287174
104.0 68.0 0.09228885933402294
104.0 70.0 0.012549253685403723
104.0 72.0 0.0
104.0 74.0 0.0
104.0 76.0 0.0
104.0 78.0 0.0
104.0 80.0 0.0
104.0 82.0 0.0
104.0 84.0 0.0
104.0 86.0 0.0
104.0 88.0 0.0
104.0 90.0 5.979532521829555E-4
104.0 92.0 0.13236439036714517
104.0 94.0 0.2877636246881829
104.0 96.0 0.3905331368465734
104.0 98.0 0.4417432429118009
104.0 100.0 0.43879219988974166
104.0 102.0 0.38897113391536986
104.0 104.0 0.3145078194122413
104.0 106.0 0.20172125076842995
104.0 108.0 0.03192410356176767
104.0 110.0 0.0
104.0 112.0 0.0
104.0 114.0 0.0
104.0 116.0 0.0
104.0 118.0 0.0
104.0 120.0 0.0
104.0 122.0 0.0
104.0 124.0 0.0
104.0 126.0 0.0
106.0 0.0 0.0
106.0 2.0 0.0
106.0 4.0 0.0
106.0 6.0 0.0
106.0 8.0 0.0
106.0 10.0 0.0
106.0 12.0 0.0
106.0 14.0 0.0
106.0 16.0 0.0
106.0 18.0 0.08512340728321853
106.0 20.0 0.2461485291999401
106.0 22.0 0.27700539604529956
106.0 24.0 0.17848499785466765
106.0 26.0 0.06828546866976554
106.0 28.0 0.007362280838500837
106.0 30.0 0.0
106.0 32.0 0.0
106.0 34.0 0.0
106.0 36.0 0.0
106.0 38.0 0.0
106.0 40.0 0.0
106.0 42.0 0.0
106.0 44.0 0.0
106.0 46.0 0.0
106.0 48.0 0.0
106.0 50.0 0.058410751697248714
106.0 52.0 0.15816686333311433
106.0 54.0 0.25339486122113236
106.0 56.0 0.3254307622291611
106.0 58.0 0.37459372000946134
106.0 60.0 0.4053606926719367
106.0 62.0 0.5056217346030251
106.0 64.0 0.4506688020032325
106.0 66.0 0.33099774185442193
106.0 68.0 0.13518898007284227
106.0 70.0 0.024796169485784416
106.0 72.0 0.0
106.0 74.0 0.0
106.0 76.0 0.0
106.0 78.0 0.0
106.0 80.0 0.0
106.0 82.0 0.0
106.0 84.0 0.0
106.0 86.0 0.0
106.0 88.0 0.0
106.0 90.0 0.0
106.0 92.0 0.060315206624911966
106.0 94.0 0.20776631143953328
106.0 96.0 0.33849334234926814
106.0 98.0 0.4151326494600492
106.0 100.0 0.4281241903803657
106.0 102.0 0.3926477979144239
106.0 104.0 0.3460336039048774
106.0 106.0 0.26393463898153363
106.0 108.0 0.06427856181954182
106.0 110.0 0.0
106.0 112.0 0.0
106.0 114.0 0.0
106.0 116.0 0.0
106.0 118.0 0.0
106.0 120.0 0.0
106.0 122.0 0.0
106.0 124.0 0.0
106.0 126.0 0.0
108.0 0.0 0.0
108.0 2.0 0.0
108.0 4.0 0.0
108.0 6.0 0.0
108.0 8.0 0.0
108.0 10.0 0.0
108.0 12.0 0.0
108.0 14.0 0.0
108.0 16.0 0.0
108.0 18.0 0.0
108.0 20.0 0.07190963387466684
108.0 22.0 0.1334500441349315
108.0 24.0 0.08866834853770893
108.0 26.0 0.010735627411579851
108.0 28.0 0.0
108.0 30.0 0.0
108.0 32.0 0.0
108.0 34.0 0.0
108.0 36.0 0.0
108.0 38.0 0.0
108.0 40.0 0.0
108.0 42.0 0.0
108.0 44.0 0.0
108.0 46.0 0.0
108.0 48.0 0.0
108.0 50.0 0.049276521734831734
108.0 52.0 0.161707962456429
108.0 54.0 0.25460911617544496
108.0 56.0 0.3199646690966288
108.0 58.0 0.3684167177922437
108.0 60.0 0.4049674228736673
108.0 62.0 0.5278043461038676
108.0 64.0 0.4806405339108781
108.0 66.0 0.3849159525272586
108.0 68.0 0.1827047836752399
108.0 70.0 0.03639713057513935
108.0 72.0 0.0010628017128478358
108.0 74.0 0.0
108.0 76.0 0.0
108.0 78.0 0.0
108.0 80.0 0.0
108.0 82.0 0.0
108.0 84.0 0.0
108.0 86.0 0.0
108.0 88.0 0.0
108.0 90.0 0.0
108.0 92.0 0.010113616558982226
108.0 94.0 0.13646139937060894
108.0 96.0 0.3067096901608224
108.0 98.0 0.4067312400378284
108.0 100.0 0.43716875877728306
108.0 102.0 0.41392460462083625
108.0 104.0 0.3740765281361805
108.0 106.0 0.3289098860231871
108.0 108.0 0.1718236038728869
108.0 110.0 0.0
108.0 112.0 0.0
108.0 114.0 0.0
108.0 116.0 0.0
108.0 118.0 0.0
108.0 120.0 0.0
108.0 122.0 0.0
108.0 124.0 0.0
108.0 126.0 0.0
110.0 0.0 0.0
110.0 2.0 0.0
110.0 4.0 0.0
110.0 6.0 0.0
110.0 8.0 0.0
110.0 10.0 0.0
110.0 12.0 0.0
110.0 14.0 0.0
110.0 16.0 0.0
110.0 18.0 0.0
110.0 20.0 0.0
110.0 22.0 0.060398924464118015
110.0 24.0 0.018043653781088166
110.0 26.0 0.0
110.0 28.0 0.0
110.0 30.0 0.0
110.0 32.0 0.0
110.0 34.0 0.0
110.0 36.0 0.0
110.0 38.0 0.0
110.0 40.0 0.0
110.0 42.0 0.0
110.0 44.0 0.0
110.0 46.0 0.0
110.0 48.0 0.00375034842230942
110.0 50.0 0.06788948896438883
110.0 52.0 0.15938148657112325
110.0 54.0 0.2539577663237272
110.0 56.0 0.3159703071135509
110.0 58.0 0.36229444725344767
110.0 60.0 0.40182200531838946
110.0 62.0 0.5228645641956132
110.0 64.0 0.4945744575189767
110.0 66.0 0.45266809281107917
110.0 68.0 0.21341148328822465
110.0 70.0 0.052057535600242566
110.0 72.0 0.003566247075317472
110.0 74.0 0.0
110.0 76.0 0.0
110.0 78.0 0.0
110.0 80.0 0.0
110.0 82.0 0.0
110.0 84.0 0.0
110.0 86.0 0.0
110.0 88.0 0.0
110.0 90.0 0.0
110.0 92.0 0.0
110.0 94.0 0.10131041564993072
110.0 96.0 0.28984296006979093
110.0 98.0 0.4126928327587238
110.0 100.0 0.460471978305307
110.0 102.0 0.44328298353892853
110.0 104.0 0.4100950230953233
110.0 106.0 0.37181110257650923
110.0 108.0 0.0
110.0 110.0 0.0
110.0 112.0 0.0
110.0 114.0 0.0
110.0 116.0 0.0
110.0 118.0 0.0
110.0 120.0 0.0
110.0 122.0 0.0
110.0 124.0 0.0
110.0 126.0 0.0
112.0 0.0 0.0
112.0 2.0 0.0
112.0 4.0 0.0
112.0 6.0 0.0
112.0 8.0 0.0
112.0 10.0 0.0
112.0 12.0 0.0
112.0 14.0 0.0
112.0 16.0 0.0
112.0 18.0 0.0
112.0 20.0 0.0
112.0 22.0 0.0
112.0 24.0 0.11377528776708899
112.0 26.0 0.0
112.0 28.0 0.0
112.0 30.0 0.0
112.0 32.0 0.0
112.0 34.0 0.0
112.0 36.0 0.0
112.0 38.0 0.0
112.0 40.0 0.0
112.0 42.0 0.0
112.0 44.0 0.0
112.0 46.0 0.0
112.0 48.0 0.01402556588724447
112.0 50.0 0.08448339534630561
112.0 52.0 0.1712201854810981
112.0 54.0 0.2413350460326177
112.0 56.0 0.3093430201008078
112.0 58.0 0.3958041915149475
112.0 60.0 0.4490844128251954
112.0 62.0 0.48443441138673554
112.0 64.0 0.5141707030214837
112.0 66.0 0.48036347361617066
112.0 68.0 0.2856721857823689
112.0 70.0 0.06735460561096636
112.0 72.0 0.007541887608230248
112.0 74.0 0.0
112.0 76.0 0.0
112.0 78.0 0.0
112.0 80.0 0.0
112.0 82.0 0.0
112.0 84.0 0.0
112.0 86.0 0.0
112.0 88.0 0.0
112.0 90.0 0.0
112.0 92.0 0.0
112.0 94.0 0.06652903089155797
112.0 96.0 0.26928537427451266
112.0 98.0 0.43157121089165146
112.0 100.0 0.4830330594162275
112.0 102.0 0.47123763686620707
112.0 104.0 0.4164154967626901
112.0 106.0 0.0
112.0 108.0 0.0
112.0 110.0 0.0
112.0 112.0 0.0
112.0 114.0 0.0
112.0 116.0 0.0
112.0 118.0 0.0
112.0 120.0 0.0
112.0 122.0 0.0
112.0 124.0 0.0
112.0 126.0 0.0
114.0 0.0 0.0
114.0 2.0 0.0
114.0 4.0 0.0
114.0 6.0 0.0
114.0 8.0 0.0
114.0 10.0 0.0
114.0 12.0 0.0
114.0 14.0 0.0
114.0 16.0 0.0
114.0 18.0 0.0
114.0 20.0 0.0
114.0 22.0 0.0
114.0 24.0 0.0
114.0 26.0 0.14527756571229972
114.0 28.0 0.0
114.0 30.0 0.0
114.0 32.0 0.0
114.0 34.0 0.0
114.0 36.0 0.0
114.0 38.0 0.0
114.0 40.0 0.0
114.0 42.0 0.0
114.0 44.0 0.0
114.0 46.0 8.392479051413152E-4
114.0 48.0 0.02225836092165974
114.0 50.0 0.09248799849516336
114.0 52.0 0.19969895646784064
114.0 54.0 0.30405676957432
114.0 56.0 0.3806729662889079
114.0 58.0 0.4427744484870589
114.0 60.0 0.4437899564165064
114.0 62.0 0.42670241392162667
114.0 64.0 0.4888832976445952
114.0 66.0 0.48056840849472654
114.0 68.0 0.31938115529760475
114.0 70.0 0.0839863094961359
114.0 72.0 0.004063978491699773
114.0 74.0 0.0
114.0 76.0 0.0
114.0 78.0 0.0
114.0 80.0 0.0
114.0 82.0 0.0
114.0 84.0 0.0
114.0 86.0 0.0
114.0 88.0 0.0
114.0 90.0 0.0
114.0 92.0 0.0
114.0 94.0 0.03679983956341463
114.0 96.0 0.24898411231879858
114.0 98.0 0.4306884254292512
114.0 100.0 0.4803738613950737
114.0 102.0 0.0
114.0 104.0 0.0
114.0 106.0 0.0
114.0 108.0 0.0
114.0 110.0 0.0
114.0 112.0 0.0
114.0 114.0 0.0
114.0 116.0 0.0
114.0 118.0 0.0
114.0 120.0 0.0
114.0 122.0 0.0
114.0 124.0 0.0
114.0 126.0 0.0
116.0 0.0 0.0
116.0 2.0 0.0
116.0 4.0 0.0
116.0 6.0 0.0
116.0 8.0 0.0
116.0 10.0 0.0
116.0 12.0 0.0
116.0 14.0 0.0
116.0 16.0 0.0
116.0 18.0 0.0
116.0 20.0 0.0
116.0 22.0 0.0
116.0 24.0 0.0
116.0 26.0 0.0
116.0 28.0 0.20484205493002572
116.0 30.0 0.0
116.0 32.0 0.0
116.0 34.0 0.0
116.0 36.0 0.0
116.0 38.0 0.0
116.0 40.0 0.0
116.0 42.0 0.0
116.0 44.0 0.0
116.0 46.0 0.0032702165615368403
116.0 48.0 0.025078633476571674
116.0 50.0 0.09003588919389201
116.0 52.0 0.19134236599729718
116.0 54.0 0.2914103107135703
116.0 56.0 0.36908865703118315
116.0 58.0 0.435735704506679
116.0 60.0 0.4763402928342692
116.0 62.0 0.4665843184786564
116.0 64.0 0.42803811992350393
116.0 66.0 0.46149355708399836
116.0 68.0 0.33357662178006836
116.0 70.0 0.10824050736785686
116.0 72.0 0.007412063626955516
116.0 74.0 0.0
116.0 76.0 0.0
116.0 78.0 0.0
116.0 80.0 0.0
116.0 82.0 0.0
116.0 84.0 0.0
116.0 86.0 0.0
116.0 88.0 0.0
116.0 90.0 0.0
116.0 92.0 0.0
116.0 94.0 0.014981117448692354
116.0 96.0 0.22029642467398705
116.0 98.0 0.3895424993263865
116.0 100.0 0.0
116.0 102.0 0.0
116.0 104.0 0.0
116.0 106.0 0.0
116.0 108.0 0.0
116.0 110.0 0.0
116.0 112.0 0.0
116.0 114.0 0.0
116.0 116.0 0.0
116.0 118.0 0.0
116.0 120.0 0.0
116.0 122.0 0.0
116.0 124.0 0.0
116.0 126.0 0.0
118.0 0.0 0.0
118.0 2.0 0.0
118.0 4.0 0.0
118.0 6.0 0.0
118.0 8.0 0.0
118.0 10.0 0.0
118.0 12.0 0.0
118.0 14.0 0.0
118.0 16.0 0.0
118.0 18.0 0.0
118.0 20.0 0.0
118.0 22.0 0.0
118.0 24.0 0.0
118.0 26.0 0.0
118.0 28.0 0.0
118.0 30.0 0.0
118.0 32.0 0.1497670938822531
118.0 34.0 0.0
118.0 36.0 0.0
118.0 38.0 0.0
118.0 40.0 0.0
118.0 42.0 0.0
118.0 44.0 0.002733899411525686
118.0 46.0 0.008903087453409099
118.0 48.0 0.02988887022728978
118.0 50.0 0.08559864470699163
118.0 52.0 0.17873857380278835
118.0 54.0 0.27649091509760576
118.0 56.0 0.3569135935799936
118.0 58.0 0.43119590482374254
118.0 60.0 0.4802195603179605
118.0 62.0 0.4924086851373713
118.0 64.0 0.44877321883374394
118.0 66.0 0.4036685421803687
118.0 68.0 0.3414208891980092
118.0 70.0 0.11245816343288205
118.0 72.0 0.010760888346013067
118.0 74.0 0.0
118.0 76.0 0.0
118.0 78.0 0.0
118.0 80.0 0.0
118.0 82.0 0.0
118.0 84.0 0.0
118.0 86.0 0.0
118.0 88.0 0.0
118.0 90.0 0.0
118.0 92.0 0.0
118.0 94.0 0.006960858297873584
118.0 96.0 0.1813082500167141
118.0 98.0 0.0
118.0 100.0 0.0
118.0 102.0 0.0
118.0 104.0 0.0
118.0 106.0 0.0
118.0 108.0 0.0
118.0 110.0 0.0
118.0 112.0 0.0
118.0 114.0 0.0
118.0 116.0 0.0
118.0 118.0 0.0
118.0 120.0 0.0
118.0 122.0 0.0
118.0 124.0 0.0
118.0 126.0 0.0
120.0 0.0 0.0
120.0 2.0 0.0
120.0 4.0 0.0
120.0 6.0 0.0
120.0 8.0 0.0
120.0 10.0 0.0
120.0 12.0 0.0
120.0 14.0 0.0
120.0 16.0 0.0
120.0 18.0 0.0
120.0 20.0 0.0
120.0 22.0 0.0
120.0 24.0 0.0
120.0 26.0 0.0
120.0 28.0 0.0
120.0 30.0 0.0
120.0 32.0 0.0
120.0 34.0 0.0
120.0 36.0 0.08183450016576949
120.0 38.0 0.0
120.0 40.0 0.0
120.0 42.0 0.0
120.0 44.0 9.370153207280676E-4
120.0 46.0 0.007999232307482609
120.0 48.0 0.023064257941720703
120.0 50.0 0.07127634313396697
120.0 52.0 0.16227360788900522
120.0 54.0 0.25652739250728035
120.0 56.0 0.3386904406818647
120.0 58.0 0.42023068340987596
120.0 60.0 0.4785268226334393
120.0 62.0 0.49838665118312514
120.0 64.0 0.45987356527026485
120.0 66.0 0.39688782780682447
120.0 68.0 0.313764796666729
120.0 70.0 0.1197724182341755
120.0 72.0 0.014105012573338065
120.0 74.0 0.0
120.0 76.0 0.0
120.0 78.0 0.0
120.0 80.0 0.0
120.0 82.0 0.0
120.0 84.0 0.0
120.0 86.0 0.0
120.0 88.0 0.0
120.0 90.0 0.0
120.0 92.0 0.0
120.0 94.0 0.0
120.0 96.0 0.0
120.0 98.0 0.0
120.0 100.0 0.0
120.0 102.0 0.0
120.0 104.0 0.0
120.0 106.0 0.0
120.0 108.0 0.0
120.0 110.0 0.0
120.0 112.0 0.0
120.0 114.0 0.0
120.0 116.0 0.0
120.0 118.0 0.0
120.0 120.0 0.0
120.0 122.0 0.0
120.0 124.0 0.0
120.0 126.0 0.0
122.0 0.0 0.0
122.0 2.0 0.0
122.0 4.0 0.0
122.0 6.0 0.0
122.0 8.0 0.0
122.0 10.0 0.0
122.0 12.0 0.0
122.0 14.0 0.0
122.0 16.0 0.0
122.0 18.0 0.0
122.0 20.0 0.0
122.0 22.0 0.0
122.0 24.0 0.0
122.0 26.0 0.0
122.0 28.0 0.0
122.0 30.0 0.0
122.0 32.0 0.0
122.0 34.0 0.0
122.0 36.0 0.0
122.0 38.0 0.0
122.0 40.0 0.0
122.0 42.0 0.0
122.0 44.0 0.0
122.0 46.0 3.1646592262998E-4
122.0 48.0 0.011735987380518023
122.0 50.0 0.03991193971404567
122.0 52.0 0.1285005431170477
122.0 54.0 0.22703436531429455
122.0 56.0 0.313792626326366
122.0 58.0 0.4009312238033676
122.0 60.0 0.46782618253402236
122.0 62.0 0.49604771577039036
122.0 64.0 0.47317473315138026
122.0 66.0 0.40781574126633746
122.0 68.0 0.2992842001940981
122.0 70.0 0.12384924697019441
122.0 72.0 0.017361820915810743
122.0 74.0 0.0
122.0 76.0 0.0
122.0 78.0 0.0
122.0 80.0 0.0
122.0 82.0 0.0
122.0 84.0 0.0
122.0 86.0 0.0
122.0 88.0 0.0
122.0 90.0 0.0
122.0 92.0 0.0
122.0 94.0 0.0
122.0 96.0 0.0
122.0 98.0 0.0
122.0 100.0 0.0
122.0 102.0 0.0
122.0 104.0 0.0
122.0 106.0 0.0
122.0 108.0 0.0
122.0 110.0 0.0
122.0 112.0 0.0
122.0 114.0 0.0
122.0 116.0 0.0
122.0 118.0 0.0
122.0 120.0 0.0
122.0 122.0 0.0
122.0 124.0 0.0
122.0 126.0 0.0
124.0 0.0 0.0
124.0 2.0 0.0
124.0 4.0 0.0
124.0 6.0 0.0
124.0 8.0 0.0
124.0 10.0 0.0
124.0 12.0 0.0
124.0 14.0 0.0
124.0 16.0 0.0
124.0 18.0 0.0
124.0 20.0 0.0
124.0 22.0 0.0
124.0 24.0 0.0
124.0 26.0 0.0
124.0 28.0 0.0
124.0 30.0 0.0
124.0 32.0 0.0
124.0 34.0 0.0
124.0 36.0 0.0
124.0 38.0 0.0
124.0 40.0 0.0
124.0 42.0 0.0
124.0 44.0 0.0
124.0 46.0 0.0
124.0 48.0 0.0
124.0 50.0 0.0
124.0 52.0 0.006141142431695269
124.0 54.0 0.11908013802241091
124.0 56.0 0.2458313558228109
124.0 58.0 0.34615207372040246
124.0 60.0 0.4258141739596703
124.0 62.0 0.46225114140077217
124.0 64.0 0.45676424310147207
124.0 66.0 0.4049497479611745
124.0 68.0 0.29910938541676607
124.0 70.0 0.13291157930808392
124.0 72.0 0.020980060652536787
124.0 74.0 0.0
124.0 76.0 0.0
124.0 78.0 0.0
124.0 80.0 0.0
124.0 82.0 0.0
124.0 84.0 0.0
124.0 86.0 0.0
124.0 88.0 0.0
124.0 90.0 0.0
124.0 92.0 0.0
124.0 94.0 0.0
124.0 96.0 0.0
124.0 98.0 0.0
124.0 100.0 0.0
124.0 102.0 0.0
124.0 104.0 0.0
124.0 106.0 0.0
124.0 108.0 0.0
124.0 110.0 0.0
124.0 112.0 0.0
124.0 114.0 0.0
124.0 116.0 0.0
124.0 118.0 0.0
124.0 120.0 0.0
124.0 122.0 0.0
124.0 124.0 0.0
124.0 126.0 0.0
126.0 0.0 0.0
126.0 2.0 0.0
126.0 4.0 0.0
126.0 6.0 0.0
126.0 8.0 0.0
126.0 10.0 0.0
126.0 12.0 0.0
126.0 14.0 0.0
126.0 16.0 0.0
126.0 18.0 0.0
126.0 20.0 0.0
126.0 22.0 0.0
126.0 24.0 0.0
126.0 26.0 0.0
126.0 28.0 0.0
126.0 30.0 0.0
126.0 32.0 0.0
126.0 34.0 0.0
126.0 36.0 0.0
126.0 38.0 0.0
126.0 40.0 0.0
126.0 42.0 0.0
126.0 44.0 0.0
126.0 46.0 0.0
126.0 48.0 0.0
126.0 50.0 0.0
126.0 52.0 0.0
126.0 54.0 0.0
126.0 56.0 0.0
126.0 58.0 0.010994968384695597
126.0 60.0 0.12277120017848521
126.0 62.0 0.2811262560320073
126.0 64.0 0.37406163375510654
126.0 66.0 0.39457682770060415
126.0 68.0 0.3384728580963871
126.0 70.0 0.1632333331844754
126.0 72.0 0.025502472612719804
126.0 74.0 0.0
126.0 76.0 0.0
126.0 78.0 0.0
126.0 80.0 0.0
126.0 82.0 0.0
126.0 84.0 0.0
126.0 86.0 0.0
126.0 88.0 0.0
126.0 90.0 0.0
126.0 92.0 0.0
126.0 94.0 0.0
126.0 96.0 0.0
126.0 98.0 0.0
126.0 100.0 0.0
126.0 102.0 0.0
126.0 104.0 0.0
126.0 106.0 0.0
126.0 108.0 0.0
126.0 110.0 0.0
126.0 112.0 0.0
126.0 114.0 0.0
126.0 116.0 0.0
126.0 118.0 0.0
126.0 120.0 0.0
126.0 122.0 0.0
126.0 124.0 0.0
126.0 126.0 0.0
