0.0 0.0 0.0
0.0 2.0 0.0
0.0 4.0 0.0
0.0 6.0 0.0
0.0 8.0 0.0
0.0 10.0 0.0
0.0 12.0 0.0
0.0 14.0 0.0
0.0 16.0 0.0
0.0 18.0 0.0
0.0 20.0 0.0
0.0 22.0 0.0
0.0 24.0 0.0
0.0 26.0 0.0
0.0 28.0 0.0
0.0 30.0 0.0
0.0 32.0 0.0
0.0 34.0 0.0
0.0 36.0 0.0
0.0 38.0 0.0
0.0 40.0 0.0
0.0 42.0 0.0
0.0 44.0 0.0
0.0 46.0 0.0
0.0 48.0 0.0
0.0 50.0 0.0
0.0 52.0 0.0
0.0 54.0 0.0
0.0 56.0 0.0
0.0 58.0 0.0
0.0 60.0 0.0
0.0 62.0 0.0
0.0 64.0 0.0
0.0 66.0 0.0
0.0 68.0 0.0
0.0 70.0 0.0
0.0 72.0 0.0
0.0 74.0 0.0
0.0 76.0 0.0
0.0 78.0 0.0
0.0 80.0 0.0
0.0 82.0 0.0
0.0 84.0 0.0
0.0 86.0 0.0
0.0 88.0 0.0
0.0 90.0 0.0
0.0 92.0 0.0
0.0 94.0 0.0
0.0 96.0 0.0
0.0 98.0 0.0
0.0 100.0 0.0
0.0 102.0 0.0
0.0 104.0 0.0
0.0 106.0 0.0
0.0 108.0 0.0
0.0 110.0 0.0
0.0 112.0 0.0
0.0 114.0 0.0
0.0 116.0 0.0
0.0 118.0 0.0
0.0 120.0 0.0
0.0 122.0 0.0
0.0 124.0 0.0
0.0 126.0 0.0
2.0 0.0 0.0
2.0 2.0 0.0
2.0 4.0 0.0
2.0 6.0 0.0
2.0 8.0 0.0
2.0 10.0 0.0
2.0 12.0 0.0
2.0 14.0 0.0
2.0 16.0 0.0
2.0 18.0 0.0
2.0 20.0 0.0
2.0 22.0 0.0
2.0 24.0 0.0
2.0 26.0 0.0
2.0 28.0 0.0
2.0 30.0 0.0
2.0 32.0 0.0
2.0 34.0 0.0
2.0 36.0 0.0
2.0 38.0 0.0
2.0 40.0 0.0
2.0 42.0 0.0
2.0 44.0 0.0
2.0 46.0 0.0
2.0 48.0 0.3221015046032105
2.0 50.0 0.36323313723530637
2.0 52.0 0.29246834774250924
2.0 54.0 0.20724407936118142
2.0 56.0 0.09757506182879254
2.0 58.0 0.0013633709433116354
2.0 60.0 0.0
2.0 62.0 0.0
2.0 64.0 0.0
2.0 66.0 0.0
2.0 68.0 0.0
2.0 70.0 0.0
2.0 72.0 0.0
2.0 74.0 0.0
2.0 76.0 0.0550504384435313
2.0 78.0 0.12337116335894703
2.0 80.0 0.0
2.0 82.0 0.0
2.0 84.0 0.0
2.0 86.0 0.0
2.0 88.0 0.0
2.0 90.0 0.0
2.0 92.0 0.0
2.0 94.0 0.0
2.0 96.0 0.0
2.0 98.0 0.0
2.0 100.0 0.0
2.0 102.0 0.0
2.0 104.0 0.0
2.0 106.0 0.0
2.0 108.0 0.0
2.0 110.0 0.0
2.0 112.0 0.0
2.0 114.0 0.0
2.0 116.0 0.0
2.0 118.0 0.0
2.0 120.0 0.0
2.0 122.0 0.0
2.0 124.0 0.0
2.0 126.0 0.0
4.0 0.0 0.0
4.0 2.0 0.0
4.0 4.0 0.0
4.0 6.0 0.0
4.0 8.0 0.0
4.0 10.0 0.0
4.0 12.0 0.0
4.0 14.0 0.0
4.0 16.0 0.0
4.0 18.0 0.0
4.0 20.0 0.0
4.0 22.0 0.0
4.0 24.0 0.0
4.0 26.0 0.0
4.0 28.0 0.0
4.0 30.0 0.0
4.0 32.0 0.0
4.0 34.0 0.0
4.0 36.0 0.0
4.0 38.0 0.0
4.0 40.0 0.0
4.0 42.0 0.30881775430554176
4.0 44.0 0.29522110823476594
4.0 46.0 0.28314151851316177
4.0 48.0 0.2677035127633391
4.0 50.0 0.2324963444128385
4.0 52.0 0.17965530693204626
4.0 54.0 0.0360317906078698
4.0 56.0 0.0
4.0 58.0 0.0
4.0 60.0 0.0
4.0 62.0 0.0
4.0 64.0 0.0
4.0 66.0 0.0
4.0 68.0 0.0
4.0 70.0 0.0
4.0 72.0 0.0
4.0 74.0 0.0
4.0 76.0 0.02911033719533919
4.0 78.0 0.10004415580491394
4.0 80.0 0.14324432987370872
4.0 82.0 0.19235168755800294
4.0 84.0 0.22997557741573263
4.0 86.0 0.0
4.0 88.0 0.0
4.0 90.0 0.0
4.0 92.0 0.0
4.0 94.0 0.0
4.0 96.0 0.0
4.0 98.0 0.0
4.0 100.0 0.0
4.0 102.0 0.0
4.0 104.0 0.0
4.0 106.0 0.0
4.0 108.0 0.0
4.0 110.0 0.0
4.0 112.0 0.0
4.0 114.0 0.0
4.0 116.0 0.0
4.0 118.0 0.0
4.0 120.0 0.0
4.0 122.0 0.0
4.0 124.0 0.0
4.0 126.0 0.0
6.0 0.0 0.0
6.0 2.0 0.0
6.0 4.0 0.0
6.0 6.0 0.0
6.0 8.0 0.0
6.0 10.0 0.0
6.0 12.0 0.0
6.0 14.0 0.0
6.0 16.0 0.0
6.0 18.0 0.0
6.0 20.0 0.0
6.0 22.0 0.0
6.0 24.0 0.0
6.0 26.0 0.0
6.0 28.0 0.0
6.0 30.0 0.0
6.0 32.0 0.0
6.0 34.0 0.0
6.0 36.0 0.0
6.0 38.0 0.1346205258372796
6.0 40.0 0.0567309513446707
6.0 42.0 0.16714633331435727
6.0 44.0 0.2491234288268762
6.0 46.0 0.28817041308176955
6.0 48.0 0.288245134100968
6.0 50.0 0.24779369093719383
6.0 52.0 0.17307818680899703
6.0 54.0 0.019402114783700703
6.0 56.0 0.0
6.0 58.0 0.0
6.0 60.0 0.0
6.0 62.0 0.0
6.0 64.0 0.0
6.0 66.0 0.0
6.0 68.0 0.0
6.0 70.0 0.0
6.0 72.0 0.0
6.0 74.0 0.0
6.0 76.0 0.005430284988071358
6.0 78.0 0.07360227722014454
6.0 80.0 0.119166369462311
6.0 82.0 0.17018860444955197
6.0 84.0 0.2133360880324793
6.0 86.0 0.22124070949341254
6.0 88.0 0.2020520239795017
6.0 90.0 0.11651215924244879
6.0 92.0 0.0
6.0 94.0 0.0
6.0 96.0 0.0
6.0 98.0 0.0
6.0 100.0 0.0
6.0 102.0 0.0
6.0 104.0 0.0
6.0 106.0 0.0
6.0 108.0 0.0
6.0 110.0 0.0
6.0 112.0 0.0
6.0 114.0 0.0
6.0 116.0 0.0
6.0 118.0 0.0
6.0 120.0 0.0
6.0 122.0 0.0
6.0 124.0 0.0
6.0 126.0 0.0
8.0 0.0 0.0
8.0 2.0 0.0
8.0 4.0 0.0
8.0 6.0 0.0
8.0 8.0 0.0
8.0 10.0 0.0
8.0 12.0 0.0
8.0 14.0 0.0
8.0 16.0 0.0
8.0 18.0 0.0
8.0 20.0 0.0
8.0 22.0 0.0
8.0 24.0 0.0
8.0 26.0 0.0
8.0 28.0 0.0
8.0 30.0 0.0
8.0 32.0 0.0
8.0 34.0 0.0018600746519092874
8.0 36.0 0.0
8.0 38.0 0.0
8.0 40.0 0.10512453493709344
8.0 42.0 0.2342620051724971
8.0 44.0 0.3000653754477276
8.0 46.0 0.3372855382554463
8.0 48.0 0.33834166579522124
8.0 50.0 0.2976908089682706
8.0 52.0 0.205389209190731
8.0 54.0 0.0401587205327209
8.0 56.0 0.0
8.0 58.0 0.0
8.0 60.0 0.0
8.0 62.0 0.0
8.0 64.0 0.0
8.0 66.0 0.0
8.0 68.0 0.0
8.0 70.0 0.0
8.0 72.0 0.0
8.0 74.0 0.0
8.0 76.0 0.0
8.0 78.0 0.029108427111184287
8.0 80.0 0.08470935535326735
8.0 82.0 0.13938650958440282
8.0 84.0 0.18696215566480712
8.0 86.0 0.2053771227118479
8.0 88.0 0.21478374815398635
8.0 90.0 0.1719290243373389
8.0 92.0 0.05741682898398689
8.0 94.0 0.0
8.0 96.0 0.0
8.0 98.0 0.0
8.0 100.0 0.0
8.0 102.0 0.0
8.0 104.0 0.0
8.0 106.0 0.0
8.0 108.0 0.0
8.0 110.0 0.0
8.0 112.0 0.0
8.0 114.0 0.0
8.0 116.0 0.0
8.0 118.0 0.0
8.0 120.0 0.0
8.0 122.0 0.0
8.0 124.0 0.0
8.0 126.0 0.0
10.0 0.0 0.0
10.0 2.0 0.0
10.0 4.0 0.0
10.0 6.0 0.0
10.0 8.0 0.0
10.0 10.0 0.0
10.0 12.0 0.0
10.0 14.0 0.0
10.0 16.0 0.0
10.0 18.0 0.0
10.0 20.0 0.0
10.0 22.0 0.0
10.0 24.0 0.0
10.0 26.0 0.0
10.0 28.0 0.0
10.0 30.0 0.0
10.0 32.0 0.0
10.0 34.0 0.0
10.0 36.0 0.0
10.0 38.0 0.06699781318505049
10.0 40.0 0.2115181718987219
10.0 42.0 0.32046691365195334
10.0 44.0 0.3293361880485598
10.0 46.0 0.3492302350541543
10.0 48.0 0.3504675343042279
10.0 50.0 0.3247793531828776
10.0 52.0 0.2301127157795454
10.0 54.0 0.06489373217769821
10.0 56.0 0.0
10.0 58.0 0.0
10.0 60.0 0.0
10.0 62.0 0.0
10.0 64.0 0.0
10.0 66.0 0.0
10.0 68.0 0.0
10.0 70.0 0.0
10.0 72.0 0.0
10.0 74.0 0.0
10.0 76.0 0.0
10.0 78.0 0.0
10.0 80.0 0.048303567069200797
10.0 82.0 0.11124597627304729
10.0 84.0 0.15795842167371868
10.0 86.0 0.18433379103778177
10.0 88.0 0.21237531629380427
10.0 90.0 0.19572834817424922
10.0 92.0 0.11701961002776941
10.0 94.0 0.032986074469535095
10.0 96.0 0.0
10.0 98.0 0.0
10.0 100.0 0.0
10.0 102.0 0.0
10.0 104.0 0.0
10.0 106.0 0.0
10.0 108.0 0.0
10.0 110.0 0.0
10.0 112.0 0.0
10.0 114.0 0.0
10.0 116.0 0.0
10.0 118.0 0.0
10.0 120.0 0.0
10.0 122.0 0.0
10.0 124.0 0.0
10.0 126.0 0.0
12.0 0.0 0.0
12.0 2.0 0.0
12.0 4.0 0.0
12.0 6.0 0.0
12.0 8.0 0.0
12.0 10.0 0.0
12.0 12.0 0.0
12.0 14.0 0.0
12.0 16.0 0.0
12.0 18.0 0.0
12.0 20.0 0.0
12.0 22.0 0.0
12.0 24.0 0.0
12.0 26.0 0.0
12.0 28.0 0.0
12.0 30.0 0.0
12.0 32.0 0.0
12.0 34.0 0.0
12.0 36.0 8.19849322231456E-4
12.0 38.0 0.08971171081157277
12.0 40.0 0.19851781185997364
12.0 42.0 0.2711626278116272
12.0 44.0 0.3159563251816436
12.0 46.0 0.3519027023640491
12.0 48.0 0.3560691084390429
12.0 50.0 0.33736946409482527
12.0 52.0 0.2539412189458264
12.0 54.0 0.09371846680375999
12.0 56.0 0.0
12.0 58.0 0.0
12.0 60.0 0.0
12.0 62.0 0.0
12.0 64.0 0.0
12.0 66.0 0.0
12.0 68.0 0.0
12.0 70.0 0.0
12.0 72.0 0.0
12.0 74.0 0.0
12.0 76.0 0.0
12.0 78.0 0.0
12.0 80.0 0.007497508370492879
12.0 82.0 0.07108578432676682
12.0 84.0 0.11935055808973584
12.0 86.0 0.165061859984158
12.0 88.0 0.1783566183134058
12.0 90.0 0.20087786342616132
12.0 92.0 0.14147669438073698
12.0 94.0 0.07297982707722045
12.0 96.0 0.0036464861454405125
12.0 98.0 0.0
12.0 100.0 0.0
12.0 102.0 0.0
12.0 104.0 0.0
12.0 106.0 0.0
12.0 108.0 0.0
12.0 110.0 0.0
12.0 112.0 0.0
12.0 114.0 0.0
12.0 116.0 0.0
12.0 118.0 0.0
12.0 120.0 0.0
12.0 122.0 0.0
12.0 124.0 0.0
12.0 126.0 0.0
14.0 0.0 0.0
14.0 2.0 0.0
14.0 4.0 0.0
14.0 6.0 0.0
14.0 8.0 0.0
14.0 10.0 0.0
14.0 12.0 0.0
14.0 14.0 0.0
14.0 16.0 0.0
14.0 18.0 0.0
14.0 20.0 0.0
14.0 22.0 0.0
14.0 24.0 0.0
14.0 26.0 0.0
14.0 28.0 0.0
14.0 30.0 0.0
14.0 32.0 0.0
14.0 34.0 0.0
14.0 36.0 4.6174315957672995E-4
14.0 38.0 0.05012502182740212
14.0 40.0 0.162800714388311
14.0 42.0 0.23716260858255622
14.0 44.0 0.3162123315148653
14.0 46.0 0.36066195513662724
14.0 48.0 0.36972813818720046
14.0 50.0 0.33803706253910065
14.0 52.0 0.2577164876581755
14.0 54.0 0.1232251064521222
14.0 56.0 0.0015874466560688125
14.0 58.0 0.0
14.0 60.0 0.0
14.0 62.0 0.0
14.0 64.0 0.0
14.0 66.0 0.0
14.0 68.0 0.0
14.0 70.0 0.0
14.0 72.0 0.0
14.0 74.0 0.0
14.0 76.0 0.0
14.0 78.0 0.0
14.0 80.0 0.0
14.0 82.0 0.030094235168654962
14.0 84.0 0.08841934201992646
14.0 86.0 0.13375365347553583
14.0 88.0 0.1522432614166355
14.0 90.0 0.18222399953125787
14.0 92.0 0.14262244012686262
14.0 94.0 0.09056014237554622
14.0 96.0 0.020505023880750914
14.0 98.0 0.0
14.0 100.0 0.0
14.0 102.0 0.0
14.0 104.0 0.0
14.0 106.0 0.0
14.0 108.0 0.0
14.0 110.0 0.0
14.0 112.0 0.0
14.0 114.0 0.0
14.0 116.0 0.0
14.0 118.0 0.0
14.0 120.0 0.0
14.0 122.0 0.0
14.0 124.0 0.0
14.0 126.0 0.0
16.0 0.0 0.0
16.0 2.0 0.0
16.0 4.0 0.0
16.0 6.0 0.0
16.0 8.0 0.0
16.0 10.0 0.0
16.0 12.0 0.0
16.0 14.0 0.0
16.0 16.0 0.0
16.0 18.0 0.0
16.0 20.0 0.0
16.0 22.0 0.0
16.0 24.0 0.0
16.0 26.0 0.0
16.0 28.0 0.0
16.0 30.0 0.0
16.0 32.0 0.0
16.0 34.0 0.0
16.0 36.0 0.0
16.0 38.0 0.020342459179215063
16.0 40.0 0.11482846623616715
16.0 42.0 0.23771647518591552
16.0 44.0 0.2897021421515069
16.0 46.0 0.31519373605736933
16.0 48.0 0.3778301789164058
16.0 50.0 0.36203785816377293
16.0 52.0 0.2915075164473914
16.0 54.0 0.16531938732526993
16.0 56.0 0.027446913175122045
16.0 58.0 0.0
16.0 60.0 0.0
16.0 62.0 0.0
16.0 64.0 0.0
16.0 66.0 0.0
16.0 68.0 0.0
16.0 70.0 0.0
16.0 72.0 0.0
16.0 74.0 0.0
16.0 76.0 0.0
16.0 78.0 0.0
16.0 80.0 0.0
16.0 82.0 0.005445989270678585
16.0 84.0 0.040946984423973494
16.0 86.0 0.094263984168248
16.0 88.0 0.12705885219837182
16.0 90.0 0.1290886586004287
16.0 92.0 0.11398210498839045
16.0 94.0 0.08567589624378374
16.0 96.0 0.049761810892760584
16.0 98.0 0.007952638574819747
16.0 100.0 0.0
16.0 102.0 0.0
16.0 104.0 0.0
16.0 106.0 0.0
16.0 108.0 0.0
16.0 110.0 0.0
16.0 112.0 0.0
16.0 114.0 0.0
16.0 116.0 0.0
16.0 118.0 0.0
16.0 120.0 0.0
16.0 122.0 0.0
16.0 124.0 0.0
16.0 126.0 0.0
18.0 0.0 0.0
18.0 2.0 0.0
18.0 4.0 0.0
18.0 6.0 0.0
18.0 8.0 0.0
18.0 10.0 0.0
18.0 12.0 0.0
18.0 14.0 0.0
18.0 16.0 0.0
18.0 18.0 0.0
18.0 20.0 0.0
18.0 22.0 0.0
18.0 24.0 0.0
18.0 26.0 0.0
18.0 28.0 0.0
18.0 30.0 0.0
18.0 32.0 0.0
18.0 34.0 0.0
18.0 36.0 0.0024473517644725135
18.0 38.0 0.047477592124164615
18.0 40.0 0.1107483834936606
18.0 42.0 0.2071870827691393
18.0 44.0 0.28318901238955996
18.0 46.0 0.33393415891555595
18.0 48.0 0.3565768455181471
18.0 50.0 0.3765650751329132
18.0 52.0 0.3169129684397531
18.0 54.0 0.2081730927891575
18.0 56.0 0.09813397609056834
18.0 58.0 0.0016798681403210466
18.0 60.0 0.0
18.0 62.0 0.0
18.0 64.0 0.0
18.0 66.0 0.0
18.0 68.0 0.0
18.0 70.0 0.0
18.0 72.0 0.0
18.0 74.0 0.0
18.0 76.0 0.0
18.0 78.0 0.0
18.0 80.0 0.0
18.0 82.0 8.191627540076709E-4
18.0 84.0 0.010657616930597842
18.0 86.0 0.044309333798285964
18.0 88.0 0.07978936177396401
18.0 90.0 0.08614368320468946
18.0 92.0 0.07883565324559759
18.0 94.0 0.06101752849874886
18.0 96.0 0.025379038940894324
18.0 98.0 0.004524571694128448
18.0 100.0 0.0
18.0 102.0 0.0
18.0 104.0 0.0013406737756934807
18.0 106.0 0.01948671093438638
18.0 108.0 0.0
18.0 110.0 0.0
18.0 112.0 0.0
18.0 114.0 0.0
18.0 116.0 0.0
18.0 118.0 0.0
18.0 120.0 0.0
18.0 122.0 0.0
18.0 124.0 0.0
18.0 126.0 0.0
20.0 0.0 0.0
20.0 2.0 0.0
20.0 4.0 0.0
20.0 6.0 0.0
20.0 8.0 0.0
20.0 10.0 0.0
20.0 12.0 0.0
20.0 14.0 0.0
20.0 16.0 0.0
20.0 18.0 0.02417007821401099
20.0 20.0 0.0
20.0 22.0 0.0
20.0 24.0 0.0
20.0 26.0 0.0
20.0 28.0 0.0
20.0 30.0 0.0
20.0 32.0 0.0
20.0 34.0 0.0
20.0 36.0 0.008791093802452323
20.0 38.0 0.06666164469138408
20.0 40.0 0.11445807773318646
20.0 42.0 0.18476000081929875
20.0 44.0 0.2488828793134673
20.0 46.0 0.2994622203683109
20.0 48.0 0.34999900010520607
20.0 50.0 0.35246459916563805
20.0 52.0 0.32532161161808054
20.0 54.0 0.2598528227963886
20.0 56.0 0.16627410948233504
20.0 58.0 0.016668021452518687
20.0 60.0 0.0
20.0 62.0 0.0
20.0 64.0 0.0
20.0 66.0 0.0
20.0 68.0 0.0
20.0 70.0 0.0
20.0 72.0 0.0
20.0 74.0 0.0
20.0 76.0 0.0
20.0 78.0 0.0
20.0 80.0 0.0
20.0 82.0 0.0
20.0 84.0 2.387992425819693E-4
20.0 86.0 0.007415335244372695
20.0 88.0 0.028484340745489608
20.0 90.0 0.03742976349515797
20.0 92.0 0.038209127071444575
20.0 94.0 0.031920646796530734
20.0 96.0 0.01478040176513098
20.0 98.0 0.0028652164466160166
20.0 100.0 1.430846594574081E-4
20.0 102.0 8.34514634953491E-4
20.0 104.0 0.014803347941142445
20.0 106.0 0.08094796314239212
20.0 108.0 0.14723415453183616
20.0 110.0 0.0
20.0 112.0 0.0
20.0 114.0 0.0
20.0 116.0 0.0
20.0 118.0 0.0
20.0 120.0 0.0
20.0 122.0 0.0
20.0 124.0 0.0
20.0 126.0 0.0
22.0 0.0 0.0
22.0 2.0 0.0
22.0 4.0 0.0
22.0 6.0 0.0
22.0 8.0 0.0
22.0 10.0 0.0
22.0 12.0 0.0
22.0 14.0 0.0
22.0 16.0 0.08145882818884477
22.0 18.0 0.0
22.0 20.0 0.0
22.0 22.0 0.0
22.0 24.0 0.0
22.0 26.0 0.0
22.0 28.0 0.0
22.0 30.0 0.0
22.0 32.0 0.0
22.0 34.0 0.0
22.0 36.0 0.005730936846318843
22.0 38.0 0.05378978998509213
22.0 40.0 0.11873159761088115
22.0 42.0 0.17026819375285854
22.0 44.0 0.2215219553704981
22.0 46.0 0.26916187442682604
22.0 48.0 0.3105802197598337
22.0 50.0 0.36741256209956114
22.0 52.0 0.3490986950526382
22.0 54.0 0.32497740015974885
22.0 56.0 0.25824220488473393
22.0 58.0 0.10954812726285425
22.0 60.0 0.0
22.0 62.0 0.0
22.0 64.0 0.0
22.0 66.0 0.0
22.0 68.0 0.0
22.0 70.0 0.0
22.0 72.0 0.0
22.0 74.0 0.0
22.0 76.0 0.0
22.0 78.0 0.0
22.0 80.0 0.0
22.0 82.0 0.0
22.0 84.0 0.0
22.0 86.0 0.0
22.0 88.0 0.004672492424688454
22.0 90.0 0.00957609198247034
22.0 92.0 0.014254074176000638
22.0 94.0 0.010404802962800582
22.0 96.0 0.002740747308195209
22.0 98.0 2.3337034088464877E-4
22.0 100.0 8.932310471778167E-4
22.0 102.0 0.007528168492205853
22.0 104.0 0.04286780959288495
22.0 106.0 0.13255830098893953
22.0 108.0 0.21737701617093094
22.0 110.0 0.30703522366556485
22.0 112.0 0.0
22.0 114.0 0.0
22.0 116.0 0.0
22.0 118.0 0.0
22.0 120.0 0.0
22.0 122.0 0.0
22.0 124.0 0.0
22.0 126.0 0.0
24.0 0.0 0.0
24.0 2.0 0.0
24.0 4.0 0.0
24.0 6.0 0.0
24.0 8.0 0.0
24.0 10.0 0.0
24.0 12.0 0.0
24.0 14.0 0.09355006574957832
24.0 16.0 0.0
24.0 18.0 0.0
24.0 20.0 0.0
24.0 22.0 0.0
24.0 24.0 0.0
24.0 26.0 0.0
24.0 28.0 0.0
24.0 30.0 0.0
24.0 32.0 0.0
24.0 34.0 0.0
24.0 36.0 0.0
24.0 38.0 0.018479357390422446
24.0 40.0 0.06170260837395667
24.0 42.0 0.11400139285625734
24.0 44.0 0.17400813055664058
24.0 46.0 0.2265903870048003
24.0 48.0 0.276580259906435
24.0 50.0 0.3407266725783799
24.0 52.0 0.3567557007164213
24.0 54.0 0.3643252638737812
24.0 56.0 0.3304596820554064
24.0 58.0 0.24005945708313972
24.0 60.0 0.06538627972974569
24.0 62.0 0.0
24.0 64.0 0.0
24.0 66.0 0.0
24.0 68.0 0.0
24.0 70.0 0.0
24.0 72.0 0.0
24.0 74.0 0.0
24.0 76.0 0.0
24.0 78.0 0.0
24.0 80.0 0.0
24.0 82.0 0.0
24.0 84.0 0.0
24.0 86.0 0.0
24.0 88.0 0.0
24.0 90.0 0.0
24.0 92.0 2.201714055845537E-5
24.0 94.0 0.0
24.0 96.0 0.0
24.0 98.0 0.0
24.0 100.0 0.004445646708922004
24.0 102.0 0.029497476944628846
24.0 104.0 0.08485578442281723
24.0 106.0 0.16885814770262567
24.0 108.0 0.27019405327746354
24.0 110.0 0.3400857843825415
24.0 112.0 0.34326326173066296
24.0 114.0 0.0
24.0 116.0 0.0
24.0 118.0 0.0
24.0 120.0 0.0
24.0 122.0 0.0
24.0 124.0 0.0
24.0 126.0 0.0
26.0 0.0 0.0
26.0 2.0 0.0
26.0 4.0 0.0
26.0 6.0 0.0
26.0 8.0 0.0
26.0 10.0 0.0
26.0 12.0 0.0
26.0 14.0 0.05138543768407499
26.0 16.0 0.0
26.0 18.0 0.0
26.0 20.0 0.0
26.0 22.0 0.0
26.0 24.0 0.0
26.0 26.0 0.0
26.0 28.0 0.0
26.0 30.0 0.0
26.0 32.0 0.0
26.0 34.0 0.0
26.0 36.0 0.0
26.0 38.0 0.0
26.0 40.0 0.00932971278495215
26.0 42.0 0.0462838179638754
26.0 44.0 0.10114261236083076
26.0 46.0 0.16193224700950168
26.0 48.0 0.22550738762405229
26.0 50.0 0.30425868221931207
26.0 52.0 0.3511882274085388
26.0 54.0 0.3835170302719861
26.0 56.0 0.39584182367289417
26.0 58.0 0.36688714491001434
26.0 60.0 0.2503663772648
26.0 62.0 0.08581116083012576
26.0 64.0 0.0
26.0 66.0 0.0
26.0 68.0 0.0
26.0 70.0 0.0
26.0 72.0 0.0
26.0 74.0 0.0
26.0 76.0 0.0
26.0 78.0 0.0
26.0 80.0 0.0
26.0 82.0 0.0
26.0 84.0 0.0
26.0 86.0 0.0
26.0 88.0 0.0
26.0 90.0 0.0
26.0 92.0 0.0
26.0 94.0 0.0
26.0 96.0 0.0
26.0 98.0 0.0
26.0 100.0 0.014711616238273028
26.0 102.0 0.07727149613636167
26.0 104.0 0.14448195603296768
26.0 106.0 0.21939750123517668
26.0 108.0 0.2980999845394016
26.0 110.0 0.3450578396255781
26.0 112.0 0.33280686368159756
26.0 114.0 0.18286988922329486
26.0 116.0 0.0
26.0 118.0 0.0
26.0 120.0 0.0
26.0 122.0 0.0
26.0 124.0 0.0
26.0 126.0 0.0
28.0 0.0 0.0
28.0 2.0 0.0
28.0 4.0 0.0
28.0 6.0 0.0
28.0 8.0 0.0
28.0 10.0 0.0
28.0 12.0 0.004079404696964073
28.0 14.0 0.0
28.0 16.0 0.0
28.0 18.0 0.0
28.0 20.0 0.0
28.0 22.0 0.0
28.0 24.0 0.0
28.0 26.0 0.0
28.0 28.0 0.0
28.0 30.0 0.0
28.0 32.0 0.0
28.0 34.0 0.0
28.0 36.0 0.0
28.0 38.0 0.0
28.0 40.0 0.0
28.0 42.0 0.0
28.0 44.0 0.01159807776585302
28.0 46.0 0.06262104328872097
28.0 48.0 0.13063677846884741
28.0 50.0 0.2392825942301862
28.0 52.0 0.3236426695195114
28.0 54.0 0.38931900150759535
28.0 56.0 0.43534196703089506
28.0 58.0 0.46573608576682224
28.0 60.0 0.42415796555396373
28.0 62.0 0.31742180118851193
28.0 64.0 0.16189790854314137
28.0 66.0 0.026835563215336988
28.0 68.0 0.0
28.0 70.0 0.0
28.0 72.0 0.0
28.0 74.0 0.0
28.0 76.0 0.0
28.0 78.0 0.0
28.0 80.0 0.0
28.0 82.0 0.0
28.0 84.0 0.0
28.0 86.0 0.0
28.0 88.0 0.0
28.0 90.0 0.0
28.0 92.0 0.0
28.0 94.0 0.0
28.0 96.0 0.0
28.0 98.0 0.013897545288530018
28.0 100.0 0.08385602110825476
28.0 102.0 0.1673151721201752
28.0 104.0 0.228410575951403
28.0 106.0 0.2759933435368545
28.0 108.0 0.30881769339632115
28.0 110.0 0.3541397217472713
28.0 112.0 0.3139193937351716
28.0 114.0 0.12736893935412183
28.0 116.0 0.0
28.0 118.0 0.0
28.0 120.0 0.0
28.0 122.0 0.0
28.0 124.0 0.0
28.0 126.0 0.0
30.0 0.0 0.0
30.0 2.0 0.0
30.0 4.0 0.0
30.0 6.0 0.0
30.0 8.0 0.0
30.0 10.0 0.0
30.0 12.0 0.0
30.0 14.0 0.0
30.0 16.0 0.0
30.0 18.0 0.0
30.0 20.0 0.007256164931744938
30.0 22.0 0.02888858505035065
30.0 24.0 0.006799541953894057
30.0 26.0 0.0
30.0 28.0 0.0
30.0 30.0 0.0
30.0 32.0 0.0
30.0 34.0 0.0
30.0 36.0 0.0
30.0 38.0 0.0
30.0 40.0 0.0
30.0 42.0 0.0
30.0 44.0 0.0
30.0 46.0 0.0
30.0 48.0 0.045842685555500313
30.0 50.0 0.13454557941249404
30.0 52.0 0.27662174709927506
30.0 54.0 0.3825258051376447
30.0 56.0 0.4412935461835606
30.0 58.0 0.5063127303883869
30.0 60.0 0.5246110951756333
30.0 62.0 0.47842416593228104
30.0 64.0 0.3761277813584605
30.0 66.0 0.18385349505196588
30.0 68.0 0.04272823051444491
30.0 70.0 0.0
30.0 72.0 0.0
30.0 74.0 0.0
30.0 76.0 0.0
30.0 78.0 0.0
30.0 80.0 0.0
30.0 82.0 0.0
30.0 84.0 0.0
30.0 86.0 0.0
30.0 88.0 0.0
30.0 90.0 0.0
30.0 92.0 0.0
30.0 94.0 0.0
30.0 96.0 0.03567001065473277
30.0 98.0 0.10519705664022215
30.0 100.0 0.17793603986996187
30.0 102.0 0.26064335378059816
30.0 104.0 0.3181934287569039
30.0 106.0 0.33762491630713565
30.0 108.0 0.3342779401648455
30.0 110.0 0.30464912261003135
30.0 112.0 0.278808682571351
30.0 114.0 0.05234615952011438
30.0 116.0 0.0
30.0 118.0 0.0
30.0 120.0 0.0
30.0 122.0 0.0
30.0 124.0 0.0
30.0 126.0 0.0
32.0 0.0 0.0
32.0 2.0 0.0
32.0 4.0 0.0
32.0 6.0 0.0
32.0 8.0 0.0
32.0 10.0 0.0
32.0 12.0 0.0
32.0 14.0 0.0
32.0 16.0 0.0
32.0 18.0 0.021488496092567907
32.0 20.0 0.09011838055684507
32.0 22.0 0.09840858732874004
32.0 24.0 0.054325079486203735
32.0 26.0 0.0016786403945939362
32.0 28.0 0.0
32.0 30.0 0.0
32.0 32.0 0.0
32.0 34.0 0.0
32.0 36.0 0.0
32.0 38.0 0.0
32.0 40.0 0.0
32.0 42.0 0.0
32.0 44.0 0.0
32.0 46.0 0.0
32.0 48.0 0.0024474776475002925
32.0 50.0 0.03533774038455835
32.0 52.0 0.2151654762320074
32.0 54.0 0.3564582515975063
32.0 56.0 0.4323715859308505
32.0 58.0 0.5122894717219819
32.0 60.0 0.5545828111579211
32.0 62.0 0.5490017224315734
32.0 64.0 0.4913419100084533
32.0 66.0 0.3423426773200929
32.0 68.0 0.1502808119633546
32.0 70.0 0.008975742433052799
32.0 72.0 0.0
32.0 74.0 0.0
32.0 76.0 0.0
32.0 78.0 0.0
32.0 80.0 0.0
32.0 82.0 0.0
32.0 84.0 0.0
32.0 86.0 0.0
32.0 88.0 0.0
32.0 90.0 0.0
32.0 92.0 0.0
32.0 94.0 0.024325844321898743
32.0 96.0 0.11348847556834275
32.0 98.0 0.1857618043138656
32.0 100.0 0.26157520692321573
32.0 102.0 0.33730396370570076
32.0 104.0 0.3840267356928339
32.0 106.0 0.37800886141330015
32.0 108.0 0.32783170162340336
32.0 110.0 0.2797828454907941
32.0 112.0 0.23115683650590066
32.0 114.0 0.008852268983656398
32.0 116.0 0.0
32.0 118.0 0.0
32.0 120.0 0.0
32.0 122.0 0.0
32.0 124.0 0.0
32.0 126.0 0.0
34.0 0.0 0.0
34.0 2.0 0.0
34.0 4.0 0.0
34.0 6.0 0.0
34.0 8.0 0.0
34.0 10.0 0.0
34.0 12.0 0.0
34.0 14.0 0.0
34.0 16.0 0.06009848013152911
34.0 18.0 0.17746202633520147
34.0 20.0 0.1850883036477092
34.0 22.0 0.16881219470811382
34.0 24.0 0.117287139719271
34.0 26.0 0.030807446073791645
34.0 28.0 0.0
34.0 30.0 0.0
34.0 32.0 0.0
34.0 34.0 0.0
34.0 36.0 0.0
34.0 38.0 0.0
34.0 40.0 0.0
34.0 42.0 0.0
34.0 44.0 0.0
34.0 46.0 0.0
34.0 48.0 0.0
34.0 50.0 0.0257187118928948
34.0 52.0 0.1711430134971568
34.0 54.0 0.3216716200791369
34.0 56.0 0.4375630307275566
34.0 58.0 0.5150350983021774
34.0 60.0 0.557892807354591
34.0 62.0 0.5687811915583213
34.0 64.0 0.5360755143932076
34.0 66.0 0.4507920695319467
34.0 68.0 0.2647151815963938
34.0 70.0 0.07431276139589164
34.0 72.0 0.0
34.0 74.0 0.0
34.0 76.0 0.0
34.0 78.0 0.0
34.0 80.0 0.0
34.0 82.0 0.0
34.0 84.0 0.0
34.0 86.0 0.0
34.0 88.0 0.0
34.0 90.0 0.0
34.0 92.0 0.0013383214036054294
34.0 94.0 0.07358228322764439
34.0 96.0 0.17138809928973017
34.0 98.0 0.2543510404638595
34.0 100.0 0.32835780517854096
34.0 102.0 0.3884011500194575
34.0 104.0 0.37649607402287466
34.0 106.0 0.33697283900077185
34.0 108.0 0.3031596192504322
34.0 110.0 0.2950166472174104
34.0 112.0 0.1644532638617334
34.0 114.0 4.4095733536993866E-5
34.0 116.0 0.0
34.0 118.0 0.0
34.0 120.0 0.0
34.0 122.0 0.0
34.0 124.0 0.0
34.0 126.0 0.0
36.0 0.0 0.0
36.0 2.0 0.0
36.0 4.0 0.0
36.0 6.0 0.0
36.0 8.0 0.0
36.0 10.0 0.0
36.0 12.0 0.0
36.0 14.0 0.0
36.0 16.0 0.12093048151417866
36.0 18.0 0.23966357225864487
36.0 20.0 0.226687155579369
36.0 22.0 0.20221756151190298
36.0 24.0 0.13736172153452333
36.0 26.0 0.04107353220570667
36.0 28.0 0.0
36.0 30.0 0.0
36.0 32.0 0.0
36.0 34.0 0.0
36.0 36.0 0.0
36.0 38.0 0.0
36.0 40.0 0.0
36.0 42.0 0.0
36.0 44.0 0.0
36.0 46.0 0.0
36.0 48.0 0.0
36.0 50.0 0.024869629967908674
36.0 52.0 0.14018953192000652
36.0 54.0 0.27933483631991973
36.0 56.0 0.39950192148766206
36.0 58.0 0.49367559540526723
36.0 60.0 0.5461081740118549
36.0 62.0 0.5694057138402859
36.0 64.0 0.5550158629314426
36.0 66.0 0.48700939692216294
36.0 68.0 0.3382270513921344
36.0 70.0 0.11770012874112849
36.0 72.0 0.0
36.0 74.0 0.0
36.0 76.0 0.0
36.0 78.0 0.0
36.0 80.0 0.0
36.0 82.0 0.0
36.0 84.0 0.0
36.0 86.0 0.0
36.0 88.0 0.0
36.0 90.0 0.0
36.0 92.0 0.00708343604961403
36.0 94.0 0.11556612394454474
36.0 96.0 0.2204925471333129
36.0 98.0 0.30782299801229857
36.0 100.0 0.3674645913078425
36.0 102.0 0.4032903313430476
36.0 104.0 0.33046329531590074
36.0 106.0 0.3140228494533201
36.0 108.0 0.2760363735489348
36.0 110.0 0.25790418142297206
36.0 112.0 0.09183266161650654
36.0 114.0 0.0
36.0 116.0 0.0
36.0 118.0 0.0
36.0 120.0 0.0
36.0 122.0 0.0
36.0 124.0 0.0
36.0 126.0 0.0
38.0 0.0 0.0
38.0 2.0 0.0
38.0 4.0 0.0
38.0 6.0 0.0
38.0 8.0 0.0
38.0 10.0 0.0
38.0 12.0 0.0
38.0 14.0 0.13746081524620193
38.0 16.0 0.30857586119761116
38.0 18.0 0.35924234271273586
38.0 20.0 0.3016049168110999
38.0 22.0 0.24636819489504147
38.0 24.0 0.15751611461809426
38.0 26.0 0.047725978629103494
38.0 28.0 0.0
38.0 30.0 0.0
38.0 32.0 0.0
38.0 34.0 0.0
38.0 36.0 0.0
38.0 38.0 0.0
38.0 40.0 0.0
38.0 42.0 0.0
38.0 44.0 0.0
38.0 46.0 0.0
38.0 48.0 0.0
38.0 50.0 0.017603289846993244
38.0 52.0 0.12443933148368419
38.0 54.0 0.25785977706819
38.0 56.0 0.3793430500066734
38.0 58.0 0.4661731303059921
38.0 60.0 0.5220574267957058
38.0 62.0 0.5502329210116732
38.0 64.0 0.5479251885479415
38.0 66.0 0.4987835793700191
38.0 68.0 0.36497291091263806
38.0 70.0 0.1549202344874476
38.0 72.0 0.010335406122735322
38.0 74.0 0.0
38.0 76.0 0.0
38.0 78.0 0.0
38.0 80.0 0.0
38.0 82.0 0.0
38.0 84.0 0.0
38.0 86.0 0.0
38.0 88.0 0.0
38.0 90.0 0.0
38.0 92.0 0.041466631207861315
38.0 94.0 0.1662719839490786
38.0 96.0 0.27229166103870944
38.0 98.0 0.3409639035963265
38.0 100.0 0.3874647228058333
38.0 102.0 0.3322125310758863
38.0 104.0 0.31928585230231527
38.0 106.0 0.29476245822031194
38.0 108.0 0.24694713062539397
38.0 110.0 0.20239859813758998
38.0 112.0 0.027283726186027767
38.0 114.0 0.0
38.0 116.0 0.0
38.0 118.0 0.0
38.0 120.0 0.0
38.0 122.0 0.0
38.0 124.0 0.0
38.0 126.0 0.0
40.0 0.0 0.0
40.0 2.0 0.0
40.0 4.0 0.0
40.0 6.0 0.0
40.0 8.0 0.0
40.0 10.0 0.0
40.0 12.0 0.019942127365771594
40.0 14.0 0.20268661747328665
40.0 16.0 0.3591762929721234
40.0 18.0 0.39911832708704487
40.0 20.0 0.3662186513445402
40.0 22.0 0.2839345018254512
40.0 24.0 0.14583033024678457
40.0 26.0 0.05875180349019248
40.0 28.0 0.0
40.0 30.0 0.0
40.0 32.0 0.0
40.0 34.0 0.0
40.0 36.0 0.0
40.0 38.0 0.0
40.0 40.0 0.0
40.0 42.0 0.0
40.0 44.0 0.0
40.0 46.0 0.0
40.0 48.0 0.0
40.0 50.0 0.009827087851376752
40.0 52.0 0.10080577237865769
40.0 54.0 0.23252424566936822
40.0 56.0 0.35087000899100457
40.0 58.0 0.4345879703633013
40.0 60.0 0.48764818344655186
40.0 62.0 0.5135327022440755
40.0 64.0 0.512784000969409
40.0 66.0 0.48151927020101354
40.0 68.0 0.38284671336377213
40.0 70.0 0.18866420321399338
40.0 72.0 0.029779116213386816
40.0 74.0 0.0
40.0 76.0 0.0
40.0 78.0 0.0
40.0 80.0 0.0
40.0 82.0 0.0
40.0 84.0 0.0
40.0 86.0 0.0
40.0 88.0 0.0
40.0 90.0 0.0
40.0 92.0 0.08032899447928783
40.0 94.0 0.2009753334538101
40.0 96.0 0.2976634723828042
40.0 98.0 0.3503007079495253
40.0 100.0 0.3842833148701454
40.0 102.0 0.3030498411424181
40.0 104.0 0.2944238308449984
40.0 106.0 0.26185624447945943
40.0 108.0 0.20465143540609207
40.0 110.0 0.1293585986594
40.0 112.0 4.5077171474394777E-4
40.0 114.0 0.0
40.0 116.0 0.0
40.0 118.0 0.0
40.0 120.0 0.0
40.0 122.0 0.0
40.0 124.0 0.0
40.0 126.0 0.0
42.0 0.0 0.0
42.0 2.0 0.0
42.0 4.0 0.0
42.0 6.0 0.0
42.0 8.0 0.0
42.0 10.0 0.012349343585432729
42.0 12.0 0.18595105881713506
42.0 14.0 0.40689192512377614
42.0 16.0 0.47986615512012576
42.0 18.0 0.47357564981720407
42.0 20.0 0.37881650742209344
42.0 22.0 0.2884769997800937
42.0 24.0 0.163628709626934
42.0 26.0 0.04912520509918669
42.0 28.0 0.0
42.0 30.0 0.0
42.0 32.0 0.0
42.0 34.0 0.0
42.0 36.0 0.0
42.0 38.0 0.0
42.0 40.0 0.0
42.0 42.0 0.0
42.0 44.0 0.0
42.0 46.0 0.0
42.0 48.0 0.0
42.0 50.0 0.008136609012138203
42.0 52.0 0.08772180803329539
42.0 54.0 0.20976369541680015
42.0 56.0 0.3215445304371415
42.0 58.0 0.40206554682447887
42.0 60.0 0.4521313826946998
42.0 62.0 0.4750055478453416
42.0 64.0 0.47144422334283176
42.0 66.0 0.44650327203038054
42.0 68.0 0.38159427087800774
42.0 70.0 0.22177122073324318
42.0 72.0 0.05981335600335074
42.0 74.0 0.0
42.0 76.0 0.0
42.0 78.0 0.0
42.0 80.0 0.0
42.0 82.0 0.0
42.0 84.0 0.0
42.0 86.0 0.0
42.0 88.0 0.0
42.0 90.0 0.007031888162931075
42.0 92.0 0.11223966367803391
42.0 94.0 0.21315688841461344
42.0 96.0 0.2920277043761468
42.0 98.0 0.3391634113315762
42.0 100.0 0.3492720189511085
42.0 102.0 0.2863574947116693
42.0 104.0 0.24975928299593045
42.0 106.0 0.21130307007598118
42.0 108.0 0.14455669056960252
42.0 110.0 0.05126914686522385
42.0 112.0 0.0
42.0 114.0 0.0
42.0 116.0 0.0
42.0 118.0 0.0
42.0 120.0 0.0
42.0 122.0 0.0
42.0 124.0 0.0
42.0 126.0 0.0
44.0 0.0 0.0
44.0 2.0 0.0
44.0 4.0 0.0
44.0 6.0 0.0
44.0 8.0 0.0
44.0 10.0 0.043172881939350656
44.0 12.0 0.2624211209749155
44.0 14.0 0.44681262847912545
44.0 16.0 0.49970136488829864
44.0 18.0 0.45687194901091854
44.0 20.0 0.40579927386683773
44.0 22.0 0.29294256103048427
44.0 24.0 0.16135749060049415
44.0 26.0 0.05064255111959784
44.0 28.0 0.0
44.0 30.0 0.0
44.0 32.0 0.0
44.0 34.0 0.0
44.0 36.0 0.0
44.0 38.0 0.0
44.0 40.0 0.0
44.0 42.0 0.0
44.0 44.0 0.0
44.0 46.0 0.0
44.0 48.0 0.0
44.0 50.0 0.006260041593577137
44.0 52.0 0.07280061705761635
44.0 54.0 0.1862354448631239
44.0 56.0 0.2934517621262576
44.0 58.0 0.3710563907973598
44.0 60.0 0.4188548523698809
44.0 62.0 0.4411135660600902
44.0 64.0 0.4396478994510666
44.0 66.0 0.4127231563541404
44.0 68.0 0.353049179697065
44.0 70.0 0.25600450247599804
44.0 72.0 0.09780198844586191
44.0 74.0 0.0
44.0 76.0 0.0
44.0 78.0 0.0
44.0 80.0 0.0
44.0 82.0 0.0
44.0 84.0 0.0
44.0 86.0 0.0
44.0 88.0 0.0
44.0 90.0 0.03312498764484327
44.0 92.0 0.13621475835994368
44.0 94.0 0.22830432897053074
44.0 96.0 0.2748300127270554
44.0 98.0 0.29342735819209215
44.0 100.0 0.2883387650734324
44.0 102.0 0.2574132120306564
44.0 104.0 0.17516143630919567
44.0 106.0 0.13289794336404212
44.0 108.0 0.06392793768154167
44.0 110.0 0.006089335970828741
44.0 112.0 0.0
44.0 114.0 0.0
44.0 116.0 0.0
44.0 118.0 0.0
44.0 120.0 0.0
44.0 122.0 0.0
44.0 124.0 0.0
44.0 126.0 0.0
46.0 0.0 0.0
46.0 2.0 0.0
46.0 4.0 0.0
46.0 6.0 0.0
46.0 8.0 0.0
46.0 10.0 0.07715318963874145
46.0 12.0 0.29407786818118314
46.0 14.0 0.4400729865909822
46.0 16.0 0.4701172373285199
46.0 18.0 0.42335201502576014
46.0 20.0 0.37532172776235456
46.0 22.0 0.27320024510206947
46.0 24.0 0.15204021561227696
46.0 26.0 0.048130954245117735
46.0 28.0 0.0
46.0 30.0 0.0
46.0 32.0 0.0
46.0 34.0 0.0
46.0 36.0 0.0
46.0 38.0 0.0
46.0 40.0 0.0
46.0 42.0 0.0
46.0 44.0 0.0
46.0 46.0 0.0
46.0 48.0 0.0
46.0 50.0 0.005909941729586875
46.0 52.0 0.053247487396675
46.0 54.0 0.15320648941830792
46.0 56.0 0.2559920334012188
46.0 58.0 0.3369606162547006
46.0 60.0 0.386678038417751
46.0 62.0 0.3586116105390156
46.0 64.0 0.34789342641786986
46.0 66.0 0.33375590505390007
46.0 68.0 0.30600505200038947
46.0 70.0 0.27337897470114564
46.0 72.0 0.13619927839731397
46.0 74.0 0.004843099643784741
46.0 76.0 0.0
46.0 78.0 0.0
46.0 80.0 0.0
46.0 82.0 0.0
46.0 84.0 0.0
46.0 86.0 0.0
46.0 88.0 0.0
46.0 90.0 0.0640597125103246
46.0 92.0 0.15141345191756345
46.0 94.0 0.2075274190906424
46.0 96.0 0.23697104403254188
46.0 98.0 0.23227237201541262
46.0 100.0 0.2311427889230601
46.0 102.0 0.18009129487316236
46.0 104.0 0.10415083338134833
46.0 106.0 0.04351762972175235
46.0 108.0 0.008942077062626107
46.0 110.0 0.0
46.0 112.0 0.0
46.0 114.0 0.0
46.0 116.0 0.0
46.0 118.0 0.0
46.0 120.0 0.0
46.0 122.0 0.0
46.0 124.0 0.0
46.0 126.0 0.0
48.0 0.0 0.0
48.0 2.0 0.0
48.0 4.0 0.0
48.0 6.0 0.0
48.0 8.0 0.03212425760798248
48.0 10.0 0.18220228766166377
48.0 12.0 0.30925579077279575
48.0 14.0 0.37341575591505166
48.0 16.0 0.39119290569738424
48.0 18.0 0.3781526740530691
48.0 20.0 0.3377027880146925
48.0 22.0 0.24017678608269047
48.0 24.0 0.14195914647293162
48.0 26.0 0.040000539667160266
48.0 28.0 0.0
48.0 30.0 0.0
48.0 32.0 0.0
48.0 34.0 0.0
48.0 36.0 0.0
48.0 38.0 0.0
48.0 40.0 0.0
48.0 42.0 0.0
48.0 44.0 0.0
48.0 46.0 0.0
48.0 48.0 0.0
48.0 50.0 0.006810034369530739
48.0 52.0 0.031872930549208776
48.0 54.0 0.10733190506820318
48.0 56.0 0.19856603813702986
48.0 58.0 0.2706574211077805
48.0 60.0 0.2839785056787633
48.0 62.0 0.30524345619686843
48.0 64.0 0.3133986610211046
48.0 66.0 0.3047731934901757
48.0 68.0 0.28588085289056275
48.0 70.0 0.2682052702749698
48.0 72.0 0.1439048494116697
48.0 74.0 0.007825977920371407
48.0 76.0 0.0
48.0 78.0 0.0
48.0 80.0 0.0
48.0 82.0 0.0
48.0 84.0 0.0
48.0 86.0 0.0
48.0 88.0 0.0035792760820867165
48.0 90.0 0.0939632730790693
48.0 92.0 0.1732625285524024
48.0 94.0 0.1917904641186897
48.0 96.0 0.20878019775723036
48.0 98.0 0.19199574335275957
48.0 100.0 0.18798721205542898
48.0 102.0 0.12055816143039579
48.0 104.0 0.050102874722287305
48.0 106.0 0.005749255461601942
48.0 108.0 0.0
48.0 110.0 0.0
48.0 112.0 0.0
48.0 114.0 0.0
48.0 116.0 0.0
48.0 118.0 0.0
48.0 120.0 0.0
48.0 122.0 0.0
48.0 124.0 0.0
48.0 126.0 0.0
50.0 0.0 0.0
50.0 2.0 0.0
50.0 4.0 0.0
50.0 6.0 0.0
50.0 8.0 0.03625024233811198
50.0 10.0 0.14367488172086415
50.0 12.0 0.23414050601169598
50.0 14.0 0.290775096432695
50.0 16.0 0.32085560112958306
50.0 18.0 0.3157162199442055
50.0 20.0 0.28759563408993777
50.0 22.0 0.21574622759940498
50.0 24.0 0.1266511571269582
50.0 26.0 0.03021248141156473
50.0 28.0 0.0
50.0 30.0 0.0
50.0 32.0 0.0
50.0 34.0 0.0
50.0 36.0 0.0
50.0 38.0 0.0
50.0 40.0 0.0
50.0 42.0 0.0
50.0 44.0 0.0
50.0 46.0 0.0
50.0 48.0 0.0
50.0 50.0 4.978578503436691E-4
50.0 52.0 0.012963198950520024
50.0 54.0 0.043190815615587304
50.0 56.0 0.10821667522546567
50.0 58.0 0.17941901448711436
50.0 60.0 0.21727874161458127
50.0 62.0 0.24871235440677622
50.0 64.0 0.26644527086297176
50.0 66.0 0.26737745208547176
50.0 68.0 0.2648448367833637
50.0 70.0 0.24064800551501228
50.0 72.0 0.12155794760800025
50.0 74.0 0.004949432119181407
50.0 76.0 0.0
50.0 78.0 0.0
50.0 80.0 0.0
50.0 82.0 0.0
50.0 84.0 0.0
50.0 86.0 0.0
50.0 88.0 0.011415377540362667
50.0 90.0 0.09534823613955738
50.0 92.0 0.15036545961927175
50.0 94.0 0.18438828477238947
50.0 96.0 0.18225383750585633
50.0 98.0 0.15748576396111355
50.0 100.0 0.11629181576721971
50.0 102.0 0.08017682215071595
50.0 104.0 0.018646985774656535
50.0 106.0 0.0
50.0 108.0 0.0
50.0 110.0 0.0
50.0 112.0 0.0
50.0 114.0 0.0
50.0 116.0 0.0
50.0 118.0 0.0
50.0 120.0 0.0
50.0 122.0 0.0
50.0 124.0 0.0
50.0 126.0 0.0
52.0 0.0 0.0
52.0 2.0 0.0
52.0 4.0 0.0
52.0 6.0 0.0
52.0 8.0 0.021595013669447355
52.0 10.0 0.0994424930494916
52.0 12.0 0.17683974071759015
52.0 14.0 0.22908438932885303
52.0 16.0 0.26403526852981446
52.0 18.0 0.26693948533630263
52.0 20.0 0.2517267968982331
52.0 22.0 0.20196543405976078
52.0 24.0 0.11111009202079426
52.0 26.0 0.024319825489010603
52.0 28.0 0.0
52.0 30.0 0.0
52.0 32.0 0.0
52.0 34.0 0.0
52.0 36.0 0.0
52.0 38.0 0.0
52.0 40.0 0.0
52.0 42.0 0.0
52.0 44.0 0.0
52.0 46.0 0.0
52.0 48.0 0.0034160923544549987
52.0 50.0 0.0
52.0 52.0 0.0010951947841221549
52.0 54.0 0.0032064054599898646
52.0 56.0 0.013426754953813293
52.0 58.0 0.04785919655959076
52.0 60.0 0.12453683091691042
52.0 62.0 0.18346985841620153
52.0 64.0 0.21203055313986022
52.0 66.0 0.22299050476850632
52.0 68.0 0.23290458258972024
52.0 70.0 0.18826210638719276
52.0 72.0 0.08054642727076021
52.0 74.0 0.0021980855039700864
52.0 76.0 0.0
52.0 78.0 0.0
52.0 80.0 0.0
52.0 82.0 0.0
52.0 84.0 0.0
52.0 86.0 0.0
52.0 88.0 0.014237244610942626
52.0 90.0 0.0969071023577846
52.0 92.0 0.13494298056432377
52.0 94.0 0.16007793331362977
52.0 96.0 0.15574588513672175
52.0 98.0 0.13244357702230772
52.0 100.0 0.09571700855617375
52.0 102.0 0.05873322083987976
52.0 104.0 0.007258271633980785
52.0 106.0 0.0
52.0 108.0 0.0
52.0 110.0 0.0
52.0 112.0 0.0
52.0 114.0 0.0
52.0 116.0 0.0
52.0 118.0 0.0
52.0 120.0 0.0
52.0 122.0 0.0
52.0 124.0 0.0
52.0 126.0 0.0
54.0 0.0 0.0
54.0 2.0 0.0
54.0 4.0 0.0
54.0 6.0 0.0
54.0 8.0 0.0
54.0 10.0 0.017098351985998714
54.0 12.0 0.1282527608513591
54.0 14.0 0.17692425865312225
54.0 16.0 0.2156408389391299
54.0 18.0 0.2261197183395041
54.0 20.0 0.2173527473079552
54.0 22.0 0.17151507281653214
54.0 24.0 0.09090781079304323
54.0 26.0 0.015682304554162915
54.0 28.0 0.0
54.0 30.0 0.0
54.0 32.0 0.0
54.0 34.0 0.0
54.0 36.0 0.0
54.0 38.0 0.0
54.0 40.0 0.0
54.0 42.0 0.0
54.0 44.0 0.0
54.0 46.0 0.006064946275425253
54.0 48.0 0.0033171996177975734
54.0 50.0 0.0
54.0 52.0 0.0
54.0 54.0 0.0
54.0 56.0 0.0
54.0 58.0 0.0
54.0 60.0 0.016591723078047873
54.0 62.0 0.09553236109624413
54.0 64.0 0.13706232702721777
54.0 66.0 0.15637122449103455
54.0 68.0 0.16268150799691464
54.0 70.0 0.0994662366559139
54.0 72.0 0.01722825296880467
54.0 74.0 0.0
54.0 76.0 9.593340076444597E-5
54.0 78.0 0.0
54.0 80.0 0.0
54.0 82.0 0.0
54.0 84.0 0.0
54.0 86.0 0.0
54.0 88.0 0.026641891882908903
54.0 90.0 0.08995604899220368
54.0 92.0 0.11982087915667156
54.0 94.0 0.13376186667462373
54.0 96.0 0.1315218233856665
54.0 98.0 0.11344635045468543
54.0 100.0 0.08417185691652122
54.0 102.0 0.051622467982892724
54.0 104.0 0.013305477177763385
54.0 106.0 0.0
54.0 108.0 0.0
54.0 110.0 0.0
54.0 112.0 0.0
54.0 114.0 0.0
54.0 116.0 0.0
54.0 118.0 0.0
54.0 120.0 0.0
54.0 122.0 0.0
54.0 124.0 0.0
54.0 126.0 0.0
56.0 0.0 0.0
56.0 2.0 0.0016265191506784384
56.0 4.0 0.0
56.0 6.0 0.0
56.0 8.0 0.0
56.0 10.0 0.004314273160517944
56.0 12.0 0.07429857282124412
56.0 14.0 0.12297728252372025
56.0 16.0 0.15769535617063027
56.0 18.0 0.1803847071629889
56.0 20.0 0.17342499286038185
56.0 22.0 0.1332517566274483
56.0 24.0 0.060904398463577473
56.0 26.0 0.005664995963873633
56.0 28.0 0.0
56.0 30.0 0.0
56.0 32.0 0.0
56.0 34.0 0.0
56.0 36.0 0.0
56.0 38.0 0.0
56.0 40.0 0.0
56.0 42.0 0.0
56.0 44.0 0.016983291685037812
56.0 46.0 0.03870856717257481
56.0 48.0 0.016202623770601242
56.0 50.0 0.0014090697911378887
56.0 52.0 0.0
56.0 54.0 0.0
56.0 56.0 0.0
56.0 58.0 0.0
56.0 60.0 0.0
56.0 62.0 0.0028601952563032003
56.0 64.0 0.03190622508992342
56.0 66.0 0.05883751705484186
56.0 68.0 0.055700045021968535
56.0 70.0 0.01703927825700829
56.0 72.0 0.0
56.0 74.0 0.0
56.0 76.0 6.347952158190536E-4
56.0 78.0 0.0
56.0 80.0 0.0
56.0 82.0 0.0
56.0 84.0 9.696282617943433E-4
56.0 86.0 0.013840301699066313
56.0 88.0 0.03239552142521665
56.0 90.0 0.0735770920019274
56.0 92.0 0.10300036394844904
56.0 94.0 0.10287789250684558
56.0 96.0 0.09051476977065516
56.0 98.0 0.0792700284649152
56.0 100.0 0.05776138772900687
56.0 102.0 0.03662352969470427
56.0 104.0 0.021100138220171524
56.0 106.0 0.01049836974603269
56.0 108.0 0.0
56.0 110.0 0.0
56.0 112.0 0.0
56.0 114.0 0.0
56.0 116.0 0.0
56.0 118.0 0.0
56.0 120.0 0.0
56.0 122.0 0.0
56.0 124.0 0.0
56.0 126.0 0.053023321182029216
58.0 0.0 0.0
58.0 2.0 0.05297721186468952
58.0 4.0 0.0
58.0 6.0 0.0
58.0 8.0 0.0
58.0 10.0 0.0
58.0 12.0 0.022849355918419745
58.0 14.0 0.09107400347012945
58.0 16.0 0.12133357589349357
58.0 18.0 0.13756561326433836
58.0 20.0 0.12069128624826224
58.0 22.0 0.086925931274135
58.0 24.0 0.03420990316346759
58.0 26.0 0.0019800277911905723
58.0 28.0 0.0
58.0 30.0 0.0
58.0 32.0 0.0
58.0 34.0 0.0
58.0 36.0 0.0
58.0 38.0 0.0
58.0 40.0 0.004467070473305257
58.0 42.0 0.05209220921435295
58.0 44.0 0.089312710719396
58.0 46.0 0.10556250481185209
58.0 48.0 0.05923514767437791
58.0 50.0 0.012220115497972082
58.0 52.0 0.0
58.0 54.0 0.0
58.0 56.0 0.0
58.0 58.0 0.0
58.0 60.0 0.0
58.0 62.0 0.0
58.0 64.0 0.0
58.0 66.0 0.0
58.0 68.0 0.0
58.0 70.0 0.0
58.0 72.0 0.0
58.0 74.0 0.0
58.0 76.0 8.1276542624906E-4
58.0 78.0 9.986648772201683E-5
58.0 80.0 0.0
58.0 82.0 0.0019589728714318956
58.0 84.0 0.01431782008177157
58.0 86.0 0.019225459900732166
58.0 88.0 0.023772806594100384
58.0 90.0 0.052916162704218554
58.0 92.0 0.07705076419286964
58.0 94.0 0.08646362847603602
58.0 96.0 0.08258028026864282
58.0 98.0 0.06881346173049765
58.0 100.0 0.052144191421231355
58.0 102.0 0.033021106233848144
58.0 104.0 0.023401445612086888
58.0 106.0 0.0196313426419143
58.0 108.0 0.006302220688206298
58.0 110.0 0.006136394792759411
58.0 112.0 0.0
58.0 114.0 0.0
58.0 116.0 0.0
58.0 118.0 0.0042685657006085705
58.0 120.0 0.02635067952299421
58.0 122.0 0.06384653871225991
58.0 124.0 0.11663740424893869
58.0 126.0 0.22076395684845476
60.0 0.0 0.0
60.0 2.0 0.07206055797535327
60.0 4.0 0.0
60.0 6.0 0.0
60.0 8.0 0.0
60.0 10.0 0.0
60.0 12.0 0.005029578782605941
60.0 14.0 0.058038024144212254
60.0 16.0 0.08377172227784895
60.0 18.0 0.0866180291734951
60.0 20.0 0.07749065369792442
60.0 22.0 0.05664741936929002
60.0 24.0 0.023780855358989123
60.0 26.0 0.0045878782345262015
60.0 28.0 0.0
60.0 30.0 0.0
60.0 32.0 0.0
60.0 34.0 0.0
60.0 36.0 0.0
60.0 38.0 0.00879575843986147
60.0 40.0 0.09208784803500498
60.0 42.0 0.14234156096750156
60.0 44.0 0.16850442669474863
60.0 46.0 0.1830148904655622
60.0 48.0 0.13947049442701004
60.0 50.0 0.034382444995758946
60.0 52.0 0.0
60.0 54.0 0.0
60.0 56.0 0.0
60.0 58.0 0.0
60.0 60.0 0.0
60.0 62.0 0.0
60.0 64.0 0.0
60.0 66.0 0.0
60.0 68.0 0.0
60.0 70.0 0.0
60.0 72.0 0.0
60.0 74.0 0.0
60.0 76.0 3.2513819850625423E-4
60.0 78.0 8.081366989015263E-4
60.0 80.0 0.002876169018509256
60.0 82.0 0.012560668369241142
60.0 84.0 0.019012963548895905
60.0 86.0 0.022762123752183835
60.0 88.0 0.02493143026117017
60.0 90.0 0.04245372932983479
60.0 92.0 0.05481759428274665
60.0 94.0 0.06384118075382118
60.0 96.0 0.06307407990318516
60.0 98.0 0.054223095073858786
60.0 100.0 0.04093355627965988
60.0 102.0 0.02923548017620374
60.0 104.0 0.02462186041102092
60.0 106.0 0.025036617432508335
60.0 108.0 0.027099151918213035
60.0 110.0 0.013071336226117024
60.0 112.0 0.019114695093479402
60.0 114.0 0.021638193711134925
60.0 116.0 0.034463443145885536
60.0 118.0 0.06341054069204499
60.0 120.0 0.11277981362922734
60.0 122.0 0.17086862209139878
60.0 124.0 0.24661626900828137
60.0 126.0 0.3129623267635506
62.0 0.0 0.0
62.0 2.0 0.07741635949868575
62.0 4.0 0.0
62.0 6.0 0.0
62.0 8.0 0.0
62.0 10.0 0.0
62.0 12.0 0.0011290851323292584
62.0 14.0 0.02483753092014109
62.0 16.0 0.040408584099036346
62.0 18.0 0.03749843228236229
62.0 20.0 0.03208458588598864
62.0 22.0 0.025108204792095874
62.0 24.0 0.014127042134678918
62.0 26.0 0.0
62.0 28.0 0.0
62.0 30.0 0.0
62.0 32.0 0.0
62.0 34.0 0.0
62.0 36.0 0.026147915426287208
62.0 38.0 0.12586903731039176
62.0 40.0 0.19213113108677873
62.0 42.0 0.23789425789175667
62.0 44.0 0.2573030595730577
62.0 46.0 0.24425725733959658
62.0 48.0 0.19892159709958368
62.0 50.0 0.0882238388259744
62.0 52.0 3.497077316625213E-4
62.0 54.0 0.0
62.0 56.0 0.0
62.0 58.0 0.0
62.0 60.0 0.0
62.0 62.0 0.0
62.0 64.0 0.0
62.0 66.0 0.0
62.0 68.0 0.0
62.0 70.0 0.0
62.0 72.0 0.0
62.0 74.0 0.0
62.0 76.0 0.0012285154099993696
62.0 78.0 0.0052587665651052246
62.0 80.0 0.008986430769352032
62.0 82.0 0.013005699763032714
62.0 84.0 0.016959176482854596
62.0 86.0 0.02269443561455166
62.0 88.0 0.0305022176852167
62.0 90.0 0.04137786712258341
62.0 92.0 0.045530005625483656
62.0 94.0 0.048205369150098355
62.0 96.0 0.04682770570192233
62.0 98.0 0.04290262635327055
62.0 100.0 0.036200388850198745
62.0 102.0 0.02518292852565528
62.0 104.0 0.02254856676178316
62.0 106.0 0.02497999952805662
62.0 108.0 0.033377265765853904
62.0 110.0 0.03127191268557889
62.0 112.0 0.051646965132765614
62.0 114.0 0.07062836282819354
62.0 116.0 0.09897980331025323
62.0 118.0 0.13046958701413552
62.0 120.0 0.17860524313515555
62.0 122.0 0.23942181134916327
62.0 124.0 0.3065054539341657
62.0 126.0 0.3559496409379968
64.0 0.0 0.0
64.0 2.0 0.07412302991487428
64.0 4.0 0.0
64.0 6.0 0.0
64.0 8.0 0.0
64.0 10.0 0.0
64.0 12.0 0.0
64.0 14.0 0.005181921370315027
64.0 16.0 0.012892694652730725
64.0 18.0 0.011120329082986755
64.0 20.0 0.01191306769988971
64.0 22.0 0.009879132947961953
64.0 24.0 0.0029775755495494685
64.0 26.0 0.0
64.0 28.0 0.0
64.0 30.0 0.0
64.0 32.0 0.0
64.0 34.0 0.04457728516004908
64.0 36.0 0.14616711220895268
64.0 38.0 0.23134440107238818
64.0 40.0 0.3004350229349115
64.0 42.0 0.3443325388866465
64.0 44.0 0.355090971527707
64.0 46.0 0.3264091081599944
64.0 48.0 0.2516303989180269
64.0 50.0 0.11770200259606199
64.0 52.0 0.0010715726438119348
64.0 54.0 0.0
64.0 56.0 0.0
64.0 58.0 0.0
64.0 60.0 0.0
64.0 62.0 0.0
64.0 64.0 0.0
64.0 66.0 0.0
64.0 68.0 0.0
64.0 70.0 0.0
64.0 72.0 0.0
64.0 74.0 0.0
64.0 76.0 0.0016530374764070262
64.0 78.0 0.009310472013384126
64.0 80.0 0.01822106136553574
64.0 82.0 0.024433723092133448
64.0 84.0 0.028315214144829775
64.0 86.0 0.026983827851647713
64.0 88.0 0.021641637770124494
64.0 90.0 0.023518043601465793
64.0 92.0 0.026280746062097488
64.0 94.0 0.029650919968325595
64.0 96.0 0.03291372290920116
64.0 98.0 0.031395740762976555
64.0 100.0 0.027184752947392376
64.0 102.0 0.020327294861521152
64.0 104.0 0.019710924079201716
64.0 106.0 0.023723357402909095
64.0 108.0 0.034380018170033215
64.0 110.0 0.05223209454852773
64.0 112.0 0.08753067914016427
64.0 114.0 0.12008304300795154
64.0 116.0 0.15058264029211968
64.0 118.0 0.17898874130970385
64.0 120.0 0.22664037078291935
64.0 122.0 0.2870462873739567
64.0 124.0 0.33198952671778004
64.0 126.0 0.33862935155016166
66.0 0.0 0.0
66.0 2.0 0.055315543708786365
66.0 4.0 0.0
66.0 6.0 0.0
66.0 8.0 0.0
66.0 10.0 0.0
66.0 12.0 0.0
66.0 14.0 0.0
66.0 16.0 0.0
66.0 18.0 2.881259307983607E-4
66.0 20.0 3.832481552385049E-4
66.0 22.0 2.2458973427135374E-4
66.0 24.0 0.0
66.0 26.0 0.0
66.0 28.0 0.0
66.0 30.0 0.0
66.0 32.0 0.03639240170141654
66.0 34.0 0.14663373476196903
66.0 36.0 0.2379684329302597
66.0 38.0 0.31986902035059367
66.0 40.0 0.38310448097834676
66.0 42.0 0.41859528555487985
66.0 44.0 0.4205485056518423
66.0 46.0 0.3821799947292835
66.0 48.0 0.29350994289829196
66.0 50.0 0.12601630529018087
66.0 52.0 0.0
66.0 54.0 0.0
66.0 56.0 0.0
66.0 58.0 0.0
66.0 60.0 0.0
66.0 62.0 0.0
66.0 64.0 0.0
66.0 66.0 0.0
66.0 68.0 0.0
66.0 70.0 0.0
66.0 72.0 0.0
66.0 74.0 0.0
66.0 76.0 0.005285741874211748
66.0 78.0 0.021599889173239864
66.0 80.0 0.03656043823973496
66.0 82.0 0.04297599396739529
66.0 84.0 0.03573644457921026
66.0 86.0 0.02626781934283631
66.0 88.0 0.020936065710078857
66.0 90.0 0.015265812997348575
66.0 92.0 0.013193208699947417
66.0 94.0 0.01228518180573421
66.0 96.0 0.015956232020647765
66.0 98.0 0.01914822412041432
66.0 100.0 0.014409550674952601
66.0 102.0 0.010047977085663863
66.0 104.0 0.010581573119501217
66.0 106.0 0.0142733110678066
66.0 108.0 0.03207433198521872
66.0 110.0 0.06091393469890339
66.0 112.0 0.10865720486634334
66.0 114.0 0.14992062650620203
66.0 116.0 0.18576985990233955
66.0 118.0 0.21415327092618253
66.0 120.0 0.2688927812257274
66.0 122.0 0.3132410562581849
66.0 124.0 0.3343116201545637
66.0 126.0 0.28971826819432006
68.0 0.0 0.0
68.0 2.0 0.02756594935664709
68.0 4.0 0.0
68.0 6.0 0.0
68.0 8.0 0.0
68.0 10.0 0.0
68.0 12.0 0.0
68.0 14.0 0.0
68.0 16.0 0.0
68.0 18.0 0.0
68.0 20.0 0.0
68.0 22.0 0.0
68.0 24.0 5.376378300962373E-4
68.0 26.0 0.0
68.0 28.0 0.0
68.0 30.0 0.015449225669904365
68.0 32.0 0.10760442140221844
68.0 34.0 0.20943005623417568
68.0 36.0 0.2958538797820059
68.0 38.0 0.371567790666733
68.0 40.0 0.4719848481630944
68.0 42.0 0.4978433731064602
68.0 44.0 0.49316397348646657
68.0 46.0 0.4450015369835496
68.0 48.0 0.33231991509451947
68.0 50.0 0.12318011934266537
68.0 52.0 0.0
68.0 54.0 0.0
68.0 56.0 0.0
68.0 58.0 0.0
68.0 60.0 0.0
68.0 62.0 0.0
68.0 64.0 0.0
68.0 66.0 0.0
68.0 68.0 0.0
68.0 70.0 0.0
68.0 72.0 0.0
68.0 74.0 0.0
68.0 76.0 0.011005835535247551
68.0 78.0 0.033420296993258485
68.0 80.0 0.043569063303126536
68.0 82.0 0.05955660260926222
68.0 84.0 0.05831182031379664
68.0 86.0 0.0392332070441764
68.0 88.0 0.023393093055328436
68.0 90.0 0.009554634421486899
68.0 92.0 0.0024438068325344786
68.0 94.0 0.0
68.0 96.0 0.0
68.0 98.0 1.4575703868929295E-4
68.0 100.0 0.0030239629460775135
68.0 102.0 0.0
68.0 104.0 5.00486795436653E-4
68.0 106.0 0.004368810653512866
68.0 108.0 0.0258046427734642
68.0 110.0 0.06681879252696718
68.0 112.0 0.1249629495731543
68.0 114.0 0.17442874098104802
68.0 116.0 0.21511379042490505
68.0 118.0 0.2682246326528505
68.0 120.0 0.3184629175666129
68.0 122.0 0.32378466200466377
68.0 124.0 0.3304101902674659
68.0 126.0 0.19077757443470092
70.0 0.0 0.0
70.0 2.0 0.004719664340453959
70.0 4.0 0.0
70.0 6.0 0.0
70.0 8.0 0.0
70.0 10.0 0.0
70.0 12.0 0.0
70.0 14.0 0.0
70.0 16.0 0.0
70.0 18.0 0.0
70.0 20.0 0.0
70.0 22.0 0.0
70.0 24.0 0.0
70.0 26.0 0.0
70.0 28.0 0.0
70.0 30.0 0.05153352371920373
70.0 32.0 0.16338659903076155
70.0 34.0 0.2617625400404867
70.0 36.0 0.35451450148835756
70.0 38.0 0.4319651946908449
70.0 40.0 0.49076023190221657
70.0 42.0 0.5130003548070519
70.0 44.0 0.5032528449885697
70.0 46.0 0.45179912629108904
70.0 48.0 0.34161556027505235
70.0 50.0 0.11981425288573759
70.0 52.0 0.0
70.0 54.0 0.0
70.0 56.0 0.0
70.0 58.0 0.0
70.0 60.0 0.0
70.0 62.0 0.0
70.0 64.0 0.0
70.0 66.0 0.0
70.0 68.0 0.0
70.0 70.0 0.0
70.0 72.0 0.0
70.0 74.0 0.0
70.0 76.0 0.020749240217848724
70.0 78.0 0.05733773402734172
70.0 80.0 0.10072957020901181
70.0 82.0 0.12312504650812524
70.0 84.0 0.11773556880869508
70.0 86.0 0.07009524607968531
70.0 88.0 0.026251347495300156
70.0 90.0 0.001920135228983829
70.0 92.0 0.0
70.0 94.0 0.0
70.0 96.0 0.0
70.0 98.0 0.0
70.0 100.0 0.0
70.0 102.0 0.0
70.0 104.0 0.0
70.0 106.0 0.0
70.0 108.0 0.013663103234900198
70.0 110.0 0.06633135791423282
70.0 112.0 0.1363544469959582
70.0 114.0 0.19525542533030096
70.0 116.0 0.2783762054611912
70.0 118.0 0.32914191697621864
70.0 120.0 0.34760216011837164
70.0 122.0 0.3465823660971468
70.0 124.0 0.30648336618698513
70.0 126.0 0.04277626265689435
72.0 0.0 0.0
72.0 2.0 0.0
72.0 4.0 0.0
72.0 6.0 0.0
72.0 8.0 0.0
72.0 10.0 0.0
72.0 12.0 0.0
72.0 14.0 0.0
72.0 16.0 0.0
72.0 18.0 0.0
72.0 20.0 0.0
72.0 22.0 0.0
72.0 24.0 0.0
72.0 26.0 0.0
72.0 28.0 0.0
72.0 30.0 0.07343105514701419
72.0 32.0 0.19224340434256937
72.0 34.0 0.28982276400016066
72.0 36.0 0.38027372300259393
72.0 38.0 0.46342811616714075
72.0 40.0 0.5078068752525364
72.0 42.0 0.5257916102149958
72.0 44.0 0.5142557972782277
72.0 46.0 0.45476485495361624
72.0 48.0 0.32914927927185716
72.0 50.0 0.11508324595850207
72.0 52.0 0.0
72.0 54.0 0.0
72.0 56.0 0.0
72.0 58.0 0.0
72.0 60.0 0.0
72.0 62.0 0.0
72.0 64.0 0.0
72.0 66.0 0.0
72.0 68.0 0.0
72.0 70.0 0.0
72.0 72.0 0.0
72.0 74.0 0.0010338525514055963
72.0 76.0 0.05943951606016948
72.0 78.0 0.13562434018913924
72.0 80.0 0.18956571241173084
72.0 82.0 0.20879658224283437
72.0 84.0 0.1912780121103734
72.0 86.0 0.1291819952943906
72.0 88.0 0.023503078161043495
72.0 90.0 0.0
72.0 92.0 0.0
72.0 94.0 0.0
72.0 96.0 0.0
72.0 98.0 0.0
72.0 100.0 0.0
72.0 102.0 0.0
72.0 104.0 0.0
72.0 106.0 0.0
72.0 108.0 0.001195659147240326
72.0 110.0 0.05660601816665387
72.0 112.0 0.14348518325944062
72.0 114.0 0.2409083318449233
72.0 116.0 0.32698470384155115
72.0 118.0 0.36804155206443984
72.0 120.0 0.384495218265907
72.0 122.0 0.3675535198330186
72.0 124.0 0.2612762126364971
72.0 126.0 0.001587433183588734
74.0 0.0 0.0
74.0 2.0 0.0
74.0 4.0 0.0
74.0 6.0 0.0
74.0 8.0 0.0
74.0 10.0 0.0
74.0 12.0 0.0
74.0 14.0 0.0
74.0 16.0 0.0
74.0 18.0 0.0
74.0 20.0 0.0
74.0 22.0 0.0
74.0 24.0 0.0
74.0 26.0 0.0
74.0 28.0 8.699937354424433E-4
74.0 30.0 0.09646373457484936
74.0 32.0 0.20868092235862004
74.0 34.0 0.29255196362992847
74.0 36.0 0.38434506726900564
74.0 38.0 0.46868554421333125
74.0 40.0 0.5117296735613301
74.0 42.0 0.5313479262055246
74.0 44.0 0.5229574743412763
74.0 46.0 0.4561420422617843
74.0 48.0 0.3163067900899969
74.0 50.0 0.08664744872439108
74.0 52.0 0.0
74.0 54.0 0.0
74.0 56.0 0.0
74.0 58.0 0.0
74.0 60.0 0.0
74.0 62.0 0.0
74.0 64.0 0.0
74.0 66.0 0.0
74.0 68.0 0.0
74.0 70.0 0.0
74.0 72.0 0.0
74.0 74.0 0.01782482753590436
74.0 76.0 0.13387689222941745
74.0 78.0 0.23354084454067417
74.0 80.0 0.2996606377128664
74.0 82.0 0.31223253386937994
74.0 84.0 0.2786240479081067
74.0 86.0 0.20048148243112987
74.0 88.0 0.039648795547749735
74.0 90.0 0.0
74.0 92.0 0.0
74.0 94.0 0.0
74.0 96.0 0.0
74.0 98.0 0.0
74.0 100.0 0.0
74.0 102.0 0.0
74.0 104.0 0.0
74.0 106.0 0.0
74.0 108.0 0.0
74.0 110.0 0.0396351646947637
74.0 112.0 0.14674047579256255
74.0 114.0 0.2557858015350389
74.0 116.0 0.35998967686411604
74.0 118.0 0.409624241603507
74.0 120.0 0.4190248357356208
74.0 122.0 0.38488285730003485
74.0 124.0 0.1943750574602151
74.0 126.0 0.0
76.0 0.0 0.0
76.0 2.0 0.0
76.0 4.0 0.0
76.0 6.0 0.002455925965839688
76.0 8.0 0.02226107361619511
76.0 10.0 0.001069965603987257
76.0 12.0 0.0
76.0 14.0 0.0
76.0 16.0 0.0
76.0 18.0 0.0
76.0 20.0 0.0
76.0 22.0 0.0
76.0 24.0 0.0
76.0 26.0 0.0
76.0 28.0 2.797372035391144E-4
76.0 30.0 0.08532933555407196
76.0 32.0 0.2169338859294577
76.0 34.0 0.3373370577594969
76.0 36.0 0.41480973606071186
76.0 38.0 0.4721849321401725
76.0 40.0 0.5107177059251545
76.0 42.0 0.5253147068900725
76.0 44.0 0.5078682368705038
76.0 46.0 0.4347763188217795
76.0 48.0 0.2860097015038123
76.0 50.0 0.08316951143526174
76.0 52.0 0.0
76.0 54.0 0.0
76.0 56.0 0.0
76.0 58.0 0.0
76.0 60.0 0.0
76.0 62.0 0.0
76.0 64.0 0.0
76.0 66.0 0.0
76.0 68.0 0.0
76.0 70.0 0.0
76.0 72.0 0.0
76.0 74.0 0.10197630633394662
76.0 76.0 0.2368822561803612
76.0 78.0 0.324107751901907
76.0 80.0 0.3646932222207145
76.0 82.0 0.3625371762788741
76.0 84.0 0.36193327602657005
76.0 86.0 0.2707510425476501
76.0 88.0 0.06700971362338447
76.0 90.0 0.0
76.0 92.0 0.0
76.0 94.0 0.0
76.0 96.0 0.0
76.0 98.0 0.0
76.0 100.0 0.0
76.0 102.0 0.0
76.0 104.0 0.0
76.0 106.0 0.0
76.0 108.0 0.0
76.0 110.0 0.024378376407280897
76.0 112.0 0.14435948596709927
76.0 114.0 0.2753082385786844
76.0 116.0 0.3889806544902985
76.0 118.0 0.44105716227469455
76.0 120.0 0.4457116887619108
76.0 122.0 0.3919935648507317
76.0 124.0 0.11587698710780558
76.0 126.0 0.0
78.0 0.0 0.0
78.0 2.0 0.0
78.0 4.0 0.0
78.0 6.0 0.02546394481997792
78.0 8.0 0.08092620435794003
78.0 10.0 0.0749905773754266
78.0 12.0 0.004093682831697341
78.0 14.0 0.0
78.0 16.0 0.0
78.0 18.0 0.0
78.0 20.0 0.0
78.0 22.0 0.0
78.0 24.0 0.0
78.0 26.0 0.0
78.0 28.0 0.0
78.0 30.0 0.053019232107104096
78.0 32.0 0.2031976442889666
78.0 34.0 0.3181863347149156
78.0 36.0 0.3995808968738818
78.0 38.0 0.45927989999169855
78.0 40.0 0.49586560889762027
78.0 42.0 0.504249567359341
78.0 44.0 0.4785460647177537
78.0 46.0 0.40086536927076916
78.0 48.0 0.25411918182728016
78.0 50.0 0.07045231461464675
78.0 52.0 0.0
78.0 54.0 0.0
78.0 56.0 0.0
78.0 58.0 0.0
78.0 60.0 0.0
78.0 62.0 0.0
78.0 64.0 0.0
78.0 66.0 0.0
78.0 68.0 0.0
78.0 70.0 0.0
78.0 72.0 0.039703212145424834
78.0 74.0 0.22433773764485662
78.0 76.0 0.35162103730199695
78.0 78.0 0.4094584281318871
78.0 80.0 0.42639566040367405
78.0 82.0 0.41133429307103836
78.0 84.0 0.40921889727933963
78.0 86.0 0.32621610764875747
78.0 88.0 0.07799512141847223
78.0 90.0 0.0
78.0 92.0 0.0
78.0 94.0 0.0
78.0 96.0 0.0
78.0 98.0 0.0
78.0 100.0 0.0
78.0 102.0 0.0
78.0 104.0 0.0
78.0 106.0 0.0
78.0 108.0 0.0
78.0 110.0 0.007325599282583584
78.0 112.0 0.13406454479035174
78.0 114.0 0.29366610459080605
78.0 116.0 0.4031282778338164
78.0 118.0 0.4630629973522747
78.0 120.0 0.4686622589345533
78.0 122.0 0.394027441713846
78.0 124.0 0.04018876677453534
78.0 126.0 0.0
80.0 0.0 0.0
80.0 2.0 0.0
80.0 4.0 0.0
80.0 6.0 0.048365045429864216
80.0 8.0 0.13032218167157783
80.0 10.0 0.16749068318215563
80.0 12.0 0.08867760539320463
80.0 14.0 0.0
80.0 16.0 0.0
80.0 18.0 0.0
80.0 20.0 0.0
80.0 22.0 0.0
80.0 24.0 0.0
80.0 26.0 0.0
80.0 28.0 0.0
80.0 30.0 0.004365272019007018
80.0 32.0 0.14368345024411297
80.0 34.0 0.2719930727000554
80.0 36.0 0.3647830640652883
80.0 38.0 0.42893250933670585
80.0 40.0 0.4670735366360592
80.0 42.0 0.4734858120093262
80.0 44.0 0.44416367613979757
80.0 46.0 0.34751551200766545
80.0 48.0 0.22663204120687785
80.0 50.0 0.05773255530479712
80.0 52.0 0.0
80.0 54.0 0.0
80.0 56.0 0.0
80.0 58.0 0.0
80.0 60.0 0.0
80.0 62.0 0.0
80.0 64.0 0.0
80.0 66.0 0.0
80.0 68.0 0.0
80.0 70.0 0.003531393960817548
80.0 72.0 0.17076935102399626
80.0 74.0 0.3407464347738254
80.0 76.0 0.40895547118539916
80.0 78.0 0.4387330792947315
80.0 80.0 0.45289445755506136
80.0 82.0 0.4741187106995204
80.0 84.0 0.49780134156307726
80.0 86.0 0.3654035930483579
80.0 88.0 0.06419906593223573
80.0 90.0 0.0
80.0 92.0 0.0
80.0 94.0 0.0
80.0 96.0 0.0
80.0 98.0 0.0
80.0 100.0 0.0
80.0 102.0 0.0
80.0 104.0 0.0
80.0 106.0 0.0
80.0 108.0 0.0
80.0 110.0 0.0012942509807094414
80.0 112.0 0.13163375899021143
80.0 114.0 0.2886533417800811
80.0 116.0 0.4060613633977974
80.0 118.0 0.4734107005152001
80.0 120.0 0.4858993110882148
80.0 122.0 0.3863364860634646
80.0 124.0 0.019938572054528498
80.0 126.0 0.0
82.0 0.0 0.0
82.0 2.0 0.0
82.0 4.0 0.018651500781671507
82.0 6.0 0.1551568032117
82.0 8.0 0.26605581240280246
82.0 10.0 0.30442482980961255
82.0 12.0 0.2318162027333006
82.0 14.0 0.047623630465512955
82.0 16.0 0.0
82.0 18.0 0.0
82.0 20.0 0.0
82.0 22.0 0.0
82.0 24.0 0.0
82.0 26.0 0.0
82.0 28.0 0.0
82.0 30.0 0.0
82.0 32.0 0.04724277991111175
82.0 34.0 0.19266435040882124
82.0 36.0 0.3013957061330703
82.0 38.0 0.3749967342739064
82.0 40.0 0.41963661571107846
82.0 42.0 0.4292979190867973
82.0 44.0 0.3708775799404413
82.0 46.0 0.2890892978112079
82.0 48.0 0.23028041312402256
82.0 50.0 0.03204256433658435
82.0 52.0 0.0
82.0 54.0 0.0
82.0 56.0 0.0
82.0 58.0 0.0
82.0 60.0 0.0
82.0 62.0 0.0
82.0 64.0 0.0
82.0 66.0 0.0
82.0 68.0 0.0
82.0 70.0 0.1023462683640496
82.0 72.0 0.28149289209859013
82.0 74.0 0.39340402977410394
82.0 76.0 0.44880313996494475
82.0 78.0 0.487306875294921
82.0 80.0 0.4939629047399014
82.0 82.0 0.5421546692320793
82.0 84.0 0.5132871765160808
82.0 86.0 0.37171177601977545
82.0 88.0 0.04493324710276799
82.0 90.0 0.0
82.0 92.0 0.0
82.0 94.0 0.0
82.0 96.0 0.0
82.0 98.0 0.0
82.0 100.0 0.0
82.0 102.0 0.0
82.0 104.0 0.0
82.0 106.0 0.0
82.0 108.0 0.0
82.0 110.0 0.0
82.0 112.0 0.08698631674997707
82.0 114.0 0.2774102282887489
82.0 116.0 0.4065927699635357
82.0 118.0 0.47801429595784306
82.0 120.0 0.4978185818120919
82.0 122.0 0.3787470180018306
82.0 124.0 0.01378422310660024
82.0 126.0 0.0
84.0 0.0 0.0
84.0 2.0 0.0
84.0 4.0 0.13444959924447894
84.0 6.0 0.24345553553915364
84.0 8.0 0.3259029601905317
84.0 10.0 0.3409595457914376
84.0 12.0 0.29474514613860225
84.0 14.0 0.16216911192619451
84.0 16.0 0.002219585134882698
84.0 18.0 0.0
84.0 20.0 0.0
84.0 22.0 0.0
84.0 24.0 0.0
84.0 26.0 0.0
84.0 28.0 0.0
84.0 30.0 0.0
84.0 32.0 0.0
84.0 34.0 0.06754606625815533
84.0 36.0 0.21058657941246384
84.0 38.0 0.2964406432651019
84.0 40.0 0.29360653455736746
84.0 42.0 0.29085532939905623
84.0 44.0 0.28612932139208436
84.0 46.0 0.25155499363371797
84.0 48.0 0.20957896147029667
84.0 50.0 0.011572447196157506
84.0 52.0 0.0
84.0 54.0 0.0
84.0 56.0 0.0
84.0 58.0 0.0
84.0 60.0 0.0
84.0 62.0 0.0
84.0 64.0 0.0
84.0 66.0 0.0
84.0 68.0 0.03380372633688961
84.0 70.0 0.19765816547369255
84.0 72.0 0.33588515892820325
84.0 74.0 0.42844492656622074
84.0 76.0 0.4906730498697829
84.0 78.0 0.5199034043388655
84.0 80.0 0.5223298926321176
84.0 82.0 0.5527057033519994
84.0 84.0 0.5105889264977647
84.0 86.0 0.35377926412728344
84.0 88.0 0.026948343039237533
84.0 90.0 0.0
84.0 92.0 0.0
84.0 94.0 0.0
84.0 96.0 0.0
84.0 98.0 0.0
84.0 100.0 0.0
84.0 102.0 0.0
84.0 104.0 0.0
84.0 106.0 0.0
84.0 108.0 0.0
84.0 110.0 0.0
84.0 112.0 0.06278104741712363
84.0 114.0 0.22898020681451536
84.0 116.0 0.394726191549941
84.0 118.0 0.47573983872592057
84.0 120.0 0.5077645434606067
84.0 122.0 0.3979926821841404
84.0 124.0 0.0
84.0 126.0 0.0
86.0 0.0 0.0
86.0 2.0 0.0
86.0 4.0 0.0
86.0 6.0 0.40124367592175414
86.0 8.0 0.3544479804696252
86.0 10.0 0.34471318449013205
86.0 12.0 0.30702609894045857
86.0 14.0 0.21318306218985172
86.0 16.0 0.04697051956696755
86.0 18.0 0.0
86.0 20.0 0.0
86.0 22.0 0.0
86.0 24.0 0.0
86.0 26.0 0.0
86.0 28.0 0.0
86.0 30.0 0.0
86.0 32.0 0.0
86.0 34.0 0.0
86.0 36.0 0.07593381782625457
86.0 38.0 0.18899632645779285
86.0 40.0 0.25178666209579126
86.0 42.0 0.272400755418079
86.0 44.0 0.24653571190499612
86.0 46.0 0.21674984502060005
86.0 48.0 0.17795146385634322
86.0 50.0 0.007229516125327688
86.0 52.0 0.0
86.0 54.0 0.0
86.0 56.0 0.0
86.0 58.0 0.0
86.0 60.0 0.0
86.0 62.0 0.0
86.0 64.0 0.0
86.0 66.0 0.0010989154838380115
86.0 68.0 0.10513166191602985
86.0 70.0 0.2490360144040539
86.0 72.0 0.3714432530195302
86.0 74.0 0.4516186371854589
86.0 76.0 0.4923588361140106
86.0 78.0 0.5109251898015228
86.0 80.0 0.503135073104016
86.0 82.0 0.5337812412597606
86.0 84.0 0.5020048341589198
86.0 86.0 0.3121310513389697
86.0 88.0 0.01862294291228878
86.0 90.0 0.0
86.0 92.0 0.0
86.0 94.0 0.0
86.0 96.0 0.0
86.0 98.0 0.0
86.0 100.0 0.0
86.0 102.0 0.0
86.0 104.0 0.0
86.0 106.0 0.0
86.0 108.0 0.0
86.0 110.0 0.0
86.0 112.0 0.03195207520016194
86.0 114.0 0.21613996533656762
86.0 116.0 0.3752566352732716
86.0 118.0 0.4624894884372484
86.0 120.0 0.5156436455751751
86.0 122.0 0.4407013832096502
86.0 124.0 0.0
86.0 126.0 0.0
88.0 0.0 0.0
88.0 2.0 0.0
88.0 4.0 0.0
88.0 6.0 0.43219098528270267
88.0 8.0 0.3490140885322379
88.0 10.0 0.3374601731237881
88.0 12.0 0.3054631654909746
88.0 14.0 0.23011997936190132
88.0 16.0 0.09020275788949533
88.0 18.0 0.0
88.0 20.0 0.0
88.0 22.0 0.0
88.0 24.0 0.0
88.0 26.0 0.0
88.0 28.0 0.0
88.0 30.0 0.0
88.0 32.0 0.0
88.0 34.0 0.0
88.0 36.0 0.010123789033442554
88.0 38.0 0.12078979066844564
88.0 40.0 0.17919436082757287
88.0 42.0 0.19809891909099722
88.0 44.0 0.20699404919626938
88.0 46.0 0.2185075952842148
88.0 48.0 0.13715217467645796
88.0 50.0 0.020224090145499092
88.0 52.0 0.0
88.0 54.0 0.0
88.0 56.0 0.0
88.0 58.0 0.0
88.0 60.0 0.0
88.0 62.0 0.0
88.0 64.0 0.0
88.0 66.0 0.03093964874548653
88.0 68.0 0.16068090285557535
88.0 70.0 0.29754057973754455
88.0 72.0 0.4061511643983124
88.0 74.0 0.401857938080419
88.0 76.0 0.44480953481622215
88.0 78.0 0.46444300010595835
88.0 80.0 0.5412797909870698
88.0 82.0 0.5521121621916213
88.0 84.0 0.4941294578946997
88.0 86.0 0.2641782872574914
88.0 88.0 0.001653536011351046
88.0 90.0 0.0
88.0 92.0 0.0
88.0 94.0 0.0
88.0 96.0 0.0
88.0 98.0 0.0
88.0 100.0 0.0
88.0 102.0 0.0
88.0 104.0 0.0
88.0 106.0 0.0
88.0 108.0 0.0
88.0 110.0 0.0
88.0 112.0 0.008775289858184617
88.0 114.0 0.19085987478156874
88.0 116.0 0.35274184987516977
88.0 118.0 0.40310483005344405
88.0 120.0 0.5045909602516786
88.0 122.0 0.47982040820545097
88.0 124.0 0.0
88.0 126.0 0.0
90.0 0.0 0.0
90.0 2.0 0.0
90.0 4.0 0.0
90.0 6.0 0.4396435490931665
90.0 8.0 0.3364060131793131
90.0 10.0 0.3292645806682691
90.0 12.0 0.2988734767309679
90.0 14.0 0.23449111628290398
90.0 16.0 0.10940174809769641
90.0 18.0 9.34701988749967E-4
90.0 20.0 0.0
90.0 22.0 0.0
90.0 24.0 0.0
90.0 26.0 0.0
90.0 28.0 0.0
90.0 30.0 0.0
90.0 32.0 0.0
90.0 34.0 0.0
90.0 36.0 0.0024681747696336455
90.0 38.0 0.06295526359884814
90.0 40.0 0.14045845897804518
90.0 42.0 0.18181166289758113
90.0 44.0 0.18011734041426267
90.0 46.0 0.15158923174453542
90.0 48.0 0.09315830298269169
90.0 50.0 0.022711791252366515
90.0 52.0 0.0
90.0 54.0 0.0
90.0 56.0 0.0
90.0 58.0 0.0
90.0 60.0 0.0
90.0 62.0 0.0
90.0 64.0 0.0
90.0 66.0 0.04392404988725477
90.0 68.0 0.14034829753469788
90.0 70.0 0.2643527900474568
90.0 72.0 0.39117238876603927
90.0 74.0 0.3797194075841304
90.0 76.0 0.4264382362629528
90.0 78.0 0.4460401208653772
90.0 80.0 0.46277890930340937
90.0 82.0 0.5452736120940707
90.0 84.0 0.46209537728962496
90.0 86.0 0.2205176964271716
90.0 88.0 0.0
90.0 90.0 0.0
90.0 92.0 0.0
90.0 94.0 0.0
90.0 96.0 0.0
90.0 98.0 0.0
90.0 100.0 0.0
90.0 102.0 0.0
90.0 104.0 0.0
90.0 106.0 0.0
90.0 108.0 0.0
90.0 110.0 0.0
90.0 112.0 0.001766267498021168
90.0 114.0 0.15153943663592975
90.0 116.0 0.3023996729519561
90.0 118.0 0.4219098579778286
90.0 120.0 0.4724806199933662
90.0 122.0 0.0
90.0 124.0 0.0
90.0 126.0 0.0
92.0 0.0 0.0
92.0 2.0 0.0
92.0 4.0 0.0
92.0 6.0 0.0
92.0 8.0 0.4845523603317881
92.0 10.0 0.33853947387421385
92.0 12.0 0.3035385938188822
92.0 14.0 0.24968031578857353
92.0 16.0 0.15304325572373087
92.0 18.0 0.007179257131784248
92.0 20.0 0.0
92.0 22.0 0.0
92.0 24.0 0.0
92.0 26.0 0.0
92.0 28.0 0.0
92.0 30.0 0.0
92.0 32.0 0.0
92.0 34.0 0.0
92.0 36.0 6.01394793778311E-6
92.0 38.0 0.01984007267863705
92.0 40.0 0.07789632129847326
92.0 42.0 0.13254021441021166
92.0 44.0 0.14733917131629615
92.0 46.0 0.12068697326798426
92.0 48.0 0.06428975277221388
92.0 50.0 0.020945940547174496
92.0 52.0 0.0
92.0 54.0 0.0
92.0 56.0 0.0
92.0 58.0 0.0
92.0 60.0 0.0
92.0 62.0 0.0
92.0 64.0 0.012368381367580408
92.0 66.0 0.0364010691311105
92.0 68.0 0.08602455219353748
92.0 70.0 0.19630077582337305
92.0 72.0 0.3407416843111674
92.0 74.0 0.3555221045894133
92.0 76.0 0.3926134608466472
92.0 78.0 0.41689090780381033
92.0 80.0 0.43211779187165367
92.0 82.0 0.5031387227706193
92.0 84.0 0.413288252469661
92.0 86.0 0.20346629444490005
92.0 88.0 0.0
92.0 90.0 0.0
92.0 92.0 0.0
92.0 94.0 0.0
92.0 96.0 0.0
92.0 98.0 0.0
92.0 100.0 0.0
92.0 102.0 0.0
92.0 104.0 0.0
92.0 106.0 0.0
92.0 108.0 0.0
92.0 110.0 0.0
92.0 112.0 0.0
92.0 114.0 0.11138160247517458
92.0 116.0 0.2743430337499252
92.0 118.0 0.4071843338074741
92.0 120.0 0.4276098596961118
92.0 122.0 0.0
92.0 124.0 0.0
92.0 126.0 0.0
94.0 0.0 0.0
94.0 2.0 0.0
94.0 4.0 0.0
94.0 6.0 0.0
94.0 8.0 0.4635428848147632
94.0 10.0 0.3331882411384098
94.0 12.0 0.29259763823661467
94.0 14.0 0.23911914815197075
94.0 16.0 0.14474084355996786
94.0 18.0 0.008686161405524969
94.0 20.0 0.0
94.0 22.0 0.0
94.0 24.0 0.0
94.0 26.0 0.0
94.0 28.0 0.0
94.0 30.0 0.0
94.0 32.0 0.0
94.0 34.0 0.0
94.0 36.0 0.0
94.0 38.0 0.008203705849981096
94.0 40.0 0.03862017263851806
94.0 42.0 0.0759336406839942
94.0 44.0 0.1043572769356413
94.0 46.0 0.08736193815328049
94.0 48.0 0.04942438653520919
94.0 50.0 0.017656749759953162
94.0 52.0 0.00659721884726482
94.0 54.0 0.0
94.0 56.0 0.0
94.0 58.0 0.0
94.0 60.0 0.0
94.0 62.0 0.0024625232091795538
94.0 64.0 0.014205407741598225
94.0 66.0 0.024355120071302153
94.0 68.0 0.03393631804133914
94.0 70.0 0.10702481202731001
94.0 72.0 0.2393299647754631
94.0 74.0 0.3124658189991496
94.0 76.0 0.3388078065559037
94.0 78.0 0.38136103656668974
94.0 80.0 0.39208943559664816
94.0 82.0 0.4489351204623955
94.0 84.0 0.3641684911934879
94.0 86.0 0.2058529711058279
94.0 88.0 5.116615787620671E-4
94.0 90.0 0.0
94.0 92.0 0.0
94.0 94.0 0.0
94.0 96.0 0.0
94.0 98.0 0.0
94.0 100.0 0.0
94.0 102.0 0.0
94.0 104.0 0.0
94.0 106.0 0.0
94.0 108.0 0.0
94.0 110.0 0.0
94.0 112.0 0.0
94.0 114.0 0.08904706458877532
94.0 116.0 0.2679010037550582
94.0 118.0 0.3554089330587343
94.0 120.0 0.0
94.0 122.0 0.0
94.0 124.0 0.0
94.0 126.0 0.0
96.0 0.0 0.0
96.0 2.0 0.0
96.0 4.0 0.0
96.0 6.0 0.0
96.0 8.0 0.0
96.0 10.0 0.446067687907882
96.0 12.0 0.3250888783749755
96.0 14.0 0.26274354394078275
96.0 16.0 0.1695085940178377
96.0 18.0 0.03075818424268506
96.0 20.0 0.0
96.0 22.0 0.0
96.0 24.0 0.0
96.0 26.0 0.0
96.0 28.0 0.0
96.0 30.0 0.0
96.0 32.0 0.0
96.0 34.0 0.0
96.0 36.0 6.058486741511512E-6
96.0 38.0 0.004297397592135905
96.0 40.0 0.024752671490774217
96.0 42.0 0.05694507323040273
96.0 44.0 0.08294094843896864
96.0 46.0 0.08176263266545418
96.0 48.0 0.0572878966051354
96.0 50.0 0.027123640588336467
96.0 52.0 0.016229156852657158
96.0 54.0 0.003988826991267079
96.0 56.0 2.7981346419900927E-4
96.0 58.0 0.0
96.0 60.0 0.0
96.0 62.0 1.584674196843771E-4
96.0 64.0 0.004198201274406808
96.0 66.0 0.011221763512606
96.0 68.0 0.014968422189255445
96.0 70.0 0.04055350572583125
96.0 72.0 0.1439118343347653
96.0 74.0 0.24575687161176982
96.0 76.0 0.32308702024747427
96.0 78.0 0.33358532268767965
96.0 80.0 0.3465037863564005
96.0 82.0 0.3242007922132823
96.0 84.0 0.31690211108544064
96.0 86.0 0.2098803722285051
96.0 88.0 0.03707735963007026
96.0 90.0 0.0
96.0 92.0 0.0
96.0 94.0 0.0
96.0 96.0 0.0
96.0 98.0 0.0
96.0 100.0 0.0
96.0 102.0 0.0
96.0 104.0 0.0
96.0 106.0 0.0
96.0 108.0 0.0
96.0 110.0 0.0
96.0 112.0 0.0
96.0 114.0 0.08056952996107507
96.0 116.0 0.24193511763128026
96.0 118.0 0.3266182374801591
96.0 120.0 0.0
96.0 122.0 0.0
96.0 124.0 0.0
96.0 126.0 0.0
98.0 0.0 0.0
98.0 2.0 0.0
98.0 4.0 0.0
98.0 6.0 0.0
98.0 8.0 0.0
98.0 10.0 0.0
98.0 12.0 0.4269722738112058
98.0 14.0 0.27654343990416325
98.0 16.0 0.19038212361353082
98.0 18.0 0.05539156172449483
98.0 20.0 0.0
98.0 22.0 0.0
98.0 24.0 0.0
98.0 26.0 0.0
98.0 28.0 0.0
98.0 30.0 0.0
98.0 32.0 0.0
98.0 34.0 0.0
98.0 36.0 1.9588631508497475E-4
98.0 38.0 0.003697492170348604
98.0 40.0 0.01707856981609214
98.0 42.0 0.05703291581297377
98.0 44.0 0.09177991489142663
98.0 46.0 0.0987500969284504
98.0 48.0 0.07494125214948093
98.0 50.0 0.049887628626176295
98.0 52.0 0.025792502451013433
98.0 54.0 0.008407520748786689
98.0 56.0 0.0
98.0 58.0 0.0
98.0 60.0 0.0
98.0 62.0 0.0
98.0 64.0 0.0
98.0 66.0 4.7151485969816067E-4
98.0 68.0 0.00571341209508312
98.0 70.0 0.019903212888733954
98.0 72.0 0.06256800529876556
98.0 74.0 0.1453158558319847
98.0 76.0 0.22630542351243868
98.0 78.0 0.2856991334604568
98.0 80.0 0.2819842557431448
98.0 82.0 0.2744596847576703
98.0 84.0 0.2381197133432337
98.0 86.0 0.1977846791740954
98.0 88.0 0.07495610127703314
98.0 90.0 1.6407625298018948E-4
98.0 92.0 0.0
98.0 94.0 0.0
98.0 96.0 0.0
98.0 98.0 0.0
98.0 100.0 0.0
98.0 102.0 0.0
98.0 104.0 0.0
98.0 106.0 0.0
98.0 108.0 0.0
98.0 110.0 0.0
98.0 112.0 9.210146265205467E-5
98.0 114.0 0.08805631757486515
98.0 116.0 0.2262673594506491
98.0 118.0 0.0
98.0 120.0 0.0
98.0 122.0 0.0
98.0 124.0 0.0
98.0 126.0 0.0
100.0 0.0 0.0
100.0 2.0 0.0
100.0 4.0 0.0
100.0 6.0 0.0
100.0 8.0 0.0
100.0 10.0 0.0
100.0 12.0 0.4264768704501967
100.0 14.0 0.2974384232231772
100.0 16.0 0.1964671430878269
100.0 18.0 0.04795454035577736
100.0 20.0 0.0
100.0 22.0 0.0
100.0 24.0 0.0
100.0 26.0 0.0
100.0 28.0 0.0
100.0 30.0 0.0
100.0 32.0 0.0
100.0 34.0 0.0
100.0 36.0 0.0
100.0 38.0 0.004692694680450714
100.0 40.0 0.021618174319371495
100.0 42.0 0.07284691333375508
100.0 44.0 0.11675626612041713
100.0 46.0 0.11865752425964309
100.0 48.0 0.0956779631938434
100.0 50.0 0.07721536652189931
100.0 52.0 0.03742308126837343
100.0 54.0 0.012719867597448633
100.0 56.0 0.0
100.0 58.0 0.0
100.0 60.0 0.0
100.0 62.0 0.0
100.0 64.0 0.0
100.0 66.0 0.0
100.0 68.0 0.0
100.0 70.0 0.011159353588819775
100.0 72.0 0.03144617587050867
100.0 74.0 0.0616368939625013
100.0 76.0 0.13097498906441038
100.0 78.0 0.20175686369786786
100.0 80.0 0.2146458049818417
100.0 82.0 0.225791422304064
100.0 84.0 0.20463777514913659
100.0 86.0 0.16293816338407777
100.0 88.0 0.10806309261559337
100.0 90.0 0.006700914707293587
100.0 92.0 0.0
100.0 94.0 0.0
100.0 96.0 0.0
100.0 98.0 0.0
100.0 100.0 0.0
100.0 102.0 0.0
100.0 104.0 0.0
100.0 106.0 0.0
100.0 108.0 0.0
100.0 110.0 0.0
100.0 112.0 0.007343135912408317
100.0 114.0 0.11463918153682147
100.0 116.0 0.0
100.0 118.0 0.0
100.0 120.0 0.0
100.0 122.0 0.0
100.0 124.0 0.0
100.0 126.0 0.0
102.0 0.0 0.0
102.0 2.0 0.0
102.0 4.0 0.0
102.0 6.0 0.0
102.0 8.0 0.0
102.0 10.0 0.0
102.0 12.0 0.0
102.0 14.0 0.38882186579752726
102.0 16.0 0.26994958424226206
102.0 18.0 0.1037348745576091
102.0 20.0 0.009699239051215695
102.0 22.0 0.0
102.0 24.0 0.0
102.0 26.0 0.0
102.0 28.0 0.0
102.0 30.0 0.0
102.0 32.0 0.0
102.0 34.0 0.0
102.0 36.0 3.1883622284839015E-6
102.0 38.0 0.0032964833015018276
102.0 40.0 0.04200545619950862
102.0 42.0 0.11255364174561676
102.0 44.0 0.14599530407827055
102.0 46.0 0.14583413313267793
102.0 48.0 0.11369842672977315
102.0 50.0 0.09214557900933958
102.0 52.0 0.04938245550590286
102.0 54.0 0.013617746141811375
102.0 56.0 0.0
102.0 58.0 0.0
102.0 60.0 0.0
102.0 62.0 0.0
102.0 64.0 0.0
102.0 66.0 0.0
102.0 68.0 0.0
102.0 70.0 0.0012730870546057542
102.0 72.0 0.01673047022156681
102.0 74.0 0.027849568483129552
102.0 76.0 0.050292894787263655
102.0 78.0 0.10516167611904974
102.0 80.0 0.14943880412626961
102.0 82.0 0.1758096693767154
102.0 84.0 0.17066004193916814
102.0 86.0 0.14799380270950638
102.0 88.0 0.13000779481326843
102.0 90.0 0.051407190177510574
102.0 92.0 0.012171172453104331
102.0 94.0 0.0
102.0 96.0 0.0
102.0 98.0 0.0
102.0 100.0 0.0
102.0 102.0 0.0
102.0 104.0 0.0
102.0 106.0 0.0
102.0 108.0 0.0
102.0 110.0 0.0
102.0 112.0 0.05481002310204788
102.0 114.0 0.0
102.0 116.0 0.0
102.0 118.0 0.0
102.0 120.0 0.0
102.0 122.0 0.0
102.0 124.0 0.0
102.0 126.0 0.0
104.0 0.0 0.0
104.0 2.0 0.0
104.0 4.0 0.0
104.0 6.0 0.0
104.0 8.0 0.0
104.0 10.0 0.0
104.0 12.0 0.0
104.0 14.0 0.0
104.0 16.0 0.3335452375033509
104.0 18.0 0.1827885397397565
104.0 20.0 0.03191301951488656
104.0 22.0 0.0
104.0 24.0 0.0
104.0 26.0 0.0
104.0 28.0 0.0
104.0 30.0 0.0
104.0 32.0 0.0
104.0 34.0 0.0
104.0 36.0 0.0
104.0 38.0 0.008360991637126626
104.0 40.0 0.08124685214740095
104.0 42.0 0.15642306201829742
104.0 44.0 0.18310205036754845
104.0 46.0 0.179482034327748
104.0 48.0 0.13439254099018857
104.0 50.0 0.10741932618962173
104.0 52.0 0.05704718578055096
104.0 54.0 0.011540218403296554
104.0 56.0 0.0
104.0 58.0 0.0
104.0 60.0 0.0
104.0 62.0 0.0
104.0 64.0 0.0
104.0 66.0 0.0
104.0 68.0 0.0
104.0 70.0 2.3553557824536168E-4
104.0 72.0 0.012546744972567673
104.0 74.0 0.01182583359768113
104.0 76.0 0.022406281110443366
104.0 78.0 0.026234693685736724
104.0 80.0 0.08718183618521859
104.0 82.0 0.1383513559311261
104.0 84.0 0.150895028964505
104.0 86.0 0.1377212688370055
104.0 88.0 0.13529704032647974
104.0 90.0 0.08110736286268667
104.0 92.0 0.050661968599019336
104.0 94.0 0.019339679430343273
104.0 96.0 4.452126693121815E-5
104.0 98.0 0.0
104.0 100.0 0.0
104.0 102.0 0.0
104.0 104.0 0.0
104.0 106.0 0.0
104.0 108.0 6.694749682352895E-4
104.0 110.0 0.024883798074119723
104.0 112.0 0.1143977849928544
104.0 114.0 0.0
104.0 116.0 0.0
104.0 118.0 0.0
104.0 120.0 0.0
104.0 122.0 0.0
104.0 124.0 0.0
104.0 126.0 0.0
106.0 0.0 0.0
106.0 2.0 0.0
106.0 4.0 0.0
106.0 6.0 0.0
106.0 8.0 0.0
106.0 10.0 0.0
106.0 12.0 0.0
106.0 14.0 0.0
106.0 16.0 0.0
106.0 18.0 0.15510250936587391
106.0 20.0 0.014072397294021197
106.0 22.0 0.0
106.0 24.0 0.0
106.0 26.0 0.0
106.0 28.0 0.0
106.0 30.0 0.0
106.0 32.0 0.0
106.0 34.0 0.0
106.0 36.0 0.0
106.0 38.0 0.02838660306497223
106.0 40.0 0.13774406580650533
106.0 42.0 0.20646332587949398
106.0 44.0 0.226430703789133
106.0 46.0 0.2187738970395763
106.0 48.0 0.1550432617002553
106.0 50.0 0.12070281375438618
106.0 52.0 0.06383198338183796
106.0 54.0 0.011007517263806997
106.0 56.0 0.0
106.0 58.0 0.0
106.0 60.0 0.0
106.0 62.0 0.0
106.0 64.0 0.0
106.0 66.0 0.0
106.0 68.0 0.0
106.0 70.0 0.0
106.0 72.0 0.005935081302534769
106.0 74.0 0.01126795253972491
106.0 76.0 0.014260692222908855
106.0 78.0 0.010438963969545264
106.0 80.0 0.034335796843578646
106.0 82.0 0.11017711834007489
106.0 84.0 0.13526771199446244
106.0 86.0 0.12648644786160224
106.0 88.0 0.12922069183241341
106.0 90.0 0.09652234726806493
106.0 92.0 0.0825577207210245
106.0 94.0 0.0414857913424676
106.0 96.0 0.01744262375396823
106.0 98.0 0.0
106.0 100.0 0.0
106.0 102.0 0.0
106.0 104.0 0.0
106.0 106.0 0.004332359734119472
106.0 108.0 0.02101163772054653
106.0 110.0 0.08221435716966474
106.0 112.0 0.0
106.0 114.0 0.0
106.0 116.0 0.0
106.0 118.0 0.0
106.0 120.0 0.0
106.0 122.0 0.0
106.0 124.0 0.0
106.0 126.0 0.0
108.0 0.0 0.0
108.0 2.0 0.0
108.0 4.0 0.0
108.0 6.0 0.0
108.0 8.0 0.0
108.0 10.0 0.0
108.0 12.0 0.0
108.0 14.0 0.0
108.0 16.0 0.0
108.0 18.0 0.0
108.0 20.0 0.04257007747894803
108.0 22.0 0.0
108.0 24.0 0.0
108.0 26.0 0.0
108.0 28.0 0.0
108.0 30.0 0.0
108.0 32.0 0.0
108.0 34.0 0.0
108.0 36.0 0.0
108.0 38.0 0.0840135917530996
108.0 40.0 0.20749683412058692
108.0 42.0 0.2634905477962463
108.0 44.0 0.27611294065839087
108.0 46.0 0.2637092218041209
108.0 48.0 0.22163833565990612
108.0 50.0 0.1301715932675966
108.0 52.0 0.07218551586973738
108.0 54.0 0.014935165110080873
108.0 56.0 0.0
108.0 58.0 0.0
108.0 60.0 0.0
108.0 62.0 0.0
108.0 64.0 0.0
108.0 66.0 0.0
108.0 68.0 0.0
108.0 70.0 0.0
108.0 72.0 1.3350355771477645E-4
108.0 74.0 0.014130691978439441
108.0 76.0 0.010465408289127136
108.0 78.0 0.009656015463265446
108.0 80.0 0.018187755029115918
108.0 82.0 0.08831896969807979
108.0 84.0 0.11930461249791098
108.0 86.0 0.11460971357767134
108.0 88.0 0.12010803620076493
108.0 90.0 0.10676198822296366
108.0 92.0 0.08738499522192265
108.0 94.0 0.06060394207102365
108.0 96.0 0.035312677989714526
108.0 98.0 0.0017743809172385985
108.0 100.0 0.0
108.0 102.0 0.0
108.0 104.0 0.0
108.0 106.0 0.005951942288211098
108.0 108.0 0.0240941929821037
108.0 110.0 0.0
108.0 112.0 0.0
108.0 114.0 0.0
108.0 116.0 0.0
108.0 118.0 0.0
108.0 120.0 0.0
108.0 122.0 0.0
108.0 124.0 0.0
108.0 126.0 0.0
110.0 0.0 0.0
110.0 2.0 0.0
110.0 4.0 0.0
110.0 6.0 0.0
110.0 8.0 0.0
110.0 10.0 0.0
110.0 12.0 0.0
110.0 14.0 0.0
110.0 16.0 0.0
110.0 18.0 0.0
110.0 20.0 0.0
110.0 22.0 0.008448612458946892
110.0 24.0 0.0
110.0 26.0 0.0
110.0 28.0 0.0
110.0 30.0 0.0
110.0 32.0 0.0
110.0 34.0 0.0
110.0 36.0 0.0019943335066056086
110.0 38.0 0.13961714770861425
110.0 40.0 0.2624769219233668
110.0 42.0 0.3194482621381434
110.0 44.0 0.3282959306545581
110.0 46.0 0.31177565224271075
110.0 48.0 0.26262174632492713
110.0 50.0 0.16946219636182847
110.0 52.0 0.07371147339756108
110.0 54.0 0.020690779539564896
110.0 56.0 0.0
110.0 58.0 0.0
110.0 60.0 0.0
110.0 62.0 0.0
110.0 64.0 0.0
110.0 66.0 0.0
110.0 68.0 0.0
110.0 70.0 0.0
110.0 72.0 0.0
110.0 74.0 0.008219728907014922
110.0 76.0 0.007707312032376654
110.0 78.0 0.005060613884454873
110.0 80.0 0.00797898499808991
110.0 82.0 0.05920252818733038
110.0 84.0 0.10439829723215184
110.0 86.0 0.10725507897917634
110.0 88.0 0.10937606834198782
110.0 90.0 0.09666262008122972
110.0 92.0 0.07572945357929221
110.0 94.0 0.0640715867281061
110.0 96.0 0.03508861835164535
110.0 98.0 0.0
110.0 100.0 0.0
110.0 102.0 0.0
110.0 104.0 0.0
110.0 106.0 0.0
110.0 108.0 0.0
110.0 110.0 0.0
110.0 112.0 0.0
110.0 114.0 0.0
110.0 116.0 0.0
110.0 118.0 0.0
110.0 120.0 0.0
110.0 122.0 0.0
110.0 124.0 0.0
110.0 126.0 0.0
112.0 0.0 0.0
112.0 2.0 0.0
112.0 4.0 0.0
112.0 6.0 0.0
112.0 8.0 0.0
112.0 10.0 0.0
112.0 12.0 0.0
112.0 14.0 0.0
112.0 16.0 0.0
112.0 18.0 0.0
112.0 20.0 0.0
112.0 22.0 0.0
112.0 24.0 0.0
112.0 26.0 0.0
112.0 28.0 0.0
112.0 30.0 0.0
112.0 32.0 0.0
112.0 34.0 0.0
112.0 36.0 0.01785421292955316
112.0 38.0 0.18978271781441128
112.0 40.0 0.30849875046062863
112.0 42.0 0.3659416300457638
112.0 44.0 0.3737195575716252
112.0 46.0 0.35687925967485695
112.0 48.0 0.30652470398240245
112.0 50.0 0.216558471587875
112.0 52.0 0.07997105487777566
112.0 54.0 0.013199485280575018
112.0 56.0 0.0
112.0 58.0 0.0
112.0 60.0 0.0
112.0 62.0 0.0
112.0 64.0 0.0
112.0 66.0 0.0
112.0 68.0 0.0
112.0 70.0 0.0
112.0 72.0 0.0
112.0 74.0 0.0023909772420169523
112.0 76.0 0.0029475026333159932
112.0 78.0 1.359916376980402E-4
112.0 80.0 3.5022670713815394E-4
112.0 82.0 0.027176154034801156
112.0 84.0 0.08478596522124453
112.0 86.0 0.09290586151794362
112.0 88.0 0.0841870153983164
112.0 90.0 0.07974947237604088
112.0 92.0 0.0443067260238784
112.0 94.0 0.022664286522064366
112.0 96.0 0.00634239914789849
112.0 98.0 0.0
112.0 100.0 0.0
112.0 102.0 0.0
112.0 104.0 0.0
112.0 106.0 0.0
112.0 108.0 0.0
112.0 110.0 0.0
112.0 112.0 0.0
112.0 114.0 0.0
112.0 116.0 0.0
112.0 118.0 0.0
112.0 120.0 0.0
112.0 122.0 0.0
112.0 124.0 0.0
112.0 126.0 0.0
114.0 0.0 0.0
114.0 2.0 0.0
114.0 4.0 0.0
114.0 6.0 0.0
114.0 8.0 0.0
114.0 10.0 0.0
114.0 12.0 0.0
114.0 14.0 0.0
114.0 16.0 0.0
114.0 18.0 0.0
114.0 20.0 0.0
114.0 22.0 0.0
114.0 24.0 0.0
114.0 26.0 0.0
114.0 28.0 0.0
114.0 30.0 0.0
114.0 32.0 0.0
114.0 34.0 0.0
114.0 36.0 0.05684059033295543
114.0 38.0 0.22866283872660664
114.0 40.0 0.33725949088554064
114.0 42.0 0.40263729848731256
114.0 44.0 0.414560953665561
114.0 46.0 0.40046586372999565
114.0 48.0 0.3551843593648163
114.0 50.0 0.26838584586563324
114.0 52.0 0.1347836603420216
114.0 54.0 0.002498259240308422
114.0 56.0 0.0
114.0 58.0 0.0
114.0 60.0 0.0
114.0 62.0 0.0
114.0 64.0 0.0
114.0 66.0 0.0
114.0 68.0 0.0
114.0 70.0 0.0
114.0 72.0 0.0
114.0 74.0 0.0
114.0 76.0 0.002331858667895745
114.0 78.0 0.0
114.0 80.0 0.0
114.0 82.0 0.0018774484487665173
114.0 84.0 0.059928955351309425
114.0 86.0 0.07351336854716635
114.0 88.0 0.0622118999807175
114.0 90.0 0.056024295516886424
114.0 92.0 0.012959474767500522
114.0 94.0 0.0
114.0 96.0 0.0
114.0 98.0 0.0
114.0 100.0 0.0
114.0 102.0 0.0
114.0 104.0 0.0
114.0 106.0 0.0
114.0 108.0 0.0
114.0 110.0 0.0
114.0 112.0 0.0
114.0 114.0 0.0
114.0 116.0 0.0
114.0 118.0 0.0
114.0 120.0 0.0
114.0 122.0 0.0
114.0 124.0 0.0
114.0 126.0 0.0
116.0 0.0 0.0
116.0 2.0 0.0
116.0 4.0 0.0
116.0 6.0 0.0
116.0 8.0 0.0
116.0 10.0 0.0
116.0 12.0 0.0
116.0 14.0 0.0
116.0 16.0 0.0
116.0 18.0 0.0
116.0 20.0 0.0
116.0 22.0 0.0
116.0 24.0 0.0
116.0 26.0 0.0
116.0 28.0 0.0
116.0 30.0 0.0
116.0 32.0 0.0
116.0 34.0 0.0
116.0 36.0 0.10774744636498045
116.0 38.0 0.2744019914519026
116.0 40.0 0.3722377186314642
116.0 42.0 0.4408070262188155
116.0 44.0 0.4567103713312526
116.0 46.0 0.4456660765531091
116.0 48.0 0.4059917995895568
116.0 50.0 0.3247077966229736
116.0 52.0 0.18717224694242532
116.0 54.0 0.017534191650481038
116.0 56.0 0.0
116.0 58.0 0.0
116.0 60.0 0.0
116.0 62.0 0.0
116.0 64.0 0.0
116.0 66.0 0.0
116.0 68.0 0.0
116.0 70.0 0.0
116.0 72.0 0.0
116.0 74.0 0.0
116.0 76.0 0.0
116.0 78.0 0.0
116.0 80.0 0.0
116.0 82.0 0.0
116.0 84.0 0.027280179755608324
116.0 86.0 0.0533549635874646
116.0 88.0 0.042346453734606826
116.0 90.0 0.03146376722993623
116.0 92.0 0.001895678685685829
116.0 94.0 0.0
116.0 96.0 0.0
116.0 98.0 0.0
116.0 100.0 0.0
116.0 102.0 0.0
116.0 104.0 0.0
116.0 106.0 0.0
116.0 108.0 0.0
116.0 110.0 0.0
116.0 112.0 0.0
116.0 114.0 0.0
116.0 116.0 0.0
116.0 118.0 0.0
116.0 120.0 0.0
116.0 122.0 0.0
116.0 124.0 0.0
116.0 126.0 0.0
118.0 0.0 0.0
118.0 2.0 0.0
118.0 4.0 0.0
118.0 6.0 0.0
118.0 8.0 0.0
118.0 10.0 0.0
118.0 12.0 0.0
118.0 14.0 0.0
118.0 16.0 0.0
118.0 18.0 0.0
118.0 20.0 0.0
118.0 22.0 0.0
118.0 24.0 0.0
118.0 26.0 0.0
118.0 28.0 0.0
118.0 30.0 0.0
118.0 32.0 0.0
118.0 34.0 0.0
118.0 36.0 0.0600691984664087
118.0 38.0 0.24221312462080044
118.0 40.0 0.38211616062672843
118.0 42.0 0.42838032097984374
118.0 44.0 0.46909788353564075
118.0 46.0 0.4727946124673174
118.0 48.0 0.4453938115571357
118.0 50.0 0.38127935223172366
118.0 52.0 0.24919709190345682
118.0 54.0 0.04460082694565687
118.0 56.0 0.0
118.0 58.0 0.0
118.0 60.0 0.0
118.0 62.0 0.0
118.0 64.0 0.0
118.0 66.0 0.0
118.0 68.0 0.0
118.0 70.0 0.0
118.0 72.0 0.0
118.0 74.0 0.0
118.0 76.0 0.0
118.0 78.0 0.0
118.0 80.0 0.0
118.0 82.0 0.0
118.0 84.0 0.005757530295333667
118.0 86.0 0.016925627504354942
118.0 88.0 0.012875777942560994
118.0 90.0 0.004698355213602218
118.0 92.0 0.0
118.0 94.0 0.0
118.0 96.0 0.0
118.0 98.0 0.0
118.0 100.0 0.0
118.0 102.0 0.0
118.0 104.0 0.0
118.0 106.0 0.0
118.0 108.0 0.0
118.0 110.0 0.0
118.0 112.0 0.0
118.0 114.0 0.0
118.0 116.0 0.0
118.0 118.0 0.0
118.0 120.0 0.0
118.0 122.0 0.0
118.0 124.0 0.0
118.0 126.0 0.0
120.0 0.0 0.0
120.0 2.0 0.0
120.0 4.0 0.0
120.0 6.0 0.0
120.0 8.0 0.0
120.0 10.0 0.0
120.0 12.0 0.0
120.0 14.0 0.0
120.0 16.0 0.0
120.0 18.0 0.0
120.0 20.0 0.0
120.0 22.0 0.0
120.0 24.0 0.0
120.0 26.0 0.0
120.0 28.0 0.0
120.0 30.0 0.0
120.0 32.0 0.0
120.0 34.0 0.0
120.0 36.0 0.028998563556425615
120.0 38.0 0.2113392114203864
120.0 40.0 0.35071373489802027
120.0 42.0 0.42835325373571714
120.0 44.0 0.47804429683795285
120.0 46.0 0.5027932314094999
120.0 48.0 0.4870736227772543
120.0 50.0 0.43264418938068117
120.0 52.0 0.3142940839665075
120.0 54.0 0.08390171536032882
120.0 56.0 0.0
120.0 58.0 0.0
120.0 60.0 0.0
120.0 62.0 0.0
120.0 64.0 0.0
120.0 66.0 0.0
120.0 68.0 0.0
120.0 70.0 0.0
120.0 72.0 0.0
120.0 74.0 0.0
120.0 76.0 0.0
120.0 78.0 0.0
120.0 80.0 0.0
120.0 82.0 0.0
120.0 84.0 0.0
120.0 86.0 0.0
120.0 88.0 0.0
120.0 90.0 0.0
120.0 92.0 0.0
120.0 94.0 0.0
120.0 96.0 0.0
120.0 98.0 0.0
120.0 100.0 0.0
120.0 102.0 0.0
120.0 104.0 0.0
120.0 106.0 0.0
120.0 108.0 0.0
120.0 110.0 0.0
120.0 112.0 0.0
120.0 114.0 0.0
120.0 116.0 0.0
120.0 118.0 0.0
120.0 120.0 0.0
120.0 122.0 0.0
120.0 124.0 0.0
120.0 126.0 0.0
122.0 0.0 0.0
122.0 2.0 0.0
122.0 4.0 0.0
122.0 6.0 0.0
122.0 8.0 0.0
122.0 10.0 0.0
122.0 12.0 0.0
122.0 14.0 0.0
122.0 16.0 0.0
122.0 18.0 0.0
122.0 20.0 0.0
122.0 22.0 0.0
122.0 24.0 0.0
122.0 26.0 0.0
122.0 28.0 0.0
122.0 30.0 0.0
122.0 32.0 0.0
122.0 34.0 0.0
122.0 36.0 0.0
122.0 38.0 0.0
122.0 40.0 0.23264333887142807
122.0 42.0 0.36536398035145795
122.0 44.0 0.4296741847566386
122.0 46.0 0.45781499346744753
122.0 48.0 0.4600982430762017
122.0 50.0 0.4841996051528266
122.0 52.0 0.37075130677844625
122.0 54.0 0.13953652025603117
122.0 56.0 0.0
122.0 58.0 0.0
122.0 60.0 0.0
122.0 62.0 0.0
122.0 64.0 0.0
122.0 66.0 0.0
122.0 68.0 0.0
122.0 70.0 0.0
122.0 72.0 0.0
122.0 74.0 0.0
122.0 76.0 0.0
122.0 78.0 0.0
122.0 80.0 0.0
122.0 82.0 0.0
122.0 84.0 0.0
122.0 86.0 0.0
122.0 88.0 0.0
122.0 90.0 0.0
122.0 92.0 0.0
122.0 94.0 0.0
122.0 96.0 0.0
122.0 98.0 0.0
122.0 100.0 0.0
122.0 102.0 0.0
122.0 104.0 0.0
122.0 106.0 0.0
122.0 108.0 0.0
122.0 110.0 0.0
122.0 112.0 0.0
122.0 114.0 0.0
122.0 116.0 0.0
122.0 118.0 0.0
122.0 120.0 0.0
122.0 122.0 0.0
122.0 124.0 0.0
122.0 126.0 0.0
124.0 0.0 0.0
124.0 2.0 0.0
124.0 4.0 0.0
124.0 6.0 0.0
124.0 8.0 0.0
124.0 10.0 0.0
124.0 12.0 0.0
124.0 14.0 0.0
124.0 16.0 0.0
124.0 18.0 0.0
124.0 20.0 0.0
124.0 22.0 0.0
124.0 24.0 0.0
124.0 26.0 0.0
124.0 28.0 0.0
124.0 30.0 0.0
124.0 32.0 0.0
124.0 34.0 0.0
124.0 36.0 0.0
124.0 38.0 0.0
124.0 40.0 0.0
124.0 42.0 0.0
124.0 44.0 0.0
124.0 46.0 0.2932737697820544
124.0 48.0 0.4277295584070829
124.0 50.0 0.40958920875039456
124.0 52.0 0.4287961403839775
124.0 54.0 0.299054813816029
124.0 56.0 0.03669394273495617
124.0 58.0 0.0
124.0 60.0 0.0
124.0 62.0 0.0
124.0 64.0 0.0
124.0 66.0 0.0
124.0 68.0 0.0
124.0 70.0 0.0
124.0 72.0 0.0
124.0 74.0 0.0
124.0 76.0 0.0
124.0 78.0 0.0
124.0 80.0 0.0
124.0 82.0 0.0
124.0 84.0 0.0
124.0 86.0 0.0
124.0 88.0 0.0
124.0 90.0 0.0
124.0 92.0 0.0
124.0 94.0 0.0
124.0 96.0 0.0
124.0 98.0 0.0
124.0 100.0 0.0
124.0 102.0 0.0
124.0 104.0 0.0
124.0 106.0 0.0
124.0 108.0 0.0
124.0 110.0 0.0
124.0 112.0 0.0
124.0 114.0 0.0
124.0 116.0 0.0
124.0 118.0 0.0
124.0 120.0 0.0
124.0 122.0 0.0
124.0 124.0 0.0
124.0 126.0 0.0
126.0 0.0 0.0
126.0 2.0 0.0
126.0 4.0 0.0
126.0 6.0 0.0
126.0 8.0 0.0
126.0 10.0 0.0
126.0 12.0 0.0
126.0 14.0 0.0
126.0 16.0 0.0
126.0 18.0 0.0
126.0 20.0 0.0
126.0 22.0 0.0
126.0 24.0 0.0
126.0 26.0 0.0
126.0 28.0 0.0
126.0 30.0 0.0
126.0 32.0 0.0
126.0 34.0 0.0
126.0 36.0 0.0
126.0 38.0 0.0
126.0 40.0 0.0
126.0 42.0 0.0
126.0 44.0 0.0
126.0 46.0 0.0
126.0 48.0 0.0
126.0 50.0 0.0
126.0 52.0 0.0
126.0 54.0 0.28465002514298354
126.0 56.0 0.2933989143905972
126.0 58.0 0.18334012496568095
126.0 60.0 0.025528703931910562
126.0 62.0 0.0
126.0 64.0 0.0
126.0 66.0 0.0
126.0 68.0 0.0
126.0 70.0 0.0
126.0 72.0 0.0
126.0 74.0 0.0
126.0 76.0 0.0
126.0 78.0 0.0
126.0 80.0 0.0
126.0 82.0 0.0
126.0 84.0 0.0
126.0 86.0 0.0
126.0 88.0 0.0
126.0 90.0 0.0
126.0 92.0 0.0
126.0 94.0 0.0
126.0 96.0 0.0
126.0 98.0 0.0
126.0 100.0 0.0
126.0 102.0 0.0
126.0 104.0 0.0
126.0 106.0 0.0
126.0 108.0 0.0
126.0 110.0 0.0
126.0 112.0 0.0
126.0 114.0 0.0
126.0 116.0 0.0
126.0 118.0 0.0
126.0 120.0 0.0
126.0 122.0 0.0
126.0 124.0 0.0
126.0 126.0 0.0
