0.0 0.0 0.0
0.0 2.0 0.0
0.0 4.0 0.0
0.0 6.0 0.0
0.0 8.0 0.0
0.0 10.0 0.0
0.0 12.0 0.0
0.0 14.0 0.0
0.0 16.0 0.0
0.0 18.0 0.0
0.0 20.0 0.0
0.0 22.0 0.0
0.0 24.0 0.0
0.0 26.0 0.0
0.0 28.0 0.0
0.0 30.0 0.0
0.0 32.0 0.0
0.0 34.0 0.0
0.0 36.0 0.0
0.0 38.0 0.0
0.0 40.0 0.0
0.0 42.0 0.0
0.0 44.0 0.0
0.0 46.0 0.0
0.0 48.0 0.0
0.0 50.0 0.0
0.0 52.0 0.0
0.0 54.0 0.0
0.0 56.0 0.0
0.0 58.0 0.0
0.0 60.0 0.0
0.0 62.0 0.0
0.0 64.0 0.0
0.0 66.0 0.0
0.0 68.0 0.0
0.0 70.0 0.0
0.0 72.0 0.0
0.0 74.0 0.0
0.0 76.0 0.0
0.0 78.0 0.0
0.0 80.0 0.0
0.0 82.0 0.0
0.0 84.0 0.0
0.0 86.0 0.0
0.0 88.0 0.0
0.0 90.0 0.0
0.0 92.0 0.0
0.0 94.0 0.0
0.0 96.0 0.0
0.0 98.0 0.0
0.0 100.0 0.0
0.0 102.0 0.0
0.0 104.0 0.0
0.0 106.0 0.0
0.0 108.0 0.0
0.0 110.0 0.0
0.0 112.0 0.0
0.0 114.0 0.0
0.0 116.0 0.0
0.0 118.0 0.0
0.0 120.0 0.0
0.0 122.0 0.0
0.0 124.0 0.0
0.0 126.0 0.0
2.0 0.0 0.0
2.0 2.0 0.0
2.0 4.0 0.0
2.0 6.0 0.0
2.0 8.0 0.0
2.0 10.0 0.0
2.0 12.0 0.0
2.0 14.0 0.0
2.0 16.0 0.0
2.0 18.0 0.0
2.0 20.0 0.0
2.0 22.0 0.0
2.0 24.0 0.0
2.0 26.0 0.0
2.0 28.0 0.0
2.0 30.0 0.0
2.0 32.0 0.0
2.0 34.0 0.0
2.0 36.0 0.0
2.0 38.0 0.0
2.0 40.0 0.0
2.0 42.0 0.0
2.0 44.0 0.0
2.0 46.0 0.0
2.0 48.0 0.09643354047837042
2.0 50.0 0.0
2.0 52.0 0.0
2.0 54.0 0.0
2.0 56.0 0.0
2.0 58.0 0.0
2.0 60.0 0.0
2.0 62.0 0.02195993604186682
2.0 64.0 0.14275679421804732
2.0 66.0 0.29318907009708356
2.0 68.0 0.3695227246568557
2.0 70.0 0.4257287755286583
2.0 72.0 0.44483862858422446
2.0 74.0 0.391068345990272
2.0 76.0 0.26863705328469467
2.0 78.0 0.09642495249587928
2.0 80.0 0.0
2.0 82.0 0.0
2.0 84.0 0.0
2.0 86.0 0.0
2.0 88.0 0.0
2.0 90.0 0.0
2.0 92.0 0.0
2.0 94.0 0.0
2.0 96.0 0.0
2.0 98.0 0.0
2.0 100.0 0.0
2.0 102.0 0.0
2.0 104.0 0.0
2.0 106.0 0.0
2.0 108.0 0.0
2.0 110.0 0.0
2.0 112.0 0.0
2.0 114.0 0.0
2.0 116.0 0.0
2.0 118.0 0.0
2.0 120.0 0.0
2.0 122.0 0.0
2.0 124.0 0.0
2.0 126.0 0.0
4.0 0.0 0.0
4.0 2.0 0.0
4.0 4.0 0.0
4.0 6.0 0.0
4.0 8.0 0.0
4.0 10.0 0.0
4.0 12.0 0.0
4.0 14.0 0.0
4.0 16.0 0.0
4.0 18.0 0.0
4.0 20.0 0.0
4.0 22.0 0.0
4.0 24.0 0.0
4.0 26.0 0.0
4.0 28.0 0.0
4.0 30.0 0.0
4.0 32.0 0.0
4.0 34.0 0.0
4.0 36.0 0.0
4.0 38.0 0.0
4.0 40.0 0.0
4.0 42.0 0.0027749292577652386
4.0 44.0 0.0
4.0 46.0 0.0
4.0 48.0 0.0
4.0 50.0 0.0
4.0 52.0 0.0
4.0 54.0 0.0
4.0 56.0 0.0
4.0 58.0 0.0
4.0 60.0 0.0173787523781091
4.0 62.0 0.0761200003564148
4.0 64.0 0.20575170273356155
4.0 66.0 0.29830265039363113
4.0 68.0 0.3639293845298104
4.0 70.0 0.43478890415121413
4.0 72.0 0.4701837454720275
4.0 74.0 0.4132010798744446
4.0 76.0 0.2875048448808403
4.0 78.0 0.10711767534385198
4.0 80.0 0.008300527939059181
4.0 82.0 0.0
4.0 84.0 0.0
4.0 86.0 0.0
4.0 88.0 0.0
4.0 90.0 0.0
4.0 92.0 0.0
4.0 94.0 0.0
4.0 96.0 0.0
4.0 98.0 0.0
4.0 100.0 0.0
4.0 102.0 0.0
4.0 104.0 0.0
4.0 106.0 0.0
4.0 108.0 0.0
4.0 110.0 0.0
4.0 112.0 0.0
4.0 114.0 0.0
4.0 116.0 0.0
4.0 118.0 0.0
4.0 120.0 0.0
4.0 122.0 0.0
4.0 124.0 0.0
4.0 126.0 0.0
6.0 0.0 0.0
6.0 2.0 0.0
6.0 4.0 0.0
6.0 6.0 0.0
6.0 8.0 0.0
6.0 10.0 0.0
6.0 12.0 0.0
6.0 14.0 0.0
6.0 16.0 0.0
6.0 18.0 0.0
6.0 20.0 0.0
6.0 22.0 0.0
6.0 24.0 0.0
6.0 26.0 0.0
6.0 28.0 0.0
6.0 30.0 0.0
6.0 32.0 0.0
6.0 34.0 0.0
6.0 36.0 0.0
6.0 38.0 0.0
6.0 40.0 0.0
6.0 42.0 0.0
6.0 44.0 0.0
6.0 46.0 0.0
6.0 48.0 0.0
6.0 50.0 0.0
6.0 52.0 0.0
6.0 54.0 0.0
6.0 56.0 0.0
6.0 58.0 0.0
6.0 60.0 0.02283059043893781
6.0 62.0 0.08228608323544324
6.0 64.0 0.20854457477702693
6.0 66.0 0.2991304137338372
6.0 68.0 0.35860712414086415
6.0 70.0 0.4475992345398043
6.0 72.0 0.4895492030649489
6.0 74.0 0.43424251830762395
6.0 76.0 0.30538834274026516
6.0 78.0 0.11688124084722773
6.0 80.0 0.010151507984629422
6.0 82.0 0.0
6.0 84.0 0.0
6.0 86.0 0.0
6.0 88.0 0.0
6.0 90.0 0.0
6.0 92.0 0.0
6.0 94.0 0.0
6.0 96.0 0.0
6.0 98.0 0.0
6.0 100.0 0.0
6.0 102.0 0.0
6.0 104.0 0.0
6.0 106.0 0.0
6.0 108.0 0.0
6.0 110.0 0.0
6.0 112.0 0.0
6.0 114.0 0.0
6.0 116.0 0.0
6.0 118.0 0.0
6.0 120.0 0.0
6.0 122.0 0.0
6.0 124.0 0.0
6.0 126.0 0.0
8.0 0.0 0.0
8.0 2.0 0.0
8.0 4.0 0.0
8.0 6.0 0.0
8.0 8.0 0.0
8.0 10.0 0.0
8.0 12.0 0.0
8.0 14.0 0.0
8.0 16.0 0.0
8.0 18.0 0.0
8.0 20.0 0.0
8.0 22.0 0.0
8.0 24.0 0.0
8.0 26.0 0.0
8.0 28.0 0.0
8.0 30.0 0.0
8.0 32.0 0.0
8.0 34.0 0.0
8.0 36.0 0.0
8.0 38.0 0.0
8.0 40.0 0.0
8.0 42.0 0.0
8.0 44.0 0.0
8.0 46.0 0.0
8.0 48.0 0.0
8.0 50.0 0.0
8.0 52.0 0.0
8.0 54.0 0.0
8.0 56.0 0.0
8.0 58.0 0.0020884164634021323
8.0 60.0 0.031278577424815386
8.0 62.0 0.09557729162186247
8.0 64.0 0.21340062990106082
8.0 66.0 0.29839161043166607
8.0 68.0 0.37221539064050596
8.0 70.0 0.4774282124679159
8.0 72.0 0.4994656525925236
8.0 74.0 0.45914131515939083
8.0 76.0 0.32719363357494563
8.0 78.0 0.12816117148178288
8.0 80.0 0.0115063497192672
8.0 82.0 0.0
8.0 84.0 0.0
8.0 86.0 0.0
8.0 88.0 0.0
8.0 90.0 0.0
8.0 92.0 0.0
8.0 94.0 0.0
8.0 96.0 0.0
8.0 98.0 0.0
8.0 100.0 0.0
8.0 102.0 0.0
8.0 104.0 0.0
8.0 106.0 0.0
8.0 108.0 0.0
8.0 110.0 0.0
8.0 112.0 0.0
8.0 114.0 0.0
8.0 116.0 0.0
8.0 118.0 0.0
8.0 120.0 0.0
8.0 122.0 0.0
8.0 124.0 0.0
8.0 126.0 0.0
10.0 0.0 0.0
10.0 2.0 0.0
10.0 4.0 0.0
10.0 6.0 0.0
10.0 8.0 0.0
10.0 10.0 0.0
10.0 12.0 0.0
10.0 14.0 0.0
10.0 16.0 0.0
10.0 18.0 0.0
10.0 20.0 0.0
10.0 22.0 0.0
10.0 24.0 0.0
10.0 26.0 0.0
10.0 28.0 0.0
10.0 30.0 0.0
10.0 32.0 0.0
10.0 34.0 0.0
10.0 36.0 0.0
10.0 38.0 0.0
10.0 40.0 0.0
10.0 42.0 0.0
10.0 44.0 0.0
10.0 46.0 0.0
10.0 48.0 0.0
10.0 50.0 0.0
10.0 52.0 0.0
10.0 54.0 0.0
10.0 56.0 0.0
10.0 58.0 0.004917760708011609
10.0 60.0 0.03733515468458562
10.0 62.0 0.1126136494897509
10.0 64.0 0.2030384429280093
10.0 66.0 0.29893129029559595
10.0 68.0 0.38693708949217864
10.0 70.0 0.49071550282682974
10.0 72.0 0.5079257115271341
10.0 74.0 0.48522991405615756
10.0 76.0 0.35254542587203913
10.0 78.0 0.1424970680392783
10.0 80.0 0.014363172217726212
10.0 82.0 0.0
10.0 84.0 0.0
10.0 86.0 0.0
10.0 88.0 0.0
10.0 90.0 0.0
10.0 92.0 0.0
10.0 94.0 0.0
10.0 96.0 0.0
10.0 98.0 0.0
10.0 100.0 0.0
10.0 102.0 0.0
10.0 104.0 0.0
10.0 106.0 0.0
10.0 108.0 0.0
10.0 110.0 0.0
10.0 112.0 0.0
10.0 114.0 0.0
10.0 116.0 0.0
10.0 118.0 0.0
10.0 120.0 0.0
10.0 122.0 0.0
10.0 124.0 0.0
10.0 126.0 0.0
12.0 0.0 0.0
12.0 2.0 0.0
12.0 4.0 0.0
12.0 6.0 0.0
12.0 8.0 0.0
12.0 10.0 0.0
12.0 12.0 0.0
12.0 14.0 0.0
12.0 16.0 0.0
12.0 18.0 0.0
12.0 20.0 0.0
12.0 22.0 0.0
12.0 24.0 0.0
12.0 26.0 0.0
12.0 28.0 0.022404639325794784
12.0 30.0 0.24239350493834533
12.0 32.0 0.17448319838092238
12.0 34.0 0.04995447932542765
12.0 36.0 0.0
12.0 38.0 0.0
12.0 40.0 0.0
12.0 42.0 0.0
12.0 44.0 0.0
12.0 46.0 0.0
12.0 48.0 0.0
12.0 50.0 0.0
12.0 52.0 0.0
12.0 54.0 0.0
12.0 56.0 0.0
12.0 58.0 0.008724380228051585
12.0 60.0 0.04501751895135256
12.0 62.0 0.1360695482168152
12.0 64.0 0.22561467094702117
12.0 66.0 0.2928980889671586
12.0 68.0 0.3876484911481677
12.0 70.0 0.49482964071944585
12.0 72.0 0.5222222065006624
12.0 74.0 0.49954244208308834
12.0 76.0 0.37358021561199134
12.0 78.0 0.16445731779922618
12.0 80.0 0.028022252753875713
12.0 82.0 0.0
12.0 84.0 0.0
12.0 86.0 0.0
12.0 88.0 0.0
12.0 90.0 0.0
12.0 92.0 0.0
12.0 94.0 0.0
12.0 96.0 0.0
12.0 98.0 0.0
12.0 100.0 0.0
12.0 102.0 0.0
12.0 104.0 0.0
12.0 106.0 0.0
12.0 108.0 0.0
12.0 110.0 0.0
12.0 112.0 0.0
12.0 114.0 0.0
12.0 116.0 0.0
12.0 118.0 0.0
12.0 120.0 0.0
12.0 122.0 0.0
12.0 124.0 0.0
12.0 126.0 0.0
14.0 0.0 0.0
14.0 2.0 0.0
14.0 4.0 0.0
14.0 6.0 0.0
14.0 8.0 0.0
14.0 10.0 0.0
14.0 12.0 0.0
14.0 14.0 0.0
14.0 16.0 0.0
14.0 18.0 0.0
14.0 20.0 0.0
14.0 22.0 0.0
14.0 24.0 0.28806704453578147
14.0 26.0 0.5042765313533769
14.0 28.0 0.4561041137829444
14.0 30.0 0.3616579782361142
14.0 32.0 0.21338650380102228
14.0 34.0 0.044075041662728916
14.0 36.0 0.0
14.0 38.0 0.0
14.0 40.0 0.0
14.0 42.0 0.0
14.0 44.0 0.0
14.0 46.0 0.0
14.0 48.0 0.0
14.0 50.0 0.0
14.0 52.0 0.0
14.0 54.0 0.0
14.0 56.0 6.713161594753386E-4
14.0 58.0 0.014663138206948883
14.0 60.0 0.05523408727908838
14.0 62.0 0.15225727684526383
14.0 64.0 0.24489026463783137
14.0 66.0 0.29437014178119475
14.0 68.0 0.3645672595195302
14.0 70.0 0.460548684735037
14.0 72.0 0.5222217449397566
14.0 74.0 0.5042992752281396
14.0 76.0 0.39472622556374265
14.0 78.0 0.18904408561870134
14.0 80.0 0.04510640713747759
14.0 82.0 0.0
14.0 84.0 0.0
14.0 86.0 0.0
14.0 88.0 0.0
14.0 90.0 0.0
14.0 92.0 0.0
14.0 94.0 0.0
14.0 96.0 0.0
14.0 98.0 0.0
14.0 100.0 0.0
14.0 102.0 0.0
14.0 104.0 0.0
14.0 106.0 0.0
14.0 108.0 0.0
14.0 110.0 0.0
14.0 112.0 0.0
14.0 114.0 0.0
14.0 116.0 0.0
14.0 118.0 0.0
14.0 120.0 0.0
14.0 122.0 0.0
14.0 124.0 0.0
14.0 126.0 0.0
16.0 0.0 0.0
16.0 2.0 0.0
16.0 4.0 0.0
16.0 6.0 0.0
16.0 8.0 0.0
16.0 10.0 0.0
16.0 12.0 0.0
16.0 14.0 0.0
16.0 16.0 0.0
16.0 18.0 0.0
16.0 20.0 0.0
16.0 22.0 0.38502951712666805
16.0 24.0 0.5452359742662116
16.0 26.0 0.5140292154387001
16.0 28.0 0.4572739452451347
16.0 30.0 0.3863288887442931
16.0 32.0 0.23932306704016462
16.0 34.0 0.041919143988155244
16.0 36.0 0.0
16.0 38.0 0.0
16.0 40.0 0.0
16.0 42.0 0.0
16.0 44.0 0.0
16.0 46.0 0.0
16.0 48.0 0.0
16.0 50.0 0.0
16.0 52.0 0.0
16.0 54.0 0.0
16.0 56.0 0.005324155906483774
16.0 58.0 0.025118604032441316
16.0 60.0 0.06782092285196444
16.0 62.0 0.16804841302087206
16.0 64.0 0.2806735115788998
16.0 66.0 0.2983898200123399
16.0 68.0 0.36583321651956097
16.0 70.0 0.44317434135975914
16.0 72.0 0.5177480588896933
16.0 74.0 0.4958180679766136
16.0 76.0 0.40424658588782353
16.0 78.0 0.21877040615548207
16.0 80.0 0.0697557421083904
16.0 82.0 0.0
16.0 84.0 0.0
16.0 86.0 0.0
16.0 88.0 0.0
16.0 90.0 0.0
16.0 92.0 0.0
16.0 94.0 0.0
16.0 96.0 0.0
16.0 98.0 0.0
16.0 100.0 0.0
16.0 102.0 0.0
16.0 104.0 0.0
16.0 106.0 0.0
16.0 108.0 0.0
16.0 110.0 0.0
16.0 112.0 0.0
16.0 114.0 0.0
16.0 116.0 0.0
16.0 118.0 0.0
16.0 120.0 0.0
16.0 122.0 0.0
16.0 124.0 0.0
16.0 126.0 0.0
18.0 0.0 0.0
18.0 2.0 0.0
18.0 4.0 0.0
18.0 6.0 0.0
18.0 8.0 0.0
18.0 10.0 0.0
18.0 12.0 0.0
18.0 14.0 0.0
18.0 16.0 0.0
18.0 18.0 0.0
18.0 20.0 0.4347770546786289
18.0 22.0 0.5710513724221867
18.0 24.0 0.5331618333260791
18.0 26.0 0.49576311968140846
18.0 28.0 0.4807107711887047
18.0 30.0 0.42620959873490355
18.0 32.0 0.23019071508094377
18.0 34.0 0.05094866396885427
18.0 36.0 0.0
18.0 38.0 0.0
18.0 40.0 0.0
18.0 42.0 0.0
18.0 44.0 0.0
18.0 46.0 0.0
18.0 48.0 0.0
18.0 50.0 0.0
18.0 52.0 0.0
18.0 54.0 0.0
18.0 56.0 0.01100586800205358
18.0 58.0 0.02940703841628335
18.0 60.0 0.0770317841521896
18.0 62.0 0.17758013488048174
18.0 64.0 0.28555391775948386
18.0 66.0 0.29976068286932644
18.0 68.0 0.36108522565606394
18.0 70.0 0.41751551090350664
18.0 72.0 0.49774804769588205
18.0 74.0 0.483231325437403
18.0 76.0 0.4122291448325337
18.0 78.0 0.2567549103291648
18.0 80.0 0.09669580874840328
18.0 82.0 0.0017401991038626904
18.0 84.0 0.0
18.0 86.0 0.0
18.0 88.0 0.0
18.0 90.0 0.0
18.0 92.0 0.0
18.0 94.0 0.0
18.0 96.0 0.0
18.0 98.0 0.0
18.0 100.0 0.0
18.0 102.0 0.0
18.0 104.0 0.0
18.0 106.0 0.004882016434883338
18.0 108.0 0.0
18.0 110.0 0.0
18.0 112.0 0.0
18.0 114.0 0.0
18.0 116.0 0.0
18.0 118.0 0.0
18.0 120.0 0.0
18.0 122.0 0.0
18.0 124.0 0.0
18.0 126.0 0.0
20.0 0.0 0.0
20.0 2.0 0.0
20.0 4.0 0.0
20.0 6.0 0.0
20.0 8.0 0.0
20.0 10.0 0.0
20.0 12.0 0.0
20.0 14.0 0.0
20.0 16.0 0.0
20.0 18.0 0.4696903823393687
20.0 20.0 0.5446199629941237
20.0 22.0 0.4940824214981971
20.0 24.0 0.47645061745706424
20.0 26.0 0.46278216282696394
20.0 28.0 0.4733354239119443
20.0 30.0 0.4477344598026989
20.0 32.0 0.2694686441264845
20.0 34.0 0.08008355139336339
20.0 36.0 0.004183581022056753
20.0 38.0 0.0
20.0 40.0 0.0
20.0 42.0 0.0
20.0 44.0 0.0
20.0 46.0 0.0
20.0 48.0 0.0
20.0 50.0 0.0
20.0 52.0 0.0
20.0 54.0 0.0
20.0 56.0 0.007332658671145843
20.0 58.0 0.029339988423410093
20.0 60.0 0.07906149228892238
20.0 62.0 0.17914146732885203
20.0 64.0 0.2812486589971855
20.0 66.0 0.2954284442455258
20.0 68.0 0.3503989651113821
20.0 70.0 0.40560381787061606
20.0 72.0 0.47894094731141995
20.0 74.0 0.4434883718579877
20.0 76.0 0.3714812858147814
20.0 78.0 0.27380958457910776
20.0 80.0 0.12110798392970695
20.0 82.0 0.02099105080445236
20.0 84.0 0.0
20.0 86.0 0.0
20.0 88.0 0.0
20.0 90.0 0.0
20.0 92.0 0.0
20.0 94.0 0.0
20.0 96.0 0.0
20.0 98.0 0.0
20.0 100.0 0.0
20.0 102.0 0.0
20.0 104.0 0.0
20.0 106.0 4.676920908096474E-4
20.0 108.0 0.0655739549518768
20.0 110.0 0.0
20.0 112.0 0.0
20.0 114.0 0.0
20.0 116.0 0.0
20.0 118.0 0.0
20.0 120.0 0.0
20.0 122.0 0.0
20.0 124.0 0.0
20.0 126.0 0.0
22.0 0.0 0.0
22.0 2.0 0.0
22.0 4.0 0.0
22.0 6.0 0.0
22.0 8.0 0.0
22.0 10.0 0.0
22.0 12.0 0.0
22.0 14.0 0.0
22.0 16.0 0.4604450637421092
22.0 18.0 0.46369139928832787
22.0 20.0 0.43766817419064896
22.0 22.0 0.44134921664635307
22.0 24.0 0.4523454349098719
22.0 26.0 0.4566417251526531
22.0 28.0 0.44103704353449763
22.0 30.0 0.41972330491318893
22.0 32.0 0.32244766845106915
22.0 34.0 0.13118360671382998
22.0 36.0 0.031035171354090913
22.0 38.0 0.0
22.0 40.0 0.0
22.0 42.0 0.0
22.0 44.0 0.0
22.0 46.0 0.0
22.0 48.0 0.0
22.0 50.0 0.0
22.0 52.0 0.0
22.0 54.0 0.0
22.0 56.0 0.0
22.0 58.0 0.015949739148693572
22.0 60.0 0.06076281450418528
22.0 62.0 0.15814315740059262
22.0 64.0 0.2554710540421944
22.0 66.0 0.27806435440168137
22.0 68.0 0.3301801165698457
22.0 70.0 0.4029595734929919
22.0 72.0 0.4605409654986456
22.0 74.0 0.4391172465589188
22.0 76.0 0.38137276561043526
22.0 78.0 0.2799145760565407
22.0 80.0 0.14270493479457094
22.0 82.0 0.046790337533858584
22.0 84.0 0.0
22.0 86.0 0.0
22.0 88.0 0.0
22.0 90.0 0.0
22.0 92.0 0.0
22.0 94.0 0.0
22.0 96.0 0.0
22.0 98.0 0.0
22.0 100.0 0.0
22.0 102.0 0.0
22.0 104.0 0.0
22.0 106.0 0.0
22.0 108.0 0.03556992540716647
22.0 110.0 0.12631703719026938
22.0 112.0 0.0
22.0 114.0 0.0
22.0 116.0 0.0
22.0 118.0 0.0
22.0 120.0 0.0
22.0 122.0 0.0
22.0 124.0 0.0
22.0 126.0 0.0
24.0 0.0 0.0
24.0 2.0 0.0
24.0 4.0 0.0
24.0 6.0 0.0
24.0 8.0 0.0
24.0 10.0 0.0
24.0 12.0 0.0
24.0 14.0 0.34508105930682914
24.0 16.0 0.3322489641788903
24.0 18.0 0.34402430070619205
24.0 20.0 0.37835849354899675
24.0 22.0 0.41299167696389455
24.0 24.0 0.4387065046300724
24.0 26.0 0.45205095058009764
24.0 28.0 0.4459899589467538
24.0 30.0 0.4097583200490173
24.0 32.0 0.33017663364721334
24.0 34.0 0.19518480959504877
24.0 36.0 0.07287663126314015
24.0 38.0 0.01009106397185849
24.0 40.0 0.0
24.0 42.0 0.0
24.0 44.0 0.0
24.0 46.0 0.0
24.0 48.0 0.0
24.0 50.0 0.0
24.0 52.0 0.0
24.0 54.0 0.0
24.0 56.0 0.0
24.0 58.0 0.0
24.0 60.0 0.02292392497714817
24.0 62.0 0.09444530840752857
24.0 64.0 0.19847877232786715
24.0 66.0 0.24513945830416806
24.0 68.0 0.29645474998059945
24.0 70.0 0.3732047163928062
24.0 72.0 0.447423739187383
24.0 74.0 0.4580805875025085
24.0 76.0 0.4080705675119671
24.0 78.0 0.2930506298838044
24.0 80.0 0.17269523555606744
24.0 82.0 0.06719662721877284
24.0 84.0 0.004015480292743816
24.0 86.0 0.0
24.0 88.0 0.0
24.0 90.0 0.0
24.0 92.0 0.0
24.0 94.0 0.0
24.0 96.0 0.0
24.0 98.0 0.0
24.0 100.0 0.0
24.0 102.0 0.0
24.0 104.0 0.0
24.0 106.0 0.0
24.0 108.0 0.008639443790101908
24.0 110.0 0.06915652156231868
24.0 112.0 0.16401189117105947
24.0 114.0 0.0
24.0 116.0 0.0
24.0 118.0 0.0
24.0 120.0 0.0
24.0 122.0 0.0
24.0 124.0 0.0
24.0 126.0 0.0
26.0 0.0 0.0
26.0 2.0 0.0
26.0 4.0 0.0
26.0 6.0 0.0
26.0 8.0 0.0
26.0 10.0 0.0
26.0 12.0 0.0
26.0 14.0 0.24148677037024605
26.0 16.0 0.23237968098003195
26.0 18.0 0.2605015391488901
26.0 20.0 0.3204301212255385
26.0 22.0 0.36670020701141093
26.0 24.0 0.4018332719379303
26.0 26.0 0.4246730464560912
26.0 28.0 0.4324614893198975
26.0 30.0 0.41620065205598905
26.0 32.0 0.36878201115997106
26.0 34.0 0.2778816299822873
26.0 36.0 0.146493188254778
26.0 38.0 0.04875768012756748
26.0 40.0 0.001639783274307103
26.0 42.0 0.0
26.0 44.0 0.0
26.0 46.0 0.0
26.0 48.0 0.0
26.0 50.0 0.0
26.0 52.0 0.0
26.0 54.0 0.0
26.0 56.0 0.0
26.0 58.0 0.0
26.0 60.0 0.0
26.0 62.0 0.013134270809187954
26.0 64.0 0.09384866067569342
26.0 66.0 0.18342495956677432
26.0 68.0 0.23996262001277133
26.0 70.0 0.30634376950822534
26.0 72.0 0.4020116914594485
26.0 74.0 0.4356816232462468
26.0 76.0 0.4077577418597694
26.0 78.0 0.2939518252006603
26.0 80.0 0.18600888401962767
26.0 82.0 0.08504679164496583
26.0 84.0 0.025881246482826217
26.0 86.0 0.0
26.0 88.0 0.0
26.0 90.0 0.0
26.0 92.0 0.0
26.0 94.0 0.0
26.0 96.0 0.0
26.0 98.0 0.0
26.0 100.0 0.0
26.0 102.0 0.0
26.0 104.0 0.0
26.0 106.0 0.0
26.0 108.0 0.0
26.0 110.0 0.037617578209774315
26.0 112.0 0.1057709932384011
26.0 114.0 0.17591228650555812
26.0 116.0 0.0
26.0 118.0 0.0
26.0 120.0 0.0
26.0 122.0 0.0
26.0 124.0 0.0
26.0 126.0 0.0
28.0 0.0 0.0
28.0 2.0 0.0
28.0 4.0 0.0
28.0 6.0 0.0
28.0 8.0 0.0
28.0 10.0 0.0
28.0 12.0 0.1325082789918592
28.0 14.0 0.035748687182401866
28.0 16.0 0.09867965655822887
28.0 18.0 0.18128612761773488
28.0 20.0 0.2579855571812247
28.0 22.0 0.31768361185667754
28.0 24.0 0.3713011553632877
28.0 26.0 0.41777521426503766
28.0 28.0 0.44812377249570856
28.0 30.0 0.4575455856708077
28.0 32.0 0.4366774180303404
28.0 34.0 0.3783331400892645
28.0 36.0 0.257359185043124
28.0 38.0 0.11152203985472209
28.0 40.0 0.038527761847921255
28.0 42.0 3.568476095973318E-4
28.0 44.0 0.0
28.0 46.0 0.0
28.0 48.0 0.0
28.0 50.0 0.0
28.0 52.0 0.0
28.0 54.0 0.0
28.0 56.0 0.0
28.0 58.0 0.0
28.0 60.0 0.0
28.0 62.0 0.0
28.0 64.0 0.0
28.0 66.0 0.059208958826852655
28.0 68.0 0.14492263957577098
28.0 70.0 0.1998307208015813
28.0 72.0 0.2887210495483318
28.0 74.0 0.3274422571124093
28.0 76.0 0.3331858333661535
28.0 78.0 0.27634963275481406
28.0 80.0 0.18882025162994198
28.0 82.0 0.11341524105116836
28.0 84.0 0.04733562831519932
28.0 86.0 0.007744210478454858
28.0 88.0 0.0
28.0 90.0 0.0
28.0 92.0 0.0
28.0 94.0 0.0
28.0 96.0 0.0
28.0 98.0 0.0
28.0 100.0 0.0
28.0 102.0 0.0
28.0 104.0 0.0
28.0 106.0 0.0
28.0 108.0 0.0
28.0 110.0 0.02309329420201452
28.0 112.0 0.06834129595921945
28.0 114.0 0.14214763490432095
28.0 116.0 0.2054253293161971
28.0 118.0 0.0
28.0 120.0 0.0
28.0 122.0 0.0
28.0 124.0 0.0
28.0 126.0 0.0
30.0 0.0 0.0
30.0 2.0 0.0
30.0 4.0 0.0
30.0 6.0 0.0
30.0 8.0 0.0
30.0 10.0 0.07225454019972191
30.0 12.0 0.0
30.0 14.0 0.0027537900965180074
30.0 16.0 0.017962654375421137
30.0 18.0 0.08456202792979962
30.0 20.0 0.17997862336987627
30.0 22.0 0.24501487585363765
30.0 24.0 0.30294012952092303
30.0 26.0 0.359968272492238
30.0 28.0 0.41195595051053596
30.0 30.0 0.443226844878198
30.0 32.0 0.4492208617294739
30.0 34.0 0.42646658382793756
30.0 36.0 0.35586743037888074
30.0 38.0 0.23082649683604506
30.0 40.0 0.10373330302932059
30.0 42.0 0.03443388872300516
30.0 44.0 0.0
30.0 46.0 0.0
30.0 48.0 0.0
30.0 50.0 0.0
30.0 52.0 0.0
30.0 54.0 0.0
30.0 56.0 0.0
30.0 58.0 0.0
30.0 60.0 0.0
30.0 62.0 0.0
30.0 64.0 0.0
30.0 66.0 0.0
30.0 68.0 0.017496087557787077
30.0 70.0 0.06843329417201437
30.0 72.0 0.12968243670135096
30.0 74.0 0.18415886972792384
30.0 76.0 0.21881653677254073
30.0 78.0 0.22970412293533982
30.0 80.0 0.18044279315782608
30.0 82.0 0.13149305195837546
30.0 84.0 0.07834635502011826
30.0 86.0 0.02563063410995027
30.0 88.0 1.4561855592464188E-4
30.0 90.0 0.0
30.0 92.0 0.0
30.0 94.0 0.0
30.0 96.0 0.0
30.0 98.0 0.0
30.0 100.0 0.0
30.0 102.0 0.0
30.0 104.0 0.0
30.0 106.0 0.0
30.0 108.0 0.0
30.0 110.0 0.01349232845451779
30.0 112.0 0.04640407988568012
30.0 114.0 0.11173728853826866
30.0 116.0 0.19774911444648965
30.0 118.0 0.0
30.0 120.0 0.0
30.0 122.0 0.0
30.0 124.0 0.0
30.0 126.0 0.0
32.0 0.0 0.0
32.0 2.0 0.0
32.0 4.0 0.0
32.0 6.0 0.0
32.0 8.0 0.0
32.0 10.0 0.03654335606821938
32.0 12.0 0.0
32.0 14.0 0.0
32.0 16.0 0.002896837506510248
32.0 18.0 0.03690658774144045
32.0 20.0 0.09242640419186197
32.0 22.0 0.1483767478436305
32.0 24.0 0.2107533388223619
32.0 26.0 0.2851982762811571
32.0 28.0 0.3569823816894031
32.0 30.0 0.41402744258634955
32.0 32.0 0.44876566832007425
32.0 34.0 0.4539736660509834
32.0 36.0 0.41859955341596583
32.0 38.0 0.31982391551710887
32.0 40.0 0.21112447287706673
32.0 42.0 0.12750410658070463
32.0 44.0 0.050398722630166794
32.0 46.0 0.007077417451217093
32.0 48.0 0.0
32.0 50.0 0.0
32.0 52.0 0.0
32.0 54.0 0.0
32.0 56.0 0.0
32.0 58.0 0.0
32.0 60.0 0.0
32.0 62.0 0.0
32.0 64.0 0.0
32.0 66.0 0.0
32.0 68.0 0.0
32.0 70.0 0.0
32.0 72.0 0.014154081428912725
32.0 74.0 0.06962639494793939
32.0 76.0 0.1307393366169017
32.0 78.0 0.17073269189525256
32.0 80.0 0.17772340275505302
32.0 82.0 0.1628656932587528
32.0 84.0 0.1186829068671852
32.0 86.0 0.06089492276306333
32.0 88.0 0.011333487308059694
32.0 90.0 0.0
32.0 92.0 0.0
32.0 94.0 0.0
32.0 96.0 0.0
32.0 98.0 0.0
32.0 100.0 0.0
32.0 102.0 0.0
32.0 104.0 0.0
32.0 106.0 0.0
32.0 108.0 0.0
32.0 110.0 0.01721647911120083
32.0 112.0 0.035178104849894094
32.0 114.0 0.08814645053585805
32.0 116.0 0.17637867701911555
32.0 118.0 0.22885175981109798
32.0 120.0 0.0
32.0 122.0 0.0
32.0 124.0 0.0
32.0 126.0 0.0
34.0 0.0 0.0
34.0 2.0 0.0
34.0 4.0 0.0
34.0 6.0 0.0
34.0 8.0 0.03087906944328403
34.0 10.0 0.0
34.0 12.0 0.0
34.0 14.0 0.0
34.0 16.0 0.0
34.0 18.0 1.76673902388504E-4
34.0 20.0 0.01043064163790326
34.0 22.0 0.049761162284917455
34.0 24.0 0.11474772078224556
34.0 26.0 0.19261157321845546
34.0 28.0 0.27292962374706264
34.0 30.0 0.3609548049609861
34.0 32.0 0.4431743486769261
34.0 34.0 0.4633737578220291
34.0 36.0 0.4206446066532068
34.0 38.0 0.3355689811098428
34.0 40.0 0.26964440046430677
34.0 42.0 0.20143147133759773
34.0 44.0 0.11423105928044364
34.0 46.0 0.043250222530168
34.0 48.0 0.0046985075992176635
34.0 50.0 0.0
34.0 52.0 0.0
34.0 54.0 0.0
34.0 56.0 0.0
34.0 58.0 0.0
34.0 60.0 0.0
34.0 62.0 0.0
34.0 64.0 0.0
34.0 66.0 0.0
34.0 68.0 0.0
34.0 70.0 0.0
34.0 72.0 0.0
34.0 74.0 0.018809594600713096
34.0 76.0 0.07081613276107925
34.0 78.0 0.12569636228543235
34.0 80.0 0.15748136809680793
34.0 82.0 0.1655552072010151
34.0 84.0 0.1545049877789166
34.0 86.0 0.12530438800635027
34.0 88.0 0.08336924827049304
34.0 90.0 0.03691901591104428
34.0 92.0 0.0032974287007806386
34.0 94.0 0.0
34.0 96.0 0.0
34.0 98.0 0.0
34.0 100.0 0.0
34.0 102.0 0.0
34.0 104.0 0.0
34.0 106.0 0.0
34.0 108.0 7.709121636937866E-5
34.0 110.0 0.011916328861394628
34.0 112.0 0.029952367491128933
34.0 114.0 0.06640820672540891
34.0 116.0 0.13354702445911032
34.0 118.0 0.19393265979028199
34.0 120.0 0.0
34.0 122.0 0.0
34.0 124.0 0.0
34.0 126.0 0.0
36.0 0.0 0.0
36.0 2.0 0.0
36.0 4.0 0.0
36.0 6.0 0.0
36.0 8.0 0.019362609291591143
36.0 10.0 0.0
36.0 12.0 0.0
36.0 14.0 0.0
36.0 16.0 0.0
36.0 18.0 0.0
36.0 20.0 0.0
36.0 22.0 0.013081068684241413
36.0 24.0 0.04787274513688506
36.0 26.0 0.1255494354114531
36.0 28.0 0.2238770719219344
36.0 30.0 0.3621072204102178
36.0 32.0 0.42972507449001424
36.0 34.0 0.4594135202489
36.0 36.0 0.396969078679823
36.0 38.0 0.34348176948846953
36.0 40.0 0.29907910295316054
36.0 42.0 0.24141851626789593
36.0 44.0 0.16658114647569305
36.0 46.0 0.08472766077704658
36.0 48.0 0.028973576996698516
36.0 50.0 0.0
36.0 52.0 0.0
36.0 54.0 0.0
36.0 56.0 0.0
36.0 58.0 0.0
36.0 60.0 0.0
36.0 62.0 0.0
36.0 64.0 0.0
36.0 66.0 0.0
36.0 68.0 0.0
36.0 70.0 0.0
36.0 72.0 0.0
36.0 74.0 0.0018551983500239766
36.0 76.0 0.03699453526208031
36.0 78.0 0.09073754405672074
36.0 80.0 0.13602148256180954
36.0 82.0 0.15851667277577
36.0 84.0 0.16523849056571194
36.0 86.0 0.15951002934743694
36.0 88.0 0.1311969324930176
36.0 90.0 0.09172714271429537
36.0 92.0 0.05607405688224746
36.0 94.0 0.01318363261623165
36.0 96.0 0.0
36.0 98.0 0.0
36.0 100.0 0.0
36.0 102.0 0.0
36.0 104.0 0.0
36.0 106.0 0.0
36.0 108.0 0.004973279001498803
36.0 110.0 0.010134799918670471
36.0 112.0 0.021702429905037363
36.0 114.0 0.03721872439341977
36.0 116.0 0.06855093474331186
36.0 118.0 0.11767634478229634
36.0 120.0 0.14099847521171466
36.0 122.0 0.0
36.0 124.0 0.0
36.0 126.0 0.0
38.0 0.0 0.0
38.0 2.0 0.0
38.0 4.0 0.0
38.0 6.0 0.011134747473007708
38.0 8.0 0.0
38.0 10.0 0.0
38.0 12.0 0.0
38.0 14.0 0.0
38.0 16.0 0.0
38.0 18.0 0.0
38.0 20.0 0.0
38.0 22.0 0.0
38.0 24.0 0.00535553676797975
38.0 26.0 0.06354241382819743
38.0 28.0 0.1730468789330825
38.0 30.0 0.31378597899243327
38.0 32.0 0.39748783913628377
38.0 34.0 0.4434782409794032
38.0 36.0 0.4026718279569282
38.0 38.0 0.34156572134982205
38.0 40.0 0.30434610987514704
38.0 42.0 0.25366551351533545
38.0 44.0 0.1859090084149577
38.0 46.0 0.11369292164875781
38.0 48.0 0.04820216809238154
38.0 50.0 0.010369104174428117
38.0 52.0 0.0
38.0 54.0 0.0
38.0 56.0 0.0
38.0 58.0 0.0
38.0 60.0 0.0
38.0 62.0 0.0
38.0 64.0 0.0
38.0 66.0 0.0
38.0 68.0 0.0
38.0 70.0 0.0
38.0 72.0 0.0
38.0 74.0 0.0
38.0 76.0 0.020560930038802886
38.0 78.0 0.06174267506363213
38.0 80.0 0.11611675153510086
38.0 82.0 0.15150290807741398
38.0 84.0 0.17428977138592036
38.0 86.0 0.17639490283127945
38.0 88.0 0.1596381034003021
38.0 90.0 0.1356340857332975
38.0 92.0 0.11345835871329628
38.0 94.0 0.07087428314989253
38.0 96.0 0.005329590462162366
38.0 98.0 0.0
38.0 100.0 0.0
38.0 102.0 0.0
38.0 104.0 0.0
38.0 106.0 3.096483000174747E-4
38.0 108.0 0.008814004580197427
38.0 110.0 0.007964491813716659
38.0 112.0 0.00853825680283571
38.0 114.0 0.008491895895930919
38.0 116.0 0.01188025623583519
38.0 118.0 0.026666530045351994
38.0 120.0 0.016415234539428097
38.0 122.0 0.0
38.0 124.0 0.0
38.0 126.0 0.0
40.0 0.0 0.0
40.0 2.0 0.0
40.0 4.0 0.0
40.0 6.0 0.0
40.0 8.0 0.0
40.0 10.0 0.0
40.0 12.0 0.0
40.0 14.0 0.0
40.0 16.0 0.0
40.0 18.0 0.0
40.0 20.0 0.0
40.0 22.0 0.0
40.0 24.0 0.0
40.0 26.0 0.037393759529132806
40.0 28.0 0.13321830435610138
40.0 30.0 0.25556378854944045
40.0 32.0 0.3521724261133036
40.0 34.0 0.4150158101556313
40.0 36.0 0.4152048935065853
40.0 38.0 0.34860051166914596
40.0 40.0 0.2977385441470317
40.0 42.0 0.24738156477836967
40.0 44.0 0.18102843203304095
40.0 46.0 0.11491059093187024
40.0 48.0 0.05680614490774808
40.0 50.0 0.01926937865035376
40.0 52.0 0.0
40.0 54.0 0.0
40.0 56.0 0.0
40.0 58.0 0.0
40.0 60.0 0.0
40.0 62.0 0.0
40.0 64.0 0.0
40.0 66.0 0.0
40.0 68.0 0.0
40.0 70.0 0.0
40.0 72.0 0.0
40.0 74.0 0.0
40.0 76.0 0.008945376300581693
40.0 78.0 0.04727755988738031
40.0 80.0 0.10086211324012773
40.0 82.0 0.1441541496769633
40.0 84.0 0.17808733713591254
40.0 86.0 0.193396305707759
40.0 88.0 0.18792838400791376
40.0 90.0 0.17173263568947497
40.0 92.0 0.15726628357846015
40.0 94.0 0.11838367738857913
40.0 96.0 0.03665084376854496
40.0 98.0 0.0
40.0 100.0 0.0
40.0 102.0 0.0
40.0 104.0 0.0
40.0 106.0 0.0012832275496262163
40.0 108.0 0.007322761210750657
40.0 110.0 0.0030491461508884766
40.0 112.0 0.0
40.0 114.0 0.0
40.0 116.0 0.0
40.0 118.0 0.0
40.0 120.0 0.0
40.0 122.0 0.0
40.0 124.0 0.0
40.0 126.0 0.0
42.0 0.0 0.0
42.0 2.0 0.0
42.0 4.0 0.0
42.0 6.0 0.0
42.0 8.0 0.0
42.0 10.0 0.0
42.0 12.0 0.0
42.0 14.0 0.0
42.0 16.0 0.0
42.0 18.0 0.0
42.0 20.0 0.0
42.0 22.0 0.0
42.0 24.0 0.0
42.0 26.0 0.00999471473086973
42.0 28.0 0.08228828706638608
42.0 30.0 0.18932728604998347
42.0 32.0 0.2926223318588099
42.0 34.0 0.36580839146125826
42.0 36.0 0.38744019090757525
42.0 38.0 0.3336113194111083
42.0 40.0 0.30447555258611825
42.0 42.0 0.24366616849240375
42.0 44.0 0.16327128168515867
42.0 46.0 0.10803483052765282
42.0 48.0 0.06287743621092697
42.0 50.0 0.026047278035917026
42.0 52.0 0.0020908001414889576
42.0 54.0 0.0
42.0 56.0 0.0
42.0 58.0 0.0
42.0 60.0 0.0
42.0 62.0 0.0
42.0 64.0 0.0
42.0 66.0 0.0
42.0 68.0 0.0
42.0 70.0 0.0
42.0 72.0 0.0
42.0 74.0 0.0
42.0 76.0 0.011387126086721574
42.0 78.0 0.04468683053201802
42.0 80.0 0.0906133370847206
42.0 82.0 0.14231393145219576
42.0 84.0 0.18515719695939278
42.0 86.0 0.20706512504315933
42.0 88.0 0.21615663501573848
42.0 90.0 0.20596266992159776
42.0 92.0 0.18900676909143443
42.0 94.0 0.15222095285346612
42.0 96.0 0.1018823402358867
42.0 98.0 0.021139039540156616
42.0 100.0 0.0
42.0 102.0 0.0
42.0 104.0 8.278430543104806E-4
42.0 106.0 5.908073980658756E-4
42.0 108.0 0.0016600659701133467
42.0 110.0 5.776222772880367E-4
42.0 112.0 0.0
42.0 114.0 0.0
42.0 116.0 0.0
42.0 118.0 0.0
42.0 120.0 0.0
42.0 122.0 0.0
42.0 124.0 0.0
42.0 126.0 0.0
44.0 0.0 0.0
44.0 2.0 0.0
44.0 4.0 0.0
44.0 6.0 0.05861125501994552
44.0 8.0 0.07077705399965609
44.0 10.0 0.04344493251289671
44.0 12.0 0.00336584286040738
44.0 14.0 0.0
44.0 16.0 0.0
44.0 18.0 0.0
44.0 20.0 0.0
44.0 22.0 0.0
44.0 24.0 0.0
44.0 26.0 0.0
44.0 28.0 0.04043948122454414
44.0 30.0 0.12072303461167994
44.0 32.0 0.2251677294420524
44.0 34.0 0.30569241555819815
44.0 36.0 0.3378103578153174
44.0 38.0 0.33367769350957666
44.0 40.0 0.2912537297325111
44.0 42.0 0.21870788458547433
44.0 44.0 0.1338372830487035
44.0 46.0 0.09910854836237794
44.0 48.0 0.06317587284547552
44.0 50.0 0.029018287214898294
44.0 52.0 0.005325590817670699
44.0 54.0 0.0
44.0 56.0 0.0
44.0 58.0 0.0
44.0 60.0 0.0
44.0 62.0 0.0
44.0 64.0 0.0
44.0 66.0 0.0
44.0 68.0 0.0
44.0 70.0 0.0
44.0 72.0 0.0
44.0 74.0 0.0
44.0 76.0 0.02120944314995411
44.0 78.0 0.054525607364804794
44.0 80.0 0.09656965990030371
44.0 82.0 0.14013053983745127
44.0 84.0 0.17940255060931967
44.0 86.0 0.2122137001381107
44.0 88.0 0.23190088868007222
44.0 90.0 0.23197244554377494
44.0 92.0 0.21516750633903944
44.0 94.0 0.18903812957774768
44.0 96.0 0.1500914281963297
44.0 98.0 0.10255962692463572
44.0 100.0 0.04745274818763289
44.0 102.0 0.01387938809866858
44.0 104.0 5.580508078743938E-4
44.0 106.0 0.007292915718459918
44.0 108.0 0.007127601238372482
44.0 110.0 0.004322153011132083
44.0 112.0 0.0
44.0 114.0 0.0
44.0 116.0 0.0
44.0 118.0 0.0
44.0 120.0 0.0
44.0 122.0 0.0
44.0 124.0 0.0
44.0 126.0 0.0
46.0 0.0 0.0
46.0 2.0 0.0
46.0 4.0 0.005923114250586369
46.0 6.0 0.1381690628081062
46.0 8.0 0.14988998446166696
46.0 10.0 0.11053502438913286
46.0 12.0 0.0197354428841951
46.0 14.0 0.0
46.0 16.0 0.0
46.0 18.0 0.0
46.0 20.0 0.0
46.0 22.0 0.0
46.0 24.0 0.0
46.0 26.0 0.0
46.0 28.0 0.005131524998454186
46.0 30.0 0.05132567483222277
46.0 32.0 0.15090422228868663
46.0 34.0 0.23229981467804883
46.0 36.0 0.2648287642268076
46.0 38.0 0.2537216314823703
46.0 40.0 0.20632385892407387
46.0 42.0 0.13519915675042585
46.0 44.0 0.10159363478075074
46.0 46.0 0.08647919261285085
46.0 48.0 0.06243651793128422
46.0 50.0 0.034527000121955385
46.0 52.0 0.009374390546457305
46.0 54.0 0.0
46.0 56.0 0.0
46.0 58.0 0.0
46.0 60.0 0.0
46.0 62.0 0.0
46.0 64.0 0.0
46.0 66.0 0.0
46.0 68.0 0.0
46.0 70.0 0.0
46.0 72.0 0.0
46.0 74.0 1.7096956804113367E-4
46.0 76.0 0.024451629419804527
46.0 78.0 0.05318689845866876
46.0 80.0 0.08524254648873707
46.0 82.0 0.12925201463973934
46.0 84.0 0.16950078479979303
46.0 86.0 0.2094694479920601
46.0 88.0 0.2367402830211314
46.0 90.0 0.24930825271671944
46.0 92.0 0.23749673239840927
46.0 94.0 0.20398199707823902
46.0 96.0 0.19348970566272863
46.0 98.0 0.1708537708728017
46.0 100.0 0.1483320538975149
46.0 102.0 0.10403251211771652
46.0 104.0 0.054422377477481236
46.0 106.0 0.022428297179866507
46.0 108.0 0.016815682770149706
46.0 110.0 0.010113308422039594
46.0 112.0 0.001674684252665293
46.0 114.0 0.0
46.0 116.0 0.0
46.0 118.0 0.0
46.0 120.0 0.0
46.0 122.0 0.0
46.0 124.0 0.0
46.0 126.0 0.0
48.0 0.0 0.0
48.0 2.0 0.015044275661016153
48.0 4.0 0.23087646566026784
48.0 6.0 0.26232974062351605
48.0 8.0 0.23720605784726292
48.0 10.0 0.1406039379757909
48.0 12.0 0.015386689624292826
48.0 14.0 0.0
48.0 16.0 0.0
48.0 18.0 0.0
48.0 20.0 0.0
48.0 22.0 0.0
48.0 24.0 0.0
48.0 26.0 0.0
48.0 28.0 0.0
48.0 30.0 0.014065090607526087
48.0 32.0 0.072988082110495
48.0 34.0 0.15095323151321385
48.0 36.0 0.1778462864123007
48.0 38.0 0.15649504545979617
48.0 40.0 0.1079304322884968
48.0 42.0 0.07016600120802348
48.0 44.0 0.08096975365295968
48.0 46.0 0.0722630153947127
48.0 48.0 0.06082745962719279
48.0 50.0 0.04119725728728088
48.0 52.0 0.0020386682380328417
48.0 54.0 0.0
48.0 56.0 0.0
48.0 58.0 0.0
48.0 60.0 0.0
48.0 62.0 0.0
48.0 64.0 0.0
48.0 66.0 0.0
48.0 68.0 0.0
48.0 70.0 0.0
48.0 72.0 0.0
48.0 74.0 2.827918616213262E-4
48.0 76.0 0.02126524382690452
48.0 78.0 0.049179124238428545
48.0 80.0 0.07737804721470207
48.0 82.0 0.11861666022654889
48.0 84.0 0.15464953631014042
48.0 86.0 0.19076020087310339
48.0 88.0 0.2188052103214234
48.0 90.0 0.2410415403075115
48.0 92.0 0.2385078985212223
48.0 94.0 0.21427146317872514
48.0 96.0 0.2166902941518758
48.0 98.0 0.21186316419296725
48.0 100.0 0.23107749697956237
48.0 102.0 0.20648587434338905
48.0 104.0 0.15530875304578176
48.0 106.0 0.09475925268034326
48.0 108.0 0.05349002998381467
48.0 110.0 0.029565535439449
48.0 112.0 0.010877654304889857
48.0 114.0 0.0
48.0 116.0 0.0
48.0 118.0 0.0
48.0 120.0 0.0
48.0 122.0 0.0
48.0 124.0 0.0
48.0 126.0 0.0
50.0 0.0 0.0
50.0 2.0 0.02273447078054981
50.0 4.0 0.29962186694829956
50.0 6.0 0.33541371498442457
50.0 8.0 0.2900573314654854
50.0 10.0 0.16613306934005181
50.0 12.0 0.02300160133673791
50.0 14.0 0.0
50.0 16.0 0.0
50.0 18.0 0.0
50.0 20.0 0.0
50.0 22.0 0.0
50.0 24.0 0.0
50.0 26.0 0.0
50.0 28.0 0.0
50.0 30.0 1.4629304759460155E-4
50.0 32.0 0.030064329275061228
50.0 34.0 0.07639135242045907
50.0 36.0 0.09305030239640477
50.0 38.0 0.07563140042882552
50.0 40.0 0.039338633277110534
50.0 42.0 0.031915154403441094
50.0 44.0 0.061374167892759436
50.0 46.0 0.0604856900216079
50.0 48.0 0.0593807941963069
50.0 50.0 0.02805186425856127
50.0 52.0 0.0019486574261643214
50.0 54.0 0.0
50.0 56.0 0.0
50.0 58.0 0.0
50.0 60.0 0.0
50.0 62.0 0.0
50.0 64.0 0.0
50.0 66.0 0.0
50.0 68.0 0.0
50.0 70.0 0.0
50.0 72.0 0.0
50.0 74.0 0.0
50.0 76.0 0.023335950567006537
50.0 78.0 0.047247053737570766
50.0 80.0 0.06458535700360617
50.0 82.0 0.0913523358677239
50.0 84.0 0.12349097347594597
50.0 86.0 0.14729600603918214
50.0 88.0 0.17805901819916828
50.0 90.0 0.20165620101471957
50.0 92.0 0.20116607104970954
50.0 94.0 0.2084774953876067
50.0 96.0 0.22509974161864924
50.0 98.0 0.2343273370165498
50.0 100.0 0.23261536173924616
50.0 102.0 0.2521447881952282
50.0 104.0 0.2340196700339857
50.0 106.0 0.18506009610488938
50.0 108.0 0.13248153960915032
50.0 110.0 0.07610260115793092
50.0 112.0 0.03527867017877523
50.0 114.0 0.008593209481245824
50.0 116.0 0.0
50.0 118.0 0.0
50.0 120.0 0.0
50.0 122.0 0.0
50.0 124.0 0.0
50.0 126.0 0.0
52.0 0.0 0.0
52.0 2.0 0.02825654971045981
52.0 4.0 0.36624122667230147
52.0 6.0 0.38980759536390847
52.0 8.0 0.31432595105352523
52.0 10.0 0.15700943980708468
52.0 12.0 0.02989588047230517
52.0 14.0 0.0
52.0 16.0 0.0
52.0 18.0 0.0
52.0 20.0 0.0
52.0 22.0 0.0
52.0 24.0 0.0
52.0 26.0 0.0
52.0 28.0 0.0
52.0 30.0 0.0
52.0 32.0 0.009620146404600223
52.0 34.0 0.029423730961938763
52.0 36.0 0.03490248162389472
52.0 38.0 0.019702845391467647
52.0 40.0 0.0040736915242616705
52.0 42.0 0.026565945184130746
52.0 44.0 0.0427735355796438
52.0 46.0 0.0497913932457355
52.0 48.0 0.04522155030573862
52.0 50.0 0.017350263397188665
52.0 52.0 0.00206308843857436
52.0 54.0 0.0
52.0 56.0 0.0
52.0 58.0 0.0
52.0 60.0 0.0
52.0 62.0 0.0
52.0 64.0 0.0
52.0 66.0 0.0
52.0 68.0 0.0
52.0 70.0 0.0
52.0 72.0 0.0
52.0 74.0 0.0
52.0 76.0 0.00626539368857968
52.0 78.0 0.016387275418857553
52.0 80.0 0.029946060577930565
52.0 82.0 0.0513076444904793
52.0 84.0 0.07170513259805257
52.0 86.0 0.0757225702823655
52.0 88.0 0.10105107551346666
52.0 90.0 0.13478113853405302
52.0 92.0 0.15482179809321858
52.0 94.0 0.18384950426416471
52.0 96.0 0.2128253043265136
52.0 98.0 0.2346047873076413
52.0 100.0 0.24483685444879563
52.0 102.0 0.2584054140140143
52.0 104.0 0.29248248131469373
52.0 106.0 0.24845311032915887
52.0 108.0 0.19899895418726307
52.0 110.0 0.1268820776644026
52.0 112.0 0.06843182558457188
52.0 114.0 0.03057079546096628
52.0 116.0 0.003052356654048577
52.0 118.0 0.0
52.0 120.0 0.0
52.0 122.0 0.0
52.0 124.0 0.0
52.0 126.0 0.0
54.0 0.0 0.0
54.0 2.0 0.028230448756287597
54.0 4.0 0.390614815194606
54.0 6.0 0.42229488077856286
54.0 8.0 0.33092608194369494
54.0 10.0 0.14178510013261994
54.0 12.0 0.026636776123127193
54.0 14.0 0.0
54.0 16.0 0.0
54.0 18.0 0.0
54.0 20.0 0.0
54.0 22.0 0.0
54.0 24.0 0.0
54.0 26.0 0.0
54.0 28.0 0.0
54.0 30.0 0.0
54.0 32.0 0.0023252511219834008
54.0 34.0 0.012301264735713283
54.0 36.0 0.012740962685402183
54.0 38.0 0.005718870478999996
54.0 40.0 0.0014073694140133099
54.0 42.0 0.017116542345080355
54.0 44.0 0.025874987619385826
54.0 46.0 0.03848437544131033
54.0 48.0 0.02211107148738237
54.0 50.0 0.01549336307379419
54.0 52.0 0.01804031307386285
54.0 54.0 0.03340916475282796
54.0 56.0 0.021730941643695215
54.0 58.0 0.0031292252223130107
54.0 60.0 0.024627004693867315
54.0 62.0 0.05124533146528079
54.0 64.0 0.050221329512493744
54.0 66.0 0.04047617266924395
54.0 68.0 0.019861771240192217
54.0 70.0 0.0
54.0 72.0 0.0
54.0 74.0 0.0
54.0 76.0 0.0
54.0 78.0 0.0
54.0 80.0 0.0
54.0 82.0 0.0011796385291088494
54.0 84.0 0.008833271139844166
54.0 86.0 0.0018771752151630619
54.0 88.0 0.014103548325955596
54.0 90.0 0.05504593589542889
54.0 92.0 0.09870229569925555
54.0 94.0 0.1460204510240647
54.0 96.0 0.18769885405967765
54.0 98.0 0.22170582668895145
54.0 100.0 0.24318595783539856
54.0 102.0 0.2584148193379064
54.0 104.0 0.3005693845084677
54.0 106.0 0.269120295011197
54.0 108.0 0.2518234716019657
54.0 110.0 0.20316926364203083
54.0 112.0 0.11701000600504537
54.0 114.0 0.0578441898189096
54.0 116.0 0.015312869362401301
54.0 118.0 0.0
54.0 120.0 0.0
54.0 122.0 0.0
54.0 124.0 0.0
54.0 126.0 0.0
56.0 0.0 0.0
56.0 2.0 0.05486827351048077
56.0 4.0 0.4679975774467298
56.0 6.0 0.4324870296467103
56.0 8.0 0.31236578008909993
56.0 10.0 0.1292109803042973
56.0 12.0 0.0245519241701424
56.0 14.0 0.0
56.0 16.0 0.0
56.0 18.0 0.0
56.0 20.0 0.0
56.0 22.0 0.0
56.0 24.0 0.0
56.0 26.0 0.0
56.0 28.0 0.0
56.0 30.0 0.0
56.0 32.0 0.0
56.0 34.0 0.004073418152384817
56.0 36.0 0.0038277289645756844
56.0 38.0 6.62369092184853E-4
56.0 40.0 0.0067550837676577415
56.0 42.0 0.013070198424502898
56.0 44.0 0.01853802185617652
56.0 46.0 0.031238591014126054
56.0 48.0 0.021470492625254942
56.0 50.0 0.023926372831866178
56.0 52.0 0.07331281935565988
56.0 54.0 0.14595683245504362
56.0 56.0 0.16259584858243303
56.0 58.0 0.14868329621280665
56.0 60.0 0.12959249694762268
56.0 62.0 0.14442392826174116
56.0 64.0 0.13566509339691435
56.0 66.0 0.1167462285439344
56.0 68.0 0.08287660245310811
56.0 70.0 0.0174823541551871
56.0 72.0 0.0
56.0 74.0 0.0
56.0 76.0 0.0
56.0 78.0 0.0
56.0 80.0 0.0
56.0 82.0 0.0
56.0 84.0 0.0
56.0 86.0 0.0
56.0 88.0 0.0
56.0 90.0 1.1495231747674903E-4
56.0 92.0 0.03234294000523543
56.0 94.0 0.08610644182684944
56.0 96.0 0.13386591321252395
56.0 98.0 0.18351792394479774
56.0 100.0 0.21836824563280896
56.0 102.0 0.24223473733938924
56.0 104.0 0.25987633263127136
56.0 106.0 0.3076456939206144
56.0 108.0 0.26726029559228554
56.0 110.0 0.23276593255758482
56.0 112.0 0.14625628729914028
56.0 114.0 0.07598865750286858
56.0 116.0 0.024202492625682734
56.0 118.0 0.0
56.0 120.0 0.0
56.0 122.0 0.0
56.0 124.0 0.0
56.0 126.0 0.0
58.0 0.0 0.0
58.0 2.0 0.047686856982815023
58.0 4.0 0.4359564237716744
58.0 6.0 0.4151766355071809
58.0 8.0 0.2662987748170974
58.0 10.0 0.09566722673392554
58.0 12.0 0.010350423815194626
58.0 14.0 0.0
58.0 16.0 0.0
58.0 18.0 0.0
58.0 20.0 0.0
58.0 22.0 0.0
58.0 24.0 0.0
58.0 26.0 0.0
58.0 28.0 0.0
58.0 30.0 0.0
58.0 32.0 0.0
58.0 34.0 1.0185617512865033E-4
58.0 36.0 0.0
58.0 38.0 0.0
58.0 40.0 0.007396858348572777
58.0 42.0 0.009905445813496122
58.0 44.0 0.01643528009437392
58.0 46.0 0.027954317811841697
58.0 48.0 0.02955203474060918
58.0 50.0 0.05278352676751729
58.0 52.0 0.15066624962786954
58.0 54.0 0.24269741051980198
58.0 56.0 0.2835029047265284
58.0 58.0 0.2879963076484198
58.0 60.0 0.28145134508819936
58.0 62.0 0.23901163658102223
58.0 64.0 0.22947271315473053
58.0 66.0 0.20330775987922434
58.0 68.0 0.15916298578613455
58.0 70.0 0.07486085860469519
58.0 72.0 0.008742993195217685
58.0 74.0 0.0
58.0 76.0 0.0
58.0 78.0 0.0
58.0 80.0 0.0
58.0 82.0 0.0
58.0 84.0 0.0
58.0 86.0 0.0
58.0 88.0 0.0
58.0 90.0 0.0
58.0 92.0 0.0
58.0 94.0 0.031224499605055356
58.0 96.0 0.09682386101431016
58.0 98.0 0.15712576306911633
58.0 100.0 0.2064436836000417
58.0 102.0 0.23549040542899866
58.0 104.0 0.24941566154586606
58.0 106.0 0.2883555490077658
58.0 108.0 0.25811132351571614
58.0 110.0 0.2352996031765564
58.0 112.0 0.15508562833847708
58.0 114.0 0.07832948815857
58.0 116.0 0.03102658113448944
58.0 118.0 9.377798931479052E-4
58.0 120.0 0.0
58.0 122.0 0.0
58.0 124.0 0.0
58.0 126.0 0.0
60.0 0.0 0.0
60.0 2.0 0.051688137424685254
60.0 4.0 0.39672835226477937
60.0 6.0 0.3577517612688557
60.0 8.0 0.20092088506024805
60.0 10.0 0.061429334485937015
60.0 12.0 0.002531987436123649
60.0 14.0 0.0
60.0 16.0 0.0
60.0 18.0 0.0
60.0 20.0 0.0
60.0 22.0 0.0
60.0 24.0 0.0
60.0 26.0 0.0
60.0 28.0 0.0
60.0 30.0 0.0
60.0 32.0 0.0
60.0 34.0 0.0
60.0 36.0 0.0
60.0 38.0 0.0
60.0 40.0 0.005922202818788615
60.0 42.0 0.006473368807544605
60.0 44.0 0.01335137669563878
60.0 46.0 0.03065004165744764
60.0 48.0 0.044246936166608686
60.0 50.0 0.10850586331472438
60.0 52.0 0.21322161660168978
60.0 54.0 0.3045203369263639
60.0 56.0 0.3537280737934181
60.0 58.0 0.3747720199663877
60.0 60.0 0.380776319261625
60.0 62.0 0.3637840042334913
60.0 64.0 0.3169677858131141
60.0 66.0 0.27967411445848916
60.0 68.0 0.22061458692399205
60.0 70.0 0.13049469379401082
60.0 72.0 0.048686081657453466
60.0 74.0 7.058979062250893E-5
60.0 76.0 0.0
60.0 78.0 0.0
60.0 80.0 0.0
60.0 82.0 0.0
60.0 84.0 0.0
60.0 86.0 0.0
60.0 88.0 0.0
60.0 90.0 0.0
60.0 92.0 0.0
60.0 94.0 5.467431853149266E-4
60.0 96.0 0.037057132394894755
60.0 98.0 0.10195443821034246
60.0 100.0 0.16048528097952744
60.0 102.0 0.20151098689195357
60.0 104.0 0.22371911844022763
60.0 106.0 0.232761242728906
60.0 108.0 0.2596660897251705
60.0 110.0 0.20047931344236367
60.0 112.0 0.13640355273367963
60.0 114.0 0.06536267012080678
60.0 116.0 0.025830638837809092
60.0 118.0 0.002598079805535824
60.0 120.0 0.0
60.0 122.0 0.0
60.0 124.0 0.0
60.0 126.0 0.0
62.0 0.0 0.0
62.0 2.0 0.09508433268459944
62.0 4.0 0.37792097707889466
62.0 6.0 0.312004426069077
62.0 8.0 0.15240185695949596
62.0 10.0 0.03686709911346701
62.0 12.0 0.0
62.0 14.0 0.0
62.0 16.0 0.0
62.0 18.0 0.0
62.0 20.0 0.0
62.0 22.0 0.0
62.0 24.0 0.0
62.0 26.0 0.0
62.0 28.0 0.0
62.0 30.0 0.0
62.0 32.0 0.0
62.0 34.0 0.0
62.0 36.0 0.0
62.0 38.0 0.0015110729475127857
62.0 40.0 2.0386970165250524E-4
62.0 42.0 9.205371602465984E-4
62.0 44.0 0.00717520448647031
62.0 46.0 0.029341764710094115
62.0 48.0 0.08023299104690311
62.0 50.0 0.15729183888229603
62.0 52.0 0.24828085850115936
62.0 54.0 0.3351335182369049
62.0 56.0 0.3925349800490819
62.0 58.0 0.42501319931598497
62.0 60.0 0.43799096491540435
62.0 62.0 0.4284127948683915
62.0 64.0 0.3790473589342367
62.0 66.0 0.33537393903590557
62.0 68.0 0.2671488460376161
62.0 70.0 0.1657902683498016
62.0 72.0 0.06725005086690472
62.0 74.0 0.009044592742010358
62.0 76.0 0.0
62.0 78.0 0.0
62.0 80.0 0.0
62.0 82.0 0.0
62.0 84.0 0.0
62.0 86.0 0.0
62.0 88.0 0.0
62.0 90.0 0.0
62.0 92.0 0.0
62.0 94.0 0.0
62.0 96.0 0.003207501026328479
62.0 98.0 0.04158290845453868
62.0 100.0 0.10247005912873404
62.0 102.0 0.15212640858101598
62.0 104.0 0.18146051491476609
62.0 106.0 0.19366386398499155
62.0 108.0 0.21013200826360814
62.0 110.0 0.16272601389318844
62.0 112.0 0.12031873610817677
62.0 114.0 0.061569291632227574
62.0 116.0 0.020837175822662066
62.0 118.0 0.0032369013023094448
62.0 120.0 0.0
62.0 122.0 0.0
62.0 124.0 0.0
62.0 126.0 0.0
64.0 0.0 0.0
64.0 2.0 0.19507289732585234
64.0 4.0 0.38010119590421
64.0 6.0 0.278962380832029
64.0 8.0 0.11404199984737244
64.0 10.0 0.018191276765832202
64.0 12.0 0.0
64.0 14.0 0.0
64.0 16.0 0.0
64.0 18.0 0.0
64.0 20.0 0.0
64.0 22.0 0.0
64.0 24.0 0.0
64.0 26.0 0.0
64.0 28.0 0.0
64.0 30.0 0.0
64.0 32.0 0.0
64.0 34.0 0.0
64.0 36.0 7.295421609093446E-4
64.0 38.0 0.0
64.0 40.0 0.0
64.0 42.0 0.0
64.0 44.0 0.0056095180139665475
64.0 46.0 0.030812933420507633
64.0 48.0 0.08846431982191816
64.0 50.0 0.17790723802560238
64.0 52.0 0.2649827949108352
64.0 54.0 0.3493280984333556
64.0 56.0 0.41275551138516464
64.0 58.0 0.45207531616562835
64.0 60.0 0.46879181679403387
64.0 62.0 0.463449412437909
64.0 64.0 0.42354441762420886
64.0 66.0 0.36068104473315055
64.0 68.0 0.28712961781871565
64.0 70.0 0.18524629652614166
64.0 72.0 0.07819601389908083
64.0 74.0 0.009731447833641693
64.0 76.0 0.0
64.0 78.0 0.0
64.0 80.0 0.0
64.0 82.0 0.0
64.0 84.0 0.0
64.0 86.0 0.0
64.0 88.0 0.0
64.0 90.0 0.0
64.0 92.0 0.0
64.0 94.0 0.0
64.0 96.0 0.0
64.0 98.0 0.010602083767662007
64.0 100.0 0.04425205235644525
64.0 102.0 0.09410193490836004
64.0 104.0 0.12945679277325217
64.0 106.0 0.14483505151573808
64.0 108.0 0.14243154816449718
64.0 110.0 0.12539938351466706
64.0 112.0 0.09918434454768749
64.0 114.0 0.06333194790337031
64.0 116.0 0.028899071075571183
64.0 118.0 0.005138812266035612
64.0 120.0 0.0
64.0 122.0 0.0
64.0 124.0 0.0
64.0 126.0 0.0
66.0 0.0 0.0
66.0 2.0 0.2893589031924867
66.0 4.0 0.3615499590376557
66.0 6.0 0.2475160131443603
66.0 8.0 0.09411762072300645
66.0 10.0 0.009949452332763902
66.0 12.0 0.0
66.0 14.0 0.0
66.0 16.0 0.0
66.0 18.0 0.0
66.0 20.0 0.0
66.0 22.0 0.0
66.0 24.0 0.0
66.0 26.0 0.0
66.0 28.0 0.0
66.0 30.0 0.0
66.0 32.0 0.0
66.0 34.0 0.006070498959329569
66.0 36.0 0.0026712828261156556
66.0 38.0 7.408114330804838E-4
66.0 40.0 3.678224491542943E-4
66.0 42.0 0.0023484588306956866
66.0 44.0 0.013702457352656239
66.0 46.0 0.04471338776314251
66.0 48.0 0.1114327606230806
66.0 50.0 0.19063051417773622
66.0 52.0 0.27407397347458934
66.0 54.0 0.35891538558869995
66.0 56.0 0.42534189058258515
66.0 58.0 0.4667989816074872
66.0 60.0 0.4848921875295882
66.0 62.0 0.4812637782969314
66.0 64.0 0.43219647858505966
66.0 66.0 0.3633176308164754
66.0 68.0 0.2902736341100173
66.0 70.0 0.18869133053303763
66.0 72.0 0.07820088385360877
66.0 74.0 0.009702891351073694
66.0 76.0 0.0
66.0 78.0 0.0
66.0 80.0 0.0
66.0 82.0 0.0
66.0 84.0 0.0
66.0 86.0 0.0
66.0 88.0 0.0
66.0 90.0 0.0
66.0 92.0 0.0
66.0 94.0 0.0
66.0 96.0 0.0
66.0 98.0 0.0
66.0 100.0 0.017369657770959075
66.0 102.0 0.048172010623099504
66.0 104.0 0.07640262813903925
66.0 106.0 0.08985372531072444
66.0 108.0 0.09686149665833059
66.0 110.0 0.08869398686742014
66.0 112.0 0.0748964144455007
66.0 114.0 0.053368175675136124
66.0 116.0 0.03399868470045655
66.0 118.0 0.023971489720182395
66.0 120.0 0.020516509872141177
66.0 122.0 6.035687247128687E-4
66.0 124.0 0.0
66.0 126.0 0.0
68.0 0.0 0.0
68.0 2.0 0.3670040414181106
68.0 4.0 0.3463919291791324
68.0 6.0 0.22760024103097745
68.0 8.0 0.08929399275911322
68.0 10.0 0.007252987272372079
68.0 12.0 0.0
68.0 14.0 0.0
68.0 16.0 0.0
68.0 18.0 0.0
68.0 20.0 0.0
68.0 22.0 0.0
68.0 24.0 0.0
68.0 26.0 0.0
68.0 28.0 0.0
68.0 30.0 0.0
68.0 32.0 0.0
68.0 34.0 0.013202422065473535
68.0 36.0 0.009413864407211378
68.0 38.0 0.006729845314782508
68.0 40.0 0.0
68.0 42.0 0.0011925193362653814
68.0 44.0 0.012516251372525761
68.0 46.0 0.044514952457154595
68.0 48.0 0.1070134218712725
68.0 50.0 0.19211088835236653
68.0 52.0 0.2791827404933875
68.0 54.0 0.363561612069693
68.0 56.0 0.43024680165110696
68.0 58.0 0.4718270346959295
68.0 60.0 0.4900350850502945
68.0 62.0 0.4862325961452534
68.0 64.0 0.4252673548602291
68.0 66.0 0.3571321550304843
68.0 68.0 0.28402411856491966
68.0 70.0 0.17949691960782724
68.0 72.0 0.07131541883704172
68.0 74.0 0.005443434256595619
68.0 76.0 0.0
68.0 78.0 0.0
68.0 80.0 0.0
68.0 82.0 0.0
68.0 84.0 0.0
68.0 86.0 0.0
68.0 88.0 0.0
68.0 90.0 0.0
68.0 92.0 0.0
68.0 94.0 0.0
68.0 96.0 0.0
68.0 98.0 0.0
68.0 100.0 0.006864814252975636
68.0 102.0 0.026004615431293735
68.0 104.0 0.039404263524713136
68.0 106.0 0.047438851534866995
68.0 108.0 0.06005648311882026
68.0 110.0 0.05920058188038583
68.0 112.0 0.05556073427727879
68.0 114.0 0.04464308565243042
68.0 116.0 0.035841931130413264
68.0 118.0 0.041526136045605046
68.0 120.0 0.03950299265102869
68.0 122.0 0.043227524409990836
68.0 124.0 0.05458087032837352
68.0 126.0 0.09272394029981873
70.0 0.0 0.0
70.0 2.0 0.41179780365527324
70.0 4.0 0.32105296155237256
70.0 6.0 0.20965976785347498
70.0 8.0 0.092576150454874
70.0 10.0 0.007053192858036639
70.0 12.0 0.0
70.0 14.0 0.0
70.0 16.0 0.0
70.0 18.0 0.0
70.0 20.0 0.0
70.0 22.0 0.0
70.0 24.0 0.0
70.0 26.0 0.0
70.0 28.0 0.0
70.0 30.0 0.0
70.0 32.0 0.009424971663056015
70.0 34.0 0.006703375452930672
70.0 36.0 0.004119921551313205
70.0 38.0 0.0028507335131570887
70.0 40.0 7.47433017680186E-4
70.0 42.0 0.002228589571188735
70.0 44.0 0.012490027772282543
70.0 46.0 0.04481057678037812
70.0 48.0 0.10609796121064073
70.0 50.0 0.19379067038154932
70.0 52.0 0.2824024366148904
70.0 54.0 0.36677622676301763
70.0 56.0 0.4334331285513997
70.0 58.0 0.47458810206731056
70.0 60.0 0.4918613033738084
70.0 62.0 0.48606981641010855
70.0 64.0 0.40865068954841227
70.0 66.0 0.3440334283988558
70.0 68.0 0.26816731505881025
70.0 70.0 0.15904464748965708
70.0 72.0 0.05845796108941997
70.0 74.0 0.0
70.0 76.0 0.0
70.0 78.0 0.0
70.0 80.0 0.0
70.0 82.0 0.0
70.0 84.0 0.0
70.0 86.0 0.0
70.0 88.0 0.0
70.0 90.0 0.0
70.0 92.0 0.0
70.0 94.0 0.0
70.0 96.0 0.0
70.0 98.0 0.0
70.0 100.0 0.00988507148270025
70.0 102.0 0.010075732480482325
70.0 104.0 0.015515764041722049
70.0 106.0 0.02296705659629039
70.0 108.0 0.035767005830273126
70.0 110.0 0.03831338381620319
70.0 112.0 0.03873370591198377
70.0 114.0 0.03596183576166317
70.0 116.0 0.04053974627757622
70.0 118.0 0.04346963120858171
70.0 120.0 0.05554110393357248
70.0 122.0 0.0796554307982487
70.0 124.0 0.1336843090172136
70.0 126.0 0.2147230428470285
72.0 0.0 0.0
72.0 2.0 0.42033672176998266
72.0 4.0 0.29025915994009394
72.0 6.0 0.18978920106659422
72.0 8.0 0.0929402622254124
72.0 10.0 0.005762619742186152
72.0 12.0 0.0
72.0 14.0 0.0
72.0 16.0 0.0
72.0 18.0 0.0
72.0 20.0 0.0
72.0 22.0 0.0
72.0 24.0 0.0
72.0 26.0 0.0
72.0 28.0 0.0
72.0 30.0 0.0014493283425986534
72.0 32.0 0.01354253936584209
72.0 34.0 0.010143315747333008
72.0 36.0 0.006749175052522348
72.0 38.0 4.431069084438277E-5
72.0 40.0 0.0
72.0 42.0 0.0
72.0 44.0 0.005735491936008186
72.0 46.0 0.03500719922341491
72.0 48.0 0.09555416838021859
72.0 50.0 0.19227535698963247
72.0 52.0 0.2849564446916704
72.0 54.0 0.3695445535747283
72.0 56.0 0.43634721950551447
72.0 58.0 0.47757343257293133
72.0 60.0 0.49386245174992544
72.0 62.0 0.482325107036143
72.0 64.0 0.38517748374159666
72.0 66.0 0.3239638044170378
72.0 68.0 0.24284648940023093
72.0 70.0 0.1269109803595634
72.0 72.0 0.03982003753950191
72.0 74.0 0.0
72.0 76.0 0.0
72.0 78.0 0.0
72.0 80.0 0.0
72.0 82.0 0.0
72.0 84.0 0.0
72.0 86.0 0.0
72.0 88.0 0.0
72.0 90.0 0.0
72.0 92.0 0.0
72.0 94.0 0.0
72.0 96.0 0.0
72.0 98.0 0.0
72.0 100.0 0.007829959371037962
72.0 102.0 0.019622422501436625
72.0 104.0 0.02404859986667743
72.0 106.0 0.02274622660092926
72.0 108.0 0.02269320173500126
72.0 110.0 0.024983365620306855
72.0 112.0 0.027948151068900782
72.0 114.0 0.035817487284051486
72.0 116.0 0.03452818025406249
72.0 118.0 0.046624495776288806
72.0 120.0 0.06562889233010337
72.0 122.0 0.09987870254092657
72.0 124.0 0.18987863165030117
72.0 126.0 0.30031913869704335
74.0 0.0 0.0
74.0 2.0 0.40434728023782635
74.0 4.0 0.25727144390660633
74.0 6.0 0.16604152355162127
74.0 8.0 0.07474273598641494
74.0 10.0 0.002540983314825907
74.0 12.0 0.0
74.0 14.0 0.0
74.0 16.0 0.0
74.0 18.0 0.0
74.0 20.0 0.0
74.0 22.0 0.0
74.0 24.0 0.0
74.0 26.0 0.0
74.0 28.0 1.606646499431484E-4
74.0 30.0 0.007994312325006568
74.0 32.0 0.005601691139779378
74.0 34.0 0.003630204452811278
74.0 36.0 0.0017103029481975
74.0 38.0 0.0
74.0 40.0 0.0
74.0 42.0 0.0
74.0 44.0 0.0
74.0 46.0 0.019220395925705753
74.0 48.0 0.07126647596421719
74.0 50.0 0.165558992981275
74.0 52.0 0.2712799176628963
74.0 54.0 0.37084921693306133
74.0 56.0 0.44097388848405217
74.0 58.0 0.481789348070135
74.0 60.0 0.49288098160211496
74.0 62.0 0.47079892421152053
74.0 64.0 0.35881201253922196
74.0 66.0 0.2953003667053938
74.0 68.0 0.2038530610013423
74.0 70.0 0.08903319325417021
74.0 72.0 0.01541708540034962
74.0 74.0 0.0
74.0 76.0 0.0
74.0 78.0 0.0
74.0 80.0 0.0
74.0 82.0 0.0
74.0 84.0 0.0
74.0 86.0 0.0
74.0 88.0 0.0
74.0 90.0 0.0
74.0 92.0 0.0
74.0 94.0 0.0
74.0 96.0 0.0
74.0 98.0 0.0018649777989675923
74.0 100.0 0.0159619121489275
74.0 102.0 0.023554705055652072
74.0 104.0 0.02198868682559568
74.0 106.0 0.01604444548516892
74.0 108.0 0.012570049881977548
74.0 110.0 0.012337078479635692
74.0 112.0 0.01715471863031289
74.0 114.0 0.027375948478775353
74.0 116.0 0.02961889260703458
74.0 118.0 0.043575643682671604
74.0 120.0 0.0675074502138921
74.0 122.0 0.10982254703107336
74.0 124.0 0.21768316233573984
74.0 126.0 0.34206417360533187
76.0 0.0 0.0
76.0 2.0 0.3678036693701882
76.0 4.0 0.21782124492741783
76.0 6.0 0.12508998218073228
76.0 8.0 0.025658192883102584
76.0 10.0 0.0
76.0 12.0 0.0
76.0 14.0 0.0
76.0 16.0 0.0
76.0 18.0 0.0
76.0 20.0 0.0
76.0 22.0 0.0
76.0 24.0 0.0
76.0 26.0 0.005376027319906131
76.0 28.0 0.010058490062665496
76.0 30.0 0.010296059326758441
76.0 32.0 0.0031459445798683126
76.0 34.0 0.0
76.0 36.0 0.0
76.0 38.0 0.0
76.0 40.0 0.0
76.0 42.0 0.0
76.0 44.0 0.0
76.0 46.0 0.007786134893182728
76.0 48.0 0.053044708582132664
76.0 50.0 0.16477130054654934
76.0 52.0 0.2784454073494608
76.0 54.0 0.36773672420546705
76.0 56.0 0.4419042651204812
76.0 58.0 0.4772950152034281
76.0 60.0 0.4806960939406016
76.0 62.0 0.4346358656437545
76.0 64.0 0.3220381184677143
76.0 66.0 0.2520867808157404
76.0 68.0 0.14650580546423903
76.0 70.0 0.047501117259168384
76.0 72.0 0.0
76.0 74.0 0.0
76.0 76.0 0.0
76.0 78.0 0.0
76.0 80.0 0.0
76.0 82.0 0.0
76.0 84.0 0.0
76.0 86.0 0.0
76.0 88.0 0.0
76.0 90.0 0.0
76.0 92.0 0.0
76.0 94.0 0.0
76.0 96.0 0.0
76.0 98.0 0.020827033586963344
76.0 100.0 0.032753515602800376
76.0 102.0 0.031914653127888805
76.0 104.0 0.020946119842376206
76.0 106.0 0.010399172080230291
76.0 108.0 0.0037275674047083512
76.0 110.0 0.002464696147275161
76.0 112.0 0.006024985319157836
76.0 114.0 0.012905756371360308
76.0 116.0 0.015192096361419877
76.0 118.0 0.02981962509173099
76.0 120.0 0.058572108383187695
76.0 122.0 0.10279058098234473
76.0 124.0 0.20996412059565125
76.0 126.0 0.0
78.0 0.0 0.0
78.0 2.0 0.2963978864207811
78.0 4.0 0.18203191383556358
78.0 6.0 0.06701860625020387
78.0 8.0 0.0
78.0 10.0 0.0
78.0 12.0 0.0
78.0 14.0 0.0
78.0 16.0 0.0
78.0 18.0 0.0
78.0 20.0 0.0
78.0 22.0 9.779263903951375E-4
78.0 24.0 0.010043982929601078
78.0 26.0 0.03731830048987127
78.0 28.0 0.03779640998340376
78.0 30.0 0.018288431676869343
78.0 32.0 0.002101945089999419
78.0 34.0 0.0
78.0 36.0 0.0
78.0 38.0 0.0
78.0 40.0 0.0
78.0 42.0 0.0
78.0 44.0 0.0
78.0 46.0 6.38300106824112E-4
78.0 48.0 0.051072824955346006
78.0 50.0 0.15456601939752715
78.0 52.0 0.2607236480233925
78.0 54.0 0.35284299199285346
78.0 56.0 0.42468361687123485
78.0 58.0 0.4511943644351897
78.0 60.0 0.44412405760033186
78.0 62.0 0.3538968906455328
78.0 64.0 0.2720677481218564
78.0 66.0 0.18654818562335293
78.0 68.0 0.07531824942223724
78.0 70.0 0.009058233089881192
78.0 72.0 0.0
78.0 74.0 0.0
78.0 76.0 0.0
78.0 78.0 0.0
78.0 80.0 0.0
78.0 82.0 0.0
78.0 84.0 0.0
78.0 86.0 0.0
78.0 88.0 0.0
78.0 90.0 0.0
78.0 92.0 0.0
78.0 94.0 0.017131884844930605
78.0 96.0 0.0388911338234428
78.0 98.0 0.06631669410439243
78.0 100.0 0.06607501934025982
78.0 102.0 0.04437473047837589
78.0 104.0 0.010766680166403848
78.0 106.0 5.421982739195818E-5
78.0 108.0 0.0
78.0 110.0 0.0
78.0 112.0 0.0
78.0 114.0 0.0
78.0 116.0 0.0
78.0 118.0 0.006029035157973821
78.0 120.0 0.029276758918420225
78.0 122.0 0.06655209353998968
78.0 124.0 0.16238803930920134
78.0 126.0 0.0
80.0 0.0 0.0
80.0 2.0 0.0
80.0 4.0 0.03138784108905785
80.0 6.0 0.0
80.0 8.0 0.0
80.0 10.0 0.0
80.0 12.0 0.0
80.0 14.0 0.0
80.0 16.0 0.0
80.0 18.0 0.0
80.0 20.0 0.010901624575486548
80.0 22.0 0.03877053487919491
80.0 24.0 0.06792773675736653
80.0 26.0 0.10916372505763723
80.0 28.0 0.11040761717394625
80.0 30.0 0.07017174543202738
80.0 32.0 0.0017442658515520995
80.0 34.0 0.0
80.0 36.0 0.0
80.0 38.0 0.0
80.0 40.0 0.0
80.0 42.0 0.0
80.0 44.0 0.0
80.0 46.0 0.0
80.0 48.0 0.03958658449454288
80.0 50.0 0.13234649414418767
80.0 52.0 0.21335393229865338
80.0 54.0 0.3114071481753121
80.0 56.0 0.36946753960384054
80.0 58.0 0.3867350291420211
80.0 60.0 0.3495135880706684
80.0 62.0 0.2565401814549059
80.0 64.0 0.18960541538643738
80.0 66.0 0.10606165010608382
80.0 68.0 0.023846278910631957
80.0 70.0 0.0
80.0 72.0 0.0
80.0 74.0 0.0
80.0 76.0 0.0
80.0 78.0 0.0
80.0 80.0 0.0
80.0 82.0 0.0
80.0 84.0 0.0
80.0 86.0 0.0
80.0 88.0 0.0
80.0 90.0 0.011264747163070138
80.0 92.0 0.07074776392158037
80.0 94.0 0.12153326990390843
80.0 96.0 0.1471011762626803
80.0 98.0 0.13747332207006102
80.0 100.0 0.10562404115691758
80.0 102.0 0.054988993628437906
80.0 104.0 0.0038267990054596333
80.0 106.0 0.0
80.0 108.0 0.0
80.0 110.0 0.0
80.0 112.0 0.0
80.0 114.0 0.0
80.0 116.0 0.0
80.0 118.0 0.0
80.0 120.0 0.0
80.0 122.0 0.008328652839418426
80.0 124.0 0.07314584824697153
80.0 126.0 0.0
82.0 0.0 0.0
82.0 2.0 0.0
82.0 4.0 0.005737552476555586
82.0 6.0 0.0
82.0 8.0 0.0
82.0 10.0 0.0
82.0 12.0 0.0
82.0 14.0 0.0
82.0 16.0 0.0
82.0 18.0 0.029912952000774384
82.0 20.0 0.07561879244477056
82.0 22.0 0.16045014682089315
82.0 24.0 0.2036598875373541
82.0 26.0 0.22228184487181427
82.0 28.0 0.21362919808450986
82.0 30.0 0.1485215506855005
82.0 32.0 0.036988926617245343
82.0 34.0 0.0
82.0 36.0 0.0
82.0 38.0 0.0
82.0 40.0 0.0
82.0 42.0 0.0
82.0 44.0 0.0
82.0 46.0 0.0
82.0 48.0 0.01544692073742184
82.0 50.0 0.06482951186917045
82.0 52.0 0.14632831411512667
82.0 54.0 0.22687945921561722
82.0 56.0 0.2747996612923811
82.0 58.0 0.2777900841569281
82.0 60.0 0.20784862704335746
82.0 62.0 0.1601192096168811
82.0 64.0 0.10377373030079108
82.0 66.0 0.03775520569752487
82.0 68.0 0.0010124876885302507
82.0 70.0 0.0
82.0 72.0 0.0
82.0 74.0 0.0
82.0 76.0 0.0
82.0 78.0 0.0
82.0 80.0 0.0
82.0 82.0 0.0
82.0 84.0 0.0
82.0 86.0 0.009835694054589823
82.0 88.0 0.05082356283868062
82.0 90.0 0.16571831106981658
82.0 92.0 0.26809009793211164
82.0 94.0 0.2609890605746792
82.0 96.0 0.25764904880652256
82.0 98.0 0.2182101635895505
82.0 100.0 0.15197390572301347
82.0 102.0 0.06553428023557994
82.0 104.0 0.007831642301887848
82.0 106.0 0.0
82.0 108.0 0.0
82.0 110.0 0.0
82.0 112.0 0.0
82.0 114.0 0.0
82.0 116.0 0.0
82.0 118.0 0.0
82.0 120.0 0.0
82.0 122.0 0.0
82.0 124.0 0.011184108251801696
82.0 126.0 0.0
84.0 0.0 0.0
84.0 2.0 0.0
84.0 4.0 0.0
84.0 6.0 0.0
84.0 8.0 0.0
84.0 10.0 0.0
84.0 12.0 0.0
84.0 14.0 0.0
84.0 16.0 0.028778767936104687
84.0 18.0 0.09781702029265105
84.0 20.0 0.21893814359946964
84.0 22.0 0.30648588416547556
84.0 24.0 0.3322433635197492
84.0 26.0 0.34415160242884824
84.0 28.0 0.35785918081864615
84.0 30.0 0.27473746206312993
84.0 32.0 0.10627131272907174
84.0 34.0 0.001678805979513044
84.0 36.0 0.0
84.0 38.0 0.0
84.0 40.0 0.0
84.0 42.0 0.0
84.0 44.0 0.0
84.0 46.0 0.0
84.0 48.0 0.0
84.0 50.0 0.002867387897406194
84.0 52.0 0.04863072420988063
84.0 54.0 0.10799282520005038
84.0 56.0 0.15287210980404994
84.0 58.0 0.13328379486418993
84.0 60.0 0.10703763897965302
84.0 62.0 0.06955028441559466
84.0 64.0 0.03404080369972041
84.0 66.0 9.709661073439482E-4
84.0 68.0 0.0
84.0 70.0 0.0
84.0 72.0 0.0
84.0 74.0 0.0
84.0 76.0 0.0
84.0 78.0 0.0
84.0 80.0 0.0010078718541968103
84.0 82.0 0.012339982996620572
84.0 84.0 0.040496105974603194
84.0 86.0 0.10222335621858462
84.0 88.0 0.2306123206461542
84.0 90.0 0.3560981273407491
84.0 92.0 0.4261519964489064
84.0 94.0 0.43674613550142105
84.0 96.0 0.3528116389526466
84.0 98.0 0.2955013938665367
84.0 100.0 0.21135519183607765
84.0 102.0 0.0915635733539228
84.0 104.0 0.016149259604389992
84.0 106.0 0.0
84.0 108.0 0.0
84.0 110.0 0.0
84.0 112.0 0.0
84.0 114.0 0.0
84.0 116.0 0.0
84.0 118.0 0.0
84.0 120.0 0.0
84.0 122.0 0.0
84.0 124.0 0.0
84.0 126.0 0.0
86.0 0.0 0.0
86.0 2.0 0.0
86.0 4.0 0.0
86.0 6.0 0.0
86.0 8.0 0.0
86.0 10.0 0.0
86.0 12.0 0.0
86.0 14.0 0.0016362805919612185
86.0 16.0 0.08427582662896528
86.0 18.0 0.2212135486198655
86.0 20.0 0.34285460489208425
86.0 22.0 0.3856558724804077
86.0 24.0 0.4064736655776149
86.0 26.0 0.42416455659663627
86.0 28.0 0.4757163725355899
86.0 30.0 0.38740043472809593
86.0 32.0 0.19647197587121026
86.0 34.0 0.025634975909872893
86.0 36.0 0.0
86.0 38.0 0.0
86.0 40.0 0.0
86.0 42.0 0.0
86.0 44.0 0.0
86.0 46.0 0.0
86.0 48.0 0.0
86.0 50.0 0.0
86.0 52.0 0.0
86.0 54.0 0.023230968610767646
86.0 56.0 0.0454252876742527
86.0 58.0 0.04054478294741422
86.0 60.0 0.024407415078684363
86.0 62.0 0.009875809861880093
86.0 64.0 0.002356627913186927
86.0 66.0 0.0
86.0 68.0 0.0
86.0 70.0 0.0
86.0 72.0 0.0
86.0 74.0 0.0
86.0 76.0 0.0
86.0 78.0 0.0
86.0 80.0 0.01523734916334294
86.0 82.0 0.04380826563171608
86.0 84.0 0.0890516325539672
86.0 86.0 0.20138693779990802
86.0 88.0 0.3279447855188275
86.0 90.0 0.4223241443707726
86.0 92.0 0.4559891038357639
86.0 94.0 0.4711116046452633
86.0 96.0 0.4489880289485919
86.0 98.0 0.3830374900946156
86.0 100.0 0.27058860099665255
86.0 102.0 0.12278542091360937
86.0 104.0 0.026770153371023262
86.0 106.0 0.0
86.0 108.0 0.0
86.0 110.0 0.0
86.0 112.0 0.0
86.0 114.0 0.0
86.0 116.0 0.0
86.0 118.0 0.0
86.0 120.0 0.0
86.0 122.0 0.0
86.0 124.0 0.0
86.0 126.0 0.0
88.0 0.0 0.0
88.0 2.0 0.0
88.0 4.0 0.0
88.0 6.0 0.0
88.0 8.0 0.0
88.0 10.0 0.0
88.0 12.0 0.0
88.0 14.0 0.01758995549939173
88.0 16.0 0.14312515249388402
88.0 18.0 0.31377914691706404
88.0 20.0 0.42723445411339384
88.0 22.0 0.4297366385051365
88.0 24.0 0.4484745822409906
88.0 26.0 0.46330386962909426
88.0 28.0 0.5153511665807655
88.0 30.0 0.4331766592297855
88.0 32.0 0.25653964322332456
88.0 34.0 0.07025408478598204
88.0 36.0 0.0
88.0 38.0 0.0
88.0 40.0 0.0
88.0 42.0 0.0
88.0 44.0 0.0
88.0 46.0 0.0
88.0 48.0 0.0
88.0 50.0 0.0
88.0 52.0 0.0
88.0 54.0 0.0
88.0 56.0 0.0013811471038868166
88.0 58.0 0.0011906618279831868
88.0 60.0 0.0
88.0 62.0 0.0026330266428856754
88.0 64.0 0.0
88.0 66.0 0.0
88.0 68.0 0.0
88.0 70.0 0.0
88.0 72.0 0.0
88.0 74.0 0.0
88.0 76.0 8.465850871508435E-4
88.0 78.0 0.014685253974788065
88.0 80.0 0.041110845111226146
88.0 82.0 0.06387727617211443
88.0 84.0 0.13694521643588853
88.0 86.0 0.2578787445844553
88.0 88.0 0.3769402080760467
88.0 90.0 0.40819717678041895
88.0 92.0 0.42253732712748976
88.0 94.0 0.43362364196141817
88.0 96.0 0.41651401575884517
88.0 98.0 0.38702623134864805
88.0 100.0 0.3483508336114817
88.0 102.0 0.1631204756146509
88.0 104.0 0.03640269743838045
88.0 106.0 0.0
88.0 108.0 0.0
88.0 110.0 0.0
88.0 112.0 0.0
88.0 114.0 0.0
88.0 116.0 0.0
88.0 118.0 0.0
88.0 120.0 0.0
88.0 122.0 0.0
88.0 124.0 0.0
88.0 126.0 0.0
90.0 0.0 0.0
90.0 2.0 0.0
90.0 4.0 0.0
90.0 6.0 0.0
90.0 8.0 0.0
90.0 10.0 0.0
90.0 12.0 0.0
90.0 14.0 0.03466616447687491
90.0 16.0 0.1973025301343243
90.0 18.0 0.37967840293952976
90.0 20.0 0.47558189705034143
90.0 22.0 0.45429767494949336
90.0 24.0 0.47609200832314763
90.0 26.0 0.4870481658538597
90.0 28.0 0.5010942771794021
90.0 30.0 0.42680645651107635
90.0 32.0 0.2706370045509943
90.0 34.0 0.09255105355851255
90.0 36.0 0.0
90.0 38.0 0.0
90.0 40.0 0.0
90.0 42.0 0.0
90.0 44.0 0.0
90.0 46.0 0.0
90.0 48.0 0.0
90.0 50.0 0.0
90.0 52.0 0.0
90.0 54.0 0.0
90.0 56.0 0.0
90.0 58.0 0.0
90.0 60.0 1.575836054127183E-5
90.0 62.0 0.0
90.0 64.0 0.0
90.0 66.0 0.0
90.0 68.0 0.0
90.0 70.0 0.0
90.0 72.0 0.0
90.0 74.0 0.0
90.0 76.0 0.0021381926818196963
90.0 78.0 0.020179295845423047
90.0 80.0 0.055705039783927705
90.0 82.0 0.07268376329500652
90.0 84.0 0.15801240943515474
90.0 86.0 0.28143562742312916
90.0 88.0 0.39221589437025245
90.0 90.0 0.42180278587167547
90.0 92.0 0.4172733385759177
90.0 94.0 0.4275428443534393
90.0 96.0 0.4183780605289054
90.0 98.0 0.4470658193375259
90.0 100.0 0.3796153915484464
90.0 102.0 0.20029095162814303
90.0 104.0 0.0544516212757881
90.0 106.0 0.0
90.0 108.0 0.0
90.0 110.0 0.0
90.0 112.0 0.0
90.0 114.0 0.0
90.0 116.0 0.0
90.0 118.0 0.0
90.0 120.0 0.0
90.0 122.0 0.0
90.0 124.0 0.0
90.0 126.0 0.0
92.0 0.0 0.0
92.0 2.0 0.0
92.0 4.0 0.0
92.0 6.0 0.0
92.0 8.0 0.0
92.0 10.0 0.0
92.0 12.0 0.0
92.0 14.0 0.022940316936332906
92.0 16.0 0.20132539196202018
92.0 18.0 0.4044690469823083
92.0 20.0 0.503736031234474
92.0 22.0 0.46149217496844663
92.0 24.0 0.48213147995029987
92.0 26.0 0.4957578694017322
92.0 28.0 0.5046364992894027
92.0 30.0 0.42187554119443993
92.0 32.0 0.26514984144056336
92.0 34.0 0.0981934658674986
92.0 36.0 0.002461843534352626
92.0 38.0 0.0
92.0 40.0 0.0
92.0 42.0 0.0
92.0 44.0 0.0
92.0 46.0 0.0
92.0 48.0 0.0
92.0 50.0 0.0
92.0 52.0 0.0
92.0 54.0 0.0
92.0 56.0 0.0
92.0 58.0 0.0
92.0 60.0 0.0010662750361363083
92.0 62.0 0.0
92.0 64.0 0.0
92.0 66.0 0.0
92.0 68.0 0.0
92.0 70.0 0.0
92.0 72.0 0.0
92.0 74.0 0.0
92.0 76.0 0.0024203245741640338
92.0 78.0 0.02315306869134077
92.0 80.0 0.0586332279490091
92.0 82.0 0.0837519146850349
92.0 84.0 0.17254171501482
92.0 86.0 0.27911330252478234
92.0 88.0 0.3733760837959929
92.0 90.0 0.42387151332699574
92.0 92.0 0.4116971742091182
92.0 94.0 0.4241498159936962
92.0 96.0 0.4154904461656342
92.0 98.0 0.4091240346916696
92.0 100.0 0.40109873301107957
92.0 102.0 0.219466925911418
92.0 104.0 0.07271598428445838
92.0 106.0 0.0
92.0 108.0 0.0
92.0 110.0 0.0
92.0 112.0 0.0
92.0 114.0 0.0
92.0 116.0 0.0
92.0 118.0 0.0
92.0 120.0 0.0
92.0 122.0 0.0
92.0 124.0 0.0
92.0 126.0 0.0
94.0 0.0 0.0
94.0 2.0 0.0
94.0 4.0 0.0
94.0 6.0 0.0
94.0 8.0 0.0
94.0 10.0 0.0
94.0 12.0 0.0
94.0 14.0 0.03881414220562245
94.0 16.0 0.23791085314963137
94.0 18.0 0.43092369641750644
94.0 20.0 0.5316643871254675
94.0 22.0 0.48946758603196305
94.0 24.0 0.4762685806199667
94.0 26.0 0.48303998527423025
94.0 28.0 0.45413457871007074
94.0 30.0 0.40276137106446175
94.0 32.0 0.24895208732188404
94.0 34.0 0.09315111388467172
94.0 36.0 0.00288001412657316
94.0 38.0 0.0
94.0 40.0 0.0
94.0 42.0 0.0
94.0 44.0 0.0
94.0 46.0 0.0
94.0 48.0 0.0
94.0 50.0 0.0
94.0 52.0 0.0
94.0 54.0 0.0
94.0 56.0 0.0
94.0 58.0 0.0
94.0 60.0 0.0020105872206788427
94.0 62.0 0.0014448109659098939
94.0 64.0 0.0
94.0 66.0 0.0
94.0 68.0 0.0
94.0 70.0 0.0
94.0 72.0 0.0
94.0 74.0 0.0
94.0 76.0 1.004184274600183E-4
94.0 78.0 0.01816251960173182
94.0 80.0 0.048198938834056626
94.0 82.0 0.0784518303788216
94.0 84.0 0.15692525603953036
94.0 86.0 0.247397931349343
94.0 88.0 0.331719181159888
94.0 90.0 0.4060607943978373
94.0 92.0 0.421504047283193
94.0 94.0 0.42341100934479364
94.0 96.0 0.4173020680561619
94.0 98.0 0.40482751946794854
94.0 100.0 0.3958677678168094
94.0 102.0 0.22762341494387897
94.0 104.0 0.0857573443712361
94.0 106.0 0.0
94.0 108.0 0.0
94.0 110.0 0.0
94.0 112.0 0.0
94.0 114.0 0.0
94.0 116.0 0.0
94.0 118.0 0.0
94.0 120.0 0.0
94.0 122.0 0.0
94.0 124.0 0.0
94.0 126.0 0.0
96.0 0.0 0.0
96.0 2.0 0.0
96.0 4.0 0.0
96.0 6.0 0.0
96.0 8.0 0.0
96.0 10.0 0.0
96.0 12.0 0.0
96.0 14.0 0.007587933424094734
96.0 16.0 0.17589490006621655
96.0 18.0 0.36253317231395904
96.0 20.0 0.49204527254588254
96.0 22.0 0.5043521345288733
96.0 24.0 0.4798085789003131
96.0 26.0 0.4703491405659818
96.0 28.0 0.4355518927601382
96.0 30.0 0.35116081271517036
96.0 32.0 0.20919566800685122
96.0 34.0 0.07893755944243895
96.0 36.0 0.0011830375583175288
96.0 38.0 0.0
96.0 40.0 0.0
96.0 42.0 0.0
96.0 44.0 0.0
96.0 46.0 0.0
96.0 48.0 0.0
96.0 50.0 0.0
96.0 52.0 0.0
96.0 54.0 0.0
96.0 56.0 0.0
96.0 58.0 0.001088967593140305
96.0 60.0 0.00534007119431243
96.0 62.0 0.005026077064150021
96.0 64.0 0.0021869103280265857
96.0 66.0 0.0
96.0 68.0 0.0
96.0 70.0 0.0
96.0 72.0 0.0
96.0 74.0 0.0
96.0 76.0 0.0
96.0 78.0 0.0
96.0 80.0 0.019963254677329335
96.0 82.0 0.05080520236061686
96.0 84.0 0.12326726611541887
96.0 86.0 0.19687983920644433
96.0 88.0 0.27273994640416754
96.0 90.0 0.3539840353350101
96.0 92.0 0.4109103254539273
96.0 94.0 0.4230390853137891
96.0 96.0 0.41570581497122716
96.0 98.0 0.3891388210564352
96.0 100.0 0.3603584132002646
96.0 102.0 0.23760152229331144
96.0 104.0 0.0901458133850453
96.0 106.0 0.0
96.0 108.0 0.0
96.0 110.0 0.0
96.0 112.0 0.0
96.0 114.0 0.0
96.0 116.0 0.0
96.0 118.0 0.0
96.0 120.0 0.0
96.0 122.0 0.0
96.0 124.0 0.0
96.0 126.0 0.0
98.0 0.0 0.0
98.0 2.0 0.0
98.0 4.0 0.0
98.0 6.0 0.0
98.0 8.0 0.0
98.0 10.0 0.0
98.0 12.0 0.0
98.0 14.0 5.798163937212052E-4
98.0 16.0 0.14471963512244293
98.0 18.0 0.33514232310663655
98.0 20.0 0.4677391481558654
98.0 22.0 0.4902572050685552
98.0 24.0 0.4546431022170084
98.0 26.0 0.43688086550692223
98.0 28.0 0.39757263847096785
98.0 30.0 0.309410749280941
98.0 32.0 0.1684721253602661
98.0 34.0 0.058324096361182944
98.0 36.0 0.0
98.0 38.0 0.0
98.0 40.0 0.0
98.0 42.0 0.0
98.0 44.0 0.0
98.0 46.0 0.0
98.0 48.0 0.0
98.0 50.0 0.0
98.0 52.0 0.0
98.0 54.0 0.0
98.0 56.0 0.0
98.0 58.0 0.004958030359863796
98.0 60.0 0.012660367301834919
98.0 62.0 0.011990469402515582
98.0 64.0 0.006469893048110266
98.0 66.0 0.0
98.0 68.0 0.0
98.0 70.0 0.0
98.0 72.0 0.0
98.0 74.0 0.0
98.0 76.0 0.0
98.0 78.0 0.0
98.0 80.0 0.0
98.0 82.0 0.019663825305785115
98.0 84.0 0.05350105145297732
98.0 86.0 0.1266061726257051
98.0 88.0 0.19577384745758922
98.0 90.0 0.29204857455452854
98.0 92.0 0.3590539193322082
98.0 94.0 0.3911248605248123
98.0 96.0 0.40423729169021144
98.0 98.0 0.4129856946713613
98.0 100.0 0.36456389049575577
98.0 102.0 0.23654683403929846
98.0 104.0 0.09575768968981942
98.0 106.0 3.639199902164241E-4
98.0 108.0 0.0
98.0 110.0 0.0
98.0 112.0 0.0
98.0 114.0 0.0
98.0 116.0 0.0
98.0 118.0 0.0
98.0 120.0 0.0
98.0 122.0 0.0
98.0 124.0 0.0
98.0 126.0 0.0
100.0 0.0 0.0
100.0 2.0 0.0
100.0 4.0 0.0
100.0 6.0 0.0
100.0 8.0 0.0
100.0 10.0 0.0
100.0 12.0 0.0
100.0 14.0 0.0
100.0 16.0 0.14423154170128552
100.0 18.0 0.35385565843180156
100.0 20.0 0.4517979031762014
100.0 22.0 0.4505798259876293
100.0 24.0 0.43854839300303583
100.0 26.0 0.42860686313541135
100.0 28.0 0.37100348199238015
100.0 30.0 0.26224053391438545
100.0 32.0 0.11976564756923465
100.0 34.0 0.036737487106224355
100.0 36.0 0.0
100.0 38.0 0.0
100.0 40.0 0.0
100.0 42.0 0.0
100.0 44.0 0.0
100.0 46.0 0.0
100.0 48.0 0.0
100.0 50.0 0.0
100.0 52.0 0.0
100.0 54.0 0.0
100.0 56.0 0.0042373164570896115
100.0 58.0 0.02301930305519927
100.0 60.0 0.038979101196894315
100.0 62.0 0.039543926595154995
100.0 64.0 0.02378029777436148
100.0 66.0 0.005146121758521724
100.0 68.0 0.0
100.0 70.0 0.0
100.0 72.0 0.0
100.0 74.0 0.0
100.0 76.0 0.0
100.0 78.0 0.0
100.0 80.0 0.0
100.0 82.0 6.531678445277136E-4
100.0 84.0 0.016542340134308203
100.0 86.0 0.051330147584231094
100.0 88.0 0.12384744090254239
100.0 90.0 0.1970667421540783
100.0 92.0 0.2884884637176449
100.0 94.0 0.36451889438537505
100.0 96.0 0.41312487086894284
100.0 98.0 0.4031828358795629
100.0 100.0 0.3468926377777168
100.0 102.0 0.2365675630287253
100.0 104.0 0.10214790833348449
100.0 106.0 0.01750774672923237
100.0 108.0 0.0
100.0 110.0 0.0
100.0 112.0 0.0
100.0 114.0 0.0
100.0 116.0 0.0
100.0 118.0 0.0
100.0 120.0 0.0
100.0 122.0 0.0
100.0 124.0 0.0
100.0 126.0 0.0
102.0 0.0 0.0
102.0 2.0 0.0
102.0 4.0 0.0
102.0 6.0 0.0
102.0 8.0 0.0
102.0 10.0 0.0
102.0 12.0 0.0
102.0 14.0 0.0
102.0 16.0 0.05179182397053641
102.0 18.0 0.3014167888687883
102.0 20.0 0.41723600737792926
102.0 22.0 0.430138189989074
102.0 24.0 0.40105116572652594
102.0 26.0 0.3673825007893734
102.0 28.0 0.2944076105017352
102.0 30.0 0.172606793781136
102.0 32.0 0.06294402733566674
102.0 34.0 0.009596595414314667
102.0 36.0 0.0
102.0 38.0 0.0
102.0 40.0 0.0
102.0 42.0 0.0
102.0 44.0 0.0
102.0 46.0 0.0
102.0 48.0 0.0
102.0 50.0 0.0
102.0 52.0 0.0
102.0 54.0 0.013575343328184443
102.0 56.0 0.05244492333257417
102.0 58.0 0.08897720833763552
102.0 60.0 0.10571610540747027
102.0 62.0 0.10310518710056489
102.0 64.0 0.08301628603358
102.0 66.0 0.04906852237783571
102.0 68.0 0.007868972966535874
102.0 70.0 0.0
102.0 72.0 0.0
102.0 74.0 0.0
102.0 76.0 0.0
102.0 78.0 0.0
102.0 80.0 0.0
102.0 82.0 0.0
102.0 84.0 0.0
102.0 86.0 0.008628034628757985
102.0 88.0 0.03990126511121659
102.0 90.0 0.10557735556108956
102.0 92.0 0.21152220065996388
102.0 94.0 0.32052522922267473
102.0 96.0 0.3798934683659889
102.0 98.0 0.3778931716851284
102.0 100.0 0.33495544020560225
102.0 102.0 0.24652783993403551
102.0 104.0 0.13161074359919353
102.0 106.0 0.042495536701119045
102.0 108.0 0.0
102.0 110.0 0.0
102.0 112.0 0.0
102.0 114.0 0.0
102.0 116.0 0.0
102.0 118.0 0.0
102.0 120.0 0.0
102.0 122.0 0.0
102.0 124.0 0.0
102.0 126.0 0.0
104.0 0.0 0.0
104.0 2.0 0.0
104.0 4.0 0.0
104.0 6.0 0.0
104.0 8.0 0.0
104.0 10.0 0.0
104.0 12.0 0.0
104.0 14.0 0.0
104.0 16.0 0.0
104.0 18.0 0.2487581299723216
104.0 20.0 0.36378839129047297
104.0 22.0 0.4192207143622244
104.0 24.0 0.3422443547819687
104.0 26.0 0.27408726479623824
104.0 28.0 0.18292559259184923
104.0 30.0 0.06951387997893803
104.0 32.0 0.01933430844888939
104.0 34.0 0.0
104.0 36.0 0.0
104.0 38.0 0.0
104.0 40.0 0.0
104.0 42.0 0.0
104.0 44.0 0.0
104.0 46.0 0.0
104.0 48.0 0.0
104.0 50.0 0.0
104.0 52.0 0.018099384522663107
104.0 54.0 0.07140111087015776
104.0 56.0 0.12020978373747067
104.0 58.0 0.14992161679471108
104.0 60.0 0.1679858840806933
104.0 62.0 0.1856761976468567
104.0 64.0 0.13863756681929526
104.0 66.0 0.07451212485105685
104.0 68.0 0.04155071199131025
104.0 70.0 0.007394267764931844
104.0 72.0 0.0
104.0 74.0 0.0
104.0 76.0 0.0
104.0 78.0 0.0
104.0 80.0 0.0
104.0 82.0 0.0
104.0 84.0 0.0
104.0 86.0 0.0
104.0 88.0 0.0
104.0 90.0 0.0290916924564068
104.0 92.0 0.14463285974982562
104.0 94.0 0.25856560288016467
104.0 96.0 0.3289308076681718
104.0 98.0 0.3546212084005654
104.0 100.0 0.33495385200816025
104.0 102.0 0.2724706255644325
104.0 104.0 0.19355937792689157
104.0 106.0 0.08647112828674423
104.0 108.0 0.0020598616169778456
104.0 110.0 0.0
104.0 112.0 0.0
104.0 114.0 0.0
104.0 116.0 0.0
104.0 118.0 0.0
104.0 120.0 0.0
104.0 122.0 0.0
104.0 124.0 0.0
104.0 126.0 0.0
106.0 0.0 0.0
106.0 2.0 0.0
106.0 4.0 0.0
106.0 6.0 0.0
106.0 8.0 0.0
106.0 10.0 0.0
106.0 12.0 0.0
106.0 14.0 0.0
106.0 16.0 0.0
106.0 18.0 0.10763559909616054
106.0 20.0 0.33220872425611964
106.0 22.0 0.3494627970504596
106.0 24.0 0.27083922818405415
106.0 26.0 0.1771698888518954
106.0 28.0 0.06422130794666502
106.0 30.0 0.001497602674998907
106.0 32.0 0.0
106.0 34.0 0.0
106.0 36.0 0.0
106.0 38.0 0.0
106.0 40.0 0.0
106.0 42.0 0.0
106.0 44.0 0.0
106.0 46.0 0.0
106.0 48.0 0.0
106.0 50.0 0.02115891691234911
106.0 52.0 0.07652919221874659
106.0 54.0 0.1353457917122859
106.0 56.0 0.1744507083564734
106.0 58.0 0.19939496742009089
106.0 60.0 0.21622376658139522
106.0 62.0 0.25872200899991915
106.0 64.0 0.2065024760915947
106.0 66.0 0.13226334828177902
106.0 68.0 0.049157556360822065
106.0 70.0 0.019342632963117248
106.0 72.0 0.0
106.0 74.0 0.0
106.0 76.0 0.0
106.0 78.0 0.0
106.0 80.0 0.0
106.0 82.0 0.0
106.0 84.0 0.0
106.0 86.0 0.0
106.0 88.0 0.0
106.0 90.0 0.0
106.0 92.0 0.06647794857231877
106.0 94.0 0.1704106957203273
106.0 96.0 0.2756648067199566
106.0 98.0 0.33539066541256735
106.0 100.0 0.3444182742800998
106.0 102.0 0.3098346033700187
106.0 104.0 0.2672686084044383
106.0 106.0 0.18922990263879602
106.0 108.0 0.0511240064147955
106.0 110.0 0.0
106.0 112.0 0.0
106.0 114.0 0.0
106.0 116.0 0.0
106.0 118.0 0.0
106.0 120.0 0.0
106.0 122.0 0.0
106.0 124.0 0.0
106.0 126.0 0.0
108.0 0.0 0.0
108.0 2.0 0.0
108.0 4.0 0.0
108.0 6.0 0.0
108.0 8.0 0.0
108.0 10.0 0.0
108.0 12.0 0.0
108.0 14.0 0.0
108.0 16.0 0.0
108.0 18.0 0.0
108.0 20.0 0.15282647928930101
108.0 22.0 0.23163038210118767
108.0 24.0 0.1687606329212055
108.0 26.0 0.045654420315629024
108.0 28.0 0.0
108.0 30.0 0.0
108.0 32.0 0.0
108.0 34.0 0.0
108.0 36.0 0.0
108.0 38.0 0.0
108.0 40.0 0.0
108.0 42.0 0.0
108.0 44.0 0.0
108.0 46.0 0.0
108.0 48.0 0.0027346287664133176
108.0 50.0 0.040202509595267534
108.0 52.0 0.12770890578656416
108.0 54.0 0.1822143503814887
108.0 56.0 0.21218753299315554
108.0 58.0 0.2332227781329498
108.0 60.0 0.2510518045289461
108.0 62.0 0.3180228181203763
108.0 64.0 0.2656172275945953
108.0 66.0 0.18446609064575425
108.0 68.0 0.07610953824079636
108.0 70.0 0.022760780810760176
108.0 72.0 0.0
108.0 74.0 0.0
108.0 76.0 0.0
108.0 78.0 0.0
108.0 80.0 0.0
108.0 82.0 0.0
108.0 84.0 0.0
108.0 86.0 0.0
108.0 88.0 0.0
108.0 90.0 0.0
108.0 92.0 0.015193005742822327
108.0 94.0 0.09545893338529725
108.0 96.0 0.24126123190168125
108.0 98.0 0.3304794316804489
108.0 100.0 0.36838352741051494
108.0 102.0 0.3561430276928363
108.0 104.0 0.33115333121896284
108.0 106.0 0.3024840033534719
108.0 108.0 0.18607550103572154
108.0 110.0 0.0
108.0 112.0 0.0
108.0 114.0 0.0
108.0 116.0 0.0
108.0 118.0 0.0
108.0 120.0 0.0
108.0 122.0 0.0
108.0 124.0 0.0
108.0 126.0 0.0
110.0 0.0 0.0
110.0 2.0 0.0
110.0 4.0 0.0
110.0 6.0 0.0
110.0 8.0 0.0
110.0 10.0 0.0
110.0 12.0 0.0
110.0 14.0 0.0
110.0 16.0 0.0
110.0 18.0 0.0
110.0 20.0 0.0
110.0 22.0 0.1416378372324984
110.0 24.0 0.05954906072403404
110.0 26.0 0.002834100796158213
110.0 28.0 0.0
110.0 30.0 0.0
110.0 32.0 0.0
110.0 34.0 0.0
110.0 36.0 0.0
110.0 38.0 0.0
110.0 40.0 0.0
110.0 42.0 0.0
110.0 44.0 0.0
110.0 46.0 0.010476279453222777
110.0 48.0 0.05242722562590934
110.0 50.0 0.11943189852149398
110.0 52.0 0.16055099631832961
110.0 54.0 0.21382342471920365
110.0 56.0 0.2384830021319633
110.0 58.0 0.25559940071904014
110.0 60.0 0.2743045733700254
110.0 62.0 0.35093871482183703
110.0 64.0 0.3105841325620813
110.0 66.0 0.2336201018611905
110.0 68.0 0.09786378344376406
110.0 70.0 0.032298586132735556
110.0 72.0 5.637661732931186E-4
110.0 74.0 0.0
110.0 76.0 0.0
110.0 78.0 0.0
110.0 80.0 0.0
110.0 82.0 0.0
110.0 84.0 0.0
110.0 86.0 0.0
110.0 88.0 0.0
110.0 90.0 0.0
110.0 92.0 0.0
110.0 94.0 0.07148207003249284
110.0 96.0 0.21235650875798243
110.0 98.0 0.3370998704101842
110.0 100.0 0.40418566699949343
110.0 102.0 0.4060206626951585
110.0 104.0 0.39106052189944873
110.0 106.0 0.375562278321009
110.0 108.0 0.0
110.0 110.0 0.0
110.0 112.0 0.0
110.0 114.0 0.0
110.0 116.0 0.0
110.0 118.0 0.0
110.0 120.0 0.0
110.0 122.0 0.0
110.0 124.0 0.0
110.0 126.0 0.0
112.0 0.0 0.0
112.0 2.0 0.0
112.0 4.0 0.0
112.0 6.0 0.0
112.0 8.0 0.0
112.0 10.0 0.0
112.0 12.0 0.0
112.0 14.0 0.0
112.0 16.0 0.0
112.0 18.0 0.0
112.0 20.0 0.0
112.0 22.0 0.0
112.0 24.0 0.13009433443606033
112.0 26.0 8.845743547912671E-4
112.0 28.0 0.0
112.0 30.0 0.0
112.0 32.0 0.0
112.0 34.0 0.0
112.0 36.0 0.0
112.0 38.0 0.0
112.0 40.0 0.0
112.0 42.0 4.329473758421005E-4
112.0 44.0 0.021760728476375266
112.0 46.0 0.06084337287084395
112.0 48.0 0.12420260372150595
112.0 50.0 0.18523556588252363
112.0 52.0 0.20878764964080557
112.0 54.0 0.22683910711951047
112.0 56.0 0.25516830102487315
112.0 58.0 0.30474713331203657
112.0 60.0 0.332888090581231
112.0 62.0 0.3479904790029403
112.0 64.0 0.35444612651641666
112.0 66.0 0.2895187359984421
112.0 68.0 0.14040891240152448
112.0 70.0 0.03379959158908482
112.0 72.0 0.004743745248078148
112.0 74.0 0.0
112.0 76.0 0.0
112.0 78.0 0.0
112.0 80.0 0.0
112.0 82.0 0.0
112.0 84.0 0.0
112.0 86.0 0.0
112.0 88.0 0.0
112.0 90.0 0.0
112.0 92.0 0.0
112.0 94.0 0.0433843095041349
112.0 96.0 0.17399983719940146
112.0 98.0 0.3458049173173596
112.0 100.0 0.431720163615168
112.0 102.0 0.4449133213586449
112.0 104.0 0.4108516510365177
112.0 106.0 0.0
112.0 108.0 0.0
112.0 110.0 0.0
112.0 112.0 0.0
112.0 114.0 0.0
112.0 116.0 0.0
112.0 118.0 0.0
112.0 120.0 0.0
112.0 122.0 0.0
112.0 124.0 0.0
112.0 126.0 0.0
114.0 0.0 0.0
114.0 2.0 0.0
114.0 4.0 0.0
114.0 6.0 0.0
114.0 8.0 0.0
114.0 10.0 0.0
114.0 12.0 0.0
114.0 14.0 0.0
114.0 16.0 0.0
114.0 18.0 0.0
114.0 20.0 0.0
114.0 22.0 0.0
114.0 24.0 0.0
114.0 26.0 0.10026746197948051
114.0 28.0 0.0
114.0 30.0 0.0
114.0 32.0 0.0
114.0 34.0 0.0
114.0 36.0 0.0
114.0 38.0 0.0
114.0 40.0 9.580826509117792E-4
114.0 42.0 0.023732025975074577
114.0 44.0 0.057710302449223115
114.0 46.0 0.11471019865377043
114.0 48.0 0.173467363286152
114.0 50.0 0.22756026754281122
114.0 52.0 0.27764953563228667
114.0 54.0 0.315056399188725
114.0 56.0 0.33263594010939984
114.0 58.0 0.35180804847031055
114.0 60.0 0.335658776544609
114.0 62.0 0.3171492285745844
114.0 64.0 0.3580125099415128
114.0 66.0 0.3276283263962179
114.0 68.0 0.1821487610930791
114.0 70.0 0.0626525902246902
114.0 72.0 0.0
114.0 74.0 0.0
114.0 76.0 0.0
114.0 78.0 0.0
114.0 80.0 0.0
114.0 82.0 0.0
114.0 84.0 0.0
114.0 86.0 0.0
114.0 88.0 0.0
114.0 90.0 0.0
114.0 92.0 0.0
114.0 94.0 0.011794064163835778
114.0 96.0 0.14532244791229684
114.0 98.0 0.3301308364991636
114.0 100.0 0.4263680443215874
114.0 102.0 0.0
114.0 104.0 0.0
114.0 106.0 0.0
114.0 108.0 0.0
114.0 110.0 0.0
114.0 112.0 0.0
114.0 114.0 0.0
114.0 116.0 0.0
114.0 118.0 0.0
114.0 120.0 0.0
114.0 122.0 0.0
114.0 124.0 0.0
114.0 126.0 0.0
116.0 0.0 0.0
116.0 2.0 0.0
116.0 4.0 0.0
116.0 6.0 0.0
116.0 8.0 0.0
116.0 10.0 0.0
116.0 12.0 0.0
116.0 14.0 0.0
116.0 16.0 0.0
116.0 18.0 0.0
116.0 20.0 0.0
116.0 22.0 0.0
116.0 24.0 0.0
116.0 26.0 0.0
116.0 28.0 0.11226687585669369
116.0 30.0 0.0
116.0 32.0 0.0
116.0 34.0 0.0
116.0 36.0 0.0
116.0 38.0 0.0
116.0 40.0 0.01065680571039507
116.0 42.0 0.04399264840922019
116.0 44.0 0.08744668332901866
116.0 46.0 0.14635223037910283
116.0 48.0 0.20218805646746574
116.0 50.0 0.25327401048436454
116.0 52.0 0.29943535435642793
116.0 54.0 0.33103255565100137
116.0 56.0 0.3459155609576277
116.0 58.0 0.365500157310664
116.0 60.0 0.37769130910631654
116.0 62.0 0.3587912614306826
116.0 64.0 0.3264145386738645
116.0 66.0 0.33801482633297014
116.0 68.0 0.21188354460749656
116.0 70.0 0.08335833088502975
116.0 72.0 0.0
116.0 74.0 0.0
116.0 76.0 0.0
116.0 78.0 0.0
116.0 80.0 0.0
116.0 82.0 0.0
116.0 84.0 0.0
116.0 86.0 0.0
116.0 88.0 0.0
116.0 90.0 0.0
116.0 92.0 0.0
116.0 94.0 0.0
116.0 96.0 0.108498462005518
116.0 98.0 0.2811650981700447
116.0 100.0 0.0
116.0 102.0 0.0
116.0 104.0 0.0
116.0 106.0 0.0
116.0 108.0 0.0
116.0 110.0 0.0
116.0 112.0 0.0
116.0 114.0 0.0
116.0 116.0 0.0
116.0 118.0 0.0
116.0 120.0 0.0
116.0 122.0 0.0
116.0 124.0 0.0
116.0 126.0 0.0
118.0 0.0 0.0
118.0 2.0 0.0
118.0 4.0 0.0
118.0 6.0 0.0
118.0 8.0 0.0
118.0 10.0 0.0
118.0 12.0 0.0
118.0 14.0 0.0
118.0 16.0 0.0
118.0 18.0 0.0
118.0 20.0 0.0
118.0 22.0 0.0
118.0 24.0 0.0
118.0 26.0 0.0
118.0 28.0 0.0
118.0 30.0 0.0
118.0 32.0 0.030037137301429446
118.0 34.0 0.0
118.0 36.0 0.0
118.0 38.0 0.0
118.0 40.0 0.01288692741348302
118.0 42.0 0.05752501643262681
118.0 44.0 0.11492596232823037
118.0 46.0 0.16572703179228504
118.0 48.0 0.2166204229507156
118.0 50.0 0.26675408106383697
118.0 52.0 0.3133204106796838
118.0 54.0 0.343081652814176
118.0 56.0 0.35716508684687986
118.0 58.0 0.3792472559221434
118.0 60.0 0.39695133718294534
118.0 62.0 0.3933811739677544
118.0 64.0 0.3546744849652655
118.0 66.0 0.3086015447854403
118.0 68.0 0.2234163774950483
118.0 70.0 0.09165677650409614
118.0 72.0 0.003039270847508893
118.0 74.0 0.0
118.0 76.0 0.0
118.0 78.0 0.0
118.0 80.0 0.0
118.0 82.0 0.0
118.0 84.0 0.0
118.0 86.0 0.0
118.0 88.0 0.0
118.0 90.0 0.0
118.0 92.0 0.0
118.0 94.0 0.0
118.0 96.0 0.07234075027098998
118.0 98.0 0.0
118.0 100.0 0.0
118.0 102.0 0.0
118.0 104.0 0.0
118.0 106.0 0.0
118.0 108.0 0.0
118.0 110.0 0.0
118.0 112.0 0.0
118.0 114.0 0.0
118.0 116.0 0.0
118.0 118.0 0.0
118.0 120.0 0.0
118.0 122.0 0.0
118.0 124.0 0.0
118.0 126.0 0.0
120.0 0.0 0.0
120.0 2.0 0.0
120.0 4.0 0.0
120.0 6.0 0.0
120.0 8.0 0.0
120.0 10.0 0.0
120.0 12.0 0.0
120.0 14.0 0.0
120.0 16.0 0.0
120.0 18.0 0.0
120.0 20.0 0.0
120.0 22.0 0.0
120.0 24.0 0.0
120.0 26.0 0.0
120.0 28.0 0.0
120.0 30.0 0.0
120.0 32.0 0.0
120.0 34.0 0.0
120.0 36.0 0.005846921993113166
120.0 38.0 0.0
120.0 40.0 0.0
120.0 42.0 0.035237178397793896
120.0 44.0 0.08939721694245982
120.0 46.0 0.1560582355577498
120.0 48.0 0.21097532934850302
120.0 50.0 0.2641584920705824
120.0 52.0 0.31623915429654864
120.0 54.0 0.3475412915092564
120.0 56.0 0.362294639653789
120.0 58.0 0.3866511409580074
120.0 60.0 0.41007365168012117
120.0 62.0 0.412458219134979
120.0 64.0 0.37575158158688265
120.0 66.0 0.31212851062002256
120.0 68.0 0.2130665089975108
120.0 70.0 0.09748344292894719
120.0 72.0 0.00815958714190109
120.0 74.0 0.0
120.0 76.0 0.0
120.0 78.0 0.0
120.0 80.0 0.0
120.0 82.0 0.0
120.0 84.0 0.0
120.0 86.0 0.0
120.0 88.0 0.0
120.0 90.0 0.0
120.0 92.0 0.0
120.0 94.0 0.0
120.0 96.0 0.0
120.0 98.0 0.0
120.0 100.0 0.0
120.0 102.0 0.0
120.0 104.0 0.0
120.0 106.0 0.0
120.0 108.0 0.0
120.0 110.0 0.0
120.0 112.0 0.0
120.0 114.0 0.0
120.0 116.0 0.0
120.0 118.0 0.0
120.0 120.0 0.0
120.0 122.0 0.0
120.0 124.0 0.0
120.0 126.0 0.0
122.0 0.0 0.0
122.0 2.0 0.0
122.0 4.0 0.0
122.0 6.0 0.0
122.0 8.0 0.0
122.0 10.0 0.0
122.0 12.0 0.0
122.0 14.0 0.0
122.0 16.0 0.0
122.0 18.0 0.0
122.0 20.0 0.0
122.0 22.0 0.0
122.0 24.0 0.0
122.0 26.0 0.0
122.0 28.0 0.0
122.0 30.0 0.0
122.0 32.0 0.0
122.0 34.0 0.0
122.0 36.0 0.0
122.0 38.0 0.0
122.0 40.0 0.0
122.0 42.0 0.0
122.0 44.0 0.02625935130425131
122.0 46.0 0.08377211746346813
122.0 48.0 0.1495539712085712
122.0 50.0 0.2381728798145751
122.0 52.0 0.2969345029534596
122.0 54.0 0.33795726664572845
122.0 56.0 0.3588590763769442
122.0 58.0 0.3853366917860012
122.0 60.0 0.4145276049944753
122.0 62.0 0.4237755978809424
122.0 64.0 0.39407822860445724
122.0 66.0 0.3259876783477993
122.0 68.0 0.21506233079040993
122.0 70.0 0.09867703928581457
122.0 72.0 0.014039544398168435
122.0 74.0 0.0
122.0 76.0 0.0
122.0 78.0 0.0
122.0 80.0 0.0
122.0 82.0 0.0
122.0 84.0 0.0
122.0 86.0 0.0
122.0 88.0 0.0
122.0 90.0 0.0
122.0 92.0 0.0
122.0 94.0 0.0
122.0 96.0 0.0
122.0 98.0 0.0
122.0 100.0 0.0
122.0 102.0 0.0
122.0 104.0 0.0
122.0 106.0 0.0
122.0 108.0 0.0
122.0 110.0 0.0
122.0 112.0 0.0
122.0 114.0 0.0
122.0 116.0 0.0
122.0 118.0 0.0
122.0 120.0 0.0
122.0 122.0 0.0
122.0 124.0 0.0
122.0 126.0 0.0
124.0 0.0 0.0
124.0 2.0 0.0
124.0 4.0 0.0
124.0 6.0 0.0
124.0 8.0 0.0
124.0 10.0 0.0
124.0 12.0 0.0
124.0 14.0 0.0
124.0 16.0 0.0
124.0 18.0 0.0
124.0 20.0 0.0
124.0 22.0 0.0
124.0 24.0 0.0
124.0 26.0 0.0
124.0 28.0 0.0
124.0 30.0 0.0
124.0 32.0 0.0
124.0 34.0 0.0
124.0 36.0 0.0
124.0 38.0 0.0
124.0 40.0 0.0
124.0 42.0 0.0
124.0 44.0 0.0
124.0 46.0 0.0
124.0 48.0 0.0
124.0 50.0 0.04171549129008866
124.0 52.0 0.13136693053024737
124.0 54.0 0.23653920568320944
124.0 56.0 0.30667764995948693
124.0 58.0 0.35148894733544406
124.0 60.0 0.392587590760187
124.0 62.0 0.40950383001722757
124.0 64.0 0.3931662152449187
124.0 66.0 0.3327065898670563
124.0 68.0 0.2207417863842642
124.0 70.0 0.10430511048731694
124.0 72.0 0.019405676078605865
124.0 74.0 0.0
124.0 76.0 0.0
124.0 78.0 0.0
124.0 80.0 0.0
124.0 82.0 0.0
124.0 84.0 0.0
124.0 86.0 0.0
124.0 88.0 0.0
124.0 90.0 0.0
124.0 92.0 0.0
124.0 94.0 0.0
124.0 96.0 0.0
124.0 98.0 0.0
124.0 100.0 0.0
124.0 102.0 0.0
124.0 104.0 0.0
124.0 106.0 0.0
124.0 108.0 0.0
124.0 110.0 0.0
124.0 112.0 0.0
124.0 114.0 0.0
124.0 116.0 0.0
124.0 118.0 0.0
124.0 120.0 0.0
124.0 122.0 0.0
124.0 124.0 0.0
124.0 126.0 0.0
126.0 0.0 0.0
126.0 2.0 0.0
126.0 4.0 0.0
126.0 6.0 0.0
126.0 8.0 0.0
126.0 10.0 0.0
126.0 12.0 0.0
126.0 14.0 0.0
126.0 16.0 0.0
126.0 18.0 0.0
126.0 20.0 0.0
126.0 22.0 0.0
126.0 24.0 0.0
126.0 26.0 0.0
126.0 28.0 0.0
126.0 30.0 0.0
126.0 32.0 0.0
126.0 34.0 0.0
126.0 36.0 0.0
126.0 38.0 0.0
126.0 40.0 0.0
126.0 42.0 0.0
126.0 44.0 0.0
126.0 46.0 0.0
126.0 48.0 0.0
126.0 50.0 0.0
126.0 52.0 0.0
126.0 54.0 0.0
126.0 56.0 0.0
126.0 58.0 0.0062090217508519105
126.0 60.0 0.12940254042656346
126.0 62.0 0.2600378153164046
126.0 64.0 0.3440772691939995
126.0 66.0 0.3469063131839678
126.0 68.0 0.27078614115651306
126.0 70.0 0.12721627358562176
126.0 72.0 0.02555399936376006
126.0 74.0 0.0
126.0 76.0 0.0
126.0 78.0 0.0
126.0 80.0 0.0
126.0 82.0 0.0
126.0 84.0 0.0
126.0 86.0 0.0
126.0 88.0 0.0
126.0 90.0 0.0
126.0 92.0 0.0
126.0 94.0 0.0
126.0 96.0 0.0
126.0 98.0 0.0
126.0 100.0 0.0
126.0 102.0 0.0
126.0 104.0 0.0
126.0 106.0 0.0
126.0 108.0 0.0
126.0 110.0 0.0
126.0 112.0 0.0
126.0 114.0 0.0
126.0 116.0 0.0
126.0 118.0 0.0
126.0 120.0 0.0
126.0 122.0 0.0
126.0 124.0 0.0
126.0 126.0 0.0
