0.0 0.0 0.0
0.0 2.0 0.0
0.0 4.0 0.0
0.0 6.0 0.0
0.0 8.0 0.0
0.0 10.0 0.0
0.0 12.0 0.0
0.0 14.0 0.0
0.0 16.0 0.0
0.0 18.0 0.0
0.0 20.0 0.0
0.0 22.0 0.0
0.0 24.0 0.0
0.0 26.0 0.0
0.0 28.0 0.0
0.0 30.0 0.0
0.0 32.0 0.0
0.0 34.0 0.0
0.0 36.0 0.0
0.0 38.0 0.0
0.0 40.0 0.0
0.0 42.0 0.0
0.0 44.0 0.0
0.0 46.0 0.0
0.0 48.0 0.0
0.0 50.0 0.0
0.0 52.0 0.0
0.0 54.0 0.0
0.0 56.0 0.0
0.0 58.0 0.0
0.0 60.0 0.0
0.0 62.0 0.0
0.0 64.0 0.0
0.0 66.0 0.0
0.0 68.0 0.0
0.0 70.0 0.0
0.0 72.0 0.0
0.0 74.0 0.0
0.0 76.0 0.0
0.0 78.0 0.0
0.0 80.0 0.0
0.0 82.0 0.0
0.0 84.0 0.0
0.0 86.0 0.0
0.0 88.0 0.0
0.0 90.0 0.0
0.0 92.0 0.0
0.0 94.0 0.0
0.0 96.0 0.0
0.0 98.0 0.0
0.0 100.0 0.0
0.0 102.0 0.0
0.0 104.0 0.0
0.0 106.0 0.0
0.0 108.0 0.0
0.0 110.0 0.0
0.0 112.0 0.0
0.0 114.0 0.0
0.0 116.0 0.0
0.0 118.0 0.0
0.0 120.0 0.0
0.0 122.0 0.0
0.0 124.0 0.0
0.0 126.0 0.0
2.0 0.0 0.0
2.0 2.0 0.0
2.0 4.0 0.0
2.0 6.0 0.0
2.0 8.0 0.0
2.0 10.0 0.0
2.0 12.0 0.0
2.0 14.0 0.0
2.0 16.0 0.0
2.0 18.0 0.0
2.0 20.0 0.0
2.0 22.0 0.0
2.0 24.0 0.0
2.0 26.0 0.0
2.0 28.0 0.0
2.0 30.0 0.0
2.0 32.0 0.0
2.0 34.0 0.0
2.0 36.0 0.0
2.0 38.0 0.0
2.0 40.0 0.0
2.0 42.0 0.0
2.0 44.0 0.0
2.0 46.0 0.0
2.0 48.0 0.0
2.0 50.0 0.0
2.0 52.0 0.0
2.0 54.0 0.0
2.0 56.0 0.06751789232065307
2.0 58.0 0.352277834003909
2.0 60.0 0.5208607366641141
2.0 62.0 0.5821172690320554
2.0 64.0 0.5688228409547788
2.0 66.0 0.5061064526181909
2.0 68.0 0.34569339320487735
2.0 70.0 0.10905685018566402
2.0 72.0 0.0
2.0 74.0 0.0
2.0 76.0 0.0
2.0 78.0 0.0
2.0 80.0 0.0
2.0 82.0 0.0
2.0 84.0 0.0
2.0 86.0 0.0
2.0 88.0 0.0
2.0 90.0 0.0
2.0 92.0 0.0
2.0 94.0 0.0
2.0 96.0 0.0
2.0 98.0 0.0
2.0 100.0 0.0
2.0 102.0 0.0
2.0 104.0 0.0
2.0 106.0 0.0
2.0 108.0 0.0
2.0 110.0 0.0
2.0 112.0 0.0
2.0 114.0 0.0
2.0 116.0 0.0
2.0 118.0 0.0
2.0 120.0 0.0
2.0 122.0 0.0
2.0 124.0 0.0
2.0 126.0 0.0
4.0 0.0 0.0
4.0 2.0 0.0
4.0 4.0 0.0
4.0 6.0 0.0
4.0 8.0 0.0
4.0 10.0 0.0
4.0 12.0 0.0
4.0 14.0 0.0
4.0 16.0 0.0
4.0 18.0 0.0
4.0 20.0 0.0
4.0 22.0 0.0
4.0 24.0 0.0
4.0 26.0 0.0
4.0 28.0 0.0
4.0 30.0 0.0
4.0 32.0 0.0
4.0 34.0 0.0
4.0 36.0 0.0
4.0 38.0 0.0
4.0 40.0 0.0
4.0 42.0 0.0
4.0 44.0 0.0
4.0 46.0 0.0
4.0 48.0 0.0
4.0 50.0 0.0
4.0 52.0 0.0
4.0 54.0 0.05640720815681748
4.0 56.0 0.27743416544674787
4.0 58.0 0.457479001059011
4.0 60.0 0.5448108452268056
4.0 62.0 0.5297532569792761
4.0 64.0 0.47105702842656183
4.0 66.0 0.4255908781280923
4.0 68.0 0.3124561330809336
4.0 70.0 0.11722863196428941
4.0 72.0 0.0
4.0 74.0 0.0
4.0 76.0 0.0
4.0 78.0 0.0
4.0 80.0 0.0
4.0 82.0 0.0
4.0 84.0 0.0
4.0 86.0 0.0
4.0 88.0 0.0
4.0 90.0 0.0
4.0 92.0 0.0
4.0 94.0 0.0
4.0 96.0 0.0
4.0 98.0 0.0
4.0 100.0 0.0
4.0 102.0 0.0
4.0 104.0 0.0
4.0 106.0 0.0
4.0 108.0 0.0
4.0 110.0 0.0
4.0 112.0 0.0
4.0 114.0 0.0
4.0 116.0 0.0
4.0 118.0 0.0
4.0 120.0 0.0
4.0 122.0 0.0
4.0 124.0 0.0
4.0 126.0 0.0
6.0 0.0 0.0
6.0 2.0 0.0
6.0 4.0 0.0
6.0 6.0 0.0
6.0 8.0 0.0
6.0 10.0 0.0
6.0 12.0 0.0
6.0 14.0 0.0
6.0 16.0 0.0
6.0 18.0 0.0
6.0 20.0 0.0
6.0 22.0 0.0
6.0 24.0 0.0
6.0 26.0 0.0
6.0 28.0 0.0
6.0 30.0 0.0
6.0 32.0 0.0
6.0 34.0 0.0
6.0 36.0 0.0
6.0 38.0 0.0
6.0 40.0 0.0
6.0 42.0 0.0
6.0 44.0 0.0
6.0 46.0 0.0
6.0 48.0 0.0
6.0 50.0 0.0
6.0 52.0 0.004038933292770444
6.0 54.0 0.11016532347301887
6.0 56.0 0.3108557269508755
6.0 58.0 0.4610750251375242
6.0 60.0 0.5319578622108873
6.0 62.0 0.5133975840574979
6.0 64.0 0.45130911562568926
6.0 66.0 0.40484509537859076
6.0 68.0 0.2969726479163078
6.0 70.0 0.12934893809933876
6.0 72.0 0.0
6.0 74.0 0.0
6.0 76.0 0.0
6.0 78.0 0.0
6.0 80.0 0.0
6.0 82.0 0.0
6.0 84.0 0.0
6.0 86.0 0.0
6.0 88.0 0.0
6.0 90.0 0.0
6.0 92.0 0.0
6.0 94.0 0.0
6.0 96.0 0.0
6.0 98.0 0.0
6.0 100.0 0.0
6.0 102.0 0.0
6.0 104.0 0.0
6.0 106.0 0.0
6.0 108.0 0.0
6.0 110.0 0.0
6.0 112.0 0.0
6.0 114.0 0.0
6.0 116.0 0.0
6.0 118.0 0.0
6.0 120.0 0.0
6.0 122.0 0.0
6.0 124.0 0.0
6.0 126.0 0.0
8.0 0.0 0.0
8.0 2.0 0.0
8.0 4.0 0.0
8.0 6.0 0.0
8.0 8.0 0.0
8.0 10.0 0.0
8.0 12.0 0.0
8.0 14.0 0.0
8.0 16.0 0.0
8.0 18.0 0.0
8.0 20.0 0.0
8.0 22.0 0.0
8.0 24.0 0.0
8.0 26.0 0.0
8.0 28.0 0.0
8.0 30.0 0.0
8.0 32.0 0.0
8.0 34.0 0.019378697624610298
8.0 36.0 0.019606688494346436
8.0 38.0 0.011892328902199578
8.0 40.0 0.0
8.0 42.0 0.0
8.0 44.0 0.0
8.0 46.0 0.0
8.0 48.0 0.0
8.0 50.0 0.0
8.0 52.0 0.002851355189504393
8.0 54.0 0.1120573312834473
8.0 56.0 0.2950063179969797
8.0 58.0 0.43279972259071825
8.0 60.0 0.5016829688967906
8.0 62.0 0.49676136974932933
8.0 64.0 0.4350495793827173
8.0 66.0 0.37949100027871024
8.0 68.0 0.29841162299603435
8.0 70.0 0.14596282480218528
8.0 72.0 0.0
8.0 74.0 0.0
8.0 76.0 0.0
8.0 78.0 0.0
8.0 80.0 0.0
8.0 82.0 0.0
8.0 84.0 0.0
8.0 86.0 0.0
8.0 88.0 0.0
8.0 90.0 0.0
8.0 92.0 0.009787265686276145
8.0 94.0 0.15056355522212803
8.0 96.0 0.0
8.0 98.0 0.0
8.0 100.0 0.0
8.0 102.0 0.0
8.0 104.0 0.0
8.0 106.0 0.0
8.0 108.0 0.0
8.0 110.0 0.0
8.0 112.0 0.0
8.0 114.0 0.0
8.0 116.0 0.0
8.0 118.0 0.0
8.0 120.0 0.0
8.0 122.0 0.0
8.0 124.0 0.0
8.0 126.0 0.0
10.0 0.0 0.0
10.0 2.0 0.0
10.0 4.0 0.0
10.0 6.0 0.0
10.0 8.0 0.0
10.0 10.0 0.0
10.0 12.0 0.0
10.0 14.0 0.0
10.0 16.0 0.0
10.0 18.0 0.0
10.0 20.0 0.0
10.0 22.0 0.0
10.0 24.0 0.0
10.0 26.0 0.0
10.0 28.0 0.0
10.0 30.0 0.22927795266518516
10.0 32.0 0.10061622968312539
10.0 34.0 0.0664924717497389
10.0 36.0 0.030434645367572705
10.0 38.0 8.355614151490218E-4
10.0 40.0 0.0
10.0 42.0 0.0
10.0 44.0 0.0
10.0 46.0 0.0
10.0 48.0 0.0
10.0 50.0 0.0
10.0 52.0 0.0
10.0 54.0 0.09504609448987965
10.0 56.0 0.26817110920759824
10.0 58.0 0.39573372609319807
10.0 60.0 0.46416213786855726
10.0 62.0 0.4811513098125964
10.0 64.0 0.39903765448626133
10.0 66.0 0.35195417644545507
10.0 68.0 0.30057146635616455
10.0 70.0 0.16685509301064358
10.0 72.0 0.001253289934788279
10.0 74.0 0.0
10.0 76.0 0.0
10.0 78.0 0.0
10.0 80.0 0.0
10.0 82.0 0.0
10.0 84.0 0.0
10.0 86.0 0.0
10.0 88.0 0.0
10.0 90.0 0.0
10.0 92.0 0.0
10.0 94.0 0.09102336124603323
10.0 96.0 0.16255596880489281
10.0 98.0 0.0
10.0 100.0 0.0
10.0 102.0 0.0
10.0 104.0 0.0
10.0 106.0 0.0
10.0 108.0 0.0
10.0 110.0 0.0
10.0 112.0 0.0
10.0 114.0 0.0
10.0 116.0 0.0
10.0 118.0 0.0
10.0 120.0 0.0
10.0 122.0 0.0
10.0 124.0 0.0
10.0 126.0 0.0
12.0 0.0 0.0
12.0 2.0 0.0
12.0 4.0 0.0
12.0 6.0 0.0
12.0 8.0 0.0
12.0 10.0 0.0
12.0 12.0 0.0
12.0 14.0 0.0
12.0 16.0 0.0
12.0 18.0 0.0
12.0 20.0 0.0
12.0 22.0 0.0
12.0 24.0 0.0
12.0 26.0 0.0
12.0 28.0 0.22119335694106182
12.0 30.0 0.10786326079605973
12.0 32.0 0.07515324698041434
12.0 34.0 0.05185605965058753
12.0 36.0 0.01166065829135964
12.0 38.0 0.0
12.0 40.0 0.0
12.0 42.0 0.0
12.0 44.0 0.0
12.0 46.0 0.0
12.0 48.0 0.0
12.0 50.0 0.0
12.0 52.0 0.0
12.0 54.0 0.06984137760663478
12.0 56.0 0.23457949876050274
12.0 58.0 0.3527023803854133
12.0 60.0 0.4221661544050726
12.0 62.0 0.46002245049635837
12.0 64.0 0.40049254344196455
12.0 66.0 0.32178294203175456
12.0 68.0 0.2905450160384946
12.0 70.0 0.18591402154373896
12.0 72.0 0.004430683977254255
12.0 74.0 0.0
12.0 76.0 0.0
12.0 78.0 0.0
12.0 80.0 0.0
12.0 82.0 0.0
12.0 84.0 0.0
12.0 86.0 0.0
12.0 88.0 0.0
12.0 90.0 0.0
12.0 92.0 0.0
12.0 94.0 0.037819124838914295
12.0 96.0 0.1070732317367941
12.0 98.0 0.12987814779495202
12.0 100.0 0.11890863208435128
12.0 102.0 0.0
12.0 104.0 0.0
12.0 106.0 0.0
12.0 108.0 0.0
12.0 110.0 0.0
12.0 112.0 0.0
12.0 114.0 0.0
12.0 116.0 0.0
12.0 118.0 0.0
12.0 120.0 0.0
12.0 122.0 0.0
12.0 124.0 0.0
12.0 126.0 0.0
14.0 0.0 0.0
14.0 2.0 0.0
14.0 4.0 0.0
14.0 6.0 0.0
14.0 8.0 0.0
14.0 10.0 0.0
14.0 12.0 0.0
14.0 14.0 0.0
14.0 16.0 0.0
14.0 18.0 0.0
14.0 20.0 0.0
14.0 22.0 0.0
14.0 24.0 0.18840235269363861
14.0 26.0 0.11487674562058892
14.0 28.0 0.07400234462034226
14.0 30.0 0.04243051010335313
14.0 32.0 0.01644220080828297
14.0 34.0 0.0012927696662141817
14.0 36.0 0.0
14.0 38.0 0.0
14.0 40.0 0.0
14.0 42.0 0.0
14.0 44.0 0.0
14.0 46.0 0.0
14.0 48.0 0.0
14.0 50.0 0.0
14.0 52.0 0.0
14.0 54.0 0.033912366300119935
14.0 56.0 0.18578429792009332
14.0 58.0 0.3017835866984031
14.0 60.0 0.3723747636166152
14.0 62.0 0.41527137579559154
14.0 64.0 0.3801466020501341
14.0 66.0 0.3000626062657636
14.0 68.0 0.2598561495182981
14.0 70.0 0.1933802350282401
14.0 72.0 0.00948047489308392
14.0 74.0 0.0
14.0 76.0 0.0
14.0 78.0 0.0
14.0 80.0 0.0
14.0 82.0 0.0
14.0 84.0 0.0
14.0 86.0 0.0
14.0 88.0 0.0
14.0 90.0 0.0
14.0 92.0 0.0
14.0 94.0 0.004439936093185937
14.0 96.0 0.05828624670640367
14.0 98.0 0.0855568223409071
14.0 100.0 0.08932546204197377
14.0 102.0 0.08971212052482071
14.0 104.0 0.0
14.0 106.0 0.0
14.0 108.0 0.0
14.0 110.0 0.0
14.0 112.0 0.0
14.0 114.0 0.0
14.0 116.0 0.0
14.0 118.0 0.0
14.0 120.0 0.0
14.0 122.0 0.0
14.0 124.0 0.0
14.0 126.0 0.0
16.0 0.0 0.0
16.0 2.0 0.0
16.0 4.0 0.0
16.0 6.0 0.0
16.0 8.0 0.0
16.0 10.0 0.0
16.0 12.0 0.0
16.0 14.0 0.0
16.0 16.0 0.0
16.0 18.0 0.0
16.0 20.0 0.0
16.0 22.0 0.1516420550263185
16.0 24.0 0.087574157398368
16.0 26.0 0.05437845539806285
16.0 28.0 0.030033403456564984
16.0 30.0 0.008605197634802244
16.0 32.0 0.0
16.0 34.0 0.0
16.0 36.0 0.0
16.0 38.0 0.0
16.0 40.0 0.0
16.0 42.0 0.0
16.0 44.0 0.0
16.0 46.0 0.0
16.0 48.0 0.0
16.0 50.0 0.0
16.0 52.0 0.0
16.0 54.0 0.011212961834355774
16.0 56.0 0.13616692420326285
16.0 58.0 0.2471064756404562
16.0 60.0 0.317769985469361
16.0 62.0 0.36582267420067677
16.0 64.0 0.3756074336182506
16.0 66.0 0.28072727386179486
16.0 68.0 0.25129394448595244
16.0 70.0 0.1978808770917548
16.0 72.0 0.03882227637753758
16.0 74.0 0.0
16.0 76.0 0.0
16.0 78.0 0.0
16.0 80.0 0.0
16.0 82.0 0.0
16.0 84.0 0.0
16.0 86.0 0.0
16.0 88.0 0.0
16.0 90.0 0.0
16.0 92.0 0.0
16.0 94.0 5.566103267637667E-4
16.0 96.0 0.04619553358887408
16.0 98.0 0.0693948731944676
16.0 100.0 0.08523370013050875
16.0 102.0 0.0829307203806326
16.0 104.0 0.09575700344017168
16.0 106.0 0.0
16.0 108.0 0.0
16.0 110.0 0.0
16.0 112.0 0.0
16.0 114.0 0.0
16.0 116.0 0.0
16.0 118.0 0.0
16.0 120.0 0.0
16.0 122.0 0.0
16.0 124.0 0.0
16.0 126.0 0.0
18.0 0.0 0.0
18.0 2.0 0.0
18.0 4.0 0.0
18.0 6.0 0.0
18.0 8.0 0.0
18.0 10.0 0.0
18.0 12.0 0.0
18.0 14.0 0.0
18.0 16.0 0.0
18.0 18.0 0.0
18.0 20.0 0.11165374879521534
18.0 22.0 0.026740755558401094
18.0 24.0 0.01400328141626731
18.0 26.0 0.010414732983534836
18.0 28.0 0.0011529035416412417
18.0 30.0 0.0
18.0 32.0 0.0
18.0 34.0 0.0
18.0 36.0 0.0
18.0 38.0 0.0
18.0 40.0 0.0
18.0 42.0 0.0
18.0 44.0 0.0
18.0 46.0 0.0
18.0 48.0 0.0
18.0 50.0 0.0
18.0 52.0 0.0
18.0 54.0 0.0021597608562448373
18.0 56.0 0.09728930890829439
18.0 58.0 0.1950315330938636
18.0 60.0 0.2609958078133176
18.0 62.0 0.3129149587238496
18.0 64.0 0.333377372675476
18.0 66.0 0.26070287786672525
18.0 68.0 0.24058240007258747
18.0 70.0 0.19555348469106063
18.0 72.0 0.09412510900436188
18.0 74.0 0.001066109716573694
18.0 76.0 0.0
18.0 78.0 0.0
18.0 80.0 0.0
18.0 82.0 0.0
18.0 84.0 0.0
18.0 86.0 0.0
18.0 88.0 0.0
18.0 90.0 0.0
18.0 92.0 0.0
18.0 94.0 0.0
18.0 96.0 0.0036487342083154294
18.0 98.0 0.024508210007989546
18.0 100.0 0.04728032666811207
18.0 102.0 0.05686911941072049
18.0 104.0 0.07930099571408256
18.0 106.0 0.09703629926413769
18.0 108.0 0.0
18.0 110.0 0.0
18.0 112.0 0.0
18.0 114.0 0.0
18.0 116.0 0.0
18.0 118.0 0.0
18.0 120.0 0.0
18.0 122.0 0.0
18.0 124.0 0.0
18.0 126.0 0.0
20.0 0.0 0.0
20.0 2.0 0.0
20.0 4.0 0.0
20.0 6.0 0.0
20.0 8.0 0.0
20.0 10.0 0.0
20.0 12.0 0.0
20.0 14.0 0.0
20.0 16.0 0.0
20.0 18.0 0.036557088882553
20.0 20.0 0.0
20.0 22.0 0.001214097442562097
20.0 24.0 0.004714150656406354
20.0 26.0 0.0021243017277658995
20.0 28.0 0.0
20.0 30.0 0.0
20.0 32.0 0.0
20.0 34.0 0.0
20.0 36.0 0.0
20.0 38.0 0.0
20.0 40.0 0.0
20.0 42.0 0.0
20.0 44.0 0.0
20.0 46.0 0.0
20.0 48.0 0.0
20.0 50.0 0.0
20.0 52.0 0.0
20.0 54.0 0.0
20.0 56.0 0.04870918981926354
20.0 58.0 0.13459350763059671
20.0 60.0 0.20215353715676251
20.0 62.0 0.25919484983582247
20.0 64.0 0.288948341812779
20.0 66.0 0.23974683021376988
20.0 68.0 0.22851873001112835
20.0 70.0 0.20059743292324173
20.0 72.0 0.13507766214266434
20.0 74.0 0.016327063774324854
20.0 76.0 0.0
20.0 78.0 0.0
20.0 80.0 0.0
20.0 82.0 0.0
20.0 84.0 0.0
20.0 86.0 0.0
20.0 88.0 0.0
20.0 90.0 0.0
20.0 92.0 0.0
20.0 94.0 0.0
20.0 96.0 0.0
20.0 98.0 0.0018453994056935078
20.0 100.0 0.018804663988791517
20.0 102.0 0.0411875861237398
20.0 104.0 0.0710730527099228
20.0 106.0 0.12097413230414662
20.0 108.0 0.11749198246602416
20.0 110.0 0.0
20.0 112.0 0.0
20.0 114.0 0.0
20.0 116.0 0.0
20.0 118.0 0.0
20.0 120.0 0.0
20.0 122.0 0.0
20.0 124.0 0.0
20.0 126.0 0.0
22.0 0.0 0.0
22.0 2.0 0.0
22.0 4.0 0.0
22.0 6.0 0.0
22.0 8.0 0.0
22.0 10.0 0.0
22.0 12.0 0.0
22.0 14.0 0.0
22.0 16.0 0.010962798326286263
22.0 18.0 0.0
22.0 20.0 0.0
22.0 22.0 0.0
22.0 24.0 0.0
22.0 26.0 0.0
22.0 28.0 0.0
22.0 30.0 0.0
22.0 32.0 0.0
22.0 34.0 0.0
22.0 36.0 0.0
22.0 38.0 0.0
22.0 40.0 0.0
22.0 42.0 0.0
22.0 44.0 0.0
22.0 46.0 0.0
22.0 48.0 0.0
22.0 50.0 0.0
22.0 52.0 0.0
22.0 54.0 0.0
22.0 56.0 0.004112914270915143
22.0 58.0 0.06497081947503448
22.0 60.0 0.1358624697123524
22.0 62.0 0.20157553996541167
22.0 64.0 0.2376241816543078
22.0 66.0 0.21623406560343175
22.0 68.0 0.2156131299554417
22.0 70.0 0.21366275601565543
22.0 72.0 0.165459696745567
22.0 74.0 0.06795712545768806
22.0 76.0 0.0017910575322789906
22.0 78.0 0.0
22.0 80.0 0.0
22.0 82.0 0.0
22.0 84.0 0.0
22.0 86.0 0.0
22.0 88.0 0.0
22.0 90.0 0.0
22.0 92.0 0.0
22.0 94.0 0.0
22.0 96.0 0.0
22.0 98.0 0.0
22.0 100.0 7.738911952984534E-4
22.0 102.0 0.0224927926669094
22.0 104.0 0.06147848761067954
22.0 106.0 0.13223145620574067
22.0 108.0 0.15941759285362161
22.0 110.0 0.08286524653875933
22.0 112.0 0.0
22.0 114.0 0.0
22.0 116.0 0.0
22.0 118.0 0.0
22.0 120.0 0.0
22.0 122.0 0.0
22.0 124.0 0.0
22.0 126.0 0.0
24.0 0.0 0.0
24.0 2.0 0.0
24.0 4.0 0.0
24.0 6.0 0.0
24.0 8.0 0.0
24.0 10.0 0.0
24.0 12.0 0.0
24.0 14.0 0.0
24.0 16.0 0.0
24.0 18.0 0.0
24.0 20.0 0.0
24.0 22.0 0.0
24.0 24.0 0.0
24.0 26.0 0.0
24.0 28.0 0.0
24.0 30.0 0.0
24.0 32.0 0.0
24.0 34.0 0.0
24.0 36.0 0.0
24.0 38.0 0.0
24.0 40.0 0.0
24.0 42.0 0.0
24.0 44.0 0.0
24.0 46.0 0.0
24.0 48.0 0.0
24.0 50.0 0.0
24.0 52.0 0.0
24.0 54.0 0.0
24.0 56.0 0.0
24.0 58.0 0.008534976355539894
24.0 60.0 0.06110208513467639
24.0 62.0 0.13218635026411424
24.0 64.0 0.1814474093892566
24.0 66.0 0.19137282560335966
24.0 68.0 0.19984456019722688
24.0 70.0 0.21381879103832657
24.0 72.0 0.18937271316621465
24.0 74.0 0.11209392863126146
24.0 76.0 0.016196788530660946
24.0 78.0 3.763495252565706E-4
24.0 80.0 0.0
24.0 82.0 0.0
24.0 84.0 0.0
24.0 86.0 0.0
24.0 88.0 0.0
24.0 90.0 0.0
24.0 92.0 0.0
24.0 94.0 0.0
24.0 96.0 0.0
24.0 98.0 0.0
24.0 100.0 0.0
24.0 102.0 0.0094066532286171
24.0 104.0 0.050076837448249145
24.0 106.0 0.12425746228871742
24.0 108.0 0.1802448862005399
24.0 110.0 0.14895764824256819
24.0 112.0 0.012050802855742622
24.0 114.0 0.0
24.0 116.0 0.0
24.0 118.0 0.0
24.0 120.0 0.0
24.0 122.0 0.0
24.0 124.0 0.0
24.0 126.0 0.0
26.0 0.0 0.0
26.0 2.0 0.0
26.0 4.0 0.0
26.0 6.0 0.0
26.0 8.0 0.0
26.0 10.0 0.0
26.0 12.0 0.0
26.0 14.0 0.0
26.0 16.0 0.0
26.0 18.0 0.0
26.0 20.0 0.0
26.0 22.0 0.0
26.0 24.0 0.0
26.0 26.0 0.0
26.0 28.0 0.0
26.0 30.0 0.0
26.0 32.0 0.0
26.0 34.0 0.0
26.0 36.0 0.0
26.0 38.0 0.0
26.0 40.0 0.0
26.0 42.0 0.0
26.0 44.0 0.0
26.0 46.0 0.0
26.0 48.0 0.0
26.0 50.0 0.0
26.0 52.0 0.0
26.0 54.0 0.0
26.0 56.0 0.0
26.0 58.0 0.0
26.0 60.0 0.006258488096231431
26.0 62.0 0.055395882937132
26.0 64.0 0.1227656988133153
26.0 66.0 0.15962365253414637
26.0 68.0 0.17755104541913888
26.0 70.0 0.19523470351146055
26.0 72.0 0.1943215431843037
26.0 74.0 0.13313848914312731
26.0 76.0 0.050519949884086916
26.0 78.0 0.017265666084560257
26.0 80.0 8.840662681574179E-4
26.0 82.0 0.0
26.0 84.0 0.0
26.0 86.0 0.0
26.0 88.0 0.0
26.0 90.0 0.0
26.0 92.0 0.0
26.0 94.0 0.0
26.0 96.0 0.0
26.0 98.0 0.0
26.0 100.0 0.0
26.0 102.0 0.0
26.0 104.0 0.03367324458114084
26.0 106.0 0.11413751182860656
26.0 108.0 0.17196916856940314
26.0 110.0 0.17400993854057312
26.0 112.0 0.0699461240526132
26.0 114.0 0.0
26.0 116.0 0.0
26.0 118.0 0.0
26.0 120.0 0.0
26.0 122.0 0.0
26.0 124.0 0.0
26.0 126.0 0.0
28.0 0.0 0.0
28.0 2.0 0.0
28.0 4.0 0.0
28.0 6.0 0.0
28.0 8.0 0.0
28.0 10.0 0.0
28.0 12.0 0.0
28.0 14.0 0.0
28.0 16.0 0.0
28.0 18.0 0.0
28.0 20.0 0.0
28.0 22.0 0.0
28.0 24.0 0.0
28.0 26.0 0.0
28.0 28.0 0.0
28.0 30.0 0.0
28.0 32.0 0.0
28.0 34.0 0.0
28.0 36.0 0.0
28.0 38.0 0.0
28.0 40.0 0.0
28.0 42.0 0.0
28.0 44.0 0.0
28.0 46.0 0.0
28.0 48.0 0.0
28.0 50.0 0.0
28.0 52.0 0.0
28.0 54.0 0.0
28.0 56.0 0.0
28.0 58.0 0.0
28.0 60.0 0.0
28.0 62.0 0.01068718610872179
28.0 64.0 0.054545604930613195
28.0 66.0 0.10726413573811473
28.0 68.0 0.14367589182718551
28.0 70.0 0.1571064550371952
28.0 72.0 0.1719690331799717
28.0 74.0 0.12435068427766877
28.0 76.0 0.08563079489132423
28.0 78.0 0.0493443769158591
28.0 80.0 0.022464873524512707
28.0 82.0 0.010315810735328302
28.0 84.0 8.4554366924674E-4
28.0 86.0 0.0
28.0 88.0 0.0
28.0 90.0 0.0
28.0 92.0 0.0
28.0 94.0 0.0
28.0 96.0 0.0
28.0 98.0 0.0
28.0 100.0 0.0
28.0 102.0 0.0
28.0 104.0 0.019346399947666026
28.0 106.0 0.0839717126426463
28.0 108.0 0.13931275389189626
28.0 110.0 0.18441335926405214
28.0 112.0 0.12470645067634191
28.0 114.0 0.009799636413330525
28.0 116.0 0.0
28.0 118.0 0.0
28.0 120.0 0.0
28.0 122.0 0.0
28.0 124.0 0.0
28.0 126.0 0.0
30.0 0.0 0.0
30.0 2.0 0.0
30.0 4.0 0.0
30.0 6.0 0.0
30.0 8.0 0.0
30.0 10.0 0.0
30.0 12.0 0.0
30.0 14.0 0.0
30.0 16.0 0.0
30.0 18.0 0.0
30.0 20.0 0.0
30.0 22.0 0.0
30.0 24.0 0.0
30.0 26.0 0.0
30.0 28.0 0.0
30.0 30.0 0.0
30.0 32.0 0.022006444303097023
30.0 34.0 0.04682612575564041
30.0 36.0 0.03022868870782701
30.0 38.0 0.0018656964444101448
30.0 40.0 0.0
30.0 42.0 0.0
30.0 44.0 0.0
30.0 46.0 0.0
30.0 48.0 0.0
30.0 50.0 0.0
30.0 52.0 0.0
30.0 54.0 0.0
30.0 56.0 0.0
30.0 58.0 0.0
30.0 60.0 0.0
30.0 62.0 4.744195437275301E-4
30.0 64.0 0.016733337044062945
30.0 66.0 0.05180434983451343
30.0 68.0 0.10129978887607742
30.0 70.0 0.11540602495690383
30.0 72.0 0.13164239311840167
30.0 74.0 0.12857773674877895
30.0 76.0 0.11301303557500485
30.0 78.0 0.0969118212800081
30.0 80.0 0.05722201772014335
30.0 82.0 0.0292796747982472
30.0 84.0 0.011867834269224742
30.0 86.0 1.697559894454034E-4
30.0 88.0 0.0
30.0 90.0 0.0
30.0 92.0 0.0
30.0 94.0 0.0
30.0 96.0 0.0
30.0 98.0 0.0
30.0 100.0 0.0
30.0 102.0 0.0
30.0 104.0 0.005725996716084515
30.0 106.0 0.04642556536294596
30.0 108.0 0.10435977591928587
30.0 110.0 0.1462842229521033
30.0 112.0 0.147970063279066
30.0 114.0 0.039785179820622886
30.0 116.0 0.0
30.0 118.0 0.0
30.0 120.0 0.0
30.0 122.0 0.0
30.0 124.0 0.0
30.0 126.0 0.0
32.0 0.0 0.0
32.0 2.0 0.0
32.0 4.0 0.0
32.0 6.0 0.0
32.0 8.0 0.0
32.0 10.0 0.0
32.0 12.0 0.0
32.0 14.0 0.0
32.0 16.0 0.0
32.0 18.0 0.0
32.0 20.0 0.0
32.0 22.0 0.0
32.0 24.0 0.0
32.0 26.0 0.0
32.0 28.0 0.0
32.0 30.0 0.04234990943425416
32.0 32.0 0.10596409855587192
32.0 34.0 0.13288330541466395
32.0 36.0 0.12062558313359122
32.0 38.0 0.07056367978087762
32.0 40.0 0.04324303512886674
32.0 42.0 0.015267093538379807
32.0 44.0 0.0
32.0 46.0 0.0
32.0 48.0 0.0
32.0 50.0 0.0
32.0 52.0 0.0
32.0 54.0 0.0
32.0 56.0 0.0
32.0 58.0 0.0
32.0 60.0 0.0
32.0 62.0 0.0
32.0 64.0 0.0015551657631973888
32.0 66.0 0.01513403001518443
32.0 68.0 0.04475347281422379
32.0 70.0 0.0833154366756506
32.0 72.0 0.09862080380201538
32.0 74.0 0.11903989816581251
32.0 76.0 0.1348941254894993
32.0 78.0 0.13217595217785486
32.0 80.0 0.1038100323433781
32.0 82.0 0.06357396809686904
32.0 84.0 0.021143494010007396
32.0 86.0 6.320486332816452E-4
32.0 88.0 0.0
32.0 90.0 0.0
32.0 92.0 0.0
32.0 94.0 0.0
32.0 96.0 0.0
32.0 98.0 0.0
32.0 100.0 0.0
32.0 102.0 0.0
32.0 104.0 0.0
32.0 106.0 0.01700007888738736
32.0 108.0 0.08651914972828566
32.0 110.0 0.13250185481777768
32.0 112.0 0.1490665587456273
32.0 114.0 0.08888150883490954
32.0 116.0 0.019744636129968993
32.0 118.0 0.0
32.0 120.0 0.0
32.0 122.0 0.0
32.0 124.0 0.0
32.0 126.0 0.0
34.0 0.0 0.0
34.0 2.0 0.0
34.0 4.0 0.0
34.0 6.0 0.0
34.0 8.0 0.0
34.0 10.0 0.0
34.0 12.0 0.0
34.0 14.0 0.0
34.0 16.0 0.0
34.0 18.0 0.0
34.0 20.0 0.0
34.0 22.0 0.0
34.0 24.0 0.0
34.0 26.0 0.0
34.0 28.0 0.016089763591829644
34.0 30.0 0.11578804170511516
34.0 32.0 0.19686067025199552
34.0 34.0 0.2324972663321817
34.0 36.0 0.2143847244988596
34.0 38.0 0.16922940975937592
34.0 40.0 0.12421519559942501
34.0 42.0 0.05381665240017294
34.0 44.0 0.0036650964425904552
34.0 46.0 0.0
34.0 48.0 0.0
34.0 50.0 0.0
34.0 52.0 0.0
34.0 54.0 0.0
34.0 56.0 0.0
34.0 58.0 0.0
34.0 60.0 0.0
34.0 62.0 0.0
34.0 64.0 0.0
34.0 66.0 0.0011740506713070712
34.0 68.0 0.014393319120105205
34.0 70.0 0.06684630641330282
34.0 72.0 0.09416503337903503
34.0 74.0 0.11578911108970329
34.0 76.0 0.13796459856807083
34.0 78.0 0.14577787644735526
34.0 80.0 0.13199110561058133
34.0 82.0 0.09868006634676718
34.0 84.0 0.05444308261719726
34.0 86.0 0.01866521157450312
34.0 88.0 7.464243253122747E-4
34.0 90.0 0.0
34.0 92.0 0.0
34.0 94.0 0.0
34.0 96.0 0.0
34.0 98.0 0.0
34.0 100.0 0.0
34.0 102.0 0.0
34.0 104.0 0.0
34.0 106.0 0.027497190503372723
34.0 108.0 0.08427732504625385
34.0 110.0 0.12782945117631742
34.0 112.0 0.13105386261288796
34.0 114.0 0.11034778560321955
34.0 116.0 0.061550038481638474
34.0 118.0 0.01950807327594722
34.0 120.0 0.0
34.0 122.0 0.0
34.0 124.0 0.0
34.0 126.0 0.0
36.0 0.0 0.0
36.0 2.0 0.0
36.0 4.0 0.0
36.0 6.0 0.0
36.0 8.0 0.0
36.0 10.0 0.0
36.0 12.0 0.0
36.0 14.0 0.0
36.0 16.0 0.0
36.0 18.0 0.0
36.0 20.0 0.0
36.0 22.0 0.0
36.0 24.0 0.0
36.0 26.0 0.0
36.0 28.0 0.0695038056691691
36.0 30.0 0.1912645084776676
36.0 32.0 0.28333346068201193
36.0 34.0 0.3262094885105637
36.0 36.0 0.2793441580328081
36.0 38.0 0.23632338881819745
36.0 40.0 0.18128135049247393
36.0 42.0 0.103700009852477
36.0 44.0 0.019031047346015646
36.0 46.0 0.0
36.0 48.0 0.0
36.0 50.0 0.0
36.0 52.0 0.0
36.0 54.0 0.0
36.0 56.0 0.0
36.0 58.0 0.0
36.0 60.0 0.0
36.0 62.0 0.0
36.0 64.0 0.0
36.0 66.0 0.0
36.0 68.0 0.0
36.0 70.0 0.018781719710217724
36.0 72.0 0.07729721430916864
36.0 74.0 0.11512841753362307
36.0 76.0 0.144692760719893
36.0 78.0 0.15942111039035964
36.0 80.0 0.15223652413197106
36.0 82.0 0.12060382681737558
36.0 84.0 0.07566079541087639
36.0 86.0 0.028295221052212504
36.0 88.0 0.0
36.0 90.0 0.0
36.0 92.0 0.0
36.0 94.0 0.0
36.0 96.0 0.0
36.0 98.0 0.0
36.0 100.0 0.0
36.0 102.0 0.0
36.0 104.0 7.233301571341596E-4
36.0 106.0 0.03998235242311749
36.0 108.0 0.07534730323077132
36.0 110.0 0.10489731589586382
36.0 112.0 0.1094075875015003
36.0 114.0 0.10190543103617351
36.0 116.0 0.08541231486238421
36.0 118.0 0.07165521593395792
36.0 120.0 0.05697022963655599
36.0 122.0 0.0
36.0 124.0 0.0
36.0 126.0 0.0
38.0 0.0 0.0
38.0 2.0 0.0
38.0 4.0 0.0
38.0 6.0 0.01699700750743925
38.0 8.0 0.0
38.0 10.0 0.0
38.0 12.0 0.0
38.0 14.0 0.0
38.0 16.0 0.0
38.0 18.0 0.0
38.0 20.0 0.0
38.0 22.0 0.0
38.0 24.0 0.0
38.0 26.0 0.005493050368956011
38.0 28.0 0.11938122321198742
38.0 30.0 0.2701244394674283
38.0 32.0 0.3683212993788339
38.0 34.0 0.4140783495861234
38.0 36.0 0.36278162674711484
38.0 38.0 0.2914004460829727
38.0 40.0 0.23125966542955345
38.0 42.0 0.14613907051261013
38.0 44.0 0.04386660057212619
38.0 46.0 4.168217193404794E-5
38.0 48.0 0.0
38.0 50.0 0.0
38.0 52.0 0.0
38.0 54.0 0.0
38.0 56.0 0.0
38.0 58.0 0.0
38.0 60.0 0.0
38.0 62.0 0.0
38.0 64.0 0.0
38.0 66.0 0.0
38.0 68.0 0.0
38.0 70.0 0.0
38.0 72.0 0.05767483157980446
38.0 74.0 0.12037444989302747
38.0 76.0 0.16059898271816833
38.0 78.0 0.18211777299638635
38.0 80.0 0.1779349275396228
38.0 82.0 0.14674626678511923
38.0 84.0 0.09335250327466521
38.0 86.0 0.020033190170617467
38.0 88.0 0.0
38.0 90.0 0.0
38.0 92.0 0.0
38.0 94.0 0.0
38.0 96.0 0.0
38.0 98.0 0.0
38.0 100.0 0.0
38.0 102.0 0.0
38.0 104.0 0.005644520462127458
38.0 106.0 0.031984441229238984
38.0 108.0 0.06074736381286481
38.0 110.0 0.07985749800053783
38.0 112.0 0.07992131419481344
38.0 114.0 0.07946635550031778
38.0 116.0 0.08400713118406639
38.0 118.0 0.10074921925684342
38.0 120.0 0.11534401730603039
38.0 122.0 0.0
38.0 124.0 0.0
38.0 126.0 0.0
40.0 0.0 0.0
40.0 2.0 0.0
40.0 4.0 0.0
40.0 6.0 0.06934159722118703
40.0 8.0 0.0
40.0 10.0 0.0
40.0 12.0 0.0
40.0 14.0 0.0
40.0 16.0 0.0
40.0 18.0 0.0
40.0 20.0 0.0
40.0 22.0 0.0
40.0 24.0 0.0
40.0 26.0 0.04116932115807332
40.0 28.0 0.18088362947206885
40.0 30.0 0.34553875176794974
40.0 32.0 0.44481774951051073
40.0 34.0 0.49213981293489223
40.0 36.0 0.4683121615750414
40.0 38.0 0.36799129341665465
40.0 40.0 0.2786331462241302
40.0 42.0 0.17733860872201712
40.0 44.0 0.05007390924873852
40.0 46.0 0.0
40.0 48.0 0.0
40.0 50.0 0.0
40.0 52.0 0.0
40.0 54.0 0.0
40.0 56.0 0.0
40.0 58.0 0.0
40.0 60.0 0.0
40.0 62.0 0.0
40.0 64.0 0.0
40.0 66.0 0.0
40.0 68.0 0.0
40.0 70.0 0.0
40.0 72.0 0.05552158701042193
40.0 74.0 0.1431277980846921
40.0 76.0 0.1946171182990627
40.0 78.0 0.22159352317369405
40.0 80.0 0.21901359731928174
40.0 82.0 0.18321271267057482
40.0 84.0 0.11722175444081817
40.0 86.0 0.02072923842648511
40.0 88.0 0.0
40.0 90.0 0.0
40.0 92.0 0.0
40.0 94.0 0.0
40.0 96.0 0.0
40.0 98.0 0.0
40.0 100.0 0.0
40.0 102.0 0.0
40.0 104.0 0.0
40.0 106.0 0.017047676756302362
40.0 108.0 0.037462376818394295
40.0 110.0 0.055959074289010785
40.0 112.0 0.058865498009181456
40.0 114.0 0.062122618279911
40.0 116.0 0.07330491876031658
40.0 118.0 0.10035073452489618
40.0 120.0 0.14229584556508057
40.0 122.0 0.21068358121413622
40.0 124.0 0.0
40.0 126.0 0.0
42.0 0.0 0.0
42.0 2.0 0.0
42.0 4.0 0.17753913126864818
42.0 6.0 0.03921899086095521
42.0 8.0 0.012523007652897699
42.0 10.0 1.1317716021117159E-4
42.0 12.0 0.0
42.0 14.0 0.0
42.0 16.0 0.0
42.0 18.0 0.0
42.0 20.0 0.0
42.0 22.0 0.0
42.0 24.0 0.0
42.0 26.0 0.07293742385232452
42.0 28.0 0.23150338057954267
42.0 30.0 0.40021283566744786
42.0 32.0 0.5018291440423971
42.0 34.0 0.546771110184132
42.0 36.0 0.5387357215529303
42.0 38.0 0.4411605678414751
42.0 40.0 0.36446903687977467
42.0 42.0 0.22489479624026418
42.0 44.0 0.0407794626355722
42.0 46.0 0.0
42.0 48.0 0.0
42.0 50.0 0.0
42.0 52.0 0.0
42.0 54.0 0.0
42.0 56.0 0.0
42.0 58.0 0.0
42.0 60.0 0.0
42.0 62.0 0.0
42.0 64.0 0.0
42.0 66.0 0.0
42.0 68.0 0.0
42.0 70.0 0.0
42.0 72.0 0.08015104817604611
42.0 74.0 0.18538012343813995
42.0 76.0 0.24942665697793365
42.0 78.0 0.2773910551276351
42.0 80.0 0.2721254466412885
42.0 82.0 0.23887335335213375
42.0 84.0 0.16564979914194317
42.0 86.0 0.027831338837091393
42.0 88.0 0.0
42.0 90.0 0.0
42.0 92.0 0.0
42.0 94.0 0.0
42.0 96.0 0.0
42.0 98.0 0.0
42.0 100.0 0.0
42.0 102.0 0.0
42.0 104.0 0.0
42.0 106.0 4.6548828520986957E-4
42.0 108.0 0.01516560647911793
42.0 110.0 0.0349739350019204
42.0 112.0 0.04415348932018656
42.0 114.0 0.049248145361531485
42.0 116.0 0.06759764365755128
42.0 118.0 0.1028615553573391
42.0 120.0 0.15654783409088946
42.0 122.0 0.22277289607216966
42.0 124.0 0.0
42.0 126.0 0.0
44.0 0.0 0.0
44.0 2.0 0.0
44.0 4.0 0.15734365011837692
44.0 6.0 0.051054240948559475
44.0 8.0 0.02079747102760742
44.0 10.0 0.005840897882932493
44.0 12.0 0.0
44.0 14.0 0.0
44.0 16.0 0.0
44.0 18.0 0.0
44.0 20.0 0.0
44.0 22.0 0.0
44.0 24.0 0.0018946969294479342
44.0 26.0 0.13125523908052314
44.0 28.0 0.29822381210383747
44.0 30.0 0.45127478200222093
44.0 32.0 0.5485639426408053
44.0 34.0 0.589198377029804
44.0 36.0 0.58589623623643
44.0 38.0 0.5480911882379579
44.0 40.0 0.4586662607602769
44.0 42.0 0.2888463843093361
44.0 44.0 0.0571757194632774
44.0 46.0 3.488247726138602E-4
44.0 48.0 0.0
44.0 50.0 0.0
44.0 52.0 0.0
44.0 54.0 0.0
44.0 56.0 0.0
44.0 58.0 0.0
44.0 60.0 0.0
44.0 62.0 0.0
44.0 64.0 0.0
44.0 66.0 0.0
44.0 68.0 0.0
44.0 70.0 0.0032035498463391363
44.0 72.0 0.11841324761526684
44.0 74.0 0.23766767238678
44.0 76.0 0.306511037187255
44.0 78.0 0.35366490825521574
44.0 80.0 0.3621083174564408
44.0 82.0 0.315657155234308
44.0 84.0 0.22236884521843303
44.0 86.0 0.0462044595231138
44.0 88.0 0.0
44.0 90.0 0.0
44.0 92.0 0.0
44.0 94.0 0.0
44.0 96.0 0.0
44.0 98.0 0.0
44.0 100.0 0.0
44.0 102.0 0.0
44.0 104.0 0.0
44.0 106.0 0.0
44.0 108.0 4.110943735763059E-4
44.0 110.0 0.017765632703624835
44.0 112.0 0.03621948647990054
44.0 114.0 0.04756435646731852
44.0 116.0 0.0752630220268063
44.0 118.0 0.12549343467489774
44.0 120.0 0.1788709621853792
44.0 122.0 0.23341972866062435
44.0 124.0 0.0
44.0 126.0 0.0
46.0 0.0 0.0
46.0 2.0 0.0
46.0 4.0 0.11136594073720463
46.0 6.0 0.032741025755095306
46.0 8.0 0.015956401442025425
46.0 10.0 0.0048540795077168354
46.0 12.0 0.0
46.0 14.0 0.0
46.0 16.0 0.0
46.0 18.0 0.0
46.0 20.0 0.0
46.0 22.0 0.0
46.0 24.0 0.02380982681739763
46.0 26.0 0.18823740295759997
46.0 28.0 0.35684286040965474
46.0 30.0 0.496995350558119
46.0 32.0 0.5802192201554787
46.0 34.0 0.6155224705303818
46.0 36.0 0.6104942307428239
46.0 38.0 0.5713542106123437
46.0 40.0 0.48061025458705425
46.0 42.0 0.28345834801184006
46.0 44.0 0.07298093072810587
46.0 46.0 7.206993099562829E-4
46.0 48.0 0.0
46.0 50.0 0.0
46.0 52.0 0.0
46.0 54.0 0.0
46.0 56.0 0.0
46.0 58.0 0.0
46.0 60.0 0.0
46.0 62.0 0.0
46.0 64.0 0.0
46.0 66.0 0.0
46.0 68.0 0.0
46.0 70.0 0.04351148945509636
46.0 72.0 0.17435907796241937
46.0 74.0 0.2897323196616728
46.0 76.0 0.36189368027757185
46.0 78.0 0.410148924146607
46.0 80.0 0.4221886462622055
46.0 82.0 0.37723885177850125
46.0 84.0 0.2920085510286837
46.0 86.0 0.09252497669436983
46.0 88.0 0.0
46.0 90.0 0.0
46.0 92.0 0.0
46.0 94.0 0.0
46.0 96.0 0.0
46.0 98.0 0.0
46.0 100.0 0.0
46.0 102.0 0.0
46.0 104.0 0.0
46.0 106.0 0.0
46.0 108.0 0.0
46.0 110.0 0.003245017021398164
46.0 112.0 0.032578749810174244
46.0 114.0 0.06542767580464715
46.0 116.0 0.11888701341577268
46.0 118.0 0.17242802561343232
46.0 120.0 0.21479365141981266
46.0 122.0 0.23972522797218498
46.0 124.0 0.24696662992683716
46.0 126.0 0.0
48.0 0.0 0.0
48.0 2.0 0.06818921976859624
48.0 4.0 0.008086239881855408
48.0 6.0 0.0
48.0 8.0 0.0
48.0 10.0 0.0
48.0 12.0 0.0
48.0 14.0 0.0
48.0 16.0 0.0
48.0 18.0 0.0
48.0 20.0 0.0
48.0 22.0 0.0
48.0 24.0 0.07813732278727378
48.0 26.0 0.24302331034229507
48.0 28.0 0.4067578806315175
48.0 30.0 0.530481288538027
48.0 32.0 0.5985828881268572
48.0 34.0 0.6260268039915861
48.0 36.0 0.6156580882130609
48.0 38.0 0.5731579136021726
48.0 40.0 0.4767032414512617
48.0 42.0 0.24855372764718453
48.0 44.0 0.08038799715015743
48.0 46.0 4.6176819166533333E-4
48.0 48.0 0.0
48.0 50.0 0.0
48.0 52.0 0.0
48.0 54.0 0.0
48.0 56.0 0.0
48.0 58.0 0.0
48.0 60.0 0.0
48.0 62.0 0.0
48.0 64.0 0.0
48.0 66.0 0.0
48.0 68.0 0.0
48.0 70.0 0.08304005780433268
48.0 72.0 0.2211738115178745
48.0 74.0 0.33815751655705645
48.0 76.0 0.41167453652398284
48.0 78.0 0.45241521507239785
48.0 80.0 0.45856923188445453
48.0 82.0 0.4187665742183546
48.0 84.0 0.34765780804272156
48.0 86.0 0.16471521312497434
48.0 88.0 0.0015901431390528
48.0 90.0 0.0
48.0 92.0 0.0
48.0 94.0 0.0
48.0 96.0 0.0
48.0 98.0 0.0
48.0 100.0 0.0
48.0 102.0 0.0
48.0 104.0 0.0
48.0 106.0 0.0
48.0 108.0 0.0
48.0 110.0 0.0
48.0 112.0 0.04611393249291412
48.0 114.0 0.12142664434130583
48.0 116.0 0.1874295966240631
48.0 118.0 0.23681076525709696
48.0 120.0 0.263358429892618
48.0 122.0 0.2528071008487144
48.0 124.0 0.18719819004741867
48.0 126.0 0.0
50.0 0.0 0.0
50.0 2.0 0.016950111867176893
50.0 4.0 0.0
50.0 6.0 0.0
50.0 8.0 0.0
50.0 10.0 0.0
50.0 12.0 0.0
50.0 14.0 0.0
50.0 16.0 0.0
50.0 18.0 0.0
50.0 20.0 0.0
50.0 22.0 0.004487746227606461
50.0 24.0 0.15338263390010246
50.0 26.0 0.3158018888719239
50.0 28.0 0.4365168701269186
50.0 30.0 0.5338221278276585
50.0 32.0 0.5911526170522443
50.0 34.0 0.6077933140164476
50.0 36.0 0.5914584919716789
50.0 38.0 0.5414777370737888
50.0 40.0 0.4383268295586502
50.0 42.0 0.21502444781477736
50.0 44.0 0.07029480805751345
50.0 46.0 0.0
50.0 48.0 0.0
50.0 50.0 0.0
50.0 52.0 0.0
50.0 54.0 0.0
50.0 56.0 0.0
50.0 58.0 0.0
50.0 60.0 0.0
50.0 62.0 0.0
50.0 64.0 0.0
50.0 66.0 0.0
50.0 68.0 0.01266596294758778
50.0 70.0 0.1129043362189605
50.0 72.0 0.2584274384585209
50.0 74.0 0.3701516564532561
50.0 76.0 0.4150424239976856
50.0 78.0 0.45026496968798324
50.0 80.0 0.46762579005814514
50.0 82.0 0.4306831153679554
50.0 84.0 0.36313957908787503
50.0 86.0 0.20680694999460955
50.0 88.0 0.005482394501835959
50.0 90.0 0.0
50.0 92.0 0.0
50.0 94.0 0.0
50.0 96.0 0.0
50.0 98.0 0.0
50.0 100.0 0.0
50.0 102.0 0.0
50.0 104.0 0.0
50.0 106.0 0.0
50.0 108.0 0.0
50.0 110.0 0.013360221866119194
50.0 112.0 0.11101913664171803
50.0 114.0 0.20839551011182236
50.0 116.0 0.2721219502836734
50.0 118.0 0.310148803215104
50.0 120.0 0.3203950926087848
50.0 122.0 0.2796029722124116
50.0 124.0 0.12235752020940756
50.0 126.0 0.0
52.0 0.0 0.0
52.0 2.0 8.762816483610182E-4
52.0 4.0 0.0
52.0 6.0 0.0
52.0 8.0 0.0
52.0 10.0 0.0
52.0 12.0 0.0
52.0 14.0 0.0
52.0 16.0 0.0
52.0 18.0 0.0
52.0 20.0 0.014358597850168164
52.0 22.0 0.1009217534899944
52.0 24.0 0.22504705801551317
52.0 26.0 0.3395731830076589
52.0 28.0 0.4255178879827967
52.0 30.0 0.511961378412158
52.0 32.0 0.5584281213204308
52.0 34.0 0.565889751363307
52.0 36.0 0.5409088010166906
52.0 38.0 0.4800525144314407
52.0 40.0 0.3603089596042796
52.0 42.0 0.16987383229835293
52.0 44.0 0.047461665743656824
52.0 46.0 0.0
52.0 48.0 0.0
52.0 50.0 0.0
52.0 52.0 0.0
52.0 54.0 0.0
52.0 56.0 0.0
52.0 58.0 0.0
52.0 60.0 0.0
52.0 62.0 0.0
52.0 64.0 0.0
52.0 66.0 0.0
52.0 68.0 0.03776913139610973
52.0 70.0 0.1603501211031623
52.0 72.0 0.3124193616976359
52.0 74.0 0.4124240905073003
52.0 76.0 0.42062902206360553
52.0 78.0 0.45083944594171593
52.0 80.0 0.44783231076192
52.0 82.0 0.4076860276922301
52.0 84.0 0.3539333754906211
52.0 86.0 0.21024407024370909
52.0 88.0 0.006524822535963722
52.0 90.0 0.0
52.0 92.0 0.0
52.0 94.0 0.0
52.0 96.0 0.0
52.0 98.0 0.0
52.0 100.0 0.0
52.0 102.0 0.0
52.0 104.0 0.0
52.0 106.0 0.0
52.0 108.0 0.0
52.0 110.0 0.07082935067789953
52.0 112.0 0.18658875172090242
52.0 114.0 0.29909095340187525
52.0 116.0 0.36539854599288774
52.0 118.0 0.38518663266404013
52.0 120.0 0.3741789830941959
52.0 122.0 0.308119019675183
52.0 124.0 0.07186434363757849
52.0 126.0 0.0
54.0 0.0 0.0
54.0 2.0 0.0
54.0 4.0 0.0
54.0 6.0 0.0
54.0 8.0 0.0
54.0 10.0 0.0
54.0 12.0 0.0
54.0 14.0 0.0
54.0 16.0 0.007964047545695461
54.0 18.0 0.04631675516424977
54.0 20.0 0.10196474413222452
54.0 22.0 0.18550610017480493
54.0 24.0 0.2806100140389084
54.0 26.0 0.36217568676274126
54.0 28.0 0.4237688136033106
54.0 30.0 0.48127856953743287
54.0 32.0 0.5110738004739972
54.0 34.0 0.5050435380674919
54.0 36.0 0.4681606785640943
54.0 38.0 0.39554267022361606
54.0 40.0 0.26210272222417735
54.0 42.0 0.10707355755606957
54.0 44.0 0.015592288605260393
54.0 46.0 0.0
54.0 48.0 0.0
54.0 50.0 0.0
54.0 52.0 0.0
54.0 54.0 0.0
54.0 56.0 0.0
54.0 58.0 0.0
54.0 60.0 0.0
54.0 62.0 0.0
54.0 64.0 0.0
54.0 66.0 0.0
54.0 68.0 0.08042232345047744
54.0 70.0 0.2288576630510568
54.0 72.0 0.37613505799314034
54.0 74.0 0.4353142178666726
54.0 76.0 0.4042297647610827
54.0 78.0 0.42535469824564437
54.0 80.0 0.4158934991230228
54.0 82.0 0.37153508448854916
54.0 84.0 0.2955363155533945
54.0 86.0 0.17926865566152395
54.0 88.0 0.00500965427614371
54.0 90.0 0.0
54.0 92.0 0.0
54.0 94.0 0.0
54.0 96.0 0.0
54.0 98.0 0.0
54.0 100.0 0.0
54.0 102.0 0.0
54.0 104.0 0.0
54.0 106.0 0.0
54.0 108.0 0.008099577153152846
54.0 110.0 0.1651550768836853
54.0 112.0 0.31648374993290024
54.0 114.0 0.4120220024840316
54.0 116.0 0.4562082722204839
54.0 118.0 0.45305827040341023
54.0 120.0 0.4213949677728639
54.0 122.0 0.34200158350945525
54.0 124.0 0.04844075975718756
54.0 126.0 0.0
56.0 0.0 0.0
56.0 2.0 0.0
56.0 4.0 0.0
56.0 6.0 0.0
56.0 8.0 0.0
56.0 10.0 0.0
56.0 12.0 0.0
56.0 14.0 0.022310427949650585
56.0 16.0 0.08178162711478008
56.0 18.0 0.1355521514508933
56.0 20.0 0.1861418588931039
56.0 22.0 0.25402958294693506
56.0 24.0 0.3186984485246545
56.0 26.0 0.3677749495150269
56.0 28.0 0.4101304598421456
56.0 30.0 0.4390898950311611
56.0 32.0 0.4448790835913558
56.0 34.0 0.4220908555716438
56.0 36.0 0.36968823960557956
56.0 38.0 0.2813149215867949
56.0 40.0 0.1355319125719602
56.0 42.0 0.04434096843477547
56.0 44.0 0.0
56.0 46.0 0.0
56.0 48.0 0.0
56.0 50.0 0.0
56.0 52.0 0.0
56.0 54.0 0.0
56.0 56.0 0.0
56.0 58.0 0.0
56.0 60.0 0.0
56.0 62.0 0.0
56.0 64.0 0.0
56.0 66.0 0.008716015714405868
56.0 68.0 0.1573093045139887
56.0 70.0 0.3127140398733206
56.0 72.0 0.43051168234632664
56.0 74.0 0.44582379937135247
56.0 76.0 0.3930616048843882
56.0 78.0 0.4015168963737103
56.0 80.0 0.3816193571497471
56.0 82.0 0.3277051065453768
56.0 84.0 0.23483929319948513
56.0 86.0 0.11694271389065246
56.0 88.0 0.002186071265782741
56.0 90.0 0.0
56.0 92.0 0.0
56.0 94.0 0.0
56.0 96.0 0.0
56.0 98.0 0.0
56.0 100.0 0.0
56.0 102.0 0.0
56.0 104.0 0.0
56.0 106.0 0.0
56.0 108.0 0.030267145477897207
56.0 110.0 0.244053270721147
56.0 112.0 0.4064491979912673
56.0 114.0 0.4967218067157441
56.0 116.0 0.5312045755039702
56.0 118.0 0.5182785922944836
56.0 120.0 0.4589997047687014
56.0 122.0 0.3677756784131599
56.0 124.0 0.041513839359366714
56.0 126.0 0.0
58.0 0.0 0.0
58.0 2.0 0.0
58.0 4.0 0.0
58.0 6.0 0.0
58.0 8.0 0.0
58.0 10.0 0.0
58.0 12.0 0.004444868548727092
58.0 14.0 0.09467621155645317
58.0 16.0 0.15695528668440953
58.0 18.0 0.21460757967991836
58.0 20.0 0.2573792238633317
58.0 22.0 0.2918447161360076
58.0 24.0 0.3228499625900682
58.0 26.0 0.34769286890328893
58.0 28.0 0.36466247003672764
58.0 30.0 0.3651254445638182
58.0 32.0 0.34447354078620146
58.0 34.0 0.30111587946285323
58.0 36.0 0.22739043314391313
58.0 38.0 0.11867147342729258
58.0 40.0 0.03819743777891359
58.0 42.0 6.97825210011077E-5
58.0 44.0 0.0
58.0 46.0 0.0
58.0 48.0 0.0
58.0 50.0 0.0
58.0 52.0 0.0
58.0 54.0 0.0
58.0 56.0 0.0
58.0 58.0 0.0
58.0 60.0 0.0
58.0 62.0 0.0
58.0 64.0 0.0
58.0 66.0 0.08240127108066002
58.0 68.0 0.23251049854485353
58.0 70.0 0.3955322608236112
58.0 72.0 0.46448510531084786
58.0 74.0 0.4346564110138533
58.0 76.0 0.3840664966534022
58.0 78.0 0.37541053221643444
58.0 80.0 0.33427019117883633
58.0 82.0 0.2522036864660131
58.0 84.0 0.16174651268145146
58.0 86.0 0.03358683623604533
58.0 88.0 0.0
58.0 90.0 0.0
58.0 92.0 0.0
58.0 94.0 0.0
58.0 96.0 0.0
58.0 98.0 0.0
58.0 100.0 0.0
58.0 102.0 0.0
58.0 104.0 0.0
58.0 106.0 0.0
58.0 108.0 0.060540674839084097
58.0 110.0 0.2941071899535719
58.0 112.0 0.45349989201571655
58.0 114.0 0.5354081268859624
58.0 116.0 0.5668338484547127
58.0 118.0 0.5520542232320561
58.0 120.0 0.4793412756353809
58.0 122.0 0.38245290346670885
58.0 124.0 0.03369465152942371
58.0 126.0 0.0
60.0 0.0 0.0
60.0 2.0 0.0
60.0 4.0 0.0
60.0 6.0 0.0
60.0 8.0 0.0
60.0 10.0 0.0
60.0 12.0 0.04409059368068707
60.0 14.0 0.1566618718951047
60.0 16.0 0.22664736893214776
60.0 18.0 0.2866620927598068
60.0 20.0 0.3116462034146283
60.0 22.0 0.3236932877378893
60.0 24.0 0.3196512134873102
60.0 26.0 0.3048678271342131
60.0 28.0 0.2731276180155115
60.0 30.0 0.23404472256524175
60.0 32.0 0.18493436275199926
60.0 34.0 0.11646593814837129
60.0 36.0 0.043819075753407655
60.0 38.0 0.004580597590392431
60.0 40.0 0.0
60.0 42.0 0.0
60.0 44.0 0.0
60.0 46.0 0.0
60.0 48.0 0.0
60.0 50.0 0.0
60.0 52.0 0.0
60.0 54.0 0.0
60.0 56.0 0.0
60.0 58.0 0.0
60.0 60.0 0.0
60.0 62.0 0.0
60.0 64.0 0.04753387070286944
60.0 66.0 0.1965265212710883
60.0 68.0 0.30305403270560305
60.0 70.0 0.37991772486715986
60.0 72.0 0.423417483435166
60.0 74.0 0.43760427130916063
60.0 76.0 0.3710004543281579
60.0 78.0 0.33563402333148523
60.0 80.0 0.2604851336264568
60.0 82.0 0.17644582574049192
60.0 84.0 0.08198325580165268
60.0 86.0 0.0026438050410457436
60.0 88.0 0.0
60.0 90.0 0.0
60.0 92.0 0.0
60.0 94.0 0.0
60.0 96.0 0.0
60.0 98.0 0.0
60.0 100.0 0.0
60.0 102.0 0.0
60.0 104.0 0.0
60.0 106.0 0.0
60.0 108.0 0.10382366014417903
60.0 110.0 0.2961749740417919
60.0 112.0 0.4376755006119704
60.0 114.0 0.5114740740410758
60.0 116.0 0.5316967791607613
60.0 118.0 0.5038459908457088
60.0 120.0 0.46154746833584537
60.0 122.0 0.39765781873817924
60.0 124.0 0.0348895703220691
60.0 126.0 0.0
62.0 0.0 0.0
62.0 2.0 0.0
62.0 4.0 0.0
62.0 6.0 0.0
62.0 8.0 0.0
62.0 10.0 0.0
62.0 12.0 0.10302534752594962
62.0 14.0 0.21792543676554513
62.0 16.0 0.29565052635270567
62.0 18.0 0.34337408062749714
62.0 20.0 0.3436628106552934
62.0 22.0 0.3191677506812467
62.0 24.0 0.2736704142110974
62.0 26.0 0.20420039281626903
62.0 28.0 0.1298980996185408
62.0 30.0 0.06678166154946007
62.0 32.0 0.020783589897271065
62.0 34.0 0.0
62.0 36.0 0.0
62.0 38.0 0.0
62.0 40.0 0.0
62.0 42.0 0.0
62.0 44.0 0.0
62.0 46.0 0.0
62.0 48.0 0.0
62.0 50.0 0.0
62.0 52.0 0.0
62.0 54.0 0.0
62.0 56.0 0.0
62.0 58.0 0.0
62.0 60.0 0.0
62.0 62.0 0.0465514507513232
62.0 64.0 0.19041969136217776
62.0 66.0 0.3028539957595712
62.0 68.0 0.3729988760385143
62.0 70.0 0.41331598958673293
62.0 72.0 0.42269372613264955
62.0 74.0 0.3885047698666643
62.0 76.0 0.35650752991864715
62.0 78.0 0.2982703516746717
62.0 80.0 0.21009309285423852
62.0 82.0 0.09221538982964404
62.0 84.0 0.0019121324902760988
62.0 86.0 0.0
62.0 88.0 0.0
62.0 90.0 0.0
62.0 92.0 0.0
62.0 94.0 0.0
62.0 96.0 0.0
62.0 98.0 0.0
62.0 100.0 0.0
62.0 102.0 0.0
62.0 104.0 0.0
62.0 106.0 0.0
62.0 108.0 0.11715572976488081
62.0 110.0 0.29422039124091853
62.0 112.0 0.4223260286915261
62.0 114.0 0.49037278407119805
62.0 116.0 0.513739466922331
62.0 118.0 0.49350956514888417
62.0 120.0 0.4654710874473858
62.0 122.0 0.39936680706850014
62.0 124.0 0.048886060839255056
62.0 126.0 0.0
64.0 0.0 0.0
64.0 2.0 0.0
64.0 4.0 0.0
64.0 6.0 0.0
64.0 8.0 0.0
64.0 10.0 0.015578602051064025
64.0 12.0 0.1694283872177216
64.0 14.0 0.2750432032631029
64.0 16.0 0.34772831652119357
64.0 18.0 0.3820453078477095
64.0 20.0 0.35491255578619446
64.0 22.0 0.29412592406261356
64.0 24.0 0.19728981023889056
64.0 26.0 0.0852312512861519
64.0 28.0 0.016946138718782568
64.0 30.0 0.0
64.0 32.0 0.0
64.0 34.0 0.0
64.0 36.0 0.0
64.0 38.0 0.0
64.0 40.0 0.0
64.0 42.0 0.0
64.0 44.0 0.0
64.0 46.0 0.0
64.0 48.0 0.0
64.0 50.0 0.0
64.0 52.0 0.0
64.0 54.0 0.0
64.0 56.0 0.0
64.0 58.0 0.0016704836698719283
64.0 60.0 0.11509895955503868
64.0 62.0 0.23846544412105927
64.0 64.0 0.323865203152408
64.0 66.0 0.3777383803549654
64.0 68.0 0.40904582043858734
64.0 70.0 0.41746431945515217
64.0 72.0 0.40371574413644834
64.0 74.0 0.3663086434945136
64.0 76.0 0.3033006248597679
64.0 78.0 0.21288089556296694
64.0 80.0 0.09695755109279729
64.0 82.0 0.005573171627282047
64.0 84.0 0.0
64.0 86.0 0.0
64.0 88.0 0.0
64.0 90.0 0.0
64.0 92.0 0.0
64.0 94.0 0.0
64.0 96.0 0.0
64.0 98.0 0.0
64.0 100.0 0.0
64.0 102.0 0.0
64.0 104.0 0.0
64.0 106.0 0.0
64.0 108.0 0.10602133780198897
64.0 110.0 0.2696298609131255
64.0 112.0 0.3859106728095407
64.0 114.0 0.4505450825661402
64.0 116.0 0.4755256657833349
64.0 118.0 0.46171591182989663
64.0 120.0 0.4469591907609234
64.0 122.0 0.39812296696205934
64.0 124.0 0.07940039017856998
64.0 126.0 0.0
66.0 0.0 0.0
66.0 2.0 0.0
66.0 4.0 0.0
66.0 6.0 0.0
66.0 8.0 0.0
66.0 10.0 0.06178411582624763
66.0 12.0 0.2311579772655458
66.0 14.0 0.3348112434751593
66.0 16.0 0.390495063396812
66.0 18.0 0.3929498447110438
66.0 20.0 0.3417584815067081
66.0 22.0 0.24349668847940178
66.0 24.0 0.11077869874107783
66.0 26.0 0.012252548135676902
66.0 28.0 0.0
66.0 30.0 0.0
66.0 32.0 0.0
66.0 34.0 0.0
66.0 36.0 0.0
66.0 38.0 0.0
66.0 40.0 0.0
66.0 42.0 0.0
66.0 44.0 0.0
66.0 46.0 0.0
66.0 48.0 0.0
66.0 50.0 0.0
66.0 52.0 0.0
66.0 54.0 0.0
66.0 56.0 0.02621330138882355
66.0 58.0 0.1546450506056202
66.0 60.0 0.2755638337935465
66.0 62.0 0.3713285476777118
66.0 64.0 0.4093928606363038
66.0 66.0 0.42244499771858773
66.0 68.0 0.4299592006698018
66.0 70.0 0.4160545403883025
66.0 72.0 0.37769564325306476
66.0 74.0 0.3132469756706417
66.0 76.0 0.22244095138687703
66.0 78.0 0.10959175705162416
66.0 80.0 0.012003188562811018
66.0 82.0 0.0
66.0 84.0 0.0
66.0 86.0 0.0
66.0 88.0 0.0
66.0 90.0 0.0
66.0 92.0 0.0
66.0 94.0 0.0
66.0 96.0 0.0
66.0 98.0 0.0
66.0 100.0 0.0
66.0 102.0 0.0
66.0 104.0 0.0
66.0 106.0 0.0
66.0 108.0 0.10197180712462639
66.0 110.0 0.2449511533285572
66.0 112.0 0.34775888962800544
66.0 114.0 0.40786884039787435
66.0 116.0 0.43327735694156194
66.0 118.0 0.4245757887904105
66.0 120.0 0.4339880065725108
66.0 122.0 0.3845729252411932
66.0 124.0 0.12538464037376973
66.0 126.0 0.0
68.0 0.0 0.0
68.0 2.0 0.0
68.0 4.0 0.0
68.0 6.0 0.0
68.0 8.0 5.766288962500318E-4
68.0 10.0 0.11674496480798587
68.0 12.0 0.28076596937846227
68.0 14.0 0.3941229616449164
68.0 16.0 0.43406447074067356
68.0 18.0 0.3954034454570046
68.0 20.0 0.24662564230601822
68.0 22.0 0.16224149302450286
68.0 24.0 0.05341424627675917
68.0 26.0 0.0
68.0 28.0 0.0
68.0 30.0 0.0
68.0 32.0 0.0
68.0 34.0 0.0
68.0 36.0 0.0
68.0 38.0 0.0
68.0 40.0 0.0
68.0 42.0 0.0
68.0 44.0 0.0
68.0 46.0 0.0
68.0 48.0 0.0
68.0 50.0 0.0
68.0 52.0 0.0
68.0 54.0 0.018737566564518342
68.0 56.0 0.14940835301607025
68.0 58.0 0.279268894628746
68.0 60.0 0.38345779370830296
68.0 62.0 0.45774101236412523
68.0 64.0 0.4599242630852469
68.0 66.0 0.4537816886664305
68.0 68.0 0.4452257993535149
68.0 70.0 0.41323699557147364
68.0 72.0 0.3498672698406469
68.0 74.0 0.25586066636596333
68.0 76.0 0.1356638183091944
68.0 78.0 0.0163240424465548
68.0 80.0 0.0
68.0 82.0 0.0
68.0 84.0 0.0
68.0 86.0 0.0
68.0 88.0 0.0
68.0 90.0 0.0
68.0 92.0 0.0
68.0 94.0 0.0
68.0 96.0 0.0
68.0 98.0 0.0
68.0 100.0 0.0
68.0 102.0 0.0
68.0 104.0 0.0
68.0 106.0 0.0
68.0 108.0 0.09496650957113616
68.0 110.0 0.21270085786338666
68.0 112.0 0.3004619996994878
68.0 114.0 0.3555653735467153
68.0 116.0 0.3820403890090775
68.0 118.0 0.4120425766844235
68.0 120.0 0.4271044351149567
68.0 122.0 0.35806235222539234
68.0 124.0 0.16552619126901427
68.0 126.0 0.0
70.0 0.0 0.0
70.0 2.0 0.0
70.0 4.0 0.0
70.0 6.0 0.0
70.0 8.0 0.036953519714708755
70.0 10.0 0.1790087875201034
70.0 12.0 0.3538830402890972
70.0 14.0 0.4406142546565417
70.0 16.0 0.386638680195646
70.0 18.0 0.3059126147244711
70.0 20.0 0.21396281599652536
70.0 22.0 0.1164226918478291
70.0 24.0 0.011654021983462506
70.0 26.0 0.0
70.0 28.0 0.0
70.0 30.0 0.0
70.0 32.0 0.0
70.0 34.0 0.0
70.0 36.0 0.0
70.0 38.0 0.0
70.0 40.0 0.0
70.0 42.0 0.0
70.0 44.0 0.0
70.0 46.0 0.0
70.0 48.0 0.0
70.0 50.0 0.0
70.0 52.0 0.007737308025125133
70.0 54.0 0.1039973992426693
70.0 56.0 0.24576079200836046
70.0 58.0 0.3683110464499067
70.0 60.0 0.45877474224356135
70.0 62.0 0.5179085946428184
70.0 64.0 0.48861268406036323
70.0 66.0 0.4751220567801295
70.0 68.0 0.45029083333213765
70.0 70.0 0.4009405504695121
70.0 72.0 0.31266090925822315
70.0 74.0 0.1864276227831011
70.0 76.0 0.04590496594760169
70.0 78.0 0.0
70.0 80.0 0.0
70.0 82.0 0.0
70.0 84.0 0.0
70.0 86.0 0.0
70.0 88.0 0.0
70.0 90.0 0.0
70.0 92.0 0.0
70.0 94.0 0.0
70.0 96.0 0.0
70.0 98.0 0.0
70.0 100.0 0.0
70.0 102.0 0.0
70.0 104.0 0.0
70.0 106.0 9.997224351769923E-4
70.0 108.0 0.08643789443011518
70.0 110.0 0.17921614386352236
70.0 112.0 0.25137886189804487
70.0 114.0 0.2989274654152431
70.0 116.0 0.3702656245284646
70.0 118.0 0.3961205904142173
70.0 120.0 0.382826878624903
70.0 122.0 0.34020039376988226
70.0 124.0 0.19627010645758045
70.0 126.0 0.0
72.0 0.0 0.0
72.0 2.0 0.0
72.0 4.0 0.0
72.0 6.0 0.0
72.0 8.0 0.07835871832879732
72.0 10.0 0.2305266278462305
72.0 12.0 0.3782284645419189
72.0 14.0 0.4255111184811067
72.0 16.0 0.3345028224999511
72.0 18.0 0.2551485290902767
72.0 20.0 0.1784930879426798
72.0 22.0 0.0542261393058224
72.0 24.0 0.0
72.0 26.0 0.0
72.0 28.0 0.0
72.0 30.0 0.0
72.0 32.0 0.0
72.0 34.0 0.0
72.0 36.0 0.0
72.0 38.0 0.0
72.0 40.0 0.0
72.0 42.0 0.0
72.0 44.0 0.0
72.0 46.0 0.0
72.0 48.0 0.0
72.0 50.0 0.0028645070577238926
72.0 52.0 0.04507850491911974
72.0 54.0 0.17802441059345286
72.0 56.0 0.31929834997562323
72.0 58.0 0.43489194546634047
72.0 60.0 0.5159139903732816
72.0 62.0 0.5629548034537006
72.0 64.0 0.5042490291785849
72.0 66.0 0.4872827429684881
72.0 68.0 0.4520112768882119
72.0 70.0 0.3822911954668729
72.0 72.0 0.26489389541723785
72.0 74.0 0.10143641373666408
72.0 76.0 3.3846093256686575E-4
72.0 78.0 0.0
72.0 80.0 0.0
72.0 82.0 0.0
72.0 84.0 0.0
72.0 86.0 0.0
72.0 88.0 0.0
72.0 90.0 0.0
72.0 92.0 0.0
72.0 94.0 0.0
72.0 96.0 0.0
72.0 98.0 0.0
72.0 100.0 0.0
72.0 102.0 0.0
72.0 104.0 0.0
72.0 106.0 0.018967663960567167
72.0 108.0 0.07879676767517095
72.0 110.0 0.14693032344964005
72.0 112.0 0.2034346519070593
72.0 114.0 0.26966765769456696
72.0 116.0 0.32464909717091134
72.0 118.0 0.3398546136171133
72.0 120.0 0.3404391874670852
72.0 122.0 0.31740928583243216
72.0 124.0 0.23277858749745792
72.0 126.0 0.009791950332931195
74.0 0.0 0.0
74.0 2.0 0.0
74.0 4.0 0.0
74.0 6.0 0.021905542459814964
74.0 8.0 0.1121979125641354
74.0 10.0 0.24426661850839282
74.0 12.0 0.3450602742232298
74.0 14.0 0.35227614891322406
74.0 16.0 0.26985551343039055
74.0 18.0 0.2085768869477591
74.0 20.0 0.08530236322002523
74.0 22.0 0.003233232000927287
74.0 24.0 0.0
74.0 26.0 0.0
74.0 28.0 0.0
74.0 30.0 0.0
74.0 32.0 0.0
74.0 34.0 0.0
74.0 36.0 0.0
74.0 38.0 0.0
74.0 40.0 0.0
74.0 42.0 0.0
74.0 44.0 0.0
74.0 46.0 0.0
74.0 48.0 0.0
74.0 50.0 0.007816964813317904
74.0 52.0 0.09889285579764472
74.0 54.0 0.23780189586352182
74.0 56.0 0.3788545903845817
74.0 58.0 0.48863959106649624
74.0 60.0 0.56058776386791
74.0 62.0 0.5953755909173568
74.0 64.0 0.515457805929596
74.0 66.0 0.4945094474234133
74.0 68.0 0.4478306044851494
74.0 70.0 0.3535597013204441
74.0 72.0 0.19416783804869342
74.0 74.0 0.021064809651772393
74.0 76.0 0.0
74.0 78.0 0.0
74.0 80.0 0.0
74.0 82.0 0.0
74.0 84.0 0.0
74.0 86.0 0.0
74.0 88.0 0.0
74.0 90.0 0.0
74.0 92.0 0.0
74.0 94.0 0.0
74.0 96.0 0.0
74.0 98.0 0.0
74.0 100.0 0.0
74.0 102.0 0.0
74.0 104.0 0.009708085742785495
74.0 106.0 0.037165314618099354
74.0 108.0 0.07800147858954339
74.0 110.0 0.12029258483962506
74.0 112.0 0.16149099792757124
74.0 114.0 0.20873900679273408
74.0 116.0 0.2609418743404695
74.0 118.0 0.28488233306737093
74.0 120.0 0.2963718431887031
74.0 122.0 0.2971514854296185
74.0 124.0 0.2790795119501626
74.0 126.0 0.11551690642787486
76.0 0.0 0.0
76.0 2.0 0.0018340424402192104
76.0 4.0 0.0018065485657171225
76.0 6.0 0.051413276674701934
76.0 8.0 0.1173973991775293
76.0 10.0 0.183082116977647
76.0 12.0 0.23342002677436802
76.0 14.0 0.2043963077305014
76.0 16.0 0.17979385326931263
76.0 18.0 0.0952095203274884
76.0 20.0 0.013630986826337163
76.0 22.0 0.0
76.0 24.0 0.0
76.0 26.0 0.0
76.0 28.0 0.0
76.0 30.0 0.0
76.0 32.0 0.0
76.0 34.0 0.0
76.0 36.0 0.0
76.0 38.0 0.0
76.0 40.0 0.0
76.0 42.0 0.0
76.0 44.0 0.0
76.0 46.0 0.0
76.0 48.0 0.0
76.0 50.0 0.03614875916702883
76.0 52.0 0.14876668719342648
76.0 54.0 0.28416087344221935
76.0 56.0 0.4259288733135757
76.0 58.0 0.526631658486643
76.0 60.0 0.5887221894680325
76.0 62.0 0.5980444234743292
76.0 64.0 0.5157819852494238
76.0 66.0 0.4904213312848171
76.0 68.0 0.42610935135774936
76.0 70.0 0.2967681418306765
76.0 72.0 0.09333442126900443
76.0 74.0 0.0
76.0 76.0 0.0
76.0 78.0 0.0
76.0 80.0 0.0
76.0 82.0 0.0
76.0 84.0 0.0
76.0 86.0 0.0
76.0 88.0 0.0
76.0 90.0 0.0
76.0 92.0 0.0
76.0 94.0 0.0
76.0 96.0 0.0
76.0 98.0 0.0
76.0 100.0 0.0
76.0 102.0 0.007229931025239653
76.0 104.0 0.031510483309126154
76.0 106.0 0.060123187214246865
76.0 108.0 0.08284677516486275
76.0 110.0 0.10406350738296864
76.0 112.0 0.12737324652125348
76.0 114.0 0.164613645661931
76.0 116.0 0.20436012690576152
76.0 118.0 0.22905686075187312
76.0 120.0 0.25578698926652305
76.0 122.0 0.28391673305389903
76.0 124.0 0.32589739363532494
76.0 126.0 0.0
78.0 0.0 0.0
78.0 2.0 0.1330080715240545
78.0 4.0 0.05622422385806794
78.0 6.0 0.06805967369000755
78.0 8.0 0.0728336518850043
78.0 10.0 0.07086263157270724
78.0 12.0 0.08047258006417805
78.0 14.0 0.06526274963485008
78.0 16.0 0.0416079385903442
78.0 18.0 0.0028579281703170014
78.0 20.0 0.0
78.0 22.0 0.0
78.0 24.0 0.0
78.0 26.0 0.0
78.0 28.0 0.0
78.0 30.0 0.0
78.0 32.0 0.0
78.0 34.0 0.0
78.0 36.0 0.0
78.0 38.0 0.0
78.0 40.0 0.0
78.0 42.0 0.0
78.0 44.0 0.0
78.0 46.0 0.0
78.0 48.0 0.004965406402725525
78.0 50.0 0.06739524904071444
78.0 52.0 0.18420147131963385
78.0 54.0 0.3206093266943852
78.0 56.0 0.45418523220484297
78.0 58.0 0.541835695238803
78.0 60.0 0.5935894874539757
78.0 62.0 0.5533189674343909
78.0 64.0 0.5080700492784208
78.0 66.0 0.46152455665233855
78.0 68.0 0.36875132972255825
78.0 70.0 0.20230444074659237
78.0 72.0 0.0148194885056543
78.0 74.0 0.0
78.0 76.0 0.0
78.0 78.0 0.0
78.0 80.0 0.0
78.0 82.0 0.0
78.0 84.0 0.0
78.0 86.0 0.0
78.0 88.0 0.0
78.0 90.0 0.0
78.0 92.0 0.0
78.0 94.0 0.0
78.0 96.0 0.0
78.0 98.0 0.0
78.0 100.0 0.0027000140443515347
78.0 102.0 0.024355644878599956
78.0 104.0 0.04998804105182352
78.0 106.0 0.07232072674015631
78.0 108.0 0.082938477035799
78.0 110.0 0.08956625637862248
78.0 112.0 0.09899000591834455
78.0 114.0 0.12829444839762555
78.0 116.0 0.1515524870623815
78.0 118.0 0.17896797907585527
78.0 120.0 0.22141778951677346
78.0 122.0 0.2803466405411646
78.0 124.0 0.3698006652627757
78.0 126.0 0.0
80.0 0.0 0.0
80.0 2.0 0.0
80.0 4.0 0.2039167283448583
80.0 6.0 0.0505096266743705
80.0 8.0 0.010767160295150896
80.0 10.0 0.0
80.0 12.0 0.0
80.0 14.0 0.0
80.0 16.0 0.0
80.0 18.0 0.0
80.0 20.0 0.0
80.0 22.0 0.0
80.0 24.0 0.0
80.0 26.0 0.0
80.0 28.0 0.0
80.0 30.0 0.0
80.0 32.0 0.0
80.0 34.0 0.0
80.0 36.0 0.0
80.0 38.0 0.0
80.0 40.0 0.0
80.0 42.0 0.0
80.0 44.0 0.0
80.0 46.0 0.0
80.0 48.0 0.02552999982877351
80.0 50.0 0.10313978630693203
80.0 52.0 0.20427114170308588
80.0 54.0 0.33916091377068347
80.0 56.0 0.4498404256826524
80.0 58.0 0.521870788287751
80.0 60.0 0.5373516032127365
80.0 62.0 0.47637039233955125
80.0 64.0 0.4415862801660127
80.0 66.0 0.37437868565527227
80.0 68.0 0.2611503076113708
80.0 70.0 0.09078881698898117
80.0 72.0 0.0
80.0 74.0 0.0
80.0 76.0 0.0
80.0 78.0 0.0
80.0 80.0 0.0
80.0 82.0 0.0
80.0 84.0 0.0
80.0 86.0 0.0
80.0 88.0 0.0
80.0 90.0 0.0
80.0 92.0 0.0
80.0 94.0 0.0
80.0 96.0 0.0
80.0 98.0 1.5403008120184566E-4
80.0 100.0 0.013934395799222088
80.0 102.0 0.035930897907244026
80.0 104.0 0.05528936582558138
80.0 106.0 0.06867053069199845
80.0 108.0 0.07537350074175556
80.0 110.0 0.07198919348839024
80.0 112.0 0.07494868379813029
80.0 114.0 0.08355233723136357
80.0 116.0 0.09873874906912473
80.0 118.0 0.12861395566969824
80.0 120.0 0.18817991259162334
80.0 122.0 0.27172366738502657
80.0 124.0 0.38843252658336075
80.0 126.0 0.0
82.0 0.0 0.0
82.0 2.0 0.0
82.0 4.0 0.19593010728142357
82.0 6.0 0.012343412453950231
82.0 8.0 0.0
82.0 10.0 0.0
82.0 12.0 0.0
82.0 14.0 0.0
82.0 16.0 0.0
82.0 18.0 0.0
82.0 20.0 0.0
82.0 22.0 0.0
82.0 24.0 0.0
82.0 26.0 0.0
82.0 28.0 1.6111072946165084E-4
82.0 30.0 6.384553149349408E-4
82.0 32.0 0.0
82.0 34.0 0.0
82.0 36.0 0.0
82.0 38.0 0.0
82.0 40.0 0.0
82.0 42.0 0.0
82.0 44.0 0.0
82.0 46.0 0.004856548212940198
82.0 48.0 0.04966799316837265
82.0 50.0 0.12244039783629601
82.0 52.0 0.22254738875985017
82.0 54.0 0.33118013049014045
82.0 56.0 0.4107867340614888
82.0 58.0 0.4564916357261566
82.0 60.0 0.40517706786856605
82.0 62.0 0.36966841111373466
82.0 64.0 0.3233056772805408
82.0 66.0 0.24815779366836688
82.0 68.0 0.13946879405841908
82.0 70.0 0.0116405012126002
82.0 72.0 0.0
82.0 74.0 0.0
82.0 76.0 0.0
82.0 78.0 0.0
82.0 80.0 0.0
82.0 82.0 0.0
82.0 84.0 0.0
82.0 86.0 0.0
82.0 88.0 0.0
82.0 90.0 0.0
82.0 92.0 0.0
82.0 94.0 0.0
82.0 96.0 0.0017488805826833184
82.0 98.0 0.012317421919858233
82.0 100.0 0.025368267172581116
82.0 102.0 0.03958388756104203
82.0 104.0 0.050397032700482895
82.0 106.0 0.049874560430568066
82.0 108.0 0.047112206645624786
82.0 110.0 0.04196278474568937
82.0 112.0 0.03775740871784958
82.0 114.0 0.04594460932744612
82.0 116.0 0.05400308260450156
82.0 118.0 0.074933855279337
82.0 120.0 0.14396106368775968
82.0 122.0 0.2516098131537094
82.0 124.0 0.37079795619941297
82.0 126.0 0.0
84.0 0.0 0.0
84.0 2.0 0.0
84.0 4.0 0.17375073136849753
84.0 6.0 0.0
84.0 8.0 0.0
84.0 10.0 0.0
84.0 12.0 0.0
84.0 14.0 0.0
84.0 16.0 0.0
84.0 18.0 0.0
84.0 20.0 0.0
84.0 22.0 0.0
84.0 24.0 0.0
84.0 26.0 0.010829086345542695
84.0 28.0 0.03126159014329789
84.0 30.0 0.033126285528120254
84.0 32.0 0.02522754249949231
84.0 34.0 0.0
84.0 36.0 0.0
84.0 38.0 0.0
84.0 40.0 0.0
84.0 42.0 0.0
84.0 44.0 0.0
84.0 46.0 0.011438901492671724
84.0 48.0 0.05324289260960721
84.0 50.0 0.1124908231166284
84.0 52.0 0.2052733579292596
84.0 54.0 0.29098224707432946
84.0 56.0 0.34072274058340457
84.0 58.0 0.3035439057707779
84.0 60.0 0.2955872765064328
84.0 62.0 0.2498495907044117
84.0 64.0 0.19518638210561287
84.0 66.0 0.12181375765610077
84.0 68.0 0.026899095205085558
84.0 70.0 0.0
84.0 72.0 0.0
84.0 74.0 0.0
84.0 76.0 0.0
84.0 78.0 0.0
84.0 80.0 0.0
84.0 82.0 0.0
84.0 84.0 0.0
84.0 86.0 0.0
84.0 88.0 0.0
84.0 90.0 0.0
84.0 92.0 0.0
84.0 94.0 0.01255481785811662
84.0 96.0 0.03298693151859136
84.0 98.0 0.05662769558431863
84.0 100.0 0.05655131627646783
84.0 102.0 0.051025321755327285
84.0 104.0 0.042966411777173336
84.0 106.0 0.031558313106643636
84.0 108.0 0.020946531661799956
84.0 110.0 0.015952228666756874
84.0 112.0 0.012083030294652047
84.0 114.0 0.013388475590107848
84.0 116.0 0.022694317803041163
84.0 118.0 0.028545067779251355
84.0 120.0 0.07350804407208732
84.0 122.0 0.20562738383679877
84.0 124.0 0.0
84.0 126.0 0.0
86.0 0.0 0.0
86.0 2.0 0.0
86.0 4.0 0.0
86.0 6.0 0.07547235026276188
86.0 8.0 0.0
86.0 10.0 0.0
86.0 12.0 0.0
86.0 14.0 0.0
86.0 16.0 0.0
86.0 18.0 0.0
86.0 20.0 0.0
86.0 22.0 0.0010149143098767683
86.0 24.0 0.058471027385423945
86.0 26.0 0.1059266027169996
86.0 28.0 0.14347694608627243
86.0 30.0 0.1446637779802537
86.0 32.0 0.10571722716763383
86.0 34.0 0.025041592419123956
86.0 36.0 0.0
86.0 38.0 0.0
86.0 40.0 0.0
86.0 42.0 0.0
86.0 44.0 0.0
86.0 46.0 0.005138210287783113
86.0 48.0 0.027659286172505158
86.0 50.0 0.07470461121480684
86.0 52.0 0.15879182090469207
86.0 54.0 0.22024365204727805
86.0 56.0 0.24968901436458954
86.0 58.0 0.20619246647331294
86.0 60.0 0.17525751538642956
86.0 62.0 0.13160512553136347
86.0 64.0 0.08260891846383214
86.0 66.0 0.016957972607680647
86.0 68.0 0.0
86.0 70.0 0.0
86.0 72.0 0.0
86.0 74.0 0.0
86.0 76.0 0.0
86.0 78.0 0.0
86.0 80.0 0.0
86.0 82.0 0.0
86.0 84.0 0.0
86.0 86.0 0.0
86.0 88.0 0.0
86.0 90.0 0.03269713023661481
86.0 92.0 0.09752029066544803
86.0 94.0 0.13909259861669732
86.0 96.0 0.14773633007640286
86.0 98.0 0.1293651509063869
86.0 100.0 0.09838323019116041
86.0 102.0 0.06746718100292835
86.0 104.0 0.03259587186505127
86.0 106.0 0.01114524835121071
86.0 108.0 0.0
86.0 110.0 0.0
86.0 112.0 0.0
86.0 114.0 0.0
86.0 116.0 0.0
86.0 118.0 0.0
86.0 120.0 0.006853926036493354
86.0 122.0 0.08283837544544652
86.0 124.0 0.0
86.0 126.0 0.0
88.0 0.0 0.0
88.0 2.0 0.0
88.0 4.0 0.0
88.0 6.0 0.03481849192926646
88.0 8.0 0.0
88.0 10.0 0.0
88.0 12.0 0.0
88.0 14.0 0.0
88.0 16.0 0.0
88.0 18.0 0.0
88.0 20.0 0.0
88.0 22.0 0.06489619798693587
88.0 24.0 0.14499698910665962
88.0 26.0 0.1920692317918289
88.0 28.0 0.24998379906831547
88.0 30.0 0.24691714300422873
88.0 32.0 0.20857491248248614
88.0 34.0 0.11781128805411127
88.0 36.0 0.013556284343597515
88.0 38.0 0.0
88.0 40.0 0.0
88.0 42.0 0.0
88.0 44.0 0.0
88.0 46.0 0.0
88.0 48.0 0.0
88.0 50.0 0.013780065716517078
88.0 52.0 0.08416310869197179
88.0 54.0 0.13461058146809438
88.0 56.0 0.1508598714218979
88.0 58.0 0.13471313928525913
88.0 60.0 0.08667283283348275
88.0 62.0 0.04214790116390844
88.0 64.0 0.0101054112434892
88.0 66.0 0.0
88.0 68.0 0.0
88.0 70.0 0.0
88.0 72.0 0.0
88.0 74.0 0.0
88.0 76.0 0.0
88.0 78.0 0.0
88.0 80.0 0.0
88.0 82.0 0.0
88.0 84.0 0.0
88.0 86.0 0.0
88.0 88.0 0.02157763884675136
88.0 90.0 0.11478404247702984
88.0 92.0 0.1757204942457675
88.0 94.0 0.19739287524768814
88.0 96.0 0.20056138745705684
88.0 98.0 0.19977302003619624
88.0 100.0 0.1816005162869765
88.0 102.0 0.09749129994022755
88.0 104.0 0.014876674513419985
88.0 106.0 0.0
88.0 108.0 0.0
88.0 110.0 0.0
88.0 112.0 0.0
88.0 114.0 0.0
88.0 116.0 0.0
88.0 118.0 0.0
88.0 120.0 0.0
88.0 122.0 0.0
88.0 124.0 0.0
88.0 126.0 0.0
90.0 0.0 0.0
90.0 2.0 0.0
90.0 4.0 0.0
90.0 6.0 0.0
90.0 8.0 0.0
90.0 10.0 0.0
90.0 12.0 0.0
90.0 14.0 0.0
90.0 16.0 0.0
90.0 18.0 0.0
90.0 20.0 0.039977984278539797
90.0 22.0 0.139643732267165
90.0 24.0 0.21069596702470617
90.0 26.0 0.25792177452475856
90.0 28.0 0.30784604595832055
90.0 30.0 0.3027843785791734
90.0 32.0 0.2608058686422671
90.0 34.0 0.18397059134186608
90.0 36.0 0.06827876034246681
90.0 38.0 0.0
90.0 40.0 0.0
90.0 42.0 0.0
90.0 44.0 0.0
90.0 46.0 0.0
90.0 48.0 0.0
90.0 50.0 0.0
90.0 52.0 5.600088707535764E-6
90.0 54.0 0.03249281018294995
90.0 56.0 0.060481923754022095
90.0 58.0 0.05542457153414892
90.0 60.0 0.02509295233885733
90.0 62.0 0.0042868034182678314
90.0 64.0 0.0
90.0 66.0 0.0
90.0 68.0 0.0
90.0 70.0 0.0
90.0 72.0 0.0
90.0 74.0 0.0
90.0 76.0 0.0
90.0 78.0 0.0
90.0 80.0 0.0
90.0 82.0 0.0
90.0 84.0 4.464253729173607E-4
90.0 86.0 0.018517788251976957
90.0 88.0 0.08340090371886115
90.0 90.0 0.1760955207218179
90.0 92.0 0.2228425133815941
90.0 94.0 0.24810476173043897
90.0 96.0 0.25225870335051975
90.0 98.0 0.2879026503547515
90.0 100.0 0.2556083310710731
90.0 102.0 0.1633524687210873
90.0 104.0 0.02063987540156039
90.0 106.0 0.0
90.0 108.0 0.0
90.0 110.0 0.0
90.0 112.0 0.0
90.0 114.0 0.0
90.0 116.0 0.0
90.0 118.0 0.0
90.0 120.0 0.0
90.0 122.0 0.0
90.0 124.0 0.0
90.0 126.0 0.0
92.0 0.0 0.0
92.0 2.0 0.0
92.0 4.0 0.0
92.0 6.0 0.0
92.0 8.0 0.0
92.0 10.0 0.0
92.0 12.0 0.0
92.0 14.0 0.0
92.0 16.0 0.0
92.0 18.0 0.016498564663922393
92.0 20.0 0.12670448823890884
92.0 22.0 0.19708789774516813
92.0 24.0 0.2649557015598267
92.0 26.0 0.31343699601093183
92.0 28.0 0.35701710822389177
92.0 30.0 0.3409446719507767
92.0 32.0 0.2896899807535373
92.0 34.0 0.2074304010019853
92.0 36.0 0.08956610982070869
92.0 38.0 0.0
92.0 40.0 0.0
92.0 42.0 0.0
92.0 44.0 0.0
92.0 46.0 0.0
92.0 48.0 0.0
92.0 50.0 0.0
92.0 52.0 0.0
92.0 54.0 0.0
92.0 56.0 0.0
92.0 58.0 0.0027968701310467094
92.0 60.0 0.004523580084258737
92.0 62.0 3.235456449045921E-5
92.0 64.0 0.0
92.0 66.0 0.0
92.0 68.0 0.0
92.0 70.0 0.0
92.0 72.0 0.0
92.0 74.0 0.0
92.0 76.0 0.0
92.0 78.0 0.0
92.0 80.0 0.0016373804436782362
92.0 82.0 0.0026934346390906885
92.0 84.0 0.03053131931622935
92.0 86.0 0.07205900842179075
92.0 88.0 0.16141649550714274
92.0 90.0 0.2347556341650878
92.0 92.0 0.26318067369447407
92.0 94.0 0.2899905207518258
92.0 96.0 0.2925266426731707
92.0 98.0 0.30479943815767807
92.0 100.0 0.3179082829938047
92.0 102.0 0.22665794183571994
92.0 104.0 0.05170988211320642
92.0 106.0 0.0
92.0 108.0 0.0
92.0 110.0 0.0
92.0 112.0 0.0
92.0 114.0 0.0
92.0 116.0 0.0
92.0 118.0 0.0
92.0 120.0 0.0
92.0 122.0 0.0
92.0 124.0 0.0
92.0 126.0 0.0
94.0 0.0 0.0
94.0 2.0 0.0
94.0 4.0 0.0
94.0 6.0 0.0
94.0 8.0 0.0
94.0 10.0 0.0
94.0 12.0 0.0
94.0 14.0 0.0
94.0 16.0 0.0
94.0 18.0 0.09166975821953782
94.0 20.0 0.22123369354726732
94.0 22.0 0.2556404344806345
94.0 24.0 0.3048310294449717
94.0 26.0 0.346298335582464
94.0 28.0 0.36065785170154824
94.0 30.0 0.3692269384691938
94.0 32.0 0.30791310060247684
94.0 34.0 0.21493651723998733
94.0 36.0 0.08546378967038128
94.0 38.0 0.0
94.0 40.0 0.0
94.0 42.0 0.0
94.0 44.0 0.0
94.0 46.0 0.0
94.0 48.0 0.0
94.0 50.0 0.0
94.0 52.0 0.0
94.0 54.0 0.0
94.0 56.0 0.0
94.0 58.0 0.0
94.0 60.0 5.116498191616213E-4
94.0 62.0 0.0
94.0 64.0 0.0
94.0 66.0 0.0
94.0 68.0 0.0
94.0 70.0 0.0
94.0 72.0 0.0
94.0 74.0 0.0
94.0 76.0 0.0
94.0 78.0 0.0
94.0 80.0 0.004276173396236187
94.0 82.0 0.018295786386642317
94.0 84.0 0.07835798665319024
94.0 86.0 0.14741952109303194
94.0 88.0 0.2259759586483033
94.0 90.0 0.2946176962049344
94.0 92.0 0.3185333878308724
94.0 94.0 0.3326554819337129
94.0 96.0 0.33631760078488643
94.0 98.0 0.34076123862051505
94.0 100.0 0.3606282044834824
94.0 102.0 0.27426313782994943
94.0 104.0 0.08104530906691891
94.0 106.0 0.0
94.0 108.0 0.0
94.0 110.0 0.0
94.0 112.0 0.0
94.0 114.0 0.0
94.0 116.0 0.0
94.0 118.0 0.0
94.0 120.0 0.0
94.0 122.0 0.0
94.0 124.0 0.0
94.0 126.0 0.0
96.0 0.0 0.0
96.0 2.0 0.0
96.0 4.0 0.0
96.0 6.0 0.0
96.0 8.0 0.0
96.0 10.0 0.0
96.0 12.0 0.0
96.0 14.0 0.0
96.0 16.0 0.0
96.0 18.0 0.10688214034294259
96.0 20.0 0.26311722114819797
96.0 22.0 0.3219150364238332
96.0 24.0 0.34624178973742553
96.0 26.0 0.37639023921916664
96.0 28.0 0.3851138033684319
96.0 30.0 0.3593823737997022
96.0 32.0 0.29543835987674694
96.0 34.0 0.2055763348531019
96.0 36.0 0.06323796205875824
96.0 38.0 0.0
96.0 40.0 0.0
96.0 42.0 0.0
96.0 44.0 0.0
96.0 46.0 0.0
96.0 48.0 0.0
96.0 50.0 0.0
96.0 52.0 0.0
96.0 54.0 0.0
96.0 56.0 0.0
96.0 58.0 0.0
96.0 60.0 3.5241543493572E-4
96.0 62.0 0.0
96.0 64.0 0.0
96.0 66.0 0.0
96.0 68.0 0.0
96.0 70.0 0.0
96.0 72.0 0.0
96.0 74.0 0.0
96.0 76.0 0.0
96.0 78.0 0.0
96.0 80.0 6.206680987068678E-4
96.0 82.0 0.0277766869733736
96.0 84.0 0.10851041923546377
96.0 86.0 0.18484313194723923
96.0 88.0 0.2555581907300643
96.0 90.0 0.3264257604769143
96.0 92.0 0.3743602064075215
96.0 94.0 0.3849548387897948
96.0 96.0 0.3823038968031666
96.0 98.0 0.36692177265893605
96.0 100.0 0.3734497126903468
96.0 102.0 0.3005640214657988
96.0 104.0 0.10703742278301216
96.0 106.0 0.0
96.0 108.0 0.0
96.0 110.0 0.0
96.0 112.0 0.0
96.0 114.0 0.0
96.0 116.0 0.0
96.0 118.0 0.0
96.0 120.0 0.0
96.0 122.0 0.0
96.0 124.0 0.0
96.0 126.0 0.0
98.0 0.0 0.0
98.0 2.0 0.0
98.0 4.0 0.0
98.0 6.0 0.0
98.0 8.0 0.0
98.0 10.0 0.0
98.0 12.0 0.0
98.0 14.0 0.0
98.0 16.0 0.0
98.0 18.0 0.09859947752365773
98.0 20.0 0.2755987626059075
98.0 22.0 0.35375889618687034
98.0 24.0 0.3673942074541498
98.0 26.0 0.39087195124121177
98.0 28.0 0.39499757839974525
98.0 30.0 0.3631084423555622
98.0 32.0 0.28966091907345115
98.0 34.0 0.18806134424707768
98.0 36.0 0.03446298883499129
98.0 38.0 0.0
98.0 40.0 0.0
98.0 42.0 0.0
98.0 44.0 0.0
98.0 46.0 0.0
98.0 48.0 0.0
98.0 50.0 0.0
98.0 52.0 0.0
98.0 54.0 0.0
98.0 56.0 0.0
98.0 58.0 0.0
98.0 60.0 6.70925586152062E-4
98.0 62.0 0.0
98.0 64.0 0.0
98.0 66.0 0.0
98.0 68.0 0.0
98.0 70.0 0.0
98.0 72.0 0.0
98.0 74.0 0.0
98.0 76.0 0.0
98.0 78.0 0.0
98.0 80.0 0.0
98.0 82.0 0.02293680339832924
98.0 84.0 0.08998543644789538
98.0 86.0 0.17958612282691153
98.0 88.0 0.25035018124565983
98.0 90.0 0.3384895409221363
98.0 92.0 0.3924990139273526
98.0 94.0 0.41389704929493254
98.0 96.0 0.42363492777875517
98.0 98.0 0.4371803501363447
98.0 100.0 0.40633094205229064
98.0 102.0 0.29820938299931576
98.0 104.0 0.11599645260709023
98.0 106.0 0.0
98.0 108.0 0.0
98.0 110.0 0.0
98.0 112.0 0.0
98.0 114.0 0.0
98.0 116.0 0.0
98.0 118.0 0.0
98.0 120.0 0.0
98.0 122.0 0.0
98.0 124.0 0.0
98.0 126.0 0.0
100.0 0.0 0.0
100.0 2.0 0.0
100.0 4.0 0.0
100.0 6.0 0.0
100.0 8.0 0.0
100.0 10.0 0.0
100.0 12.0 0.0
100.0 14.0 0.0
100.0 16.0 0.0
100.0 18.0 0.12480344961538566
100.0 20.0 0.30088531773717514
100.0 22.0 0.3636479118377885
100.0 24.0 0.4037409801918608
100.0 26.0 0.4345886359510756
100.0 28.0 0.42791518352465446
100.0 30.0 0.381400479061367
100.0 32.0 0.2675319298788356
100.0 34.0 0.1747912756704484
100.0 36.0 0.009003714812301297
100.0 38.0 0.0
100.0 40.0 0.0
100.0 42.0 0.0
100.0 44.0 0.0
100.0 46.0 0.0
100.0 48.0 0.0
100.0 50.0 0.0
100.0 52.0 0.0
100.0 54.0 0.0
100.0 56.0 0.0
100.0 58.0 1.8003390968603515E-4
100.0 60.0 0.011140151297660056
100.0 62.0 0.007614975507422148
100.0 64.0 0.0
100.0 66.0 0.0
100.0 68.0 0.0
100.0 70.0 0.0
100.0 72.0 0.0
100.0 74.0 0.0
100.0 76.0 0.0
100.0 78.0 0.0
100.0 80.0 0.0
100.0 82.0 0.017214683105872795
100.0 84.0 0.07710138129208231
100.0 86.0 0.14048277058226427
100.0 88.0 0.259060168670679
100.0 90.0 0.3262591621650878
100.0 92.0 0.39006426722111187
100.0 94.0 0.4466541068412127
100.0 96.0 0.4867868789567085
100.0 98.0 0.4685989022870047
100.0 100.0 0.411062263707805
100.0 102.0 0.2873411404519844
100.0 104.0 0.10302800783834486
100.0 106.0 0.0
100.0 108.0 0.0
100.0 110.0 0.0
100.0 112.0 0.0
100.0 114.0 0.0
100.0 116.0 0.0
100.0 118.0 0.0
100.0 120.0 0.0
100.0 122.0 0.0
100.0 124.0 0.0
100.0 126.0 0.0
102.0 0.0 0.0
102.0 2.0 0.0
102.0 4.0 0.0
102.0 6.0 0.0
102.0 8.0 0.0
102.0 10.0 0.0
102.0 12.0 0.0
102.0 14.0 0.0
102.0 16.0 0.0
102.0 18.0 0.06997130405483466
102.0 20.0 0.27845180959222937
102.0 22.0 0.3749107731198964
102.0 24.0 0.40822817431672775
102.0 26.0 0.4284466558261825
102.0 28.0 0.4187711198866959
102.0 30.0 0.3506168720103244
102.0 32.0 0.23524502031647335
102.0 34.0 0.12185236753814711
102.0 36.0 0.004409900228283538
102.0 38.0 0.0
102.0 40.0 0.0
102.0 42.0 0.0
102.0 44.0 0.0
102.0 46.0 0.0
102.0 48.0 0.0
102.0 50.0 0.0
102.0 52.0 0.0
102.0 54.0 0.0
102.0 56.0 0.002392319936128825
102.0 58.0 0.05120742383132781
102.0 60.0 0.07526199496870144
102.0 62.0 0.0651755223371674
102.0 64.0 0.02620907758865969
102.0 66.0 0.001435482629090696
102.0 68.0 0.0
102.0 70.0 0.0
102.0 72.0 0.0
102.0 74.0 0.0
102.0 76.0 0.0
102.0 78.0 0.0
102.0 80.0 0.0
102.0 82.0 0.0013215226429200144
102.0 84.0 0.04422645180645813
102.0 86.0 0.10895577556388812
102.0 88.0 0.2162896680483438
102.0 90.0 0.29184787428039144
102.0 92.0 0.36960225447234896
102.0 94.0 0.45758310318004974
102.0 96.0 0.5006915047803256
102.0 98.0 0.47627915574769863
102.0 100.0 0.404989460244612
102.0 102.0 0.2743935991960437
102.0 104.0 0.09883779407029426
102.0 106.0 0.0
102.0 108.0 0.0
102.0 110.0 0.0
102.0 112.0 0.0
102.0 114.0 0.0
102.0 116.0 0.0
102.0 118.0 0.0
102.0 120.0 0.0
102.0 122.0 0.0
102.0 124.0 0.0
102.0 126.0 0.0
104.0 0.0 0.0
104.0 2.0 0.0
104.0 4.0 0.0
104.0 6.0 0.0
104.0 8.0 0.0
104.0 10.0 0.0
104.0 12.0 0.0
104.0 14.0 0.0
104.0 16.0 0.0
104.0 18.0 0.012784507445023146
104.0 20.0 0.19715481987741632
104.0 22.0 0.38428555056179664
104.0 24.0 0.3829792426660977
104.0 26.0 0.3880695839838293
104.0 28.0 0.39707260334364697
104.0 30.0 0.2813051705980021
104.0 32.0 0.18578605392559178
104.0 34.0 0.07303165388333892
104.0 36.0 0.0
104.0 38.0 0.0
104.0 40.0 0.0
104.0 42.0 0.0
104.0 44.0 0.0
104.0 46.0 0.0
104.0 48.0 0.0
104.0 50.0 0.0
104.0 52.0 0.0
104.0 54.0 4.979657079998432E-4
104.0 56.0 0.05705103599985605
104.0 58.0 0.1122697114658272
104.0 60.0 0.14115696801995453
104.0 62.0 0.14345282822372257
104.0 64.0 0.07096750749814369
104.0 66.0 0.00529650718640387
104.0 68.0 0.0
104.0 70.0 0.0
104.0 72.0 0.0
104.0 74.0 0.0
104.0 76.0 0.0
104.0 78.0 0.0
104.0 80.0 0.0
104.0 82.0 0.0
104.0 84.0 0.01659595896389438
104.0 86.0 0.07528263377677279
104.0 88.0 0.16735036846831752
104.0 90.0 0.24389831528035252
104.0 92.0 0.3625466913275342
104.0 94.0 0.45039529774935905
104.0 96.0 0.4825848866862485
104.0 98.0 0.47058994489998174
104.0 100.0 0.39788390305894034
104.0 102.0 0.2668943022509976
104.0 104.0 0.09966153744958504
104.0 106.0 0.0
104.0 108.0 0.0
104.0 110.0 0.0
104.0 112.0 0.0
104.0 114.0 0.0
104.0 116.0 0.0
104.0 118.0 0.0
104.0 120.0 0.0
104.0 122.0 0.0
104.0 124.0 0.0
104.0 126.0 0.0
106.0 0.0 0.0
106.0 2.0 0.0
106.0 4.0 0.0
106.0 6.0 0.0
106.0 8.0 0.0
106.0 10.0 0.0
106.0 12.0 0.0
106.0 14.0 0.0
106.0 16.0 0.0
106.0 18.0 0.0
106.0 20.0 0.1480982627228881
106.0 22.0 0.3372053235715355
106.0 24.0 0.36140191569729607
106.0 26.0 0.3636496794626664
106.0 28.0 0.3337667185590307
106.0 30.0 0.2216504294186391
106.0 32.0 0.11758021549796945
106.0 34.0 0.008942310185360935
106.0 36.0 0.0
106.0 38.0 0.0
106.0 40.0 0.0
106.0 42.0 0.0
106.0 44.0 0.0
106.0 46.0 0.0
106.0 48.0 0.0
106.0 50.0 0.0
106.0 52.0 0.0
106.0 54.0 0.04316366456050196
106.0 56.0 0.11849486389839524
106.0 58.0 0.1694122046919682
106.0 60.0 0.1980091193447906
106.0 62.0 0.23193493886999195
106.0 64.0 0.15341209233341466
106.0 66.0 0.04787930906784233
106.0 68.0 0.0
106.0 70.0 0.0
106.0 72.0 0.0
106.0 74.0 0.0
106.0 76.0 0.0
106.0 78.0 0.0
106.0 80.0 0.0
106.0 82.0 0.0
106.0 84.0 0.0
106.0 86.0 0.026449910832245373
106.0 88.0 0.10171150781516992
106.0 90.0 0.1785941611881033
106.0 92.0 0.32049283553144087
106.0 94.0 0.4088397296320459
106.0 96.0 0.44831806311391365
106.0 98.0 0.4507297772498638
106.0 100.0 0.3859153383796527
106.0 102.0 0.26405635548624534
106.0 104.0 0.11383311307955181
106.0 106.0 0.0
106.0 108.0 0.0
106.0 110.0 0.0
106.0 112.0 0.0
106.0 114.0 0.0
106.0 116.0 0.0
106.0 118.0 0.0
106.0 120.0 0.0
106.0 122.0 0.0
106.0 124.0 0.0
106.0 126.0 0.0
108.0 0.0 0.0
108.0 2.0 0.0
108.0 4.0 0.0
108.0 6.0 0.0
108.0 8.0 0.0
108.0 10.0 0.0
108.0 12.0 0.0
108.0 14.0 0.0
108.0 16.0 0.0
108.0 18.0 0.0
108.0 20.0 0.049524335846702856
108.0 22.0 0.16100624797369215
108.0 24.0 0.30070141645635845
108.0 26.0 0.3015239804756198
108.0 28.0 0.19928553202732432
108.0 30.0 0.13075863345251412
108.0 32.0 0.02265224940719518
108.0 34.0 0.0
108.0 36.0 0.0
108.0 38.0 0.0
108.0 40.0 0.0
108.0 42.0 0.0
108.0 44.0 0.0
108.0 46.0 0.0
108.0 48.0 0.0
108.0 50.0 0.0
108.0 52.0 0.019155909663821736
108.0 54.0 0.10442948446961793
108.0 56.0 0.16973934417808767
108.0 58.0 0.21498796127165617
108.0 60.0 0.24376237246603535
108.0 62.0 0.30795622078532486
108.0 64.0 0.23052277844586022
108.0 66.0 0.11270170644431453
108.0 68.0 0.003141884152207982
108.0 70.0 0.0
108.0 72.0 0.0
108.0 74.0 0.0
108.0 76.0 0.0
108.0 78.0 0.0
108.0 80.0 0.0
108.0 82.0 0.0
108.0 84.0 0.0
108.0 86.0 0.0
108.0 88.0 0.03254937707377129
108.0 90.0 0.11207009250839972
108.0 92.0 0.23140135719930507
108.0 94.0 0.3374877502062373
108.0 96.0 0.41312551090726074
108.0 98.0 0.4325606053698286
108.0 100.0 0.3788538301647753
108.0 102.0 0.2641440308669156
108.0 104.0 0.12351800477968448
108.0 106.0 0.002446703423343904
108.0 108.0 0.0
108.0 110.0 0.0
108.0 112.0 0.0
108.0 114.0 0.0
108.0 116.0 0.0
108.0 118.0 0.0
108.0 120.0 0.0
108.0 122.0 0.0
108.0 124.0 0.0
108.0 126.0 0.0
110.0 0.0 0.0
110.0 2.0 0.0
110.0 4.0 0.0
110.0 6.0 0.0
110.0 8.0 0.0
110.0 10.0 0.0
110.0 12.0 0.0
110.0 14.0 0.0
110.0 16.0 0.0
110.0 18.0 0.0
110.0 20.0 0.0
110.0 22.0 0.07826043880139012
110.0 24.0 0.14891005242953181
110.0 26.0 0.17905568954993265
110.0 28.0 0.10619769652368588
110.0 30.0 0.008186833687465507
110.0 32.0 0.0
110.0 34.0 0.0
110.0 36.0 0.0
110.0 38.0 0.0
110.0 40.0 0.0
110.0 42.0 0.0
110.0 44.0 0.0
110.0 46.0 0.0
110.0 48.0 0.0
110.0 50.0 0.0
110.0 52.0 0.05132375465193223
110.0 54.0 0.15194971437002766
110.0 56.0 0.2107580008943133
110.0 58.0 0.2506515827904764
110.0 60.0 0.2790997240653245
110.0 62.0 0.3570958262286954
110.0 64.0 0.2959232624878377
110.0 66.0 0.17025124002347947
110.0 68.0 0.004458730096434288
110.0 70.0 0.0
110.0 72.0 0.0
110.0 74.0 0.0
110.0 76.0 0.0
110.0 78.0 0.0
110.0 80.0 0.0
110.0 82.0 0.0
110.0 84.0 0.0
110.0 86.0 0.0
110.0 88.0 0.0
110.0 90.0 0.020845876664836407
110.0 92.0 0.13053535255556084
110.0 94.0 0.26909910886251937
110.0 96.0 0.37883690962186445
110.0 98.0 0.4112641085259104
110.0 100.0 0.3760946939314871
110.0 102.0 0.27549975175140434
110.0 104.0 0.1425129951027286
110.0 106.0 0.0038243937069561127
110.0 108.0 0.0
110.0 110.0 0.0
110.0 112.0 0.0
110.0 114.0 0.0
110.0 116.0 0.0
110.0 118.0 0.0
110.0 120.0 0.0
110.0 122.0 0.0
110.0 124.0 0.0
110.0 126.0 0.0
112.0 0.0 0.0
112.0 2.0 0.0
112.0 4.0 0.0
112.0 6.0 0.0
112.0 8.0 0.0
112.0 10.0 0.0
112.0 12.0 0.0
112.0 14.0 0.0
112.0 16.0 0.0
112.0 18.0 0.0
112.0 20.0 0.0
112.0 22.0 0.0
112.0 24.0 0.07221669996307813
112.0 26.0 0.07678246200504273
112.0 28.0 0.019327009657765366
112.0 30.0 0.0
112.0 32.0 0.0
112.0 34.0 0.0
112.0 36.0 0.0
112.0 38.0 0.0
112.0 40.0 0.0
112.0 42.0 0.0
112.0 44.0 0.0
112.0 46.0 0.0
112.0 48.0 0.0
112.0 50.0 6.174246579290813E-5
112.0 52.0 0.08487857565648037
112.0 54.0 0.17949317406374088
112.0 56.0 0.24363190364048037
112.0 58.0 0.3159045938528586
112.0 60.0 0.35338219853340735
112.0 62.0 0.36848598471401345
112.0 64.0 0.3575879129476005
112.0 66.0 0.25270865101890744
112.0 68.0 0.0410570466197443
112.0 70.0 0.0
112.0 72.0 0.0
112.0 74.0 0.0
112.0 76.0 0.0
112.0 78.0 0.0
112.0 80.0 0.0
112.0 82.0 0.0
112.0 84.0 0.0
112.0 86.0 0.0
112.0 88.0 0.0
112.0 90.0 0.0
112.0 92.0 0.019337522502298896
112.0 94.0 0.17354002641440638
112.0 96.0 0.31873004050241716
112.0 98.0 0.38734084406110186
112.0 100.0 0.36602040660313895
112.0 102.0 0.28604896202586655
112.0 104.0 0.15693827814901387
112.0 106.0 0.0
112.0 108.0 0.0
112.0 110.0 0.0
112.0 112.0 0.0
112.0 114.0 0.0
112.0 116.0 0.0
112.0 118.0 0.0
112.0 120.0 0.0
112.0 122.0 0.0
112.0 124.0 0.0
112.0 126.0 0.0
114.0 0.0 0.0
114.0 2.0 0.0
114.0 4.0 0.0
114.0 6.0 0.0
114.0 8.0 0.0
114.0 10.0 0.0
114.0 12.0 0.0
114.0 14.0 0.0
114.0 16.0 0.0
114.0 18.0 0.0
114.0 20.0 0.0
114.0 22.0 0.0
114.0 24.0 0.0
114.0 26.0 0.09335419907259511
114.0 28.0 0.008638102677760304
114.0 30.0 0.0
114.0 32.0 0.0
114.0 34.0 0.0
114.0 36.0 0.0
114.0 38.0 0.0
114.0 40.0 0.0
114.0 42.0 0.0
114.0 44.0 0.0
114.0 46.0 0.0
114.0 48.0 0.0
114.0 50.0 0.04288453311992063
114.0 52.0 0.1635462711371731
114.0 54.0 0.27128981065680535
114.0 56.0 0.3410800341092493
114.0 58.0 0.38960206876632414
114.0 60.0 0.37495495410691887
114.0 62.0 0.3474543565170634
114.0 64.0 0.3805203254338791
114.0 66.0 0.3149228544772789
114.0 68.0 0.11938866323371651
114.0 70.0 0.0
114.0 72.0 0.0
114.0 74.0 0.0
114.0 76.0 0.0
114.0 78.0 0.0
114.0 80.0 0.0
114.0 82.0 0.0
114.0 84.0 0.0
114.0 86.0 0.0
114.0 88.0 0.0
114.0 90.0 0.0
114.0 92.0 0.0
114.0 94.0 0.05623814817214586
114.0 96.0 0.23369327468359502
114.0 98.0 0.33359884352291364
114.0 100.0 0.33138315411214264
114.0 102.0 0.0
114.0 104.0 0.0
114.0 106.0 0.0
114.0 108.0 0.0
114.0 110.0 0.0
114.0 112.0 0.0
114.0 114.0 0.0
114.0 116.0 0.0
114.0 118.0 0.0
114.0 120.0 0.0
114.0 122.0 0.0
114.0 124.0 0.0
114.0 126.0 0.0
116.0 0.0 0.0
116.0 2.0 0.0
116.0 4.0 0.0
116.0 6.0 0.0
116.0 8.0 0.0
116.0 10.0 0.0
116.0 12.0 0.0
116.0 14.0 0.0
116.0 16.0 0.0
116.0 18.0 0.0
116.0 20.0 0.0
116.0 22.0 0.0
116.0 24.0 0.0
116.0 26.0 0.0
116.0 28.0 0.15591074422147747
116.0 30.0 0.016412415186929347
116.0 32.0 0.0
116.0 34.0 0.0
116.0 36.0 0.0
116.0 38.0 0.0
116.0 40.0 0.0
116.0 42.0 0.0
116.0 44.0 0.0
116.0 46.0 0.0
116.0 48.0 0.005084834531859896
116.0 50.0 0.09095912217893233
116.0 52.0 0.21116276178178792
116.0 54.0 0.3134962837246076
116.0 56.0 0.3807042143940029
116.0 58.0 0.4287974453912593
116.0 60.0 0.44716129448467284
116.0 62.0 0.41354406749601375
116.0 64.0 0.35629753472026654
116.0 66.0 0.34932587300831514
116.0 68.0 0.17934426664318634
116.0 70.0 0.005585037839798372
116.0 72.0 0.0
116.0 74.0 0.0
116.0 76.0 0.0
116.0 78.0 0.0
116.0 80.0 0.0
116.0 82.0 0.0
116.0 84.0 0.0
116.0 86.0 0.0
116.0 88.0 0.0
116.0 90.0 0.0
116.0 92.0 0.0
116.0 94.0 0.0
116.0 96.0 0.1271689766125038
116.0 98.0 0.2537264104284929
116.0 100.0 0.0
116.0 102.0 0.0
116.0 104.0 0.0
116.0 106.0 0.0
116.0 108.0 0.0
116.0 110.0 0.0
116.0 112.0 0.0
116.0 114.0 0.0
116.0 116.0 0.0
116.0 118.0 0.0
116.0 120.0 0.0
116.0 122.0 0.0
116.0 124.0 0.0
116.0 126.0 0.0
118.0 0.0 0.0
118.0 2.0 0.0
118.0 4.0 0.0
118.0 6.0 0.0
118.0 8.0 0.0
118.0 10.0 0.0
118.0 12.0 0.0
118.0 14.0 0.0
118.0 16.0 0.0
118.0 18.0 0.0
118.0 20.0 0.0
118.0 22.0 0.0
118.0 24.0 0.0
118.0 26.0 0.0
118.0 28.0 0.0
118.0 30.0 0.0
118.0 32.0 0.07268916165391413
118.0 34.0 0.0
118.0 36.0 0.0
118.0 38.0 0.0
118.0 40.0 0.0
118.0 42.0 0.0
118.0 44.0 0.0
118.0 46.0 5.570074461570422E-4
118.0 48.0 0.02886010592018146
118.0 50.0 0.12716331008429024
118.0 52.0 0.24667324361100604
118.0 54.0 0.34956857493874843
118.0 56.0 0.4196672853693635
118.0 58.0 0.47131894820808107
118.0 60.0 0.4929436196598003
118.0 62.0 0.4768590000040183
118.0 64.0 0.40441174005838976
118.0 66.0 0.3337254840782475
118.0 68.0 0.22085237723697523
118.0 70.0 0.017522429519593142
118.0 72.0 0.0
118.0 74.0 0.0
118.0 76.0 0.0
118.0 78.0 0.0
118.0 80.0 0.0
118.0 82.0 0.0
118.0 84.0 0.0
118.0 86.0 0.0
118.0 88.0 0.0
118.0 90.0 0.0
118.0 92.0 0.0
118.0 94.0 0.0
118.0 96.0 0.04728263342859199
118.0 98.0 0.0
118.0 100.0 0.0
118.0 102.0 0.0
118.0 104.0 0.0
118.0 106.0 0.0
118.0 108.0 0.0
118.0 110.0 0.0
118.0 112.0 0.0
118.0 114.0 0.0
118.0 116.0 0.0
118.0 118.0 0.0
118.0 120.0 0.0
118.0 122.0 0.0
118.0 124.0 0.0
118.0 126.0 0.0
120.0 0.0 0.0
120.0 2.0 0.0
120.0 4.0 0.0
120.0 6.0 0.0
120.0 8.0 0.0
120.0 10.0 0.0
120.0 12.0 0.0
120.0 14.0 0.0
120.0 16.0 0.0
120.0 18.0 0.0
120.0 20.0 0.0
120.0 22.0 0.0
120.0 24.0 0.0
120.0 26.0 0.0
120.0 28.0 0.0
120.0 30.0 0.0
120.0 32.0 0.0
120.0 34.0 0.0
120.0 36.0 0.01962023852825816
120.0 38.0 0.0
120.0 40.0 0.0
120.0 42.0 0.0
120.0 44.0 0.0
120.0 46.0 0.001003157158193074
120.0 48.0 0.03196441248177536
120.0 50.0 0.1369956218328823
120.0 52.0 0.26611656779914045
120.0 54.0 0.3755089757924012
120.0 56.0 0.4511487167638885
120.0 58.0 0.5077800980983308
120.0 60.0 0.5331588864264502
120.0 62.0 0.5215643558416126
120.0 64.0 0.4500762417967476
120.0 66.0 0.3580497020949756
120.0 68.0 0.24378580733405616
120.0 70.0 0.042158785824836294
120.0 72.0 0.0
120.0 74.0 0.0
120.0 76.0 0.0
120.0 78.0 0.0
120.0 80.0 0.0
120.0 82.0 0.0
120.0 84.0 0.0
120.0 86.0 0.0
120.0 88.0 0.0
120.0 90.0 0.0
120.0 92.0 0.0
120.0 94.0 0.0
120.0 96.0 0.0
120.0 98.0 0.0
120.0 100.0 0.0
120.0 102.0 0.0
120.0 104.0 0.0
120.0 106.0 0.0
120.0 108.0 0.0
120.0 110.0 0.0
120.0 112.0 0.0
120.0 114.0 0.0
120.0 116.0 0.0
120.0 118.0 0.0
120.0 120.0 0.0
120.0 122.0 0.0
120.0 124.0 0.0
120.0 126.0 0.0
122.0 0.0 0.0
122.0 2.0 0.0
122.0 4.0 0.0
122.0 6.0 0.0
122.0 8.0 0.0
122.0 10.0 0.0
122.0 12.0 0.0
122.0 14.0 0.0
122.0 16.0 0.0
122.0 18.0 0.0
122.0 20.0 0.0
122.0 22.0 0.0
122.0 24.0 0.0
122.0 26.0 0.0
122.0 28.0 0.0
122.0 30.0 0.0
122.0 32.0 0.0
122.0 34.0 0.0
122.0 36.0 0.0
122.0 38.0 0.0
122.0 40.0 0.0
122.0 42.0 0.0
122.0 44.0 0.0
122.0 46.0 0.0
122.0 48.0 0.006516102589470478
122.0 50.0 0.09930700595950387
122.0 52.0 0.24831105131070727
122.0 54.0 0.37984691316019514
122.0 56.0 0.4696410482692705
122.0 58.0 0.5305554040624922
122.0 60.0 0.5602201368619146
122.0 62.0 0.5544129322178227
122.0 64.0 0.4991271377476599
122.0 66.0 0.39961068633419455
122.0 68.0 0.2565425634539043
122.0 70.0 0.06821692236495659
122.0 72.0 0.0
122.0 74.0 0.0
122.0 76.0 0.0
122.0 78.0 0.0
122.0 80.0 0.0
122.0 82.0 0.0
122.0 84.0 0.0
122.0 86.0 0.0
122.0 88.0 0.0
122.0 90.0 0.0
122.0 92.0 0.0
122.0 94.0 0.0
122.0 96.0 0.0
122.0 98.0 0.0
122.0 100.0 0.0
122.0 102.0 0.0
122.0 104.0 0.0
122.0 106.0 0.0
122.0 108.0 0.0
122.0 110.0 0.0
122.0 112.0 0.0
122.0 114.0 0.0
122.0 116.0 0.0
122.0 118.0 0.0
122.0 120.0 0.0
122.0 122.0 0.0
122.0 124.0 0.0
122.0 126.0 0.0
124.0 0.0 0.0
124.0 2.0 0.0
124.0 4.0 0.0
124.0 6.0 0.0
124.0 8.0 0.0
124.0 10.0 0.0
124.0 12.0 0.0
124.0 14.0 0.0
124.0 16.0 0.0
124.0 18.0 0.0
124.0 20.0 0.0
124.0 22.0 0.0
124.0 24.0 0.0
124.0 26.0 0.0
124.0 28.0 0.0
124.0 30.0 0.0
124.0 32.0 0.0
124.0 34.0 0.0
124.0 36.0 0.0
124.0 38.0 0.0
124.0 40.0 0.0
124.0 42.0 0.0
124.0 44.0 0.0
124.0 46.0 0.0
124.0 48.0 0.0
124.0 50.0 0.0
124.0 52.0 0.033155420278151194
124.0 54.0 0.23574603579487988
124.0 56.0 0.39461273048534123
124.0 58.0 0.49142791720329787
124.0 60.0 0.5377921964006105
124.0 62.0 0.5419017757148213
124.0 64.0 0.5063905805291372
124.0 66.0 0.42348882354034895
124.0 68.0 0.28229969167726593
124.0 70.0 0.09183495282460274
124.0 72.0 0.0
124.0 74.0 0.0
124.0 76.0 0.0
124.0 78.0 0.0
124.0 80.0 0.0
124.0 82.0 0.0
124.0 84.0 0.0
124.0 86.0 0.0
124.0 88.0 0.0
124.0 90.0 0.0
124.0 92.0 0.0
124.0 94.0 0.0
124.0 96.0 0.0
124.0 98.0 0.0
124.0 100.0 0.0
124.0 102.0 0.0
124.0 104.0 0.0
124.0 106.0 0.0
124.0 108.0 0.0
124.0 110.0 0.0
124.0 112.0 0.0
124.0 114.0 0.0
124.0 116.0 0.0
124.0 118.0 0.0
124.0 120.0 0.0
124.0 122.0 0.0
124.0 124.0 0.0
124.0 126.0 0.0
126.0 0.0 0.0
126.0 2.0 0.0
126.0 4.0 0.0
126.0 6.0 0.0
126.0 8.0 0.0
126.0 10.0 0.0
126.0 12.0 0.0
126.0 14.0 0.0
126.0 16.0 0.0
126.0 18.0 0.0
126.0 20.0 0.0
126.0 22.0 0.0
126.0 24.0 0.0
126.0 26.0 0.0
126.0 28.0 0.0
126.0 30.0 0.0
126.0 32.0 0.0
126.0 34.0 0.0
126.0 36.0 0.0
126.0 38.0 0.0
126.0 40.0 0.0
126.0 42.0 0.0
126.0 44.0 0.0
126.0 46.0 0.0
126.0 48.0 0.0
126.0 50.0 0.0
126.0 52.0 0.0
126.0 54.0 0.0
126.0 56.0 0.0
126.0 58.0 0.04156181951526184
126.0 60.0 0.20099949896815517
126.0 62.0 0.352945273417844
126.0 64.0 0.41481613324394573
126.0 66.0 0.41055495846259116
126.0 68.0 0.32591120795758477
126.0 70.0 0.12020103317656054
126.0 72.0 0.0
126.0 74.0 0.0
126.0 76.0 0.0
126.0 78.0 0.0
126.0 80.0 0.0
126.0 82.0 0.0
126.0 84.0 0.0
126.0 86.0 0.0
126.0 88.0 0.0
126.0 90.0 0.0
126.0 92.0 0.0
126.0 94.0 0.0
126.0 96.0 0.0
126.0 98.0 0.0
126.0 100.0 0.0
126.0 102.0 0.0
126.0 104.0 0.0
126.0 106.0 0.0
126.0 108.0 0.0
126.0 110.0 0.0
126.0 112.0 0.0
126.0 114.0 0.0
126.0 116.0 0.0
126.0 118.0 0.0
126.0 120.0 0.0
126.0 122.0 0.0
126.0 124.0 0.0
126.0 126.0 0.0
