0.0 0.0 0.0
0.0 2.0 0.0
0.0 4.0 0.0
0.0 6.0 0.0
0.0 8.0 0.0
0.0 10.0 0.0
0.0 12.0 0.0
0.0 14.0 0.0
0.0 16.0 0.0
0.0 18.0 0.0
0.0 20.0 0.0
0.0 22.0 0.0
0.0 24.0 0.0
0.0 26.0 0.0
0.0 28.0 0.0
0.0 30.0 0.0
0.0 32.0 0.0
0.0 34.0 0.0
0.0 36.0 0.0
0.0 38.0 0.0
0.0 40.0 0.0
0.0 42.0 0.0
0.0 44.0 0.0
0.0 46.0 0.0
0.0 48.0 0.0
0.0 50.0 0.0
0.0 52.0 0.0
0.0 54.0 0.0
0.0 56.0 0.0
0.0 58.0 0.0
0.0 60.0 0.0
0.0 62.0 0.0
0.0 64.0 0.0
0.0 66.0 0.0
0.0 68.0 0.0
0.0 70.0 0.0
0.0 72.0 0.0
0.0 74.0 0.0
0.0 76.0 0.0
0.0 78.0 0.0
0.0 80.0 0.0
0.0 82.0 0.0
0.0 84.0 0.0
0.0 86.0 0.0
0.0 88.0 0.0
0.0 90.0 0.0
0.0 92.0 0.0
0.0 94.0 0.0
0.0 96.0 0.0
0.0 98.0 0.0
0.0 100.0 0.0
0.0 102.0 0.0
0.0 104.0 0.0
0.0 106.0 0.0
0.0 108.0 0.0
0.0 110.0 0.0
0.0 112.0 0.0
0.0 114.0 0.0
0.0 116.0 0.0
0.0 118.0 0.0
0.0 120.0 0.0
0.0 122.0 0.0
0.0 124.0 0.0
0.0 126.0 0.0
2.0 0.0 0.0
2.0 2.0 0.0
2.0 4.0 0.0
2.0 6.0 0.0
2.0 8.0 0.0
2.0 10.0 0.0
2.0 12.0 0.0
2.0 14.0 0.0
2.0 16.0 0.0
2.0 18.0 0.0
2.0 20.0 0.0
2.0 22.0 0.0
2.0 24.0 0.0
2.0 26.0 0.0
2.0 28.0 0.0
2.0 30.0 0.0
2.0 32.0 0.0
2.0 34.0 0.0
2.0 36.0 0.0
2.0 38.0 0.0
2.0 40.0 0.0
2.0 42.0 0.0
2.0 44.0 0.0
2.0 46.0 0.0
2.0 48.0 0.2216549530727631
2.0 50.0 0.23866575371050028
2.0 52.0 0.18306798663173798
2.0 54.0 0.1485627143832392
2.0 56.0 0.13044134163759413
2.0 58.0 0.09657802755172362
2.0 60.0 0.05826045308360625
2.0 62.0 0.007556732100967891
2.0 64.0 0.0
2.0 66.0 0.0
2.0 68.0 0.0
2.0 70.0 0.0
2.0 72.0 0.0
2.0 74.0 0.0
2.0 76.0 0.0
2.0 78.0 0.0
2.0 80.0 0.0
2.0 82.0 0.0
2.0 84.0 0.0
2.0 86.0 0.0
2.0 88.0 0.0
2.0 90.0 0.0
2.0 92.0 0.0
2.0 94.0 0.0
2.0 96.0 0.0
2.0 98.0 0.0
2.0 100.0 0.0
2.0 102.0 0.0
2.0 104.0 0.0
2.0 106.0 0.0
2.0 108.0 0.0
2.0 110.0 0.0
2.0 112.0 0.0
2.0 114.0 0.0
2.0 116.0 0.0
2.0 118.0 0.0
2.0 120.0 0.0
2.0 122.0 0.0
2.0 124.0 0.0
2.0 126.0 0.0
4.0 0.0 0.0
4.0 2.0 0.0
4.0 4.0 0.0
4.0 6.0 0.0
4.0 8.0 0.0
4.0 10.0 0.0
4.0 12.0 0.0
4.0 14.0 0.0
4.0 16.0 0.0
4.0 18.0 0.0
4.0 20.0 0.0
4.0 22.0 0.0
4.0 24.0 0.0
4.0 26.0 0.0
4.0 28.0 0.0
4.0 30.0 0.0
4.0 32.0 0.0
4.0 34.0 0.0
4.0 36.0 0.0
4.0 38.0 0.0
4.0 40.0 0.0
4.0 42.0 0.20672394211427902
4.0 44.0 0.25400804140076766
4.0 46.0 0.1868896471959777
4.0 48.0 0.1241126274923723
4.0 50.0 0.06569666561069573
4.0 52.0 0.01882253265496382
4.0 54.0 0.0
4.0 56.0 0.0
4.0 58.0 0.0
4.0 60.0 0.0
4.0 62.0 0.0
4.0 64.0 0.0
4.0 66.0 0.0
4.0 68.0 0.0
4.0 70.0 0.0
4.0 72.0 0.0
4.0 74.0 0.0
4.0 76.0 0.0
4.0 78.0 0.0
4.0 80.0 0.0
4.0 82.0 0.0
4.0 84.0 0.0
4.0 86.0 0.0
4.0 88.0 0.0
4.0 90.0 0.0
4.0 92.0 0.0
4.0 94.0 0.0
4.0 96.0 0.0
4.0 98.0 0.0
4.0 100.0 0.0
4.0 102.0 0.0
4.0 104.0 0.0
4.0 106.0 0.0
4.0 108.0 0.0
4.0 110.0 0.0
4.0 112.0 0.0
4.0 114.0 0.0
4.0 116.0 0.0
4.0 118.0 0.0
4.0 120.0 0.0
4.0 122.0 0.0
4.0 124.0 0.0
4.0 126.0 0.0
6.0 0.0 0.0
6.0 2.0 0.0
6.0 4.0 0.0
6.0 6.0 0.0
6.0 8.0 0.0
6.0 10.0 0.0
6.0 12.0 0.0
6.0 14.0 0.0
6.0 16.0 0.0
6.0 18.0 0.0
6.0 20.0 0.0
6.0 22.0 0.0
6.0 24.0 0.0
6.0 26.0 0.0
6.0 28.0 0.0
6.0 30.0 0.0
6.0 32.0 0.0
6.0 34.0 0.0
6.0 36.0 0.0
6.0 38.0 0.3806444390617187
6.0 40.0 0.4180619899872455
6.0 42.0 0.31585466779499033
6.0 44.0 0.23233925989648754
6.0 46.0 0.1476272961606366
6.0 48.0 0.06811695901887728
6.0 50.0 0.006258748304138148
6.0 52.0 0.0
6.0 54.0 0.0
6.0 56.0 0.0
6.0 58.0 0.0
6.0 60.0 0.0
6.0 62.0 0.0
6.0 64.0 0.0
6.0 66.0 0.0
6.0 68.0 0.0
6.0 70.0 0.0
6.0 72.0 0.0
6.0 74.0 0.0
6.0 76.0 0.0
6.0 78.0 0.0
6.0 80.0 0.0
6.0 82.0 0.0
6.0 84.0 0.0
6.0 86.0 0.0
6.0 88.0 0.0
6.0 90.0 0.0
6.0 92.0 0.0
6.0 94.0 0.0
6.0 96.0 0.0
6.0 98.0 0.0
6.0 100.0 0.0
6.0 102.0 0.0
6.0 104.0 0.0
6.0 106.0 0.0
6.0 108.0 0.0
6.0 110.0 0.0
6.0 112.0 0.0
6.0 114.0 0.0
6.0 116.0 0.0
6.0 118.0 0.0
6.0 120.0 0.0
6.0 122.0 0.0
6.0 124.0 0.0
6.0 126.0 0.0
8.0 0.0 0.0
8.0 2.0 0.0
8.0 4.0 0.0
8.0 6.0 0.0
8.0 8.0 0.0
8.0 10.0 0.0
8.0 12.0 0.0
8.0 14.0 0.0
8.0 16.0 0.0
8.0 18.0 0.0
8.0 20.0 0.0
8.0 22.0 0.0
8.0 24.0 0.0
8.0 26.0 0.0
8.0 28.0 0.0
8.0 30.0 0.0
8.0 32.0 0.0
8.0 34.0 0.4307355508825797
8.0 36.0 0.486488074170079
8.0 38.0 0.41414111308702223
8.0 40.0 0.3464957705635953
8.0 42.0 0.2673732154190065
8.0 44.0 0.1720953262998942
8.0 46.0 0.0907621353561232
8.0 48.0 0.013772548574762124
8.0 50.0 0.0
8.0 52.0 0.0
8.0 54.0 0.0
8.0 56.0 0.0
8.0 58.0 0.0
8.0 60.0 0.0
8.0 62.0 0.0
8.0 64.0 0.0
8.0 66.0 0.0
8.0 68.0 0.0
8.0 70.0 0.0
8.0 72.0 0.0
8.0 74.0 0.0
8.0 76.0 0.0
8.0 78.0 0.0
8.0 80.0 0.0
8.0 82.0 0.0
8.0 84.0 0.0
8.0 86.0 0.0
8.0 88.0 0.0
8.0 90.0 0.0
8.0 92.0 0.0
8.0 94.0 0.0
8.0 96.0 0.0
8.0 98.0 0.0
8.0 100.0 0.0
8.0 102.0 0.0
8.0 104.0 0.0
8.0 106.0 0.0
8.0 108.0 0.0
8.0 110.0 0.0
8.0 112.0 0.0
8.0 114.0 0.0
8.0 116.0 0.0
8.0 118.0 0.0
8.0 120.0 0.0
8.0 122.0 0.0
8.0 124.0 0.0
8.0 126.0 0.0
10.0 0.0 0.0
10.0 2.0 0.0
10.0 4.0 0.0
10.0 6.0 0.0
10.0 8.0 0.0
10.0 10.0 0.0
10.0 12.0 0.0
10.0 14.0 0.0
10.0 16.0 0.0
10.0 18.0 0.0
10.0 20.0 0.0
10.0 22.0 0.0
10.0 24.0 0.0
10.0 26.0 0.0
10.0 28.0 0.0
10.0 30.0 0.29068023272642646
10.0 32.0 0.4578746051749543
10.0 34.0 0.4140606192816015
10.0 36.0 0.39646557946243094
10.0 38.0 0.3794882438648977
10.0 40.0 0.3354284272933707
10.0 42.0 0.23519711343250474
10.0 44.0 0.10434112913546233
10.0 46.0 0.04510827858684766
10.0 48.0 0.0
10.0 50.0 0.0
10.0 52.0 0.0
10.0 54.0 0.0
10.0 56.0 0.0
10.0 58.0 0.0
10.0 60.0 0.0
10.0 62.0 0.0
10.0 64.0 0.0
10.0 66.0 0.0
10.0 68.0 0.0
10.0 70.0 0.0
10.0 72.0 0.0
10.0 74.0 0.0
10.0 76.0 0.0
10.0 78.0 0.0
10.0 80.0 0.0
10.0 82.0 0.0
10.0 84.0 0.0
10.0 86.0 0.0
10.0 88.0 0.0
10.0 90.0 0.0
10.0 92.0 0.0
10.0 94.0 0.0
10.0 96.0 0.0
10.0 98.0 0.0
10.0 100.0 0.0
10.0 102.0 0.0
10.0 104.0 0.0
10.0 106.0 0.0
10.0 108.0 0.0
10.0 110.0 0.0
10.0 112.0 0.0
10.0 114.0 0.0
10.0 116.0 0.0
10.0 118.0 0.0
10.0 120.0 0.0
10.0 122.0 0.0
10.0 124.0 0.0
10.0 126.0 0.0
12.0 0.0 0.0
12.0 2.0 0.0
12.0 4.0 0.0
12.0 6.0 0.0
12.0 8.0 0.0
12.0 10.0 0.0
12.0 12.0 0.0
12.0 14.0 0.0
12.0 16.0 0.0
12.0 18.0 0.0
12.0 20.0 0.0
12.0 22.0 0.0
12.0 24.0 0.0
12.0 26.0 0.0
12.0 28.0 0.21232727831320422
12.0 30.0 0.3316183856603827
12.0 32.0 0.36258221106685823
12.0 34.0 0.38113728555700105
12.0 36.0 0.38532612069003463
12.0 38.0 0.37037473177237995
12.0 40.0 0.28353765575286016
12.0 42.0 0.13495401437189508
12.0 44.0 0.05935526182123027
12.0 46.0 0.008500685601069572
12.0 48.0 0.0
12.0 50.0 0.0
12.0 52.0 0.0
12.0 54.0 0.0
12.0 56.0 0.0
12.0 58.0 0.0
12.0 60.0 0.0
12.0 62.0 0.0
12.0 64.0 0.0
12.0 66.0 0.0
12.0 68.0 0.00123386043806912
12.0 70.0 0.0014926415812558096
12.0 72.0 0.0
12.0 74.0 0.0
12.0 76.0 0.0
12.0 78.0 0.0
12.0 80.0 0.0
12.0 82.0 0.0
12.0 84.0 0.0
12.0 86.0 0.0
12.0 88.0 0.0
12.0 90.0 0.0
12.0 92.0 0.0
12.0 94.0 0.0
12.0 96.0 0.0
12.0 98.0 0.0
12.0 100.0 0.0
12.0 102.0 0.0
12.0 104.0 0.0
12.0 106.0 0.0
12.0 108.0 0.0
12.0 110.0 0.0
12.0 112.0 0.0
12.0 114.0 0.0
12.0 116.0 0.0
12.0 118.0 0.0
12.0 120.0 0.0
12.0 122.0 0.0
12.0 124.0 0.0
12.0 126.0 0.0
14.0 0.0 0.0
14.0 2.0 0.0
14.0 4.0 0.0
14.0 6.0 0.0
14.0 8.0 0.0
14.0 10.0 0.0
14.0 12.0 0.0
14.0 14.0 0.0
14.0 16.0 0.0
14.0 18.0 0.0
14.0 20.0 0.0
14.0 22.0 0.0
14.0 24.0 0.1525138369438356
14.0 26.0 0.20070907653291822
14.0 28.0 0.21964883655950493
14.0 30.0 0.26977220724512846
14.0 32.0 0.33269075773766854
14.0 34.0 0.3705919960162784
14.0 36.0 0.3737619977146476
14.0 38.0 0.3005651418420779
14.0 40.0 0.17076129703975806
14.0 42.0 0.04568376984769851
14.0 44.0 0.014903926628519306
14.0 46.0 0.0
14.0 48.0 0.0
14.0 50.0 0.0
14.0 52.0 0.0
14.0 54.0 0.0
14.0 56.0 0.0
14.0 58.0 0.0
14.0 60.0 0.0
14.0 62.0 0.0
14.0 64.0 0.0
14.0 66.0 6.628775729673608E-4
14.0 68.0 0.007260631942137865
14.0 70.0 0.0080231515429268
14.0 72.0 0.0
14.0 74.0 0.0
14.0 76.0 0.0
14.0 78.0 0.0
14.0 80.0 0.0
14.0 82.0 0.0
14.0 84.0 0.0
14.0 86.0 0.0
14.0 88.0 0.0
14.0 90.0 0.0
14.0 92.0 0.0
14.0 94.0 0.0
14.0 96.0 0.0
14.0 98.0 0.0
14.0 100.0 0.0
14.0 102.0 0.0
14.0 104.0 0.0
14.0 106.0 0.0
14.0 108.0 0.0
14.0 110.0 0.0
14.0 112.0 0.0
14.0 114.0 0.0
14.0 116.0 0.0
14.0 118.0 0.0
14.0 120.0 0.0
14.0 122.0 0.0
14.0 124.0 0.0
14.0 126.0 0.0
16.0 0.0 0.0
16.0 2.0 0.0
16.0 4.0 0.0
16.0 6.0 0.0
16.0 8.0 0.0
16.0 10.0 0.0
16.0 12.0 0.0
16.0 14.0 0.0
16.0 16.0 0.0
16.0 18.0 0.0
16.0 20.0 0.0
16.0 22.0 0.14121148357777527
16.0 24.0 0.15752636741481527
16.0 26.0 0.1379306216073944
16.0 28.0 0.1538445468050698
16.0 30.0 0.2219167748531374
16.0 32.0 0.3116038575037644
16.0 34.0 0.30603129053512274
16.0 36.0 0.2926128240972548
16.0 38.0 0.20453974638983552
16.0 40.0 0.0749129195474535
16.0 42.0 0.01803394573456411
16.0 44.0 0.0
16.0 46.0 0.0
16.0 48.0 0.0
16.0 50.0 0.0
16.0 52.0 0.0
16.0 54.0 0.0
16.0 56.0 0.0
16.0 58.0 0.0
16.0 60.0 0.0
16.0 62.0 0.0
16.0 64.0 0.0
16.0 66.0 0.0018303187639285318
16.0 68.0 0.013948867561146697
16.0 70.0 0.014452811291097713
16.0 72.0 0.0
16.0 74.0 0.0
16.0 76.0 0.0
16.0 78.0 0.0
16.0 80.0 0.0
16.0 82.0 0.0
16.0 84.0 0.0
16.0 86.0 0.0
16.0 88.0 0.0
16.0 90.0 0.0
16.0 92.0 0.0
16.0 94.0 0.0
16.0 96.0 0.0
16.0 98.0 0.0
16.0 100.0 0.0
16.0 102.0 0.0
16.0 104.0 0.0
16.0 106.0 0.0
16.0 108.0 0.0
16.0 110.0 0.0
16.0 112.0 0.0
16.0 114.0 0.0
16.0 116.0 0.0
16.0 118.0 0.0
16.0 120.0 0.0
16.0 122.0 0.0
16.0 124.0 0.0
16.0 126.0 0.0
18.0 0.0 0.0
18.0 2.0 0.0
18.0 4.0 0.0
18.0 6.0 0.0
18.0 8.0 0.0
18.0 10.0 0.0
18.0 12.0 0.0
18.0 14.0 0.0
18.0 16.0 0.0
18.0 18.0 0.0
18.0 20.0 0.1202359777221614
18.0 22.0 0.1073310828905779
18.0 24.0 0.06017523765614191
18.0 26.0 0.04680608216534252
18.0 28.0 0.06959047826807971
18.0 30.0 0.11642010444245361
18.0 32.0 0.180685809332555
18.0 34.0 0.19849837086456737
18.0 36.0 0.19452490908994946
18.0 38.0 0.13997826742548777
18.0 40.0 0.04112118225145114
18.0 42.0 0.00861129427068029
18.0 44.0 0.0
18.0 46.0 0.0
18.0 48.0 0.0
18.0 50.0 0.0
18.0 52.0 0.0
18.0 54.0 0.0
18.0 56.0 0.0
18.0 58.0 0.0
18.0 60.0 0.0
18.0 62.0 0.0
18.0 64.0 0.0
18.0 66.0 0.004491714254113217
18.0 68.0 0.024968754123712508
18.0 70.0 0.033202357461695954
18.0 72.0 0.013478566621542044
18.0 74.0 0.007950134455727944
18.0 76.0 0.0014963997937850017
18.0 78.0 0.0
18.0 80.0 0.0
18.0 82.0 0.0
18.0 84.0 0.0
18.0 86.0 0.002145164758042167
18.0 88.0 0.008211884712186207
18.0 90.0 0.0
18.0 92.0 0.0
18.0 94.0 0.0
18.0 96.0 0.0
18.0 98.0 0.0
18.0 100.0 0.0
18.0 102.0 0.0
18.0 104.0 0.0
18.0 106.0 0.0
18.0 108.0 0.0
18.0 110.0 0.0
18.0 112.0 0.0
18.0 114.0 0.0
18.0 116.0 0.0
18.0 118.0 0.0
18.0 120.0 0.0
18.0 122.0 0.0
18.0 124.0 0.0
18.0 126.0 0.0
20.0 0.0 0.0
20.0 2.0 0.0
20.0 4.0 0.0
20.0 6.0 0.0
20.0 8.0 0.0
20.0 10.0 0.0
20.0 12.0 0.0
20.0 14.0 0.0
20.0 16.0 0.0
20.0 18.0 0.04719672787278065
20.0 20.0 0.03737474958057837
20.0 22.0 0.010003606051485914
20.0 24.0 5.375013626890839E-4
20.0 26.0 0.0
20.0 28.0 0.0
20.0 30.0 0.0
20.0 32.0 0.022745829314523736
20.0 34.0 0.10120536785749883
20.0 36.0 0.12426156514978938
20.0 38.0 0.10130690681274135
20.0 40.0 0.03342711335594264
20.0 42.0 0.011688416742788255
20.0 44.0 1.951927380585669E-5
20.0 46.0 0.0
20.0 48.0 0.0
20.0 50.0 0.0
20.0 52.0 0.0
20.0 54.0 0.0
20.0 56.0 2.779499157997886E-4
20.0 58.0 0.005768825205271784
20.0 60.0 0.0
20.0 62.0 0.0
20.0 64.0 0.0
20.0 66.0 0.016158796213358476
20.0 68.0 0.038824631070767314
20.0 70.0 0.050002500164475605
20.0 72.0 0.048015403455764695
20.0 74.0 0.050381590479511885
20.0 76.0 0.059889340527321554
20.0 78.0 0.06940541585101132
20.0 80.0 0.06530631478022535
20.0 82.0 0.07090189135417577
20.0 84.0 0.07637987242162818
20.0 86.0 0.07956536372549171
20.0 88.0 0.09527649965115499
20.0 90.0 0.06154370822614245
20.0 92.0 0.008499092260082412
20.0 94.0 0.0
20.0 96.0 0.0
20.0 98.0 0.0
20.0 100.0 0.0
20.0 102.0 0.0
20.0 104.0 0.0
20.0 106.0 0.0
20.0 108.0 0.0
20.0 110.0 0.0
20.0 112.0 0.0
20.0 114.0 0.0
20.0 116.0 0.0
20.0 118.0 0.0
20.0 120.0 0.0
20.0 122.0 0.0
20.0 124.0 0.0
20.0 126.0 0.0
22.0 0.0 0.0
22.0 2.0 0.0
22.0 4.0 0.0
22.0 6.0 0.0
22.0 8.0 0.0
22.0 10.0 0.0
22.0 12.0 0.0
22.0 14.0 0.0
22.0 16.0 0.0
22.0 18.0 0.0
22.0 20.0 0.0
22.0 22.0 0.0
22.0 24.0 0.0
22.0 26.0 0.0
22.0 28.0 0.0
22.0 30.0 0.0
22.0 32.0 0.0
22.0 34.0 0.009686108159955539
22.0 36.0 0.0594092314892658
22.0 38.0 0.05528468333622429
22.0 40.0 0.025575614485144848
22.0 42.0 0.004513047295521298
22.0 44.0 0.0
22.0 46.0 0.0
22.0 48.0 0.0
22.0 50.0 0.0
22.0 52.0 0.0
22.0 54.0 0.0
22.0 56.0 0.008625523110053412
22.0 58.0 0.015995007798422594
22.0 60.0 0.00777044678701965
22.0 62.0 0.001288681097948554
22.0 64.0 0.0011655989797789076
22.0 66.0 0.039167860242860626
22.0 68.0 0.05889654561303596
22.0 70.0 0.07244846268501183
22.0 72.0 0.08262898135931986
22.0 74.0 0.0973261959827
22.0 76.0 0.12417057643723513
22.0 78.0 0.14809473583527843
22.0 80.0 0.1706441272378291
22.0 82.0 0.18921077366425798
22.0 84.0 0.1958914915509137
22.0 86.0 0.18838028729476167
22.0 88.0 0.20115436430928166
22.0 90.0 0.16202684284129812
22.0 92.0 0.07213748019552423
22.0 94.0 0.0
22.0 96.0 0.0
22.0 98.0 0.0
22.0 100.0 0.0
22.0 102.0 0.0
22.0 104.0 0.0
22.0 106.0 0.0
22.0 108.0 0.0
22.0 110.0 0.0
22.0 112.0 0.0
22.0 114.0 0.0
22.0 116.0 0.0
22.0 118.0 0.0
22.0 120.0 0.0
22.0 122.0 0.0
22.0 124.0 0.0
22.0 126.0 0.0
24.0 0.0 0.0
24.0 2.0 0.0
24.0 4.0 0.0
24.0 6.0 0.0
24.0 8.0 0.0
24.0 10.0 0.0
24.0 12.0 0.0
24.0 14.0 0.0
24.0 16.0 0.0
24.0 18.0 0.0
24.0 20.0 0.0
24.0 22.0 0.0
24.0 24.0 0.0
24.0 26.0 0.0
24.0 28.0 0.0
24.0 30.0 0.0
24.0 32.0 0.0
24.0 34.0 0.0
24.0 36.0 3.590187831209982E-4
24.0 38.0 0.011586081358296245
24.0 40.0 0.006129718410081103
24.0 42.0 0.0012960916784329121
24.0 44.0 0.0
24.0 46.0 0.0
24.0 48.0 0.0
24.0 50.0 0.0
24.0 52.0 0.0
24.0 54.0 0.0
24.0 56.0 0.022499352680315412
24.0 58.0 0.03783248049657262
24.0 60.0 0.026526276571300453
24.0 62.0 0.016030708107666547
24.0 64.0 0.017760822346107732
24.0 66.0 0.06170046344606203
24.0 68.0 0.0796115107992817
24.0 70.0 0.1009317001958948
24.0 72.0 0.12297565916563065
24.0 74.0 0.16085310808574207
24.0 76.0 0.20774417833661948
24.0 78.0 0.24310224580145692
24.0 80.0 0.2760473650232194
24.0 82.0 0.29902340518240333
24.0 84.0 0.3065057762101366
24.0 86.0 0.294001230655161
24.0 88.0 0.26438361141048733
24.0 90.0 0.2399638820227292
24.0 92.0 0.12249091159894858
24.0 94.0 3.882185172361875E-4
24.0 96.0 0.0
24.0 98.0 0.0
24.0 100.0 0.0
24.0 102.0 0.0
24.0 104.0 0.0
24.0 106.0 0.0
24.0 108.0 0.0
24.0 110.0 0.0
24.0 112.0 0.0
24.0 114.0 0.0
24.0 116.0 0.0
24.0 118.0 0.0
24.0 120.0 0.0
24.0 122.0 0.0
24.0 124.0 0.0
24.0 126.0 0.0
26.0 0.0 0.0
26.0 2.0 0.0
26.0 4.0 0.0
26.0 6.0 0.0
26.0 8.0 0.0
26.0 10.0 0.0
26.0 12.0 0.0
26.0 14.0 0.0
26.0 16.0 0.0
26.0 18.0 0.0
26.0 20.0 0.0
26.0 22.0 0.0
26.0 24.0 0.0
26.0 26.0 0.0
26.0 28.0 0.0
26.0 30.0 0.0
26.0 32.0 0.0
26.0 34.0 0.0
26.0 36.0 0.0
26.0 38.0 0.0
26.0 40.0 0.0
26.0 42.0 0.0
26.0 44.0 0.0
26.0 46.0 0.0
26.0 48.0 0.0
26.0 50.0 0.0
26.0 52.0 0.0
26.0 54.0 3.5952965887974973E-4
26.0 56.0 0.028561705751053917
26.0 58.0 0.051934738164975326
26.0 60.0 0.04474215856809729
26.0 62.0 0.035589110469505046
26.0 64.0 0.036196518428702175
26.0 66.0 0.07422508625671825
26.0 68.0 0.09605641788178043
26.0 70.0 0.12647160777951807
26.0 72.0 0.16949052623763516
26.0 74.0 0.23852538128273068
26.0 76.0 0.32452005214791674
26.0 78.0 0.34816177758652417
26.0 80.0 0.3597386280089661
26.0 82.0 0.35866270943800743
26.0 84.0 0.3535590668015854
26.0 86.0 0.341845936801241
26.0 88.0 0.3428672793634991
26.0 90.0 0.31064020435344813
26.0 92.0 0.157041947170237
26.0 94.0 0.004578164544579069
26.0 96.0 0.0
26.0 98.0 0.0
26.0 100.0 0.0
26.0 102.0 0.0
26.0 104.0 0.0
26.0 106.0 0.0
26.0 108.0 0.0
26.0 110.0 0.0
26.0 112.0 0.0
26.0 114.0 0.0
26.0 116.0 0.0
26.0 118.0 0.0
26.0 120.0 0.0
26.0 122.0 0.0
26.0 124.0 0.0
26.0 126.0 0.0
28.0 0.0 0.0
28.0 2.0 0.0
28.0 4.0 0.0
28.0 6.0 0.0
28.0 8.0 0.0
28.0 10.0 0.0
28.0 12.0 0.041060915002680685
28.0 14.0 0.09661854269005736
28.0 16.0 0.07490985809540403
28.0 18.0 0.005295571077375269
28.0 20.0 0.0
28.0 22.0 0.0
28.0 24.0 0.0
28.0 26.0 0.0
28.0 28.0 0.0
28.0 30.0 0.0
28.0 32.0 0.0
28.0 34.0 0.0
28.0 36.0 0.0
28.0 38.0 0.0
28.0 40.0 0.0
28.0 42.0 0.0
28.0 44.0 0.0
28.0 46.0 0.0
28.0 48.0 0.0
28.0 50.0 0.0
28.0 52.0 0.0
28.0 54.0 0.0
28.0 56.0 0.026099547313648882
28.0 58.0 0.05048107034712849
28.0 60.0 0.05298313374970826
28.0 62.0 0.05029514405345368
28.0 64.0 0.047038595885202435
28.0 66.0 0.06654498948899303
28.0 68.0 0.10322365639391191
28.0 70.0 0.13536192235683578
28.0 72.0 0.21137963401192206
28.0 74.0 0.30123957430845083
28.0 76.0 0.4154956865829642
28.0 78.0 0.458589654721183
28.0 80.0 0.44628113995285174
28.0 82.0 0.4273659097347026
28.0 84.0 0.4164718373125666
28.0 86.0 0.39919721165609845
28.0 88.0 0.3769184460816349
28.0 90.0 0.35177010458978986
28.0 92.0 0.18687963379436764
28.0 94.0 0.016906378808830065
28.0 96.0 0.0
28.0 98.0 0.0
28.0 100.0 0.0
28.0 102.0 0.0
28.0 104.0 0.0
28.0 106.0 0.0
28.0 108.0 0.0
28.0 110.0 0.0
28.0 112.0 0.0
28.0 114.0 0.0
28.0 116.0 0.0
28.0 118.0 0.0
28.0 120.0 0.0
28.0 122.0 0.0
28.0 124.0 0.0
28.0 126.0 0.0
30.0 0.0 0.0
30.0 2.0 0.0
30.0 4.0 0.0
30.0 6.0 0.0
30.0 8.0 0.0
30.0 10.0 0.1483527485078029
30.0 12.0 0.23475473313310757
30.0 14.0 0.20637606683725288
30.0 16.0 0.1058588117172616
30.0 18.0 0.0010544551667077487
30.0 20.0 0.0
30.0 22.0 0.0
30.0 24.0 0.0
30.0 26.0 0.0
30.0 28.0 0.0
30.0 30.0 0.0
30.0 32.0 0.0
30.0 34.0 0.0
30.0 36.0 0.0
30.0 38.0 0.0
30.0 40.0 0.0
30.0 42.0 0.0
30.0 44.0 0.0
30.0 46.0 0.0
30.0 48.0 0.0
30.0 50.0 0.0
30.0 52.0 0.0
30.0 54.0 0.0
30.0 56.0 0.014352986719562208
30.0 58.0 0.03774698223662477
30.0 60.0 0.04351201009129802
30.0 62.0 0.046878172330930945
30.0 64.0 0.04939895083506236
30.0 66.0 0.06181864166561427
30.0 68.0 0.10194163813882691
30.0 70.0 0.13538473228380724
30.0 72.0 0.21074891994227354
30.0 74.0 0.3429338026704401
30.0 76.0 0.4454770017872241
30.0 78.0 0.5164246683758053
30.0 80.0 0.5070958918560272
30.0 82.0 0.4937346499045792
30.0 84.0 0.4687025487146303
30.0 86.0 0.44679829788408587
30.0 88.0 0.4040258620992396
30.0 90.0 0.3726390580295395
30.0 92.0 0.19745734442615204
30.0 94.0 0.02272426100308117
30.0 96.0 0.0
30.0 98.0 0.0
30.0 100.0 0.0
30.0 102.0 0.0
30.0 104.0 0.0
30.0 106.0 0.0
30.0 108.0 0.0
30.0 110.0 0.0
30.0 112.0 0.0
30.0 114.0 0.0
30.0 116.0 0.0
30.0 118.0 0.0
30.0 120.0 0.0
30.0 122.0 0.0
30.0 124.0 0.0
30.0 126.0 0.0
32.0 0.0 0.0
32.0 2.0 0.0
32.0 4.0 0.0
32.0 6.0 0.0
32.0 8.0 0.0
32.0 10.0 0.19761875987375097
32.0 12.0 0.2832560946463224
32.0 14.0 0.2358922930107866
32.0 16.0 0.11751749051240205
32.0 18.0 0.005923500149214184
32.0 20.0 0.0
32.0 22.0 0.0
32.0 24.0 0.0
32.0 26.0 0.0
32.0 28.0 0.0
32.0 30.0 0.0
32.0 32.0 0.0
32.0 34.0 0.0
32.0 36.0 0.0
32.0 38.0 0.0
32.0 40.0 0.0
32.0 42.0 0.0037701298535863996
32.0 44.0 0.0024265286196084664
32.0 46.0 0.0014481783538467599
32.0 48.0 5.302120809603301E-4
32.0 50.0 0.0
32.0 52.0 0.0
32.0 54.0 0.0
32.0 56.0 0.004696695919928457
32.0 58.0 0.019160003527754103
32.0 60.0 0.022631417958573093
32.0 62.0 0.022852302983938783
32.0 64.0 0.028413021195963412
32.0 66.0 0.040257954346680856
32.0 68.0 0.07441701668794802
32.0 70.0 0.13295307462134773
32.0 72.0 0.19796590532329547
32.0 74.0 0.2951198417881185
32.0 76.0 0.4025055772035769
32.0 78.0 0.4891702536477855
32.0 80.0 0.5400767909938861
32.0 82.0 0.5688840691191767
32.0 84.0 0.5635042563632336
32.0 86.0 0.5334565087945894
32.0 88.0 0.47097108973068086
32.0 90.0 0.35880783646143627
32.0 92.0 0.19530853605556972
32.0 94.0 0.030437019336223992
32.0 96.0 0.0
32.0 98.0 0.0
32.0 100.0 0.0
32.0 102.0 0.0
32.0 104.0 0.0
32.0 106.0 0.0
32.0 108.0 0.0
32.0 110.0 0.0
32.0 112.0 0.0
32.0 114.0 0.0
32.0 116.0 0.0
32.0 118.0 0.0
32.0 120.0 0.0
32.0 122.0 0.0
32.0 124.0 0.0
32.0 126.0 0.0
34.0 0.0 0.0
34.0 2.0 0.0
34.0 4.0 0.0
34.0 6.0 0.0
34.0 8.0 0.29174417097157007
34.0 10.0 0.3581585305641582
34.0 12.0 0.32417941613419016
34.0 14.0 0.23359407227173312
34.0 16.0 0.05573448353571267
34.0 18.0 0.0
34.0 20.0 0.0
34.0 22.0 0.0
34.0 24.0 0.0
34.0 26.0 0.0
34.0 28.0 0.0
34.0 30.0 0.0
34.0 32.0 0.0
34.0 34.0 0.0
34.0 36.0 0.0
34.0 38.0 0.0016525655219286235
34.0 40.0 0.02164317379159227
34.0 42.0 0.025831440209981155
34.0 44.0 0.023910367677519025
34.0 46.0 0.019792505982281
34.0 48.0 0.015581932161885385
34.0 50.0 0.0014705545992110076
34.0 52.0 0.0
34.0 54.0 0.0
34.0 56.0 0.0
34.0 58.0 0.0024118241436040374
34.0 60.0 1.6036712965227282E-4
34.0 62.0 3.941916527571209E-4
34.0 64.0 0.003218326523754398
34.0 66.0 0.00921551082910448
34.0 68.0 0.0371638191721927
34.0 70.0 0.11828862211905612
34.0 72.0 0.19073224257757318
34.0 74.0 0.2794648047949761
34.0 76.0 0.378431841532044
34.0 78.0 0.4640067373386109
34.0 80.0 0.5205962107939438
34.0 82.0 0.5494736655461167
34.0 84.0 0.5520234597226338
34.0 86.0 0.5249709717909965
34.0 88.0 0.46156607755285733
34.0 90.0 0.3505990301628669
34.0 92.0 0.18826398894200366
34.0 94.0 0.02074089155154768
34.0 96.0 0.0
34.0 98.0 0.0
34.0 100.0 0.0
34.0 102.0 0.0
34.0 104.0 0.0
34.0 106.0 0.0
34.0 108.0 0.0
34.0 110.0 0.0
34.0 112.0 0.0
34.0 114.0 0.0
34.0 116.0 0.0
34.0 118.0 0.0
34.0 120.0 0.0
34.0 122.0 0.0
34.0 124.0 0.0
34.0 126.0 0.0
36.0 0.0 0.0
36.0 2.0 0.0
36.0 4.0 0.0
36.0 6.0 0.0
36.0 8.0 0.3524944210412508
36.0 10.0 0.39839834283620124
36.0 12.0 0.3432369618732383
36.0 14.0 0.22298107971256065
36.0 16.0 0.030191926522879015
36.0 18.0 0.0
36.0 20.0 0.0
36.0 22.0 0.0
36.0 24.0 0.0
36.0 26.0 0.0
36.0 28.0 0.0
36.0 30.0 0.0
36.0 32.0 0.0
36.0 34.0 0.0
36.0 36.0 9.513235247709554E-4
36.0 38.0 0.034933869528053586
36.0 40.0 0.07447018891286375
36.0 42.0 0.08887616700819852
36.0 44.0 0.0906679454365583
36.0 46.0 0.07886969454224362
36.0 48.0 0.053773583935781764
36.0 50.0 0.028767658172324295
36.0 52.0 0.005555224898120653
36.0 54.0 0.0
36.0 56.0 0.0
36.0 58.0 0.0
36.0 60.0 0.0
36.0 62.0 0.0
36.0 64.0 0.0
36.0 66.0 0.0
36.0 68.0 0.0
36.0 70.0 0.04112662967274769
36.0 72.0 0.15366622294666824
36.0 74.0 0.25306144348718274
36.0 76.0 0.3507543981513945
36.0 78.0 0.43769971131705604
36.0 80.0 0.49902831830107136
36.0 82.0 0.5291272705329547
36.0 84.0 0.5325840259102338
36.0 86.0 0.5164454239104828
36.0 88.0 0.4795693163641219
36.0 90.0 0.35267333066038803
36.0 92.0 0.16422581226993108
36.0 94.0 0.005179532235433869
36.0 96.0 0.0
36.0 98.0 0.0
36.0 100.0 0.0
36.0 102.0 0.0
36.0 104.0 0.0
36.0 106.0 0.0
36.0 108.0 0.0
36.0 110.0 0.0
36.0 112.0 0.0
36.0 114.0 0.0
36.0 116.0 0.0
36.0 118.0 0.03180549842551473
36.0 120.0 0.11041202658498527
36.0 122.0 0.0
36.0 124.0 0.0
36.0 126.0 0.0
38.0 0.0 0.0
38.0 2.0 0.0
38.0 4.0 0.0
38.0 6.0 0.4183747673968275
38.0 8.0 0.45080151035409893
38.0 10.0 0.37560064084732864
38.0 12.0 0.28692081073474024
38.0 14.0 0.11219010081852195
38.0 16.0 1.4277778444421132E-5
38.0 18.0 0.0
38.0 20.0 0.0
38.0 22.0 0.0
38.0 24.0 0.0
38.0 26.0 0.0
38.0 28.0 0.0
38.0 30.0 0.0
38.0 32.0 0.0
38.0 34.0 0.0
38.0 36.0 0.004100891317069352
38.0 38.0 0.08457681479494945
38.0 40.0 0.137557516354841
38.0 42.0 0.1603020119185171
38.0 44.0 0.16273287988586357
38.0 46.0 0.14751884635705326
38.0 48.0 0.11270484439728369
38.0 50.0 0.0629059417284591
38.0 52.0 0.017710684324763182
38.0 54.0 0.0
38.0 56.0 0.0
38.0 58.0 0.0
38.0 60.0 0.0
38.0 62.0 0.0
38.0 64.0 0.0
38.0 66.0 0.0
38.0 68.0 0.0
38.0 70.0 0.0019705749843465545
38.0 72.0 0.08914329863062093
38.0 74.0 0.21159745032654487
38.0 76.0 0.3181900110186327
38.0 78.0 0.4097955520576986
38.0 80.0 0.47540189547743755
38.0 82.0 0.5094121113071405
38.0 84.0 0.5269254935553279
38.0 86.0 0.5366490864679249
38.0 88.0 0.4618114844132038
38.0 90.0 0.32610299636705686
38.0 92.0 0.13151275849019783
38.0 94.0 0.0
38.0 96.0 0.0
38.0 98.0 0.0
38.0 100.0 0.0
38.0 102.0 0.0
38.0 104.0 0.0
38.0 106.0 0.0
38.0 108.0 0.0
38.0 110.0 0.0
38.0 112.0 0.0
38.0 114.0 0.0
38.0 116.0 0.015607337699851105
38.0 118.0 0.14331244923518202
38.0 120.0 0.18856128182914103
38.0 122.0 0.0
38.0 124.0 0.0
38.0 126.0 0.0
40.0 0.0 0.0
40.0 2.0 0.0
40.0 4.0 0.0
40.0 6.0 0.46418402608429865
40.0 8.0 0.4177548982108106
40.0 10.0 0.3525074489256008
40.0 12.0 0.2610063969609801
40.0 14.0 0.08352115613296131
40.0 16.0 0.0
40.0 18.0 0.0
40.0 20.0 0.0
40.0 22.0 0.0
40.0 24.0 0.0
40.0 26.0 0.0
40.0 28.0 0.0
40.0 30.0 0.0
40.0 32.0 0.0
40.0 34.0 0.0
40.0 36.0 0.021573865267672295
40.0 38.0 0.13265893849612767
40.0 40.0 0.2006180397678117
40.0 42.0 0.23365044792493475
40.0 44.0 0.2376596149767344
40.0 46.0 0.21513321819463238
40.0 48.0 0.16811253638692544
40.0 50.0 0.09935627840955974
40.0 52.0 0.018431442718449865
40.0 54.0 0.0
40.0 56.0 0.0
40.0 58.0 0.0
40.0 60.0 0.0
40.0 62.0 0.0
40.0 64.0 0.0
40.0 66.0 0.0
40.0 68.0 0.0
40.0 70.0 0.0
40.0 72.0 0.014075666352765305
40.0 74.0 0.15404277844033976
40.0 76.0 0.2765494283231677
40.0 78.0 0.3759406669548993
40.0 80.0 0.4467605364720446
40.0 82.0 0.4850198854353766
40.0 84.0 0.5144091705795614
40.0 86.0 0.5265053278442026
40.0 88.0 0.44616442543603374
40.0 90.0 0.2971430251595647
40.0 92.0 0.09335043564852687
40.0 94.0 0.0
40.0 96.0 0.0
40.0 98.0 0.0
40.0 100.0 0.0
40.0 102.0 0.0
40.0 104.0 0.0
40.0 106.0 0.0
40.0 108.0 0.0
40.0 110.0 0.0
40.0 112.0 0.0
40.0 114.0 0.006658520586072729
40.0 116.0 0.1072915052048544
40.0 118.0 0.22166845671988744
40.0 120.0 0.25244695114681176
40.0 122.0 0.20412581930150456
40.0 124.0 0.0
40.0 126.0 0.0
42.0 0.0 0.0
42.0 2.0 0.0
42.0 4.0 0.4155231387736644
42.0 6.0 0.35067749013742366
42.0 8.0 0.322079470210719
42.0 10.0 0.2878984207397932
42.0 12.0 0.1864775278751418
42.0 14.0 0.012784219551163723
42.0 16.0 0.0
42.0 18.0 0.0
42.0 20.0 0.0
42.0 22.0 0.0
42.0 24.0 0.0
42.0 26.0 0.0
42.0 28.0 0.0
42.0 30.0 0.0
42.0 32.0 0.0
42.0 34.0 0.002236004814849257
42.0 36.0 0.11250539638161006
42.0 38.0 0.22459724242797
42.0 40.0 0.3125208993389725
42.0 42.0 0.35904888668190243
42.0 44.0 0.3469380780598048
42.0 46.0 0.2899975439208872
42.0 48.0 0.2257516500345548
42.0 50.0 0.13646125515308832
42.0 52.0 0.02462576601386658
42.0 54.0 0.0
42.0 56.0 0.0
42.0 58.0 0.0
42.0 60.0 0.0
42.0 62.0 0.0
42.0 64.0 0.0
42.0 66.0 0.0
42.0 68.0 0.0
42.0 70.0 0.0
42.0 72.0 0.001292478896914315
42.0 74.0 0.08847884152505524
42.0 76.0 0.22122803154429804
42.0 78.0 0.3244898505976577
42.0 80.0 0.3995585130565427
42.0 82.0 0.4555160581431588
42.0 84.0 0.5109456036694675
42.0 86.0 0.5025517327125352
42.0 88.0 0.4297361815601799
42.0 90.0 0.26346812454894886
42.0 92.0 0.047094266265049735
42.0 94.0 0.0
42.0 96.0 0.0
42.0 98.0 0.0
42.0 100.0 0.0
42.0 102.0 0.0
42.0 104.0 0.0
42.0 106.0 0.0
42.0 108.0 0.0
42.0 110.0 0.0
42.0 112.0 2.2366148340990173E-4
42.0 114.0 0.05265679643492369
42.0 116.0 0.17772583687094598
42.0 118.0 0.2701270697611528
42.0 120.0 0.2941645585322197
42.0 122.0 0.24568286163817843
42.0 124.0 0.0
42.0 126.0 0.0
44.0 0.0 0.0
44.0 2.0 0.0
44.0 4.0 0.4055784451997349
44.0 6.0 0.3184108772554337
44.0 8.0 0.29547705164848953
44.0 10.0 0.2621954418230346
44.0 12.0 0.1734836890436996
44.0 14.0 0.0029038431570598405
44.0 16.0 0.0
44.0 18.0 0.0
44.0 20.0 0.0
44.0 22.0 0.0
44.0 24.0 0.0
44.0 26.0 0.0
44.0 28.0 0.0
44.0 30.0 0.0
44.0 32.0 0.0
44.0 34.0 0.05821669139329937
44.0 36.0 0.2318286046628724
44.0 38.0 0.37248171856290974
44.0 40.0 0.4630215949784786
44.0 42.0 0.5100426364203551
44.0 44.0 0.43723290118266095
44.0 46.0 0.35848491383211
44.0 48.0 0.2822387597140468
44.0 50.0 0.1703209039321049
44.0 52.0 0.02903910103182064
44.0 54.0 0.0
44.0 56.0 0.0
44.0 58.0 0.0
44.0 60.0 0.0
44.0 62.0 0.0
44.0 64.0 0.0
44.0 66.0 0.0
44.0 68.0 0.0
44.0 70.0 0.0
44.0 72.0 0.0
44.0 74.0 0.03145758488306988
44.0 76.0 0.16258014862888534
44.0 78.0 0.2766357915007493
44.0 80.0 0.36850918905272195
44.0 82.0 0.4209645736622201
44.0 84.0 0.4551333903198802
44.0 86.0 0.46795712210778584
44.0 88.0 0.39528481444972413
44.0 90.0 0.21425576513653322
44.0 92.0 0.00718724468141425
44.0 94.0 0.0
44.0 96.0 0.0
44.0 98.0 0.0
44.0 100.0 0.0
44.0 102.0 0.0
44.0 104.0 0.0
44.0 106.0 0.0
44.0 108.0 0.0
44.0 110.0 0.0
44.0 112.0 0.014410847302627003
44.0 114.0 0.097496323907127
44.0 116.0 0.21128961032645802
44.0 118.0 0.2907268245666225
44.0 120.0 0.3162866647053571
44.0 122.0 0.2844869132885691
44.0 124.0 0.0
44.0 126.0 0.0
46.0 0.0 0.0
46.0 2.0 0.0
46.0 4.0 0.39729370581830964
46.0 6.0 0.297747951788223
46.0 8.0 0.27307445817313375
46.0 10.0 0.24150731103013048
46.0 12.0 0.1022362473511883
46.0 14.0 0.0
46.0 16.0 0.0
46.0 18.0 0.0
46.0 20.0 0.0
46.0 22.0 0.0
46.0 24.0 0.0
46.0 26.0 0.0
46.0 28.0 0.0
46.0 30.0 0.0
46.0 32.0 0.009218225980265332
46.0 34.0 0.17340611761530764
46.0 36.0 0.34172096286170817
46.0 38.0 0.4665435817963837
46.0 40.0 0.5480739617139633
46.0 42.0 0.5659973284233076
46.0 44.0 0.47482035139062995
46.0 46.0 0.4136381151940722
46.0 48.0 0.3305687322652287
46.0 50.0 0.2004893814175134
46.0 52.0 0.03005199865301715
46.0 54.0 0.0
46.0 56.0 0.0
46.0 58.0 0.0
46.0 60.0 0.0
46.0 62.0 0.0
46.0 64.0 0.0
46.0 66.0 0.0
46.0 68.0 0.0
46.0 70.0 0.0
46.0 72.0 0.0
46.0 74.0 0.003008706348294501
46.0 76.0 0.09785597577160166
46.0 78.0 0.2053829879632756
46.0 80.0 0.2927019659654999
46.0 82.0 0.35033773196284895
46.0 84.0 0.3988208777169191
46.0 86.0 0.42003563715143405
46.0 88.0 0.3418404290215393
46.0 90.0 0.16478083629433052
46.0 92.0 0.0011567412044198432
46.0 94.0 0.0
46.0 96.0 0.0
46.0 98.0 0.0
46.0 100.0 0.0
46.0 102.0 0.0
46.0 104.0 0.0
46.0 106.0 0.0
46.0 108.0 0.0
46.0 110.0 0.0
46.0 112.0 0.024507075371633113
46.0 114.0 0.11423976010448965
46.0 116.0 0.21399388095472457
46.0 118.0 0.2872249897278656
46.0 120.0 0.3165695197943994
46.0 122.0 0.3015990346638407
46.0 124.0 0.2119137649417047
46.0 126.0 0.0
48.0 0.0 0.0
48.0 2.0 0.30592980744931064
48.0 4.0 0.2755844722673481
48.0 6.0 0.2518781629792692
48.0 8.0 0.22387146924941648
48.0 10.0 0.1636952918095705
48.0 12.0 0.005683385057851868
48.0 14.0 0.0
48.0 16.0 0.0
48.0 18.0 0.0
48.0 20.0 0.0
48.0 22.0 0.0
48.0 24.0 0.0
48.0 26.0 0.0
48.0 28.0 0.0
48.0 30.0 3.138601030596248E-4
48.0 32.0 0.09833111184190917
48.0 34.0 0.282827372308402
48.0 36.0 0.43033823584051106
48.0 38.0 0.5371704230447912
48.0 40.0 0.6070846194269723
48.0 42.0 0.5742998777941724
48.0 44.0 0.5077130042813008
48.0 46.0 0.4554876524682148
48.0 48.0 0.3676078744095286
48.0 50.0 0.24923034316459422
48.0 52.0 0.025392271905776167
48.0 54.0 0.0
48.0 56.0 0.0
48.0 58.0 0.0
48.0 60.0 0.0
48.0 62.0 0.0
48.0 64.0 0.0
48.0 66.0 0.0
48.0 68.0 0.0
48.0 70.0 0.0
48.0 72.0 0.0
48.0 74.0 0.0
48.0 76.0 0.03032079689911223
48.0 78.0 0.1348010996014101
48.0 80.0 0.2122398738034401
48.0 82.0 0.27311557378869766
48.0 84.0 0.32291421824378114
48.0 86.0 0.3425329350715492
48.0 88.0 0.2742201987397614
48.0 90.0 0.14364112662284964
48.0 92.0 0.005932187378877518
48.0 94.0 0.0
48.0 96.0 0.0
48.0 98.0 0.0
48.0 100.0 0.0
48.0 102.0 0.0
48.0 104.0 0.0
48.0 106.0 0.0
48.0 108.0 0.0
48.0 110.0 0.0
48.0 112.0 0.01689985229982872
48.0 114.0 0.09910516421747519
48.0 116.0 0.18709341244727304
48.0 118.0 0.2541571962204684
48.0 120.0 0.29284623789436587
48.0 122.0 0.293714443204727
48.0 124.0 0.23700069667276166
48.0 126.0 0.0
50.0 0.0 0.0
50.0 2.0 0.3270586435283569
50.0 4.0 0.28085266753770644
50.0 6.0 0.2328876718811352
50.0 8.0 0.1776971191045504
50.0 10.0 0.06475750146476301
50.0 12.0 0.0
50.0 14.0 0.0
50.0 16.0 0.0
50.0 18.0 0.0
50.0 20.0 0.0
50.0 22.0 0.0
50.0 24.0 0.0
50.0 26.0 0.0
50.0 28.0 3.005928864588388E-4
50.0 30.0 0.05671228852988408
50.0 32.0 0.20630113342294384
50.0 34.0 0.36218430394367723
50.0 36.0 0.4835932899448652
50.0 38.0 0.5728800333091045
50.0 40.0 0.6302513288523327
50.0 42.0 0.578697912127706
50.0 44.0 0.5249936725881065
50.0 46.0 0.4804704063515853
50.0 48.0 0.4047986985204604
50.0 50.0 0.30064190500161164
50.0 52.0 0.01816818442495372
50.0 54.0 0.0
50.0 56.0 0.0
50.0 58.0 0.0
50.0 60.0 0.0
50.0 62.0 0.0
50.0 64.0 0.0
50.0 66.0 0.0
50.0 68.0 0.0
50.0 70.0 0.0
50.0 72.0 0.0
50.0 74.0 0.0
50.0 76.0 0.010751073913361997
50.0 78.0 0.08537278212831008
50.0 80.0 0.14799659550847744
50.0 82.0 0.2018030896138854
50.0 84.0 0.2472649504992017
50.0 86.0 0.2720819773726499
50.0 88.0 0.2336411644539246
50.0 90.0 0.12915250223433847
50.0 92.0 0.013688954263131463
50.0 94.0 0.0011922841578629576
50.0 96.0 0.0
50.0 98.0 0.0
50.0 100.0 0.0
50.0 102.0 0.0
50.0 104.0 0.0
50.0 106.0 0.0
50.0 108.0 0.0
50.0 110.0 0.0
50.0 112.0 0.007823157047156151
50.0 114.0 0.06006853088357544
50.0 116.0 0.13433612114814597
50.0 118.0 0.19636977307045647
50.0 120.0 0.24140460503534392
50.0 122.0 0.25941694733525067
50.0 124.0 0.250144794963756
50.0 126.0 0.0
52.0 0.0 0.0
52.0 2.0 0.3382982661359056
52.0 4.0 0.2834334773918421
52.0 6.0 0.19203020733565487
52.0 8.0 0.10790944422881704
52.0 10.0 0.016737842098802514
52.0 12.0 0.0
52.0 14.0 0.0
52.0 16.0 0.0
52.0 18.0 0.0
52.0 20.0 0.0
52.0 22.0 0.0
52.0 24.0 0.0
52.0 26.0 0.0
52.0 28.0 0.03939574073975673
52.0 30.0 0.1518234845132927
52.0 32.0 0.28023754234178067
52.0 34.0 0.40674352005911
52.0 36.0 0.5075361684387868
52.0 38.0 0.5820113751418236
52.0 40.0 0.6227592974382657
52.0 42.0 0.5628588508887035
52.0 44.0 0.5321711499164395
52.0 46.0 0.48827873280573364
52.0 48.0 0.46403869813776083
52.0 50.0 0.30276797392627114
52.0 52.0 0.006489947741974336
52.0 54.0 0.0
52.0 56.0 0.0
52.0 58.0 0.0
52.0 60.0 0.0
52.0 62.0 0.0
52.0 64.0 0.0
52.0 66.0 0.0
52.0 68.0 0.0
52.0 70.0 0.0
52.0 72.0 0.0
52.0 74.0 0.0
52.0 76.0 3.7585235057456534E-4
52.0 78.0 0.03305252636993958
52.0 80.0 0.09607977315173977
52.0 82.0 0.146350610113442
52.0 84.0 0.19273749493075198
52.0 86.0 0.2193509432053572
52.0 88.0 0.20510433274638942
52.0 90.0 0.14791445181994486
52.0 92.0 0.06217937212133548
52.0 94.0 0.028387726510659822
52.0 96.0 0.0026732710165710597
52.0 98.0 0.0
52.0 100.0 0.0
52.0 102.0 0.0
52.0 104.0 0.0
52.0 106.0 0.0
52.0 108.0 0.0
52.0 110.0 0.0
52.0 112.0 0.0
52.0 114.0 0.014375280126572363
52.0 116.0 0.05670563612738097
52.0 118.0 0.1144643116149824
52.0 120.0 0.16109936020075308
52.0 122.0 0.19573551082717766
52.0 124.0 0.23423596168423666
52.0 126.0 0.0
54.0 0.0 0.0
54.0 2.0 0.34104496465977263
54.0 4.0 0.23097398280409023
54.0 6.0 0.10555777441626175
54.0 8.0 0.011674854625688305
54.0 10.0 0.0
54.0 12.0 0.0
54.0 14.0 0.0
54.0 16.0 0.0
54.0 18.0 0.0
54.0 20.0 0.0
54.0 22.0 0.0
54.0 24.0 0.0
54.0 26.0 0.01925374562847938
54.0 28.0 0.10678676146439993
54.0 30.0 0.21266204713295656
54.0 32.0 0.3237919335763683
54.0 34.0 0.42798908437244804
54.0 36.0 0.5130609283284348
54.0 38.0 0.5774148115481958
54.0 40.0 0.6037881615593577
54.0 42.0 0.5541361612434277
54.0 44.0 0.5299381549994395
54.0 46.0 0.5000619593102443
54.0 48.0 0.48577655125541247
54.0 50.0 0.27881421450912636
54.0 52.0 0.0
54.0 54.0 0.0
54.0 56.0 0.0
54.0 58.0 0.0
54.0 60.0 0.0
54.0 62.0 0.0
54.0 64.0 0.0
54.0 66.0 0.0
54.0 68.0 0.0
54.0 70.0 0.0
54.0 72.0 0.0
54.0 74.0 0.0
54.0 76.0 0.0
54.0 78.0 0.015255262105615813
54.0 80.0 0.056817725776235624
54.0 82.0 0.10186128907524723
54.0 84.0 0.1433876788425977
54.0 86.0 0.18890350941280065
54.0 88.0 0.20169776735252798
54.0 90.0 0.18882861275553345
54.0 92.0 0.1363881640883239
54.0 94.0 0.09614089254302684
54.0 96.0 0.05734346314515271
54.0 98.0 0.017014518488711845
54.0 100.0 0.0017089511797119348
54.0 102.0 0.0
54.0 104.0 0.0
54.0 106.0 0.0
54.0 108.0 0.0
54.0 110.0 0.0
54.0 112.0 0.0
54.0 114.0 0.0
54.0 116.0 0.0
54.0 118.0 0.013394407857769602
54.0 120.0 0.057366604376775675
54.0 122.0 0.11199773436900724
54.0 124.0 0.18945426422700495
54.0 126.0 0.29092589095279314
56.0 0.0 0.0
56.0 2.0 0.2768282646910241
56.0 4.0 0.04423588475157266
56.0 6.0 0.0
56.0 8.0 0.0
56.0 10.0 0.0
56.0 12.0 0.0
56.0 14.0 0.0
56.0 16.0 0.0
56.0 18.0 0.0
56.0 20.0 0.0
56.0 22.0 0.0
56.0 24.0 0.002152003406071833
56.0 26.0 0.06330616715623426
56.0 28.0 0.15261075594530726
56.0 30.0 0.24925445329717696
56.0 32.0 0.34494252301526224
56.0 34.0 0.4332874422946507
56.0 36.0 0.5077763706970769
56.0 38.0 0.5645986390273134
56.0 40.0 0.5348837724900017
56.0 42.0 0.5262305209605505
56.0 44.0 0.5120535203243111
56.0 46.0 0.48941193875476974
56.0 48.0 0.4620191188795358
56.0 50.0 0.227850159098409
56.0 52.0 0.0
56.0 54.0 0.0
56.0 56.0 0.0
56.0 58.0 0.0
56.0 60.0 0.0
56.0 62.0 0.0
56.0 64.0 0.0
56.0 66.0 0.0
56.0 68.0 0.0
56.0 70.0 0.0
56.0 72.0 0.0
56.0 74.0 0.0
56.0 76.0 0.0
56.0 78.0 0.004140742906013559
56.0 80.0 0.027150511872877755
56.0 82.0 0.06731301752045617
56.0 84.0 0.11043971625164778
56.0 86.0 0.16800223752739865
56.0 88.0 0.2182720198923022
56.0 90.0 0.23836698563239564
56.0 92.0 0.22728754344155147
56.0 94.0 0.17807912724997163
56.0 96.0 0.12403415479361003
56.0 98.0 0.08130485090919311
56.0 100.0 0.030033714438122444
56.0 102.0 0.0012045902129520646
56.0 104.0 0.0
56.0 106.0 0.0
56.0 108.0 0.0
56.0 110.0 0.0
56.0 112.0 0.0
56.0 114.0 0.0
56.0 116.0 0.0
56.0 118.0 0.0
56.0 120.0 0.0
56.0 122.0 0.01806937293777906
56.0 124.0 0.09566502084491402
56.0 126.0 0.2679449383831367
58.0 0.0 0.0
58.0 2.0 0.1911084569248508
58.0 4.0 0.009174907271490023
58.0 6.0 0.0
58.0 8.0 0.0
58.0 10.0 0.0
58.0 12.0 0.0
58.0 14.0 1.6460355855038434E-4
58.0 16.0 8.065988791945809E-4
58.0 18.0 0.0010786793193270866
58.0 20.0 0.0
58.0 22.0 0.002096535583252362
58.0 24.0 0.03616217562194771
58.0 26.0 0.10789929397943614
58.0 28.0 0.18774132389545692
58.0 30.0 0.2671206091848873
58.0 32.0 0.3465140798176954
58.0 34.0 0.42349871771359804
58.0 36.0 0.4899558967786326
58.0 38.0 0.5368206737609698
58.0 40.0 0.47519785596149444
58.0 42.0 0.48256588691928975
58.0 44.0 0.4693076242683452
58.0 46.0 0.4616355820113331
58.0 48.0 0.4036974061080747
58.0 50.0 0.1577267835725207
58.0 52.0 0.0
58.0 54.0 0.0
58.0 56.0 0.0
58.0 58.0 0.0
58.0 60.0 0.0
58.0 62.0 0.0
58.0 64.0 0.0
58.0 66.0 0.0
58.0 68.0 0.0
58.0 70.0 0.0
58.0 72.0 0.0
58.0 74.0 0.0
58.0 76.0 0.0
58.0 78.0 3.123092711771397E-4
58.0 80.0 0.015016072550564884
58.0 82.0 0.054602470823309136
58.0 84.0 0.10798992584938988
58.0 86.0 0.1829362497743123
58.0 88.0 0.2421693284346084
58.0 90.0 0.28773195691725695
58.0 92.0 0.29889193185194235
58.0 94.0 0.28235339948489524
58.0 96.0 0.24251079189477567
58.0 98.0 0.18262829551295987
58.0 100.0 0.10647315158513328
58.0 102.0 0.020341216191315084
58.0 104.0 0.0
58.0 106.0 0.0
58.0 108.0 0.0
58.0 110.0 0.0
58.0 112.0 0.0
58.0 114.0 0.0
58.0 116.0 0.0
58.0 118.0 0.0
58.0 120.0 0.0
58.0 122.0 0.0
58.0 124.0 0.0038324173175238708
58.0 126.0 0.1758053084617596
60.0 0.0 0.0
60.0 2.0 0.10704638139806023
60.0 4.0 0.0
60.0 6.0 0.0
60.0 8.0 0.0
60.0 10.0 0.0
60.0 12.0 0.0
60.0 14.0 0.002311318713756452
60.0 16.0 0.00696092779728747
60.0 18.0 0.009699681756885065
60.0 20.0 0.01407594182819621
60.0 22.0 0.041011449755344744
60.0 24.0 0.10030444238961543
60.0 26.0 0.15461738824551036
60.0 28.0 0.20027877869885843
60.0 30.0 0.25488444550516975
60.0 32.0 0.31858598011496086
60.0 34.0 0.38376754165705473
60.0 36.0 0.44237097666164965
60.0 38.0 0.4249974449679059
60.0 40.0 0.41290946085402885
60.0 42.0 0.41954177149691746
60.0 44.0 0.4047577675276612
60.0 46.0 0.3888975585636294
60.0 48.0 0.318198719309331
60.0 50.0 0.09089165020707855
60.0 52.0 0.0
60.0 54.0 0.0
60.0 56.0 0.0
60.0 58.0 0.0
60.0 60.0 0.0
60.0 62.0 0.0
60.0 64.0 0.0
60.0 66.0 0.0
60.0 68.0 0.0
60.0 70.0 0.0
60.0 72.0 0.0
60.0 74.0 0.0
60.0 76.0 0.0
60.0 78.0 0.0
60.0 80.0 0.01408192745905347
60.0 82.0 0.05950012747603745
60.0 84.0 0.11319316640095857
60.0 86.0 0.20436603884006058
60.0 88.0 0.27954797745886684
60.0 90.0 0.3364303720717319
60.0 92.0 0.3591706570725788
60.0 94.0 0.35520841813857934
60.0 96.0 0.32527491055499935
60.0 98.0 0.268590733583193
60.0 100.0 0.1774725493703095
60.0 102.0 0.04905829652466417
60.0 104.0 0.0
60.0 106.0 0.0
60.0 108.0 0.0
60.0 110.0 0.0
60.0 112.0 0.0
60.0 114.0 0.0
60.0 116.0 0.0
60.0 118.0 0.0
60.0 120.0 0.0
60.0 122.0 0.0
60.0 124.0 0.0
60.0 126.0 0.04575507193997742
62.0 0.0 0.0
62.0 2.0 0.06883720387404853
62.0 4.0 0.0
62.0 6.0 0.0
62.0 8.0 0.0
62.0 10.0 0.0
62.0 12.0 0.0
62.0 14.0 0.004980455103034736
62.0 16.0 0.015276413857667275
62.0 18.0 0.023141556828052634
62.0 20.0 0.04366951883625334
62.0 22.0 0.09324752544973813
62.0 24.0 0.13582249293747203
62.0 26.0 0.15857211745271416
62.0 28.0 0.18359269453161534
62.0 30.0 0.2167337030718143
62.0 32.0 0.25917109144647804
62.0 34.0 0.3039268962985989
62.0 36.0 0.3151080644850712
62.0 38.0 0.3129803641795496
62.0 40.0 0.3327666391006185
62.0 42.0 0.33761259601851257
62.0 44.0 0.3207376102814506
62.0 46.0 0.2743777508984206
62.0 48.0 0.19448037543960048
62.0 50.0 0.04098132639782828
62.0 52.0 0.0
62.0 54.0 0.0
62.0 56.0 0.0
62.0 58.0 0.0
62.0 60.0 0.0
62.0 62.0 0.0
62.0 64.0 0.0
62.0 66.0 0.0
62.0 68.0 0.0
62.0 70.0 0.0
62.0 72.0 0.0
62.0 74.0 0.0
62.0 76.0 0.0
62.0 78.0 0.0026229204207299365
62.0 80.0 0.019247010295292747
62.0 82.0 0.06480653820676398
62.0 84.0 0.14232246584881406
62.0 86.0 0.22822533989869234
62.0 88.0 0.30800056638680584
62.0 90.0 0.3685760104184798
62.0 92.0 0.4019898282526421
62.0 94.0 0.4087265950232047
62.0 96.0 0.39346639613673573
62.0 98.0 0.3445898666503621
62.0 100.0 0.24484930394360227
62.0 102.0 0.08125806063146879
62.0 104.0 0.0
62.0 106.0 0.0
62.0 108.0 0.0
62.0 110.0 0.0
62.0 112.0 0.0
62.0 114.0 0.0
62.0 116.0 0.0
62.0 118.0 0.0
62.0 120.0 0.0
62.0 122.0 0.0
62.0 124.0 0.0
62.0 126.0 0.0033695722384465988
64.0 0.0 0.0
64.0 2.0 0.03304820915217985
64.0 4.0 0.0
64.0 6.0 0.0
64.0 8.0 0.0
64.0 10.0 0.0
64.0 12.0 0.0
64.0 14.0 0.00810701814155589
64.0 16.0 0.025297260242572436
64.0 18.0 0.04901471039422511
64.0 20.0 0.09479756910022887
64.0 22.0 0.13463289876952353
64.0 24.0 0.15060362325253537
64.0 26.0 0.15158832988824697
64.0 28.0 0.1537972825235893
64.0 30.0 0.15915011261032383
64.0 32.0 0.169979592677965
64.0 34.0 0.18125037259086407
64.0 36.0 0.18400011185356582
64.0 38.0 0.2020271404041095
64.0 40.0 0.21350661734544862
64.0 42.0 0.2151246485754016
64.0 44.0 0.20022104116860892
64.0 46.0 0.16253015408513224
64.0 48.0 0.09802834006714521
64.0 50.0 0.0046523906617414
64.0 52.0 0.0
64.0 54.0 0.0
64.0 56.0 0.0
64.0 58.0 0.0
64.0 60.0 0.0
64.0 62.0 0.0
64.0 64.0 0.0
64.0 66.0 0.0
64.0 68.0 0.0
64.0 70.0 0.0
64.0 72.0 0.0
64.0 74.0 0.0
64.0 76.0 0.0012997345008747272
64.0 78.0 0.009623604008400791
64.0 80.0 0.030994386174703653
64.0 82.0 0.08945668356516191
64.0 84.0 0.17312889005482313
64.0 86.0 0.269037887036687
64.0 88.0 0.3608473451302206
64.0 90.0 0.4226273060290758
64.0 92.0 0.4538206148545818
64.0 94.0 0.45789476013169805
64.0 96.0 0.44406709507959957
64.0 98.0 0.4081242100230227
64.0 100.0 0.30710768077336154
64.0 102.0 0.11679926363036147
64.0 104.0 0.0
64.0 106.0 0.0
64.0 108.0 0.0
64.0 110.0 0.0
64.0 112.0 0.0
64.0 114.0 0.0
64.0 116.0 0.0
64.0 118.0 0.0
64.0 120.0 0.0
64.0 122.0 0.0
64.0 124.0 0.0
64.0 126.0 0.0
66.0 0.0 0.0
66.0 2.0 0.0
66.0 4.0 0.0
66.0 6.0 0.0
66.0 8.0 0.0
66.0 10.0 0.0
66.0 12.0 0.0
66.0 14.0 0.011530896528433204
66.0 16.0 0.048081197171979034
66.0 18.0 0.09976507474056868
66.0 20.0 0.14369081052113142
66.0 22.0 0.16513550216968467
66.0 24.0 0.16026775521221853
66.0 26.0 0.14045418629293174
66.0 28.0 0.1146823710781917
66.0 30.0 0.08675421645695651
66.0 32.0 0.06079846101575459
66.0 34.0 0.07462104776173105
66.0 36.0 0.07362869178612207
66.0 38.0 0.07230041481312217
66.0 40.0 0.07401435925264328
66.0 42.0 0.07457326765809215
66.0 44.0 0.06913586487169104
66.0 46.0 0.0533371611561412
66.0 48.0 0.024582176972376527
66.0 50.0 6.690793886170603E-4
66.0 52.0 0.0
66.0 54.0 0.0
66.0 56.0 0.0
66.0 58.0 0.0
66.0 60.0 0.0
66.0 62.0 0.0
66.0 64.0 0.0
66.0 66.0 0.0
66.0 68.0 0.0
66.0 70.0 0.0
66.0 72.0 8.997797847058337E-4
66.0 74.0 0.005644015105536088
66.0 76.0 0.012665028413074033
66.0 78.0 0.02489852325566613
66.0 80.0 0.05429220480981393
66.0 82.0 0.11744968420254892
66.0 84.0 0.20211364764700404
66.0 86.0 0.30652860615272365
66.0 88.0 0.40007466875375225
66.0 90.0 0.46030104416707956
66.0 92.0 0.49151704887937125
66.0 94.0 0.49519170695121134
66.0 96.0 0.4741456336172349
66.0 98.0 0.4418701807257939
66.0 100.0 0.3609077378630475
66.0 102.0 0.1586419376193596
66.0 104.0 0.0029779950947083004
66.0 106.0 0.0
66.0 108.0 0.0
66.0 110.0 0.0
66.0 112.0 0.0
66.0 114.0 0.0
66.0 116.0 0.0
66.0 118.0 0.0
66.0 120.0 0.0
66.0 122.0 0.0
66.0 124.0 0.0
66.0 126.0 0.0
68.0 0.0 0.0
68.0 2.0 0.0
68.0 4.0 0.0
68.0 6.0 0.0
68.0 8.0 0.0
68.0 10.0 0.0
68.0 12.0 0.0
68.0 14.0 0.02094863857164959
68.0 16.0 0.08467703581218644
68.0 18.0 0.14297834374679236
68.0 20.0 0.15186667063088818
68.0 22.0 0.17063536051994257
68.0 24.0 0.16900686792671796
68.0 26.0 0.13079460563727285
68.0 28.0 0.07521444570552661
68.0 30.0 0.017299371459966326
68.0 32.0 2.7290635128399766E-4
68.0 34.0 0.007893679348456029
68.0 36.0 0.0016505329394103001
68.0 38.0 0.0
68.0 40.0 0.0
68.0 42.0 0.0
68.0 44.0 0.0
68.0 46.0 0.0
68.0 48.0 0.0
68.0 50.0 0.0
68.0 52.0 0.0
68.0 54.0 0.0
68.0 56.0 0.0
68.0 58.0 0.0
68.0 60.0 0.0
68.0 62.0 0.0
68.0 64.0 0.0
68.0 66.0 0.0
68.0 68.0 3.3873987639168926E-4
68.0 70.0 0.00638740569267419
68.0 72.0 0.011060798378000761
68.0 74.0 0.016077694494407237
68.0 76.0 0.022949979669004042
68.0 78.0 0.03004358245939367
68.0 80.0 0.045047268523797646
68.0 82.0 0.12333435780332058
68.0 84.0 0.2262944812946943
68.0 86.0 0.34004971390544303
68.0 88.0 0.4310233851586507
68.0 90.0 0.48926582451210154
68.0 92.0 0.5192536682725506
68.0 94.0 0.5218138123950918
68.0 96.0 0.49742674606670195
68.0 98.0 0.4421808685226732
68.0 100.0 0.39541891028014414
68.0 102.0 0.1976311730828687
68.0 104.0 0.01763985888531647
68.0 106.0 0.0
68.0 108.0 0.0
68.0 110.0 0.0
68.0 112.0 0.0
68.0 114.0 0.0
68.0 116.0 0.0
68.0 118.0 0.0
68.0 120.0 0.0
68.0 122.0 0.0
68.0 124.0 0.0
68.0 126.0 0.0
70.0 0.0 0.0
70.0 2.0 0.0
70.0 4.0 0.0
70.0 6.0 0.0
70.0 8.0 0.0
70.0 10.0 0.0
70.0 12.0 0.00743071176856135
70.0 14.0 0.06012790273308719
70.0 16.0 0.13284318772314727
70.0 18.0 0.18241313028761438
70.0 20.0 0.19817250078452675
70.0 22.0 0.20415793064888818
70.0 24.0 0.1803246528042964
70.0 26.0 0.11957388917801215
70.0 28.0 0.03674705147698661
70.0 30.0 0.0
70.0 32.0 0.0
70.0 34.0 0.0
70.0 36.0 0.0
70.0 38.0 0.0
70.0 40.0 0.0
70.0 42.0 0.0
70.0 44.0 0.0
70.0 46.0 0.0
70.0 48.0 0.0
70.0 50.0 0.0
70.0 52.0 0.0
70.0 54.0 0.0
70.0 56.0 0.0
70.0 58.0 0.0
70.0 60.0 0.0
70.0 62.0 0.0
70.0 64.0 0.0
70.0 66.0 0.004670636983615335
70.0 68.0 0.0141759537122814
70.0 70.0 0.018024785783135818
70.0 72.0 0.020246071493172955
70.0 74.0 0.02312930116855122
70.0 76.0 0.025015384207844427
70.0 78.0 0.02531731297143495
70.0 80.0 0.05152654317297839
70.0 82.0 0.13162974931339058
70.0 84.0 0.23869170536009862
70.0 86.0 0.3594123264111604
70.0 88.0 0.45105981512256976
70.0 90.0 0.5096620215257309
70.0 92.0 0.5398041780568433
70.0 94.0 0.5434167192544667
70.0 96.0 0.5193234831297502
70.0 98.0 0.46412291998323457
70.0 100.0 0.3915973376833344
70.0 102.0 0.26392240460489097
70.0 104.0 0.04339656668208139
70.0 106.0 0.0
70.0 108.0 0.0
70.0 110.0 0.0
70.0 112.0 0.0
70.0 114.0 0.0
70.0 116.0 0.0
70.0 118.0 0.0
70.0 120.0 0.0
70.0 122.0 0.0
70.0 124.0 0.0
70.0 126.0 0.0
72.0 0.0 0.0
72.0 2.0 0.0
72.0 4.0 0.0
72.0 6.0 0.0
72.0 8.0 0.0
72.0 10.0 0.0024201979541912614
72.0 12.0 0.041442961264653876
72.0 14.0 0.158042495061653
72.0 16.0 0.2161968018739779
72.0 18.0 0.24209535533940188
72.0 20.0 0.2645806169469053
72.0 22.0 0.2403729887524885
72.0 24.0 0.18250262680188115
72.0 26.0 0.09556392192272534
72.0 28.0 0.004142414949466838
72.0 30.0 0.0
72.0 32.0 0.0
72.0 34.0 0.0
72.0 36.0 0.0
72.0 38.0 0.0
72.0 40.0 0.0
72.0 42.0 0.0
72.0 44.0 0.0
72.0 46.0 0.0
72.0 48.0 0.0
72.0 50.0 0.0
72.0 52.0 0.0
72.0 54.0 0.0
72.0 56.0 4.972075772079336E-4
72.0 58.0 0.003483644915965895
72.0 60.0 0.0018873902986653035
72.0 62.0 2.1964901132231988E-4
72.0 64.0 0.003812234761237507
72.0 66.0 0.01886833702686355
72.0 68.0 0.021824570480390198
72.0 70.0 0.02124361254532962
72.0 72.0 0.020952791023656523
72.0 74.0 0.021927378534487577
72.0 76.0 0.022459770966978394
72.0 78.0 0.020560521862358783
72.0 80.0 0.039412708931060976
72.0 82.0 0.11729537923011989
72.0 84.0 0.22791099604928758
72.0 86.0 0.3519650634922844
72.0 88.0 0.45951662888695766
72.0 90.0 0.5231478651538737
72.0 92.0 0.5551439805908909
72.0 94.0 0.5613903196103186
72.0 96.0 0.5390564168640145
72.0 98.0 0.48264951537644296
72.0 100.0 0.4097296920595008
72.0 102.0 0.27898078884155814
72.0 104.0 0.0949587476533376
72.0 106.0 3.008554367866532E-4
72.0 108.0 0.0
72.0 110.0 0.0
72.0 112.0 0.0
72.0 114.0 0.0
72.0 116.0 0.0
72.0 118.0 0.0
72.0 120.0 0.0
72.0 122.0 0.0
72.0 124.0 0.0
72.0 126.0 0.0
74.0 0.0 0.0
74.0 2.0 0.0
74.0 4.0 0.0
74.0 6.0 0.0
74.0 8.0 0.001838076816884294
74.0 10.0 0.055975756834751596
74.0 12.0 0.1659640447692371
74.0 14.0 0.28919007084854326
74.0 16.0 0.3087791838640303
74.0 18.0 0.33902390878817235
74.0 20.0 0.2823653502557632
74.0 22.0 0.2491841510909243
74.0 24.0 0.1761500255453701
74.0 26.0 0.059753438372175
74.0 28.0 0.0
74.0 30.0 0.0
74.0 32.0 0.0
74.0 34.0 0.0
74.0 36.0 0.0
74.0 38.0 0.0
74.0 40.0 0.0
74.0 42.0 0.0
74.0 44.0 0.0
74.0 46.0 0.0
74.0 48.0 0.0
74.0 50.0 0.0
74.0 52.0 1.6682821102409666E-4
74.0 54.0 0.005682612187785773
74.0 56.0 0.020046351317645608
74.0 58.0 0.024165174662816525
74.0 60.0 0.01956510508394383
74.0 62.0 0.01275672595715622
74.0 64.0 0.01888874949527197
74.0 66.0 0.025553650979120667
74.0 68.0 0.020311772298655353
74.0 70.0 0.014907610852929487
74.0 72.0 0.011833262983547062
74.0 74.0 0.012125996632179245
74.0 76.0 0.01285540465435187
74.0 78.0 0.01739440948836911
74.0 80.0 0.026503560589526493
74.0 82.0 0.09121837748329238
74.0 84.0 0.19829127827691742
74.0 86.0 0.32583870625958605
74.0 88.0 0.43926404172229344
74.0 90.0 0.5083387446388798
74.0 92.0 0.5443399685808854
74.0 94.0 0.5558257502307784
74.0 96.0 0.5380366132374025
74.0 98.0 0.4799125539386262
74.0 100.0 0.41700806417660985
74.0 102.0 0.31833446567951335
74.0 104.0 0.16465818534427584
74.0 106.0 0.028880689143812574
74.0 108.0 0.0
74.0 110.0 0.0
74.0 112.0 0.0
74.0 114.0 0.0
74.0 116.0 0.0
74.0 118.0 0.0
74.0 120.0 0.0
74.0 122.0 0.0
74.0 124.0 0.0
74.0 126.0 0.0
76.0 0.0 0.0
76.0 2.0 0.0
76.0 4.0 0.0
76.0 6.0 0.0
76.0 8.0 0.05155997336942759
76.0 10.0 0.18182269091756675
76.0 12.0 0.34939270667367367
76.0 14.0 0.40006172626479747
76.0 16.0 0.40660770760731163
76.0 18.0 0.3969354996891942
76.0 20.0 0.3086014849498689
76.0 22.0 0.2569933213540834
76.0 24.0 0.15511028114019867
76.0 26.0 0.033610825658290926
76.0 28.0 0.0
76.0 30.0 0.0
76.0 32.0 0.0
76.0 34.0 0.0
76.0 36.0 0.0
76.0 38.0 0.0
76.0 40.0 0.0
76.0 42.0 0.0
76.0 44.0 0.0
76.0 46.0 0.0
76.0 48.0 0.0
76.0 50.0 0.0
76.0 52.0 0.008024271753834768
76.0 54.0 0.0247599897986777
76.0 56.0 0.05173081251274806
76.0 58.0 0.06806493900501233
76.0 60.0 0.06203245575392938
76.0 62.0 0.04263640082198868
76.0 64.0 0.04313217132266945
76.0 66.0 0.02792983740157144
76.0 68.0 0.014365974281288585
76.0 70.0 0.005477429469803781
76.0 72.0 7.098674601223384E-4
76.0 74.0 0.0014617112348249556
76.0 76.0 5.654567022450064E-4
76.0 78.0 0.0021005629609794074
76.0 80.0 0.013605935267286729
76.0 82.0 0.059982493566096924
76.0 84.0 0.15184436550807015
76.0 86.0 0.27183447071036665
76.0 88.0 0.39138445103278
76.0 90.0 0.47335496264381477
76.0 92.0 0.5164645748288054
76.0 94.0 0.5342146605113697
76.0 96.0 0.5243004269625771
76.0 98.0 0.4587902087640099
76.0 100.0 0.4105032657660826
76.0 102.0 0.34282601355758163
76.0 104.0 0.23284589380551626
76.0 106.0 0.08741715563224116
76.0 108.0 0.002933479982070042
76.0 110.0 0.0
76.0 112.0 0.0
76.0 114.0 0.0
76.0 116.0 0.0
76.0 118.0 0.0
76.0 120.0 0.0
76.0 122.0 0.0
76.0 124.0 0.0
76.0 126.0 0.0
78.0 0.0 0.0
78.0 2.0 0.0
78.0 4.0 0.0
78.0 6.0 7.723963419946125E-4
78.0 8.0 0.11553834415320659
78.0 10.0 0.3094522422768771
78.0 12.0 0.4569763139597986
78.0 14.0 0.5003868453545813
78.0 16.0 0.4755541821790834
78.0 18.0 0.4323498504516974
78.0 20.0 0.33149456536590716
78.0 22.0 0.2548480211106931
78.0 24.0 0.11913138714114473
78.0 26.0 0.013818629101038373
78.0 28.0 0.0
78.0 30.0 0.0
78.0 32.0 0.0
78.0 34.0 0.0
78.0 36.0 0.0
78.0 38.0 0.0
78.0 40.0 0.0
78.0 42.0 0.0
78.0 44.0 0.0
78.0 46.0 0.0
78.0 48.0 0.0
78.0 50.0 0.0
78.0 52.0 0.020909209085599456
78.0 54.0 0.07436242402227804
78.0 56.0 0.1420463569180894
78.0 58.0 0.17747448937067714
78.0 60.0 0.16481537580296765
78.0 62.0 0.10897698059809789
78.0 64.0 0.07408718320342889
78.0 66.0 0.03049053170557164
78.0 68.0 0.00820051156381597
78.0 70.0 0.0
78.0 72.0 0.0
78.0 74.0 0.0
78.0 76.0 0.0
78.0 78.0 0.0
78.0 80.0 0.0
78.0 82.0 0.013326517630245551
78.0 84.0 0.08284073265768639
78.0 86.0 0.18303969461738043
78.0 88.0 0.31849293245660243
78.0 90.0 0.42029617784705847
78.0 92.0 0.47712125798833643
78.0 94.0 0.5052093720952241
78.0 96.0 0.46828128385532297
78.0 98.0 0.43589159686449985
78.0 100.0 0.40723814233707817
78.0 102.0 0.36149500329988
78.0 104.0 0.28497215037003565
78.0 106.0 0.16865950303711952
78.0 108.0 0.03904516593803913
78.0 110.0 0.0
78.0 112.0 0.0
78.0 114.0 0.0
78.0 116.0 0.0
78.0 118.0 0.0
78.0 120.0 0.0
78.0 122.0 0.0
78.0 124.0 0.0
78.0 126.0 0.0
80.0 0.0 0.0
80.0 2.0 0.0
80.0 4.0 0.0
80.0 6.0 8.957374624796533E-4
80.0 8.0 0.19932533440550834
80.0 10.0 0.41498473772977923
80.0 12.0 0.5330550246368914
80.0 14.0 0.556310991811579
80.0 16.0 0.5266617872159954
80.0 18.0 0.45420525500235737
80.0 20.0 0.3415857890373603
80.0 22.0 0.23073158866364674
80.0 24.0 0.05983665197642124
80.0 26.0 0.0
80.0 28.0 0.0
80.0 30.0 0.0
80.0 32.0 0.0
80.0 34.0 0.0
80.0 36.0 0.0
80.0 38.0 0.0
80.0 40.0 0.0
80.0 42.0 0.0
80.0 44.0 0.0
80.0 46.0 0.0
80.0 48.0 0.0
80.0 50.0 0.009051827011570297
80.0 52.0 0.0629277169597366
80.0 54.0 0.18828780962720557
80.0 56.0 0.2831783330262495
80.0 58.0 0.3196490138332253
80.0 60.0 0.2851019471751072
80.0 62.0 0.1983490746030416
80.0 64.0 0.1303947606362191
80.0 66.0 0.05830657476779671
80.0 68.0 0.007793615939335711
80.0 70.0 0.0
80.0 72.0 0.0
80.0 74.0 0.0
80.0 76.0 0.0
80.0 78.0 0.0
80.0 80.0 0.0
80.0 82.0 3.952452157834318E-4
80.0 84.0 0.0019333144664518452
80.0 86.0 0.04753255050035288
80.0 88.0 0.18467818415007986
80.0 90.0 0.33352106372498946
80.0 92.0 0.4246309241844843
80.0 94.0 0.39944186017224714
80.0 96.0 0.40827635610929763
80.0 98.0 0.4061692401605657
80.0 100.0 0.39120881808669616
80.0 102.0 0.36411142456866047
80.0 104.0 0.31547920875266583
80.0 106.0 0.2294546060403504
80.0 108.0 0.1073505636739086
80.0 110.0 0.005398075654520735
80.0 112.0 0.0
80.0 114.0 0.0
80.0 116.0 0.0
80.0 118.0 0.0
80.0 120.0 0.0
80.0 122.0 0.0
80.0 124.0 0.0
80.0 126.0 0.0
82.0 0.0 0.0
82.0 2.0 0.0
82.0 4.0 0.0
82.0 6.0 0.15250542549595444
82.0 8.0 0.38254375811852986
82.0 10.0 0.5063005163020463
82.0 12.0 0.5817398397986878
82.0 14.0 0.6062150604693709
82.0 16.0 0.5411150744128165
82.0 18.0 0.45648505797755773
82.0 20.0 0.3453105322143691
82.0 22.0 0.16507770111588319
82.0 24.0 0.009326861243361005
82.0 26.0 0.0
82.0 28.0 0.0
82.0 30.0 0.0
82.0 32.0 0.0
82.0 34.0 0.0
82.0 36.0 0.0
82.0 38.0 0.0
82.0 40.0 0.0
82.0 42.0 0.0
82.0 44.0 0.0
82.0 46.0 0.0
82.0 48.0 0.0
82.0 50.0 0.041651347153120966
82.0 52.0 0.1908220977840375
82.0 54.0 0.3418592894540198
82.0 56.0 0.42299553189617023
82.0 58.0 0.4412054812246728
82.0 60.0 0.34831108018609913
82.0 62.0 0.2703188909175135
82.0 64.0 0.1860117661119226
82.0 66.0 0.09295282584284308
82.0 68.0 0.00879305788402346
82.0 70.0 0.0
82.0 72.0 0.0
82.0 74.0 0.0
82.0 76.0 0.0
82.0 78.0 0.0
82.0 80.0 0.0
82.0 82.0 0.0
82.0 84.0 0.0
82.0 86.0 0.0
82.0 88.0 2.2673844513118442E-4
82.0 90.0 0.10634969954804441
82.0 92.0 0.24670372671484053
82.0 94.0 0.2808607408327426
82.0 96.0 0.3254143195165163
82.0 98.0 0.3481134338064888
82.0 100.0 0.35720225766783725
82.0 102.0 0.3526625831897643
82.0 104.0 0.32881420431781233
82.0 106.0 0.26730309995024565
82.0 108.0 0.162362983927303
82.0 110.0 0.034181745476767104
82.0 112.0 0.0
82.0 114.0 0.0
82.0 116.0 0.0
82.0 118.0 0.0
82.0 120.0 0.0
82.0 122.0 0.0
82.0 124.0 0.0
82.0 126.0 0.0
84.0 0.0 0.0
84.0 2.0 0.0
84.0 4.0 0.052166017313754094
84.0 6.0 0.3324977060982209
84.0 8.0 0.44067329990083676
84.0 10.0 0.5050650859261243
84.0 12.0 0.5548490674131809
84.0 14.0 0.5731216975119036
84.0 16.0 0.5452032891503746
84.0 18.0 0.44515371977943735
84.0 20.0 0.2758976409272013
84.0 22.0 0.06201995615597946
84.0 24.0 0.0
84.0 26.0 0.0
84.0 28.0 0.0
84.0 30.0 0.0
84.0 32.0 0.0
84.0 34.0 0.0
84.0 36.0 0.0
84.0 38.0 0.0
84.0 40.0 0.0
84.0 42.0 0.0
84.0 44.0 0.0
84.0 46.0 0.0
84.0 48.0 0.020549363601028946
84.0 50.0 0.15212718300475173
84.0 52.0 0.33900703194334153
84.0 54.0 0.47218100725749884
84.0 56.0 0.5212035534520881
84.0 58.0 0.4519266076299156
84.0 60.0 0.41458118950365286
84.0 62.0 0.32434830830866873
84.0 64.0 0.22285600857306576
84.0 66.0 0.11399657256851875
84.0 68.0 0.007773158883370111
84.0 70.0 0.0
84.0 72.0 0.0
84.0 74.0 0.0
84.0 76.0 0.0
84.0 78.0 0.0
84.0 80.0 0.0
84.0 82.0 0.0
84.0 84.0 0.0
84.0 86.0 0.0
84.0 88.0 0.0
84.0 90.0 0.0
84.0 92.0 0.038500226218696344
84.0 94.0 0.14584520356315658
84.0 96.0 0.2000195498947828
84.0 98.0 0.25427814709535573
84.0 100.0 0.29208574600729115
84.0 102.0 0.3152955029834081
84.0 104.0 0.31551085037682663
84.0 106.0 0.2803125533369962
84.0 108.0 0.20050827238257415
84.0 110.0 0.08791974406734027
84.0 112.0 9.698163025873408E-5
84.0 114.0 0.0
84.0 116.0 0.0
84.0 118.0 0.0
84.0 120.0 0.0
84.0 122.0 0.0
84.0 124.0 0.0
84.0 126.0 0.0
86.0 0.0 0.0
86.0 2.0 0.0
86.0 4.0 0.0
86.0 6.0 0.2472174668368694
86.0 8.0 0.43210486550239335
86.0 10.0 0.4816528110919218
86.0 12.0 0.5080342774582121
86.0 14.0 0.5116579644682059
86.0 16.0 0.4782200224070421
86.0 18.0 0.3807187395267208
86.0 20.0 0.18194899778035112
86.0 22.0 0.01958566125932904
86.0 24.0 0.0
86.0 26.0 0.0
86.0 28.0 0.0
86.0 30.0 0.0
86.0 32.0 0.0
86.0 34.0 0.0
86.0 36.0 0.0
86.0 38.0 0.0
86.0 40.0 0.0
86.0 42.0 0.0
86.0 44.0 0.0
86.0 46.0 0.004885320695947673
86.0 48.0 0.11342493856522139
86.0 50.0 0.28961701261803413
86.0 52.0 0.44129718416524305
86.0 54.0 0.5383121377982713
86.0 56.0 0.5679078179756682
86.0 58.0 0.4971599125578124
86.0 60.0 0.4421127958265862
86.0 62.0 0.3569119342672186
86.0 64.0 0.24760388351395948
86.0 66.0 0.12561315683757104
86.0 68.0 0.0050107844753041475
86.0 70.0 0.0
86.0 72.0 0.0
86.0 74.0 0.0
86.0 76.0 0.0
86.0 78.0 0.0
86.0 80.0 0.0
86.0 82.0 0.0
86.0 84.0 0.0
86.0 86.0 0.0
86.0 88.0 0.0
86.0 90.0 0.0
86.0 92.0 0.0
86.0 94.0 0.025335406712273776
86.0 96.0 0.10417882207078337
86.0 98.0 0.16576077573181555
86.0 100.0 0.21445517792908333
86.0 102.0 0.25794990913134525
86.0 104.0 0.28010516614146347
86.0 106.0 0.28300564149360147
86.0 108.0 0.220523680410171
86.0 110.0 0.11947889865836568
86.0 112.0 0.018763791016497857
86.0 114.0 0.0
86.0 116.0 0.0
86.0 118.0 0.0
86.0 120.0 0.0
86.0 122.0 0.0
86.0 124.0 0.0
86.0 126.0 0.0
88.0 0.0 0.0
88.0 2.0 0.0
88.0 4.0 0.0
88.0 6.0 0.33657975095527165
88.0 8.0 0.4520670651140925
88.0 10.0 0.47146075713780533
88.0 12.0 0.4758064281341346
88.0 14.0 0.46353866480027484
88.0 16.0 0.42175774176099506
88.0 18.0 0.30648769541371734
88.0 20.0 0.08326205229132083
88.0 22.0 0.0
88.0 24.0 0.0
88.0 26.0 0.0
88.0 28.0 0.0
88.0 30.0 0.0
88.0 32.0 0.0
88.0 34.0 0.0
88.0 36.0 0.0
88.0 38.0 0.0
88.0 40.0 0.0
88.0 42.0 0.0
88.0 44.0 9.944829817286701E-5
88.0 46.0 0.0644026101366549
88.0 48.0 0.22455025729327283
88.0 50.0 0.3794396646196163
88.0 52.0 0.5072904016881686
88.0 54.0 0.5699430546227106
88.0 56.0 0.5841249016567575
88.0 58.0 0.5696140908591873
88.0 60.0 0.504364720249154
88.0 62.0 0.3728077026417013
88.0 64.0 0.26342594770575856
88.0 66.0 0.13288023577840105
88.0 68.0 0.0034945433316623353
88.0 70.0 0.0
88.0 72.0 0.0
88.0 74.0 0.0
88.0 76.0 0.0
88.0 78.0 0.0
88.0 80.0 0.0
88.0 82.0 0.0
88.0 84.0 0.0
88.0 86.0 0.0
88.0 88.0 0.0
88.0 90.0 0.0
88.0 92.0 0.0
88.0 94.0 0.0
88.0 96.0 0.022336368425796088
88.0 98.0 0.090781123457345
88.0 100.0 0.14653886528620316
88.0 102.0 0.19207933354758325
88.0 104.0 0.2218515830743196
88.0 106.0 0.2300765114651436
88.0 108.0 0.19962892884775915
88.0 110.0 0.1291781819244292
88.0 112.0 0.04667983725977284
88.0 114.0 0.0027467698089602664
88.0 116.0 0.0
88.0 118.0 0.0
88.0 120.0 0.0
88.0 122.0 0.0
88.0 124.0 0.0
88.0 126.0 0.0
90.0 0.0 0.0
90.0 2.0 0.0
90.0 4.0 0.0
90.0 6.0 0.3936687820949473
90.0 8.0 0.45292114112999865
90.0 10.0 0.4613716523148308
90.0 12.0 0.44977754736303077
90.0 14.0 0.421958040421619
90.0 16.0 0.3609112633808626
90.0 18.0 0.2176051151670607
90.0 20.0 0.017345673356675233
90.0 22.0 0.0
90.0 24.0 0.0
90.0 26.0 0.0
90.0 28.0 0.0
90.0 30.0 0.0
90.0 32.0 0.0
90.0 34.0 0.0
90.0 36.0 0.0
90.0 38.0 0.0
90.0 40.0 0.0
90.0 42.0 0.0
90.0 44.0 0.0034785882233175328
90.0 46.0 0.1409041274440818
90.0 48.0 0.2957397272991229
90.0 50.0 0.41664824872501766
90.0 52.0 0.4954025217810985
90.0 54.0 0.5399109404977683
90.0 56.0 0.5574771558582168
90.0 58.0 0.5494268834167485
90.0 60.0 0.4933648342074611
90.0 62.0 0.3937611118279489
90.0 64.0 0.28507584036997696
90.0 66.0 0.14026228605699284
90.0 68.0 0.0
90.0 70.0 0.0
90.0 72.0 0.0
90.0 74.0 0.0
90.0 76.0 0.0
90.0 78.0 0.0
90.0 80.0 0.0
90.0 82.0 0.0
90.0 84.0 0.0
90.0 86.0 0.0
90.0 88.0 0.0
90.0 90.0 0.0
90.0 92.0 0.0
90.0 94.0 0.0
90.0 96.0 0.0029831177532802463
90.0 98.0 0.03431820974220673
90.0 100.0 0.06936679465150049
90.0 102.0 0.10476250475606404
90.0 104.0 0.137238883619326
90.0 106.0 0.1630831951841751
90.0 108.0 0.154611818145315
90.0 110.0 0.11601232022483053
90.0 112.0 0.06039325074908022
90.0 114.0 0.02001450472185453
90.0 116.0 0.004609106737811821
90.0 118.0 0.0029555572915887173
90.0 120.0 0.0
90.0 122.0 0.0
90.0 124.0 0.0
90.0 126.0 0.0
92.0 0.0 0.0
92.0 2.0 0.0
92.0 4.0 0.0
92.0 6.0 0.0
92.0 8.0 0.4291172181758494
92.0 10.0 0.43842811701423584
92.0 12.0 0.4188951652949305
92.0 14.0 0.3818344196205379
92.0 16.0 0.3245474818422404
92.0 18.0 0.16429332103250258
92.0 20.0 9.016718584975861E-4
92.0 22.0 0.0
92.0 24.0 0.0
92.0 26.0 0.0
92.0 28.0 0.0
92.0 30.0 0.0
92.0 32.0 0.0
92.0 34.0 0.0
92.0 36.0 0.0
92.0 38.0 0.0
92.0 40.0 0.0
92.0 42.0 7.268998411182697E-4
92.0 44.0 0.09871755524610408
92.0 46.0 0.25810599040653887
92.0 48.0 0.39271988722695034
92.0 50.0 0.4869465757178019
92.0 52.0 0.5438421609529848
92.0 54.0 0.5536951357617229
92.0 56.0 0.5429884902191264
92.0 58.0 0.5094612648014744
92.0 60.0 0.4577204936959987
92.0 62.0 0.38753069269615176
92.0 64.0 0.28925354506767076
92.0 66.0 0.13769339682081896
92.0 68.0 0.0
92.0 70.0 0.0
92.0 72.0 0.0
92.0 74.0 0.0
92.0 76.0 0.0
92.0 78.0 0.0
92.0 80.0 0.0
92.0 82.0 0.0
92.0 84.0 0.0
92.0 86.0 0.0
92.0 88.0 0.0
92.0 90.0 0.0
92.0 92.0 0.0
92.0 94.0 0.0
92.0 96.0 0.0
92.0 98.0 0.006768983738760469
92.0 100.0 0.018401170938513508
92.0 102.0 0.03400119425551775
92.0 104.0 0.05206557278658815
92.0 106.0 0.06867260732408165
92.0 108.0 0.077337169343681
92.0 110.0 0.07050123516706293
92.0 112.0 0.05335575021259641
92.0 114.0 0.03854110971647641
92.0 116.0 0.03560609159188249
92.0 118.0 0.048448589860965084
92.0 120.0 0.07923308883235568
92.0 122.0 0.0
92.0 124.0 0.0
92.0 126.0 0.0
94.0 0.0 0.0
94.0 2.0 0.0
94.0 4.0 0.0
94.0 6.0 0.0
94.0 8.0 0.4457981976231229
94.0 10.0 0.42796923330123476
94.0 12.0 0.3911098722756275
94.0 14.0 0.3360681511100001
94.0 16.0 0.2525088576552362
94.0 18.0 0.08278022639988115
94.0 20.0 0.0
94.0 22.0 0.0
94.0 24.0 0.0
94.0 26.0 0.0
94.0 28.0 0.0
94.0 30.0 0.0
94.0 32.0 0.0
94.0 34.0 0.0
94.0 36.0 0.0
94.0 38.0 0.0
94.0 40.0 0.0
94.0 42.0 0.03848502899657657
94.0 44.0 0.22847662770824737
94.0 46.0 0.396419801784159
94.0 48.0 0.5034892007552191
94.0 50.0 0.5303137145422901
94.0 52.0 0.539035929359545
94.0 54.0 0.5401282585142312
94.0 56.0 0.5187262562692593
94.0 58.0 0.48717610151437546
94.0 60.0 0.44056955584668095
94.0 62.0 0.37523569003234836
94.0 64.0 0.2828550844865623
94.0 66.0 0.13243719816993124
94.0 68.0 6.045554289711337E-4
94.0 70.0 0.0
94.0 72.0 0.0
94.0 74.0 0.0
94.0 76.0 0.0
94.0 78.0 0.0
94.0 80.0 0.0
94.0 82.0 0.0
94.0 84.0 0.0
94.0 86.0 0.0
94.0 88.0 0.0
94.0 90.0 0.0
94.0 92.0 0.0
94.0 94.0 0.0
94.0 96.0 0.0
94.0 98.0 0.0
94.0 100.0 0.0041415003636930065
94.0 102.0 0.009336636148142988
94.0 104.0 0.009689046546901111
94.0 106.0 0.012288915452795717
94.0 108.0 0.016614702203126944
94.0 110.0 0.027419078324500145
94.0 112.0 0.03728100974305955
94.0 114.0 0.049279014781265985
94.0 116.0 0.06963505219241502
94.0 118.0 0.09606853904770112
94.0 120.0 0.0
94.0 122.0 0.0
94.0 124.0 0.0
94.0 126.0 0.0
96.0 0.0 0.0
96.0 2.0 0.0
96.0 4.0 0.0
96.0 6.0 0.0
96.0 8.0 0.0
96.0 10.0 0.42505698322061786
96.0 12.0 0.3799687002546075
96.0 14.0 0.31311596144526277
96.0 16.0 0.21323263848504878
96.0 18.0 0.06432791657622533
96.0 20.0 0.0
96.0 22.0 0.0
96.0 24.0 0.0
96.0 26.0 0.0
96.0 28.0 0.0
96.0 30.0 0.0
96.0 32.0 0.0
96.0 34.0 0.0
96.0 36.0 0.0
96.0 38.0 0.0
96.0 40.0 0.020764233085091042
96.0 42.0 0.15764922815239926
96.0 44.0 0.3227995088606681
96.0 46.0 0.44964648838217186
96.0 48.0 0.5130828558911611
96.0 50.0 0.5122268370630447
96.0 52.0 0.5091517369903008
96.0 54.0 0.5047930049461887
96.0 56.0 0.48606287120802166
96.0 58.0 0.4539780981820137
96.0 60.0 0.4076251929918116
96.0 62.0 0.3453715147197555
96.0 64.0 0.26031262552238715
96.0 66.0 0.12488377193987706
96.0 68.0 0.009537951739218216
96.0 70.0 0.0
96.0 72.0 0.0
96.0 74.0 0.0
96.0 76.0 0.0
96.0 78.0 0.0
96.0 80.0 0.0
96.0 82.0 0.0
96.0 84.0 0.0
96.0 86.0 0.0
96.0 88.0 0.0
96.0 90.0 0.0
96.0 92.0 0.0
96.0 94.0 0.0
96.0 96.0 0.0
96.0 98.0 0.0
96.0 100.0 0.0
96.0 102.0 0.0
96.0 104.0 0.0
96.0 106.0 0.0
96.0 108.0 0.0
96.0 110.0 0.0
96.0 112.0 0.01005234907920263
96.0 114.0 0.03788374458577241
96.0 116.0 0.07837034704262501
96.0 118.0 0.11498956327373834
96.0 120.0 0.0
96.0 122.0 0.0
96.0 124.0 0.0
96.0 126.0 0.0
98.0 0.0 0.0
98.0 2.0 0.0
98.0 4.0 0.0
98.0 6.0 0.0
98.0 8.0 0.0
98.0 10.0 0.0
98.0 12.0 0.38669117679338233
98.0 14.0 0.28797539948856904
98.0 16.0 0.19361128004081163
98.0 18.0 0.049930163810850435
98.0 20.0 0.0
98.0 22.0 0.0
98.0 24.0 0.0
98.0 26.0 0.0
98.0 28.0 0.0
98.0 30.0 0.0
98.0 32.0 0.0
98.0 34.0 0.0
98.0 36.0 0.00313175901243655
98.0 38.0 0.011604734153417118
98.0 40.0 0.08621332370433676
98.0 42.0 0.235000124144911
98.0 44.0 0.3571452739529655
98.0 46.0 0.4450431078308916
98.0 48.0 0.47356024517837664
98.0 50.0 0.44743794058688535
98.0 52.0 0.45714324135315826
98.0 54.0 0.4530216241057496
98.0 56.0 0.4319271461688335
98.0 58.0 0.3960880849547646
98.0 60.0 0.34830919371825503
98.0 62.0 0.29035963068074006
98.0 64.0 0.21679652598105836
98.0 66.0 0.11277794399578972
98.0 68.0 0.018874955239430658
98.0 70.0 0.0
98.0 72.0 0.0
98.0 74.0 0.0
98.0 76.0 0.0
98.0 78.0 0.0
98.0 80.0 0.0
98.0 82.0 0.0
98.0 84.0 0.0
98.0 86.0 0.0
98.0 88.0 0.0
98.0 90.0 0.0
98.0 92.0 0.0
98.0 94.0 0.0
98.0 96.0 0.0
98.0 98.0 0.0
98.0 100.0 0.0
98.0 102.0 0.0
98.0 104.0 0.0
98.0 106.0 0.0
98.0 108.0 0.0
98.0 110.0 0.0
98.0 112.0 0.0
98.0 114.0 0.014285901038758745
98.0 116.0 0.05267172245591697
98.0 118.0 0.0
98.0 120.0 0.0
98.0 122.0 0.0
98.0 124.0 0.0
98.0 126.0 0.0
100.0 0.0 0.0
100.0 2.0 0.0
100.0 4.0 0.0
100.0 6.0 0.0
100.0 8.0 0.0
100.0 10.0 0.0
100.0 12.0 0.3282801792599473
100.0 14.0 0.2479938096410135
100.0 16.0 0.14149810341600952
100.0 18.0 0.01738573546428045
100.0 20.0 0.0
100.0 22.0 0.0
100.0 24.0 0.0
100.0 26.0 0.0
100.0 28.0 0.0
100.0 30.0 0.0
100.0 32.0 0.0
100.0 34.0 0.0
100.0 36.0 0.0061664948002107265
100.0 38.0 0.037148615789067065
100.0 40.0 0.1437448907815179
100.0 42.0 0.26476204017927574
100.0 44.0 0.3497645694773945
100.0 46.0 0.4038265903331611
100.0 48.0 0.3999462225353229
100.0 50.0 0.3698610920431647
100.0 52.0 0.37510150055550334
100.0 54.0 0.36553893351884265
100.0 56.0 0.3378692207347355
100.0 58.0 0.29886014766937574
100.0 60.0 0.2550164111043549
100.0 62.0 0.20808089912115177
100.0 64.0 0.15329155008754602
100.0 66.0 0.0848221582182682
100.0 68.0 0.03175437589630652
100.0 70.0 2.964742371418281E-4
100.0 72.0 0.0
100.0 74.0 0.0
100.0 76.0 0.0
100.0 78.0 0.0
100.0 80.0 0.0
100.0 82.0 0.0
100.0 84.0 0.0
100.0 86.0 0.0
100.0 88.0 0.0
100.0 90.0 0.0
100.0 92.0 0.0
100.0 94.0 0.0
100.0 96.0 0.0
100.0 98.0 0.0
100.0 100.0 0.0
100.0 102.0 0.0
100.0 104.0 0.0
100.0 106.0 0.0
100.0 108.0 0.0
100.0 110.0 0.0
100.0 112.0 0.0
100.0 114.0 0.001274962642146849
100.0 116.0 0.0
100.0 118.0 0.0
100.0 120.0 0.0
100.0 122.0 0.0
100.0 124.0 0.0
100.0 126.0 0.0
102.0 0.0 0.0
102.0 2.0 0.0
102.0 4.0 0.0
102.0 6.0 0.0
102.0 8.0 0.0
102.0 10.0 0.0
102.0 12.0 0.0
102.0 14.0 0.1996781553326116
102.0 16.0 0.12278665660668907
102.0 18.0 0.017432166861906462
102.0 20.0 0.0
102.0 22.0 0.0
102.0 24.0 0.0
102.0 26.0 0.0
102.0 28.0 0.0
102.0 30.0 0.0
102.0 32.0 0.0
102.0 34.0 0.0013222482089105347
102.0 36.0 0.023181059712080246
102.0 38.0 0.05775954493403277
102.0 40.0 0.17530657015194995
102.0 42.0 0.2648928952589146
102.0 44.0 0.31564991675200627
102.0 46.0 0.34727032609125347
102.0 48.0 0.3161290220797014
102.0 50.0 0.2930325247816747
102.0 52.0 0.28409377321846574
102.0 54.0 0.2611730921772761
102.0 56.0 0.22460883540461943
102.0 58.0 0.18535415189848156
102.0 60.0 0.1530444377484945
102.0 62.0 0.12692247282616076
102.0 64.0 0.10132702589658793
102.0 66.0 0.06905309447619513
102.0 68.0 0.03437037884166292
102.0 70.0 0.0061098666968239365
102.0 72.0 0.0
102.0 74.0 0.0
102.0 76.0 0.0
102.0 78.0 0.0
102.0 80.0 0.0
102.0 82.0 0.0
102.0 84.0 0.0
102.0 86.0 0.0
102.0 88.0 0.0
102.0 90.0 0.0
102.0 92.0 0.0
102.0 94.0 0.0
102.0 96.0 0.0
102.0 98.0 0.0
102.0 100.0 0.0
102.0 102.0 0.0
102.0 104.0 0.0
102.0 106.0 0.0
102.0 108.0 0.0
102.0 110.0 0.0
102.0 112.0 0.0
102.0 114.0 0.0
102.0 116.0 0.0
102.0 118.0 0.0
102.0 120.0 0.0
102.0 122.0 0.0
102.0 124.0 0.0
102.0 126.0 0.0
104.0 0.0 0.0
104.0 2.0 0.0
104.0 4.0 0.0
104.0 6.0 0.0
104.0 8.0 0.0
104.0 10.0 0.0
104.0 12.0 0.0
104.0 14.0 0.0
104.0 16.0 0.0070489575825197414
104.0 18.0 0.0022905520789920264
104.0 20.0 0.0
104.0 22.0 0.0
104.0 24.0 0.0
104.0 26.0 0.0
104.0 28.0 0.0
104.0 30.0 0.0
104.0 32.0 0.0
104.0 34.0 0.003590476410041652
104.0 36.0 0.021898885453060273
104.0 38.0 0.07942243927121892
104.0 40.0 0.18256730891898845
104.0 42.0 0.2437785446027396
104.0 44.0 0.27080227012110836
104.0 46.0 0.2821908723493363
104.0 48.0 0.23767277813962284
104.0 50.0 0.2150920060968519
104.0 52.0 0.1918262575872989
104.0 54.0 0.1585027583716226
104.0 56.0 0.11921150045231556
104.0 58.0 0.08636278035276275
104.0 60.0 0.07145383489002358
104.0 62.0 0.04982180930437619
104.0 64.0 0.038700167439523155
104.0 66.0 0.030790357624173745
104.0 68.0 0.039046034467593714
104.0 70.0 0.02425164001147247
104.0 72.0 0.0
104.0 74.0 0.0
104.0 76.0 0.0
104.0 78.0 0.0
104.0 80.0 0.0
104.0 82.0 0.0
104.0 84.0 0.0
104.0 86.0 0.0
104.0 88.0 0.0
104.0 90.0 0.0
104.0 92.0 0.0
104.0 94.0 0.0
104.0 96.0 0.0
104.0 98.0 0.0
104.0 100.0 0.0
104.0 102.0 0.0
104.0 104.0 0.0
104.0 106.0 0.0
104.0 108.0 0.0
104.0 110.0 0.0
104.0 112.0 0.0
104.0 114.0 0.0
104.0 116.0 0.0
104.0 118.0 0.0
104.0 120.0 0.0
104.0 122.0 0.0
104.0 124.0 0.0
104.0 126.0 0.0
106.0 0.0 0.0
106.0 2.0 0.0
106.0 4.0 0.0
106.0 6.0 0.0
106.0 8.0 0.0
106.0 10.0 0.0
106.0 12.0 0.0
106.0 14.0 0.0
106.0 16.0 0.0
106.0 18.0 0.0
106.0 20.0 0.0
106.0 22.0 0.0
106.0 24.0 0.0
106.0 26.0 0.0
106.0 28.0 0.0
106.0 30.0 0.0
106.0 32.0 0.0
106.0 34.0 0.0
106.0 36.0 0.02002248370263245
106.0 38.0 0.0881647346630896
106.0 40.0 0.17193423216224427
106.0 42.0 0.21154643071024448
106.0 44.0 0.21997854212699194
106.0 46.0 0.21437444385657933
106.0 48.0 0.16024550392200576
106.0 50.0 0.14366626915018357
106.0 52.0 0.11103145646886875
106.0 54.0 0.07642977711918848
106.0 56.0 0.04060010505399107
106.0 58.0 0.017183242528702035
106.0 60.0 0.014472359410657531
106.0 62.0 4.291086472121858E-4
106.0 64.0 0.0023054301360594383
106.0 66.0 0.011480638029047426
106.0 68.0 0.02064662288881657
106.0 70.0 0.050935644761734795
106.0 72.0 0.022601139273360802
106.0 74.0 0.0
106.0 76.0 0.0
106.0 78.0 0.0
106.0 80.0 0.0
106.0 82.0 0.0
106.0 84.0 0.0
106.0 86.0 0.0
106.0 88.0 0.0
106.0 90.0 0.0
106.0 92.0 0.0
106.0 94.0 0.0
106.0 96.0 0.0
106.0 98.0 0.0
106.0 100.0 0.0
106.0 102.0 0.0
106.0 104.0 0.0
106.0 106.0 0.0
106.0 108.0 0.0
106.0 110.0 0.0
106.0 112.0 0.0
106.0 114.0 0.0
106.0 116.0 0.0
106.0 118.0 0.0
106.0 120.0 0.0
106.0 122.0 0.0
106.0 124.0 0.0
106.0 126.0 0.0
108.0 0.0 0.0
108.0 2.0 0.0
108.0 4.0 0.0
108.0 6.0 0.0
108.0 8.0 0.0
108.0 10.0 0.0
108.0 12.0 0.0
108.0 14.0 0.0
108.0 16.0 0.0
108.0 18.0 0.0
108.0 20.0 0.0
108.0 22.0 0.0
108.0 24.0 0.0
108.0 26.0 0.0
108.0 28.0 0.0
108.0 30.0 0.0
108.0 32.0 0.0
108.0 34.0 0.0
108.0 36.0 0.007811862307735169
108.0 38.0 0.08982342566666728
108.0 40.0 0.16181020706526136
108.0 42.0 0.1815889837696304
108.0 44.0 0.17518026266640196
108.0 46.0 0.15447140363728423
108.0 48.0 0.11512068144177962
108.0 50.0 0.052459294291237475
108.0 52.0 0.04717131162612986
108.0 54.0 0.02185973553997601
108.0 56.0 8.372617059099382E-4
108.0 58.0 0.0
108.0 60.0 0.0
108.0 62.0 0.0
108.0 64.0 0.0
108.0 66.0 0.0
108.0 68.0 0.007011984537232504
108.0 70.0 0.059454159854367944
108.0 72.0 0.07260295400515099
108.0 74.0 0.03990753634830277
108.0 76.0 0.0
108.0 78.0 0.0
108.0 80.0 0.0
108.0 82.0 0.0
108.0 84.0 0.0
108.0 86.0 0.0
108.0 88.0 0.0
108.0 90.0 0.0
108.0 92.0 0.0
108.0 94.0 0.0
108.0 96.0 0.0
108.0 98.0 0.0
108.0 100.0 0.0
108.0 102.0 0.0
108.0 104.0 0.0
108.0 106.0 0.0
108.0 108.0 0.0
108.0 110.0 0.0
108.0 112.0 0.0
108.0 114.0 0.0
108.0 116.0 0.0
108.0 118.0 0.0
108.0 120.0 0.0
108.0 122.0 0.0
108.0 124.0 0.0
108.0 126.0 0.0
110.0 0.0 0.0
110.0 2.0 0.0
110.0 4.0 0.0
110.0 6.0 0.0
110.0 8.0 0.0
110.0 10.0 0.0
110.0 12.0 0.0
110.0 14.0 0.0
110.0 16.0 0.0
110.0 18.0 0.0
110.0 20.0 0.0
110.0 22.0 0.0
110.0 24.0 0.0
110.0 26.0 0.0
110.0 28.0 0.0
110.0 30.0 0.0
110.0 32.0 0.0
110.0 34.0 0.0
110.0 36.0 1.2459701796124583E-4
110.0 38.0 0.05806779476199645
110.0 40.0 0.13297183392808873
110.0 42.0 0.14980052976954802
110.0 44.0 0.13400060177121054
110.0 46.0 0.10134587129759183
110.0 48.0 0.04768705497760481
110.0 50.0 0.0011914785976900016
110.0 52.0 5.374490381341454E-4
110.0 54.0 0.0010238077723829845
110.0 56.0 0.0
110.0 58.0 0.0
110.0 60.0 0.0
110.0 62.0 0.0
110.0 64.0 0.0
110.0 66.0 0.0
110.0 68.0 0.0018311819678846772
110.0 70.0 0.07173095237006578
110.0 72.0 0.105008578031765
110.0 74.0 0.10416888834177403
110.0 76.0 0.0492931712217378
110.0 78.0 8.740731231208875E-4
110.0 80.0 0.0
110.0 82.0 0.0
110.0 84.0 0.02268331729389442
110.0 86.0 0.025277277844826754
110.0 88.0 0.026006135458791674
110.0 90.0 0.0019179561057466757
110.0 92.0 9.531606748354225E-5
110.0 94.0 0.0
110.0 96.0 0.0
110.0 98.0 0.0
110.0 100.0 0.0
110.0 102.0 0.0
110.0 104.0 0.0
110.0 106.0 0.0
110.0 108.0 0.0
110.0 110.0 0.0
110.0 112.0 0.0
110.0 114.0 0.0
110.0 116.0 0.0
110.0 118.0 0.0
110.0 120.0 0.0
110.0 122.0 0.0
110.0 124.0 0.0
110.0 126.0 0.0
112.0 0.0 0.0
112.0 2.0 0.0
112.0 4.0 0.0
112.0 6.0 0.0
112.0 8.0 0.0
112.0 10.0 0.0
112.0 12.0 0.0
112.0 14.0 0.0
112.0 16.0 0.0
112.0 18.0 0.0
112.0 20.0 0.0
112.0 22.0 0.0
112.0 24.0 0.0
112.0 26.0 0.0
112.0 28.0 0.0
112.0 30.0 0.0
112.0 32.0 0.0
112.0 34.0 0.0
112.0 36.0 0.0
112.0 38.0 0.04952818248048166
112.0 40.0 0.12530620498104664
112.0 42.0 0.13653934814751634
112.0 44.0 0.11155090986757676
112.0 46.0 0.06933159030660911
112.0 48.0 0.01196025748684086
112.0 50.0 0.0
112.0 52.0 0.0
112.0 54.0 0.0
112.0 56.0 0.0
112.0 58.0 0.0
112.0 60.0 0.0
112.0 62.0 0.0
112.0 64.0 0.0
112.0 66.0 0.0
112.0 68.0 0.0
112.0 70.0 0.04837504113758961
112.0 72.0 0.12416510663482022
112.0 74.0 0.13872671182387877
112.0 76.0 0.11127121328468692
112.0 78.0 0.05257611979536042
112.0 80.0 0.01206047933799583
112.0 82.0 0.015087265546388394
112.0 84.0 0.05202990119537159
112.0 86.0 0.05436138046709386
112.0 88.0 0.04648907674146998
112.0 90.0 0.03916664418249897
112.0 92.0 0.0039056818690350686
112.0 94.0 9.837510711102238E-4
112.0 96.0 0.0
112.0 98.0 0.0
112.0 100.0 0.0
112.0 102.0 0.0
112.0 104.0 0.0
112.0 106.0 0.0
112.0 108.0 0.0
112.0 110.0 0.0
112.0 112.0 0.0
112.0 114.0 0.0
112.0 116.0 0.0
112.0 118.0 0.0
112.0 120.0 0.0
112.0 122.0 0.0
112.0 124.0 0.0
112.0 126.0 0.0
114.0 0.0 0.0
114.0 2.0 0.0
114.0 4.0 0.0
114.0 6.0 0.0
114.0 8.0 0.0
114.0 10.0 0.0
114.0 12.0 0.0
114.0 14.0 0.0
114.0 16.0 0.0
114.0 18.0 0.0
114.0 20.0 0.0
114.0 22.0 0.0
114.0 24.0 0.0
114.0 26.0 0.0
114.0 28.0 0.0
114.0 30.0 0.0
114.0 32.0 0.0
114.0 34.0 0.0
114.0 36.0 0.0
114.0 38.0 0.03320282437163903
114.0 40.0 0.11160990802902475
114.0 42.0 0.12564759012415447
114.0 44.0 0.09700911343680936
114.0 46.0 0.04874311852584442
114.0 48.0 0.005156486954004743
114.0 50.0 0.0
114.0 52.0 0.0
114.0 54.0 0.0
114.0 56.0 0.0
114.0 58.0 0.0
114.0 60.0 0.0
114.0 62.0 0.0
114.0 64.0 0.0
114.0 66.0 0.0
114.0 68.0 0.007122382590698427
114.0 70.0 0.05378105268542186
114.0 72.0 0.11117499194634019
114.0 74.0 0.1418464513065466
114.0 76.0 0.1466933019656653
114.0 78.0 0.10540812925428705
114.0 80.0 0.06487609603483001
114.0 82.0 0.03940479083565443
114.0 84.0 0.0744725266893173
114.0 86.0 0.0750179192077357
114.0 88.0 0.06164197590167225
114.0 90.0 0.06039133543035915
114.0 92.0 0.013853881564255861
114.0 94.0 0.0
114.0 96.0 0.0
114.0 98.0 0.0
114.0 100.0 0.0
114.0 102.0 0.0
114.0 104.0 0.0
114.0 106.0 0.0
114.0 108.0 0.0
114.0 110.0 0.0
114.0 112.0 0.0
114.0 114.0 0.0
114.0 116.0 0.0
114.0 118.0 0.0
114.0 120.0 0.0
114.0 122.0 0.0
114.0 124.0 0.0
114.0 126.0 0.0
116.0 0.0 0.0
116.0 2.0 0.0
116.0 4.0 0.0
116.0 6.0 0.0
116.0 8.0 0.0
116.0 10.0 0.0
116.0 12.0 0.0
116.0 14.0 0.0
116.0 16.0 0.0
116.0 18.0 0.0
116.0 20.0 0.0
116.0 22.0 0.0
116.0 24.0 0.0
116.0 26.0 0.0
116.0 28.0 0.0
116.0 30.0 0.0
116.0 32.0 0.0
116.0 34.0 0.0
116.0 36.0 0.0
116.0 38.0 0.011639594014248078
116.0 40.0 0.09491923984544064
116.0 42.0 0.10969561240448698
116.0 44.0 0.08124889089742264
116.0 46.0 0.03060888035618529
116.0 48.0 0.0016305073833228466
116.0 50.0 0.0
116.0 52.0 0.0
116.0 54.0 0.0
116.0 56.0 0.0
116.0 58.0 0.0
116.0 60.0 0.0
116.0 62.0 0.0
116.0 64.0 0.0
116.0 66.0 0.0
116.0 68.0 0.009980304662809992
116.0 70.0 0.06063146267141037
116.0 72.0 0.1042139688599153
116.0 74.0 0.12930596824235754
116.0 76.0 0.14342256943356885
116.0 78.0 0.14159997068818395
116.0 80.0 0.10474695178098346
116.0 82.0 0.07057046177495647
116.0 84.0 0.09054043141304875
116.0 86.0 0.09363415706924182
116.0 88.0 0.07893880535694096
116.0 90.0 0.07605666160669855
116.0 92.0 0.030952551568245234
116.0 94.0 0.0
116.0 96.0 0.0
116.0 98.0 0.0
116.0 100.0 0.0
116.0 102.0 0.0
116.0 104.0 0.0
116.0 106.0 0.0
116.0 108.0 0.0
116.0 110.0 0.0
116.0 112.0 0.0
116.0 114.0 0.0
116.0 116.0 0.0
116.0 118.0 0.0
116.0 120.0 0.0
116.0 122.0 0.0
116.0 124.0 0.0
116.0 126.0 0.0
118.0 0.0 0.0
118.0 2.0 0.0
118.0 4.0 0.0
118.0 6.0 0.0
118.0 8.0 0.0
118.0 10.0 0.0
118.0 12.0 0.0
118.0 14.0 0.0
118.0 16.0 0.0
118.0 18.0 0.0
118.0 20.0 0.0
118.0 22.0 0.0
118.0 24.0 0.0
118.0 26.0 0.0
118.0 28.0 0.0
118.0 30.0 0.0
118.0 32.0 0.0
118.0 34.0 0.0
118.0 36.0 0.0
118.0 38.0 0.001415185188486869
118.0 40.0 0.05314730426785238
118.0 42.0 0.0868981881309722
118.0 44.0 0.0788289110427005
118.0 46.0 0.03193743451675898
118.0 48.0 0.002866860962445065
118.0 50.0 0.0
118.0 52.0 0.0
118.0 54.0 0.0
118.0 56.0 0.0
118.0 58.0 0.0
118.0 60.0 0.0
118.0 62.0 0.0
118.0 64.0 0.0
118.0 66.0 0.0
118.0 68.0 0.0023817276484363052
118.0 70.0 0.029693452856575514
118.0 72.0 0.09071338765830422
118.0 74.0 0.1261441086256824
118.0 76.0 0.14652610184574222
118.0 78.0 0.15748536049618844
118.0 80.0 0.14109158492774598
118.0 82.0 0.1123323553979478
118.0 84.0 0.10908501495404192
118.0 86.0 0.10141939407191171
118.0 88.0 0.08927273390020245
118.0 90.0 0.08547193623379684
118.0 92.0 0.052910337786682686
118.0 94.0 0.006928421123351566
118.0 96.0 0.0
118.0 98.0 0.0
118.0 100.0 0.0
118.0 102.0 0.0
118.0 104.0 0.0
118.0 106.0 0.0
118.0 108.0 0.0
118.0 110.0 0.0
118.0 112.0 0.0
118.0 114.0 0.0
118.0 116.0 0.0
118.0 118.0 0.0
118.0 120.0 0.0
118.0 122.0 0.0
118.0 124.0 0.0
118.0 126.0 0.0
120.0 0.0 0.0
120.0 2.0 0.0
120.0 4.0 0.0
120.0 6.0 0.0
120.0 8.0 0.0
120.0 10.0 0.0
120.0 12.0 0.0
120.0 14.0 0.0
120.0 16.0 0.0
120.0 18.0 0.0
120.0 20.0 0.0
120.0 22.0 0.0
120.0 24.0 0.0
120.0 26.0 0.0
120.0 28.0 0.0
120.0 30.0 0.0
120.0 32.0 0.0
120.0 34.0 0.0
120.0 36.0 0.0
120.0 38.0 0.0
120.0 40.0 9.295675951834871E-4
120.0 42.0 0.03375690267951428
120.0 44.0 0.042344414825263084
120.0 46.0 0.01597926169160215
120.0 48.0 0.0013996727175829254
120.0 50.0 0.0
120.0 52.0 0.0
120.0 54.0 0.0
120.0 56.0 0.0
120.0 58.0 0.0
120.0 60.0 0.0
120.0 62.0 0.0
120.0 64.0 0.0
120.0 66.0 0.0
120.0 68.0 8.43829677501312E-4
120.0 70.0 0.02170448170534398
120.0 72.0 0.07536436140327987
120.0 74.0 0.11597527709995346
120.0 76.0 0.14144200424931785
120.0 78.0 0.15306732876138426
120.0 80.0 0.16507982911933392
120.0 82.0 0.14703553266518696
120.0 84.0 0.1265143650993624
120.0 86.0 0.10963174125199969
120.0 88.0 0.08859210962916425
120.0 90.0 0.08164126808409704
120.0 92.0 0.06750374782319746
120.0 94.0 0.0
120.0 96.0 0.0
120.0 98.0 0.0
120.0 100.0 0.0
120.0 102.0 0.0
120.0 104.0 0.0
120.0 106.0 0.0
120.0 108.0 0.0
120.0 110.0 0.0
120.0 112.0 0.0
120.0 114.0 0.0
120.0 116.0 0.0
120.0 118.0 0.0
120.0 120.0 0.0
120.0 122.0 0.0
120.0 124.0 0.0
120.0 126.0 0.0
122.0 0.0 0.0
122.0 2.0 0.0
122.0 4.0 0.0
122.0 6.0 0.0
122.0 8.0 0.0
122.0 10.0 0.0
122.0 12.0 0.0
122.0 14.0 0.0
122.0 16.0 0.0
122.0 18.0 0.0
122.0 20.0 0.0
122.0 22.0 0.0
122.0 24.0 0.0
122.0 26.0 0.0
122.0 28.0 0.0
122.0 30.0 0.0
122.0 32.0 0.0
122.0 34.0 0.0
122.0 36.0 0.0
122.0 38.0 0.0
122.0 40.0 0.009198897634289565
122.0 42.0 0.0
122.0 44.0 4.5287274272802334E-4
122.0 46.0 0.0012189562752388194
122.0 48.0 0.0
122.0 50.0 0.0
122.0 52.0 0.0
122.0 54.0 0.0
122.0 56.0 0.0
122.0 58.0 0.0
122.0 60.0 0.0
122.0 62.0 0.0
122.0 64.0 0.0
122.0 66.0 0.0
122.0 68.0 0.0
122.0 70.0 0.013546741924736731
122.0 72.0 0.06280636232653306
122.0 74.0 0.10442195373293366
122.0 76.0 0.13201065440408236
122.0 78.0 0.14658956001101012
122.0 80.0 0.1738448416209938
122.0 82.0 0.16770057664139335
122.0 84.0 0.14622990719285806
122.0 86.0 0.1169602387010306
122.0 88.0 0.08618093598128146
122.0 90.0 0.0
122.0 92.0 0.0
122.0 94.0 0.0
122.0 96.0 0.0
122.0 98.0 0.0
122.0 100.0 0.0
122.0 102.0 0.0
122.0 104.0 0.0
122.0 106.0 0.0
122.0 108.0 0.0
122.0 110.0 0.0
122.0 112.0 0.0
122.0 114.0 0.0
122.0 116.0 0.0
122.0 118.0 0.0
122.0 120.0 0.0
122.0 122.0 0.0
122.0 124.0 0.0
122.0 126.0 0.0
124.0 0.0 0.0
124.0 2.0 0.0
124.0 4.0 0.0
124.0 6.0 0.0
124.0 8.0 0.0
124.0 10.0 0.0
124.0 12.0 0.0
124.0 14.0 0.0
124.0 16.0 0.0
124.0 18.0 0.0
124.0 20.0 0.0
124.0 22.0 0.0
124.0 24.0 0.0
124.0 26.0 0.0
124.0 28.0 0.0
124.0 30.0 0.0
124.0 32.0 0.0
124.0 34.0 0.0
124.0 36.0 0.0
124.0 38.0 0.0
124.0 40.0 0.0
124.0 42.0 0.0
124.0 44.0 0.0
124.0 46.0 0.014738776540174485
124.0 48.0 0.0
124.0 50.0 0.0
124.0 52.0 0.0
124.0 54.0 0.0
124.0 56.0 0.0
124.0 58.0 0.0
124.0 60.0 0.0
124.0 62.0 0.0
124.0 64.0 0.0
124.0 66.0 0.0
124.0 68.0 0.0
124.0 70.0 0.007877058952492445
124.0 72.0 0.051397471224876236
124.0 74.0 0.0947350867067923
124.0 76.0 0.12503450997963222
124.0 78.0 0.13582905922896701
124.0 80.0 0.16768850514596878
124.0 82.0 0.18687379230016754
124.0 84.0 0.0
124.0 86.0 0.0
124.0 88.0 0.0
124.0 90.0 0.0
124.0 92.0 0.0
124.0 94.0 0.0
124.0 96.0 0.0
124.0 98.0 0.0
124.0 100.0 0.0
124.0 102.0 0.0
124.0 104.0 0.0
124.0 106.0 0.0
124.0 108.0 0.0
124.0 110.0 0.0
124.0 112.0 0.0
124.0 114.0 0.0
124.0 116.0 0.0
124.0 118.0 0.0
124.0 120.0 0.0
124.0 122.0 0.0
124.0 124.0 0.0
124.0 126.0 0.0
126.0 0.0 0.0
126.0 2.0 0.0
126.0 4.0 0.0
126.0 6.0 0.0
126.0 8.0 0.0
126.0 10.0 0.0
126.0 12.0 0.0
126.0 14.0 0.0
126.0 16.0 0.0
126.0 18.0 0.0
126.0 20.0 0.0
126.0 22.0 0.0
126.0 24.0 0.0
126.0 26.0 0.0
126.0 28.0 0.0
126.0 30.0 0.0
126.0 32.0 0.0
126.0 34.0 0.0
126.0 36.0 0.0
126.0 38.0 0.0
126.0 40.0 0.0
126.0 42.0 0.0
126.0 44.0 0.0
126.0 46.0 0.0
126.0 48.0 0.0
126.0 50.0 0.0
126.0 52.0 0.0
126.0 54.0 0.037694844259796634
126.0 56.0 0.0
126.0 58.0 0.0
126.0 60.0 0.0
126.0 62.0 0.0
126.0 64.0 0.0
126.0 66.0 2.7204098609136745E-4
126.0 68.0 0.0070617003430664856
126.0 70.0 0.029889875816426496
126.0 72.0 0.059458255851226376
126.0 74.0 0.09738841099051702
126.0 76.0 0.0
126.0 78.0 0.0
126.0 80.0 0.0
126.0 82.0 0.0
126.0 84.0 0.0
126.0 86.0 0.0
126.0 88.0 0.0
126.0 90.0 0.0
126.0 92.0 0.0
126.0 94.0 0.0
126.0 96.0 0.0
126.0 98.0 0.0
126.0 100.0 0.0
126.0 102.0 0.0
126.0 104.0 0.0
126.0 106.0 0.0
126.0 108.0 0.0
126.0 110.0 0.0
126.0 112.0 0.0
126.0 114.0 0.0
126.0 116.0 0.0
126.0 118.0 0.0
126.0 120.0 0.0
126.0 122.0 0.0
126.0 124.0 0.0
126.0 126.0 0.0
