0.0 0.0 0.0
0.0 2.0 0.0
0.0 4.0 0.0
0.0 6.0 0.0
0.0 8.0 0.0
0.0 10.0 0.0
0.0 12.0 0.0
0.0 14.0 0.0
0.0 16.0 0.0
0.0 18.0 0.0
0.0 20.0 0.0
0.0 22.0 0.0
0.0 24.0 0.0
0.0 26.0 0.0
0.0 28.0 0.0
0.0 30.0 0.0
0.0 32.0 0.0
0.0 34.0 0.0
0.0 36.0 0.0
0.0 38.0 0.0
0.0 40.0 0.0
0.0 42.0 0.0
0.0 44.0 0.0
0.0 46.0 0.0
0.0 48.0 0.0
0.0 50.0 0.0
0.0 52.0 0.0
0.0 54.0 0.0
0.0 56.0 0.0
0.0 58.0 0.0
0.0 60.0 0.0
0.0 62.0 0.0
0.0 64.0 0.0
0.0 66.0 0.0
0.0 68.0 0.0
0.0 70.0 0.0
0.0 72.0 0.0
0.0 74.0 0.0
0.0 76.0 0.0
0.0 78.0 0.0
0.0 80.0 0.0
0.0 82.0 0.0
0.0 84.0 0.0
0.0 86.0 0.0
0.0 88.0 0.0
0.0 90.0 0.0
0.0 92.0 0.0
0.0 94.0 0.0
0.0 96.0 0.0
0.0 98.0 0.0
0.0 100.0 0.0
0.0 102.0 0.0
0.0 104.0 0.0
0.0 106.0 0.0
0.0 108.0 0.0
0.0 110.0 0.0
0.0 112.0 0.0
0.0 114.0 0.0
0.0 116.0 0.0
0.0 118.0 0.0
0.0 120.0 0.0
0.0 122.0 0.0
0.0 124.0 0.0
0.0 126.0 0.0
2.0 0.0 0.0
2.0 2.0 0.0
2.0 4.0 0.0
2.0 6.0 0.0
2.0 8.0 0.0
2.0 10.0 0.0
2.0 12.0 0.0
2.0 14.0 0.0
2.0 16.0 0.0
2.0 18.0 0.0
2.0 20.0 0.0
2.0 22.0 0.0
2.0 24.0 0.0
2.0 26.0 0.0
2.0 28.0 0.0
2.0 30.0 0.0
2.0 32.0 0.0
2.0 34.0 0.0
2.0 36.0 0.0
2.0 38.0 0.0
2.0 40.0 0.0
2.0 42.0 0.0
2.0 44.0 0.0
2.0 46.0 0.0
2.0 48.0 0.0
2.0 50.0 0.0
2.0 52.0 0.0
2.0 54.0 0.0
2.0 56.0 0.0
2.0 58.0 0.0
2.0 60.0 0.0
2.0 62.0 0.0
2.0 64.0 1.768809895745928E-5
2.0 66.0 0.026747532746236993
2.0 68.0 0.10036512158009427
2.0 70.0 0.22356105004890559
2.0 72.0 0.3433521710769827
2.0 74.0 0.4374787206206485
2.0 76.0 0.48713217155591537
2.0 78.0 0.4926201509154325
2.0 80.0 0.0
2.0 82.0 0.0
2.0 84.0 0.0
2.0 86.0 0.0
2.0 88.0 0.0
2.0 90.0 0.0
2.0 92.0 0.0
2.0 94.0 0.0
2.0 96.0 0.0
2.0 98.0 0.0
2.0 100.0 0.0
2.0 102.0 0.0
2.0 104.0 0.0
2.0 106.0 0.0
2.0 108.0 0.0
2.0 110.0 0.0
2.0 112.0 0.0
2.0 114.0 0.0
2.0 116.0 0.0
2.0 118.0 0.0
2.0 120.0 0.0
2.0 122.0 0.0
2.0 124.0 0.0
2.0 126.0 0.0
4.0 0.0 0.0
4.0 2.0 0.0
4.0 4.0 0.0
4.0 6.0 0.0
4.0 8.0 0.0
4.0 10.0 0.0
4.0 12.0 0.0
4.0 14.0 0.0
4.0 16.0 0.0
4.0 18.0 0.0
4.0 20.0 0.0
4.0 22.0 0.0
4.0 24.0 0.0
4.0 26.0 0.0
4.0 28.0 0.0
4.0 30.0 0.0
4.0 32.0 0.0
4.0 34.0 0.0
4.0 36.0 0.0
4.0 38.0 0.0
4.0 40.0 0.0
4.0 42.0 0.09818754007030639
4.0 44.0 0.0
4.0 46.0 0.0
4.0 48.0 0.0
4.0 50.0 0.0
4.0 52.0 0.0
4.0 54.0 0.0
4.0 56.0 0.0
4.0 58.0 0.0
4.0 60.0 0.0
4.0 62.0 0.0
4.0 64.0 0.009735835048925645
4.0 66.0 0.03977287837494888
4.0 68.0 0.10228666373519164
4.0 70.0 0.21799725621030852
4.0 72.0 0.338238626426922
4.0 74.0 0.4337481830803345
4.0 76.0 0.4852901117916016
4.0 78.0 0.4931206878398075
4.0 80.0 0.45273918825401904
4.0 82.0 0.40744143835985763
4.0 84.0 0.35506333282157737
4.0 86.0 0.0
4.0 88.0 0.0
4.0 90.0 0.0
4.0 92.0 0.0
4.0 94.0 0.0
4.0 96.0 0.0
4.0 98.0 0.0
4.0 100.0 0.0
4.0 102.0 0.0
4.0 104.0 0.0
4.0 106.0 0.0
4.0 108.0 0.0
4.0 110.0 0.0
4.0 112.0 0.0
4.0 114.0 0.0
4.0 116.0 0.0
4.0 118.0 0.0
4.0 120.0 0.0
4.0 122.0 0.0
4.0 124.0 0.0
4.0 126.0 0.0
6.0 0.0 0.0
6.0 2.0 0.0
6.0 4.0 0.0
6.0 6.0 0.0
6.0 8.0 0.0
6.0 10.0 0.0
6.0 12.0 0.0
6.0 14.0 0.0
6.0 16.0 0.0
6.0 18.0 0.0
6.0 20.0 0.0
6.0 22.0 0.0
6.0 24.0 0.0
6.0 26.0 0.0
6.0 28.0 0.0
6.0 30.0 0.0
6.0 32.0 0.0
6.0 34.0 0.0
6.0 36.0 0.0
6.0 38.0 0.04124941810949572
6.0 40.0 0.0
6.0 42.0 0.0
6.0 44.0 0.0
6.0 46.0 0.0
6.0 48.0 0.0
6.0 50.0 0.0
6.0 52.0 0.0
6.0 54.0 0.0
6.0 56.0 0.0
6.0 58.0 0.0
6.0 60.0 0.0
6.0 62.0 0.0
6.0 64.0 0.004780775635261138
6.0 66.0 0.03377038278455016
6.0 68.0 0.09693952708375558
6.0 70.0 0.21491522553057466
6.0 72.0 0.33006740322320055
6.0 74.0 0.4319801579441125
6.0 76.0 0.4886931237067267
6.0 78.0 0.5009052985064546
6.0 80.0 0.4690692148177438
6.0 82.0 0.4116512377028494
6.0 84.0 0.36535306639810056
6.0 86.0 0.19644702406888093
6.0 88.0 0.056727837864067245
6.0 90.0 0.0
6.0 92.0 0.0
6.0 94.0 0.0
6.0 96.0 0.0
6.0 98.0 0.0
6.0 100.0 0.0
6.0 102.0 0.0
6.0 104.0 0.0
6.0 106.0 0.0
6.0 108.0 0.0
6.0 110.0 0.0
6.0 112.0 0.0
6.0 114.0 0.0
6.0 116.0 0.0
6.0 118.0 0.0
6.0 120.0 0.0
6.0 122.0 0.0
6.0 124.0 0.0
6.0 126.0 0.0
8.0 0.0 0.0
8.0 2.0 0.0
8.0 4.0 0.0
8.0 6.0 0.0
8.0 8.0 0.0
8.0 10.0 0.0
8.0 12.0 0.0
8.0 14.0 0.0
8.0 16.0 0.0
8.0 18.0 0.0
8.0 20.0 0.0
8.0 22.0 0.0
8.0 24.0 0.0
8.0 26.0 0.0
8.0 28.0 0.0
8.0 30.0 0.0
8.0 32.0 0.0
8.0 34.0 0.0
8.0 36.0 0.0
8.0 38.0 0.0
8.0 40.0 0.0
8.0 42.0 0.0
8.0 44.0 0.0
8.0 46.0 0.0
8.0 48.0 0.0
8.0 50.0 0.0
8.0 52.0 0.0
8.0 54.0 0.0
8.0 56.0 0.0
8.0 58.0 0.0
8.0 60.0 0.0
8.0 62.0 0.0
8.0 64.0 0.0
8.0 66.0 0.026627294276369493
8.0 68.0 0.0957876964838149
8.0 70.0 0.20699753759008024
8.0 72.0 0.31189446114731373
8.0 74.0 0.4281072583175434
8.0 76.0 0.49471950564927547
8.0 78.0 0.5133134897726328
8.0 80.0 0.48138292723422477
8.0 82.0 0.40918466420776145
8.0 84.0 0.36089589203806555
8.0 86.0 0.2341970733889558
8.0 88.0 0.08860644798823313
8.0 90.0 0.0
8.0 92.0 0.0
8.0 94.0 0.0
8.0 96.0 0.0
8.0 98.0 0.0
8.0 100.0 0.0
8.0 102.0 0.0
8.0 104.0 0.0
8.0 106.0 0.0
8.0 108.0 0.0
8.0 110.0 0.0
8.0 112.0 0.0
8.0 114.0 0.0
8.0 116.0 0.0
8.0 118.0 0.0
8.0 120.0 0.0
8.0 122.0 0.0
8.0 124.0 0.0
8.0 126.0 0.0
10.0 0.0 0.0
10.0 2.0 0.0
10.0 4.0 0.0
10.0 6.0 0.0
10.0 8.0 0.0
10.0 10.0 0.0
10.0 12.0 0.0
10.0 14.0 0.0
10.0 16.0 0.0
10.0 18.0 0.0
10.0 20.0 0.0
10.0 22.0 0.0
10.0 24.0 0.0
10.0 26.0 0.0
10.0 28.0 0.0
10.0 30.0 0.0
10.0 32.0 0.0
10.0 34.0 0.0
10.0 36.0 0.0
10.0 38.0 0.0
10.0 40.0 0.0
10.0 42.0 0.0
10.0 44.0 0.0
10.0 46.0 0.0
10.0 48.0 0.0
10.0 50.0 0.0
10.0 52.0 0.0
10.0 54.0 0.0
10.0 56.0 0.0
10.0 58.0 0.0
10.0 60.0 0.0
10.0 62.0 0.0
10.0 64.0 0.0
10.0 66.0 0.022794606660260865
10.0 68.0 0.08184463441370755
10.0 70.0 0.1836642764820191
10.0 72.0 0.28453451366832133
10.0 74.0 0.41645630000835093
10.0 76.0 0.4966797801410898
10.0 78.0 0.5240735955496856
10.0 80.0 0.470101452145173
10.0 82.0 0.409548767751112
10.0 84.0 0.36336933202247906
10.0 86.0 0.26079363902663283
10.0 88.0 0.11447914266986292
10.0 90.0 0.0
10.0 92.0 0.0
10.0 94.0 0.0
10.0 96.0 0.0
10.0 98.0 0.0
10.0 100.0 0.0
10.0 102.0 0.0
10.0 104.0 0.0
10.0 106.0 0.0
10.0 108.0 0.0
10.0 110.0 0.0
10.0 112.0 0.0
10.0 114.0 0.0
10.0 116.0 0.0
10.0 118.0 0.0
10.0 120.0 0.0
10.0 122.0 0.0
10.0 124.0 0.0
10.0 126.0 0.0
12.0 0.0 0.0
12.0 2.0 0.0
12.0 4.0 0.0
12.0 6.0 0.0
12.0 8.0 0.0
12.0 10.0 0.0
12.0 12.0 0.0
12.0 14.0 0.0
12.0 16.0 0.0
12.0 18.0 0.0
12.0 20.0 0.0
12.0 22.0 0.0
12.0 24.0 0.0
12.0 26.0 0.0
12.0 28.0 0.0
12.0 30.0 0.0
12.0 32.0 0.0
12.0 34.0 0.0
12.0 36.0 0.0
12.0 38.0 0.0
12.0 40.0 0.0
12.0 42.0 0.0
12.0 44.0 0.0
12.0 46.0 0.0
12.0 48.0 0.0
12.0 50.0 0.0
12.0 52.0 0.0
12.0 54.0 0.0
12.0 56.0 0.0
12.0 58.0 0.0
12.0 60.0 0.0
12.0 62.0 0.0
12.0 64.0 0.0
12.0 66.0 0.00904793447690527
12.0 68.0 0.055890152894154194
12.0 70.0 0.1446734776664654
12.0 72.0 0.25015506342264976
12.0 74.0 0.37922973141218885
12.0 76.0 0.4705864138631893
12.0 78.0 0.509595378500786
12.0 80.0 0.4972738251884295
12.0 82.0 0.41621443964003557
12.0 84.0 0.3511754211294605
12.0 86.0 0.2706673365947977
12.0 88.0 0.11831035358864607
12.0 90.0 0.012182435867605562
12.0 92.0 0.0
12.0 94.0 0.0
12.0 96.0 0.0
12.0 98.0 0.0
12.0 100.0 0.0
12.0 102.0 0.0
12.0 104.0 0.0
12.0 106.0 0.0
12.0 108.0 0.0
12.0 110.0 0.0
12.0 112.0 0.0
12.0 114.0 0.0
12.0 116.0 0.0
12.0 118.0 0.0
12.0 120.0 0.0
12.0 122.0 0.0
12.0 124.0 0.0
12.0 126.0 0.0
14.0 0.0 0.0
14.0 2.0 0.0
14.0 4.0 0.0
14.0 6.0 0.0
14.0 8.0 0.0
14.0 10.0 0.0
14.0 12.0 0.0
14.0 14.0 0.0
14.0 16.0 0.0
14.0 18.0 0.0
14.0 20.0 0.0
14.0 22.0 0.0
14.0 24.0 0.0
14.0 26.0 0.0
14.0 28.0 0.0
14.0 30.0 0.0
14.0 32.0 5.025827949960626E-4
14.0 34.0 0.019010948159920927
14.0 36.0 0.008370698953979025
14.0 38.0 0.0
14.0 40.0 0.0
14.0 42.0 0.0
14.0 44.0 0.0
14.0 46.0 0.0
14.0 48.0 0.0
14.0 50.0 0.0
14.0 52.0 0.0
14.0 54.0 0.0
14.0 56.0 0.0
14.0 58.0 0.0
14.0 60.0 0.0
14.0 62.0 0.0
14.0 64.0 0.0
14.0 66.0 0.0
14.0 68.0 0.021756940915914614
14.0 70.0 0.09401922177990098
14.0 72.0 0.1923583001239385
14.0 74.0 0.3310032465479484
14.0 76.0 0.43481426489126235
14.0 78.0 0.48600651917783194
14.0 80.0 0.48709423945666486
14.0 82.0 0.41789929438146106
14.0 84.0 0.3482216394851166
14.0 86.0 0.2795335756119602
14.0 88.0 0.13297543112272087
14.0 90.0 0.025759154372683998
14.0 92.0 0.0
14.0 94.0 0.0
14.0 96.0 0.0
14.0 98.0 0.0
14.0 100.0 0.0
14.0 102.0 0.0
14.0 104.0 0.0
14.0 106.0 0.0
14.0 108.0 0.0
14.0 110.0 0.0
14.0 112.0 0.0
14.0 114.0 0.0
14.0 116.0 0.0
14.0 118.0 0.0
14.0 120.0 0.0
14.0 122.0 0.0
14.0 124.0 0.0
14.0 126.0 0.0
16.0 0.0 0.0
16.0 2.0 0.0
16.0 4.0 0.0
16.0 6.0 0.0
16.0 8.0 0.0
16.0 10.0 0.0
16.0 12.0 0.0
16.0 14.0 0.0
16.0 16.0 0.0
16.0 18.0 0.0
16.0 20.0 0.0
16.0 22.0 0.0
16.0 24.0 0.0
16.0 26.0 0.013995816931968693
16.0 28.0 0.08065106624599272
16.0 30.0 0.1423360270628351
16.0 32.0 0.19158641389356568
16.0 34.0 0.1814824442534501
16.0 36.0 0.1563302759268112
16.0 38.0 0.07927120847617779
16.0 40.0 0.02936154668480243
16.0 42.0 0.030096309662608938
16.0 44.0 0.019130876870767394
16.0 46.0 0.0340693501792666
16.0 48.0 0.008781137100403685
16.0 50.0 0.0
16.0 52.0 0.0
16.0 54.0 0.0
16.0 56.0 0.0
16.0 58.0 0.0
16.0 60.0 0.0
16.0 62.0 0.0
16.0 64.0 0.0
16.0 66.0 0.0
16.0 68.0 1.4672960447024356E-4
16.0 70.0 0.04072904511183926
16.0 72.0 0.1227581129050489
16.0 74.0 0.2592167373868592
16.0 76.0 0.3772246552318219
16.0 78.0 0.4452950775980062
16.0 80.0 0.4625535966076593
16.0 82.0 0.4339088134383422
16.0 84.0 0.35119017633835375
16.0 86.0 0.27353225900845485
16.0 88.0 0.14501382746040123
16.0 90.0 0.02648364503368245
16.0 92.0 0.0
16.0 94.0 0.0
16.0 96.0 0.0
16.0 98.0 0.0
16.0 100.0 0.0
16.0 102.0 0.0
16.0 104.0 0.0
16.0 106.0 0.0
16.0 108.0 0.0
16.0 110.0 0.0
16.0 112.0 0.0
16.0 114.0 0.0
16.0 116.0 0.0
16.0 118.0 0.0
16.0 120.0 0.0
16.0 122.0 0.0
16.0 124.0 0.0
16.0 126.0 0.0
18.0 0.0 0.0
18.0 2.0 0.0
18.0 4.0 0.0
18.0 6.0 0.0
18.0 8.0 0.0
18.0 10.0 0.0
18.0 12.0 0.0
18.0 14.0 0.0
18.0 16.0 0.0
18.0 18.0 0.0
18.0 20.0 0.0
18.0 22.0 0.08302021052310465
18.0 24.0 0.14849068954550756
18.0 26.0 0.18391651945553553
18.0 28.0 0.2441190568630708
18.0 30.0 0.31610647941083975
18.0 32.0 0.3524931743597404
18.0 34.0 0.3231198350519746
18.0 36.0 0.29502442985962646
18.0 38.0 0.26783963913894515
18.0 40.0 0.20352464799548334
18.0 42.0 0.17165575375901132
18.0 44.0 0.14237963359962655
18.0 46.0 0.09246645803237813
18.0 48.0 0.04379710984811087
18.0 50.0 0.006952655784216068
18.0 52.0 0.0
18.0 54.0 0.0
18.0 56.0 0.0
18.0 58.0 0.0
18.0 60.0 0.0
18.0 62.0 0.0
18.0 64.0 0.0
18.0 66.0 0.0
18.0 68.0 0.0
18.0 70.0 0.004181139013076092
18.0 72.0 0.05453447443138365
18.0 74.0 0.1867738962915103
18.0 76.0 0.31337428611719315
18.0 78.0 0.3941943406270713
18.0 80.0 0.42306199193452393
18.0 82.0 0.4073837243322484
18.0 84.0 0.346366453979309
18.0 86.0 0.2524046572226331
18.0 88.0 0.1417683432948062
18.0 90.0 0.02481204134542554
18.0 92.0 0.0
18.0 94.0 0.0
18.0 96.0 0.0
18.0 98.0 0.0
18.0 100.0 0.0
18.0 102.0 0.0
18.0 104.0 0.0
18.0 106.0 0.0
18.0 108.0 0.0
18.0 110.0 0.0
18.0 112.0 0.0
18.0 114.0 0.0
18.0 116.0 0.0
18.0 118.0 0.0
18.0 120.0 0.0
18.0 122.0 0.0
18.0 124.0 0.0
18.0 126.0 0.0
20.0 0.0 0.0
20.0 2.0 0.0
20.0 4.0 0.0
20.0 6.0 0.0
20.0 8.0 0.0
20.0 10.0 0.0
20.0 12.0 0.0
20.0 14.0 0.0
20.0 16.0 0.0
20.0 18.0 0.07494867214940253
20.0 20.0 0.22685698079492359
20.0 22.0 0.2235707432005359
20.0 24.0 0.23075719414769424
20.0 26.0 0.2560258552109418
20.0 28.0 0.33110749262372696
20.0 30.0 0.43537231352977185
20.0 32.0 0.49970798628617147
20.0 34.0 0.4296352194144528
20.0 36.0 0.3856034744856678
20.0 38.0 0.3875409255024722
20.0 40.0 0.32709561348687666
20.0 42.0 0.2750450284661137
20.0 44.0 0.24818303980872222
20.0 46.0 0.19249572278890748
20.0 48.0 0.10388234111349785
20.0 50.0 0.03717632271589416
20.0 52.0 0.0
20.0 54.0 0.0
20.0 56.0 0.0
20.0 58.0 0.0
20.0 60.0 0.0
20.0 62.0 0.0
20.0 64.0 0.0
20.0 66.0 0.0
20.0 68.0 0.0
20.0 70.0 0.0
20.0 72.0 0.004573752710986676
20.0 74.0 0.08453075401183446
20.0 76.0 0.20532035406581037
20.0 78.0 0.31122228273829244
20.0 80.0 0.3628715399187483
20.0 82.0 0.35830449690718624
20.0 84.0 0.31048214630787546
20.0 86.0 0.22547031449792285
20.0 88.0 0.12240921945571338
20.0 90.0 0.016881253524009283
20.0 92.0 0.0
20.0 94.0 0.0
20.0 96.0 0.0
20.0 98.0 0.0
20.0 100.0 0.0
20.0 102.0 0.0
20.0 104.0 0.0
20.0 106.0 0.0
20.0 108.0 0.0
20.0 110.0 0.0
20.0 112.0 0.0
20.0 114.0 0.0
20.0 116.0 0.0
20.0 118.0 0.0
20.0 120.0 0.0
20.0 122.0 0.0
20.0 124.0 0.0
20.0 126.0 0.0
22.0 0.0 0.0
22.0 2.0 0.0
22.0 4.0 0.0
22.0 6.0 0.0
22.0 8.0 0.0
22.0 10.0 0.0
22.0 12.0 0.0
22.0 14.0 0.0
22.0 16.0 0.23123712779166758
22.0 18.0 0.2913493613927463
22.0 20.0 0.25415197089137426
22.0 22.0 0.23901852096454287
22.0 24.0 0.24659664197112083
22.0 26.0 0.2822470076656704
22.0 28.0 0.34006513148309936
22.0 30.0 0.44272787930768026
22.0 32.0 0.5549072480270852
22.0 34.0 0.5158540012325719
22.0 36.0 0.4597606031665889
22.0 38.0 0.4312396542187394
22.0 40.0 0.4338545682815366
22.0 42.0 0.4020574366080379
22.0 44.0 0.3492439904765193
22.0 46.0 0.2765502230662528
22.0 48.0 0.1732917796360798
22.0 50.0 0.08786621665571247
22.0 52.0 0.007531858573561461
22.0 54.0 0.0
22.0 56.0 0.0
22.0 58.0 0.0
22.0 60.0 0.0
22.0 62.0 0.0
22.0 64.0 0.0
22.0 66.0 0.0
22.0 68.0 0.0
22.0 70.0 0.0
22.0 72.0 0.0
22.0 74.0 0.017573998502649162
22.0 76.0 0.11495876889006257
22.0 78.0 0.21266623614833557
22.0 80.0 0.2657891960025937
22.0 82.0 0.27948614490908014
22.0 84.0 0.24868468899787924
22.0 86.0 0.17786331194451163
22.0 88.0 0.08838160100952508
22.0 90.0 0.006045886601867656
22.0 92.0 0.0
22.0 94.0 0.0
22.0 96.0 0.0
22.0 98.0 0.0
22.0 100.0 0.0
22.0 102.0 0.0
22.0 104.0 0.0
22.0 106.0 0.0
22.0 108.0 0.003957419535816012
22.0 110.0 0.09068420531611694
22.0 112.0 0.0
22.0 114.0 0.0
22.0 116.0 0.0
22.0 118.0 0.0
22.0 120.0 0.0
22.0 122.0 0.0
22.0 124.0 0.0
22.0 126.0 0.0
24.0 0.0 0.0
24.0 2.0 0.0
24.0 4.0 0.0
24.0 6.0 0.0
24.0 8.0 0.0
24.0 10.0 0.0
24.0 12.0 0.0
24.0 14.0 0.35921669085754004
24.0 16.0 0.3264890503014399
24.0 18.0 0.2614317508706991
24.0 20.0 0.22848490162657206
24.0 22.0 0.21477161732568292
24.0 24.0 0.22694979847659816
24.0 26.0 0.2735283473430024
24.0 28.0 0.34502366848670657
24.0 30.0 0.4229513133399306
24.0 32.0 0.4957340152634844
24.0 34.0 0.5540224371193733
24.0 36.0 0.5221518882543406
24.0 38.0 0.49689134629107407
24.0 40.0 0.4536792365265552
24.0 42.0 0.4279273345466537
24.0 44.0 0.39929517719995916
24.0 46.0 0.33721832501785115
24.0 48.0 0.24039236767214422
24.0 50.0 0.13382543482482642
24.0 52.0 0.040212496634736174
24.0 54.0 0.0
24.0 56.0 0.0
24.0 58.0 0.0
24.0 60.0 0.0
24.0 62.0 0.0
24.0 64.0 0.0
24.0 66.0 0.0
24.0 68.0 0.0
24.0 70.0 0.0
24.0 72.0 0.0
24.0 74.0 0.0
24.0 76.0 0.012310429246679895
24.0 78.0 0.10314066234283731
24.0 80.0 0.16403188424248336
24.0 82.0 0.18224456460146118
24.0 84.0 0.1617829683120217
24.0 86.0 0.10789899771912072
24.0 88.0 0.03615907335153822
24.0 90.0 2.4762029195462003E-4
24.0 92.0 0.0
24.0 94.0 0.0
24.0 96.0 0.0
24.0 98.0 0.0
24.0 100.0 0.0
24.0 102.0 0.0
24.0 104.0 0.0
24.0 106.0 0.0
24.0 108.0 0.017605137882675155
24.0 110.0 0.1133454098412051
24.0 112.0 0.28535598390338074
24.0 114.0 0.0
24.0 116.0 0.0
24.0 118.0 0.0
24.0 120.0 0.0
24.0 122.0 0.0
24.0 124.0 0.0
24.0 126.0 0.0
26.0 0.0 0.0
26.0 2.0 0.0
26.0 4.0 0.0
26.0 6.0 0.0
26.0 8.0 0.0
26.0 10.0 0.0
26.0 12.0 0.0
26.0 14.0 0.39669839039991417
26.0 16.0 0.3000523248833678
26.0 18.0 0.21792058388626975
26.0 20.0 0.19183816982081173
26.0 22.0 0.17807222353197114
26.0 24.0 0.19129464068405433
26.0 26.0 0.23710762931445717
26.0 28.0 0.3130658545503626
26.0 30.0 0.3982638834131187
26.0 32.0 0.47765614812764867
26.0 34.0 0.5443838526311021
26.0 36.0 0.5641750801964348
26.0 38.0 0.5211374876422018
26.0 40.0 0.48068392576773583
26.0 42.0 0.45789715883419246
26.0 44.0 0.4269928331963421
26.0 46.0 0.36827012929013564
26.0 48.0 0.2773735608695062
26.0 50.0 0.16429872404742574
26.0 52.0 0.06171405758428925
26.0 54.0 9.349606788935618E-5
26.0 56.0 0.0
26.0 58.0 0.0
26.0 60.0 0.0
26.0 62.0 0.0
26.0 64.0 0.0
26.0 66.0 0.0
26.0 68.0 0.0
26.0 70.0 0.0
26.0 72.0 0.0
26.0 74.0 0.0
26.0 76.0 0.0
26.0 78.0 0.0016703062457941707
26.0 80.0 0.03606941743482025
26.0 82.0 0.06542626276343168
26.0 84.0 0.0630731000166509
26.0 86.0 0.03994652098389712
26.0 88.0 0.0064392600967067845
26.0 90.0 0.0
26.0 92.0 0.0
26.0 94.0 0.0
26.0 96.0 0.0
26.0 98.0 0.0
26.0 100.0 0.0
26.0 102.0 0.0
26.0 104.0 0.0
26.0 106.0 0.0
26.0 108.0 0.032483134953570435
26.0 110.0 0.12597611613547058
26.0 112.0 0.28472183398257206
26.0 114.0 0.39992000804927613
26.0 116.0 0.0
26.0 118.0 0.0
26.0 120.0 0.0
26.0 122.0 0.0
26.0 124.0 0.0
26.0 126.0 0.0
28.0 0.0 0.0
28.0 2.0 0.0
28.0 4.0 0.0
28.0 6.0 0.0
28.0 8.0 0.0
28.0 10.0 0.0
28.0 12.0 0.3828501602627175
28.0 14.0 0.18895924832394909
28.0 16.0 0.1341582116341782
28.0 18.0 0.11288228909691649
28.0 20.0 0.1007944557288482
28.0 22.0 0.1011309351140342
28.0 24.0 0.13032713822426187
28.0 26.0 0.19352956549575126
28.0 28.0 0.28093892721114794
28.0 30.0 0.3777031027202819
28.0 32.0 0.4650383858297562
28.0 34.0 0.5358063430838078
28.0 36.0 0.5723208876699494
28.0 38.0 0.5118249380274805
28.0 40.0 0.47760272223891076
28.0 42.0 0.4397075950273599
28.0 44.0 0.4034996891728337
28.0 46.0 0.34404069621000727
28.0 48.0 0.25374278564512215
28.0 50.0 0.16385569642365996
28.0 52.0 0.06382245828229353
28.0 54.0 0.0
28.0 56.0 0.0
28.0 58.0 0.0
28.0 60.0 0.0
28.0 62.0 0.0
28.0 64.0 0.0
28.0 66.0 0.0
28.0 68.0 0.0
28.0 70.0 0.0
28.0 72.0 0.0
28.0 74.0 0.0
28.0 76.0 0.0
28.0 78.0 0.0
28.0 80.0 0.0
28.0 82.0 0.0
28.0 84.0 8.697216495778407E-4
28.0 86.0 0.0
28.0 88.0 0.0
28.0 90.0 0.0
28.0 92.0 0.0
28.0 94.0 0.0
28.0 96.0 0.0
28.0 98.0 0.0
28.0 100.0 0.0
28.0 102.0 0.0
28.0 104.0 0.0
28.0 106.0 0.0
28.0 108.0 0.04303657134918786
28.0 110.0 0.1539703970738147
28.0 112.0 0.29451900732891645
28.0 114.0 0.41403943621805545
28.0 116.0 0.44087683718815907
28.0 118.0 0.0
28.0 120.0 0.0
28.0 122.0 0.0
28.0 124.0 0.0
28.0 126.0 0.0
30.0 0.0 0.0
30.0 2.0 0.0
30.0 4.0 0.0
30.0 6.0 0.0
30.0 8.0 0.0
30.0 10.0 0.2591913984814448
30.0 12.0 0.033459780295630875
30.0 14.0 0.010718623425202606
30.0 16.0 0.0
30.0 18.0 0.010128378854926328
30.0 20.0 0.023008547181896877
30.0 22.0 0.03821871147162076
30.0 24.0 0.06351670930736185
30.0 26.0 0.11777538600861089
30.0 28.0 0.19945963712087764
30.0 30.0 0.2876366852820263
30.0 32.0 0.3697130328971469
30.0 34.0 0.4423227263624916
30.0 36.0 0.48887650122264253
30.0 38.0 0.4850327096125356
30.0 40.0 0.4372082242387511
30.0 42.0 0.4095284068368881
30.0 44.0 0.36476004819633095
30.0 46.0 0.3060724199518859
30.0 48.0 0.24438029554329513
30.0 50.0 0.1434400978681429
30.0 52.0 0.042179821559311305
30.0 54.0 0.0
30.0 56.0 0.0
30.0 58.0 0.0
30.0 60.0 0.0
30.0 62.0 0.0
30.0 64.0 0.0
30.0 66.0 0.0
30.0 68.0 0.0
30.0 70.0 0.0
30.0 72.0 0.0
30.0 74.0 0.0
30.0 76.0 0.0
30.0 78.0 0.0
30.0 80.0 0.0
30.0 82.0 0.0
30.0 84.0 0.0
30.0 86.0 0.0
30.0 88.0 0.0
30.0 90.0 0.0
30.0 92.0 0.0
30.0 94.0 0.0
30.0 96.0 0.0
30.0 98.0 0.0
30.0 100.0 0.0
30.0 102.0 0.0
30.0 104.0 0.0
30.0 106.0 0.007520965349723766
30.0 108.0 0.0640118054717611
30.0 110.0 0.16748792249536057
30.0 112.0 0.3153521348318812
30.0 114.0 0.4202351534764912
30.0 116.0 0.43606851274944436
30.0 118.0 0.0
30.0 120.0 0.0
30.0 122.0 0.0
30.0 124.0 0.0
30.0 126.0 0.0
32.0 0.0 0.0
32.0 2.0 0.0
32.0 4.0 0.0
32.0 6.0 0.0
32.0 8.0 0.0
32.0 10.0 0.12430910662101134
32.0 12.0 0.0
32.0 14.0 0.0
32.0 16.0 0.0
32.0 18.0 0.0
32.0 20.0 0.0011800919486262475
32.0 22.0 0.0030529866660063327
32.0 24.0 0.011280820611490777
32.0 26.0 0.04142182631379522
32.0 28.0 0.1054401286938048
32.0 30.0 0.182177004932522
32.0 32.0 0.25114423359078836
32.0 34.0 0.3122367524192322
32.0 36.0 0.3594224924190661
32.0 38.0 0.35453770779646204
32.0 40.0 0.3219825748529017
32.0 42.0 0.3041974741661415
32.0 44.0 0.27999707499134524
32.0 46.0 0.2355506926673002
32.0 48.0 0.19327625336449117
32.0 50.0 0.09498646091272384
32.0 52.0 0.016516315665875102
32.0 54.0 0.0
32.0 56.0 0.0
32.0 58.0 0.0
32.0 60.0 0.0
32.0 62.0 0.0
32.0 64.0 0.0
32.0 66.0 0.0
32.0 68.0 0.0
32.0 70.0 0.0
32.0 72.0 0.0
32.0 74.0 0.0
32.0 76.0 0.0
32.0 78.0 0.0
32.0 80.0 0.0
32.0 82.0 0.0
32.0 84.0 0.0
32.0 86.0 0.0
32.0 88.0 0.0
32.0 90.0 0.0
32.0 92.0 0.0
32.0 94.0 0.0034518079240261484
32.0 96.0 0.009782244502560778
32.0 98.0 6.183163532653604E-6
32.0 100.0 0.0
32.0 102.0 0.0027629434309741734
32.0 104.0 0.020960366209739425
32.0 106.0 0.05543263019462952
32.0 108.0 0.13839948082232464
32.0 110.0 0.2152649493808255
32.0 112.0 0.34482148777232813
32.0 114.0 0.42639824266813053
32.0 116.0 0.43763157346480747
32.0 118.0 0.32201927041680306
32.0 120.0 0.0
32.0 122.0 0.0
32.0 124.0 0.0
32.0 126.0 0.0
34.0 0.0 0.0
34.0 2.0 0.0
34.0 4.0 0.0
34.0 6.0 0.0
34.0 8.0 0.03086153630315321
34.0 10.0 0.0
34.0 12.0 0.0
34.0 14.0 0.0
34.0 16.0 0.0
34.0 18.0 0.0
34.0 20.0 0.0
34.0 22.0 0.0
34.0 24.0 0.0
34.0 26.0 0.009110793733012637
34.0 28.0 0.033130623878633754
34.0 30.0 0.08627322228260088
34.0 32.0 0.12602599414337004
34.0 34.0 0.1612096321755764
34.0 36.0 0.1897196794529907
34.0 38.0 0.204735639704801
34.0 40.0 0.21604937408455735
34.0 42.0 0.21489693153836317
34.0 44.0 0.19518491201956992
34.0 46.0 0.16132707512842873
34.0 48.0 0.12866309574962195
34.0 50.0 0.05257017742040079
34.0 52.0 0.0077311684254024425
34.0 54.0 0.0
34.0 56.0 0.0
34.0 58.0 0.0
34.0 60.0 0.0
34.0 62.0 0.0
34.0 64.0 0.0
34.0 66.0 0.0
34.0 68.0 0.0
34.0 70.0 0.0
34.0 72.0 0.0
34.0 74.0 0.0
34.0 76.0 0.0
34.0 78.0 0.0
34.0 80.0 0.0
34.0 82.0 0.0
34.0 84.0 0.0
34.0 86.0 0.0
34.0 88.0 0.0
34.0 90.0 0.0
34.0 92.0 0.006120194042106256
34.0 94.0 0.02433180582537847
34.0 96.0 0.039446545603076234
34.0 98.0 0.0333190193896561
34.0 100.0 0.03639893582206691
34.0 102.0 0.06046990518842498
34.0 104.0 0.10083373269848028
34.0 106.0 0.16413960548587112
34.0 108.0 0.2154184505993828
34.0 110.0 0.30454153907350234
34.0 112.0 0.36944804429239947
34.0 114.0 0.4267559442476565
34.0 116.0 0.41278456845605666
34.0 118.0 0.22596124416883936
34.0 120.0 0.0
34.0 122.0 0.0
34.0 124.0 0.0
34.0 126.0 0.0
36.0 0.0 0.0
36.0 2.0 0.0
36.0 4.0 0.0
36.0 6.0 0.0
36.0 8.0 0.013286672431307189
36.0 10.0 0.0
36.0 12.0 0.0
36.0 14.0 0.0
36.0 16.0 0.0
36.0 18.0 0.0
36.0 20.0 0.0
36.0 22.0 0.0
36.0 24.0 0.0
36.0 26.0 0.0
36.0 28.0 0.008753420467702415
36.0 30.0 0.003641988931590704
36.0 32.0 0.008537123685713514
36.0 34.0 0.01698156869888581
36.0 36.0 0.05559062897213676
36.0 38.0 0.10515231531630187
36.0 40.0 0.1201411234546481
36.0 42.0 0.11896657666369241
36.0 44.0 0.10881088748024059
36.0 46.0 0.0909277085040171
36.0 48.0 0.06602773012941084
36.0 50.0 0.033953632849233424
36.0 52.0 2.6063170011668478E-5
36.0 54.0 2.684162385520222E-5
36.0 56.0 7.069338431778152E-4
36.0 58.0 0.0
36.0 60.0 1.689051260477004E-4
36.0 62.0 7.386267122122082E-4
36.0 64.0 2.951621998097917E-4
36.0 66.0 0.0
36.0 68.0 0.0
36.0 70.0 0.0
36.0 72.0 0.0
36.0 74.0 0.0
36.0 76.0 0.0
36.0 78.0 0.0
36.0 80.0 0.0
36.0 82.0 0.0
36.0 84.0 0.0
36.0 86.0 0.0
36.0 88.0 0.0
36.0 90.0 0.0
36.0 92.0 0.00898667858254639
36.0 94.0 0.04035847532690014
36.0 96.0 0.07583519762044412
36.0 98.0 0.10581500027173135
36.0 100.0 0.14484755336808905
36.0 102.0 0.19023059744249463
36.0 104.0 0.201914036313383
36.0 106.0 0.24178118177936
36.0 108.0 0.268130330854214
36.0 110.0 0.35849227814915635
36.0 112.0 0.40403115886031565
36.0 114.0 0.43451137734063466
36.0 116.0 0.37201825542085754
36.0 118.0 0.16145282125630628
36.0 120.0 0.007786627110949092
36.0 122.0 0.0
36.0 124.0 0.0
36.0 126.0 0.0
38.0 0.0 0.0
38.0 2.0 0.0
38.0 4.0 0.0
38.0 6.0 0.0
38.0 8.0 0.0
38.0 10.0 0.0
38.0 12.0 0.0
38.0 14.0 0.0
38.0 16.0 0.0
38.0 18.0 0.0
38.0 20.0 0.0
38.0 22.0 0.0
38.0 24.0 0.0
38.0 26.0 0.0
38.0 28.0 0.0
38.0 30.0 0.0
38.0 32.0 0.0
38.0 34.0 0.0
38.0 36.0 0.0
38.0 38.0 0.019502970831437257
38.0 40.0 0.035248790144149576
38.0 42.0 0.03425294537090147
38.0 44.0 0.030412448799973638
38.0 46.0 0.02722751443788227
38.0 48.0 0.022981213704264068
38.0 50.0 0.022514601514352226
38.0 52.0 0.0159557411817387
38.0 54.0 0.028525368527256966
38.0 56.0 0.052619626444579015
38.0 58.0 0.08002805730409418
38.0 60.0 0.11506142419403566
38.0 62.0 0.14226459388642573
38.0 64.0 0.14111556942827258
38.0 66.0 0.10600455685866439
38.0 68.0 0.039387293233194294
38.0 70.0 0.0072953123701282084
38.0 72.0 2.784456772798613E-4
38.0 74.0 0.0
38.0 76.0 0.0
38.0 78.0 0.0
38.0 80.0 0.0
38.0 82.0 0.0
38.0 84.0 0.0
38.0 86.0 0.0
38.0 88.0 0.0
38.0 90.0 0.0
38.0 92.0 0.01004084147170605
38.0 94.0 0.05373016498007193
38.0 96.0 0.10563235723369503
38.0 98.0 0.1604622950982815
38.0 100.0 0.22659902102630625
38.0 102.0 0.2381746615554047
38.0 104.0 0.27474755181722904
38.0 106.0 0.2982797017837905
38.0 108.0 0.3141035236253654
38.0 110.0 0.40164016960446464
38.0 112.0 0.42788561978754314
38.0 114.0 0.4277639701148228
38.0 116.0 0.3236532903057772
38.0 118.0 0.13715150893410358
38.0 120.0 0.0
38.0 122.0 0.0
38.0 124.0 0.0
38.0 126.0 0.0
40.0 0.0 0.0
40.0 2.0 0.0
40.0 4.0 0.0
40.0 6.0 0.0
40.0 8.0 0.0
40.0 10.0 0.0
40.0 12.0 0.0
40.0 14.0 0.0
40.0 16.0 0.0
40.0 18.0 0.0
40.0 20.0 0.0
40.0 22.0 0.0
40.0 24.0 0.0
40.0 26.0 0.0
40.0 28.0 0.0
40.0 30.0 0.0
40.0 32.0 0.0
40.0 34.0 0.0
40.0 36.0 0.0
40.0 38.0 0.0
40.0 40.0 0.0
40.0 42.0 0.0
40.0 44.0 0.0
40.0 46.0 0.002078423435402864
40.0 48.0 0.008821131126733663
40.0 50.0 0.01901254589065397
40.0 52.0 0.03616716698877986
40.0 54.0 0.05755577168755144
40.0 56.0 0.09885925210513662
40.0 58.0 0.1514994738517075
40.0 60.0 0.20558916140072317
40.0 62.0 0.2465392132332649
40.0 64.0 0.26104788935410445
40.0 66.0 0.24318303293414437
40.0 68.0 0.17758255942016873
40.0 70.0 0.08633768752395408
40.0 72.0 0.025868054203882843
40.0 74.0 0.0
40.0 76.0 0.0
40.0 78.0 0.0
40.0 80.0 0.0
40.0 82.0 0.0
40.0 84.0 0.0
40.0 86.0 0.0
40.0 88.0 0.0
40.0 90.0 0.0
40.0 92.0 0.0031963879929306975
40.0 94.0 0.04735900402310045
40.0 96.0 0.11438330845815207
40.0 98.0 0.1945698068666882
40.0 100.0 0.2870436902028612
40.0 102.0 0.2876822457760642
40.0 104.0 0.3207445901135854
40.0 106.0 0.3394080809048452
40.0 108.0 0.351431102065636
40.0 110.0 0.41762112094361464
40.0 112.0 0.4348776257214311
40.0 114.0 0.41451117819802835
40.0 116.0 0.2856674621037518
40.0 118.0 0.12240987558036986
40.0 120.0 0.0
40.0 122.0 0.0
40.0 124.0 0.0
40.0 126.0 0.0
42.0 0.0 0.0
42.0 2.0 0.0
42.0 4.0 0.0
42.0 6.0 0.0
42.0 8.0 0.0
42.0 10.0 0.0
42.0 12.0 0.0
42.0 14.0 0.0
42.0 16.0 0.0
42.0 18.0 0.0
42.0 20.0 0.0
42.0 22.0 0.0
42.0 24.0 0.0
42.0 26.0 0.0
42.0 28.0 0.0
42.0 30.0 0.0
42.0 32.0 0.0
42.0 34.0 0.0
42.0 36.0 0.0
42.0 38.0 0.0
42.0 40.0 0.0
42.0 42.0 0.0
42.0 44.0 0.0
42.0 46.0 0.0
42.0 48.0 0.0045243278326280245
42.0 50.0 0.018321740797027756
42.0 52.0 0.042436338153233416
42.0 54.0 0.07383763395537236
42.0 56.0 0.13301973832816016
42.0 58.0 0.20099264483694054
42.0 60.0 0.26393550584767794
42.0 62.0 0.3093112703720198
42.0 64.0 0.32881018280109114
42.0 66.0 0.32567245495702485
42.0 68.0 0.28630241566629455
42.0 70.0 0.19195701966581571
42.0 72.0 0.1000392596875914
42.0 74.0 0.013653857568369386
42.0 76.0 0.0
42.0 78.0 0.0
42.0 80.0 0.0
42.0 82.0 0.0
42.0 84.0 0.0
42.0 86.0 0.0
42.0 88.0 0.0
42.0 90.0 0.0
42.0 92.0 0.0
42.0 94.0 0.02049799762274007
42.0 96.0 0.09634471219458901
42.0 98.0 0.2083172212915673
42.0 100.0 0.3134879050571812
42.0 102.0 0.34966352762687225
42.0 104.0 0.3557313030686211
42.0 106.0 0.37235312692788214
42.0 108.0 0.38151767093935657
42.0 110.0 0.4097200756354648
42.0 112.0 0.43714718341604986
42.0 114.0 0.3962995935604316
42.0 116.0 0.26094062247072786
42.0 118.0 0.11601870153559664
42.0 120.0 0.0
42.0 122.0 0.0
42.0 124.0 0.0
42.0 126.0 0.0
44.0 0.0 0.0
44.0 2.0 0.0
44.0 4.0 0.0
44.0 6.0 0.0
44.0 8.0 0.0
44.0 10.0 0.0
44.0 12.0 0.0
44.0 14.0 0.0
44.0 16.0 0.0
44.0 18.0 0.0
44.0 20.0 0.0
44.0 22.0 0.0
44.0 24.0 0.0
44.0 26.0 0.0
44.0 28.0 0.0
44.0 30.0 0.0
44.0 32.0 0.0
44.0 34.0 0.0
44.0 36.0 0.0
44.0 38.0 0.0
44.0 40.0 0.0
44.0 42.0 0.0
44.0 44.0 0.0
44.0 46.0 0.0
44.0 48.0 0.0025066736745823705
44.0 50.0 0.015407687739666456
44.0 52.0 0.0429565133470764
44.0 54.0 0.0827548505996177
44.0 56.0 0.1565975182057341
44.0 58.0 0.23932624058503993
44.0 60.0 0.30825475922508866
44.0 62.0 0.3546470933995343
44.0 64.0 0.37583106653253734
44.0 66.0 0.3715110052948121
44.0 68.0 0.33795544112356873
44.0 70.0 0.2798162825636693
44.0 72.0 0.17064454046002142
44.0 74.0 0.0524092371802383
44.0 76.0 3.2749660124997535E-4
44.0 78.0 0.0
44.0 80.0 0.0
44.0 82.0 0.0
44.0 84.0 0.0
44.0 86.0 0.0
44.0 88.0 0.0
44.0 90.0 0.0
44.0 92.0 0.0
44.0 94.0 0.0
44.0 96.0 0.048433390712716844
44.0 98.0 0.17089275525412484
44.0 100.0 0.29312317358865586
44.0 102.0 0.3858278223412291
44.0 104.0 0.4002581088119494
44.0 106.0 0.3933899352624631
44.0 108.0 0.3954773309117823
44.0 110.0 0.40880309490505246
44.0 112.0 0.4308116242260087
44.0 114.0 0.38016952964948053
44.0 116.0 0.2437884950213575
44.0 118.0 0.1107643525975619
44.0 120.0 0.0
44.0 122.0 0.0
44.0 124.0 0.0
44.0 126.0 0.0
46.0 0.0 0.0
46.0 2.0 0.0
46.0 4.0 0.0
46.0 6.0 0.0
46.0 8.0 0.0
46.0 10.0 0.0
46.0 12.0 0.0
46.0 14.0 0.0
46.0 16.0 0.0
46.0 18.0 0.0
46.0 20.0 0.0
46.0 22.0 0.0
46.0 24.0 0.0
46.0 26.0 3.2883558593167745E-4
46.0 28.0 0.0
46.0 30.0 0.0
46.0 32.0 0.0
46.0 34.0 0.0
46.0 36.0 0.0
46.0 38.0 0.0
46.0 40.0 0.0
46.0 42.0 0.0
46.0 44.0 0.0
46.0 46.0 0.0
46.0 48.0 0.0011492495688117195
46.0 50.0 0.012663789945081988
46.0 52.0 0.038141894490538925
46.0 54.0 0.08701166196405404
46.0 56.0 0.17637934261997035
46.0 58.0 0.2767102050161204
46.0 60.0 0.3522773775435782
46.0 62.0 0.348830685501421
46.0 64.0 0.35360843005202197
46.0 66.0 0.35535720101216145
46.0 68.0 0.3450440930558636
46.0 70.0 0.33838213446698767
46.0 72.0 0.23542651764534797
46.0 74.0 0.08700995758326587
46.0 76.0 0.006411614412789688
46.0 78.0 0.0
46.0 80.0 0.0
46.0 82.0 0.0
46.0 84.0 0.0
46.0 86.0 0.0
46.0 88.0 0.0
46.0 90.0 0.0
46.0 92.0 0.0
46.0 94.0 0.0
46.0 96.0 0.023123359948729705
46.0 98.0 0.1145869998125389
46.0 100.0 0.24666532633488927
46.0 102.0 0.3483562941182514
46.0 104.0 0.41323373492542065
46.0 106.0 0.42876725129105214
46.0 108.0 0.41062781169692303
46.0 110.0 0.3953554343165881
46.0 112.0 0.39690698810988584
46.0 114.0 0.3588985845793149
46.0 116.0 0.2317843338960995
46.0 118.0 0.10391857449548653
46.0 120.0 0.0022164847638916187
46.0 122.0 0.0
46.0 124.0 0.0
46.0 126.0 0.0
48.0 0.0 0.0
48.0 2.0 0.0
48.0 4.0 0.0
48.0 6.0 0.0
48.0 8.0 0.0
48.0 10.0 0.0
48.0 12.0 0.0
48.0 14.0 0.051870015477512965
48.0 16.0 0.1246359260856082
48.0 18.0 0.12999863581608637
48.0 20.0 0.09388579492834152
48.0 22.0 0.03742565001444368
48.0 24.0 0.04010752998018443
48.0 26.0 0.02107065217886696
48.0 28.0 0.0011954106930406538
48.0 30.0 0.0
48.0 32.0 0.0
48.0 34.0 0.0
48.0 36.0 0.0
48.0 38.0 0.0
48.0 40.0 0.0
48.0 42.0 0.0
48.0 44.0 0.0
48.0 46.0 0.0
48.0 48.0 0.0
48.0 50.0 0.009489643820894516
48.0 52.0 0.03173398892287877
48.0 54.0 0.08911096685099103
48.0 56.0 0.194829001661924
48.0 58.0 0.2993809545316671
48.0 60.0 0.3298581875653146
48.0 62.0 0.3643967149987215
48.0 64.0 0.3818709768994548
48.0 66.0 0.38288916827013814
48.0 68.0 0.37382153043424166
48.0 70.0 0.3773299240869355
48.0 72.0 0.2738332340733752
48.0 74.0 0.10967663735088251
48.0 76.0 0.0131362080888831
48.0 78.0 0.0
48.0 80.0 0.0
48.0 82.0 0.0
48.0 84.0 0.0
48.0 86.0 0.0
48.0 88.0 0.0
48.0 90.0 0.0
48.0 92.0 0.0
48.0 94.0 0.0
48.0 96.0 0.01073608005436673
48.0 98.0 0.07367494220556582
48.0 100.0 0.19193440940241727
48.0 102.0 0.28934391994781017
48.0 104.0 0.3567568083772634
48.0 106.0 0.394197514857104
48.0 108.0 0.4012559189673202
48.0 110.0 0.38342228874109247
48.0 112.0 0.36618955803316866
48.0 114.0 0.3224818783583943
48.0 116.0 0.21330728389368683
48.0 118.0 0.09194934084171803
48.0 120.0 0.008352813801788457
48.0 122.0 0.0
48.0 124.0 0.0
48.0 126.0 0.0
50.0 0.0 0.0
50.0 2.0 0.0
50.0 4.0 0.0
50.0 6.0 0.0
50.0 8.0 0.0
50.0 10.0 0.0
50.0 12.0 0.018908589125472414
50.0 14.0 0.17417875374969957
50.0 16.0 0.24358245486490238
50.0 18.0 0.25217431566496534
50.0 20.0 0.22981408542988202
50.0 22.0 0.17328923336882163
50.0 24.0 0.11831544724922012
50.0 26.0 0.05796531514891731
50.0 28.0 0.003911202985041659
50.0 30.0 0.0
50.0 32.0 0.0
50.0 34.0 0.0
50.0 36.0 0.0
50.0 38.0 0.0
50.0 40.0 0.0
50.0 42.0 0.0
50.0 44.0 0.0
50.0 46.0 0.0
50.0 48.0 0.0
50.0 50.0 8.498646012612953E-5
50.0 52.0 0.021453581198453028
50.0 54.0 0.08827098501825853
50.0 56.0 0.21571162779080685
50.0 58.0 0.33613127065394127
50.0 60.0 0.35616639058907257
50.0 62.0 0.3798203219581713
50.0 64.0 0.39932771610471623
50.0 66.0 0.4012599596880764
50.0 68.0 0.40353706157124697
50.0 70.0 0.4147441974738921
50.0 72.0 0.2861231574454452
50.0 74.0 0.11965982485867442
50.0 76.0 0.02356619170035969
50.0 78.0 0.0
50.0 80.0 0.0
50.0 82.0 0.0
50.0 84.0 0.0
50.0 86.0 0.0
50.0 88.0 0.0
50.0 90.0 0.0
50.0 92.0 0.0
50.0 94.0 0.0
50.0 96.0 0.0
50.0 98.0 0.025903126618656114
50.0 100.0 0.0967890327803782
50.0 102.0 0.20527410248550004
50.0 104.0 0.2836524457845894
50.0 106.0 0.3305217429311456
50.0 108.0 0.355156083188318
50.0 110.0 0.3464307039296646
50.0 112.0 0.32800409737360303
50.0 114.0 0.2854875638607191
50.0 116.0 0.1890861635639668
50.0 118.0 0.07719330575153431
50.0 120.0 0.009979722155662084
50.0 122.0 0.0
50.0 124.0 0.0
50.0 126.0 0.0
52.0 0.0 0.0
52.0 2.0 0.0
52.0 4.0 0.0
52.0 6.0 0.0
52.0 8.0 0.0
52.0 10.0 0.0
52.0 12.0 0.10466895727811913
52.0 14.0 0.2445038404785569
52.0 16.0 0.31403015186294464
52.0 18.0 0.33077879908897917
52.0 20.0 0.32061655573568104
52.0 22.0 0.28019158945464395
52.0 24.0 0.19580118825733314
52.0 26.0 0.1045605571512716
52.0 28.0 0.021475219864980574
52.0 30.0 0.0
52.0 32.0 0.0
52.0 34.0 0.0
52.0 36.0 0.0
52.0 38.0 0.0
52.0 40.0 0.0
52.0 42.0 0.0
52.0 44.0 0.0
52.0 46.0 0.0
52.0 48.0 0.0
52.0 50.0 0.0
52.0 52.0 0.007892692268706755
52.0 54.0 0.08573616171203298
52.0 56.0 0.24140936634714616
52.0 58.0 0.377113958484614
52.0 60.0 0.3852909443865724
52.0 62.0 0.40673333178251
52.0 64.0 0.41927643666609254
52.0 66.0 0.4226942652667449
52.0 68.0 0.43940444810623963
52.0 70.0 0.4376860750857195
52.0 72.0 0.2954124892874501
52.0 74.0 0.12214939136688098
52.0 76.0 0.02207051363472548
52.0 78.0 0.0
52.0 80.0 0.0
52.0 82.0 0.0
52.0 84.0 0.0
52.0 86.0 0.0
52.0 88.0 0.0
52.0 90.0 0.0
52.0 92.0 0.0
52.0 94.0 0.0
52.0 96.0 0.0
52.0 98.0 0.00979524841863668
52.0 100.0 0.05288203249088506
52.0 102.0 0.1293293984118544
52.0 104.0 0.2203168130595723
52.0 106.0 0.2653219832062472
52.0 108.0 0.2998058517504191
52.0 110.0 0.2988309166967166
52.0 112.0 0.2675954560208043
52.0 114.0 0.23401677474316432
52.0 116.0 0.163349530957311
52.0 118.0 0.06470782112799688
52.0 120.0 0.008243785178693626
52.0 122.0 0.0
52.0 124.0 0.0
52.0 126.0 0.0
54.0 0.0 0.0
54.0 2.0 0.0
54.0 4.0 0.0
54.0 6.0 0.0
54.0 8.0 0.0
54.0 10.0 0.020175337208335458
54.0 12.0 0.1964010717769733
54.0 14.0 0.30699255369734013
54.0 16.0 0.3741634384099352
54.0 18.0 0.39447896644306574
54.0 20.0 0.39531358660613436
54.0 22.0 0.3567068342274809
54.0 24.0 0.2580559959029869
54.0 26.0 0.13646357850458882
54.0 28.0 0.03617499271593507
54.0 30.0 0.0
54.0 32.0 0.0
54.0 34.0 0.0
54.0 36.0 0.0
54.0 38.0 0.0
54.0 40.0 0.0
54.0 42.0 0.0
54.0 44.0 0.0
54.0 46.0 0.0
54.0 48.0 0.0
54.0 50.0 0.0
54.0 52.0 2.837649513227012E-4
54.0 54.0 0.08632112831610754
54.0 56.0 0.2639776240132983
54.0 58.0 0.39968098219469805
54.0 60.0 0.40369581182126146
54.0 62.0 0.42540281543490827
54.0 64.0 0.44563284589130947
54.0 66.0 0.44736154166048153
54.0 68.0 0.456135049527151
54.0 70.0 0.45214642886408707
54.0 72.0 0.2855224949365986
54.0 74.0 0.11187930932831826
54.0 76.0 0.019461454524039724
54.0 78.0 0.0
54.0 80.0 0.0
54.0 82.0 0.0
54.0 84.0 0.0
54.0 86.0 0.0
54.0 88.0 0.0
54.0 90.0 0.0
54.0 92.0 0.0
54.0 94.0 0.0
54.0 96.0 0.0
54.0 98.0 0.002291536962784378
54.0 100.0 0.031013712549771463
54.0 102.0 0.08109632034432328
54.0 104.0 0.15063004239378278
54.0 106.0 0.19000456171489108
54.0 108.0 0.25227375024614573
54.0 110.0 0.2812672661581106
54.0 112.0 0.2528759231950062
54.0 114.0 0.1984347562103889
54.0 116.0 0.12605275590091528
54.0 118.0 0.05282562827078393
54.0 120.0 0.003367358362233647
54.0 122.0 0.0
54.0 124.0 0.0
54.0 126.0 0.0
56.0 0.0 0.0
56.0 2.0 0.0
56.0 4.0 0.0
56.0 6.0 0.0
56.0 8.0 0.0
56.0 10.0 0.07049160391687036
56.0 12.0 0.2563722719235916
56.0 14.0 0.3386815144743783
56.0 16.0 0.39525905849860354
56.0 18.0 0.4299794307452535
56.0 20.0 0.45216436980299934
56.0 22.0 0.4069010486555016
56.0 24.0 0.30024880544371263
56.0 26.0 0.14455241053475895
56.0 28.0 0.03905029411163038
56.0 30.0 0.0
56.0 32.0 0.0
56.0 34.0 0.0
56.0 36.0 0.0
56.0 38.0 0.0
56.0 40.0 0.0
56.0 42.0 0.0
56.0 44.0 0.0
56.0 46.0 0.0
56.0 48.0 0.0
56.0 50.0 0.0
56.0 52.0 0.0010215661787158362
56.0 54.0 0.10693158325933953
56.0 56.0 0.27864446025881917
56.0 58.0 0.4061361148371789
56.0 60.0 0.41630492840283817
56.0 62.0 0.4340675664389481
56.0 64.0 0.4574694345671246
56.0 66.0 0.46143111861866354
56.0 68.0 0.5056936185171846
56.0 70.0 0.4330638056064979
56.0 72.0 0.24810164282447733
56.0 74.0 0.08547925149416291
56.0 76.0 0.010888615401309115
56.0 78.0 0.0
56.0 80.0 0.0
56.0 82.0 0.0
56.0 84.0 0.0
56.0 86.0 0.0
56.0 88.0 0.0
56.0 90.0 0.0
56.0 92.0 0.0
56.0 94.0 0.0
56.0 96.0 0.0
56.0 98.0 0.0
56.0 100.0 0.009510359067076925
56.0 102.0 0.03926253144786194
56.0 104.0 0.08730786098284045
56.0 106.0 0.15520308595822596
56.0 108.0 0.16914484279995046
56.0 110.0 0.20830072527887977
56.0 112.0 0.18465966673214976
56.0 114.0 0.1337469906321895
56.0 116.0 0.07400764684997059
56.0 118.0 0.025540639090412275
56.0 120.0 0.0070960284702294395
56.0 122.0 0.0
56.0 124.0 0.0
56.0 126.0 0.0
58.0 0.0 0.0
58.0 2.0 0.0
58.0 4.0 0.0
58.0 6.0 0.0
58.0 8.0 0.007470550987074432
58.0 10.0 0.15965908870687323
58.0 12.0 0.2972525791946868
58.0 14.0 0.3660243711237061
58.0 16.0 0.4218244418668413
58.0 18.0 0.48714605121842564
58.0 20.0 0.4941502099167228
58.0 22.0 0.43261978888801655
58.0 24.0 0.3102907964780274
58.0 26.0 0.1441341563953997
58.0 28.0 0.03425386359727814
58.0 30.0 0.0
58.0 32.0 0.0
58.0 34.0 0.0
58.0 36.0 0.0
58.0 38.0 0.0
58.0 40.0 0.0
58.0 42.0 0.0
58.0 44.0 0.0
58.0 46.0 0.0
58.0 48.0 0.0
58.0 50.0 0.0
58.0 52.0 0.011628911792524232
58.0 54.0 0.13386446681697883
58.0 56.0 0.2852732377320188
58.0 58.0 0.3885000149125917
58.0 60.0 0.46441081300563575
58.0 62.0 0.44655304687583247
58.0 64.0 0.4534411352166266
58.0 66.0 0.44879347547737375
58.0 68.0 0.43020592120098594
58.0 70.0 0.38881347028386476
58.0 72.0 0.20596315247123073
58.0 74.0 0.06392084097877763
58.0 76.0 0.0036218302100617995
58.0 78.0 0.0
58.0 80.0 0.0
58.0 82.0 0.0
58.0 84.0 0.0
58.0 86.0 0.0
58.0 88.0 0.0
58.0 90.0 0.0
58.0 92.0 0.0
58.0 94.0 0.0
58.0 96.0 0.0
58.0 98.0 0.0
58.0 100.0 0.0037243949213036282
58.0 102.0 0.021941624082333175
58.0 104.0 0.046252944284283996
58.0 106.0 0.09114762674712762
58.0 108.0 0.09656663309753118
58.0 110.0 0.12611231937587744
58.0 112.0 0.09882970374699653
58.0 114.0 0.0646440071772175
58.0 116.0 0.03709214283761145
58.0 118.0 0.025992291086711822
58.0 120.0 0.02887520118947424
58.0 122.0 0.030895436612811064
58.0 124.0 0.031569513960524195
58.0 126.0 0.07649426352940483
60.0 0.0 0.0
60.0 2.0 0.003672731550501985
60.0 4.0 0.0
60.0 6.0 0.0
60.0 8.0 0.02732586393788893
60.0 10.0 0.2104233146280395
60.0 12.0 0.33150339092080694
60.0 14.0 0.39777601006017127
60.0 16.0 0.45869616326212775
60.0 18.0 0.5235691292315027
60.0 20.0 0.5125074594671151
60.0 22.0 0.45204324752479713
60.0 24.0 0.3176531217261705
60.0 26.0 0.14057403610714736
60.0 28.0 0.02331380409062872
60.0 30.0 0.0
60.0 32.0 0.0
60.0 34.0 0.0
60.0 36.0 0.0
60.0 38.0 0.0
60.0 40.0 0.0
60.0 42.0 0.0
60.0 44.0 0.0
60.0 46.0 0.0
60.0 48.0 0.0
60.0 50.0 0.0
60.0 52.0 0.027000864604366653
60.0 54.0 0.15045839245174245
60.0 56.0 0.27316326881714265
60.0 58.0 0.3609052241820195
60.0 60.0 0.4234303256255218
60.0 62.0 0.4537271069937841
60.0 64.0 0.42420289067961453
60.0 66.0 0.401774815057504
60.0 68.0 0.3589951388029207
60.0 70.0 0.27649261211277676
60.0 72.0 0.1490316222984995
60.0 74.0 0.05164935351745012
60.0 76.0 8.076124775912968E-5
60.0 78.0 0.0
60.0 80.0 0.0
60.0 82.0 0.0
60.0 84.0 0.0
60.0 86.0 0.0
60.0 88.0 0.0
60.0 90.0 0.0
60.0 92.0 0.0
60.0 94.0 0.0
60.0 96.0 0.0
60.0 98.0 0.0
60.0 100.0 0.0
60.0 102.0 0.007134924245782278
60.0 104.0 0.020842446769821606
60.0 106.0 0.03580125480284258
60.0 108.0 0.04503832450311976
60.0 110.0 0.033089509716762285
60.0 112.0 0.033962691455515844
60.0 114.0 0.022686852015974177
60.0 116.0 0.019686155909736228
60.0 118.0 0.024291098905866393
60.0 120.0 0.04991496395324533
60.0 122.0 0.07374325669318584
60.0 124.0 0.13685812007113146
60.0 126.0 0.25484029967079186
62.0 0.0 0.0
62.0 2.0 0.08010183558196461
62.0 4.0 0.0
62.0 6.0 0.0
62.0 8.0 0.0905825872879254
62.0 10.0 0.2615321490231987
62.0 12.0 0.3603477681594947
62.0 14.0 0.42893105610669374
62.0 16.0 0.4969094506043656
62.0 18.0 0.5455328896990481
62.0 20.0 0.5216633733543744
62.0 22.0 0.4421196482346675
62.0 24.0 0.28861796662293626
62.0 26.0 0.11363981116595613
62.0 28.0 0.004467608880154074
62.0 30.0 0.0
62.0 32.0 0.0
62.0 34.0 0.0
62.0 36.0 0.0
62.0 38.0 0.0
62.0 40.0 0.0
62.0 42.0 0.0
62.0 44.0 0.0
62.0 46.0 0.0
62.0 48.0 0.0
62.0 50.0 0.0
62.0 52.0 0.0350741935311294
62.0 54.0 0.14487443432525526
62.0 56.0 0.24703982446769637
62.0 58.0 0.32178047254921055
62.0 60.0 0.37124516435441945
62.0 62.0 0.39068289737828854
62.0 64.0 0.36490516036144577
62.0 66.0 0.33983418696197615
62.0 68.0 0.29026457392879473
62.0 70.0 0.21254015618413294
62.0 72.0 0.10847911343009405
62.0 74.0 0.03810311593026515
62.0 76.0 0.0
62.0 78.0 0.0
62.0 80.0 0.0
62.0 82.0 0.0
62.0 84.0 0.0
62.0 86.0 0.0
62.0 88.0 0.0
62.0 90.0 0.0
62.0 92.0 0.0
62.0 94.0 0.0
62.0 96.0 0.0
62.0 98.0 0.0
62.0 100.0 0.0
62.0 102.0 0.0
62.0 104.0 0.001295176626012524
62.0 106.0 0.0062860295835188915
62.0 108.0 0.010014070997392285
62.0 110.0 0.006341013491064804
62.0 112.0 0.012750437233320366
62.0 114.0 0.011432311869037835
62.0 116.0 0.015175724769356127
62.0 118.0 0.025379206125154197
62.0 120.0 0.05778543188071675
62.0 122.0 0.09765230954062291
62.0 124.0 0.1950322439465856
62.0 126.0 0.35918703110549055
64.0 0.0 0.0
64.0 2.0 0.18751830007574055
64.0 4.0 0.0
64.0 6.0 0.01915408511607879
64.0 8.0 0.13286010192689124
64.0 10.0 0.29310953898640474
64.0 12.0 0.3930411995067662
64.0 14.0 0.45473815451451877
64.0 16.0 0.5184193148674032
64.0 18.0 0.5564546319272338
64.0 20.0 0.5165023340400144
64.0 22.0 0.41912728758554213
64.0 24.0 0.23871734346648135
64.0 26.0 0.08145299725641465
64.0 28.0 0.0
64.0 30.0 0.0
64.0 32.0 0.0
64.0 34.0 0.0
64.0 36.0 0.0
64.0 38.0 0.0
64.0 40.0 0.0
64.0 42.0 0.0
64.0 44.0 0.0
64.0 46.0 0.0
64.0 48.0 0.0
64.0 50.0 0.002300253760187218
64.0 52.0 0.0383594168859018
64.0 54.0 0.12937750709338072
64.0 56.0 0.2150390673902465
64.0 58.0 0.2774453821401884
64.0 60.0 0.3130769972215012
64.0 62.0 0.32050138196984695
64.0 64.0 0.29872819737886774
64.0 66.0 0.2616367325378847
64.0 68.0 0.21541268799330704
64.0 70.0 0.1554486669620605
64.0 72.0 0.07948141824898404
64.0 74.0 0.0234770024142802
64.0 76.0 0.0
64.0 78.0 0.0
64.0 80.0 0.0
64.0 82.0 0.0
64.0 84.0 0.0
64.0 86.0 0.0
64.0 88.0 0.0
64.0 90.0 0.0
64.0 92.0 0.0
64.0 94.0 0.0
64.0 96.0 0.0
64.0 98.0 0.0
64.0 100.0 0.0
64.0 102.0 0.0
64.0 104.0 0.0
64.0 106.0 0.0
64.0 108.0 0.0
64.0 110.0 0.0
64.0 112.0 9.695269105714317E-4
64.0 114.0 0.004657710221898334
64.0 116.0 0.011028726999361858
64.0 118.0 0.025741750388033304
64.0 120.0 0.06226192719050067
64.0 122.0 0.11195394416301563
64.0 124.0 0.21859724111305256
64.0 126.0 0.38493822150534757
66.0 0.0 0.0
66.0 2.0 0.22681254950750773
66.0 4.0 0.0023636318009212847
66.0 6.0 0.06255875876869278
66.0 8.0 0.169600279165283
66.0 10.0 0.3114438431084307
66.0 12.0 0.41894692394022864
66.0 14.0 0.48752836354626267
66.0 16.0 0.53882367321677
66.0 18.0 0.5451790501276254
66.0 20.0 0.494217013624362
66.0 22.0 0.376078794691407
66.0 24.0 0.18660843610475067
66.0 26.0 0.052155100434156026
66.0 28.0 0.0
66.0 30.0 0.0
66.0 32.0 0.0
66.0 34.0 0.0
66.0 36.0 0.0
66.0 38.0 0.0
66.0 40.0 0.0
66.0 42.0 0.0
66.0 44.0 0.0
66.0 46.0 0.0
66.0 48.0 0.0
66.0 50.0 0.0036592238213467004
66.0 52.0 0.0350962302475205
66.0 54.0 0.1084371111211701
66.0 56.0 0.181891200456172
66.0 58.0 0.23118208311106223
66.0 60.0 0.2526647698304828
66.0 62.0 0.2476478802662904
66.0 64.0 0.21798094526854994
66.0 66.0 0.18866996545124237
66.0 68.0 0.15328900816928467
66.0 70.0 0.11092253798733363
66.0 72.0 0.056770003953400865
66.0 74.0 0.014978354146585075
66.0 76.0 0.0
66.0 78.0 0.0
66.0 80.0 0.0
66.0 82.0 0.0
66.0 84.0 0.0
66.0 86.0 0.0
66.0 88.0 0.0
66.0 90.0 0.0
66.0 92.0 0.0
66.0 94.0 0.0
66.0 96.0 0.0
66.0 98.0 0.0
66.0 100.0 0.0
66.0 102.0 0.0
66.0 104.0 0.0
66.0 106.0 0.0
66.0 108.0 0.0
66.0 110.0 0.0
66.0 112.0 0.0
66.0 114.0 0.0
66.0 116.0 0.0032283679246671013
66.0 118.0 0.02005742652609095
66.0 120.0 0.05700909620078279
66.0 122.0 0.10939454783244797
66.0 124.0 0.21970708031418465
66.0 126.0 0.382890992057648
68.0 0.0 0.0
68.0 2.0 0.2195299821502502
68.0 4.0 0.02393531732589192
68.0 6.0 0.08839821837758206
68.0 8.0 0.18292896862469268
68.0 10.0 0.3100240817542191
68.0 12.0 0.4218726489970637
68.0 14.0 0.5213353608849706
68.0 16.0 0.5675583951279369
68.0 18.0 0.542177858759369
68.0 20.0 0.3821323878722365
68.0 22.0 0.27709655954423495
68.0 24.0 0.13355643539884335
68.0 26.0 0.028900084800440415
68.0 28.0 0.0
68.0 30.0 0.0
68.0 32.0 0.0
68.0 34.0 0.0
68.0 36.0 0.0
68.0 38.0 0.0
68.0 40.0 0.0
68.0 42.0 0.0
68.0 44.0 0.0
68.0 46.0 0.0
68.0 48.0 0.0
68.0 50.0 0.007992709107458347
68.0 52.0 0.03692167475284323
68.0 54.0 0.09421067611124319
68.0 56.0 0.15190600731585865
68.0 58.0 0.18599885547932593
68.0 60.0 0.19269927646923382
68.0 62.0 0.1746520333771859
68.0 64.0 0.14288875513778723
68.0 66.0 0.12676295076513827
68.0 68.0 0.10124650484269083
68.0 70.0 0.07073638339160288
68.0 72.0 0.03510062885586678
68.0 74.0 0.006842771536252426
68.0 76.0 0.0
68.0 78.0 0.0
68.0 80.0 0.0
68.0 82.0 0.0
68.0 84.0 0.0
68.0 86.0 0.0
68.0 88.0 0.0
68.0 90.0 0.0
68.0 92.0 0.0
68.0 94.0 0.0
68.0 96.0 0.0
68.0 98.0 0.0
68.0 100.0 0.0
68.0 102.0 0.0
68.0 104.0 0.0
68.0 106.0 0.0
68.0 108.0 0.0
68.0 110.0 0.0
68.0 112.0 0.0
68.0 114.0 0.0
68.0 116.0 0.0
68.0 118.0 0.009270972843344388
68.0 120.0 0.03429234952157271
68.0 122.0 0.08320542659291695
68.0 124.0 0.20874635867514713
68.0 126.0 0.3522068702892609
70.0 0.0 0.0
70.0 2.0 0.1873311323754859
70.0 4.0 0.043609863146618126
70.0 6.0 0.09465663277205365
70.0 8.0 0.17708006393598288
70.0 10.0 0.29168010343911593
70.0 12.0 0.4528531880722477
70.0 14.0 0.5471647956715792
70.0 16.0 0.5060789842703232
70.0 18.0 0.4317252219648448
70.0 20.0 0.3435159065596289
70.0 22.0 0.24215382179019904
70.0 24.0 0.10016008205241374
70.0 26.0 0.010288729713423069
70.0 28.0 0.0
70.0 30.0 0.0
70.0 32.0 0.0
70.0 34.0 0.0
70.0 36.0 0.0
70.0 38.0 0.0
70.0 40.0 0.0
70.0 42.0 0.0
70.0 44.0 0.0
70.0 46.0 0.0
70.0 48.0 0.0
70.0 50.0 0.015237923629258006
70.0 52.0 0.043313947851827954
70.0 54.0 0.08692444365509853
70.0 56.0 0.1294291993562042
70.0 58.0 0.14896849601064724
70.0 60.0 0.1407749627209424
70.0 62.0 0.1088106503232635
70.0 64.0 0.0807440859088269
70.0 66.0 0.07291317587058625
70.0 68.0 0.05639807474267861
70.0 70.0 0.03379193482976597
70.0 72.0 0.014906395371340172
70.0 74.0 0.005188620415230297
70.0 76.0 7.30230296969212E-4
70.0 78.0 0.0
70.0 80.0 0.0
70.0 82.0 0.0
70.0 84.0 0.0
70.0 86.0 0.0
70.0 88.0 0.0
70.0 90.0 0.0
70.0 92.0 0.0
70.0 94.0 0.0
70.0 96.0 0.0
70.0 98.0 0.0
70.0 100.0 0.0
70.0 102.0 0.0
70.0 104.0 0.0
70.0 106.0 0.0
70.0 108.0 0.0
70.0 110.0 0.0
70.0 112.0 0.0
70.0 114.0 0.0
70.0 116.0 0.0
70.0 118.0 0.0
70.0 120.0 0.010626611406915109
70.0 122.0 0.04998856420740899
70.0 124.0 0.15393741858841486
70.0 126.0 0.29135714519223793
72.0 0.0 0.0
72.0 2.0 0.14057448608595804
72.0 4.0 0.04501873450503574
72.0 6.0 0.0889093720685691
72.0 8.0 0.16005070109188865
72.0 10.0 0.27984161428960896
72.0 12.0 0.4458167798006471
72.0 14.0 0.5123063738607648
72.0 16.0 0.4362284007455146
72.0 18.0 0.36999882112459376
72.0 20.0 0.3130627015286825
72.0 22.0 0.19230453317467647
72.0 24.0 0.05836920549827132
72.0 26.0 0.0
72.0 28.0 0.0
72.0 30.0 0.0
72.0 32.0 0.0
72.0 34.0 0.0
72.0 36.0 0.0
72.0 38.0 0.0
72.0 40.0 0.0
72.0 42.0 0.0
72.0 44.0 0.0
72.0 46.0 0.0
72.0 48.0 0.005002644058619237
72.0 50.0 0.02982000097997024
72.0 52.0 0.053976086539020286
72.0 54.0 0.08992990595142318
72.0 56.0 0.11792155928716848
72.0 58.0 0.11765992364961386
72.0 60.0 0.08893672658384688
72.0 62.0 0.03992297169057886
72.0 64.0 0.030363302784182155
72.0 66.0 0.0230130049436717
72.0 68.0 0.007840514434277485
72.0 70.0 0.001989646878731244
72.0 72.0 0.0022642769349009977
72.0 74.0 0.006703702582083471
72.0 76.0 0.0087409636268972
72.0 78.0 0.008772875143682092
72.0 80.0 0.023627341533024607
72.0 82.0 0.05211117414871736
72.0 84.0 0.08588586483979747
72.0 86.0 0.10311111707104852
72.0 88.0 0.09353313807885393
72.0 90.0 0.09400167712302414
72.0 92.0 0.08927805111199462
72.0 94.0 0.07230047183886058
72.0 96.0 0.04210925964258341
72.0 98.0 0.023137850952805947
72.0 100.0 0.004289549767905683
72.0 102.0 0.0
72.0 104.0 0.0
72.0 106.0 0.0
72.0 108.0 0.0
72.0 110.0 0.0
72.0 112.0 0.0
72.0 114.0 0.0
72.0 116.0 0.0
72.0 118.0 0.0
72.0 120.0 0.0
72.0 122.0 0.010987248887068193
72.0 124.0 0.07458313779696812
72.0 126.0 0.21241233404778895
74.0 0.0 0.0
74.0 2.0 0.0750194498567374
74.0 4.0 0.038632106954188485
74.0 6.0 0.07431618405522308
74.0 8.0 0.12836912740992198
74.0 10.0 0.24644534187965125
74.0 12.0 0.37469785517548154
74.0 14.0 0.42626905677618315
74.0 16.0 0.3566737978216819
74.0 18.0 0.329150363306647
74.0 20.0 0.21203528171318053
74.0 22.0 0.10898369927407887
74.0 24.0 0.018924435263059845
74.0 26.0 0.0
74.0 28.0 0.0
74.0 30.0 0.0
74.0 32.0 0.0
74.0 34.0 0.0
74.0 36.0 0.0
74.0 38.0 0.0
74.0 40.0 0.0
74.0 42.0 0.0
74.0 44.0 0.0
74.0 46.0 0.0
74.0 48.0 0.006315340697168122
74.0 50.0 0.038919228739815445
74.0 52.0 0.08080159794787457
74.0 54.0 0.10610637238753438
74.0 56.0 0.11458775659549514
74.0 58.0 0.08649695490475096
74.0 60.0 0.033316133660471925
74.0 62.0 0.0
74.0 64.0 0.001035150698447771
74.0 66.0 0.0
74.0 68.0 0.0
74.0 70.0 0.0
74.0 72.0 0.0
74.0 74.0 0.004138837372866722
74.0 76.0 0.022421519853926722
74.0 78.0 0.05502481715344284
74.0 80.0 0.09459435529941035
74.0 82.0 0.14499487471825712
74.0 84.0 0.19232906657316726
74.0 86.0 0.22959765118976042
74.0 88.0 0.24383638137455954
74.0 90.0 0.24033494100356823
74.0 92.0 0.22355425470192603
74.0 94.0 0.19135381384495898
74.0 96.0 0.13230078860456798
74.0 98.0 0.07993364924628911
74.0 100.0 0.03476793140514709
74.0 102.0 0.0
74.0 104.0 0.0
74.0 106.0 0.0
74.0 108.0 0.0
74.0 110.0 0.0
74.0 112.0 0.0
74.0 114.0 0.0
74.0 116.0 0.0
74.0 118.0 0.0
74.0 120.0 0.0
74.0 122.0 0.0
74.0 124.0 0.004782943755848319
74.0 126.0 0.11144236798069608
76.0 0.0 0.0
76.0 2.0 0.019888462739328643
76.0 4.0 0.028069200488206335
76.0 6.0 0.04388923580009959
76.0 8.0 0.08344305137773815
76.0 10.0 0.14033462883761155
76.0 12.0 0.22864521277812835
76.0 14.0 0.2621643137596541
76.0 16.0 0.2627856327670902
76.0 18.0 0.21204733869805914
76.0 20.0 0.11722153245417981
76.0 22.0 0.03616519138714783
76.0 24.0 0.0
76.0 26.0 0.0
76.0 28.0 0.0
76.0 30.0 0.0
76.0 32.0 0.0
76.0 34.0 0.0
76.0 36.0 0.0
76.0 38.0 0.0
76.0 40.0 0.0
76.0 42.0 0.0
76.0 44.0 0.0
76.0 46.0 0.0
76.0 48.0 0.014618901931690936
76.0 50.0 0.07189270817245401
76.0 52.0 0.1215602462342608
76.0 54.0 0.13182125384231774
76.0 56.0 0.11703937581182315
76.0 58.0 0.06483319473749478
76.0 60.0 8.726057849256412E-4
76.0 62.0 0.0
76.0 64.0 0.0
76.0 66.0 0.0
76.0 68.0 0.0
76.0 70.0 0.0
76.0 72.0 0.0
76.0 74.0 8.657151626252609E-4
76.0 76.0 0.02351839204731659
76.0 78.0 0.07047681114154654
76.0 80.0 0.13552533177735857
76.0 82.0 0.19317563749713793
76.0 84.0 0.2691184729931036
76.0 86.0 0.328994326820214
76.0 88.0 0.35722603940266046
76.0 90.0 0.3620895379793585
76.0 92.0 0.34438408800521736
76.0 94.0 0.3090338251598696
76.0 96.0 0.24224719342494205
76.0 98.0 0.1633857019225813
76.0 100.0 0.07847663512199353
76.0 102.0 0.019651645985669593
76.0 104.0 0.0
76.0 106.0 0.0
76.0 108.0 0.0
76.0 110.0 0.0
76.0 112.0 0.0
76.0 114.0 0.0
76.0 116.0 0.0
76.0 118.0 0.0
76.0 120.0 0.0
76.0 122.0 0.0
76.0 124.0 0.0
76.0 126.0 0.0
78.0 0.0 0.0
78.0 2.0 0.0
78.0 4.0 0.011240228199706097
78.0 6.0 0.012726015964606258
78.0 8.0 0.013176140034799331
78.0 10.0 0.02801104041621678
78.0 12.0 0.07203275296131448
78.0 14.0 0.11517012898898314
78.0 16.0 0.12373900867715255
78.0 18.0 0.06884290758115817
78.0 20.0 0.025476305742768605
78.0 22.0 0.0
78.0 24.0 0.0
78.0 26.0 0.0
78.0 28.0 0.0
78.0 30.0 0.0
78.0 32.0 0.0
78.0 34.0 0.0
78.0 36.0 0.0
78.0 38.0 0.0
78.0 40.0 0.0
78.0 42.0 0.0
78.0 44.0 0.0
78.0 46.0 0.002246860654094683
78.0 48.0 0.046186526538098606
78.0 50.0 0.11920539615543495
78.0 52.0 0.16453836988601048
78.0 54.0 0.17326135987106692
78.0 56.0 0.13439744269180012
78.0 58.0 0.0477321206138154
78.0 60.0 0.0
78.0 62.0 0.0
78.0 64.0 0.0
78.0 66.0 0.0
78.0 68.0 0.0
78.0 70.0 0.0
78.0 72.0 0.0
78.0 74.0 0.0
78.0 76.0 0.0164250764454849
78.0 78.0 0.06588460735953218
78.0 80.0 0.14116117678608184
78.0 82.0 0.205877749320209
78.0 84.0 0.29808831965192856
78.0 86.0 0.38744259633867095
78.0 88.0 0.43391127875837365
78.0 90.0 0.44807897638377875
78.0 92.0 0.4363746520403395
78.0 94.0 0.4058383226026565
78.0 96.0 0.32354205074849735
78.0 98.0 0.23273487895589037
78.0 100.0 0.13041235657965264
78.0 102.0 0.049491790231144
78.0 104.0 0.0
78.0 106.0 0.0
78.0 108.0 0.0
78.0 110.0 0.0
78.0 112.0 0.0
78.0 114.0 0.0
78.0 116.0 0.0
78.0 118.0 0.0
78.0 120.0 0.0
78.0 122.0 0.0
78.0 124.0 0.0
78.0 126.0 0.0
80.0 0.0 0.0
80.0 2.0 0.0
80.0 4.0 0.0
80.0 6.0 0.0
80.0 8.0 0.0
80.0 10.0 0.0
80.0 12.0 0.0
80.0 14.0 0.0010464784574546898
80.0 16.0 0.0013404306676547933
80.0 18.0 0.0
80.0 20.0 0.0
80.0 22.0 0.0
80.0 24.0 0.0
80.0 26.0 0.0
80.0 28.0 0.0
80.0 30.0 0.0
80.0 32.0 0.0
80.0 34.0 0.0
80.0 36.0 0.0
80.0 38.0 0.0
80.0 40.0 0.0
80.0 42.0 0.0
80.0 44.0 0.0
80.0 46.0 0.024379442027607386
80.0 48.0 0.0972107973785345
80.0 50.0 0.18391930324710096
80.0 52.0 0.21261669965669153
80.0 54.0 0.21592795017036714
80.0 56.0 0.15081231700014147
80.0 58.0 0.0352191507605846
80.0 60.0 0.0
80.0 62.0 0.0
80.0 64.0 0.0
80.0 66.0 0.0
80.0 68.0 0.0
80.0 70.0 0.0
80.0 72.0 0.0
80.0 74.0 0.0
80.0 76.0 0.022570183724307805
80.0 78.0 0.07700801240105991
80.0 80.0 0.14494856759037125
80.0 82.0 0.23149630657194706
80.0 84.0 0.33830664193967636
80.0 86.0 0.4191052407211981
80.0 88.0 0.5000498896648302
80.0 90.0 0.5288129401973912
80.0 92.0 0.5241936580425132
80.0 94.0 0.427877350684545
80.0 96.0 0.3713843277690518
80.0 98.0 0.2982209225266657
80.0 100.0 0.1900959840866693
80.0 102.0 0.08444998564247087
80.0 104.0 0.010756994921836965
80.0 106.0 0.0
80.0 108.0 0.0
80.0 110.0 0.0
80.0 112.0 0.0
80.0 114.0 0.0
80.0 116.0 0.0
80.0 118.0 0.0
80.0 120.0 0.0
80.0 122.0 0.0
80.0 124.0 0.0
80.0 126.0 0.0
82.0 0.0 0.0
82.0 2.0 0.0
82.0 4.0 0.0
82.0 6.0 0.0
82.0 8.0 0.0
82.0 10.0 0.0
82.0 12.0 0.0
82.0 14.0 0.0
82.0 16.0 0.0
82.0 18.0 0.0
82.0 20.0 0.0
82.0 22.0 0.0
82.0 24.0 0.0
82.0 26.0 0.0
82.0 28.0 0.0
82.0 30.0 0.0
82.0 32.0 0.0
82.0 34.0 0.0
82.0 36.0 0.0
82.0 38.0 0.0
82.0 40.0 0.0
82.0 42.0 0.0
82.0 44.0 0.01250196487791669
82.0 46.0 0.08664151002757682
82.0 48.0 0.1753562087674969
82.0 50.0 0.24098760616321527
82.0 52.0 0.27529553388005984
82.0 54.0 0.25418721265507854
82.0 56.0 0.16343829185696312
82.0 58.0 0.038841777412812264
82.0 60.0 0.0
82.0 62.0 0.0
82.0 64.0 0.0
82.0 66.0 0.0
82.0 68.0 0.0
82.0 70.0 0.0
82.0 72.0 0.0
82.0 74.0 0.0
82.0 76.0 0.013346667061362734
82.0 78.0 0.05766379403144963
82.0 80.0 0.13008368297894365
82.0 82.0 0.22719033737084493
82.0 84.0 0.31103828427839714
82.0 86.0 0.4009810273445705
82.0 88.0 0.5088458811678634
82.0 90.0 0.5534258683842247
82.0 92.0 0.555712834240318
82.0 94.0 0.4552420834121547
82.0 96.0 0.41154366387617886
82.0 98.0 0.34988494082684324
82.0 100.0 0.250396349496177
82.0 102.0 0.12626556189998808
82.0 104.0 0.037290530794695666
82.0 106.0 0.0
82.0 108.0 0.0
82.0 110.0 0.0
82.0 112.0 0.0
82.0 114.0 0.0
82.0 116.0 0.0
82.0 118.0 0.0
82.0 120.0 0.0
82.0 122.0 0.0
82.0 124.0 0.0
82.0 126.0 0.0
84.0 0.0 0.0
84.0 2.0 0.0
84.0 4.0 0.0
84.0 6.0 0.0
84.0 8.0 0.0
84.0 10.0 0.0
84.0 12.0 0.0
84.0 14.0 0.0
84.0 16.0 0.0
84.0 18.0 0.0
84.0 20.0 0.0
84.0 22.0 0.0
84.0 24.0 0.0
84.0 26.0 0.0
84.0 28.0 0.0022750688007276785
84.0 30.0 0.016790748077341027
84.0 32.0 0.026403817067112537
84.0 34.0 0.01046406480088772
84.0 36.0 0.0011500354843066664
84.0 38.0 0.0
84.0 40.0 0.006381737341664768
84.0 42.0 0.04952006692143829
84.0 44.0 0.09183976252570746
84.0 46.0 0.14467597462441026
84.0 48.0 0.237701707593156
84.0 50.0 0.2841673154658636
84.0 52.0 0.30557886631689785
84.0 54.0 0.26655393211052913
84.0 56.0 0.15020796105100587
84.0 58.0 0.03478368764186168
84.0 60.0 0.0
84.0 62.0 0.0
84.0 64.0 0.0
84.0 66.0 0.0
84.0 68.0 0.0
84.0 70.0 0.0
84.0 72.0 0.0
84.0 74.0 0.0
84.0 76.0 6.349692423116781E-5
84.0 78.0 0.031163667189255576
84.0 80.0 0.09383687157634514
84.0 82.0 0.17592053571643582
84.0 84.0 0.2510539173958945
84.0 86.0 0.3387778857789936
84.0 88.0 0.4237983124603142
84.0 90.0 0.48120514990628
84.0 92.0 0.5035512037010181
84.0 94.0 0.49991401214599085
84.0 96.0 0.41707430716489186
84.0 98.0 0.3700065425064911
84.0 100.0 0.29861077519329676
84.0 102.0 0.17646773593816986
84.0 104.0 0.0720532243703728
84.0 106.0 0.0
84.0 108.0 0.0
84.0 110.0 0.0
84.0 112.0 0.0
84.0 114.0 0.0
84.0 116.0 0.0
84.0 118.0 0.0
84.0 120.0 0.0
84.0 122.0 0.0
84.0 124.0 0.0
84.0 126.0 0.0
86.0 0.0 0.0
86.0 2.0 0.0
86.0 4.0 0.0
86.0 6.0 0.0
86.0 8.0 0.0
86.0 10.0 0.0
86.0 12.0 0.0
86.0 14.0 0.0
86.0 16.0 0.0
86.0 18.0 0.0
86.0 20.0 0.0
86.0 22.0 0.0
86.0 24.0 0.0
86.0 26.0 0.012266849004714407
86.0 28.0 0.031212691991171087
86.0 30.0 0.08307419545348389
86.0 32.0 0.14217830447816024
86.0 34.0 0.14405448163423118
86.0 36.0 0.1114654033590522
86.0 38.0 0.11400657478066566
86.0 40.0 0.11699100589146076
86.0 42.0 0.1220627618450668
86.0 44.0 0.14283117350930324
86.0 46.0 0.18694085903440705
86.0 48.0 0.2788180636918884
86.0 50.0 0.30284037176385564
86.0 52.0 0.29426140172716897
86.0 54.0 0.23815754891229554
86.0 56.0 0.1205446523437194
86.0 58.0 0.02711191925307392
86.0 60.0 0.0
86.0 62.0 0.0
86.0 64.0 0.0
86.0 66.0 0.0
86.0 68.0 0.0
86.0 70.0 0.0
86.0 72.0 0.0
86.0 74.0 0.0
86.0 76.0 0.0
86.0 78.0 0.0041522912251401225
86.0 80.0 0.04032853570903654
86.0 82.0 0.1065059649134419
86.0 84.0 0.15924861625196346
86.0 86.0 0.23419144816355522
86.0 88.0 0.30616360483330823
86.0 90.0 0.36487282893187273
86.0 92.0 0.3911242430241529
86.0 94.0 0.4181226221126688
86.0 96.0 0.42348604949107044
86.0 98.0 0.39796161041849726
86.0 100.0 0.3360048217261388
86.0 102.0 0.23327505844599253
86.0 104.0 0.10870052754787363
86.0 106.0 0.017292491571603768
86.0 108.0 0.0
86.0 110.0 0.0
86.0 112.0 0.0
86.0 114.0 0.0
86.0 116.0 0.0
86.0 118.0 0.0
86.0 120.0 0.0
86.0 122.0 0.0
86.0 124.0 0.0
86.0 126.0 0.0
88.0 0.0 0.0
88.0 2.0 0.0
88.0 4.0 0.0
88.0 6.0 0.0
88.0 8.0 0.0
88.0 10.0 0.0
88.0 12.0 0.0
88.0 14.0 0.0
88.0 16.0 0.0
88.0 18.0 0.0
88.0 20.0 0.0
88.0 22.0 0.0
88.0 24.0 0.013375034423880642
88.0 26.0 0.0468653633782661
88.0 28.0 0.10179430412731022
88.0 30.0 0.1802855006105704
88.0 32.0 0.2514782722364066
88.0 34.0 0.28590902562452314
88.0 36.0 0.279415215020486
88.0 38.0 0.2488837052848376
88.0 40.0 0.20800105940353822
88.0 42.0 0.1829647696716085
88.0 44.0 0.19458340088588355
88.0 46.0 0.24391023579939433
88.0 48.0 0.2681703414429997
88.0 50.0 0.26409258305143124
88.0 52.0 0.2500104459829417
88.0 54.0 0.17583541771495356
88.0 56.0 0.08194227225888003
88.0 58.0 0.012813150505957311
88.0 60.0 0.0
88.0 62.0 0.0
88.0 64.0 0.0
88.0 66.0 0.0
88.0 68.0 0.0
88.0 70.0 0.0
88.0 72.0 0.0
88.0 74.0 0.0
88.0 76.0 0.0
88.0 78.0 2.0476829885903035E-4
88.0 80.0 0.01583709218815332
88.0 82.0 0.026690069235391342
88.0 84.0 0.04248545108055804
88.0 86.0 0.08149562548647826
88.0 88.0 0.15320456382746395
88.0 90.0 0.21398754717584542
88.0 92.0 0.25824395142577117
88.0 94.0 0.2946267709326928
88.0 96.0 0.31910653952820317
88.0 98.0 0.34218326260148696
88.0 100.0 0.378008851710604
88.0 102.0 0.2932992303008977
88.0 104.0 0.1504957823063314
88.0 106.0 0.04566523176832198
88.0 108.0 0.0
88.0 110.0 0.0
88.0 112.0 0.0
88.0 114.0 0.0
88.0 116.0 0.0
88.0 118.0 0.0
88.0 120.0 0.0
88.0 122.0 0.0
88.0 124.0 0.0
88.0 126.0 0.0
90.0 0.0 0.0
90.0 2.0 0.0
90.0 4.0 0.0
90.0 6.0 0.0
90.0 8.0 0.0
90.0 10.0 0.0
90.0 12.0 0.0
90.0 14.0 0.0
90.0 16.0 0.0
90.0 18.0 0.0
90.0 20.0 0.0
90.0 22.0 0.003383920223266213
90.0 24.0 0.030492044716827427
90.0 26.0 0.08774121997212052
90.0 28.0 0.16762853493052368
90.0 30.0 0.24448828919935117
90.0 32.0 0.3066533819358002
90.0 34.0 0.345066490521493
90.0 36.0 0.3610263411709535
90.0 38.0 0.3472421161753574
90.0 40.0 0.3166137897743873
90.0 42.0 0.2823305602828375
90.0 44.0 0.24597139687959338
90.0 46.0 0.22037142048098887
90.0 48.0 0.20445612648648556
90.0 50.0 0.18138467998677163
90.0 52.0 0.1393052598848302
90.0 54.0 0.08928690657554629
90.0 56.0 0.04003509784376217
90.0 58.0 0.0
90.0 60.0 0.0
90.0 62.0 0.0
90.0 64.0 0.0
90.0 66.0 0.0
90.0 68.0 0.0
90.0 70.0 0.0
90.0 72.0 0.0
90.0 74.0 0.0
90.0 76.0 0.0
90.0 78.0 0.0
90.0 80.0 0.0038616607923557433
90.0 82.0 0.0
90.0 84.0 0.0
90.0 86.0 0.0
90.0 88.0 0.015465633962910064
90.0 90.0 0.0813029421224765
90.0 92.0 0.1624516487624925
90.0 94.0 0.21893729449131208
90.0 96.0 0.2596664603177329
90.0 98.0 0.3408748258039577
90.0 100.0 0.3624767150313329
90.0 102.0 0.3298299867712594
90.0 104.0 0.20477643941563772
90.0 106.0 0.08506698587794892
90.0 108.0 0.004433959257378172
90.0 110.0 0.0
90.0 112.0 0.0
90.0 114.0 0.0
90.0 116.0 0.0
90.0 118.0 0.0
90.0 120.0 0.0
90.0 122.0 0.0
90.0 124.0 0.0
90.0 126.0 0.0
92.0 0.0 0.0
92.0 2.0 0.0
92.0 4.0 0.0
92.0 6.0 0.0
92.0 8.0 0.0
92.0 10.0 0.0
92.0 12.0 0.0
92.0 14.0 0.0
92.0 16.0 0.0
92.0 18.0 0.0
92.0 20.0 0.0
92.0 22.0 0.01029583535124183
92.0 24.0 0.05041731181474971
92.0 26.0 0.12441569669558662
92.0 28.0 0.2057642038027194
92.0 30.0 0.28407494746354
92.0 32.0 0.34554992954888425
92.0 34.0 0.3827796884551434
92.0 36.0 0.4140910396409107
92.0 38.0 0.41889567474695505
92.0 40.0 0.38127876050246895
92.0 42.0 0.32753839482950275
92.0 44.0 0.2608236386408309
92.0 46.0 0.19059664818057862
92.0 48.0 0.13481592994112454
92.0 50.0 0.09720025646813568
92.0 52.0 0.062289220415160836
92.0 54.0 0.02675101695375264
92.0 56.0 0.0017779474808363703
92.0 58.0 0.0
92.0 60.0 0.0
92.0 62.0 0.0
92.0 64.0 0.0
92.0 66.0 0.0
92.0 68.0 0.0
92.0 70.0 0.0
92.0 72.0 0.0
92.0 74.0 0.0
92.0 76.0 0.0
92.0 78.0 0.0
92.0 80.0 0.0
92.0 82.0 0.0
92.0 84.0 0.0
92.0 86.0 0.0
92.0 88.0 0.0
92.0 90.0 0.0019646437903046844
92.0 92.0 0.07219532199788194
92.0 94.0 0.14926615779400212
92.0 96.0 0.19980825848651165
92.0 98.0 0.25999827384204743
92.0 100.0 0.3331797626342353
92.0 102.0 0.33039651085158944
92.0 104.0 0.2683354391194153
92.0 106.0 0.1256040122297322
92.0 108.0 0.033643477096308945
92.0 110.0 0.0
92.0 112.0 0.0
92.0 114.0 0.0
92.0 116.0 0.0
92.0 118.0 0.0
92.0 120.0 0.0
92.0 122.0 0.0
92.0 124.0 0.0
92.0 126.0 0.0
94.0 0.0 0.0
94.0 2.0 0.0
94.0 4.0 0.0
94.0 6.0 0.0
94.0 8.0 0.0
94.0 10.0 0.0
94.0 12.0 0.0
94.0 14.0 0.0
94.0 16.0 0.0
94.0 18.0 0.0
94.0 20.0 0.0
94.0 22.0 0.012881985468055778
94.0 24.0 0.06968701367407977
94.0 26.0 0.14774565104362108
94.0 28.0 0.2288409962485315
94.0 30.0 0.3203550463795972
94.0 32.0 0.37479757247654194
94.0 34.0 0.40613183820774473
94.0 36.0 0.45151140744595203
94.0 38.0 0.46513610920253307
94.0 40.0 0.4251272753837247
94.0 42.0 0.35304612190490103
94.0 44.0 0.24046686789547925
94.0 46.0 0.14499097894708135
94.0 48.0 0.07779943217661424
94.0 50.0 0.025418229484683644
94.0 52.0 0.005961782161723619
94.0 54.0 0.0
94.0 56.0 0.0
94.0 58.0 0.0
94.0 60.0 0.0
94.0 62.0 0.0
94.0 64.0 0.0
94.0 66.0 0.0
94.0 68.0 0.0
94.0 70.0 0.0
94.0 72.0 0.0
94.0 74.0 0.0
94.0 76.0 0.0
94.0 78.0 0.0
94.0 80.0 0.0
94.0 82.0 0.0
94.0 84.0 0.0
94.0 86.0 0.0
94.0 88.0 0.0
94.0 90.0 0.0
94.0 92.0 0.013811622587427783
94.0 94.0 0.07100076500823449
94.0 96.0 0.14003373124247023
94.0 98.0 0.20732596202558332
94.0 100.0 0.28549699221210956
94.0 102.0 0.3076279280388579
94.0 104.0 0.2959224928512765
94.0 106.0 0.19886845327027905
94.0 108.0 0.07594134889037413
94.0 110.0 0.0168978721374189
94.0 112.0 0.0
94.0 114.0 0.0
94.0 116.0 0.0
94.0 118.0 0.0
94.0 120.0 0.0
94.0 122.0 0.0
94.0 124.0 0.0
94.0 126.0 0.0
96.0 0.0 0.0
96.0 2.0 0.0
96.0 4.0 0.0
96.0 6.0 0.0
96.0 8.0 0.0
96.0 10.0 0.0
96.0 12.0 0.0
96.0 14.0 0.0
96.0 16.0 0.0
96.0 18.0 0.0
96.0 20.0 0.0
96.0 22.0 0.010760408025169818
96.0 24.0 0.07118193018867308
96.0 26.0 0.16065641692816612
96.0 28.0 0.24881117796192675
96.0 30.0 0.3219973062232559
96.0 32.0 0.37236919115850015
96.0 34.0 0.4051135462282882
96.0 36.0 0.4757826111553945
96.0 38.0 0.48196654797943017
96.0 40.0 0.4316474432283009
96.0 42.0 0.31923253902620896
96.0 44.0 0.18260955704931492
96.0 46.0 0.08448167685236696
96.0 48.0 0.012982881074549396
96.0 50.0 0.0
96.0 52.0 0.0
96.0 54.0 0.0
96.0 56.0 0.0
96.0 58.0 0.0
96.0 60.0 0.0
96.0 62.0 0.0
96.0 64.0 0.0
96.0 66.0 0.0
96.0 68.0 0.0
96.0 70.0 0.0
96.0 72.0 0.0
96.0 74.0 0.0
96.0 76.0 0.0
96.0 78.0 0.0
96.0 80.0 0.0
96.0 82.0 0.0
96.0 84.0 0.0
96.0 86.0 0.0
96.0 88.0 0.0
96.0 90.0 0.0
96.0 92.0 0.0
96.0 94.0 0.02474066375308953
96.0 96.0 0.0775104971783739
96.0 98.0 0.1491169505998412
96.0 100.0 0.23129925991462905
96.0 102.0 0.27879962965246524
96.0 104.0 0.2919738310882029
96.0 106.0 0.25752754083252855
96.0 108.0 0.17735660319915228
96.0 110.0 0.07509872345842374
96.0 112.0 0.02516308458379792
96.0 114.0 6.569184044388448E-4
96.0 116.0 0.0
96.0 118.0 0.0
96.0 120.0 0.0
96.0 122.0 0.0
96.0 124.0 0.0
96.0 126.0 0.0
98.0 0.0 0.0
98.0 2.0 0.0
98.0 4.0 0.0
98.0 6.0 0.0
98.0 8.0 0.0
98.0 10.0 0.0
98.0 12.0 0.0
98.0 14.0 0.0
98.0 16.0 0.0
98.0 18.0 0.0
98.0 20.0 0.0
98.0 22.0 0.014831313919985904
98.0 24.0 0.08680909488702414
98.0 26.0 0.17953911502319775
98.0 28.0 0.26825611462102134
98.0 30.0 0.3391402066309248
98.0 32.0 0.3841592219472159
98.0 34.0 0.4079856914201623
98.0 36.0 0.47088070047150205
98.0 38.0 0.4745352152910008
98.0 40.0 0.4000220324783817
98.0 42.0 0.24753496385301565
98.0 44.0 0.1177034240011603
98.0 46.0 0.024241688041858667
98.0 48.0 0.0
98.0 50.0 0.0
98.0 52.0 0.0
98.0 54.0 0.0
98.0 56.0 0.0
98.0 58.0 0.0
98.0 60.0 0.0
98.0 62.0 0.0
98.0 64.0 0.0
98.0 66.0 0.0
98.0 68.0 0.0
98.0 70.0 0.0
98.0 72.0 0.0
98.0 74.0 0.0
98.0 76.0 0.0
98.0 78.0 0.0
98.0 80.0 0.0
98.0 82.0 0.0
98.0 84.0 0.0
98.0 86.0 0.0
98.0 88.0 0.0
98.0 90.0 0.0
98.0 92.0 0.0
98.0 94.0 0.014740548994783673
98.0 96.0 0.060089907172102996
98.0 98.0 0.13228065834248495
98.0 100.0 0.1989938230278141
98.0 102.0 0.2430280562653475
98.0 104.0 0.28629315644058984
98.0 106.0 0.291127356648146
98.0 108.0 0.25097373033713327
98.0 110.0 0.18191962119481753
98.0 112.0 0.13832069060421637
98.0 114.0 0.08651417875430012
98.0 116.0 0.026867530316610544
98.0 118.0 0.0
98.0 120.0 0.0
98.0 122.0 0.0
98.0 124.0 0.0
98.0 126.0 0.0
100.0 0.0 0.0
100.0 2.0 0.0
100.0 4.0 0.0
100.0 6.0 0.0
100.0 8.0 0.0
100.0 10.0 0.0
100.0 12.0 0.0
100.0 14.0 0.0
100.0 16.0 0.0
100.0 18.0 0.0
100.0 20.0 0.0
100.0 22.0 0.030200227965034337
100.0 24.0 0.12485205633957423
100.0 26.0 0.2229674391967887
100.0 28.0 0.30502716282342707
100.0 30.0 0.3754044655313537
100.0 32.0 0.39502273369960883
100.0 34.0 0.4357334700345836
100.0 36.0 0.45067901084969925
100.0 38.0 0.4347150609207002
100.0 40.0 0.33257634230425526
100.0 42.0 0.16903245348971332
100.0 44.0 0.05427468059913936
100.0 46.0 0.0
100.0 48.0 0.0
100.0 50.0 0.0
100.0 52.0 0.0
100.0 54.0 0.0
100.0 56.0 0.0
100.0 58.0 0.0
100.0 60.0 0.0
100.0 62.0 0.0
100.0 64.0 0.0
100.0 66.0 0.0
100.0 68.0 0.0
100.0 70.0 0.0
100.0 72.0 0.0
100.0 74.0 0.0
100.0 76.0 0.0
100.0 78.0 0.0
100.0 80.0 0.0
100.0 82.0 0.0
100.0 84.0 0.0
100.0 86.0 0.0
100.0 88.0 0.0
100.0 90.0 0.0
100.0 92.0 0.0
100.0 94.0 0.013856390938349415
100.0 96.0 0.04598363656636789
100.0 98.0 0.09676119085016079
100.0 100.0 0.16997262061194215
100.0 102.0 0.2199064910688533
100.0 104.0 0.2571942673694184
100.0 106.0 0.3157810267862688
100.0 108.0 0.3104250602614283
100.0 110.0 0.26358756489469504
100.0 112.0 0.23929363081152913
100.0 114.0 0.1998284309127901
100.0 116.0 0.0
100.0 118.0 0.0
100.0 120.0 0.0
100.0 122.0 0.0
100.0 124.0 0.0
100.0 126.0 0.0
102.0 0.0 0.0
102.0 2.0 0.0
102.0 4.0 0.0
102.0 6.0 0.0
102.0 8.0 0.0
102.0 10.0 0.0
102.0 12.0 0.0
102.0 14.0 0.022035110505291878
102.0 16.0 0.0
102.0 18.0 0.0
102.0 20.0 0.0
102.0 22.0 0.03324434000255344
102.0 24.0 0.1308658730999821
102.0 26.0 0.23353527213105982
102.0 28.0 0.3204995917491779
102.0 30.0 0.37652386154746026
102.0 32.0 0.3811232262003594
102.0 34.0 0.38348161020258137
102.0 36.0 0.43570507762594035
102.0 38.0 0.3731950057189987
102.0 40.0 0.23653224333005143
102.0 42.0 0.09541314228572008
102.0 44.0 0.0035911653959250834
102.0 46.0 0.0
102.0 48.0 0.0
102.0 50.0 0.0
102.0 52.0 0.0
102.0 54.0 0.0
102.0 56.0 0.0
102.0 58.0 0.0
102.0 60.0 0.0
102.0 62.0 0.0
102.0 64.0 0.0
102.0 66.0 0.0
102.0 68.0 0.0
102.0 70.0 0.009112142572926205
102.0 72.0 0.002502867815959715
102.0 74.0 0.0
102.0 76.0 0.0
102.0 78.0 0.0
102.0 80.0 0.0
102.0 82.0 0.0
102.0 84.0 0.0
102.0 86.0 0.0
102.0 88.0 0.0
102.0 90.0 0.0
102.0 92.0 0.0
102.0 94.0 0.00849817669418357
102.0 96.0 0.0396493500746756
102.0 98.0 0.0870349624500385
102.0 100.0 0.1565414015912803
102.0 102.0 0.21355970168479402
102.0 104.0 0.26192356657900095
102.0 106.0 0.33584379261807906
102.0 108.0 0.355612842400572
102.0 110.0 0.3232460366944547
102.0 112.0 0.3058209549287379
102.0 114.0 0.0
102.0 116.0 0.0
102.0 118.0 0.0
102.0 120.0 0.0
102.0 122.0 0.0
102.0 124.0 0.0
102.0 126.0 0.0
104.0 0.0 0.0
104.0 2.0 0.0
104.0 4.0 0.0
104.0 6.0 0.0
104.0 8.0 0.0
104.0 10.0 0.0
104.0 12.0 0.0
104.0 14.0 0.0
104.0 16.0 0.13019239109459765
104.0 18.0 0.0
104.0 20.0 0.019629240192247346
104.0 22.0 0.0886173609512982
104.0 24.0 0.15636816855650734
104.0 26.0 0.24725915693678038
104.0 28.0 0.34072477732314693
104.0 30.0 0.3584082308381273
104.0 32.0 0.3519508635307043
104.0 34.0 0.37104073400728393
104.0 36.0 0.3830332888552794
104.0 38.0 0.28294709564645176
104.0 40.0 0.1360977297489153
104.0 42.0 0.02818384024334362
104.0 44.0 0.0
104.0 46.0 0.0
104.0 48.0 0.0
104.0 50.0 0.0
104.0 52.0 0.0
104.0 54.0 0.0
104.0 56.0 0.0
104.0 58.0 0.0
104.0 60.0 0.0
104.0 62.0 0.0
104.0 64.0 0.0
104.0 66.0 0.0
104.0 68.0 0.04375475144743185
104.0 70.0 0.09633902755980282
104.0 72.0 0.1205096171950759
104.0 74.0 0.0802323139689395
104.0 76.0 0.007336740194461209
104.0 78.0 0.0
104.0 80.0 0.0
104.0 82.0 0.0
104.0 84.0 0.0
104.0 86.0 0.0
104.0 88.0 0.0
104.0 90.0 0.0
104.0 92.0 0.0
104.0 94.0 0.003822782958048832
104.0 96.0 0.03518463255748686
104.0 98.0 0.0824214451498322
104.0 100.0 0.15272635698405798
104.0 102.0 0.2145749548814735
104.0 104.0 0.27094958653223117
104.0 106.0 0.35633969921171754
104.0 108.0 0.38937783830481015
104.0 110.0 0.368525233887068
104.0 112.0 0.3487865563201778
104.0 114.0 0.0
104.0 116.0 0.0
104.0 118.0 0.0
104.0 120.0 0.0
104.0 122.0 0.0
104.0 124.0 0.0
104.0 126.0 0.0
106.0 0.0 0.0
106.0 2.0 0.0
106.0 4.0 0.0
106.0 6.0 0.0
106.0 8.0 0.0
106.0 10.0 0.0
106.0 12.0 0.0
106.0 14.0 0.0
106.0 16.0 0.0
106.0 18.0 0.26192732672341107
106.0 20.0 0.07193636261509172
106.0 22.0 0.13534226269167185
106.0 24.0 0.18453518851709516
106.0 26.0 0.2627137083780821
106.0 28.0 0.33133854950857783
106.0 30.0 0.34990805761016014
106.0 32.0 0.3376787624784583
106.0 34.0 0.32479942681225543
106.0 36.0 0.2876555838488463
106.0 38.0 0.17190488339091067
106.0 40.0 0.05444703522330516
106.0 42.0 0.0
106.0 44.0 0.0
106.0 46.0 0.0
106.0 48.0 0.0
106.0 50.0 0.0
106.0 52.0 0.0
106.0 54.0 0.0
106.0 56.0 0.0
106.0 58.0 0.0
106.0 60.0 0.0
106.0 62.0 0.0
106.0 64.0 0.0
106.0 66.0 0.03701481506604845
106.0 68.0 0.09669212836398733
106.0 70.0 0.1702007078010044
106.0 72.0 0.20842126570007535
106.0 74.0 0.18917899016575923
106.0 76.0 0.08116247402846048
106.0 78.0 0.0
106.0 80.0 0.0
106.0 82.0 0.0
106.0 84.0 0.0
106.0 86.0 0.0
106.0 88.0 0.0
106.0 90.0 0.0
106.0 92.0 0.0
106.0 94.0 0.0
106.0 96.0 0.019686934227327778
106.0 98.0 0.07012346342976129
106.0 100.0 0.140344741529799
106.0 102.0 0.20706053148845735
106.0 104.0 0.27522153215713585
106.0 106.0 0.35035324666503187
106.0 108.0 0.41545849332522566
106.0 110.0 0.4027351677945797
106.0 112.0 0.0
106.0 114.0 0.0
106.0 116.0 0.0
106.0 118.0 0.0
106.0 120.0 0.0
106.0 122.0 0.0
106.0 124.0 0.0
106.0 126.0 0.0
108.0 0.0 0.0
108.0 2.0 0.0
108.0 4.0 0.0
108.0 6.0 0.0
108.0 8.0 0.0
108.0 10.0 0.0
108.0 12.0 0.0
108.0 14.0 0.0
108.0 16.0 0.0
108.0 18.0 0.0
108.0 20.0 0.37444884507221293
108.0 22.0 0.22897718666192304
108.0 24.0 0.2631953365523178
108.0 26.0 0.30279656982987885
108.0 28.0 0.3007108828590456
108.0 30.0 0.3051082745561319
108.0 32.0 0.2990036882432626
108.0 34.0 0.2608006579575547
108.0 36.0 0.18601265338817904
108.0 38.0 0.07240414672953237
108.0 40.0 0.006346615806890621
108.0 42.0 0.0
108.0 44.0 0.0
108.0 46.0 0.0
108.0 48.0 0.0
108.0 50.0 0.0
108.0 52.0 0.0
108.0 54.0 0.0
108.0 56.0 0.0
108.0 58.0 0.0
108.0 60.0 5.522308445468234E-4
108.0 62.0 0.0
108.0 64.0 0.03770278437772325
108.0 66.0 0.11314847507695712
108.0 68.0 0.19066889295919476
108.0 70.0 0.22789440965978291
108.0 72.0 0.25102128282429886
108.0 74.0 0.269040251859046
108.0 76.0 0.18079163252043073
108.0 78.0 0.03793076174070769
108.0 80.0 0.0
108.0 82.0 0.0
108.0 84.0 0.0
108.0 86.0 0.0
108.0 88.0 0.0
108.0 90.0 0.0
108.0 92.0 0.0
108.0 94.0 0.0
108.0 96.0 8.165145246503066E-4
108.0 98.0 0.03411102615062737
108.0 100.0 0.09278857491546183
108.0 102.0 0.1626840709040945
108.0 104.0 0.2374232804415947
108.0 106.0 0.3217255198956315
108.0 108.0 0.40058565698685783
108.0 110.0 0.0
108.0 112.0 0.0
108.0 114.0 0.0
108.0 116.0 0.0
108.0 118.0 0.0
108.0 120.0 0.0
108.0 122.0 0.0
108.0 124.0 0.0
108.0 126.0 0.0
110.0 0.0 0.0
110.0 2.0 0.0
110.0 4.0 0.0
110.0 6.0 0.0
110.0 8.0 0.0
110.0 10.0 0.0
110.0 12.0 0.0
110.0 14.0 0.0
110.0 16.0 0.0
110.0 18.0 0.0
110.0 20.0 0.0
110.0 22.0 0.40052147387397524
110.0 24.0 0.3161779325929024
110.0 26.0 0.3127446915012836
110.0 28.0 0.3123701825677083
110.0 30.0 0.2918253294257944
110.0 32.0 0.24817798802184746
110.0 34.0 0.17457428621170576
110.0 36.0 0.09476524582357888
110.0 38.0 0.008001553572245957
110.0 40.0 0.0
110.0 42.0 0.0
110.0 44.0 0.0
110.0 46.0 0.0
110.0 48.0 0.0
110.0 50.0 0.0
110.0 52.0 0.0
110.0 54.0 0.0
110.0 56.0 0.0
110.0 58.0 3.00321565651144E-4
110.0 60.0 0.018937402779979098
110.0 62.0 0.03392476296783176
110.0 64.0 0.10231129712675495
110.0 66.0 0.19501668677115747
110.0 68.0 0.26163798402838184
110.0 70.0 0.28602194655726415
110.0 72.0 0.3009173160798413
110.0 74.0 0.3104429703264559
110.0 76.0 0.2495925952685635
110.0 78.0 0.08759753350309112
110.0 80.0 0.0
110.0 82.0 0.0
110.0 84.0 0.0
110.0 86.0 0.0
110.0 88.0 0.0
110.0 90.0 0.0
110.0 92.0 0.0
110.0 94.0 0.0
110.0 96.0 0.0
110.0 98.0 0.0
110.0 100.0 0.02995548986537737
110.0 102.0 0.07644188608408357
110.0 104.0 0.1491655168004895
110.0 106.0 0.21663493155013605
110.0 108.0 0.0
110.0 110.0 0.0
110.0 112.0 0.0
110.0 114.0 0.0
110.0 116.0 0.0
110.0 118.0 0.0
110.0 120.0 0.0
110.0 122.0 0.0
110.0 124.0 0.0
110.0 126.0 0.0
112.0 0.0 0.0
112.0 2.0 0.0
112.0 4.0 0.0
112.0 6.0 0.0
112.0 8.0 0.0
112.0 10.0 0.0
112.0 12.0 0.0
112.0 14.0 0.0
112.0 16.0 0.0
112.0 18.0 0.0
112.0 20.0 0.0
112.0 22.0 0.0
112.0 24.0 0.36965706215452837
112.0 26.0 0.3216077517722381
112.0 28.0 0.29455249386833127
112.0 30.0 0.25485209165607053
112.0 32.0 0.1844280127082831
112.0 34.0 0.08609655618419455
112.0 36.0 0.024860277122802157
112.0 38.0 0.0
112.0 40.0 0.0
112.0 42.0 0.0
112.0 44.0 0.0
112.0 46.0 0.0
112.0 48.0 0.0
112.0 50.0 0.0
112.0 52.0 0.0
112.0 54.0 0.0
112.0 56.0 0.0
112.0 58.0 0.01214323839191699
112.0 60.0 0.04052835897792087
112.0 62.0 0.09606081730666344
112.0 64.0 0.1720192863212964
112.0 66.0 0.28586064246900106
112.0 68.0 0.3834407013903877
112.0 70.0 0.35633778614158246
112.0 72.0 0.33399643697154097
112.0 74.0 0.3400879723504617
112.0 76.0 0.2966923017635217
112.0 78.0 0.13082848233011493
112.0 80.0 0.010990797484762754
112.0 82.0 0.0
112.0 84.0 0.0
112.0 86.0 0.0
112.0 88.0 0.0
112.0 90.0 0.0
112.0 92.0 0.0
112.0 94.0 0.0
112.0 96.0 0.0
112.0 98.0 0.0
112.0 100.0 0.0
112.0 102.0 0.0
112.0 104.0 0.013577859768074204
112.0 106.0 0.0
112.0 108.0 0.0
112.0 110.0 0.0
112.0 112.0 0.0
112.0 114.0 0.0
112.0 116.0 0.0
112.0 118.0 0.0
112.0 120.0 0.0
112.0 122.0 0.0
112.0 124.0 0.0
112.0 126.0 0.0
114.0 0.0 0.0
114.0 2.0 0.0
114.0 4.0 0.0
114.0 6.0 0.0
114.0 8.0 0.0
114.0 10.0 0.0
114.0 12.0 0.0
114.0 14.0 0.0
114.0 16.0 0.0
114.0 18.0 0.0
114.0 20.0 0.0
114.0 22.0 0.0
114.0 24.0 0.0
114.0 26.0 0.2736867975876881
114.0 28.0 0.27257115810690036
114.0 30.0 0.21356534677156716
114.0 32.0 0.14076945403214475
114.0 34.0 0.044314031015935645
114.0 36.0 0.0024601712234804955
114.0 38.0 0.0
114.0 40.0 0.0
114.0 42.0 0.0
114.0 44.0 0.0
114.0 46.0 0.0
114.0 48.0 0.0
114.0 50.0 0.0
114.0 52.0 0.0
114.0 54.0 0.0
114.0 56.0 0.0
114.0 58.0 7.512854498745843E-4
114.0 60.0 0.027484036836304262
114.0 62.0 0.10392373723015147
114.0 64.0 0.2207100330748432
114.0 66.0 0.34465130747328415
114.0 68.0 0.43528417892811905
114.0 70.0 0.4774483696413996
114.0 72.0 0.373313856714713
114.0 74.0 0.3440440915895914
114.0 76.0 0.3263565417443745
114.0 78.0 0.16645012904586395
114.0 80.0 0.031411684456904794
114.0 82.0 0.0
114.0 84.0 0.0
114.0 86.0 0.0
114.0 88.0 0.0
114.0 90.0 0.0
114.0 92.0 0.0
114.0 94.0 0.0
114.0 96.0 0.0
114.0 98.0 0.0
114.0 100.0 0.0
114.0 102.0 0.0
114.0 104.0 0.0
114.0 106.0 0.0
114.0 108.0 0.0
114.0 110.0 0.0
114.0 112.0 0.0
114.0 114.0 0.0
114.0 116.0 0.0
114.0 118.0 0.0
114.0 120.0 0.0
114.0 122.0 0.0
114.0 124.0 0.0
114.0 126.0 0.0
116.0 0.0 0.0
116.0 2.0 0.0
116.0 4.0 0.0
116.0 6.0 0.0
116.0 8.0 0.0
116.0 10.0 0.0
116.0 12.0 0.0
116.0 14.0 0.0
116.0 16.0 0.0
116.0 18.0 0.0
116.0 20.0 0.0
116.0 22.0 0.0
116.0 24.0 0.0
116.0 26.0 0.0
116.0 28.0 0.11593238472346173
116.0 30.0 0.19661244768001854
116.0 32.0 0.12414578604889998
116.0 34.0 0.03573240915908916
116.0 36.0 3.674060161572852E-4
116.0 38.0 0.0
116.0 40.0 0.0
116.0 42.0 0.0
116.0 44.0 0.0
116.0 46.0 0.0
116.0 48.0 0.0
116.0 50.0 0.0
116.0 52.0 0.0
116.0 54.0 0.0
116.0 56.0 0.0
116.0 58.0 0.008154079759421678
116.0 60.0 0.03985087129381818
116.0 62.0 0.10415459285237622
116.0 64.0 0.21175002505968776
116.0 66.0 0.3724202653460358
116.0 68.0 0.4665273911801526
116.0 70.0 0.5133414447442924
116.0 72.0 0.45257044556877074
116.0 74.0 0.38859772784069807
116.0 76.0 0.3164383623291937
116.0 78.0 0.19610416876956893
116.0 80.0 0.04968772160463283
116.0 82.0 0.0
116.0 84.0 0.0
116.0 86.0 0.0
116.0 88.0 0.0
116.0 90.0 0.0
116.0 92.0 0.0
116.0 94.0 0.0
116.0 96.0 0.0
116.0 98.0 0.0
116.0 100.0 0.0
116.0 102.0 0.0
116.0 104.0 0.0
116.0 106.0 0.0
116.0 108.0 0.0
116.0 110.0 0.0
116.0 112.0 0.0
116.0 114.0 0.0
116.0 116.0 0.0
116.0 118.0 0.0
116.0 120.0 0.0
116.0 122.0 0.0
116.0 124.0 0.0
116.0 126.0 0.0
118.0 0.0 0.0
118.0 2.0 0.0
118.0 4.0 0.0
118.0 6.0 0.0
118.0 8.0 0.0
118.0 10.0 0.0
118.0 12.0 0.0
118.0 14.0 0.0
118.0 16.0 0.0
118.0 18.0 0.0
118.0 20.0 0.0
118.0 22.0 0.0
118.0 24.0 0.0
118.0 26.0 0.0
118.0 28.0 0.0
118.0 30.0 0.0
118.0 32.0 0.0010225942919424589
118.0 34.0 0.0019977522234917405
118.0 36.0 0.0
118.0 38.0 0.0
118.0 40.0 0.0
118.0 42.0 0.0
118.0 44.0 0.0
118.0 46.0 0.0
118.0 48.0 0.0
118.0 50.0 0.0
118.0 52.0 0.0
118.0 54.0 0.0
118.0 56.0 0.0013531795367292775
118.0 58.0 0.013996127792282482
118.0 60.0 0.05302859843139337
118.0 62.0 0.1319473397617079
118.0 64.0 0.23398880895909346
118.0 66.0 0.34628797222281205
118.0 68.0 0.5025988972357014
118.0 70.0 0.5448960827501492
118.0 72.0 0.4785556931574317
118.0 74.0 0.4442430465748953
118.0 76.0 0.3594685471348737
118.0 78.0 0.21313595680665268
118.0 80.0 0.06804024206496966
118.0 82.0 0.0
118.0 84.0 0.0
118.0 86.0 0.0
118.0 88.0 0.0
118.0 90.0 0.0
118.0 92.0 0.0
118.0 94.0 0.0
118.0 96.0 0.0
118.0 98.0 0.0
118.0 100.0 0.0
118.0 102.0 0.0
118.0 104.0 0.0
118.0 106.0 0.0
118.0 108.0 0.0
118.0 110.0 0.0
118.0 112.0 0.0
118.0 114.0 0.0
118.0 116.0 0.0
118.0 118.0 0.0
118.0 120.0 0.0
118.0 122.0 0.0
118.0 124.0 0.0
118.0 126.0 0.0
120.0 0.0 0.0
120.0 2.0 0.0
120.0 4.0 0.0
120.0 6.0 0.0
120.0 8.0 0.0
120.0 10.0 0.0
120.0 12.0 0.0
120.0 14.0 0.0
120.0 16.0 0.0
120.0 18.0 0.0
120.0 20.0 0.0
120.0 22.0 0.0
120.0 24.0 0.0
120.0 26.0 0.0
120.0 28.0 0.0
120.0 30.0 0.0
120.0 32.0 0.0
120.0 34.0 0.0
120.0 36.0 0.0
120.0 38.0 0.0
120.0 40.0 0.0
120.0 42.0 0.0
120.0 44.0 0.0
120.0 46.0 0.0
120.0 48.0 0.0
120.0 50.0 0.0
120.0 52.0 0.0
120.0 54.0 0.002107310793106834
120.0 56.0 0.005694925042995157
120.0 58.0 0.019121731644423042
120.0 60.0 0.06401585192385668
120.0 62.0 0.15641584918111065
120.0 64.0 0.2609378126881753
120.0 66.0 0.36334406517573986
120.0 68.0 0.48150013515147666
120.0 70.0 0.53451381556139
120.0 72.0 0.5088320602848729
120.0 74.0 0.47233541354672665
120.0 76.0 0.38038189101351755
120.0 78.0 0.21894271656062758
120.0 80.0 0.07731612975634972
120.0 82.0 0.0
120.0 84.0 0.0
120.0 86.0 0.0
120.0 88.0 0.0
120.0 90.0 0.0
120.0 92.0 0.0
120.0 94.0 0.0
120.0 96.0 0.0
120.0 98.0 0.0
120.0 100.0 0.0
120.0 102.0 0.0
120.0 104.0 0.0
120.0 106.0 0.0
120.0 108.0 0.0
120.0 110.0 0.0
120.0 112.0 0.0
120.0 114.0 0.0
120.0 116.0 0.0
120.0 118.0 0.0
120.0 120.0 0.0
120.0 122.0 0.0
120.0 124.0 0.0
120.0 126.0 0.0
122.0 0.0 0.0
122.0 2.0 0.0
122.0 4.0 0.0
122.0 6.0 0.0
122.0 8.0 0.0
122.0 10.0 0.0
122.0 12.0 0.0
122.0 14.0 0.0
122.0 16.0 0.0
122.0 18.0 0.0
122.0 20.0 0.0
122.0 22.0 0.0
122.0 24.0 0.0
122.0 26.0 0.0
122.0 28.0 0.0
122.0 30.0 0.0
122.0 32.0 0.0
122.0 34.0 0.0
122.0 36.0 0.0
122.0 38.0 0.0
122.0 40.0 0.0
122.0 42.0 0.0
122.0 44.0 0.0
122.0 46.0 0.0
122.0 48.0 0.0
122.0 50.0 0.0
122.0 52.0 0.0
122.0 54.0 0.0
122.0 56.0 0.0019227475085598772
122.0 58.0 0.016918419739904354
122.0 60.0 0.06882526573879262
122.0 62.0 0.17473782442408167
122.0 64.0 0.28939713447169185
122.0 66.0 0.3948986067386852
122.0 68.0 0.478129466891626
122.0 70.0 0.5204204187843015
122.0 72.0 0.5118365859192795
122.0 74.0 0.4730593543728295
122.0 76.0 0.3779185464873223
122.0 78.0 0.2124366698725544
122.0 80.0 0.07711372099482482
122.0 82.0 0.0
122.0 84.0 0.0
122.0 86.0 0.0
122.0 88.0 0.0
122.0 90.0 0.0
122.0 92.0 0.0
122.0 94.0 0.0
122.0 96.0 0.0
122.0 98.0 0.0
122.0 100.0 0.0
122.0 102.0 0.0
122.0 104.0 0.0
122.0 106.0 0.0
122.0 108.0 0.0
122.0 110.0 0.0
122.0 112.0 0.0
122.0 114.0 0.0
122.0 116.0 0.0
122.0 118.0 0.0
122.0 120.0 0.0
122.0 122.0 0.0
122.0 124.0 0.0
122.0 126.0 0.0
124.0 0.0 0.0
124.0 2.0 0.0
124.0 4.0 0.0
124.0 6.0 0.0
124.0 8.0 0.0
124.0 10.0 0.0
124.0 12.0 0.0
124.0 14.0 0.0
124.0 16.0 0.0
124.0 18.0 0.0
124.0 20.0 0.0
124.0 22.0 0.0
124.0 24.0 0.0
124.0 26.0 0.0
124.0 28.0 0.0
124.0 30.0 0.0
124.0 32.0 0.0
124.0 34.0 0.0
124.0 36.0 0.0
124.0 38.0 0.0
124.0 40.0 0.0
124.0 42.0 0.0
124.0 44.0 0.0
124.0 46.0 0.0
124.0 48.0 0.0
124.0 50.0 0.0
124.0 52.0 0.0
124.0 54.0 0.0
124.0 56.0 0.0
124.0 58.0 0.0
124.0 60.0 0.02612323451614809
124.0 62.0 0.1402976393738747
124.0 64.0 0.27593133926505103
124.0 66.0 0.39377040020538834
124.0 68.0 0.48181018876632703
124.0 70.0 0.5267472159333964
124.0 72.0 0.5214374767405648
124.0 74.0 0.4808315444183872
124.0 76.0 0.38085832603124353
124.0 78.0 0.20300102897229388
124.0 80.0 0.06824726838935721
124.0 82.0 0.0
124.0 84.0 0.0
124.0 86.0 0.0
124.0 88.0 0.0
124.0 90.0 0.0
124.0 92.0 0.0
124.0 94.0 0.0
124.0 96.0 0.0
124.0 98.0 0.0
124.0 100.0 0.0
124.0 102.0 0.0
124.0 104.0 0.0
124.0 106.0 0.0
124.0 108.0 0.0
124.0 110.0 0.0
124.0 112.0 0.0
124.0 114.0 0.0
124.0 116.0 0.0
124.0 118.0 0.0
124.0 120.0 0.0
124.0 122.0 0.0
124.0 124.0 0.0
124.0 126.0 0.0
126.0 0.0 0.0
126.0 2.0 0.0
126.0 4.0 0.0
126.0 6.0 0.0
126.0 8.0 0.0
126.0 10.0 0.0
126.0 12.0 0.0
126.0 14.0 0.0
126.0 16.0 0.0
126.0 18.0 0.0
126.0 20.0 0.0
126.0 22.0 0.0
126.0 24.0 0.0
126.0 26.0 0.0
126.0 28.0 0.0
126.0 30.0 0.0
126.0 32.0 0.0
126.0 34.0 0.0
126.0 36.0 0.0
126.0 38.0 0.0
126.0 40.0 0.0
126.0 42.0 0.0
126.0 44.0 0.0
126.0 46.0 0.0
126.0 48.0 0.0
126.0 50.0 0.0
126.0 52.0 0.0
126.0 54.0 0.0
126.0 56.0 0.0
126.0 58.0 0.0
126.0 60.0 0.0
126.0 62.0 0.0
126.0 64.0 0.00890128424505041
126.0 66.0 0.2293616146429481
126.0 68.0 0.430472877501108
126.0 70.0 0.5177114754242812
126.0 72.0 0.5345860912855063
126.0 74.0 0.4620977471053766
126.0 76.0 0.0
126.0 78.0 0.0
126.0 80.0 0.0
126.0 82.0 0.0
126.0 84.0 0.0
126.0 86.0 0.0
126.0 88.0 0.0
126.0 90.0 0.0
126.0 92.0 0.0
126.0 94.0 0.0
126.0 96.0 0.0
126.0 98.0 0.0
126.0 100.0 0.0
126.0 102.0 0.0
126.0 104.0 0.0
126.0 106.0 0.0
126.0 108.0 0.0
126.0 110.0 0.0
126.0 112.0 0.0
126.0 114.0 0.0
126.0 116.0 0.0
126.0 118.0 0.0
126.0 120.0 0.0
126.0 122.0 0.0
126.0 124.0 0.0
126.0 126.0 0.0
