0.0 0.0 0.0
0.0 2.0 0.0
0.0 4.0 0.0
0.0 6.0 0.0
0.0 8.0 0.0
0.0 10.0 0.0
0.0 12.0 0.0
0.0 14.0 0.0
0.0 16.0 0.0
0.0 18.0 0.0
0.0 20.0 0.0
0.0 22.0 0.0
0.0 24.0 0.0
0.0 26.0 0.0
0.0 28.0 0.0
0.0 30.0 0.0
0.0 32.0 0.0
0.0 34.0 0.0
0.0 36.0 0.0
0.0 38.0 0.0
0.0 40.0 0.0
0.0 42.0 0.0
0.0 44.0 0.0
0.0 46.0 0.0
0.0 48.0 0.0
0.0 50.0 0.0
0.0 52.0 0.0
0.0 54.0 0.0
0.0 56.0 0.0
0.0 58.0 0.0
0.0 60.0 0.0
0.0 62.0 0.0
0.0 64.0 0.0
0.0 66.0 0.0
0.0 68.0 0.0
0.0 70.0 0.0
0.0 72.0 0.0
0.0 74.0 0.0
0.0 76.0 0.0
0.0 78.0 0.0
0.0 80.0 0.0
0.0 82.0 0.0
0.0 84.0 0.0
0.0 86.0 0.0
0.0 88.0 0.0
0.0 90.0 0.0
0.0 92.0 0.0
0.0 94.0 0.0
0.0 96.0 0.0
0.0 98.0 0.0
0.0 100.0 0.0
0.0 102.0 0.0
0.0 104.0 0.0
0.0 106.0 0.0
0.0 108.0 0.0
0.0 110.0 0.0
0.0 112.0 0.0
0.0 114.0 0.0
0.0 116.0 0.0
0.0 118.0 0.0
0.0 120.0 0.0
0.0 122.0 0.0
0.0 124.0 0.0
0.0 126.0 0.0
2.0 0.0 0.0
2.0 2.0 0.0
2.0 4.0 0.0
2.0 6.0 0.0
2.0 8.0 0.0
2.0 10.0 0.0
2.0 12.0 0.0
2.0 14.0 0.0
2.0 16.0 0.0
2.0 18.0 0.0
2.0 20.0 0.0
2.0 22.0 0.0
2.0 24.0 0.0
2.0 26.0 0.0
2.0 28.0 0.0
2.0 30.0 0.0
2.0 32.0 0.0
2.0 34.0 0.0
2.0 36.0 0.0
2.0 38.0 0.0
2.0 40.0 0.0
2.0 42.0 0.0
2.0 44.0 0.0
2.0 46.0 0.0
2.0 48.0 0.3184356447857922
2.0 50.0 0.3695099017659182
2.0 52.0 0.250379901202395
2.0 54.0 0.11920604864044232
2.0 56.0 0.008729003288141584
2.0 58.0 0.0
2.0 60.0 0.0
2.0 62.0 0.0
2.0 64.0 0.0
2.0 66.0 0.0
2.0 68.0 0.0
2.0 70.0 0.0
2.0 72.0 6.380168198274694E-4
2.0 74.0 0.044548706289597985
2.0 76.0 0.10327030944257333
2.0 78.0 0.13132464102483005
2.0 80.0 0.0
2.0 82.0 0.0
2.0 84.0 0.0
2.0 86.0 0.0
2.0 88.0 0.0
2.0 90.0 0.0
2.0 92.0 0.0
2.0 94.0 0.0
2.0 96.0 0.0
2.0 98.0 0.0
2.0 100.0 0.0
2.0 102.0 0.0
2.0 104.0 0.0
2.0 106.0 0.0
2.0 108.0 0.0
2.0 110.0 0.0
2.0 112.0 0.0
2.0 114.0 0.0
2.0 116.0 0.0
2.0 118.0 0.0
2.0 120.0 0.0
2.0 122.0 0.0
2.0 124.0 0.0
2.0 126.0 0.0
4.0 0.0 0.0
4.0 2.0 0.0
4.0 4.0 0.0
4.0 6.0 0.0
4.0 8.0 0.0
4.0 10.0 0.0
4.0 12.0 0.0
4.0 14.0 0.0
4.0 16.0 0.0
4.0 18.0 0.0
4.0 20.0 0.0
4.0 22.0 0.0
4.0 24.0 0.0
4.0 26.0 0.0
4.0 28.0 0.0
4.0 30.0 0.0
4.0 32.0 0.0
4.0 34.0 0.0
4.0 36.0 0.0
4.0 38.0 0.0
4.0 40.0 0.0
4.0 42.0 0.46221769194614987
4.0 44.0 0.44752369876653764
4.0 46.0 0.34742974014960065
4.0 48.0 0.2250994381582154
4.0 50.0 0.08868043174939648
4.0 52.0 7.062042142619627E-4
4.0 54.0 0.0
4.0 56.0 0.0
4.0 58.0 0.0
4.0 60.0 0.0
4.0 62.0 0.0
4.0 64.0 0.0
4.0 66.0 0.0
4.0 68.0 0.0
4.0 70.0 0.0
4.0 72.0 0.0
4.0 74.0 0.02667741795640816
4.0 76.0 0.0850272363071717
4.0 78.0 0.11290107732438377
4.0 80.0 0.11803612020399874
4.0 82.0 0.13352118403142896
4.0 84.0 0.10624546928103519
4.0 86.0 0.0
4.0 88.0 0.0
4.0 90.0 0.0
4.0 92.0 0.0
4.0 94.0 0.0
4.0 96.0 0.0
4.0 98.0 0.0
4.0 100.0 0.0
4.0 102.0 0.0
4.0 104.0 0.0
4.0 106.0 0.0
4.0 108.0 0.0
4.0 110.0 0.0
4.0 112.0 0.0
4.0 114.0 0.0
4.0 116.0 0.0
4.0 118.0 0.0
4.0 120.0 0.0
4.0 122.0 0.0
4.0 124.0 0.0
4.0 126.0 0.0
6.0 0.0 0.0
6.0 2.0 0.0
6.0 4.0 0.0
6.0 6.0 0.0
6.0 8.0 0.0
6.0 10.0 0.0
6.0 12.0 0.0
6.0 14.0 0.0
6.0 16.0 0.0
6.0 18.0 0.0
6.0 20.0 0.0
6.0 22.0 0.0
6.0 24.0 0.0
6.0 26.0 0.0
6.0 28.0 0.0
6.0 30.0 0.0
6.0 32.0 0.0
6.0 34.0 0.0
6.0 36.0 0.0
6.0 38.0 0.4656421426628279
6.0 40.0 0.4880361320264439
6.0 42.0 0.41296853715033394
6.0 44.0 0.3466787076442959
6.0 46.0 0.2506369509633611
6.0 48.0 0.1220669149122902
6.0 50.0 0.0027988301466415895
6.0 52.0 0.0
6.0 54.0 0.0
6.0 56.0 0.0
6.0 58.0 0.0
6.0 60.0 0.0
6.0 62.0 0.0
6.0 64.0 0.0
6.0 66.0 0.0
6.0 68.0 0.0
6.0 70.0 0.0
6.0 72.0 0.0
6.0 74.0 0.013204958718996544
6.0 76.0 0.06897475829433451
6.0 78.0 0.09538182600497148
6.0 80.0 0.09517937579363284
6.0 82.0 0.10934771229451444
6.0 84.0 0.08988318665874417
6.0 86.0 0.011813599717865888
6.0 88.0 0.0
6.0 90.0 0.0
6.0 92.0 0.0
6.0 94.0 0.0
6.0 96.0 0.0
6.0 98.0 0.0
6.0 100.0 0.0
6.0 102.0 0.0
6.0 104.0 0.0
6.0 106.0 0.0
6.0 108.0 0.0
6.0 110.0 0.0
6.0 112.0 0.0
6.0 114.0 0.0
6.0 116.0 0.0
6.0 118.0 0.0
6.0 120.0 0.0
6.0 122.0 0.0
6.0 124.0 0.0
6.0 126.0 0.0
8.0 0.0 0.0
8.0 2.0 0.0
8.0 4.0 0.0
8.0 6.0 0.0
8.0 8.0 0.0
8.0 10.0 0.0
8.0 12.0 0.0
8.0 14.0 0.0
8.0 16.0 0.0
8.0 18.0 0.0
8.0 20.0 0.0
8.0 22.0 0.0
8.0 24.0 0.0
8.0 26.0 0.0
8.0 28.0 0.0
8.0 30.0 0.0
8.0 32.0 0.0
8.0 34.0 0.21644777447802524
8.0 36.0 0.3776997267589035
8.0 38.0 0.4204105549895276
8.0 40.0 0.4213265854054305
8.0 42.0 0.39170283549294305
8.0 44.0 0.3098228280241722
8.0 46.0 0.20994862520366683
8.0 48.0 0.07322606160483905
8.0 50.0 0.0
8.0 52.0 0.0
8.0 54.0 0.0
8.0 56.0 0.0
8.0 58.0 0.0
8.0 60.0 0.0
8.0 62.0 0.0
8.0 64.0 0.0
8.0 66.0 0.0
8.0 68.0 0.0
8.0 70.0 0.001005021361371071
8.0 72.0 0.0
8.0 74.0 0.005079658091016351
8.0 76.0 0.0419623858842261
8.0 78.0 0.06545871634873379
8.0 80.0 0.06507003801687276
8.0 82.0 0.07927867809601877
8.0 84.0 0.06826851634302637
8.0 86.0 0.004743345997492294
8.0 88.0 0.0
8.0 90.0 0.0
8.0 92.0 0.0
8.0 94.0 0.0
8.0 96.0 0.0
8.0 98.0 0.0
8.0 100.0 0.0
8.0 102.0 0.0
8.0 104.0 0.0
8.0 106.0 0.0
8.0 108.0 0.0
8.0 110.0 0.0
8.0 112.0 0.0
8.0 114.0 0.0
8.0 116.0 0.0
8.0 118.0 0.0
8.0 120.0 0.0
8.0 122.0 0.0
8.0 124.0 0.0
8.0 126.0 0.0
10.0 0.0 0.0
10.0 2.0 0.0
10.0 4.0 0.0
10.0 6.0 0.0
10.0 8.0 0.0
10.0 10.0 0.0
10.0 12.0 0.0
10.0 14.0 0.0
10.0 16.0 0.0
10.0 18.0 0.0
10.0 20.0 0.0
10.0 22.0 0.0
10.0 24.0 0.0
10.0 26.0 0.0
10.0 28.0 0.0
10.0 30.0 0.0
10.0 32.0 0.13775948948231848
10.0 34.0 0.3168534169481369
10.0 36.0 0.39446063293513545
10.0 38.0 0.4415885410617051
10.0 40.0 0.45586232323312254
10.0 42.0 0.4134444535920964
10.0 44.0 0.2647118002074858
10.0 46.0 0.16129750309889881
10.0 48.0 0.036812472843346176
10.0 50.0 0.0
10.0 52.0 0.0
10.0 54.0 0.0
10.0 56.0 0.0
10.0 58.0 0.0
10.0 60.0 0.0
10.0 62.0 0.0
10.0 64.0 0.0
10.0 66.0 0.0
10.0 68.0 0.0
10.0 70.0 0.006350742422132332
10.0 72.0 0.001219492430154781
10.0 74.0 0.008071147860855115
10.0 76.0 0.006119600664101686
10.0 78.0 0.024766174537116065
10.0 80.0 0.03870553489673261
10.0 82.0 0.054866935444211035
10.0 84.0 0.044778189724244084
10.0 86.0 0.0036373959150126658
10.0 88.0 0.0
10.0 90.0 0.0
10.0 92.0 0.0
10.0 94.0 0.0
10.0 96.0 0.0
10.0 98.0 0.0
10.0 100.0 0.0
10.0 102.0 0.0
10.0 104.0 0.0
10.0 106.0 0.0
10.0 108.0 0.0
10.0 110.0 0.0
10.0 112.0 0.0
10.0 114.0 0.0
10.0 116.0 0.0
10.0 118.0 0.0
10.0 120.0 0.0
10.0 122.0 0.0
10.0 124.0 0.0
10.0 126.0 0.0
12.0 0.0 0.0
12.0 2.0 0.0
12.0 4.0 0.0
12.0 6.0 0.0
12.0 8.0 0.0
12.0 10.0 0.0
12.0 12.0 0.0
12.0 14.0 0.0
12.0 16.0 0.0
12.0 18.0 0.0
12.0 20.0 0.0
12.0 22.0 0.0
12.0 24.0 0.0
12.0 26.0 0.0
12.0 28.0 0.0
12.0 30.0 0.03661339264423729
12.0 32.0 0.21487485494475403
12.0 34.0 0.33177879764943624
12.0 36.0 0.3979595251438936
12.0 38.0 0.4397145538157428
12.0 40.0 0.42186193943865075
12.0 42.0 0.2992314605702087
12.0 44.0 0.19312594609266942
12.0 46.0 0.10437076918626449
12.0 48.0 0.004347825324679506
12.0 50.0 0.0
12.0 52.0 0.0
12.0 54.0 0.0
12.0 56.0 0.0
12.0 58.0 0.0
12.0 60.0 0.0
12.0 62.0 0.0
12.0 64.0 0.0
12.0 66.0 0.0
12.0 68.0 9.511674450079411E-4
12.0 70.0 0.01604826379379915
12.0 72.0 0.01058216907477809
12.0 74.0 0.006598448796045484
12.0 76.0 0.007183991013009885
12.0 78.0 0.016226013948014196
12.0 80.0 0.0062226451946412265
12.0 82.0 0.02130322729744878
12.0 84.0 0.021362346288798448
12.0 86.0 0.005321348486998747
12.0 88.0 0.0
12.0 90.0 0.0
12.0 92.0 0.0
12.0 94.0 0.0
12.0 96.0 0.0
12.0 98.0 0.0
12.0 100.0 0.0
12.0 102.0 0.0
12.0 104.0 0.0
12.0 106.0 0.0
12.0 108.0 0.0
12.0 110.0 0.0
12.0 112.0 0.0
12.0 114.0 0.0
12.0 116.0 0.0
12.0 118.0 0.0
12.0 120.0 0.0
12.0 122.0 0.0
12.0 124.0 0.0
12.0 126.0 0.0
14.0 0.0 0.0
14.0 2.0 0.0
14.0 4.0 0.0
14.0 6.0 0.0
14.0 8.0 0.0
14.0 10.0 0.0
14.0 12.0 0.0
14.0 14.0 0.0
14.0 16.0 0.0
14.0 18.0 0.0
14.0 20.0 0.0
14.0 22.0 0.0
14.0 24.0 0.0
14.0 26.0 0.017331357548750165
14.0 28.0 0.07609783927770497
14.0 30.0 0.16070402634674835
14.0 32.0 0.26769613591190333
14.0 34.0 0.35210208041315744
14.0 36.0 0.40030151162805466
14.0 38.0 0.38234248906145124
14.0 40.0 0.3163309694695633
14.0 42.0 0.18094362899874902
14.0 44.0 0.12131609791728437
14.0 46.0 0.020147022341781697
14.0 48.0 0.0
14.0 50.0 0.0
14.0 52.0 0.0
14.0 54.0 0.0
14.0 56.0 0.0
14.0 58.0 0.0
14.0 60.0 0.0
14.0 62.0 0.0
14.0 64.0 0.0
14.0 66.0 0.0
14.0 68.0 0.008579768256827394
14.0 70.0 0.03188091252846247
14.0 72.0 0.028724077233457768
14.0 74.0 0.027677279950041603
14.0 76.0 0.01699849191232005
14.0 78.0 0.012222113203172154
14.0 80.0 0.004377302368882828
14.0 82.0 0.002838501280106553
14.0 84.0 0.007777621376050293
14.0 86.0 0.002707117431738647
14.0 88.0 0.0
14.0 90.0 0.0
14.0 92.0 0.0
14.0 94.0 0.0
14.0 96.0 0.0
14.0 98.0 0.0
14.0 100.0 0.0
14.0 102.0 0.0
14.0 104.0 0.0
14.0 106.0 0.0
14.0 108.0 0.0
14.0 110.0 0.0
14.0 112.0 0.0
14.0 114.0 0.0
14.0 116.0 0.0
14.0 118.0 0.0
14.0 120.0 0.0
14.0 122.0 0.0
14.0 124.0 0.0
14.0 126.0 0.0
16.0 0.0 0.0
16.0 2.0 0.0
16.0 4.0 0.0
16.0 6.0 0.0
16.0 8.0 0.0
16.0 10.0 0.0
16.0 12.0 0.0
16.0 14.0 0.0
16.0 16.0 0.0
16.0 18.0 0.0
16.0 20.0 0.0
16.0 22.0 0.009635726044402259
16.0 24.0 0.05293624078827023
16.0 26.0 0.0379214324035295
16.0 28.0 0.05456522150353691
16.0 30.0 0.12272850416039634
16.0 32.0 0.2267639669400947
16.0 34.0 0.2689944235516308
16.0 36.0 0.29596262340271634
16.0 38.0 0.25206543437042644
16.0 40.0 0.15260067785240128
16.0 42.0 0.0989074895052094
16.0 44.0 0.019531435951677667
16.0 46.0 0.0050143031819164146
16.0 48.0 0.0
16.0 50.0 0.0
16.0 52.0 0.0
16.0 54.0 0.0
16.0 56.0 0.0
16.0 58.0 0.0
16.0 60.0 0.0
16.0 62.0 0.0
16.0 64.0 0.0
16.0 66.0 3.6375630603992004E-4
16.0 68.0 0.020562286295376698
16.0 70.0 0.05036050227785685
16.0 72.0 0.05139866767070067
16.0 74.0 0.05194340855499029
16.0 76.0 0.04882465625266638
16.0 78.0 0.028838698947298885
16.0 80.0 0.014578637848174888
16.0 82.0 0.0028551099176076064
16.0 84.0 0.0
16.0 86.0 0.0014096392225817437
16.0 88.0 0.0
16.0 90.0 0.0
16.0 92.0 0.0
16.0 94.0 0.0
16.0 96.0 0.0
16.0 98.0 0.0
16.0 100.0 0.0
16.0 102.0 0.0
16.0 104.0 6.38676648899965E-4
16.0 106.0 0.0
16.0 108.0 0.0
16.0 110.0 0.0
16.0 112.0 0.0
16.0 114.0 0.0
16.0 116.0 0.0
16.0 118.0 0.0
16.0 120.0 0.0
16.0 122.0 0.0
16.0 124.0 0.0
16.0 126.0 0.0
18.0 0.0 0.0
18.0 2.0 0.0
18.0 4.0 0.0
18.0 6.0 0.0
18.0 8.0 0.0
18.0 10.0 0.0
18.0 12.0 0.0
18.0 14.0 0.0
18.0 16.0 0.0
18.0 18.0 0.0
18.0 20.0 0.0791510935252875
18.0 22.0 0.03978815760300071
18.0 24.0 0.012202575166851111
18.0 26.0 1.3828232322987588E-6
18.0 28.0 4.967137843361482E-4
18.0 30.0 0.006677455034330066
18.0 32.0 0.07148123726810467
18.0 34.0 0.13917885108911718
18.0 36.0 0.1683967152773275
18.0 38.0 0.1382304728967005
18.0 40.0 0.05970915216398268
18.0 42.0 0.030847094515814296
18.0 44.0 8.479741767208914E-4
18.0 46.0 0.0
18.0 48.0 0.0
18.0 50.0 0.0
18.0 52.0 0.0
18.0 54.0 0.0
18.0 56.0 0.0
18.0 58.0 0.0
18.0 60.0 0.0
18.0 62.0 0.0
18.0 64.0 0.0
18.0 66.0 0.0055295315518752415
18.0 68.0 0.039054964855228184
18.0 70.0 0.0643698964013163
18.0 72.0 0.0731305890056607
18.0 74.0 0.08067035737283014
18.0 76.0 0.07853239598659968
18.0 78.0 0.05345782906860399
18.0 80.0 0.03577103819886378
18.0 82.0 0.017741305059734293
18.0 84.0 0.005728958902327827
18.0 86.0 0.0029406006546731415
18.0 88.0 0.005167685915007
18.0 90.0 0.0
18.0 92.0 0.0
18.0 94.0 0.0
18.0 96.0 0.0
18.0 98.0 0.0
18.0 100.0 0.0
18.0 102.0 0.0
18.0 104.0 0.0
18.0 106.0 0.013516619634540773
18.0 108.0 0.0
18.0 110.0 0.0
18.0 112.0 0.0
18.0 114.0 0.0
18.0 116.0 0.0
18.0 118.0 0.0
18.0 120.0 0.0
18.0 122.0 0.0
18.0 124.0 0.0
18.0 126.0 0.0
20.0 0.0 0.0
20.0 2.0 0.0
20.0 4.0 0.0
20.0 6.0 0.0
20.0 8.0 0.0
20.0 10.0 0.0
20.0 12.0 0.0
20.0 14.0 0.0
20.0 16.0 0.0
20.0 18.0 0.05019737944464836
20.0 20.0 0.0
20.0 22.0 0.0
20.0 24.0 0.0
20.0 26.0 0.0
20.0 28.0 0.0
20.0 30.0 0.0
20.0 32.0 0.0
20.0 34.0 0.029435419491921144
20.0 36.0 0.07727692993176126
20.0 38.0 0.06527738050272762
20.0 40.0 0.019496494568088746
20.0 42.0 0.011068289172311731
20.0 44.0 0.0
20.0 46.0 0.0
20.0 48.0 0.0
20.0 50.0 0.0
20.0 52.0 0.0
20.0 54.0 0.0
20.0 56.0 0.0
20.0 58.0 0.0019366095047208098
20.0 60.0 0.0
20.0 62.0 0.0
20.0 64.0 0.0
20.0 66.0 0.02990151370351141
20.0 68.0 0.0583140486991088
20.0 70.0 0.07452956212747262
20.0 72.0 0.08231443645398437
20.0 74.0 0.08160495393731411
20.0 76.0 0.08276378434101049
20.0 78.0 0.07968447446953028
20.0 80.0 0.05625708345892529
20.0 82.0 0.03953047791198703
20.0 84.0 0.02674883082551444
20.0 86.0 0.021244707723913417
20.0 88.0 0.02753638451335867
20.0 90.0 0.021346140470423075
20.0 92.0 0.016761264572497932
20.0 94.0 0.011109165468496487
20.0 96.0 0.0
20.0 98.0 0.0
20.0 100.0 0.0
20.0 102.0 0.0
20.0 104.0 0.0
20.0 106.0 0.0020669914812960852
20.0 108.0 0.007721877811138183
20.0 110.0 0.0
20.0 112.0 0.0
20.0 114.0 0.0
20.0 116.0 0.0
20.0 118.0 0.0
20.0 120.0 0.0
20.0 122.0 0.0
20.0 124.0 0.0
20.0 126.0 0.0
22.0 0.0 0.0
22.0 2.0 0.0
22.0 4.0 0.0
22.0 6.0 0.0
22.0 8.0 0.0
22.0 10.0 0.0
22.0 12.0 0.0
22.0 14.0 0.0
22.0 16.0 0.002266598016353215
22.0 18.0 0.0
22.0 20.0 0.0
22.0 22.0 0.0
22.0 24.0 0.0
22.0 26.0 0.0
22.0 28.0 0.0
22.0 30.0 0.0
22.0 32.0 0.0
22.0 34.0 0.0
22.0 36.0 0.009853234936632581
22.0 38.0 0.015696851200057673
22.0 40.0 0.008503459696565185
22.0 42.0 0.0
22.0 44.0 0.0
22.0 46.0 0.0
22.0 48.0 0.0
22.0 50.0 0.0
22.0 52.0 0.0
22.0 54.0 0.0
22.0 56.0 0.01628364374382829
22.0 58.0 0.032723450224760725
22.0 60.0 0.029668857177983534
22.0 62.0 0.02646909875931076
22.0 64.0 0.030258644736061175
22.0 66.0 0.06595331325555186
22.0 68.0 0.07885039004996132
22.0 70.0 0.08355486513963982
22.0 72.0 0.07993714182397163
22.0 74.0 0.0731479481732057
22.0 76.0 0.07552130390393687
22.0 78.0 0.07487736528526352
22.0 80.0 0.07276315628117692
22.0 82.0 0.06961713099587723
22.0 84.0 0.0704743447233663
22.0 86.0 0.07608849575423486
22.0 88.0 0.104668940987739
22.0 90.0 0.12661914397492577
22.0 92.0 0.13724624623455497
22.0 94.0 0.10774360596375293
22.0 96.0 0.06361873360359337
22.0 98.0 0.015625061011625634
22.0 100.0 0.0
22.0 102.0 0.0
22.0 104.0 0.0
22.0 106.0 0.0
22.0 108.0 0.0
22.0 110.0 0.0
22.0 112.0 0.0
22.0 114.0 0.0
22.0 116.0 0.0
22.0 118.0 0.0
22.0 120.0 0.0
22.0 122.0 0.0
22.0 124.0 0.0
22.0 126.0 0.0
24.0 0.0 0.0
24.0 2.0 0.0
24.0 4.0 0.0
24.0 6.0 0.0
24.0 8.0 0.0
24.0 10.0 0.0
24.0 12.0 0.0
24.0 14.0 0.0
24.0 16.0 0.0
24.0 18.0 0.0
24.0 20.0 0.0
24.0 22.0 0.0
24.0 24.0 0.0
24.0 26.0 0.0
24.0 28.0 0.0
24.0 30.0 0.0
24.0 32.0 0.0
24.0 34.0 0.0
24.0 36.0 0.0
24.0 38.0 0.0
24.0 40.0 0.0
24.0 42.0 0.0
24.0 44.0 0.0
24.0 46.0 0.0
24.0 48.0 0.0
24.0 50.0 0.0
24.0 52.0 0.0
24.0 54.0 0.008099767520012702
24.0 56.0 0.057539314900807104
24.0 58.0 0.1023384244578337
24.0 60.0 0.1007170973207168
24.0 62.0 0.08912558278619714
24.0 64.0 0.08001991453820456
24.0 66.0 0.09402477801861035
24.0 68.0 0.09175094649518499
24.0 70.0 0.08433268103679335
24.0 72.0 0.05892057701488886
24.0 74.0 0.037818616644787285
24.0 76.0 0.034530505878725415
24.0 78.0 0.05880012773577153
24.0 80.0 0.06646824647607823
24.0 82.0 0.08071011886912145
24.0 84.0 0.10069742777072394
24.0 86.0 0.12550452418333716
24.0 88.0 0.1603079467243764
24.0 90.0 0.22175048639416498
24.0 92.0 0.24710525924961838
24.0 94.0 0.22670787145993412
24.0 96.0 0.17249882343468093
24.0 98.0 0.1011224020928313
24.0 100.0 0.03008807028219514
24.0 102.0 0.0
24.0 104.0 0.0
24.0 106.0 0.0
24.0 108.0 0.0
24.0 110.0 0.0
24.0 112.0 0.0
24.0 114.0 0.0
24.0 116.0 0.0
24.0 118.0 0.0
24.0 120.0 0.0
24.0 122.0 0.0
24.0 124.0 0.0
24.0 126.0 0.0
26.0 0.0 0.0
26.0 2.0 0.0
26.0 4.0 0.0
26.0 6.0 0.0
26.0 8.0 0.0
26.0 10.0 0.0
26.0 12.0 0.0
26.0 14.0 0.0
26.0 16.0 0.0
26.0 18.0 0.0
26.0 20.0 0.0
26.0 22.0 0.0
26.0 24.0 0.0
26.0 26.0 0.0
26.0 28.0 0.0
26.0 30.0 0.0
26.0 32.0 0.0
26.0 34.0 0.0
26.0 36.0 0.0
26.0 38.0 0.0
26.0 40.0 0.0
26.0 42.0 0.0
26.0 44.0 0.0
26.0 46.0 0.0
26.0 48.0 0.0
26.0 50.0 0.0
26.0 52.0 0.0
26.0 54.0 0.02764115016228903
26.0 56.0 0.11010776074982197
26.0 58.0 0.17703545853845848
26.0 60.0 0.17875648071727004
26.0 62.0 0.15424529075678575
26.0 64.0 0.11920326702254769
26.0 66.0 0.10173884710902854
26.0 68.0 0.08648755864648557
26.0 70.0 0.06572469608626129
26.0 72.0 0.02844036997589315
26.0 74.0 7.709978717594469E-4
26.0 76.0 0.0
26.0 78.0 0.021638175629249603
26.0 80.0 0.05755855078436948
26.0 82.0 0.09065484417556581
26.0 84.0 0.1245165546018196
26.0 86.0 0.16467890645280356
26.0 88.0 0.23584477667132822
26.0 90.0 0.3138684309815938
26.0 92.0 0.3454089492904229
26.0 94.0 0.33715956255255136
26.0 96.0 0.2816576527599969
26.0 98.0 0.19338592104192734
26.0 100.0 0.09115593063089757
26.0 102.0 0.011088973023953293
26.0 104.0 0.0
26.0 106.0 0.0
26.0 108.0 0.0
26.0 110.0 0.0
26.0 112.0 0.0
26.0 114.0 0.0
26.0 116.0 0.0
26.0 118.0 0.0
26.0 120.0 0.0
26.0 122.0 0.0
26.0 124.0 0.0
26.0 126.0 0.0
28.0 0.0 0.0
28.0 2.0 0.0
28.0 4.0 0.0
28.0 6.0 0.0
28.0 8.0 0.0
28.0 10.0 0.0
28.0 12.0 0.0
28.0 14.0 0.0
28.0 16.0 0.0
28.0 18.0 0.0
28.0 20.0 0.0
28.0 22.0 0.0
28.0 24.0 0.0
28.0 26.0 0.0
28.0 28.0 0.0
28.0 30.0 0.0
28.0 32.0 0.0
28.0 34.0 0.0
28.0 36.0 0.0
28.0 38.0 0.0
28.0 40.0 0.0
28.0 42.0 0.0
28.0 44.0 0.0
28.0 46.0 0.0
28.0 48.0 0.0
28.0 50.0 0.0
28.0 52.0 0.002476771721998256
28.0 54.0 0.060684794431045276
28.0 56.0 0.1636389630886416
28.0 58.0 0.2272635664642868
28.0 60.0 0.230558676410305
28.0 62.0 0.18950782805277042
28.0 64.0 0.12419784225656576
28.0 66.0 0.06845788143816346
28.0 68.0 0.048507951618119015
28.0 70.0 0.020912191922649422
28.0 72.0 0.004630473724114079
28.0 74.0 0.0
28.0 76.0 0.0
28.0 78.0 0.0
28.0 80.0 0.030628504594631404
28.0 82.0 0.09510263848620908
28.0 84.0 0.14610512238820708
28.0 86.0 0.1993218584515937
28.0 88.0 0.27178206583960146
28.0 90.0 0.37917105420918856
28.0 92.0 0.4147665228630743
28.0 94.0 0.42101234573045376
28.0 96.0 0.376093081722062
28.0 98.0 0.2871987599583908
28.0 100.0 0.17161178083368347
28.0 102.0 0.04512110130325941
28.0 104.0 0.0
28.0 106.0 0.0
28.0 108.0 0.0
28.0 110.0 0.0
28.0 112.0 0.0
28.0 114.0 0.0
28.0 116.0 0.0
28.0 118.0 0.0
28.0 120.0 0.0
28.0 122.0 0.0
28.0 124.0 0.0
28.0 126.0 0.0
30.0 0.0 0.0
30.0 2.0 0.0
30.0 4.0 0.0
30.0 6.0 0.0
30.0 8.0 0.0
30.0 10.0 0.0
30.0 12.0 0.0
30.0 14.0 0.0
30.0 16.0 0.0
30.0 18.0 0.0
30.0 20.0 0.0
30.0 22.0 0.0
30.0 24.0 0.0
30.0 26.0 0.0
30.0 28.0 0.0
30.0 30.0 0.0
30.0 32.0 0.0
30.0 34.0 0.0
30.0 36.0 0.0
30.0 38.0 0.0
30.0 40.0 0.0
30.0 42.0 0.0
30.0 44.0 0.0
30.0 46.0 0.0
30.0 48.0 0.003980632719003952
30.0 50.0 0.005169043051014782
30.0 52.0 0.02583141810357714
30.0 54.0 0.13497303384065776
30.0 56.0 0.2062735231249133
30.0 58.0 0.24152889271499814
30.0 60.0 0.22917535689961022
30.0 62.0 0.16453776997806346
30.0 64.0 0.07164820626753113
30.0 66.0 0.008487805465777777
30.0 68.0 9.037947422048765E-4
30.0 70.0 0.0
30.0 72.0 0.0
30.0 74.0 0.0
30.0 76.0 0.0
30.0 78.0 0.0
30.0 80.0 0.008551191711518922
30.0 82.0 0.09048129828606673
30.0 84.0 0.15961898728143906
30.0 86.0 0.22841236280016294
30.0 88.0 0.30137829355776574
30.0 90.0 0.4216155241993163
30.0 92.0 0.4569912781852293
30.0 94.0 0.4581862471590286
30.0 96.0 0.4194383839828602
30.0 98.0 0.3545044172097105
30.0 100.0 0.2349622965700748
30.0 102.0 0.0757531290992708
30.0 104.0 0.0
30.0 106.0 0.0
30.0 108.0 0.0
30.0 110.0 0.0
30.0 112.0 0.0
30.0 114.0 0.0
30.0 116.0 0.0
30.0 118.0 0.0
30.0 120.0 0.0
30.0 122.0 0.0
30.0 124.0 0.0
30.0 126.0 0.0
32.0 0.0 0.0
32.0 2.0 0.0
32.0 4.0 0.0
32.0 6.0 0.0
32.0 8.0 0.0
32.0 10.0 0.0
32.0 12.0 0.0
32.0 14.0 0.0
32.0 16.0 0.0
32.0 18.0 0.0
32.0 20.0 0.0
32.0 22.0 0.0
32.0 24.0 0.0
32.0 26.0 0.0
32.0 28.0 0.0
32.0 30.0 0.0
32.0 32.0 0.0
32.0 34.0 0.0
32.0 36.0 0.0
32.0 38.0 0.0
32.0 40.0 0.0
32.0 42.0 0.001195149561872919
32.0 44.0 0.010965384499776418
32.0 46.0 0.037623312638457196
32.0 48.0 0.07324068405277297
32.0 50.0 0.11594059422253426
32.0 52.0 0.18094254858460698
32.0 54.0 0.23132031461333516
32.0 56.0 0.24234549849226536
32.0 58.0 0.23627798662193453
32.0 60.0 0.1803430808527351
32.0 62.0 0.07561570041574465
32.0 64.0 0.001467136301580815
32.0 66.0 0.0
32.0 68.0 0.0
32.0 70.0 0.0
32.0 72.0 0.0
32.0 74.0 0.0
32.0 76.0 0.0
32.0 78.0 0.0
32.0 80.0 0.006439573485120478
32.0 82.0 0.09896246947826787
32.0 84.0 0.19330109982769117
32.0 86.0 0.2851725108372834
32.0 88.0 0.36620463234712314
32.0 90.0 0.4263129562418912
32.0 92.0 0.4619691193991644
32.0 94.0 0.46357660869547607
32.0 96.0 0.4407954017043867
32.0 98.0 0.40130988357218694
32.0 100.0 0.2711466423843889
32.0 102.0 0.08543064664864614
32.0 104.0 0.0
32.0 106.0 0.0
32.0 108.0 0.0
32.0 110.0 0.0
32.0 112.0 0.0
32.0 114.0 0.0
32.0 116.0 0.0
32.0 118.0 0.0
32.0 120.0 0.0
32.0 122.0 0.0
32.0 124.0 0.0
32.0 126.0 0.0
34.0 0.0 0.0
34.0 2.0 0.0
34.0 4.0 0.0
34.0 6.0 0.0
34.0 8.0 0.0
34.0 10.0 0.019306857444030937
34.0 12.0 0.0920621843807074
34.0 14.0 0.10811908364831396
34.0 16.0 0.019382912633573692
34.0 18.0 0.0
34.0 20.0 0.0
34.0 22.0 0.0
34.0 24.0 0.0
34.0 26.0 0.0
34.0 28.0 0.0
34.0 30.0 0.0
34.0 32.0 0.0
34.0 34.0 0.0
34.0 36.0 0.0
34.0 38.0 0.0
34.0 40.0 0.006260501371820843
34.0 42.0 0.039018484118199186
34.0 44.0 0.0914396307544275
34.0 46.0 0.14641398435287561
34.0 48.0 0.2360110933176618
34.0 50.0 0.29637044151018577
34.0 52.0 0.31718684168530314
34.0 54.0 0.316562314102634
34.0 56.0 0.2902516609943238
34.0 58.0 0.22039042603230832
34.0 60.0 0.1049451296875452
34.0 62.0 0.0011210380804042965
34.0 64.0 0.0
34.0 66.0 0.0
34.0 68.0 0.0
34.0 70.0 0.0
34.0 72.0 0.0
34.0 74.0 0.0
34.0 76.0 0.0
34.0 78.0 0.0
34.0 80.0 0.004152705145319004
34.0 82.0 0.09619617249260691
34.0 84.0 0.19999636986633262
34.0 86.0 0.29450612318326685
34.0 88.0 0.3733458414030113
34.0 90.0 0.43219139875347506
34.0 92.0 0.47110398058886765
34.0 94.0 0.4784632258985731
34.0 96.0 0.46889846883495556
34.0 98.0 0.42111861565060255
34.0 100.0 0.27844152232017844
34.0 102.0 0.07497608640102729
34.0 104.0 0.0
34.0 106.0 0.0
34.0 108.0 0.0
34.0 110.0 0.0
34.0 112.0 0.0
34.0 114.0 0.0
34.0 116.0 0.0
34.0 118.0 0.0
34.0 120.0 0.0
34.0 122.0 0.0
34.0 124.0 0.0
34.0 126.0 0.0
36.0 0.0 0.0
36.0 2.0 0.0
36.0 4.0 0.0
36.0 6.0 0.0
36.0 8.0 0.0
36.0 10.0 0.11798022250294771
36.0 12.0 0.22220517645951435
36.0 14.0 0.201166151617823
36.0 16.0 0.06046211500005556
36.0 18.0 0.0
36.0 20.0 0.0
36.0 22.0 0.0
36.0 24.0 0.0
36.0 26.0 0.0
36.0 28.0 0.0
36.0 30.0 0.0
36.0 32.0 0.0
36.0 34.0 0.0
36.0 36.0 0.0
36.0 38.0 0.0
36.0 40.0 0.047572008365832884
36.0 42.0 0.11403642381298158
36.0 44.0 0.1814529025867583
36.0 46.0 0.24274235257966367
36.0 48.0 0.2921147692987329
36.0 50.0 0.3846510246168216
36.0 52.0 0.38759315267003985
36.0 54.0 0.35916387489361706
36.0 56.0 0.302713638835057
36.0 58.0 0.18651639378142557
36.0 60.0 0.022239419411494297
36.0 62.0 0.0
36.0 64.0 0.0
36.0 66.0 0.0
36.0 68.0 0.0
36.0 70.0 0.0
36.0 72.0 0.0
36.0 74.0 0.0
36.0 76.0 0.0
36.0 78.0 0.0
36.0 80.0 7.169135226082349E-4
36.0 82.0 0.07898098619717177
36.0 84.0 0.1878250757604798
36.0 86.0 0.294317010480501
36.0 88.0 0.39755232461486695
36.0 90.0 0.45571820919136447
36.0 92.0 0.48755476950658405
36.0 94.0 0.48959596962077256
36.0 96.0 0.47523190652199676
36.0 98.0 0.4152480848802684
36.0 100.0 0.2595432920646819
36.0 102.0 0.05996708156701314
36.0 104.0 0.002614891241734396
36.0 106.0 0.0
36.0 108.0 0.0
36.0 110.0 0.0
36.0 112.0 0.0
36.0 114.0 0.0
36.0 116.0 0.0
36.0 118.0 0.0
36.0 120.0 0.0
36.0 122.0 0.0
36.0 124.0 0.0
36.0 126.0 0.0
38.0 0.0 0.0
38.0 2.0 0.0
38.0 4.0 0.0
38.0 6.0 0.0959821385178024
38.0 8.0 0.33571130320164827
38.0 10.0 0.40347524605777124
38.0 12.0 0.39476300234461587
38.0 14.0 0.2879729675384018
38.0 16.0 0.08713782358749152
38.0 18.0 0.0
38.0 20.0 0.0
38.0 22.0 0.0
38.0 24.0 0.0
38.0 26.0 0.0
38.0 28.0 0.0
38.0 30.0 0.0
38.0 32.0 0.0
38.0 34.0 0.0
38.0 36.0 0.0
38.0 38.0 0.005622199939181889
38.0 40.0 0.09272496951827619
38.0 42.0 0.1749013613575564
38.0 44.0 0.25133166049190836
38.0 46.0 0.31535362400200867
38.0 48.0 0.3606283209943431
38.0 50.0 0.3872839984855459
38.0 52.0 0.4505613577825067
38.0 54.0 0.41063455038373603
38.0 56.0 0.31506728532872563
38.0 58.0 0.14309576448637415
38.0 60.0 0.0
38.0 62.0 0.0
38.0 64.0 0.0
38.0 66.0 0.0
38.0 68.0 0.0
38.0 70.0 0.0
38.0 72.0 0.0
38.0 74.0 0.0
38.0 76.0 0.0
38.0 78.0 0.0
38.0 80.0 0.0
38.0 82.0 0.055366955372746385
38.0 84.0 0.175189052720503
38.0 86.0 0.2950756242684403
38.0 88.0 0.38476265932555503
38.0 90.0 0.44511383459367077
38.0 92.0 0.4775983178508438
38.0 94.0 0.49102311267693427
38.0 96.0 0.484546608946411
38.0 98.0 0.38882681197399194
38.0 100.0 0.20745789872265677
38.0 102.0 0.03763211008677308
38.0 104.0 0.0
38.0 106.0 0.0
38.0 108.0 0.0
38.0 110.0 0.0
38.0 112.0 0.0
38.0 114.0 0.0
38.0 116.0 0.0
38.0 118.0 0.0
38.0 120.0 0.0
38.0 122.0 0.0
38.0 124.0 0.0
38.0 126.0 0.0
40.0 0.0 0.0
40.0 2.0 0.0
40.0 4.0 0.0
40.0 6.0 0.2373062360770968
40.0 8.0 0.44279578241268264
40.0 10.0 0.46577753694136376
40.0 12.0 0.4386618651828676
40.0 14.0 0.3212364000991058
40.0 16.0 0.09938298461569288
40.0 18.0 0.0
40.0 20.0 0.0
40.0 22.0 0.0
40.0 24.0 0.0
40.0 26.0 0.0
40.0 28.0 0.0
40.0 30.0 0.0
40.0 32.0 0.0
40.0 34.0 0.0
40.0 36.0 0.0
40.0 38.0 0.002921001122614508
40.0 40.0 0.11779241106498367
40.0 42.0 0.2233107219560405
40.0 44.0 0.3139201647715188
40.0 46.0 0.3788899114902647
40.0 48.0 0.4154845828824559
40.0 50.0 0.43030574465015414
40.0 52.0 0.4431052088383935
40.0 54.0 0.4306059223040297
40.0 56.0 0.3144731723945169
40.0 58.0 0.10056441235557068
40.0 60.0 0.0
40.0 62.0 0.0
40.0 64.0 0.0
40.0 66.0 0.0
40.0 68.0 0.0
40.0 70.0 0.0
40.0 72.0 0.0
40.0 74.0 0.0
40.0 76.0 0.0
40.0 78.0 0.0
40.0 80.0 0.0
40.0 82.0 0.028404990917157046
40.0 84.0 0.15114697872402125
40.0 86.0 0.2777159560170403
40.0 88.0 0.3720364869845702
40.0 90.0 0.4310447726240078
40.0 92.0 0.45445840807363286
40.0 94.0 0.4592731374510796
40.0 96.0 0.44232625329115255
40.0 98.0 0.32461113634188404
40.0 100.0 0.1194844587102583
40.0 102.0 0.016372935313198958
40.0 104.0 0.0
40.0 106.0 0.0
40.0 108.0 0.0
40.0 110.0 0.0
40.0 112.0 0.0
40.0 114.0 0.0
40.0 116.0 0.0
40.0 118.0 0.0
40.0 120.0 0.0
40.0 122.0 0.0
40.0 124.0 0.0
40.0 126.0 0.0
42.0 0.0 0.0
42.0 2.0 0.0
42.0 4.0 0.3351581227468447
42.0 6.0 0.46986290971070593
42.0 8.0 0.47622129910594047
42.0 10.0 0.4800888935417591
42.0 12.0 0.4310800504053504
42.0 14.0 0.34235895724479004
42.0 16.0 0.01786549122982161
42.0 18.0 0.0
42.0 20.0 0.0
42.0 22.0 0.0
42.0 24.0 0.0
42.0 26.0 0.0
42.0 28.0 0.0
42.0 30.0 0.0
42.0 32.0 0.0
42.0 34.0 0.0
42.0 36.0 0.0
42.0 38.0 0.004739499830778386
42.0 40.0 0.1487519214840983
42.0 42.0 0.3002748253633009
42.0 44.0 0.39714984344392296
42.0 46.0 0.429061089175697
42.0 48.0 0.45341343333902934
42.0 50.0 0.45785511377944244
42.0 52.0 0.4762354255953976
42.0 54.0 0.4500599001557137
42.0 56.0 0.30566033826763334
42.0 58.0 0.06124915386701177
42.0 60.0 0.0
42.0 62.0 0.0
42.0 64.0 0.0
42.0 66.0 0.0
42.0 68.0 0.0
42.0 70.0 0.0
42.0 72.0 0.0
42.0 74.0 0.0
42.0 76.0 0.0
42.0 78.0 0.0
42.0 80.0 0.0
42.0 82.0 0.006248439825375374
42.0 84.0 0.1218852936660267
42.0 86.0 0.25148955978421933
42.0 88.0 0.356469331683068
42.0 90.0 0.413462848168783
42.0 92.0 0.4166637439438705
42.0 94.0 0.3973289960894464
42.0 96.0 0.35099067346478546
42.0 98.0 0.23241929763227268
42.0 100.0 0.036988267537919416
42.0 102.0 0.0
42.0 104.0 0.0
42.0 106.0 0.0
42.0 108.0 0.0
42.0 110.0 0.0
42.0 112.0 0.0
42.0 114.0 0.0
42.0 116.0 0.0
42.0 118.0 0.0
42.0 120.0 0.0
42.0 122.0 0.0
42.0 124.0 0.0
42.0 126.0 0.0
44.0 0.0 0.0
44.0 2.0 0.0
44.0 4.0 0.40651361257454993
44.0 6.0 0.4732170596294088
44.0 8.0 0.47320514685672693
44.0 10.0 0.47463945177930217
44.0 12.0 0.4717875920450512
44.0 14.0 0.31395458353445155
44.0 16.0 0.005492485195029447
44.0 18.0 0.0
44.0 20.0 0.0
44.0 22.0 0.0
44.0 24.0 0.0
44.0 26.0 0.0
44.0 28.0 0.0
44.0 30.0 0.0
44.0 32.0 0.0
44.0 34.0 0.0
44.0 36.0 0.0
44.0 38.0 0.010141208095291265
44.0 40.0 0.20859844168164576
44.0 42.0 0.3953013540364108
44.0 44.0 0.44371162064703323
44.0 46.0 0.46170545730167317
44.0 48.0 0.48404982373675387
44.0 50.0 0.4817060575085277
44.0 52.0 0.5074180117632309
44.0 54.0 0.4694306917575386
44.0 56.0 0.29121334854713726
44.0 58.0 0.030855126245712506
44.0 60.0 0.0
44.0 62.0 0.0
44.0 64.0 0.0
44.0 66.0 0.0
44.0 68.0 0.0
44.0 70.0 0.0
44.0 72.0 0.0
44.0 74.0 0.0
44.0 76.0 0.0
44.0 78.0 0.0
44.0 80.0 0.0
44.0 82.0 0.0013212549060656273
44.0 84.0 0.09381682380732781
44.0 86.0 0.21912002283780896
44.0 88.0 0.3246305727141791
44.0 90.0 0.37636900914416094
44.0 92.0 0.36675079333632743
44.0 94.0 0.3295106292461129
44.0 96.0 0.24496956612417453
44.0 98.0 0.11808534046556003
44.0 100.0 0.0011723331084248462
44.0 102.0 0.0
44.0 104.0 0.0
44.0 106.0 0.0
44.0 108.0 0.0
44.0 110.0 0.0
44.0 112.0 0.0
44.0 114.0 0.0
44.0 116.0 0.0
44.0 118.0 0.0
44.0 120.0 0.0
44.0 122.0 0.0
44.0 124.0 0.0
44.0 126.0 0.0
46.0 0.0 0.0
46.0 2.0 0.0
46.0 4.0 0.4514035545808796
46.0 6.0 0.465911222912968
46.0 8.0 0.460224843052042
46.0 10.0 0.4692570053871922
46.0 12.0 0.47506270446663557
46.0 14.0 0.2186839651279389
46.0 16.0 0.0
46.0 18.0 0.0
46.0 20.0 0.0
46.0 22.0 0.0
46.0 24.0 0.0
46.0 26.0 0.0
46.0 28.0 0.0
46.0 30.0 0.0
46.0 32.0 0.0
46.0 34.0 0.0
46.0 36.0 0.0
46.0 38.0 0.02612576083689615
46.0 40.0 0.24190939354902452
46.0 42.0 0.4107191843277673
46.0 44.0 0.44445096756560387
46.0 46.0 0.48105405590965705
46.0 48.0 0.5009259702111957
46.0 50.0 0.4960866691421901
46.0 52.0 0.5338703674924731
46.0 54.0 0.481270173239895
46.0 56.0 0.26371322713305495
46.0 58.0 0.006722028471091813
46.0 60.0 0.0
46.0 62.0 0.0
46.0 64.0 0.0
46.0 66.0 0.0
46.0 68.0 0.0
46.0 70.0 0.0
46.0 72.0 0.0
46.0 74.0 0.0
46.0 76.0 0.0
46.0 78.0 0.0
46.0 80.0 0.0
46.0 82.0 0.0010444765935867467
46.0 84.0 0.07996077487883493
46.0 86.0 0.1954115266489267
46.0 88.0 0.2870855056767882
46.0 90.0 0.32457473326311886
46.0 92.0 0.2937647048819982
46.0 94.0 0.20829124219035647
46.0 96.0 0.13742177553793322
46.0 98.0 0.03701389835293708
46.0 100.0 0.0
46.0 102.0 0.0
46.0 104.0 0.0
46.0 106.0 0.0
46.0 108.0 0.0
46.0 110.0 0.0
46.0 112.0 0.0
46.0 114.0 0.0
46.0 116.0 0.0
46.0 118.0 0.0
46.0 120.0 0.006312526986920668
46.0 122.0 0.05978716834466515
46.0 124.0 0.12441572885768111
46.0 126.0 0.0
48.0 0.0 0.0
48.0 2.0 0.47086845996020177
48.0 4.0 0.44324969819236
48.0 6.0 0.4226460286026004
48.0 8.0 0.41722230432209634
48.0 10.0 0.4534440600474614
48.0 12.0 0.3292067047647867
48.0 14.0 0.055298990670918945
48.0 16.0 0.0
48.0 18.0 0.0
48.0 20.0 0.0
48.0 22.0 0.0
48.0 24.0 0.0
48.0 26.0 0.0
48.0 28.0 0.0
48.0 30.0 0.0
48.0 32.0 0.0
48.0 34.0 0.0
48.0 36.0 0.0
48.0 38.0 0.047826868408559466
48.0 40.0 0.2676872592924848
48.0 42.0 0.391216260077272
48.0 44.0 0.44768757431039424
48.0 46.0 0.4903385831875529
48.0 48.0 0.5068917252880726
48.0 50.0 0.5404063455629228
48.0 52.0 0.5776012685982971
48.0 54.0 0.4773770135122927
48.0 56.0 0.21570300214367125
48.0 58.0 0.0
48.0 60.0 0.0
48.0 62.0 0.0
48.0 64.0 0.0
48.0 66.0 0.0
48.0 68.0 0.0
48.0 70.0 0.0
48.0 72.0 0.0
48.0 74.0 0.0
48.0 76.0 0.0
48.0 78.0 0.0
48.0 80.0 0.0
48.0 82.0 0.01432991349465574
48.0 84.0 0.10393124267576105
48.0 86.0 0.19657419909086316
48.0 88.0 0.25562354661844966
48.0 90.0 0.2683807240222071
48.0 92.0 0.21684783261431995
48.0 94.0 0.13349753733731975
48.0 96.0 0.08236998948021135
48.0 98.0 0.010246432190670616
48.0 100.0 0.0
48.0 102.0 0.0
48.0 104.0 0.0
48.0 106.0 0.0
48.0 108.0 0.0
48.0 110.0 0.0
48.0 112.0 0.0
48.0 114.0 0.0
48.0 116.0 0.0
48.0 118.0 0.012826908860861401
48.0 120.0 0.09468460447786702
48.0 122.0 0.16186717886885107
48.0 124.0 0.21325442189535349
48.0 126.0 0.0
50.0 0.0 0.0
50.0 2.0 0.4726822521419896
50.0 4.0 0.4311072468344969
50.0 6.0 0.39874949596983605
50.0 8.0 0.3697757834900635
50.0 10.0 0.37082773638998684
50.0 12.0 0.1896972323981151
50.0 14.0 0.03461900926503541
50.0 16.0 0.0
50.0 18.0 0.0
50.0 20.0 0.0
50.0 22.0 0.0
50.0 24.0 0.0
50.0 26.0 0.0
50.0 28.0 0.0
50.0 30.0 0.0
50.0 32.0 0.0
50.0 34.0 0.0
50.0 36.0 0.0
50.0 38.0 0.0874615868229513
50.0 40.0 0.28722458463021466
50.0 42.0 0.3784536251743426
50.0 44.0 0.4394052527086183
50.0 46.0 0.486326950907301
50.0 48.0 0.5169683626474787
50.0 50.0 0.6017343625305972
50.0 52.0 0.5800772887892806
50.0 54.0 0.46494903030707757
50.0 56.0 0.14241071578910694
50.0 58.0 0.0
50.0 60.0 0.0
50.0 62.0 0.0
50.0 64.0 0.0
50.0 66.0 0.0
50.0 68.0 0.0
50.0 70.0 0.0
50.0 72.0 0.0
50.0 74.0 0.0
50.0 76.0 0.0
50.0 78.0 0.0
50.0 80.0 0.0
50.0 82.0 0.05692687934003591
50.0 84.0 0.14306176784780053
50.0 86.0 0.21510775412859084
50.0 88.0 0.2549912304424764
50.0 90.0 0.23801458502803152
50.0 92.0 0.1561772987020945
50.0 94.0 0.09811863542277897
50.0 96.0 0.02555704074140568
50.0 98.0 0.0
50.0 100.0 0.0
50.0 102.0 0.0
50.0 104.0 0.0
50.0 106.0 0.0
50.0 108.0 0.0
50.0 110.0 0.0
50.0 112.0 0.0
50.0 114.0 0.0
50.0 116.0 0.005018783830134304
50.0 118.0 0.07209714924366249
50.0 120.0 0.15657925912082304
50.0 122.0 0.2173559378826725
50.0 124.0 0.2714223601985487
50.0 126.0 0.0
52.0 0.0 0.0
52.0 2.0 0.44011117692250407
52.0 4.0 0.40625343585556634
52.0 6.0 0.3370659136397726
52.0 8.0 0.2780601566443025
52.0 10.0 0.20420390551382683
52.0 12.0 0.0888032686991098
52.0 14.0 0.009128053190483364
52.0 16.0 0.0
52.0 18.0 0.0
52.0 20.0 0.0
52.0 22.0 0.0
52.0 24.0 0.0
52.0 26.0 0.0
52.0 28.0 0.0
52.0 30.0 0.0
52.0 32.0 0.0
52.0 34.0 0.0
52.0 36.0 0.00382668944927248
52.0 38.0 0.12228449463322034
52.0 40.0 0.28106731895992565
52.0 42.0 0.3537241898241747
52.0 44.0 0.42316607729855044
52.0 46.0 0.46786326059050265
52.0 48.0 0.5532335550099797
52.0 50.0 0.6002609581770436
52.0 52.0 0.5808745717568501
52.0 54.0 0.4295627758597666
52.0 56.0 0.06525401110269785
52.0 58.0 0.0
52.0 60.0 0.0
52.0 62.0 0.0
52.0 64.0 0.0
52.0 66.0 0.0
52.0 68.0 0.0
52.0 70.0 0.0
52.0 72.0 0.0
52.0 74.0 0.0
52.0 76.0 0.0
52.0 78.0 0.0
52.0 80.0 0.022355784069749546
52.0 82.0 0.10310287386350651
52.0 84.0 0.1777437395199992
52.0 86.0 0.23880455625185468
52.0 88.0 0.2614380700978575
52.0 90.0 0.23222240921319556
52.0 92.0 0.14040946333712698
52.0 94.0 0.07987020132788318
52.0 96.0 0.013963204262390947
52.0 98.0 0.0
52.0 100.0 0.0
52.0 102.0 0.0
52.0 104.0 0.0
52.0 106.0 0.0
52.0 108.0 0.0
52.0 110.0 0.0
52.0 112.0 0.0
52.0 114.0 0.0
52.0 116.0 0.025743487142571662
52.0 118.0 0.10352288610923865
52.0 120.0 0.17349919352585774
52.0 122.0 0.23077615804951557
52.0 124.0 0.2912001019785691
52.0 126.0 0.0
54.0 0.0 0.0
54.0 2.0 0.39710906875218255
54.0 4.0 0.3080077774433432
54.0 6.0 0.2175090001374316
54.0 8.0 0.12880483607884838
54.0 10.0 0.036620659744906976
54.0 12.0 0.022368261015458663
54.0 14.0 1.1922301127005666E-4
54.0 16.0 0.0
54.0 18.0 0.0
54.0 20.0 0.0
54.0 22.0 0.0
54.0 24.0 0.0
54.0 26.0 0.0
54.0 28.0 0.0
54.0 30.0 0.0
54.0 32.0 0.0
54.0 34.0 3.425072850984059E-5
54.0 36.0 0.034459352988263935
54.0 38.0 0.15006879830145295
54.0 40.0 0.26885902928477184
54.0 42.0 0.3337912224925426
54.0 44.0 0.3986267328048436
54.0 46.0 0.4544057028847634
54.0 48.0 0.5541579244478178
54.0 50.0 0.5760710948348601
54.0 52.0 0.5451936305638894
54.0 54.0 0.3433963068940451
54.0 56.0 0.008124321516355509
54.0 58.0 0.0
54.0 60.0 0.0
54.0 62.0 0.0
54.0 64.0 0.0
54.0 66.0 0.0
54.0 68.0 0.0
54.0 70.0 0.0
54.0 72.0 0.0
54.0 74.0 0.0
54.0 76.0 0.0
54.0 78.0 0.00151419336211322
54.0 80.0 0.0595143262810442
54.0 82.0 0.1286501087294078
54.0 84.0 0.18844809956418562
54.0 86.0 0.26210985139198334
54.0 88.0 0.27651848126156786
54.0 90.0 0.2457685992177416
54.0 92.0 0.15462303826454385
54.0 94.0 0.07695839872143459
54.0 96.0 0.010897196503996205
54.0 98.0 0.0
54.0 100.0 0.0
54.0 102.0 0.0
54.0 104.0 0.0
54.0 106.0 0.0
54.0 108.0 0.0
54.0 110.0 0.0
54.0 112.0 0.0
54.0 114.0 0.0
54.0 116.0 0.02132482611049374
54.0 118.0 0.09366181001013067
54.0 120.0 0.15949554862412316
54.0 122.0 0.2211133825092344
54.0 124.0 0.29731238625791373
54.0 126.0 0.32886797541912677
56.0 0.0 0.0
56.0 2.0 0.2510476799672888
56.0 4.0 0.03801811146178825
56.0 6.0 0.0
56.0 8.0 0.0
56.0 10.0 0.0
56.0 12.0 0.0
56.0 14.0 0.0
56.0 16.0 0.0
56.0 18.0 0.0
56.0 20.0 0.0
56.0 22.0 0.0
56.0 24.0 0.0
56.0 26.0 0.0
56.0 28.0 0.0
56.0 30.0 0.0
56.0 32.0 0.0030839535336157874
56.0 34.0 0.020995501839292347
56.0 36.0 0.07753780151103595
56.0 38.0 0.1668586162292229
56.0 40.0 0.2301515415856157
56.0 42.0 0.3019529592656352
56.0 44.0 0.36037910689839814
56.0 46.0 0.4177214526962075
56.0 48.0 0.5031207660267859
56.0 50.0 0.5150474926328984
56.0 52.0 0.44009968466266297
56.0 54.0 0.2094791098566531
56.0 56.0 0.0
56.0 58.0 0.0
56.0 60.0 0.0
56.0 62.0 0.0
56.0 64.0 0.0
56.0 66.0 0.0
56.0 68.0 0.0
56.0 70.0 0.0
56.0 72.0 0.0
56.0 74.0 0.0
56.0 76.0 0.0
56.0 78.0 0.01433120265152147
56.0 80.0 0.08290768646567041
56.0 82.0 0.1471741148682549
56.0 84.0 0.19738044500405974
56.0 86.0 0.2598088009620556
56.0 88.0 0.29702325328410684
56.0 90.0 0.2684444360404984
56.0 92.0 0.19139188518878833
56.0 94.0 0.07843105162038531
56.0 96.0 0.0031403233690932455
56.0 98.0 0.0
56.0 100.0 0.0
56.0 102.0 0.0
56.0 104.0 0.0
56.0 106.0 0.0
56.0 108.0 0.0
56.0 110.0 0.0
56.0 112.0 0.0
56.0 114.0 0.0
56.0 116.0 5.712642989452927E-4
56.0 118.0 0.04480343252800842
56.0 120.0 0.12109889931038083
56.0 122.0 0.1886762230554805
56.0 124.0 0.2623864706849883
56.0 126.0 0.3176162533285
58.0 0.0 0.0
58.0 2.0 0.10548219960323298
58.0 4.0 0.0
58.0 6.0 0.0
58.0 8.0 0.0
58.0 10.0 0.0
58.0 12.0 0.0
58.0 14.0 0.0
58.0 16.0 0.0
58.0 18.0 0.0
58.0 20.0 0.0
58.0 22.0 0.0
58.0 24.0 0.0
58.0 26.0 0.0
58.0 28.0 0.005295034337217102
58.0 30.0 0.017670269350187447
58.0 32.0 0.034661148746369906
58.0 34.0 0.06805131563418276
58.0 36.0 0.11721395427685755
58.0 38.0 0.1754271924765363
58.0 40.0 0.20714140765602618
58.0 42.0 0.26075158655127467
58.0 44.0 0.30272273956732565
58.0 46.0 0.3610524220477467
58.0 48.0 0.40584401738860615
58.0 50.0 0.38374486554598725
58.0 52.0 0.2733034156546085
58.0 54.0 0.07010443494490406
58.0 56.0 0.0
58.0 58.0 0.0
58.0 60.0 0.0
58.0 62.0 0.0
58.0 64.0 0.0
58.0 66.0 0.0
58.0 68.0 0.0
58.0 70.0 0.0
58.0 72.0 0.0
58.0 74.0 0.0
58.0 76.0 0.0
58.0 78.0 0.0354948476323217
58.0 80.0 0.10442227423984596
58.0 82.0 0.16174107441638808
58.0 84.0 0.20820030389318825
58.0 86.0 0.3029527822618858
58.0 88.0 0.3136631028137552
58.0 90.0 0.28925929430044467
58.0 92.0 0.21862207926129454
58.0 94.0 0.11538872958029535
58.0 96.0 0.009418552610184212
58.0 98.0 0.0
58.0 100.0 0.0
58.0 102.0 0.0
58.0 104.0 0.0
58.0 106.0 0.0
58.0 108.0 0.0
58.0 110.0 0.0
58.0 112.0 0.0
58.0 114.0 0.0
58.0 116.0 0.0
58.0 118.0 0.007978741883234419
58.0 120.0 0.07074292963203903
58.0 122.0 0.13939095069002153
58.0 124.0 0.2197438501135763
58.0 126.0 0.28666520480709173
60.0 0.0 0.0
60.0 2.0 0.0710255591884444
60.0 4.0 0.0
60.0 6.0 0.0
60.0 8.0 0.0
60.0 10.0 0.0
60.0 12.0 0.0
60.0 14.0 0.0
60.0 16.0 0.0
60.0 18.0 0.0
60.0 20.0 0.0
60.0 22.0 0.0
60.0 24.0 0.005625347191387103
60.0 26.0 0.02668298082580635
60.0 28.0 0.0448868482183924
60.0 30.0 0.0710263932017325
60.0 32.0 0.10173272186581735
60.0 34.0 0.13003459120439367
60.0 36.0 0.1565416169055437
60.0 38.0 0.16339562487308595
60.0 40.0 0.1873166091095384
60.0 42.0 0.21123548400410938
60.0 44.0 0.22858477795362675
60.0 46.0 0.25818735925993785
60.0 48.0 0.26301190237492117
60.0 50.0 0.20238199832175843
60.0 52.0 0.09614848569825746
60.0 54.0 0.0013546886610480444
60.0 56.0 0.0
60.0 58.0 0.0
60.0 60.0 0.0
60.0 62.0 0.0
60.0 64.0 0.0
60.0 66.0 0.0
60.0 68.0 0.0
60.0 70.0 0.0
60.0 72.0 0.0
60.0 74.0 0.0
60.0 76.0 0.006032452533164967
60.0 78.0 0.058964251614091766
60.0 80.0 0.1226619619231789
60.0 82.0 0.17958526390264876
60.0 84.0 0.22496700612375473
60.0 86.0 0.31762104820351217
60.0 88.0 0.33078958691656374
60.0 90.0 0.3080678318774525
60.0 92.0 0.2420496291798182
60.0 94.0 0.14398141915665366
60.0 96.0 0.026257297784314574
60.0 98.0 0.0
60.0 100.0 0.0
60.0 102.0 0.0
60.0 104.0 0.0
60.0 106.0 0.0
60.0 108.0 0.0
60.0 110.0 0.0
60.0 112.0 0.0
60.0 114.0 0.0
60.0 116.0 0.0
60.0 118.0 0.0
60.0 120.0 0.02226842816453056
60.0 122.0 0.08146902714745798
60.0 124.0 0.15137541818795494
60.0 126.0 0.24474698276970133
62.0 0.0 0.0
62.0 2.0 0.06111080249570643
62.0 4.0 0.0
62.0 6.0 0.0
62.0 8.0 0.0
62.0 10.0 0.0
62.0 12.0 0.0
62.0 14.0 0.0
62.0 16.0 0.0
62.0 18.0 0.0
62.0 20.0 0.0
62.0 22.0 0.008369967075381285
62.0 24.0 0.04021723175904148
62.0 26.0 0.07925119915323928
62.0 28.0 0.12084323891971364
62.0 30.0 0.15704945910692727
62.0 32.0 0.18441048212020741
62.0 34.0 0.1964603952112647
62.0 36.0 0.17727955352200223
62.0 38.0 0.16836579777797236
62.0 40.0 0.1604820729186283
62.0 42.0 0.14879743530338482
62.0 44.0 0.1359824952218812
62.0 46.0 0.12035393160951095
62.0 48.0 0.09971297131484835
62.0 50.0 0.026961686839445734
62.0 52.0 0.0
62.0 54.0 0.0
62.0 56.0 0.0
62.0 58.0 0.0
62.0 60.0 0.0
62.0 62.0 0.0
62.0 64.0 0.0
62.0 66.0 0.0
62.0 68.0 0.0
62.0 70.0 0.0
62.0 72.0 0.0
62.0 74.0 0.0013363899157224149
62.0 76.0 0.029157499190118338
62.0 78.0 0.09497012020836008
62.0 80.0 0.16547271698365695
62.0 82.0 0.23185711769061687
62.0 84.0 0.2858910778218491
62.0 86.0 0.32057190924818907
62.0 88.0 0.3309235149605471
62.0 90.0 0.31253268747536844
62.0 92.0 0.2568914224792368
62.0 94.0 0.16496107081430247
62.0 96.0 0.043344839035070075
62.0 98.0 0.0
62.0 100.0 0.0
62.0 102.0 0.0
62.0 104.0 0.0
62.0 106.0 0.0
62.0 108.0 0.0
62.0 110.0 0.0
62.0 112.0 0.0
62.0 114.0 0.0
62.0 116.0 0.0
62.0 118.0 0.0
62.0 120.0 2.9477944323257353E-4
62.0 122.0 0.025184076982888215
62.0 124.0 0.0786034140687671
62.0 126.0 0.204343948321591
64.0 0.0 0.0
64.0 2.0 0.057574428738334064
64.0 4.0 0.0
64.0 6.0 0.0
64.0 8.0 0.0
64.0 10.0 0.0
64.0 12.0 0.0
64.0 14.0 0.0
64.0 16.0 0.0
64.0 18.0 0.0
64.0 20.0 0.005073322613154918
64.0 22.0 0.037111464419601954
64.0 24.0 0.096521088994794
64.0 26.0 0.15300229833494283
64.0 28.0 0.2061527428210953
64.0 30.0 0.24543567849615067
64.0 32.0 0.2649534177695665
64.0 34.0 0.25454836643374235
64.0 36.0 0.20510511052590252
64.0 38.0 0.171289937561387
64.0 40.0 0.12521541815341972
64.0 42.0 0.07432844521500648
64.0 44.0 0.024738227213734757
64.0 46.0 1.781095153385327E-4
64.0 48.0 0.0
64.0 50.0 0.0
64.0 52.0 0.0
64.0 54.0 0.0
64.0 56.0 0.0
64.0 58.0 0.0
64.0 60.0 0.0
64.0 62.0 0.0
64.0 64.0 0.0
64.0 66.0 0.0
64.0 68.0 0.0
64.0 70.0 0.0
64.0 72.0 5.144013410107577E-4
64.0 74.0 0.013609816941368194
64.0 76.0 0.05419817722997212
64.0 78.0 0.11619912196740363
64.0 80.0 0.18219462345169002
64.0 82.0 0.24524445407335768
64.0 84.0 0.29729612237722064
64.0 86.0 0.3391055262795735
64.0 88.0 0.35385907118849214
64.0 90.0 0.328542551082546
64.0 92.0 0.2685205875593145
64.0 94.0 0.1770286323160414
64.0 96.0 0.060209852232774724
64.0 98.0 0.0
64.0 100.0 0.0
64.0 102.0 0.0
64.0 104.0 0.0
64.0 106.0 0.0
64.0 108.0 0.0
64.0 110.0 0.0
64.0 112.0 0.0
64.0 114.0 0.0
64.0 116.0 0.0
64.0 118.0 0.0
64.0 120.0 0.0
64.0 122.0 0.0015264253702668889
64.0 124.0 0.02038822123744844
64.0 126.0 0.13226276406143697
66.0 0.0 0.0
66.0 2.0 0.042740751771698816
66.0 4.0 0.0
66.0 6.0 0.0
66.0 8.0 0.0
66.0 10.0 0.0
66.0 12.0 0.0
66.0 14.0 0.0
66.0 16.0 0.0
66.0 18.0 7.323430148902547E-4
66.0 20.0 0.021575132682625106
66.0 22.0 0.08826636243543051
66.0 24.0 0.1612723188231304
66.0 26.0 0.22848804727776503
66.0 28.0 0.28579401952819455
66.0 30.0 0.3224254706795394
66.0 32.0 0.3245342924930484
66.0 34.0 0.2651407514144854
66.0 36.0 0.22983710043871322
66.0 38.0 0.17048360325370085
66.0 40.0 0.09465443789554451
66.0 42.0 0.014312799554452783
66.0 44.0 0.0
66.0 46.0 0.0
66.0 48.0 0.0
66.0 50.0 0.0
66.0 52.0 0.0
66.0 54.0 0.0
66.0 56.0 0.0
66.0 58.0 0.0
66.0 60.0 0.0
66.0 62.0 0.0
66.0 64.0 0.0
66.0 66.0 0.0
66.0 68.0 0.0
66.0 70.0 0.003236116721993211
66.0 72.0 0.013751082589385942
66.0 74.0 0.03589238161592348
66.0 76.0 0.07859821923790625
66.0 78.0 0.12989869172399135
66.0 80.0 0.18836498775092828
66.0 82.0 0.2522842085775123
66.0 84.0 0.30964168970665973
66.0 86.0 0.3477558370104028
66.0 88.0 0.356522843771224
66.0 90.0 0.3283459644110797
66.0 92.0 0.2692520725382493
66.0 94.0 0.18074429210365284
66.0 96.0 0.07249621377807515
66.0 98.0 0.0
66.0 100.0 0.0
66.0 102.0 0.0
66.0 104.0 0.0
66.0 106.0 0.0
66.0 108.0 0.0
66.0 110.0 0.0
66.0 112.0 0.0
66.0 114.0 0.0
66.0 116.0 0.0
66.0 118.0 0.0
66.0 120.0 0.0
66.0 122.0 0.0
66.0 124.0 0.0
66.0 126.0 0.02035021568421941
68.0 0.0 0.0
68.0 2.0 0.014315559655110966
68.0 4.0 0.0
68.0 6.0 0.0
68.0 8.0 0.0
68.0 10.0 0.0
68.0 12.0 0.0
68.0 14.0 0.0
68.0 16.0 0.0
68.0 18.0 1.8230510352626095E-4
68.0 20.0 0.052229802032313456
68.0 22.0 0.1359138297953991
68.0 24.0 0.22003065088137488
68.0 26.0 0.29651834042786834
68.0 28.0 0.3522540179054589
68.0 30.0 0.38335780012520987
68.0 32.0 0.35384940697205197
68.0 34.0 0.28344480688147894
68.0 36.0 0.23665353102156303
68.0 38.0 0.16281472152864382
68.0 40.0 0.052925215348653666
68.0 42.0 0.0
68.0 44.0 0.0
68.0 46.0 0.0
68.0 48.0 0.0
68.0 50.0 0.0
68.0 52.0 0.0
68.0 54.0 0.0
68.0 56.0 0.0
68.0 58.0 0.0
68.0 60.0 0.0
68.0 62.0 0.0
68.0 64.0 0.0
68.0 66.0 0.0
68.0 68.0 0.0018615769499535466
68.0 70.0 0.012936872506460478
68.0 72.0 0.026953750396098305
68.0 74.0 0.052013264884703425
68.0 76.0 0.08996852315756114
68.0 78.0 0.13508578156764542
68.0 80.0 0.1887650447316687
68.0 82.0 0.24931013622827547
68.0 84.0 0.3025145023815053
68.0 86.0 0.34309838250776403
68.0 88.0 0.34681229156523324
68.0 90.0 0.31734878607358963
68.0 92.0 0.25943166648147314
68.0 94.0 0.17381123079300395
68.0 96.0 0.07010114640630104
68.0 98.0 0.0
68.0 100.0 0.0
68.0 102.0 0.0
68.0 104.0 0.0
68.0 106.0 0.0
68.0 108.0 0.0
68.0 110.0 0.0
68.0 112.0 0.0
68.0 114.0 0.0
68.0 116.0 0.0
68.0 118.0 0.0
68.0 120.0 0.0
68.0 122.0 0.0
68.0 124.0 0.0
68.0 126.0 0.0
70.0 0.0 0.0
70.0 2.0 0.0
70.0 4.0 0.0
70.0 6.0 0.0
70.0 8.0 0.0
70.0 10.0 0.0
70.0 12.0 0.0
70.0 14.0 0.0
70.0 16.0 0.0
70.0 18.0 0.019192193526475495
70.0 20.0 0.10290697522421743
70.0 22.0 0.19378108304140607
70.0 24.0 0.28185901662817636
70.0 26.0 0.354358105052855
70.0 28.0 0.40545723722401256
70.0 30.0 0.41194033802489766
70.0 32.0 0.34291242786967224
70.0 34.0 0.30952926556191523
70.0 36.0 0.24245815843572424
70.0 38.0 0.1417203496808442
70.0 40.0 0.014419189944754295
70.0 42.0 0.0
70.0 44.0 0.0
70.0 46.0 0.0
70.0 48.0 0.0
70.0 50.0 0.0
70.0 52.0 0.0
70.0 54.0 0.0
70.0 56.0 0.0
70.0 58.0 0.0
70.0 60.0 0.0
70.0 62.0 0.0
70.0 64.0 0.0
70.0 66.0 0.0
70.0 68.0 0.007815321514403796
70.0 70.0 0.021094227574167027
70.0 72.0 0.03711195691274006
70.0 74.0 0.06280537589143458
70.0 76.0 0.09446293596194862
70.0 78.0 0.12903070352319898
70.0 80.0 0.17500201453247874
70.0 82.0 0.22834483129459915
70.0 84.0 0.2789976197588366
70.0 86.0 0.3189489294726679
70.0 88.0 0.3199583280160629
70.0 90.0 0.2903378514448957
70.0 92.0 0.23543782179520426
70.0 94.0 0.1566510114468501
70.0 96.0 0.06159963840285896
70.0 98.0 0.002440203611792942
70.0 100.0 0.0
70.0 102.0 0.0
70.0 104.0 0.0
70.0 106.0 0.0
70.0 108.0 0.0
70.0 110.0 0.0
70.0 112.0 0.0
70.0 114.0 0.0
70.0 116.0 0.0
70.0 118.0 0.0
70.0 120.0 0.0
70.0 122.0 0.0
70.0 124.0 0.0
70.0 126.0 0.0
72.0 0.0 0.0
72.0 2.0 0.0
72.0 4.0 0.0
72.0 6.0 0.0
72.0 8.0 0.0
72.0 10.0 0.0
72.0 12.0 0.0
72.0 14.0 0.0
72.0 16.0 4.095992821984045E-4
72.0 18.0 0.07141066287982478
72.0 20.0 0.17041752460187498
72.0 22.0 0.25945892993520475
72.0 24.0 0.34195192745213593
72.0 26.0 0.4110623038369415
72.0 28.0 0.4556319869928959
72.0 30.0 0.42197461481457604
72.0 32.0 0.34831632090641024
72.0 34.0 0.3081810213976971
72.0 36.0 0.2321874319283234
72.0 38.0 0.10844719639642046
72.0 40.0 8.048180402718561E-5
72.0 42.0 0.0
72.0 44.0 0.0
72.0 46.0 0.0
72.0 48.0 0.0
72.0 50.0 0.0
72.0 52.0 0.0
72.0 54.0 0.0
72.0 56.0 0.0
72.0 58.0 0.0
72.0 60.0 0.0
72.0 62.0 0.0
72.0 64.0 0.0
72.0 66.0 0.0
72.0 68.0 0.00973244867487715
72.0 70.0 0.024320275791727436
72.0 72.0 0.04229775038867278
72.0 74.0 0.06689871486104233
72.0 76.0 0.09024715995978472
72.0 78.0 0.11322244924502965
72.0 80.0 0.1466944253393133
72.0 82.0 0.18856435985809672
72.0 84.0 0.230110183853804
72.0 86.0 0.2641276578203762
72.0 88.0 0.2666358517569301
72.0 90.0 0.24105103059871935
72.0 92.0 0.1925666616552347
72.0 94.0 0.12520628523173763
72.0 96.0 0.04498436015311852
72.0 98.0 0.010970288978510942
72.0 100.0 0.0
72.0 102.0 0.0
72.0 104.0 0.0
72.0 106.0 0.0
72.0 108.0 0.0
72.0 110.0 0.0
72.0 112.0 0.0
72.0 114.0 0.0
72.0 116.0 0.0
72.0 118.0 0.0
72.0 120.0 0.0
72.0 122.0 0.0
72.0 124.0 0.0
72.0 126.0 0.0
74.0 0.0 0.0
74.0 2.0 0.0
74.0 4.0 0.0
74.0 6.0 0.0
74.0 8.0 0.0
74.0 10.0 0.0
74.0 12.0 0.0
74.0 14.0 0.0
74.0 16.0 0.044827880880137505
74.0 18.0 0.1372619656101772
74.0 20.0 0.1989033267606948
74.0 22.0 0.2969862126022334
74.0 24.0 0.38431944405064894
74.0 26.0 0.4492650233829252
74.0 28.0 0.43351556006886643
74.0 30.0 0.4083805510383209
74.0 32.0 0.3718166489858914
74.0 34.0 0.28749379984324297
74.0 36.0 0.20023047877845068
74.0 38.0 0.06303383192114191
74.0 40.0 0.0
74.0 42.0 0.0
74.0 44.0 0.0
74.0 46.0 0.0
74.0 48.0 0.0
74.0 50.0 0.0
74.0 52.0 0.0
74.0 54.0 0.0
74.0 56.0 0.0
74.0 58.0 0.0
74.0 60.0 0.0
74.0 62.0 0.0
74.0 64.0 0.0
74.0 66.0 0.0
74.0 68.0 0.00844401375499171
74.0 70.0 0.02455732075987238
74.0 72.0 0.04250257524613219
74.0 74.0 0.06565875194761216
74.0 76.0 0.0807410059648438
74.0 78.0 0.09354631153292982
74.0 80.0 0.10757008598024341
74.0 82.0 0.13060205796265897
74.0 84.0 0.1614261834745447
74.0 86.0 0.1863607801111505
74.0 88.0 0.18457938210584643
74.0 90.0 0.16833213473776587
74.0 92.0 0.1364191509737918
74.0 94.0 0.09289364180917492
74.0 96.0 0.04079121816303525
74.0 98.0 0.03221894261121199
74.0 100.0 0.029420647348890636
74.0 102.0 0.022383736403936132
74.0 104.0 0.019111526707581938
74.0 106.0 0.01880449466675731
74.0 108.0 0.019371860273266237
74.0 110.0 0.01752588396915912
74.0 112.0 0.012535553657868875
74.0 114.0 0.002637798054415491
74.0 116.0 0.0
74.0 118.0 0.0
74.0 120.0 0.0
74.0 122.0 0.0
74.0 124.0 0.0
74.0 126.0 0.0
76.0 0.0 0.0
76.0 2.0 0.0
76.0 4.0 0.0
76.0 6.0 0.0
76.0 8.0 0.0
76.0 10.0 0.0
76.0 12.0 0.0
76.0 14.0 0.006018514435752548
76.0 16.0 0.11137816420505786
76.0 18.0 0.18523627721323477
76.0 20.0 0.23754150197301774
76.0 22.0 0.3286131378268405
76.0 24.0 0.40153388496709536
76.0 26.0 0.41112606421668124
76.0 28.0 0.43541439179648944
76.0 30.0 0.42223641354158964
76.0 32.0 0.3829074484273754
76.0 34.0 0.30855833037679764
76.0 36.0 0.1662199087647788
76.0 38.0 0.014304720978191748
76.0 40.0 0.0
76.0 42.0 0.0
76.0 44.0 0.0
76.0 46.0 0.0
76.0 48.0 0.0
76.0 50.0 0.0
76.0 52.0 0.0
76.0 54.0 0.0
76.0 56.0 0.0
76.0 58.0 0.0
76.0 60.0 0.0
76.0 62.0 0.0
76.0 64.0 0.0
76.0 66.0 0.0
76.0 68.0 0.011190544998759109
76.0 70.0 0.029485516514381374
76.0 72.0 0.047724547259492545
76.0 74.0 0.06618044207212151
76.0 76.0 0.0645067029178064
76.0 78.0 0.06178367453262353
76.0 80.0 0.06262141835325502
76.0 82.0 0.07034203134233617
76.0 84.0 0.07663934904927873
76.0 86.0 0.07368800567269419
76.0 88.0 0.07880118771256935
76.0 90.0 0.08533040503383242
76.0 92.0 0.07790265809407106
76.0 94.0 0.0632631332529981
76.0 96.0 0.04236953467440139
76.0 98.0 0.06233646339118434
76.0 100.0 0.08717354476407195
76.0 102.0 0.1067004283095539
76.0 104.0 0.12581629189316004
76.0 106.0 0.14150037541592847
76.0 108.0 0.14478165784920136
76.0 110.0 0.1390137361662416
76.0 112.0 0.12355839533045916
76.0 114.0 0.10346938955009939
76.0 116.0 0.02922426441873484
76.0 118.0 0.0
76.0 120.0 0.0
76.0 122.0 0.0
76.0 124.0 0.0
76.0 126.0 0.0
78.0 0.0 0.0
78.0 2.0 0.0
78.0 4.0 0.0
78.0 6.0 0.0
78.0 8.0 0.0
78.0 10.0 0.0
78.0 12.0 0.0
78.0 14.0 0.045853755929310125
78.0 16.0 0.1510306591784244
78.0 18.0 0.21062532610153317
78.0 20.0 0.26454748928018573
78.0 22.0 0.3481930071043582
78.0 24.0 0.4026462443002856
78.0 26.0 0.40763911358133437
78.0 28.0 0.4308375522121442
78.0 30.0 0.4263241998586385
78.0 32.0 0.3839931616595369
78.0 34.0 0.267644268851628
78.0 36.0 0.09700549267909349
78.0 38.0 0.0
78.0 40.0 0.0
78.0 42.0 0.0
78.0 44.0 0.0
78.0 46.0 0.0
78.0 48.0 0.0
78.0 50.0 0.0
78.0 52.0 0.0
78.0 54.0 0.0
78.0 56.0 0.0
78.0 58.0 0.0
78.0 60.0 0.0
78.0 62.0 0.0
78.0 64.0 0.0
78.0 66.0 0.0026927368406370355
78.0 68.0 0.03056044750918745
78.0 70.0 0.055839070583321965
78.0 72.0 0.07215299379658081
78.0 74.0 0.061900866562887624
78.0 76.0 0.03902563582504126
78.0 78.0 0.022758141994414543
78.0 80.0 0.01381203351344682
78.0 82.0 0.010507155743339032
78.0 84.0 0.012122263585271492
78.0 86.0 0.0
78.0 88.0 0.0
78.0 90.0 5.883987116333807E-4
78.0 92.0 0.0036140320979428653
78.0 94.0 0.01056923930326914
78.0 96.0 0.03249564008331932
78.0 98.0 0.0729051297823759
78.0 100.0 0.1142823194696486
78.0 102.0 0.15956895854105294
78.0 104.0 0.20290424370310708
78.0 106.0 0.23476888581934274
78.0 108.0 0.24781782761015145
78.0 110.0 0.24547101097924928
78.0 112.0 0.22751862353719499
78.0 114.0 0.22507708194918688
78.0 116.0 0.1484943305681031
78.0 118.0 0.016091143659137698
78.0 120.0 0.0
78.0 122.0 0.0
78.0 124.0 0.0
78.0 126.0 0.0
80.0 0.0 0.0
80.0 2.0 0.0
80.0 4.0 0.0
80.0 6.0 0.0
80.0 8.0 0.0
80.0 10.0 0.0
80.0 12.0 0.0
80.0 14.0 0.05586886280956143
80.0 16.0 0.1547560877196858
80.0 18.0 0.20369307797083533
80.0 20.0 0.26399041050839017
80.0 22.0 0.34184122585421556
80.0 24.0 0.3823552165972255
80.0 26.0 0.3856988080595769
80.0 28.0 0.4059184144441219
80.0 30.0 0.43075364952459844
80.0 32.0 0.36132729648162165
80.0 34.0 0.2022555188444247
80.0 36.0 0.03003078179576277
80.0 38.0 0.0
80.0 40.0 0.0
80.0 42.0 0.0
80.0 44.0 0.0
80.0 46.0 0.0
80.0 48.0 0.0
80.0 50.0 0.0
80.0 52.0 0.0
80.0 54.0 0.0
80.0 56.0 0.0
80.0 58.0 0.0
80.0 60.0 0.0
80.0 62.0 0.0
80.0 64.0 0.0014473711986394274
80.0 66.0 0.06391405968433034
80.0 68.0 0.10666086479247512
80.0 70.0 0.12424574512062002
80.0 72.0 0.11322367793645903
80.0 74.0 0.07552479128494344
80.0 76.0 0.041981701687429616
80.0 78.0 0.0190556964260911
80.0 80.0 0.004575882947099928
80.0 82.0 0.0
80.0 84.0 0.0
80.0 86.0 0.0
80.0 88.0 0.0
80.0 90.0 0.0
80.0 92.0 0.0
80.0 94.0 0.0
80.0 96.0 7.274155752812471E-4
80.0 98.0 0.044133577147099236
80.0 100.0 0.11196953161021063
80.0 102.0 0.18132554404355491
80.0 104.0 0.24718127024138448
80.0 106.0 0.297537428925371
80.0 108.0 0.3214949958158911
80.0 110.0 0.3452133730868699
80.0 112.0 0.3599591172903451
80.0 114.0 0.32569355680410056
80.0 116.0 0.25931057005978686
80.0 118.0 0.10232959014709782
80.0 120.0 0.0
80.0 122.0 0.0
80.0 124.0 0.0
80.0 126.0 0.0
82.0 0.0 0.0
82.0 2.0 0.0
82.0 4.0 0.0
82.0 6.0 0.0
82.0 8.0 0.0
82.0 10.0 0.0
82.0 12.0 0.006682191519332391
82.0 14.0 0.07621366604658981
82.0 16.0 0.1340808367435892
82.0 18.0 0.20149972950842968
82.0 20.0 0.2456736309138385
82.0 22.0 0.2984104100184283
82.0 24.0 0.31921034802535725
82.0 26.0 0.3319378765857663
82.0 28.0 0.35473533342885294
82.0 30.0 0.33871749126811007
82.0 32.0 0.27704759517022465
82.0 34.0 0.12003841635431341
82.0 36.0 0.0
82.0 38.0 0.0
82.0 40.0 0.0
82.0 42.0 0.0
82.0 44.0 0.0
82.0 46.0 0.0
82.0 48.0 0.0
82.0 50.0 0.0
82.0 52.0 0.0
82.0 54.0 0.0
82.0 56.0 0.0
82.0 58.0 0.0
82.0 60.0 0.0
82.0 62.0 0.007060912678385249
82.0 64.0 0.09699052753953075
82.0 66.0 0.15944391550720244
82.0 68.0 0.19016949549948547
82.0 70.0 0.18924141092006988
82.0 72.0 0.1548359135165021
82.0 74.0 0.09864558020309333
82.0 76.0 0.04144914076423906
82.0 78.0 0.004181573132131478
82.0 80.0 0.0
82.0 82.0 0.0
82.0 84.0 0.0
82.0 86.0 0.0
82.0 88.0 0.0
82.0 90.0 0.0
82.0 92.0 0.0
82.0 94.0 0.0
82.0 96.0 0.0
82.0 98.0 0.0036258241017792007
82.0 100.0 0.07907293052737187
82.0 102.0 0.17575297187224115
82.0 104.0 0.2658327752194071
82.0 106.0 0.33603166373283133
82.0 108.0 0.37638458734942587
82.0 110.0 0.38966939181226296
82.0 112.0 0.382094073564427
82.0 114.0 0.3997704792433962
82.0 116.0 0.35714153464615644
82.0 118.0 0.2171561540121555
82.0 120.0 0.002666913954374453
82.0 122.0 0.0
82.0 124.0 0.0
82.0 126.0 0.0
84.0 0.0 0.0
84.0 2.0 0.0
84.0 4.0 0.0
84.0 6.0 0.0
84.0 8.0 0.0
84.0 10.0 0.0
84.0 12.0 0.03910293268315344
84.0 14.0 0.10353743467064931
84.0 16.0 0.14402946645000037
84.0 18.0 0.14237515392795946
84.0 20.0 0.14624558071889146
84.0 22.0 0.16007076979096035
84.0 24.0 0.18200537111070303
84.0 26.0 0.2211624018675955
84.0 28.0 0.2624344392288054
84.0 30.0 0.24135310973708216
84.0 32.0 0.17219903236652498
84.0 34.0 0.03020820047960582
84.0 36.0 0.0
84.0 38.0 0.0
84.0 40.0 0.0
84.0 42.0 0.0
84.0 44.0 0.0
84.0 46.0 0.0
84.0 48.0 0.0
84.0 50.0 0.0
84.0 52.0 0.0
84.0 54.0 0.0
84.0 56.0 0.0
84.0 58.0 0.0
84.0 60.0 0.00806635768908326
84.0 62.0 0.11480106099485544
84.0 64.0 0.19661203423766907
84.0 66.0 0.24148970177772214
84.0 68.0 0.2554457123272252
84.0 70.0 0.2363807964936865
84.0 72.0 0.182853718138994
84.0 74.0 0.10649965300985087
84.0 76.0 0.017080745451006074
84.0 78.0 0.0
84.0 80.0 0.0
84.0 82.0 0.0
84.0 84.0 0.0
84.0 86.0 0.0
84.0 88.0 0.0
84.0 90.0 0.0
84.0 92.0 0.0
84.0 94.0 0.0
84.0 96.0 0.0
84.0 98.0 0.0
84.0 100.0 0.04192900349396414
84.0 102.0 0.14979488496295237
84.0 104.0 0.2564790682340136
84.0 106.0 0.34618085758170686
84.0 108.0 0.4075351908220037
84.0 110.0 0.43443830562526303
84.0 112.0 0.4349396080482155
84.0 114.0 0.41033109072866303
84.0 116.0 0.42266452036762914
84.0 118.0 0.3207786879699452
84.0 120.0 0.05033146179671818
84.0 122.0 0.0
84.0 124.0 0.0
84.0 126.0 0.0
86.0 0.0 0.0
86.0 2.0 0.0
86.0 4.0 0.0
86.0 6.0 0.0
86.0 8.0 0.0
86.0 10.0 0.0
86.0 12.0 0.0022740737511028272
86.0 14.0 0.03781809657667475
86.0 16.0 0.0676911782380968
86.0 18.0 0.04707356554699723
86.0 20.0 0.025192317830604286
86.0 22.0 0.045041922123666124
86.0 24.0 0.07926731349264576
86.0 26.0 0.09755075226991473
86.0 28.0 0.10374312578406729
86.0 30.0 0.08332007377267815
86.0 32.0 0.03318273704888144
86.0 34.0 0.0
86.0 36.0 0.0
86.0 38.0 0.0
86.0 40.0 0.0
86.0 42.0 0.0
86.0 44.0 0.0
86.0 46.0 0.0
86.0 48.0 0.0
86.0 50.0 0.0
86.0 52.0 0.0
86.0 54.0 0.0
86.0 56.0 0.0
86.0 58.0 0.026557506943642478
86.0 60.0 0.13534285558973447
86.0 62.0 0.22420640258289104
86.0 64.0 0.2828612730070906
86.0 66.0 0.3139633622955287
86.0 68.0 0.31465748795833887
86.0 70.0 0.28065589780759603
86.0 72.0 0.20798261941426424
86.0 74.0 0.0972228827244973
86.0 76.0 0.0025111211185705183
86.0 78.0 0.0
86.0 80.0 0.0
86.0 82.0 0.0
86.0 84.0 0.0
86.0 86.0 0.0
86.0 88.0 0.0
86.0 90.0 0.0
86.0 92.0 0.0
86.0 94.0 0.0
86.0 96.0 0.0
86.0 98.0 0.0
86.0 100.0 0.007185310636532768
86.0 102.0 0.10179011912561109
86.0 104.0 0.22444038462901994
86.0 106.0 0.35306641989177034
86.0 108.0 0.4476702246336404
86.0 110.0 0.47564291904196554
86.0 112.0 0.4771547641258089
86.0 114.0 0.45704761062111326
86.0 116.0 0.46006028221461087
86.0 118.0 0.39257602654098495
86.0 120.0 0.16234996514743716
86.0 122.0 0.0
86.0 124.0 0.0
86.0 126.0 0.0
88.0 0.0 0.0
88.0 2.0 0.0
88.0 4.0 0.0
88.0 6.0 0.0
88.0 8.0 0.0
88.0 10.0 0.0
88.0 12.0 0.015386269437434097
88.0 14.0 0.03419916818686644
88.0 16.0 0.03617991957823825
88.0 18.0 0.0010292862117893718
88.0 20.0 0.0
88.0 22.0 3.528351246789041E-4
88.0 24.0 0.004259655288703275
88.0 26.0 0.0070186851066484516
88.0 28.0 0.0
88.0 30.0 0.0
88.0 32.0 0.0
88.0 34.0 0.0
88.0 36.0 0.0
88.0 38.0 0.0
88.0 40.0 0.0
88.0 42.0 0.0
88.0 44.0 0.0
88.0 46.0 0.0
88.0 48.0 0.0
88.0 50.0 0.0
88.0 52.0 0.0
88.0 54.0 4.6426262934576346E-5
88.0 56.0 0.06861222586892458
88.0 58.0 0.1805645505110549
88.0 60.0 0.2712040363645307
88.0 62.0 0.31244622699319957
88.0 64.0 0.35724158267847356
88.0 66.0 0.3829953993501532
88.0 68.0 0.417212308081126
88.0 70.0 0.3752245614615968
88.0 72.0 0.24754131258483833
88.0 74.0 0.09535150220771095
88.0 76.0 0.002337950219468059
88.0 78.0 0.0
88.0 80.0 0.0
88.0 82.0 0.0
88.0 84.0 0.0
88.0 86.0 0.0
88.0 88.0 0.0
88.0 90.0 0.0
88.0 92.0 0.0
88.0 94.0 0.0
88.0 96.0 0.0
88.0 98.0 0.0
88.0 100.0 2.055603299707158E-4
88.0 102.0 0.03825947411877011
88.0 104.0 0.16835861435036292
88.0 106.0 0.3050361676339258
88.0 108.0 0.4113671643957573
88.0 110.0 0.472239849456584
88.0 112.0 0.49307189828016335
88.0 114.0 0.4832311428618225
88.0 116.0 0.4813105013536299
88.0 118.0 0.3928800151620286
88.0 120.0 0.2810212890397933
88.0 122.0 0.003315364920192365
88.0 124.0 0.0
88.0 126.0 0.0
90.0 0.0 0.0
90.0 2.0 0.0
90.0 4.0 0.0
90.0 6.0 0.0
90.0 8.0 0.0
90.0 10.0 7.459782284511191E-4
90.0 12.0 0.02002527248714214
90.0 14.0 0.024428348583206683
90.0 16.0 0.002774008353782623
90.0 18.0 0.0
90.0 20.0 0.0
90.0 22.0 0.0
90.0 24.0 0.0
90.0 26.0 0.0
90.0 28.0 0.0
90.0 30.0 0.0
90.0 32.0 0.0
90.0 34.0 0.0
90.0 36.0 0.0
90.0 38.0 0.0
90.0 40.0 0.0
90.0 42.0 0.0
90.0 44.0 0.0
90.0 46.0 0.0
90.0 48.0 0.0
90.0 50.0 0.0
90.0 52.0 0.014434966504430486
90.0 54.0 0.08407586863200135
90.0 56.0 0.17504081292448134
90.0 58.0 0.274604929851762
90.0 60.0 0.35248464511304567
90.0 62.0 0.3993264613384173
90.0 64.0 0.443180451326235
90.0 66.0 0.49351168284538294
90.0 68.0 0.496086370965485
90.0 70.0 0.4346150031289991
90.0 72.0 0.29218915295273123
90.0 74.0 0.08794124698431303
90.0 76.0 9.686879182686728E-4
90.0 78.0 0.0
90.0 80.0 0.0
90.0 82.0 0.0
90.0 84.0 0.0
90.0 86.0 0.0
90.0 88.0 0.0
90.0 90.0 0.0
90.0 92.0 0.0
90.0 94.0 0.0
90.0 96.0 0.0
90.0 98.0 0.0
90.0 100.0 0.0
90.0 102.0 0.015307348972122057
90.0 104.0 0.10127323789625226
90.0 106.0 0.24386699250564706
90.0 108.0 0.35985751313570846
90.0 110.0 0.43882006085427444
90.0 112.0 0.4776048700514839
90.0 114.0 0.4847539459890611
90.0 116.0 0.46105765890263845
90.0 118.0 0.4481799436485168
90.0 120.0 0.34065172952741757
90.0 122.0 0.0
90.0 124.0 0.0
90.0 126.0 0.0
92.0 0.0 0.0
92.0 2.0 0.0
92.0 4.0 0.0
92.0 6.0 0.0
92.0 8.0 0.020071231593233197
92.0 10.0 0.0012048256101686086
92.0 12.0 0.008554344190450203
92.0 14.0 0.004516393779096195
92.0 16.0 0.0
92.0 18.0 0.0
92.0 20.0 0.0
92.0 22.0 0.0
92.0 24.0 0.0
92.0 26.0 0.0
92.0 28.0 0.0
92.0 30.0 0.0
92.0 32.0 0.0
92.0 34.0 0.0
92.0 36.0 0.0
92.0 38.0 0.0
92.0 40.0 0.0
92.0 42.0 0.0
92.0 44.0 0.0
92.0 46.0 0.0
92.0 48.0 0.0
92.0 50.0 0.007755460699205523
92.0 52.0 0.054588299619342494
92.0 54.0 0.13534396910872368
92.0 56.0 0.2245356550972435
92.0 58.0 0.31095910293323237
92.0 60.0 0.3874624888118108
92.0 62.0 0.44947376340320794
92.0 64.0 0.49510308756075555
92.0 66.0 0.5620561979659718
92.0 68.0 0.5561397925519178
92.0 70.0 0.5120275525343776
92.0 72.0 0.36434481698620197
92.0 74.0 0.09604328944907449
92.0 76.0 0.0
92.0 78.0 0.0
92.0 80.0 0.0
92.0 82.0 0.0
92.0 84.0 0.0
92.0 86.0 0.0
92.0 88.0 0.0
92.0 90.0 0.0
92.0 92.0 0.0
92.0 94.0 0.0
92.0 96.0 0.0
92.0 98.0 0.0
92.0 100.0 0.0
92.0 102.0 0.004670170727367872
92.0 104.0 0.04641218804285412
92.0 106.0 0.16611594842223798
92.0 108.0 0.28895074424813627
92.0 110.0 0.38383269784105284
92.0 112.0 0.43933229928903045
92.0 114.0 0.4615021776570812
92.0 116.0 0.4542734383080935
92.0 118.0 0.45901108500364424
92.0 120.0 0.34811316107373336
92.0 122.0 0.0
92.0 124.0 0.0
92.0 126.0 0.0
94.0 0.0 0.0
94.0 2.0 0.0
94.0 4.0 0.0
94.0 6.0 0.0
94.0 8.0 0.03641581986745242
94.0 10.0 0.005899828370642589
94.0 12.0 0.010559597107038785
94.0 14.0 0.0010345602805048588
94.0 16.0 0.0
94.0 18.0 0.0
94.0 20.0 0.0
94.0 22.0 0.0
94.0 24.0 0.0
94.0 26.0 0.0
94.0 28.0 0.0
94.0 30.0 0.0
94.0 32.0 0.0
94.0 34.0 0.0
94.0 36.0 0.007474388510543893
94.0 38.0 0.0031218162152227406
94.0 40.0 4.243787319815866E-4
94.0 42.0 0.0
94.0 44.0 0.0
94.0 46.0 0.0
94.0 48.0 4.401504893807889E-4
94.0 50.0 0.01659953357863452
94.0 52.0 0.09141339929392928
94.0 54.0 0.17034959648336423
94.0 56.0 0.2585355943100403
94.0 58.0 0.346212433421645
94.0 60.0 0.424672616953454
94.0 62.0 0.48894269531898144
94.0 64.0 0.5342544660183252
94.0 66.0 0.5920334806464069
94.0 68.0 0.5905439278871857
94.0 70.0 0.5587263432227139
94.0 72.0 0.424185029803491
94.0 74.0 0.1334998171681436
94.0 76.0 4.3113310533654834E-4
94.0 78.0 0.0
94.0 80.0 0.0
94.0 82.0 0.0
94.0 84.0 0.0
94.0 86.0 0.0
94.0 88.0 0.0
94.0 90.0 0.0
94.0 92.0 0.0
94.0 94.0 0.0
94.0 96.0 0.0
94.0 98.0 0.0
94.0 100.0 0.0
94.0 102.0 6.262933412840253E-5
94.0 104.0 0.01792132839140453
94.0 106.0 0.09132988562273596
94.0 108.0 0.1984107849871275
94.0 110.0 0.304141079847192
94.0 112.0 0.37671839982194183
94.0 114.0 0.4154739105467377
94.0 116.0 0.4594117644112043
94.0 118.0 0.419115979527279
94.0 120.0 0.0
94.0 122.0 0.0
94.0 124.0 0.0
94.0 126.0 0.0
96.0 0.0 0.0
96.0 2.0 0.0
96.0 4.0 0.0
96.0 6.0 0.0
96.0 8.0 0.0
96.0 10.0 0.14889474175737055
96.0 12.0 0.022859615788907602
96.0 14.0 0.008876726205757446
96.0 16.0 3.626421697702656E-4
96.0 18.0 0.0
96.0 20.0 0.0
96.0 22.0 0.0
96.0 24.0 0.0
96.0 26.0 0.0
96.0 28.0 0.0
96.0 30.0 0.0
96.0 32.0 0.0
96.0 34.0 0.002073761809381904
96.0 36.0 0.01832887219722477
96.0 38.0 0.010860269176131773
96.0 40.0 0.00834848386453839
96.0 42.0 0.004086576335572409
96.0 44.0 0.001986044159516795
96.0 46.0 0.002253880677432885
96.0 48.0 0.004673738577638851
96.0 50.0 0.02178917285159498
96.0 52.0 0.0943903690008408
96.0 54.0 0.17311385103151997
96.0 56.0 0.26434586762641926
96.0 58.0 0.35720178867895275
96.0 60.0 0.4409825349034795
96.0 62.0 0.5105728764020206
96.0 64.0 0.5584428280562468
96.0 66.0 0.5912107711012887
96.0 68.0 0.5952720399678991
96.0 70.0 0.5706338405313369
96.0 72.0 0.4578213058903726
96.0 74.0 0.21760978445709653
96.0 76.0 0.0
96.0 78.0 0.0
96.0 80.0 0.0
96.0 82.0 0.0
96.0 84.0 0.0
96.0 86.0 0.0
96.0 88.0 0.0
96.0 90.0 0.0
96.0 92.0 0.0
96.0 94.0 0.0
96.0 96.0 0.0
96.0 98.0 0.0
96.0 100.0 0.0
96.0 102.0 0.0
96.0 104.0 0.00504340450119238
96.0 106.0 0.04778731541234734
96.0 108.0 0.13203384689569733
96.0 110.0 0.2229093500970402
96.0 112.0 0.3135012975617332
96.0 114.0 0.3680377113626427
96.0 116.0 0.41671380969802296
96.0 118.0 0.3905109344288615
96.0 120.0 0.0
96.0 122.0 0.0
96.0 124.0 0.0
96.0 126.0 0.0
98.0 0.0 0.0
98.0 2.0 0.0
98.0 4.0 0.0
98.0 6.0 0.0
98.0 8.0 0.0
98.0 10.0 0.0
98.0 12.0 0.1285107887573961
98.0 14.0 0.011008731812799488
98.0 16.0 0.0013974373387950483
98.0 18.0 0.0
98.0 20.0 0.0
98.0 22.0 0.0
98.0 24.0 0.0
98.0 26.0 0.0
98.0 28.0 0.0
98.0 30.0 0.0
98.0 32.0 0.0
98.0 34.0 0.005164019848045776
98.0 36.0 0.023117547122798246
98.0 38.0 0.017337803109144654
98.0 40.0 0.009420191151620376
98.0 42.0 0.008483386640287085
98.0 44.0 0.005490934499547847
98.0 46.0 0.003826568908361082
98.0 48.0 0.0036047940464420856
98.0 50.0 0.019152005413341375
98.0 52.0 0.06775678079096802
98.0 54.0 0.14117315738340983
98.0 56.0 0.23559294531850425
98.0 58.0 0.33718446560951515
98.0 60.0 0.4307977374173097
98.0 62.0 0.5089486697843407
98.0 64.0 0.5627046040375377
98.0 66.0 0.5843030959315108
98.0 68.0 0.5871004766830791
98.0 70.0 0.5501489848084964
98.0 72.0 0.4963387663526755
98.0 74.0 0.2800312780435834
98.0 76.0 0.013598493225584006
98.0 78.0 0.0
98.0 80.0 0.0
98.0 82.0 0.0
98.0 84.0 0.0
98.0 86.0 0.0
98.0 88.0 0.0
98.0 90.0 0.0
98.0 92.0 0.0
98.0 94.0 0.0
98.0 96.0 0.0
98.0 98.0 0.0
98.0 100.0 0.0
98.0 102.0 0.0
98.0 104.0 1.763092921995887E-4
98.0 106.0 0.01860702177138032
98.0 108.0 0.06418231844514823
98.0 110.0 0.14780139082386276
98.0 112.0 0.24894432214787657
98.0 114.0 0.3156663952115338
98.0 116.0 0.37424086692311237
98.0 118.0 0.0
98.0 120.0 0.0
98.0 122.0 0.0
98.0 124.0 0.0
98.0 126.0 0.0
100.0 0.0 0.0
100.0 2.0 0.0
100.0 4.0 0.0
100.0 6.0 0.0
100.0 8.0 0.0
100.0 10.0 0.0
100.0 12.0 0.21165361474017183
100.0 14.0 0.037922991991396454
100.0 16.0 0.006810616968486931
100.0 18.0 0.0
100.0 20.0 0.0
100.0 22.0 0.0
100.0 24.0 0.0
100.0 26.0 0.0
100.0 28.0 0.0
100.0 30.0 0.0
100.0 32.0 0.0
100.0 34.0 0.010458781370203354
100.0 36.0 0.015505783994672123
100.0 38.0 0.019295978579601046
100.0 40.0 0.00969033685506704
100.0 42.0 0.008686202482798428
100.0 44.0 0.004489900670578562
100.0 46.0 0.0
100.0 48.0 0.0
100.0 50.0 0.010376803190832104
100.0 52.0 0.0313533912234417
100.0 54.0 0.08950946756206847
100.0 56.0 0.1733014744160978
100.0 58.0 0.2772778000337476
100.0 60.0 0.38425460910816245
100.0 62.0 0.4748655750481563
100.0 64.0 0.5345932890260351
100.0 66.0 0.5466928081843694
100.0 68.0 0.5504974512575415
100.0 70.0 0.5195928301743026
100.0 72.0 0.5094871700287047
100.0 74.0 0.33142458010138826
100.0 76.0 0.04772242578749438
100.0 78.0 0.0
100.0 80.0 0.0
100.0 82.0 0.0
100.0 84.0 0.0
100.0 86.0 0.0
100.0 88.0 0.0
100.0 90.0 0.0
100.0 92.0 0.0
100.0 94.0 0.0
100.0 96.0 0.0
100.0 98.0 0.0
100.0 100.0 0.0
100.0 102.0 0.0
100.0 104.0 0.0
100.0 106.0 0.00773617884578134
100.0 108.0 0.027464890482664966
100.0 110.0 0.09327424039663458
100.0 112.0 0.2000494401917844
100.0 114.0 0.2689612456289537
100.0 116.0 0.0
100.0 118.0 0.0
100.0 120.0 0.0
100.0 122.0 0.0
100.0 124.0 0.0
100.0 126.0 0.0
102.0 0.0 0.0
102.0 2.0 0.0
102.0 4.0 0.0
102.0 6.0 0.0
102.0 8.0 0.0
102.0 10.0 0.0
102.0 12.0 0.0
102.0 14.0 0.198666958941614
102.0 16.0 0.0327169496830245
102.0 18.0 0.0
102.0 20.0 0.0
102.0 22.0 0.0
102.0 24.0 0.0
102.0 26.0 0.0
102.0 28.0 0.0
102.0 30.0 0.0
102.0 32.0 0.0
102.0 34.0 0.01093039448469234
102.0 36.0 0.024533540458591605
102.0 38.0 0.011080026262081988
102.0 40.0 0.010668116293922988
102.0 42.0 0.006397202701431359
102.0 44.0 0.0
102.0 46.0 0.0
102.0 48.0 0.0
102.0 50.0 3.631223332426471E-4
102.0 52.0 0.005016313105816342
102.0 54.0 0.03128443097797386
102.0 56.0 0.09978836420559856
102.0 58.0 0.194244524177088
102.0 60.0 0.3018921792878711
102.0 62.0 0.39969853522368637
102.0 64.0 0.4722822480195468
102.0 66.0 0.5145197539734677
102.0 68.0 0.5255340499616719
102.0 70.0 0.5028045040549604
102.0 72.0 0.4876555966168248
102.0 74.0 0.3730472221635923
102.0 76.0 0.09797052857214682
102.0 78.0 0.0
102.0 80.0 0.0
102.0 82.0 0.0
102.0 84.0 0.0
102.0 86.0 0.0
102.0 88.0 0.0
102.0 90.0 0.0
102.0 92.0 0.0
102.0 94.0 0.0
102.0 96.0 0.0
102.0 98.0 0.0
102.0 100.0 0.0
102.0 102.0 0.0
102.0 104.0 0.0
102.0 106.0 0.0
102.0 108.0 0.006468612575056899
102.0 110.0 0.06278720589833862
102.0 112.0 0.16711339400623515
102.0 114.0 0.0
102.0 116.0 0.0
102.0 118.0 0.0
102.0 120.0 0.0
102.0 122.0 0.0
102.0 124.0 0.0
102.0 126.0 0.0
104.0 0.0 0.0
104.0 2.0 0.0
104.0 4.0 0.0
104.0 6.0 0.0
104.0 8.0 0.0
104.0 10.0 0.0
104.0 12.0 0.0
104.0 14.0 0.0
104.0 16.0 0.13680617143356535
104.0 18.0 0.019807174348500944
104.0 20.0 0.0
104.0 22.0 0.0
104.0 24.0 0.0
104.0 26.0 0.0
104.0 28.0 0.0
104.0 30.0 0.0
104.0 32.0 0.0
104.0 34.0 0.012437552751576209
104.0 36.0 0.017595925514670537
104.0 38.0 0.00916506630158268
104.0 40.0 0.008900974807355645
104.0 42.0 0.0014286772339867134
104.0 44.0 0.0
104.0 46.0 0.0
104.0 48.0 0.0
104.0 50.0 0.0
104.0 52.0 0.0
104.0 54.0 6.762599022758674E-4
104.0 56.0 0.028848589671352
104.0 58.0 0.11040205158449069
104.0 60.0 0.21848910395187712
104.0 62.0 0.3980176622944036
104.0 64.0 0.4887452331342797
104.0 66.0 0.5133158580777749
104.0 68.0 0.45670696963068075
104.0 70.0 0.4540504510822699
104.0 72.0 0.48986045483525004
104.0 74.0 0.3914945880749801
104.0 76.0 0.17517352332474792
104.0 78.0 0.0
104.0 80.0 0.0
104.0 82.0 0.0
104.0 84.0 0.0
104.0 86.0 0.0
104.0 88.0 0.0
104.0 90.0 0.0
104.0 92.0 0.0
104.0 94.0 0.0
104.0 96.0 0.0
104.0 98.0 0.0
104.0 100.0 0.0
104.0 102.0 0.0
104.0 104.0 0.0
104.0 106.0 0.0
104.0 108.0 0.0
104.0 110.0 0.027533368478719095
104.0 112.0 0.13606433060270332
104.0 114.0 0.0
104.0 116.0 0.0
104.0 118.0 0.0
104.0 120.0 0.0
104.0 122.0 0.0
104.0 124.0 0.0
104.0 126.0 0.0
106.0 0.0 0.0
106.0 2.0 0.0
106.0 4.0 0.0
106.0 6.0 0.0
106.0 8.0 0.0
106.0 10.0 0.0
106.0 12.0 0.0
106.0 14.0 0.0
106.0 16.0 0.0
106.0 18.0 0.0771196710259568
106.0 20.0 0.0
106.0 22.0 0.0
106.0 24.0 0.0
106.0 26.0 0.0
106.0 28.0 0.0
106.0 30.0 0.0
106.0 32.0 0.0
106.0 34.0 0.003007972915858014
106.0 36.0 0.015791625431983872
106.0 38.0 0.012119381654157194
106.0 40.0 0.006229330499223026
106.0 42.0 0.0
106.0 44.0 0.0
106.0 46.0 0.0
106.0 48.0 0.0
106.0 50.0 0.0
106.0 52.0 0.0
106.0 54.0 0.0
106.0 56.0 2.887604782222537E-4
106.0 58.0 0.04114888275318727
106.0 60.0 0.13623282874706258
106.0 62.0 0.30037323290873963
106.0 64.0 0.4057963542743926
106.0 66.0 0.4782138330184713
106.0 68.0 0.4564856116907617
106.0 70.0 0.42134679915168954
106.0 72.0 0.4414804266341948
106.0 74.0 0.39524518059349295
106.0 76.0 0.2615290682519206
106.0 78.0 0.02151483697101542
106.0 80.0 0.0
106.0 82.0 0.0
106.0 84.0 0.0
106.0 86.0 0.0
106.0 88.0 0.0
106.0 90.0 0.0
106.0 92.0 0.0
106.0 94.0 0.0
106.0 96.0 0.0
106.0 98.0 0.0
106.0 100.0 0.0
106.0 102.0 0.0
106.0 104.0 0.0
106.0 106.0 0.0
106.0 108.0 0.0
106.0 110.0 0.002039874124146153
106.0 112.0 0.0
106.0 114.0 0.0
106.0 116.0 0.0
106.0 118.0 0.0
106.0 120.0 0.0
106.0 122.0 0.0
106.0 124.0 0.0
106.0 126.0 0.0
108.0 0.0 0.0
108.0 2.0 0.0
108.0 4.0 0.0
108.0 6.0 0.0
108.0 8.0 0.0
108.0 10.0 0.0
108.0 12.0 0.0
108.0 14.0 0.0
108.0 16.0 0.0
108.0 18.0 0.0
108.0 20.0 0.014690543250997804
108.0 22.0 0.0
108.0 24.0 0.0
108.0 26.0 0.0
108.0 28.0 0.0
108.0 30.0 0.0
108.0 32.0 0.0
108.0 34.0 0.0
108.0 36.0 0.013419150795803247
108.0 38.0 0.026995453945176426
108.0 40.0 0.02062160495704931
108.0 42.0 1.635328211849067E-4
108.0 44.0 0.0
108.0 46.0 0.0
108.0 48.0 0.0
108.0 50.0 0.0
108.0 52.0 0.0
108.0 54.0 0.0
108.0 56.0 0.0
108.0 58.0 0.0036876579242192966
108.0 60.0 0.06689069711795902
108.0 62.0 0.1853320716711019
108.0 64.0 0.2997263630635592
108.0 66.0 0.4057898042055621
108.0 68.0 0.4341849050037778
108.0 70.0 0.38344085547446555
108.0 72.0 0.3709026486418838
108.0 74.0 0.3895978965604087
108.0 76.0 0.30547485696122917
108.0 78.0 0.11828906167670879
108.0 80.0 0.0
108.0 82.0 0.0
108.0 84.0 0.0
108.0 86.0 0.0
108.0 88.0 0.0
108.0 90.0 0.0
108.0 92.0 0.0
108.0 94.0 0.0
108.0 96.0 0.0
108.0 98.0 0.0
108.0 100.0 0.0
108.0 102.0 0.0
108.0 104.0 0.0
108.0 106.0 0.0
108.0 108.0 0.0
108.0 110.0 0.0
108.0 112.0 0.0
108.0 114.0 0.0
108.0 116.0 0.0
108.0 118.0 0.0
108.0 120.0 0.0
108.0 122.0 0.0
108.0 124.0 0.0
108.0 126.0 0.0
110.0 0.0 0.0
110.0 2.0 0.0
110.0 4.0 0.0
110.0 6.0 0.0
110.0 8.0 0.0
110.0 10.0 0.0
110.0 12.0 0.0
110.0 14.0 0.0
110.0 16.0 0.0
110.0 18.0 0.0
110.0 20.0 0.0
110.0 22.0 0.0
110.0 24.0 0.0
110.0 26.0 0.0
110.0 28.0 0.0
110.0 30.0 0.0
110.0 32.0 0.0
110.0 34.0 0.0024396867297028306
110.0 36.0 0.03722757645862182
110.0 38.0 0.03687379444307475
110.0 40.0 0.022488988744703068
110.0 42.0 0.0016632105136228491
110.0 44.0 0.0
110.0 46.0 0.0
110.0 48.0 0.0
110.0 50.0 0.0
110.0 52.0 0.0
110.0 54.0 0.0
110.0 56.0 0.0
110.0 58.0 0.0
110.0 60.0 0.011322100482561137
110.0 62.0 0.07151587495729804
110.0 64.0 0.18359215730113956
110.0 66.0 0.31699803545170985
110.0 68.0 0.3536661987703591
110.0 70.0 0.3338468523851801
110.0 72.0 0.33401650999862337
110.0 74.0 0.35102003596833814
110.0 76.0 0.3205251658661263
110.0 78.0 0.21552716822777274
110.0 80.0 0.04999849081436438
110.0 82.0 0.0
110.0 84.0 0.0
110.0 86.0 0.0
110.0 88.0 0.0
110.0 90.0 0.0
110.0 92.0 0.0
110.0 94.0 0.0
110.0 96.0 0.0
110.0 98.0 0.0
110.0 100.0 0.0
110.0 102.0 0.0
110.0 104.0 0.0
110.0 106.0 0.0
110.0 108.0 0.0
110.0 110.0 0.0
110.0 112.0 0.0
110.0 114.0 0.0
110.0 116.0 0.0
110.0 118.0 0.0
110.0 120.0 0.0
110.0 122.0 0.0
110.0 124.0 0.0
110.0 126.0 0.0
112.0 0.0 0.0
112.0 2.0 0.0
112.0 4.0 0.0
112.0 6.0 0.0
112.0 8.0 0.0
112.0 10.0 0.0
112.0 12.0 0.0
112.0 14.0 0.0
112.0 16.0 0.0
112.0 18.0 0.0
112.0 20.0 0.0
112.0 22.0 0.0
112.0 24.0 0.0
112.0 26.0 0.0
112.0 28.0 0.0
112.0 30.0 0.0
112.0 32.0 0.0
112.0 34.0 0.010113172616748602
112.0 36.0 0.07118366964529424
112.0 38.0 0.090905822317428
112.0 40.0 0.07912010840528493
112.0 42.0 0.01616643100339708
112.0 44.0 0.0
112.0 46.0 0.0
112.0 48.0 0.0
112.0 50.0 0.0
112.0 52.0 0.0
112.0 54.0 0.0
112.0 56.0 0.0
112.0 58.0 0.0
112.0 60.0 0.0
112.0 62.0 0.010850644669702557
112.0 64.0 0.06363906357755471
112.0 66.0 0.16776961086804398
112.0 68.0 0.27827559069001623
112.0 70.0 0.2765976749973718
112.0 72.0 0.28229438542342844
112.0 74.0 0.30848148988514573
112.0 76.0 0.3119778226124096
112.0 78.0 0.2618808161537646
112.0 80.0 0.16548157043290848
112.0 82.0 0.05933528888223873
112.0 84.0 0.021534672878534264
112.0 86.0 0.0
112.0 88.0 0.0
112.0 90.0 0.0
112.0 92.0 0.0
112.0 94.0 0.0
112.0 96.0 0.0
112.0 98.0 0.0
112.0 100.0 0.0
112.0 102.0 0.0
112.0 104.0 0.0
112.0 106.0 0.0
112.0 108.0 0.0
112.0 110.0 0.0
112.0 112.0 0.0
112.0 114.0 0.0
112.0 116.0 0.0
112.0 118.0 0.0
112.0 120.0 0.0
112.0 122.0 0.0
112.0 124.0 0.0
112.0 126.0 0.0
114.0 0.0 0.0
114.0 2.0 0.0
114.0 4.0 0.0
114.0 6.0 0.0
114.0 8.0 0.0
114.0 10.0 0.0
114.0 12.0 0.0
114.0 14.0 0.0
114.0 16.0 0.0
114.0 18.0 0.0
114.0 20.0 0.0
114.0 22.0 0.0
114.0 24.0 0.0
114.0 26.0 0.0
114.0 28.0 0.0
114.0 30.0 0.0
114.0 32.0 0.004631778055633864
114.0 34.0 0.04679120624066697
114.0 36.0 0.10597488941823996
114.0 38.0 0.12788962493195372
114.0 40.0 0.11763515317014334
114.0 42.0 0.05577529375664444
114.0 44.0 0.0016405276269161127
114.0 46.0 0.0
114.0 48.0 0.0
114.0 50.0 0.0
114.0 52.0 0.0
114.0 54.0 0.0
114.0 56.0 0.0
114.0 58.0 0.0
114.0 60.0 0.0
114.0 62.0 0.0
114.0 64.0 0.008373843031547971
114.0 66.0 0.03634412640352836
114.0 68.0 0.14596506955485544
114.0 70.0 0.22651112272058305
114.0 72.0 0.21999971631951162
114.0 74.0 0.24251126375512191
114.0 76.0 0.2856369872268547
114.0 78.0 0.2695813796806307
114.0 80.0 0.23628816480128303
114.0 82.0 0.15357357979738073
114.0 84.0 0.1109662930878917
114.0 86.0 0.06490209255041786
114.0 88.0 0.012053122446098704
114.0 90.0 0.0
114.0 92.0 0.0
114.0 94.0 0.0
114.0 96.0 0.0
114.0 98.0 0.0
114.0 100.0 0.0
114.0 102.0 0.0
114.0 104.0 0.0
114.0 106.0 0.0
114.0 108.0 0.0
114.0 110.0 0.0
114.0 112.0 0.0
114.0 114.0 0.0
114.0 116.0 0.0
114.0 118.0 0.0
114.0 120.0 0.0
114.0 122.0 0.0
114.0 124.0 0.0
114.0 126.0 0.0
116.0 0.0 0.0
116.0 2.0 0.0
116.0 4.0 0.0
116.0 6.0 0.0
116.0 8.0 0.0
116.0 10.0 0.0
116.0 12.0 0.0
116.0 14.0 0.0
116.0 16.0 0.0
116.0 18.0 0.0
116.0 20.0 0.0
116.0 22.0 0.0
116.0 24.0 0.0
116.0 26.0 0.0
116.0 28.0 0.0
116.0 30.0 0.0
116.0 32.0 0.016456927389826247
116.0 34.0 0.07054499102598313
116.0 36.0 0.14595272772965492
116.0 38.0 0.15977696286624868
116.0 40.0 0.14603786990278939
116.0 42.0 0.08719502093954262
116.0 44.0 0.0064815156043955885
116.0 46.0 0.0
116.0 48.0 0.0
116.0 50.0 0.0
116.0 52.0 0.0
116.0 54.0 0.0
116.0 56.0 0.0
116.0 58.0 0.0
116.0 60.0 0.0
116.0 62.0 0.0
116.0 64.0 0.0
116.0 66.0 6.186967740554918E-4
116.0 68.0 0.02844165991148598
116.0 70.0 0.10847872166903409
116.0 72.0 0.15729895524322882
116.0 74.0 0.18920863973310065
116.0 76.0 0.21607406512999702
116.0 78.0 0.26589930514819066
116.0 80.0 0.27212815207140556
116.0 82.0 0.2387224608194387
116.0 84.0 0.19718370259296347
116.0 86.0 0.15610236540835246
116.0 88.0 0.1075634033042674
116.0 90.0 0.069536188660992
116.0 92.0 0.003732946588841684
116.0 94.0 0.0
116.0 96.0 0.0
116.0 98.0 0.0
116.0 100.0 0.0
116.0 102.0 0.0
116.0 104.0 0.0
116.0 106.0 0.0
116.0 108.0 0.0
116.0 110.0 0.0
116.0 112.0 0.0
116.0 114.0 0.0
116.0 116.0 0.0
116.0 118.0 0.0
116.0 120.0 0.0
116.0 122.0 0.0
116.0 124.0 0.0
116.0 126.0 0.0
118.0 0.0 0.0
118.0 2.0 0.0
118.0 4.0 0.0
118.0 6.0 0.0
118.0 8.0 0.0
118.0 10.0 0.0
118.0 12.0 0.0
118.0 14.0 0.0
118.0 16.0 0.0
118.0 18.0 0.0
118.0 20.0 0.0
118.0 22.0 0.0
118.0 24.0 0.0
118.0 26.0 0.0
118.0 28.0 0.0
118.0 30.0 0.0
118.0 32.0 0.012342495554148474
118.0 34.0 0.07934291575662358
118.0 36.0 0.12811298122752054
118.0 38.0 0.16425391559161384
118.0 40.0 0.1684292992330234
118.0 42.0 0.12031483169703604
118.0 44.0 0.051243740243298676
118.0 46.0 8.539343162748602E-4
118.0 48.0 0.0
118.0 50.0 0.0
118.0 52.0 0.0
118.0 54.0 0.0
118.0 56.0 0.0
118.0 58.0 0.0
118.0 60.0 0.0
118.0 62.0 0.0
118.0 64.0 0.0
118.0 66.0 0.0
118.0 68.0 0.0
118.0 70.0 0.007476114183720969
118.0 72.0 0.06229844122636927
118.0 74.0 0.12851057824887105
118.0 76.0 0.18280972127502804
118.0 78.0 0.23411565447829763
118.0 80.0 0.2898535938055424
118.0 82.0 0.29769966760338956
118.0 84.0 0.27696969959097884
118.0 86.0 0.2346474212126846
118.0 88.0 0.19124947327821937
118.0 90.0 0.16092924959555568
118.0 92.0 0.10503652737707013
118.0 94.0 0.012578001389345034
118.0 96.0 0.0
118.0 98.0 0.0
118.0 100.0 0.0
118.0 102.0 0.0
118.0 104.0 0.0
118.0 106.0 0.0
118.0 108.0 0.0
118.0 110.0 0.0
118.0 112.0 0.0
118.0 114.0 0.0
118.0 116.0 0.0
118.0 118.0 0.0
118.0 120.0 0.0
118.0 122.0 0.0
118.0 124.0 0.0
118.0 126.0 0.0
120.0 0.0 0.0
120.0 2.0 0.0
120.0 4.0 0.0
120.0 6.0 0.0
120.0 8.0 0.0
120.0 10.0 0.0
120.0 12.0 0.0
120.0 14.0 0.0
120.0 16.0 0.0
120.0 18.0 0.0
120.0 20.0 0.0
120.0 22.0 0.0
120.0 24.0 0.0
120.0 26.0 0.0
120.0 28.0 0.0
120.0 30.0 0.0
120.0 32.0 0.0
120.0 34.0 0.0
120.0 36.0 0.10399189324455294
120.0 38.0 0.1919052452822271
120.0 40.0 0.17559631740403056
120.0 42.0 0.15034958554828334
120.0 44.0 0.08920015887607152
120.0 46.0 0.008856711445170634
120.0 48.0 0.0
120.0 50.0 0.0
120.0 52.0 0.0
120.0 54.0 0.0
120.0 56.0 0.0
120.0 58.0 0.0
120.0 60.0 0.0
120.0 62.0 0.0
120.0 64.0 0.0
120.0 66.0 0.0
120.0 68.0 0.0
120.0 70.0 0.0
120.0 72.0 0.011181898323226231
120.0 74.0 0.05524289478756534
120.0 76.0 0.1312621850880871
120.0 78.0 0.1991265066422956
120.0 80.0 0.28817962583960344
120.0 82.0 0.33058923114941413
120.0 84.0 0.3331791461215871
120.0 86.0 0.3053623866029871
120.0 88.0 0.2622211045722543
120.0 90.0 0.22113001584980416
120.0 92.0 0.19548340946665935
120.0 94.0 0.0
120.0 96.0 0.0
120.0 98.0 0.0
120.0 100.0 0.0
120.0 102.0 0.0
120.0 104.0 0.0
120.0 106.0 0.0
120.0 108.0 0.0
120.0 110.0 0.0
120.0 112.0 0.0
120.0 114.0 0.0
120.0 116.0 0.0
120.0 118.0 0.0
120.0 120.0 0.0
120.0 122.0 0.0
120.0 124.0 0.0
120.0 126.0 0.0
122.0 0.0 0.0
122.0 2.0 0.0
122.0 4.0 0.0
122.0 6.0 0.0
122.0 8.0 0.0
122.0 10.0 0.0
122.0 12.0 0.0
122.0 14.0 0.0
122.0 16.0 0.0
122.0 18.0 0.0
122.0 20.0 0.0
122.0 22.0 0.0
122.0 24.0 0.0
122.0 26.0 0.0
122.0 28.0 0.0
122.0 30.0 0.0
122.0 32.0 0.0
122.0 34.0 0.0
122.0 36.0 0.0
122.0 38.0 0.0
122.0 40.0 0.2316222247047387
122.0 42.0 0.1727601434870167
122.0 44.0 0.13173494929716406
122.0 46.0 0.06353512019400358
122.0 48.0 0.0034101153596891903
122.0 50.0 0.0
122.0 52.0 0.0
122.0 54.0 0.0
122.0 56.0 0.0
122.0 58.0 0.0
122.0 60.0 0.0
122.0 62.0 0.0
122.0 64.0 0.0
122.0 66.0 0.0
122.0 68.0 0.0
122.0 70.0 0.0
122.0 72.0 0.0
122.0 74.0 0.01956786723097771
122.0 76.0 0.07970105665011042
122.0 78.0 0.1666594577347035
122.0 80.0 0.2784357319743282
122.0 82.0 0.346878485453818
122.0 84.0 0.3687207868054503
122.0 86.0 0.35789644189528363
122.0 88.0 0.3202006969158366
122.0 90.0 0.0
122.0 92.0 0.0
122.0 94.0 0.0
122.0 96.0 0.0
122.0 98.0 0.0
122.0 100.0 0.0
122.0 102.0 0.0
122.0 104.0 0.0
122.0 106.0 0.0
122.0 108.0 0.0
122.0 110.0 0.0
122.0 112.0 0.0
122.0 114.0 0.0
122.0 116.0 0.0
122.0 118.0 0.0
122.0 120.0 0.0
122.0 122.0 0.0
122.0 124.0 0.0
122.0 126.0 0.0
124.0 0.0 0.0
124.0 2.0 0.0
124.0 4.0 0.0
124.0 6.0 0.0
124.0 8.0 0.0
124.0 10.0 0.0
124.0 12.0 0.0
124.0 14.0 0.0
124.0 16.0 0.0
124.0 18.0 0.0
124.0 20.0 0.0
124.0 22.0 0.0
124.0 24.0 0.0
124.0 26.0 0.0
124.0 28.0 0.0
124.0 30.0 0.0
124.0 32.0 0.0
124.0 34.0 0.0
124.0 36.0 0.0
124.0 38.0 0.0
124.0 40.0 0.0
124.0 42.0 0.0
124.0 44.0 0.0
124.0 46.0 0.21992814065014912
124.0 48.0 0.10572005137783609
124.0 50.0 0.033165773484870716
124.0 52.0 8.948112133085107E-4
124.0 54.0 0.0
124.0 56.0 0.0
124.0 58.0 0.0
124.0 60.0 0.0
124.0 62.0 0.0
124.0 64.0 0.0
124.0 66.0 0.0
124.0 68.0 0.0
124.0 70.0 0.0
124.0 72.0 0.0
124.0 74.0 0.004172186407299653
124.0 76.0 0.04779895742836913
124.0 78.0 0.13460224715590896
124.0 80.0 0.25676836785689233
124.0 82.0 0.36219873866024527
124.0 84.0 0.0
124.0 86.0 0.0
124.0 88.0 0.0
124.0 90.0 0.0
124.0 92.0 0.0
124.0 94.0 0.0
124.0 96.0 0.0
124.0 98.0 0.0
124.0 100.0 0.0
124.0 102.0 0.0
124.0 104.0 0.0
124.0 106.0 0.0
124.0 108.0 0.0
124.0 110.0 0.0
124.0 112.0 0.0
124.0 114.0 0.0
124.0 116.0 0.0
124.0 118.0 0.0
124.0 120.0 0.0
124.0 122.0 0.0
124.0 124.0 0.0
124.0 126.0 0.0
126.0 0.0 0.0
126.0 2.0 0.0
126.0 4.0 0.0
126.0 6.0 0.0
126.0 8.0 0.0
126.0 10.0 0.0
126.0 12.0 0.0
126.0 14.0 0.0
126.0 16.0 0.0
126.0 18.0 0.0
126.0 20.0 0.0
126.0 22.0 0.0
126.0 24.0 0.0
126.0 26.0 0.0
126.0 28.0 0.0
126.0 30.0 0.0
126.0 32.0 0.0
126.0 34.0 0.0
126.0 36.0 0.0
126.0 38.0 0.0
126.0 40.0 0.0
126.0 42.0 0.0
126.0 44.0 0.0
126.0 46.0 0.0
126.0 48.0 0.0
126.0 50.0 0.0
126.0 52.0 0.0
126.0 54.0 0.23194528690517194
126.0 56.0 0.03820851646262827
126.0 58.0 0.008253670332916819
126.0 60.0 0.0015273161771075959
126.0 62.0 0.0
126.0 64.0 0.0
126.0 66.0 0.0
126.0 68.0 0.0
126.0 70.0 0.0
126.0 72.0 0.0
126.0 74.0 0.00397658909845507
126.0 76.0 0.0
126.0 78.0 0.0
126.0 80.0 0.0
126.0 82.0 0.0
126.0 84.0 0.0
126.0 86.0 0.0
126.0 88.0 0.0
126.0 90.0 0.0
126.0 92.0 0.0
126.0 94.0 0.0
126.0 96.0 0.0
126.0 98.0 0.0
126.0 100.0 0.0
126.0 102.0 0.0
126.0 104.0 0.0
126.0 106.0 0.0
126.0 108.0 0.0
126.0 110.0 0.0
126.0 112.0 0.0
126.0 114.0 0.0
126.0 116.0 0.0
126.0 118.0 0.0
126.0 120.0 0.0
126.0 122.0 0.0
126.0 124.0 0.0
126.0 126.0 0.0
