0.0 0.0 0.0
0.0 2.0 0.0
0.0 4.0 0.0
0.0 6.0 0.0
0.0 8.0 0.0
0.0 10.0 0.0
0.0 12.0 0.0
0.0 14.0 0.0
0.0 16.0 0.0
0.0 18.0 0.0
0.0 20.0 0.0
0.0 22.0 0.0
0.0 24.0 0.0
0.0 26.0 0.0
0.0 28.0 0.0
0.0 30.0 0.0
0.0 32.0 0.0
0.0 34.0 0.0
0.0 36.0 0.0
0.0 38.0 0.0
0.0 40.0 0.0
0.0 42.0 0.0
0.0 44.0 0.0
0.0 46.0 0.0
0.0 48.0 0.0
0.0 50.0 0.0
0.0 52.0 0.0
0.0 54.0 0.0
0.0 56.0 0.0
0.0 58.0 0.0
0.0 60.0 0.0
0.0 62.0 0.0
0.0 64.0 0.0
0.0 66.0 0.0
0.0 68.0 0.0
0.0 70.0 0.0
0.0 72.0 0.0
0.0 74.0 0.0
0.0 76.0 0.0
0.0 78.0 0.0
0.0 80.0 0.0
0.0 82.0 0.0
0.0 84.0 0.0
0.0 86.0 0.0
0.0 88.0 0.0
0.0 90.0 0.0
0.0 92.0 0.0
0.0 94.0 0.0
0.0 96.0 0.0
0.0 98.0 0.0
0.0 100.0 0.0
0.0 102.0 0.0
0.0 104.0 0.0
0.0 106.0 0.0
0.0 108.0 0.0
0.0 110.0 0.0
0.0 112.0 0.0
0.0 114.0 0.0
0.0 116.0 0.0
0.0 118.0 0.0
0.0 120.0 0.0
0.0 122.0 0.0
0.0 124.0 0.0
0.0 126.0 0.0
2.0 0.0 0.0
2.0 2.0 0.0
2.0 4.0 0.0
2.0 6.0 0.0
2.0 8.0 0.0
2.0 10.0 0.0
2.0 12.0 0.0
2.0 14.0 0.0
2.0 16.0 0.0
2.0 18.0 0.0
2.0 20.0 0.0
2.0 22.0 0.0
2.0 24.0 0.0
2.0 26.0 0.0
2.0 28.0 0.0
2.0 30.0 0.0
2.0 32.0 0.0
2.0 34.0 0.0
2.0 36.0 0.0
2.0 38.0 0.0
2.0 40.0 0.0
2.0 42.0 0.0
2.0 44.0 0.0
2.0 46.0 0.0
2.0 48.0 0.12686110858094413
2.0 50.0 0.0
2.0 52.0 0.0
2.0 54.0 0.01709726415301456
2.0 56.0 0.18999897114662193
2.0 58.0 0.31093419055268096
2.0 60.0 0.2922161063414652
2.0 62.0 0.16321635599878412
2.0 64.0 0.04091935992381491
2.0 66.0 0.0
2.0 68.0 0.0
2.0 70.0 0.0
2.0 72.0 0.0
2.0 74.0 0.0
2.0 76.0 0.0
2.0 78.0 0.0
2.0 80.0 0.0
2.0 82.0 0.0
2.0 84.0 0.0
2.0 86.0 0.0
2.0 88.0 0.0
2.0 90.0 0.0
2.0 92.0 0.0
2.0 94.0 0.0
2.0 96.0 0.0
2.0 98.0 0.0
2.0 100.0 0.0
2.0 102.0 0.0
2.0 104.0 0.0
2.0 106.0 0.0
2.0 108.0 0.0
2.0 110.0 0.0
2.0 112.0 0.0
2.0 114.0 0.0
2.0 116.0 0.0
2.0 118.0 0.0
2.0 120.0 0.0
2.0 122.0 0.0
2.0 124.0 0.0
2.0 126.0 0.0
4.0 0.0 0.0
4.0 2.0 0.0
4.0 4.0 0.0
4.0 6.0 0.0
4.0 8.0 0.0
4.0 10.0 0.0
4.0 12.0 0.0
4.0 14.0 0.0
4.0 16.0 0.0
4.0 18.0 0.0
4.0 20.0 0.0
4.0 22.0 0.0
4.0 24.0 0.0
4.0 26.0 0.0
4.0 28.0 0.0
4.0 30.0 0.0
4.0 32.0 0.0
4.0 34.0 0.0
4.0 36.0 0.0
4.0 38.0 0.0
4.0 40.0 0.0
4.0 42.0 0.0
4.0 44.0 0.006580727129037641
4.0 46.0 0.07552814497937078
4.0 48.0 0.1680139137781157
4.0 50.0 0.2533614044478033
4.0 52.0 0.3634388449653543
4.0 54.0 0.47930961457570165
4.0 56.0 0.4990976501967555
4.0 58.0 0.4741076092603956
4.0 60.0 0.3635506786228657
4.0 62.0 0.18044131611962277
4.0 64.0 0.05176580898701969
4.0 66.0 0.0
4.0 68.0 0.0
4.0 70.0 0.0
4.0 72.0 0.0
4.0 74.0 0.0
4.0 76.0 0.0
4.0 78.0 0.0
4.0 80.0 0.0
4.0 82.0 0.0
4.0 84.0 0.0
4.0 86.0 0.0
4.0 88.0 0.0
4.0 90.0 0.0
4.0 92.0 0.0
4.0 94.0 0.0
4.0 96.0 0.0
4.0 98.0 0.0
4.0 100.0 0.0
4.0 102.0 0.0
4.0 104.0 0.0
4.0 106.0 0.0
4.0 108.0 0.0
4.0 110.0 0.0
4.0 112.0 0.0
4.0 114.0 0.0
4.0 116.0 0.0
4.0 118.0 0.0
4.0 120.0 0.0
4.0 122.0 0.0
4.0 124.0 0.0
4.0 126.0 0.0
6.0 0.0 0.0
6.0 2.0 0.0
6.0 4.0 0.0
6.0 6.0 0.0
6.0 8.0 0.0
6.0 10.0 0.0
6.0 12.0 0.0
6.0 14.0 0.0
6.0 16.0 0.0
6.0 18.0 0.0
6.0 20.0 0.0
6.0 22.0 0.0
6.0 24.0 0.0
6.0 26.0 0.0
6.0 28.0 0.0
6.0 30.0 0.0
6.0 32.0 0.0
6.0 34.0 0.0
6.0 36.0 0.0
6.0 38.0 1.0979917493819045E-4
6.0 40.0 0.009333657701323118
6.0 42.0 0.038601581505970976
6.0 44.0 0.09134796267892771
6.0 46.0 0.15595683926200685
6.0 48.0 0.23265290961729176
6.0 50.0 0.31283382833055884
6.0 52.0 0.404166446439711
6.0 54.0 0.49699320412645775
6.0 56.0 0.5150934226772562
6.0 58.0 0.47303107126093974
6.0 60.0 0.3477734960290484
6.0 62.0 0.16322325347219402
6.0 64.0 0.04407623073533279
6.0 66.0 0.0
6.0 68.0 0.0
6.0 70.0 0.0
6.0 72.0 0.0
6.0 74.0 0.0
6.0 76.0 0.0
6.0 78.0 0.0
6.0 80.0 0.0
6.0 82.0 0.0
6.0 84.0 0.0
6.0 86.0 0.013601859940973876
6.0 88.0 0.09056180146351685
6.0 90.0 0.23256828882765881
6.0 92.0 0.0
6.0 94.0 0.0
6.0 96.0 0.0
6.0 98.0 0.0
6.0 100.0 0.0
6.0 102.0 0.0
6.0 104.0 0.0
6.0 106.0 0.0
6.0 108.0 0.0
6.0 110.0 0.0
6.0 112.0 0.0
6.0 114.0 0.0
6.0 116.0 0.0
6.0 118.0 0.0
6.0 120.0 0.0
6.0 122.0 0.0
6.0 124.0 0.0
6.0 126.0 0.0
8.0 0.0 0.0
8.0 2.0 0.0
8.0 4.0 0.0
8.0 6.0 0.0
8.0 8.0 0.0
8.0 10.0 0.0
8.0 12.0 0.0
8.0 14.0 0.0
8.0 16.0 0.0
8.0 18.0 0.0
8.0 20.0 0.0
8.0 22.0 0.0
8.0 24.0 0.0
8.0 26.0 0.0
8.0 28.0 0.0
8.0 30.0 0.0
8.0 32.0 0.0
8.0 34.0 0.09835674315423036
8.0 36.0 0.0
8.0 38.0 0.0015967775243349014
8.0 40.0 0.005698000597216268
8.0 42.0 0.01601555468490319
8.0 44.0 0.06568016755916721
8.0 46.0 0.14754704867143753
8.0 48.0 0.2394100346557961
8.0 50.0 0.3360789790925698
8.0 52.0 0.4205174996185526
8.0 54.0 0.4838839836945313
8.0 56.0 0.5036805572233072
8.0 58.0 0.4547645993794412
8.0 60.0 0.32723041876552034
8.0 62.0 0.14796951058397748
8.0 64.0 0.03423743281801031
8.0 66.0 0.0
8.0 68.0 0.0
8.0 70.0 0.0
8.0 72.0 0.0
8.0 74.0 0.0
8.0 76.0 0.0
8.0 78.0 0.0
8.0 80.0 0.0
8.0 82.0 0.0
8.0 84.0 0.0
8.0 86.0 0.006838714427178775
8.0 88.0 0.07317666342275365
8.0 90.0 0.200562592438713
8.0 92.0 0.28587560423919123
8.0 94.0 0.3223248700742933
8.0 96.0 0.0
8.0 98.0 0.0
8.0 100.0 0.0
8.0 102.0 0.0
8.0 104.0 0.0
8.0 106.0 0.0
8.0 108.0 0.0
8.0 110.0 0.0
8.0 112.0 0.0
8.0 114.0 0.0
8.0 116.0 0.0
8.0 118.0 0.0
8.0 120.0 0.0
8.0 122.0 0.0
8.0 124.0 0.0
8.0 126.0 0.0
10.0 0.0 0.0
10.0 2.0 0.0
10.0 4.0 0.0
10.0 6.0 0.0
10.0 8.0 0.0
10.0 10.0 0.0
10.0 12.0 0.0
10.0 14.0 0.0
10.0 16.0 0.0
10.0 18.0 0.0
10.0 20.0 0.0
10.0 22.0 0.0
10.0 24.0 0.0
10.0 26.0 0.0
10.0 28.0 0.0
10.0 30.0 0.1725471057507585
10.0 32.0 0.0
10.0 34.0 0.0
10.0 36.0 0.0
10.0 38.0 0.0
10.0 40.0 0.0
10.0 42.0 0.0
10.0 44.0 0.03425281183032713
10.0 46.0 0.12444925755919843
10.0 48.0 0.21751649915126936
10.0 50.0 0.325623159492141
10.0 52.0 0.4197420611070144
10.0 54.0 0.4713036963811816
10.0 56.0 0.4854683753297415
10.0 58.0 0.429316772017289
10.0 60.0 0.30089974687865745
10.0 62.0 0.12869419571454443
10.0 64.0 0.015863061445641875
10.0 66.0 0.0
10.0 68.0 0.0
10.0 70.0 0.0
10.0 72.0 0.0
10.0 74.0 0.0
10.0 76.0 0.0
10.0 78.0 0.0
10.0 80.0 0.0
10.0 82.0 0.0
10.0 84.0 0.0
10.0 86.0 0.003519458471223397
10.0 88.0 0.059833893881768324
10.0 90.0 0.1701465803396974
10.0 92.0 0.2604974523500595
10.0 94.0 0.31066146164585723
10.0 96.0 0.3245857617368611
10.0 98.0 0.0
10.0 100.0 0.0
10.0 102.0 0.0
10.0 104.0 0.0
10.0 106.0 0.0
10.0 108.0 0.0
10.0 110.0 0.0
10.0 112.0 0.0
10.0 114.0 0.0
10.0 116.0 0.0
10.0 118.0 0.0
10.0 120.0 0.0
10.0 122.0 0.0
10.0 124.0 0.0
10.0 126.0 0.0
12.0 0.0 0.0
12.0 2.0 0.0
12.0 4.0 0.0
12.0 6.0 0.0
12.0 8.0 0.0
12.0 10.0 0.0
12.0 12.0 0.0
12.0 14.0 0.0
12.0 16.0 0.0
12.0 18.0 0.0
12.0 20.0 0.0
12.0 22.0 0.0
12.0 24.0 0.0
12.0 26.0 0.0
12.0 28.0 0.1716939953504589
12.0 30.0 0.0
12.0 32.0 0.0
12.0 34.0 0.0
12.0 36.0 0.0
12.0 38.0 0.0
12.0 40.0 0.0
12.0 42.0 0.0
12.0 44.0 0.022202308691304146
12.0 46.0 0.09715109727344372
12.0 48.0 0.18899647144862275
12.0 50.0 0.29824046036387725
12.0 52.0 0.39732853238380633
12.0 54.0 0.45084184116317977
12.0 56.0 0.46204294894400216
12.0 58.0 0.398072262962148
12.0 60.0 0.2703744790972818
12.0 62.0 0.10816446374723653
12.0 64.0 0.010070397096366463
12.0 66.0 0.0
12.0 68.0 0.0
12.0 70.0 0.0
12.0 72.0 0.0
12.0 74.0 0.0
12.0 76.0 0.0
12.0 78.0 0.0
12.0 80.0 0.0
12.0 82.0 0.0
12.0 84.0 0.0
12.0 86.0 0.0015553232081292904
12.0 88.0 0.049211371432634106
12.0 90.0 0.14866096439292673
12.0 92.0 0.2455571325010725
12.0 94.0 0.30734278086767747
12.0 96.0 0.3293354231708018
12.0 98.0 0.3245984456957026
12.0 100.0 0.29545340387514735
12.0 102.0 0.0
12.0 104.0 0.0
12.0 106.0 0.0
12.0 108.0 0.0
12.0 110.0 0.0
12.0 112.0 0.0
12.0 114.0 0.0
12.0 116.0 0.0
12.0 118.0 0.0
12.0 120.0 0.0
12.0 122.0 0.0
12.0 124.0 0.0
12.0 126.0 0.0
14.0 0.0 0.0
14.0 2.0 0.0
14.0 4.0 0.0
14.0 6.0 0.0
14.0 8.0 0.0
14.0 10.0 0.0
14.0 12.0 0.0
14.0 14.0 0.0
14.0 16.0 0.0
14.0 18.0 0.0
14.0 20.0 0.0
14.0 22.0 0.0
14.0 24.0 0.14146584400411158
14.0 26.0 0.0
14.0 28.0 0.0
14.0 30.0 0.0
14.0 32.0 0.0
14.0 34.0 0.0
14.0 36.0 0.0
14.0 38.0 0.0
14.0 40.0 0.0
14.0 42.0 0.0
14.0 44.0 0.006066380453753681
14.0 46.0 0.04840158241406874
14.0 48.0 0.1430480175438048
14.0 50.0 0.24558953336993739
14.0 52.0 0.3333158484308626
14.0 54.0 0.39164214191119595
14.0 56.0 0.41334794688041976
14.0 58.0 0.3575721565922377
14.0 60.0 0.23592502377147698
14.0 62.0 0.08687963419532302
14.0 64.0 0.004437953357057367
14.0 66.0 0.0
14.0 68.0 0.0
14.0 70.0 0.0
14.0 72.0 0.0
14.0 74.0 0.0
14.0 76.0 0.0
14.0 78.0 0.0
14.0 80.0 0.0
14.0 82.0 0.0
14.0 84.0 0.0
14.0 86.0 0.0011156230557240034
14.0 88.0 0.04228117274713982
14.0 90.0 0.13444991681086393
14.0 92.0 0.2343863275404451
14.0 94.0 0.3042176148095717
14.0 96.0 0.3300398903886207
14.0 98.0 0.3304717231895217
14.0 100.0 0.3104171712147314
14.0 102.0 0.2800100049791843
14.0 104.0 0.0
14.0 106.0 0.0
14.0 108.0 0.0
14.0 110.0 0.0
14.0 112.0 0.0
14.0 114.0 0.0
14.0 116.0 0.0
14.0 118.0 0.0
14.0 120.0 0.0
14.0 122.0 0.0
14.0 124.0 0.0
14.0 126.0 0.0
16.0 0.0 0.0
16.0 2.0 0.0
16.0 4.0 0.0
16.0 6.0 0.0
16.0 8.0 0.0
16.0 10.0 0.0
16.0 12.0 0.0
16.0 14.0 0.0
16.0 16.0 0.0
16.0 18.0 0.0
16.0 20.0 0.0
16.0 22.0 0.1114496349331025
16.0 24.0 0.0
16.0 26.0 0.0
16.0 28.0 0.0
16.0 30.0 0.0
16.0 32.0 0.0
16.0 34.0 0.0
16.0 36.0 0.0
16.0 38.0 0.0
16.0 40.0 0.0
16.0 42.0 0.0
16.0 44.0 0.003475071999987951
16.0 46.0 0.04843423557025425
16.0 48.0 0.11760867023402471
16.0 50.0 0.2059357613907825
16.0 52.0 0.2921076625406262
16.0 54.0 0.32769477757606785
16.0 56.0 0.34564181382070686
16.0 58.0 0.31026465914127216
16.0 60.0 0.20220402462437057
16.0 62.0 0.06767086264242074
16.0 64.0 0.0011309297731608092
16.0 66.0 0.0
16.0 68.0 0.0
16.0 70.0 0.0
16.0 72.0 0.0
16.0 74.0 0.0
16.0 76.0 0.0
16.0 78.0 0.0
16.0 80.0 0.0
16.0 82.0 0.0
16.0 84.0 0.0
16.0 86.0 0.0022790128032739924
16.0 88.0 0.0392276917247083
16.0 90.0 0.10422840324284934
16.0 92.0 0.200946153468091
16.0 94.0 0.27212904780934427
16.0 96.0 0.31590832324456164
16.0 98.0 0.32377119551179717
16.0 100.0 0.313406649921384
16.0 102.0 0.277185497713043
16.0 104.0 0.26718398314033726
16.0 106.0 0.0
16.0 108.0 0.0
16.0 110.0 0.0
16.0 112.0 0.0
16.0 114.0 0.0
16.0 116.0 0.0
16.0 118.0 0.0
16.0 120.0 0.0
16.0 122.0 0.0
16.0 124.0 0.0
16.0 126.0 0.0
18.0 0.0 0.0
18.0 2.0 0.0
18.0 4.0 0.0
18.0 6.0 0.0
18.0 8.0 0.0
18.0 10.0 0.0
18.0 12.0 0.0
18.0 14.0 0.0
18.0 16.0 0.0
18.0 18.0 0.0
18.0 20.0 0.08239861319437881
18.0 22.0 0.0
18.0 24.0 0.0
18.0 26.0 0.0
18.0 28.0 0.0
18.0 30.0 0.0
18.0 32.0 0.0
18.0 34.0 0.0
18.0 36.0 0.0
18.0 38.0 0.0
18.0 40.0 0.0
18.0 42.0 0.0
18.0 44.0 0.0
18.0 46.0 0.016047249799745818
18.0 48.0 0.05998213971786792
18.0 50.0 0.13724148121089963
18.0 52.0 0.21960623539347332
18.0 54.0 0.26626814352646
18.0 56.0 0.2923483629275092
18.0 58.0 0.270433887536045
18.0 60.0 0.17217969889391196
18.0 62.0 0.05224185879131798
18.0 64.0 2.0576202768563816E-4
18.0 66.0 0.0
18.0 68.0 0.0
18.0 70.0 0.0
18.0 72.0 0.0
18.0 74.0 0.0
18.0 76.0 0.0
18.0 78.0 0.0
18.0 80.0 0.0
18.0 82.0 0.0
18.0 84.0 0.0
18.0 86.0 2.6322183626223075E-4
18.0 88.0 0.029090797638528534
18.0 90.0 0.08775780357721735
18.0 92.0 0.18824945107561283
18.0 94.0 0.2718896702091677
18.0 96.0 0.3102991141453907
18.0 98.0 0.31641520670169215
18.0 100.0 0.3079650556585357
18.0 102.0 0.272974531034544
18.0 104.0 0.23715099977798926
18.0 106.0 0.22354052682159362
18.0 108.0 0.0
18.0 110.0 0.0
18.0 112.0 0.0
18.0 114.0 0.0
18.0 116.0 0.0
18.0 118.0 0.0
18.0 120.0 0.0
18.0 122.0 0.0
18.0 124.0 0.0
18.0 126.0 0.0
20.0 0.0 0.0
20.0 2.0 0.0
20.0 4.0 0.0
20.0 6.0 0.0
20.0 8.0 0.0
20.0 10.0 0.0
20.0 12.0 0.0
20.0 14.0 0.0
20.0 16.0 0.0
20.0 18.0 0.04913476010985852
20.0 20.0 0.0
20.0 22.0 0.0
20.0 24.0 0.0
20.0 26.0 0.0
20.0 28.0 0.0
20.0 30.0 0.0
20.0 32.0 0.0
20.0 34.0 0.0
20.0 36.0 0.0
20.0 38.0 0.0
20.0 40.0 0.0
20.0 42.0 0.0
20.0 44.0 0.004729515111389055
20.0 46.0 0.012909323527562603
20.0 48.0 0.015148939911796245
20.0 50.0 0.057287473075316175
20.0 52.0 0.1447612643938064
20.0 54.0 0.2217063968589851
20.0 56.0 0.2495108556633708
20.0 58.0 0.2328701669098366
20.0 60.0 0.15018934051094202
20.0 62.0 0.04910158225500134
20.0 64.0 0.0012881482844871825
20.0 66.0 0.0
20.0 68.0 0.0
20.0 70.0 0.0
20.0 72.0 0.0
20.0 74.0 0.0
20.0 76.0 0.0
20.0 78.0 0.0
20.0 80.0 0.0
20.0 82.0 0.0
20.0 84.0 0.0
20.0 86.0 0.0
20.0 88.0 0.014558792664531963
20.0 90.0 0.06381129932244524
20.0 92.0 0.15740192920451515
20.0 94.0 0.24639618079510003
20.0 96.0 0.283553880424286
20.0 98.0 0.291731277526461
20.0 100.0 0.2853193232476963
20.0 102.0 0.25582518801643933
20.0 104.0 0.21594433551387107
20.0 106.0 0.2000886386954904
20.0 108.0 0.1161637823826835
20.0 110.0 0.0
20.0 112.0 0.0
20.0 114.0 0.0
20.0 116.0 0.0
20.0 118.0 0.0
20.0 120.0 0.0
20.0 122.0 0.0
20.0 124.0 0.0
20.0 126.0 0.0
22.0 0.0 0.0
22.0 2.0 0.0
22.0 4.0 0.0
22.0 6.0 0.0
22.0 8.0 0.0
22.0 10.0 0.0
22.0 12.0 0.0
22.0 14.0 0.0
22.0 16.0 0.009094654144351373
22.0 18.0 0.0
22.0 20.0 0.0
22.0 22.0 0.0
22.0 24.0 0.0
22.0 26.0 0.0
22.0 28.0 0.0
22.0 30.0 0.0
22.0 32.0 0.0
22.0 34.0 0.0
22.0 36.0 0.0
22.0 38.0 0.0
22.0 40.0 0.0
22.0 42.0 0.0
22.0 44.0 0.0
22.0 46.0 3.1735742132925105E-4
22.0 48.0 0.006120311802371489
22.0 50.0 0.012329705183319854
22.0 52.0 0.056813796072547884
22.0 54.0 0.1776517674285084
22.0 56.0 0.21916354084969566
22.0 58.0 0.20049953422889696
22.0 60.0 0.1333240893728046
22.0 62.0 0.059902264182889076
22.0 64.0 0.0056875049490923155
22.0 66.0 0.015624051447266944
22.0 68.0 0.0025271850461561656
22.0 70.0 0.0
22.0 72.0 0.0
22.0 74.0 0.0
22.0 76.0 0.0
22.0 78.0 0.0
22.0 80.0 0.0
22.0 82.0 0.0
22.0 84.0 0.0
22.0 86.0 0.0
22.0 88.0 3.514496985981459E-5
22.0 90.0 0.027647053872061598
22.0 92.0 0.09932622450428776
22.0 94.0 0.17596731224147308
22.0 96.0 0.2230144321222708
22.0 98.0 0.2422281495678922
22.0 100.0 0.24235934164117923
22.0 102.0 0.22059702467302347
22.0 104.0 0.1822049067792808
22.0 106.0 0.1678122196494043
22.0 108.0 0.10137879185988474
22.0 110.0 0.019734565053404606
22.0 112.0 0.0
22.0 114.0 0.0
22.0 116.0 0.0
22.0 118.0 0.0
22.0 120.0 0.0
22.0 122.0 0.0
22.0 124.0 0.0
22.0 126.0 0.0
24.0 0.0 0.0
24.0 2.0 0.0
24.0 4.0 0.0
24.0 6.0 0.0
24.0 8.0 0.0
24.0 10.0 0.0
24.0 12.0 0.0
24.0 14.0 0.0
24.0 16.0 0.0
24.0 18.0 0.0
24.0 20.0 0.0
24.0 22.0 0.010621235125204189
24.0 24.0 0.00446506482285055
24.0 26.0 0.0
24.0 28.0 0.0
24.0 30.0 0.0
24.0 32.0 0.0
24.0 34.0 0.0
24.0 36.0 0.0
24.0 38.0 0.0
24.0 40.0 0.0
24.0 42.0 0.0
24.0 44.0 0.0
24.0 46.0 0.0
24.0 48.0 3.901169049557276E-4
24.0 50.0 9.189140518955492E-4
24.0 52.0 0.027143087298793864
24.0 54.0 0.10765146823493953
24.0 56.0 0.16091475387018792
24.0 58.0 0.16999571051624204
24.0 60.0 0.12677582402695858
24.0 62.0 0.08181104689411887
24.0 64.0 0.05318953053958655
24.0 66.0 0.07362349475091877
24.0 68.0 0.07093763917224298
24.0 70.0 0.06040003335796564
24.0 72.0 0.018005589677747375
24.0 74.0 0.0
24.0 76.0 0.0
24.0 78.0 0.0
24.0 80.0 0.0
24.0 82.0 0.0
24.0 84.0 0.0
24.0 86.0 0.0
24.0 88.0 0.0
24.0 90.0 0.0
24.0 92.0 0.013535418580469775
24.0 94.0 0.057217298632907254
24.0 96.0 0.11846848040885398
24.0 98.0 0.1534361399487408
24.0 100.0 0.16963364884108537
24.0 102.0 0.1604135602536169
24.0 104.0 0.13027380784461717
24.0 106.0 0.12104292329751769
24.0 108.0 0.07737682704437583
24.0 110.0 0.010756725238982669
24.0 112.0 0.0
24.0 114.0 0.0
24.0 116.0 0.0
24.0 118.0 0.0
24.0 120.0 0.0
24.0 122.0 0.0
24.0 124.0 0.0
24.0 126.0 0.0
26.0 0.0 0.0
26.0 2.0 0.0
26.0 4.0 0.0
26.0 6.0 0.0
26.0 8.0 0.0
26.0 10.0 0.0
26.0 12.0 0.0
26.0 14.0 0.0
26.0 16.0 0.0
26.0 18.0 0.024891092043230405
26.0 20.0 0.14992548423785504
26.0 22.0 0.1749006521875761
26.0 24.0 0.11608351471230254
26.0 26.0 0.039557932820359715
26.0 28.0 0.0
26.0 30.0 0.0
26.0 32.0 0.0
26.0 34.0 0.0
26.0 36.0 0.0
26.0 38.0 0.0
26.0 40.0 0.0
26.0 42.0 0.0
26.0 44.0 0.0
26.0 46.0 0.0
26.0 48.0 0.0
26.0 50.0 0.0
26.0 52.0 0.004194151651233188
26.0 54.0 0.04755089349510711
26.0 56.0 0.10443204367403937
26.0 58.0 0.1410599210681658
26.0 60.0 0.1338177974619663
26.0 62.0 0.1284798483158611
26.0 64.0 0.12965216856383552
26.0 66.0 0.1413449558077106
26.0 68.0 0.15193117928222105
26.0 70.0 0.1658460099416356
26.0 72.0 0.16280567491143913
26.0 74.0 0.11499314510110041
26.0 76.0 0.049836557042143036
26.0 78.0 0.02084649078746197
26.0 80.0 2.116614199092067E-4
26.0 82.0 0.0
26.0 84.0 0.0
26.0 86.0 0.0
26.0 88.0 0.0
26.0 90.0 0.0
26.0 92.0 0.0
26.0 94.0 0.0
26.0 96.0 0.0
26.0 98.0 0.015557189300451744
26.0 100.0 0.05215700969128672
26.0 102.0 0.06298272790231753
26.0 104.0 0.05462823362361458
26.0 106.0 0.06407231893306266
26.0 108.0 0.03999323252936439
26.0 110.0 0.001085244474755335
26.0 112.0 0.0
26.0 114.0 0.0
26.0 116.0 0.0
26.0 118.0 0.0
26.0 120.0 0.0
26.0 122.0 0.0
26.0 124.0 0.0
26.0 126.0 0.0
28.0 0.0 0.0
28.0 2.0 0.0
28.0 4.0 0.0
28.0 6.0 0.0
28.0 8.0 0.0
28.0 10.0 0.0
28.0 12.0 0.0
28.0 14.0 0.0
28.0 16.0 0.1761931892797358
28.0 18.0 0.3489092070238897
28.0 20.0 0.41554260763659007
28.0 22.0 0.39855395389536935
28.0 24.0 0.3160902441680514
28.0 26.0 0.1646751183238234
28.0 28.0 0.040249402025159677
28.0 30.0 0.0
28.0 32.0 0.0
28.0 34.0 0.0
28.0 36.0 0.0
28.0 38.0 0.0
28.0 40.0 0.0
28.0 42.0 0.0
28.0 44.0 0.0
28.0 46.0 0.0
28.0 48.0 0.0
28.0 50.0 0.0
28.0 52.0 0.0
28.0 54.0 0.014964497227376625
28.0 56.0 0.06218090573109666
28.0 58.0 0.11307055734859538
28.0 60.0 0.15342074549037585
28.0 62.0 0.19651607550507852
28.0 64.0 0.23743859955455204
28.0 66.0 0.22650648505231388
28.0 68.0 0.24296962728064653
28.0 70.0 0.2584712086313647
28.0 72.0 0.31351253808109786
28.0 74.0 0.29171936794843517
28.0 76.0 0.22029609274623185
28.0 78.0 0.11056204305859237
28.0 80.0 0.03406323059076864
28.0 82.0 8.857493666716998E-5
28.0 84.0 0.0
28.0 86.0 0.0
28.0 88.0 0.0
28.0 90.0 0.0
28.0 92.0 0.0
28.0 94.0 0.0
28.0 96.0 0.0
28.0 98.0 0.0
28.0 100.0 0.0
28.0 102.0 0.0
28.0 104.0 0.0
28.0 106.0 0.0
28.0 108.0 7.143697307548405E-4
28.0 110.0 7.143731939497945E-4
28.0 112.0 0.0
28.0 114.0 0.0
28.0 116.0 0.0
28.0 118.0 0.0
28.0 120.0 0.0
28.0 122.0 0.0
28.0 124.0 0.0
28.0 126.0 0.0
30.0 0.0 0.0
30.0 2.0 0.0
30.0 4.0 0.0
30.0 6.0 0.0
30.0 8.0 0.0
30.0 10.0 0.0
30.0 12.0 0.014890633000862899
30.0 14.0 0.2376204827138941
30.0 16.0 0.45804722844750406
30.0 18.0 0.5546438479573835
30.0 20.0 0.5462646207266224
30.0 22.0 0.5127556992406845
30.0 24.0 0.43051753930881054
30.0 26.0 0.2782091629564027
30.0 28.0 0.10835834162912744
30.0 30.0 0.0
30.0 32.0 0.0
30.0 34.0 0.0
30.0 36.0 0.0
30.0 38.0 0.0
30.0 40.0 0.0
30.0 42.0 0.0
30.0 44.0 0.0
30.0 46.0 0.0
30.0 48.0 0.0
30.0 50.0 0.0
30.0 52.0 0.0
30.0 54.0 5.254362336064753E-4
30.0 56.0 0.041912172125363745
30.0 58.0 0.09720636873501674
30.0 60.0 0.17376659515999296
30.0 62.0 0.25734689165084307
30.0 64.0 0.33303104485238366
30.0 66.0 0.3456929051419933
30.0 68.0 0.33868651050840676
30.0 70.0 0.34890107898016637
30.0 72.0 0.374508918427727
30.0 74.0 0.41593933717495396
30.0 76.0 0.3426749805098021
30.0 78.0 0.22661206998636074
30.0 80.0 0.08898943943699004
30.0 82.0 0.014835717381326427
30.0 84.0 0.0
30.0 86.0 0.0
30.0 88.0 0.0
30.0 90.0 0.0
30.0 92.0 0.0
30.0 94.0 0.0
30.0 96.0 0.0
30.0 98.0 0.0
30.0 100.0 0.0
30.0 102.0 0.0
30.0 104.0 0.0
30.0 106.0 0.0
30.0 108.0 0.0
30.0 110.0 0.0
30.0 112.0 0.0
30.0 114.0 0.0
30.0 116.0 0.0
30.0 118.0 0.0
30.0 120.0 0.0
30.0 122.0 0.0
30.0 124.0 0.0
30.0 126.0 0.0
32.0 0.0 0.0
32.0 2.0 0.0
32.0 4.0 0.0
32.0 6.0 0.0
32.0 8.0 0.0
32.0 10.0 0.0
32.0 12.0 0.11134794992163251
32.0 14.0 0.32367436777110487
32.0 16.0 0.49120751212767605
32.0 18.0 0.5568623599473813
32.0 20.0 0.5610180162006771
32.0 22.0 0.5408827485565012
32.0 24.0 0.46897735841311033
32.0 26.0 0.33617175366447755
32.0 28.0 0.15408443151159298
32.0 30.0 0.02134037525136527
32.0 32.0 0.0
32.0 34.0 0.0
32.0 36.0 0.0
32.0 38.0 0.0
32.0 40.0 0.0
32.0 42.0 0.0
32.0 44.0 0.0
32.0 46.0 0.0
32.0 48.0 0.0
32.0 50.0 0.0
32.0 52.0 0.0
32.0 54.0 0.0
32.0 56.0 0.03484438418495905
32.0 58.0 0.09607703733965896
32.0 60.0 0.18622407350146974
32.0 62.0 0.2863618693733034
32.0 64.0 0.3801372975919795
32.0 66.0 0.4206871820224533
32.0 68.0 0.4206319339329261
32.0 70.0 0.420953028389802
32.0 72.0 0.41801582190483
32.0 74.0 0.40456501701256947
32.0 76.0 0.36558865519572487
32.0 78.0 0.27967739189863694
32.0 80.0 0.14435024171463037
32.0 82.0 0.04327832538187703
32.0 84.0 0.0
32.0 86.0 0.0
32.0 88.0 0.0
32.0 90.0 0.0
32.0 92.0 0.0
32.0 94.0 0.0
32.0 96.0 0.0
32.0 98.0 0.0
32.0 100.0 0.0
32.0 102.0 0.0
32.0 104.0 0.0
32.0 106.0 0.0
32.0 108.0 1.319755044544277E-4
32.0 110.0 0.016383948596641613
32.0 112.0 0.004864576779746773
32.0 114.0 0.0
32.0 116.0 0.0
32.0 118.0 0.0
32.0 120.0 0.0
32.0 122.0 0.0
32.0 124.0 0.0
32.0 126.0 0.0
34.0 0.0 0.0
34.0 2.0 0.0
34.0 4.0 0.0
34.0 6.0 0.0
34.0 8.0 0.0
34.0 10.0 0.05017695008344894
34.0 12.0 0.2511599835449108
34.0 14.0 0.42968272201253827
34.0 16.0 0.5446668837425864
34.0 18.0 0.5913314601139504
34.0 20.0 0.5553084613841383
34.0 22.0 0.5023273857647483
34.0 24.0 0.4503194131025043
34.0 26.0 0.34125852441975296
34.0 28.0 0.17290926761539763
34.0 30.0 0.04697819077872092
34.0 32.0 0.0
34.0 34.0 0.0
34.0 36.0 0.0
34.0 38.0 0.0
34.0 40.0 0.0
34.0 42.0 0.0
34.0 44.0 0.0
34.0 46.0 0.0
34.0 48.0 0.0
34.0 50.0 0.0
34.0 52.0 0.0
34.0 54.0 7.899618896585157E-4
34.0 56.0 0.03699129207309269
34.0 58.0 0.09602669033377727
34.0 60.0 0.18570766186873686
34.0 62.0 0.29087644400527296
34.0 64.0 0.3881027766024916
34.0 66.0 0.4652247314855645
34.0 68.0 0.4809507588749487
34.0 70.0 0.4473792990364715
34.0 72.0 0.44436679190374156
34.0 74.0 0.4219465055795588
34.0 76.0 0.3781144790439437
34.0 78.0 0.29824710392876264
34.0 80.0 0.17143265577992764
34.0 82.0 0.06467456810119573
34.0 84.0 0.0
34.0 86.0 0.0
34.0 88.0 0.0
34.0 90.0 0.0
34.0 92.0 0.0
34.0 94.0 0.0
34.0 96.0 0.0
34.0 98.0 0.0
34.0 100.0 0.0
34.0 102.0 0.0
34.0 104.0 0.0
34.0 106.0 0.0
34.0 108.0 0.01147671155294351
34.0 110.0 0.029485458245877172
34.0 112.0 0.03019463390485228
34.0 114.0 0.02352141350816773
34.0 116.0 0.007927994585297487
34.0 118.0 0.0032379769503067743
34.0 120.0 0.0
34.0 122.0 0.0
34.0 124.0 0.0
34.0 126.0 0.0
36.0 0.0 0.0
36.0 2.0 0.0
36.0 4.0 0.0
36.0 6.0 0.0
36.0 8.0 0.0
36.0 10.0 0.059172264163590726
36.0 12.0 0.2530080763003591
36.0 14.0 0.4223867602040288
36.0 16.0 0.5281250002864365
36.0 18.0 0.5795847126841408
36.0 20.0 0.5337594057880318
36.0 22.0 0.48095244587341307
36.0 24.0 0.4357342317844004
36.0 26.0 0.3431499092682924
36.0 28.0 0.20001278318785454
36.0 30.0 0.07415744740719106
36.0 32.0 0.0
36.0 34.0 0.0
36.0 36.0 0.0
36.0 38.0 0.0
36.0 40.0 0.0
36.0 42.0 0.0
36.0 44.0 0.0
36.0 46.0 0.0
36.0 48.0 0.0
36.0 50.0 0.0
36.0 52.0 0.0
36.0 54.0 0.0109898786115826
36.0 56.0 0.04575449274106119
36.0 58.0 0.09589986160203791
36.0 60.0 0.17372730599313338
36.0 62.0 0.2704467249865604
36.0 64.0 0.3692908611939883
36.0 66.0 0.45235423171975103
36.0 68.0 0.49831759419932314
36.0 70.0 0.4774413892180047
36.0 72.0 0.4528558482722073
36.0 74.0 0.4278097847735339
36.0 76.0 0.3767527463162803
36.0 78.0 0.29712562607811926
36.0 80.0 0.17620234741380122
36.0 82.0 0.06963274278804783
36.0 84.0 0.0
36.0 86.0 0.0
36.0 88.0 0.0
36.0 90.0 0.0
36.0 92.0 0.0
36.0 94.0 0.0
36.0 96.0 0.0
36.0 98.0 0.0
36.0 100.0 0.0
36.0 102.0 0.0
36.0 104.0 0.0
36.0 106.0 0.0019317375329797714
36.0 108.0 0.023159997102550452
36.0 110.0 0.0447181316911375
36.0 112.0 0.06416733653583949
36.0 114.0 0.08378372752153772
36.0 116.0 0.10458049145564836
36.0 118.0 0.11556921321152198
36.0 120.0 0.09564075686745994
36.0 122.0 0.0
36.0 124.0 0.0
36.0 126.0 0.0
38.0 0.0 0.0
38.0 2.0 0.0
38.0 4.0 0.0
38.0 6.0 0.004826426420399792
38.0 8.0 0.0
38.0 10.0 0.05643052159398513
38.0 12.0 0.24335497754215554
38.0 14.0 0.39805028382430546
38.0 16.0 0.5011413802869324
38.0 18.0 0.5400272775079072
38.0 20.0 0.5005566080417859
38.0 22.0 0.4633703490175154
38.0 24.0 0.42441245403411565
38.0 26.0 0.3423904735728203
38.0 28.0 0.22038224913016777
38.0 30.0 0.09082932317029345
38.0 32.0 0.0
38.0 34.0 0.0
38.0 36.0 0.0
38.0 38.0 0.0
38.0 40.0 0.0
38.0 42.0 0.0
38.0 44.0 0.0
38.0 46.0 0.0
38.0 48.0 0.0
38.0 50.0 0.0
38.0 52.0 0.0
38.0 54.0 0.011321715367212678
38.0 56.0 0.042664022219838955
38.0 58.0 0.08905519130066826
38.0 60.0 0.1532951734511209
38.0 62.0 0.23315114652285973
38.0 64.0 0.32198054558448225
38.0 66.0 0.41062159162262407
38.0 68.0 0.4685822457189155
38.0 70.0 0.4768870578353947
38.0 72.0 0.453901307085332
38.0 74.0 0.4230048309792107
38.0 76.0 0.3646152880268508
38.0 78.0 0.2807544161416519
38.0 80.0 0.1617846472977492
38.0 82.0 0.06270433293887763
38.0 84.0 0.0
38.0 86.0 0.0
38.0 88.0 0.0
38.0 90.0 0.0
38.0 92.0 0.0
38.0 94.0 0.0
38.0 96.0 0.0
38.0 98.0 0.0
38.0 100.0 0.0
38.0 102.0 0.0
38.0 104.0 0.0
38.0 106.0 0.0051786277629624925
38.0 108.0 0.02916356140834202
38.0 110.0 0.054436574186160935
38.0 112.0 0.08247964024118952
38.0 114.0 0.1185748306208132
38.0 116.0 0.16529085913337013
38.0 118.0 0.19915032629591323
38.0 120.0 0.1961459023186423
38.0 122.0 0.0
38.0 124.0 0.0
38.0 126.0 0.0
40.0 0.0 0.0
40.0 2.0 0.0
40.0 4.0 0.0
40.0 6.0 0.01626124057543825
40.0 8.0 0.0
40.0 10.0 0.02402430650425985
40.0 12.0 0.1767716520135414
40.0 14.0 0.3311468036208329
40.0 16.0 0.44076475619050953
40.0 18.0 0.4849592372085984
40.0 20.0 0.4903451641633765
40.0 22.0 0.4740596341335233
40.0 24.0 0.3909594047716603
40.0 26.0 0.3202250377241548
40.0 28.0 0.23568390407779183
40.0 30.0 0.10400601794719293
40.0 32.0 0.0
40.0 34.0 0.0
40.0 36.0 0.0
40.0 38.0 0.0
40.0 40.0 0.0
40.0 42.0 0.0
40.0 44.0 0.0
40.0 46.0 0.0
40.0 48.0 0.0
40.0 50.0 0.0
40.0 52.0 0.0
40.0 54.0 0.015707833019662797
40.0 56.0 0.04356595592007718
40.0 58.0 0.08517433658087957
40.0 60.0 0.13742174672701069
40.0 62.0 0.19846590531664707
40.0 64.0 0.26550985053701853
40.0 66.0 0.3418770192525338
40.0 68.0 0.4107768512272534
40.0 70.0 0.438916698476363
40.0 72.0 0.4268109058546048
40.0 74.0 0.3954614179552827
40.0 76.0 0.33583401066782453
40.0 78.0 0.24720926612629987
40.0 80.0 0.13309562234222325
40.0 82.0 0.04386527333125698
40.0 84.0 0.0
40.0 86.0 0.0
40.0 88.0 0.0
40.0 90.0 0.0
40.0 92.0 0.0
40.0 94.0 0.0
40.0 96.0 0.0
40.0 98.0 0.0
40.0 100.0 0.0
40.0 102.0 0.0
40.0 104.0 0.0
40.0 106.0 0.004418762435368666
40.0 108.0 0.027647407989555853
40.0 110.0 0.05675966571403021
40.0 112.0 0.08736359780338256
40.0 114.0 0.12803934686837803
40.0 116.0 0.1816636506870534
40.0 118.0 0.2251264250663794
40.0 120.0 0.24180125385246354
40.0 122.0 0.23908644803012066
40.0 124.0 0.0
40.0 126.0 0.0
42.0 0.0 0.0
42.0 2.0 0.0
42.0 4.0 0.02230285124324252
42.0 6.0 0.0
42.0 8.0 0.0
42.0 10.0 0.028073559360858258
42.0 12.0 0.13600470037885834
42.0 14.0 0.29950920649705254
42.0 16.0 0.3792059289542955
42.0 18.0 0.4177584186884742
42.0 20.0 0.4007038493557385
42.0 22.0 0.38661427585512814
42.0 24.0 0.3602708116085041
42.0 26.0 0.3017809212011972
42.0 28.0 0.23678454092706328
42.0 30.0 0.1084158705844433
42.0 32.0 7.758574270626643E-4
42.0 34.0 0.0
42.0 36.0 0.0
42.0 38.0 0.0
42.0 40.0 0.0
42.0 42.0 0.0
42.0 44.0 0.0
42.0 46.0 0.0
42.0 48.0 0.0
42.0 50.0 0.0
42.0 52.0 4.243373414143503E-4
42.0 54.0 0.020048021706922606
42.0 56.0 0.04450434803962935
42.0 58.0 0.08049548213183738
42.0 60.0 0.12250550028349176
42.0 62.0 0.16946350229646104
42.0 64.0 0.21795918525465374
42.0 66.0 0.272768776873385
42.0 68.0 0.32874288510016053
42.0 70.0 0.3570116847796216
42.0 72.0 0.367251186178774
42.0 74.0 0.3403340078548042
42.0 76.0 0.2817154368206776
42.0 78.0 0.19345535100127173
42.0 80.0 0.08963232025260466
42.0 82.0 0.018374155425649328
42.0 84.0 0.0
42.0 86.0 0.0
42.0 88.0 0.0
42.0 90.0 0.0
42.0 92.0 0.0
42.0 94.0 0.0
42.0 96.0 0.0
42.0 98.0 0.0
42.0 100.0 0.0
42.0 102.0 0.0
42.0 104.0 0.0
42.0 106.0 0.0015329214894515607
42.0 108.0 0.02136654979499408
42.0 110.0 0.05313444138830508
42.0 112.0 0.07733421892486238
42.0 114.0 0.11551505325725549
42.0 116.0 0.1678047390729772
42.0 118.0 0.2141285425026849
42.0 120.0 0.2423940555274289
42.0 122.0 0.25325317887624405
42.0 124.0 0.0
42.0 126.0 0.0
44.0 0.0 0.0
44.0 2.0 0.0
44.0 4.0 0.023757825108393114
44.0 6.0 0.0
44.0 8.0 0.0
44.0 10.0 0.018619432128933012
44.0 12.0 0.09164398663513233
44.0 14.0 0.15707176816063392
44.0 16.0 0.22544896989351162
44.0 18.0 0.25802932868899836
44.0 20.0 0.3121036699447766
44.0 22.0 0.326021018879794
44.0 24.0 0.29999697199445696
44.0 26.0 0.27533256357395836
44.0 28.0 0.23980688556982843
44.0 30.0 0.1123981854692831
44.0 32.0 0.010498542752808178
44.0 34.0 0.0
44.0 36.0 0.0
44.0 38.0 0.0
44.0 40.0 0.0
44.0 42.0 0.0
44.0 44.0 0.0
44.0 46.0 0.0
44.0 48.0 0.0
44.0 50.0 0.0
44.0 52.0 8.425281562189826E-4
44.0 54.0 0.018047729344446768
44.0 56.0 0.03759053185813368
44.0 58.0 0.06732133991574249
44.0 60.0 0.10312000452170801
44.0 62.0 0.14006525882756907
44.0 64.0 0.17683493382876636
44.0 66.0 0.21327629776475412
44.0 68.0 0.24442440530843404
44.0 70.0 0.2784083920489255
44.0 72.0 0.2852774064059443
44.0 74.0 0.26514567520094356
44.0 76.0 0.21332811338620383
44.0 78.0 0.1345779812579158
44.0 80.0 0.049536951059180205
44.0 82.0 0.0
44.0 84.0 0.0
44.0 86.0 0.0
44.0 88.0 0.0
44.0 90.0 0.0
44.0 92.0 0.0
44.0 94.0 0.0
44.0 96.0 0.0
44.0 98.0 0.0
44.0 100.0 0.0
44.0 102.0 0.0
44.0 104.0 0.0
44.0 106.0 0.0
44.0 108.0 0.01164887521756486
44.0 110.0 0.03900657984917085
44.0 112.0 0.054218663930425605
44.0 114.0 0.08175434044532533
44.0 116.0 0.12846180530515716
44.0 118.0 0.17390405342921963
44.0 120.0 0.21254114923949294
44.0 122.0 0.24050767171574108
44.0 124.0 0.0
44.0 126.0 0.0
46.0 0.0 0.0
46.0 2.0 0.0
46.0 4.0 0.021079411283890893
46.0 6.0 0.0
46.0 8.0 0.0
46.0 10.0 0.008625524438655238
46.0 12.0 0.015576313547617715
46.0 14.0 0.010339272938021636
46.0 16.0 0.03200032365838094
46.0 18.0 0.08038160687713199
46.0 20.0 0.16849011834813477
46.0 22.0 0.21966725990310687
46.0 24.0 0.24144638932191187
46.0 26.0 0.2451731777980879
46.0 28.0 0.22931178905336305
46.0 30.0 0.1252813778816395
46.0 32.0 0.017370482480359814
46.0 34.0 0.0
46.0 36.0 0.0
46.0 38.0 0.0
46.0 40.0 0.0
46.0 42.0 0.0
46.0 44.0 0.0
46.0 46.0 0.0
46.0 48.0 0.0
46.0 50.0 0.0
46.0 52.0 4.955857298835994E-4
46.0 54.0 0.01176251507896262
46.0 56.0 0.023603589794297136
46.0 58.0 0.041498479984976334
46.0 60.0 0.07087899287595695
46.0 62.0 0.08840338641001476
46.0 64.0 0.11999356812184346
46.0 66.0 0.14124193860324247
46.0 68.0 0.16923775634466895
46.0 70.0 0.21358775677712338
46.0 72.0 0.21005178327049134
46.0 74.0 0.18227426076787875
46.0 76.0 0.13389988686804158
46.0 78.0 0.06015194069729915
46.0 80.0 0.003522649255558136
46.0 82.0 0.0
46.0 84.0 0.0
46.0 86.0 0.0
46.0 88.0 0.0
46.0 90.0 0.0
46.0 92.0 0.0
46.0 94.0 0.0
46.0 96.0 0.0
46.0 98.0 0.0
46.0 100.0 0.0
46.0 102.0 0.0
46.0 104.0 0.0
46.0 106.0 0.0
46.0 108.0 3.37803795094853E-4
46.0 110.0 0.011321059057345326
46.0 112.0 0.028403255324627688
46.0 114.0 0.042032856170930714
46.0 116.0 0.06844205335405673
46.0 118.0 0.10736781665199796
46.0 120.0 0.1498376125560609
46.0 122.0 0.18403239281415287
46.0 124.0 0.22357306805059984
46.0 126.0 0.0
48.0 0.0 0.0
48.0 2.0 0.018618305926484308
48.0 4.0 0.0
48.0 6.0 0.0
48.0 8.0 0.0
48.0 10.0 0.0
48.0 12.0 0.0
48.0 14.0 0.0
48.0 16.0 0.004996041284427182
48.0 18.0 0.018000475535135854
48.0 20.0 0.0498531863889587
48.0 22.0 0.10588233475235893
48.0 24.0 0.1845580786982499
48.0 26.0 0.21024035634064642
48.0 28.0 0.20899734045390872
48.0 30.0 0.12907391617758576
48.0 32.0 0.019236855408983403
48.0 34.0 0.0
48.0 36.0 0.0
48.0 38.0 0.0
48.0 40.0 0.0
48.0 42.0 0.0
48.0 44.0 0.0
48.0 46.0 0.0
48.0 48.0 0.0
48.0 50.0 0.0017787536802600203
48.0 52.0 0.0012658576339342478
48.0 54.0 0.0020953821224217292
48.0 56.0 0.003786139471909764
48.0 58.0 0.010267061263016812
48.0 60.0 0.04118107638622007
48.0 62.0 0.07055427288914402
48.0 64.0 0.09310320697326507
48.0 66.0 0.10685849491628813
48.0 68.0 0.12516649334180888
48.0 70.0 0.14453593896866698
48.0 72.0 0.12271575022938315
48.0 74.0 0.0897368648943951
48.0 76.0 0.04793064632413332
48.0 78.0 0.0030747840149066286
48.0 80.0 0.0
48.0 82.0 0.0
48.0 84.0 0.0
48.0 86.0 0.0
48.0 88.0 0.0
48.0 90.0 0.0
48.0 92.0 0.0
48.0 94.0 0.0
48.0 96.0 0.0
48.0 98.0 0.0
48.0 100.0 0.0
48.0 102.0 0.0
48.0 104.0 0.0
48.0 106.0 0.0
48.0 108.0 0.0
48.0 110.0 0.0
48.0 112.0 5.454793755746033E-4
48.0 114.0 0.004310253765104729
48.0 116.0 0.015623969654759763
48.0 118.0 0.03386363201515714
48.0 120.0 0.05666930829622341
48.0 122.0 0.07374511342389456
48.0 124.0 0.11938186506977953
48.0 126.0 0.0
50.0 0.0 0.0
50.0 2.0 0.010820258905198867
50.0 4.0 0.0
50.0 6.0 0.0
50.0 8.0 0.0
50.0 10.0 0.0
50.0 12.0 0.0
50.0 14.0 0.005642464207661869
50.0 16.0 0.008547928471871191
50.0 18.0 0.013089749905454778
50.0 20.0 0.02815660361568829
50.0 22.0 0.06042006772193512
50.0 24.0 0.12652919222729822
50.0 26.0 0.17872909544107815
50.0 28.0 0.1727231283470219
50.0 30.0 0.11995975865610342
50.0 32.0 0.02695356828584593
50.0 34.0 0.0
50.0 36.0 0.0
50.0 38.0 0.0
50.0 40.0 0.0
50.0 42.0 0.0
50.0 44.0 0.0
50.0 46.0 0.0022994824544788866
50.0 48.0 0.009622066720481975
50.0 50.0 0.0022496501613757116
50.0 52.0 0.0
50.0 54.0 0.0
50.0 56.0 0.0
50.0 58.0 0.0
50.0 60.0 0.0072234836587752186
50.0 62.0 0.0344010363445332
50.0 64.0 0.05760431383188952
50.0 66.0 0.07317375348564412
50.0 68.0 0.08610130348533306
50.0 70.0 0.053762896628578825
50.0 72.0 0.025444994478370123
50.0 74.0 0.010040812867731843
50.0 76.0 0.008225316014156358
50.0 78.0 4.064664979106882E-4
50.0 80.0 0.0
50.0 82.0 0.0
50.0 84.0 0.0
50.0 86.0 0.0
50.0 88.0 0.0
50.0 90.0 0.0013699623986381387
50.0 92.0 0.0244722129171205
50.0 94.0 0.08109537224899822
50.0 96.0 0.09113004720776587
50.0 98.0 0.07996051374403167
50.0 100.0 0.05039856809206433
50.0 102.0 0.010133539949927717
50.0 104.0 0.0
50.0 106.0 0.0
50.0 108.0 0.0
50.0 110.0 0.0
50.0 112.0 0.0
50.0 114.0 0.0
50.0 116.0 0.0
50.0 118.0 0.0
50.0 120.0 0.0
50.0 122.0 0.001083561601623471
50.0 124.0 0.018730293911704363
50.0 126.0 0.0
52.0 0.0 0.0
52.0 2.0 0.0017612749890222705
52.0 4.0 0.0
52.0 6.0 0.0
52.0 8.0 0.0
52.0 10.0 0.0
52.0 12.0 0.0
52.0 14.0 0.008299529365434799
52.0 16.0 0.011349825034387806
52.0 18.0 0.01410358736250828
52.0 20.0 0.02464291501178238
52.0 22.0 0.03725862523761426
52.0 24.0 0.0715910266746681
52.0 26.0 0.120745287318618
52.0 28.0 0.12277087000695884
52.0 30.0 0.10020731619814922
52.0 32.0 0.04008240914449008
52.0 34.0 6.17978466013578E-4
52.0 36.0 0.0
52.0 38.0 0.0
52.0 40.0 0.0
52.0 42.0 0.0053550591939618775
52.0 44.0 0.020274303232460524
52.0 46.0 0.03306780401385101
52.0 48.0 0.030550347346305445
52.0 50.0 0.005845721571287918
52.0 52.0 0.0
52.0 54.0 0.0
52.0 56.0 0.0
52.0 58.0 0.0
52.0 60.0 0.0
52.0 62.0 6.629546676671311E-4
52.0 64.0 0.01509361437917288
52.0 66.0 0.025877558457430075
52.0 68.0 0.025747523468462027
52.0 70.0 0.0
52.0 72.0 0.0
52.0 74.0 0.0
52.0 76.0 0.0
52.0 78.0 0.0
52.0 80.0 0.0
52.0 82.0 0.0026887989228159023
52.0 84.0 0.009204542511748138
52.0 86.0 0.023018993207404626
52.0 88.0 0.0671794620832414
52.0 90.0 0.1540952734231319
52.0 92.0 0.19578595489434134
52.0 94.0 0.2158940981231653
52.0 96.0 0.22113689319609564
52.0 98.0 0.20025212356180247
52.0 100.0 0.15628275911114617
52.0 102.0 0.10496171144241494
52.0 104.0 0.033714441613138156
52.0 106.0 0.0
52.0 108.0 0.0
52.0 110.0 0.0
52.0 112.0 0.0
52.0 114.0 0.0
52.0 116.0 0.0
52.0 118.0 0.0
52.0 120.0 0.0
52.0 122.0 0.0
52.0 124.0 0.0
52.0 126.0 0.0
54.0 0.0 0.0
54.0 2.0 0.0
54.0 4.0 0.0
54.0 6.0 0.0
54.0 8.0 0.0
54.0 10.0 0.0
54.0 12.0 0.0
54.0 14.0 0.004421228628511384
54.0 16.0 0.008668117610447794
54.0 18.0 0.008534794909659207
54.0 20.0 0.006818348872977374
54.0 22.0 0.01129353093259382
54.0 24.0 0.02949870621546066
54.0 26.0 0.06009080850625048
54.0 28.0 0.0701461939417899
54.0 30.0 0.06342817428700114
54.0 32.0 0.034138014446870556
54.0 34.0 0.01740842655632181
54.0 36.0 0.008166931100755117
54.0 38.0 0.006362056458211147
54.0 40.0 0.013152260943940975
54.0 42.0 0.04725166981204062
54.0 44.0 0.08736502353149456
54.0 46.0 0.10974871671234603
54.0 48.0 0.09383533778412644
54.0 50.0 0.03655408750725083
54.0 52.0 4.2138888284555374E-4
54.0 54.0 0.0
54.0 56.0 0.0
54.0 58.0 0.0
54.0 60.0 0.0
54.0 62.0 0.0
54.0 64.0 0.0
54.0 66.0 0.0
54.0 68.0 0.0
54.0 70.0 0.0
54.0 72.0 0.0
54.0 74.0 0.0
54.0 76.0 0.0
54.0 78.0 0.0
54.0 80.0 0.0010046418137486955
54.0 82.0 0.012467885212608944
54.0 84.0 0.041388120769068414
54.0 86.0 0.0901560008906923
54.0 88.0 0.1979419602998953
54.0 90.0 0.2992063727453803
54.0 92.0 0.33096167125304915
54.0 94.0 0.31104685183080655
54.0 96.0 0.3120859452591134
54.0 98.0 0.2843409414053779
54.0 100.0 0.23033643302390774
54.0 102.0 0.161519621230816
54.0 104.0 0.09149025303496439
54.0 106.0 0.016512804209418003
54.0 108.0 0.0
54.0 110.0 0.0
54.0 112.0 0.0
54.0 114.0 0.0
54.0 116.0 0.0
54.0 118.0 0.0
54.0 120.0 0.0
54.0 122.0 0.0
54.0 124.0 0.0
54.0 126.0 0.0
56.0 0.0 0.0
56.0 2.0 0.0
56.0 4.0 0.0
56.0 6.0 0.0
56.0 8.0 0.0
56.0 10.0 0.0
56.0 12.0 0.0
56.0 14.0 0.005924011466919724
56.0 16.0 0.006584483092041414
56.0 18.0 0.001780994898164776
56.0 20.0 0.0
56.0 22.0 0.0
56.0 24.0 4.3063242434973815E-4
56.0 26.0 0.008125964873710782
56.0 28.0 0.01627539553089463
56.0 30.0 0.020001615013867578
56.0 32.0 0.021157335025769376
56.0 34.0 0.024852951362344108
56.0 36.0 0.0346382179478325
56.0 38.0 0.05685862472374936
56.0 40.0 0.09145733869592974
56.0 42.0 0.13845345633599418
56.0 44.0 0.16979052777249293
56.0 46.0 0.19511888321749107
56.0 48.0 0.19669108440928326
56.0 50.0 0.13090132645291233
56.0 52.0 0.03132993782229826
56.0 54.0 0.0
56.0 56.0 0.0
56.0 58.0 0.0
56.0 60.0 0.0
56.0 62.0 0.0
56.0 64.0 0.0
56.0 66.0 0.0
56.0 68.0 0.0
56.0 70.0 0.0
56.0 72.0 0.0
56.0 74.0 0.0
56.0 76.0 0.0
56.0 78.0 0.0
56.0 80.0 9.679966802289046E-4
56.0 82.0 0.017727250366493287
56.0 84.0 0.05601714216439063
56.0 86.0 0.1579960230816672
56.0 88.0 0.28392044822166257
56.0 90.0 0.38399068063065506
56.0 92.0 0.4380240114920282
56.0 94.0 0.4245137773597905
56.0 96.0 0.37718508240871523
56.0 98.0 0.34173561953140447
56.0 100.0 0.27591284943807737
56.0 102.0 0.19211816635142284
56.0 104.0 0.10266870163465584
56.0 106.0 0.03882243462219526
56.0 108.0 0.0
56.0 110.0 0.0
56.0 112.0 0.0
56.0 114.0 0.0
56.0 116.0 0.0
56.0 118.0 0.0
56.0 120.0 0.0
56.0 122.0 0.0
56.0 124.0 0.0
56.0 126.0 0.0
58.0 0.0 0.0
58.0 2.0 0.0
58.0 4.0 0.0
58.0 6.0 0.0
58.0 8.0 0.0
58.0 10.0 0.0
58.0 12.0 0.0030323241498634514
58.0 14.0 0.01322961837950795
58.0 16.0 0.0030783559061813774
58.0 18.0 0.0
58.0 20.0 0.0
58.0 22.0 0.0
58.0 24.0 0.0
58.0 26.0 0.0
58.0 28.0 0.0
58.0 30.0 0.0
58.0 32.0 0.00577297021927133
58.0 34.0 0.023511102421818194
58.0 36.0 0.0529444208857091
58.0 38.0 0.11078348118157773
58.0 40.0 0.16025195150825303
58.0 42.0 0.21243067602199017
58.0 44.0 0.2485145677444153
58.0 46.0 0.2902026153077572
58.0 48.0 0.3087404743886168
58.0 50.0 0.2552397171022992
58.0 52.0 0.14035054154683316
58.0 54.0 0.028211905456569278
58.0 56.0 0.0
58.0 58.0 0.0
58.0 60.0 0.0
58.0 62.0 0.0
58.0 64.0 0.0
58.0 66.0 0.0
58.0 68.0 0.0
58.0 70.0 0.0
58.0 72.0 0.0
58.0 74.0 0.0
58.0 76.0 0.0
58.0 78.0 0.0
58.0 80.0 0.0010272043544294334
58.0 82.0 0.028618234415849177
58.0 84.0 0.08649585844370354
58.0 86.0 0.21368166854339135
58.0 88.0 0.3339436508675467
58.0 90.0 0.43044601111355557
58.0 92.0 0.47869997022792893
58.0 94.0 0.48917474191976323
58.0 96.0 0.4688293970376068
58.0 98.0 0.4204507965703597
58.0 100.0 0.3415001947464067
58.0 102.0 0.23087101097174237
58.0 104.0 0.11261475675554362
58.0 106.0 0.04393686186763762
58.0 108.0 0.0
58.0 110.0 0.0
58.0 112.0 0.0
58.0 114.0 0.0
58.0 116.0 0.0
58.0 118.0 0.0
58.0 120.0 0.0
58.0 122.0 0.0
58.0 124.0 0.0
58.0 126.0 0.0
60.0 0.0 0.0
60.0 2.0 0.0
60.0 4.0 0.0
60.0 6.0 0.0
60.0 8.0 0.0
60.0 10.0 4.990089909630353E-4
60.0 12.0 0.019559379691133933
60.0 14.0 0.020890864898411726
60.0 16.0 4.8187700518481836E-4
60.0 18.0 0.0
60.0 20.0 0.0
60.0 22.0 0.0
60.0 24.0 0.0
60.0 26.0 0.0
60.0 28.0 0.0
60.0 30.0 0.0
60.0 32.0 0.0
60.0 34.0 0.014329389999933101
60.0 36.0 0.061285933117333456
60.0 38.0 0.13721564053612959
60.0 40.0 0.2139192692241549
60.0 42.0 0.27473527618401494
60.0 44.0 0.3178481126994845
60.0 46.0 0.3676411790042002
60.0 48.0 0.40911293907574425
60.0 50.0 0.3563741837244018
60.0 52.0 0.24159815636503232
60.0 54.0 0.08646498116680967
60.0 56.0 0.0
60.0 58.0 0.0
60.0 60.0 0.0
60.0 62.0 0.0
60.0 64.0 0.0
60.0 66.0 0.0
60.0 68.0 0.0
60.0 70.0 0.0
60.0 72.0 0.0
60.0 74.0 0.0
60.0 76.0 0.0
60.0 78.0 0.0
60.0 80.0 0.002545066619259614
60.0 82.0 0.03636964912772727
60.0 84.0 0.10551245940358726
60.0 86.0 0.24720502071743714
60.0 88.0 0.36794307663198395
60.0 90.0 0.4564299890711419
60.0 92.0 0.4997293771980574
60.0 94.0 0.5099965990876038
60.0 96.0 0.4926952311100133
60.0 98.0 0.4495127499825225
60.0 100.0 0.37505824355606365
60.0 102.0 0.24993535211594275
60.0 104.0 0.12049512163515973
60.0 106.0 0.0431489518207136
60.0 108.0 0.0
60.0 110.0 0.0
60.0 112.0 0.0
60.0 114.0 0.0
60.0 116.0 0.0
60.0 118.0 0.0
60.0 120.0 0.0
60.0 122.0 0.0
60.0 124.0 0.0
60.0 126.0 0.0
62.0 0.0 0.0
62.0 2.0 0.0
62.0 4.0 0.003842742044415952
62.0 6.0 0.055919572194261156
62.0 8.0 0.045409674463626655
62.0 10.0 0.041248606144232584
62.0 12.0 0.057081242205007036
62.0 14.0 0.02616203235587007
62.0 16.0 1.2205027639231043E-4
62.0 18.0 0.0
62.0 20.0 0.0
62.0 22.0 0.0
62.0 24.0 0.0
62.0 26.0 0.0
62.0 28.0 0.0
62.0 30.0 0.0
62.0 32.0 0.0
62.0 34.0 0.0041256660092710016
62.0 36.0 0.056694656159577674
62.0 38.0 0.1674816804821275
62.0 40.0 0.2591606013158153
62.0 42.0 0.33494815978506426
62.0 44.0 0.38930567070572125
62.0 46.0 0.416524253015038
62.0 48.0 0.4187942949205354
62.0 50.0 0.42142529011671087
62.0 52.0 0.3089092804508858
62.0 54.0 0.134952313034251
62.0 56.0 0.01763646189838887
62.0 58.0 0.0
62.0 60.0 0.0
62.0 62.0 0.0
62.0 64.0 0.0
62.0 66.0 0.0
62.0 68.0 0.0
62.0 70.0 0.0
62.0 72.0 0.0
62.0 74.0 0.0
62.0 76.0 0.0
62.0 78.0 0.0
62.0 80.0 7.861876901107696E-4
62.0 82.0 0.03804212129555606
62.0 84.0 0.12932805204270434
62.0 86.0 0.25848944281028646
62.0 88.0 0.3719104471100076
62.0 90.0 0.4530650976392492
62.0 92.0 0.49940149320997956
62.0 94.0 0.5143335334738269
62.0 96.0 0.5074292046677763
62.0 98.0 0.4705701170749564
62.0 100.0 0.3896650333245168
62.0 102.0 0.26091751967649596
62.0 104.0 0.12759490689522865
62.0 106.0 0.04255903020421311
62.0 108.0 0.0
62.0 110.0 0.0
62.0 112.0 0.0
62.0 114.0 0.0
62.0 116.0 0.0
62.0 118.0 0.0
62.0 120.0 0.0
62.0 122.0 0.0
62.0 124.0 0.0
62.0 126.0 0.0
64.0 0.0 0.0
64.0 2.0 0.0
64.0 4.0 0.11353238919500565
64.0 6.0 0.1825521910422749
64.0 8.0 0.161708327162796
64.0 10.0 0.12756837677367092
64.0 12.0 0.09774901479988878
64.0 14.0 0.03654370253896991
64.0 16.0 0.0
64.0 18.0 0.0
64.0 20.0 0.0
64.0 22.0 0.0
64.0 24.0 0.0
64.0 26.0 0.0
64.0 28.0 0.0
64.0 30.0 0.0
64.0 32.0 0.0
64.0 34.0 0.0
64.0 36.0 0.06913909186529882
64.0 38.0 0.18541155784278315
64.0 40.0 0.29696453490411967
64.0 42.0 0.3889001626115076
64.0 44.0 0.45230871826625707
64.0 46.0 0.48413878552705963
64.0 48.0 0.4826029517635153
64.0 50.0 0.4485030344693394
64.0 52.0 0.3512068685727346
64.0 54.0 0.17542944607707564
64.0 56.0 0.04087320623248383
64.0 58.0 0.0
64.0 60.0 0.0
64.0 62.0 0.0
64.0 64.0 0.0
64.0 66.0 0.0
64.0 68.0 0.0
64.0 70.0 0.0
64.0 72.0 0.0
64.0 74.0 0.0
64.0 76.0 0.0
64.0 78.0 0.0
64.0 80.0 5.979551157742206E-4
64.0 82.0 0.04160933524369188
64.0 84.0 0.14122645661954936
64.0 86.0 0.277136739164027
64.0 88.0 0.3988896792719277
64.0 90.0 0.4762667192447109
64.0 92.0 0.5138020910916804
64.0 94.0 0.5204998367818857
64.0 96.0 0.5089606422349228
64.0 98.0 0.4808781230259065
64.0 100.0 0.4007571410194281
64.0 102.0 0.2610061612834121
64.0 104.0 0.13082615440727488
64.0 106.0 0.043820198340746935
64.0 108.0 0.0
64.0 110.0 0.0
64.0 112.0 0.0
64.0 114.0 0.0
64.0 116.0 0.0
64.0 118.0 0.0
64.0 120.0 0.0
64.0 122.0 0.0
64.0 124.0 0.0
64.0 126.0 0.0
66.0 0.0 0.0
66.0 2.0 0.004703646338622699
66.0 4.0 0.2595250516053943
66.0 6.0 0.3104365073717726
66.0 8.0 0.2865824637333814
66.0 10.0 0.22467977558087726
66.0 12.0 0.14012798801226897
66.0 14.0 0.04610491253325177
66.0 16.0 0.0
66.0 18.0 0.0
66.0 20.0 0.0
66.0 22.0 0.0
66.0 24.0 0.0
66.0 26.0 0.0
66.0 28.0 0.0
66.0 30.0 0.0
66.0 32.0 0.0
66.0 34.0 0.006953088063052801
66.0 36.0 0.0697109636561842
66.0 38.0 0.1921605006826628
66.0 40.0 0.3103035286654977
66.0 42.0 0.40694833131558394
66.0 44.0 0.4736439909480296
66.0 46.0 0.5083794775967939
66.0 48.0 0.5102720903097709
66.0 50.0 0.4855290918167554
66.0 52.0 0.38943792345776634
66.0 54.0 0.21006287174414018
66.0 56.0 0.061177878050089125
66.0 58.0 0.0
66.0 60.0 0.0
66.0 62.0 0.0
66.0 64.0 0.0
66.0 66.0 0.0
66.0 68.0 0.0
66.0 70.0 0.0
66.0 72.0 0.0
66.0 74.0 0.0
66.0 76.0 0.0
66.0 78.0 0.0
66.0 80.0 5.450768295978248E-4
66.0 82.0 0.041099125882827804
66.0 84.0 0.13406067318665787
66.0 86.0 0.277685775610734
66.0 88.0 0.40082343025991984
66.0 90.0 0.47583779561788725
66.0 92.0 0.5119923653012969
66.0 94.0 0.5165350652302955
66.0 96.0 0.49519521585116233
66.0 98.0 0.4642663869554781
66.0 100.0 0.4042119126961563
66.0 102.0 0.26539352957753765
66.0 104.0 0.13349583898982095
66.0 106.0 0.04407822473814393
66.0 108.0 4.1706212724909256E-4
66.0 110.0 0.0
66.0 112.0 0.0
66.0 114.0 0.0
66.0 116.0 0.0
66.0 118.0 0.0
66.0 120.0 0.0
66.0 122.0 0.0
66.0 124.0 0.0
66.0 126.0 0.0
68.0 0.0 0.0
68.0 2.0 0.027462446898672433
68.0 4.0 0.3889245276339588
68.0 6.0 0.40626409106415945
68.0 8.0 0.3740737112223369
68.0 10.0 0.3051282796003992
68.0 12.0 0.18249421710103672
68.0 14.0 0.055637958053162684
68.0 16.0 0.0
68.0 18.0 0.0
68.0 20.0 0.0
68.0 22.0 0.0
68.0 24.0 0.0
68.0 26.0 0.0
68.0 28.0 0.0
68.0 30.0 0.0
68.0 32.0 0.0
68.0 34.0 0.009553960223409793
68.0 36.0 0.07207636676370553
68.0 38.0 0.18857237882101593
68.0 40.0 0.3329674385417411
68.0 42.0 0.4352368302882952
68.0 44.0 0.5093981505011563
68.0 46.0 0.5487568780698328
68.0 48.0 0.5537160027643274
68.0 50.0 0.5141360340270708
68.0 52.0 0.41841046323779807
68.0 54.0 0.24245205404067494
68.0 56.0 0.07994829980999747
68.0 58.0 0.0
68.0 60.0 0.0
68.0 62.0 0.0
68.0 64.0 0.0
68.0 66.0 0.0
68.0 68.0 0.0
68.0 70.0 0.0
68.0 72.0 0.0
68.0 74.0 0.0
68.0 76.0 0.0
68.0 78.0 0.0
68.0 80.0 0.0
68.0 82.0 0.024832287945099226
68.0 84.0 0.11648095816078204
68.0 86.0 0.26731143660139334
68.0 88.0 0.3909516076122241
68.0 90.0 0.46548632114733585
68.0 92.0 0.5007148816351878
68.0 94.0 0.5032893218092008
68.0 96.0 0.477149414576059
68.0 98.0 0.4244312717935775
68.0 100.0 0.38796563170073955
68.0 102.0 0.25745837694274
68.0 104.0 0.13037486602922302
68.0 106.0 0.0475383920652876
68.0 108.0 0.003262979266348882
68.0 110.0 0.0
68.0 112.0 0.0
68.0 114.0 0.0
68.0 116.0 0.0
68.0 118.0 0.0
68.0 120.0 0.0
68.0 122.0 0.0
68.0 124.0 0.0
68.0 126.0 0.0
70.0 0.0 0.0
70.0 2.0 0.1151767457180511
70.0 4.0 0.4684664401757965
70.0 6.0 0.4679183766878478
70.0 8.0 0.4310537154843103
70.0 10.0 0.36090181750113265
70.0 12.0 0.23704428564916405
70.0 14.0 0.07120374530242925
70.0 16.0 0.0
70.0 18.0 0.0
70.0 20.0 0.0
70.0 22.0 0.0
70.0 24.0 0.0
70.0 26.0 0.0
70.0 28.0 0.0
70.0 30.0 0.0
70.0 32.0 0.0
70.0 34.0 0.0023012243297827984
70.0 36.0 0.057956100742796064
70.0 38.0 0.17790178379048407
70.0 40.0 0.30152358025324905
70.0 42.0 0.4066068674161885
70.0 44.0 0.48459565217946965
70.0 46.0 0.5311403766677814
70.0 48.0 0.5526661489099712
70.0 50.0 0.5259938231335782
70.0 52.0 0.44022007924545536
70.0 54.0 0.26906749402261604
70.0 56.0 0.09551515065612563
70.0 58.0 0.0
70.0 60.0 0.0
70.0 62.0 0.0
70.0 64.0 0.0
70.0 66.0 0.0
70.0 68.0 0.0
70.0 70.0 0.0
70.0 72.0 0.0
70.0 74.0 0.0
70.0 76.0 0.0
70.0 78.0 0.0
70.0 80.0 0.0
70.0 82.0 0.01535167202033826
70.0 84.0 0.09540120923844975
70.0 86.0 0.24426457238585556
70.0 88.0 0.3702779558533296
70.0 90.0 0.4473939261417945
70.0 92.0 0.4833531065773273
70.0 94.0 0.4858331043735546
70.0 96.0 0.4576432645774779
70.0 98.0 0.40432944082053507
70.0 100.0 0.3469796926805632
70.0 102.0 0.26865942550617317
70.0 104.0 0.13375032991923635
70.0 106.0 0.04799584672175694
70.0 108.0 0.009451603156476423
70.0 110.0 0.0
70.0 112.0 0.0
70.0 114.0 0.0
70.0 116.0 0.0
70.0 118.0 0.0
70.0 120.0 0.0
70.0 122.0 0.0
70.0 124.0 0.0
70.0 126.0 0.0
72.0 0.0 0.0
72.0 2.0 0.2472766738748956
72.0 4.0 0.5130061477048199
72.0 6.0 0.498208478563112
72.0 8.0 0.4627196944982752
72.0 10.0 0.41472153288224106
72.0 12.0 0.2785967531797298
72.0 14.0 0.07445900030345824
72.0 16.0 0.0
72.0 18.0 0.0
72.0 20.0 0.0
72.0 22.0 0.0
72.0 24.0 0.0
72.0 26.0 0.0
72.0 28.0 0.0
72.0 30.0 0.0
72.0 32.0 0.0
72.0 34.0 0.005730325134329281
72.0 36.0 0.0571834304546519
72.0 38.0 0.15763375779504768
72.0 40.0 0.26930849446856037
72.0 42.0 0.3753275022052025
72.0 44.0 0.4619840708556186
72.0 46.0 0.5135281669627482
72.0 48.0 0.5292177212036195
72.0 50.0 0.5194168421287647
72.0 52.0 0.4575479492922258
72.0 54.0 0.29089876710829415
72.0 56.0 0.10756570102718171
72.0 58.0 0.0
72.0 60.0 0.0
72.0 62.0 0.0
72.0 64.0 0.0
72.0 66.0 0.0
72.0 68.0 0.0
72.0 70.0 0.0
72.0 72.0 0.0
72.0 74.0 0.0
72.0 76.0 0.0
72.0 78.0 0.0
72.0 80.0 0.0
72.0 82.0 0.004658197430625334
72.0 84.0 0.07347363284065521
72.0 86.0 0.2109119705844018
72.0 88.0 0.3398237013750394
72.0 90.0 0.42427779774034313
72.0 92.0 0.46167913773519625
72.0 94.0 0.46421167065629665
72.0 96.0 0.43358952303968973
72.0 98.0 0.3799301548268024
72.0 100.0 0.32129738072192937
72.0 102.0 0.23757290744191098
72.0 104.0 0.13683369710817742
72.0 106.0 0.06182671595577597
72.0 108.0 0.017177285728965718
72.0 110.0 0.0
72.0 112.0 0.0
72.0 114.0 0.0
72.0 116.0 0.0
72.0 118.0 0.0
72.0 120.0 0.0
72.0 122.0 0.0
72.0 124.0 0.0
72.0 126.0 0.0
74.0 0.0 0.0
74.0 2.0 0.3287514766469317
74.0 4.0 0.5370707478661251
74.0 6.0 0.5169327362560793
74.0 8.0 0.48016895492910966
74.0 10.0 0.47628337159489914
74.0 12.0 0.2787323213827992
74.0 14.0 0.061222466672928695
74.0 16.0 0.0
74.0 18.0 0.0
74.0 20.0 0.0
74.0 22.0 0.0
74.0 24.0 0.0
74.0 26.0 0.0
74.0 28.0 0.0
74.0 30.0 0.0
74.0 32.0 0.0
74.0 34.0 0.002360176936315251
74.0 36.0 0.043786125141033534
74.0 38.0 0.12789175355423174
74.0 40.0 0.22916107406467298
74.0 42.0 0.33681953508016127
74.0 44.0 0.43581832557082095
74.0 46.0 0.4958184905531792
74.0 48.0 0.5174525225851433
74.0 50.0 0.49855288511202334
74.0 52.0 0.44241962510482163
74.0 54.0 0.30805944203764396
74.0 56.0 0.114378592890562
74.0 58.0 0.0
74.0 60.0 0.0
74.0 62.0 0.0
74.0 64.0 0.0
74.0 66.0 0.0
74.0 68.0 0.0
74.0 70.0 0.0
74.0 72.0 0.0
74.0 74.0 0.0
74.0 76.0 0.0
74.0 78.0 0.0
74.0 80.0 0.0
74.0 82.0 0.0025823784247716573
74.0 84.0 0.062429444944863875
74.0 86.0 0.1792071876408231
74.0 88.0 0.3011641115288567
74.0 90.0 0.3847182247958461
74.0 92.0 0.4204855400643927
74.0 94.0 0.42202270363995514
74.0 96.0 0.3893573674718791
74.0 98.0 0.3354727239956803
74.0 100.0 0.2848483568892281
74.0 102.0 0.22354607079053737
74.0 104.0 0.14998604612924846
74.0 106.0 0.07455217279869598
74.0 108.0 0.02838817987398094
74.0 110.0 0.0014482287778375409
74.0 112.0 0.0
74.0 114.0 0.0
74.0 116.0 0.0
74.0 118.0 0.0
74.0 120.0 0.0
74.0 122.0 0.0
74.0 124.0 0.0
74.0 126.0 0.0
76.0 0.0 0.0
76.0 2.0 0.38304342888290766
76.0 4.0 0.551401216210642
76.0 6.0 0.5315602527186797
76.0 8.0 0.5143899988450377
76.0 10.0 0.4749317684097017
76.0 12.0 0.2518255889168615
76.0 14.0 0.04001592188566419
76.0 16.0 0.0
76.0 18.0 0.0
76.0 20.0 0.0
76.0 22.0 0.0
76.0 24.0 0.0
76.0 26.0 0.0
76.0 28.0 0.0
76.0 30.0 0.0
76.0 32.0 0.0
76.0 34.0 0.0
76.0 36.0 0.021989718798753513
76.0 38.0 0.08278020439623436
76.0 40.0 0.1799380753162888
76.0 42.0 0.28572328203505903
76.0 44.0 0.3873565081979204
76.0 46.0 0.4541183016366972
76.0 48.0 0.4793545885619146
76.0 50.0 0.4704933335010544
76.0 52.0 0.4548975100673194
76.0 54.0 0.31446691056464177
76.0 56.0 0.11303287088905345
76.0 58.0 0.0
76.0 60.0 0.0
76.0 62.0 0.0
76.0 64.0 0.0
76.0 66.0 0.0
76.0 68.0 0.0
76.0 70.0 0.0
76.0 72.0 0.0
76.0 74.0 0.0
76.0 76.0 0.0
76.0 78.0 0.0
76.0 80.0 0.0
76.0 82.0 0.009426149682580985
76.0 84.0 0.06187733779132045
76.0 86.0 0.14034863445902626
76.0 88.0 0.2662307438538939
76.0 90.0 0.34614255074877437
76.0 92.0 0.3747380668157228
76.0 94.0 0.36972567541570195
76.0 96.0 0.33275057335104113
76.0 98.0 0.2729732661061384
76.0 100.0 0.23337883408806773
76.0 102.0 0.1924225760733934
76.0 104.0 0.14655742281393608
76.0 106.0 0.09962194053882456
76.0 108.0 0.049817776601337564
76.0 110.0 0.013503598437574616
76.0 112.0 0.0
76.0 114.0 0.0
76.0 116.0 0.0
76.0 118.0 0.0
76.0 120.0 0.0
76.0 122.0 0.0
76.0 124.0 0.0
76.0 126.0 0.0
78.0 0.0 0.0
78.0 2.0 0.3206699046048283
78.0 4.0 0.5507501765259335
78.0 6.0 0.5325570497351204
78.0 8.0 0.5054073822394302
78.0 10.0 0.41047713301875016
78.0 12.0 0.18126013901228136
78.0 14.0 0.01870018466404291
78.0 16.0 0.0
78.0 18.0 0.0
78.0 20.0 0.0
78.0 22.0 0.0
78.0 24.0 0.0
78.0 26.0 0.0
78.0 28.0 0.0
78.0 30.0 0.0
78.0 32.0 0.0
78.0 34.0 0.0
78.0 36.0 0.005549915283918132
78.0 38.0 0.04076017330941979
78.0 40.0 0.12729127671088486
78.0 42.0 0.23091319724074774
78.0 44.0 0.33135811972437657
78.0 46.0 0.40030085569700863
78.0 48.0 0.4207611245674577
78.0 50.0 0.4576704233206528
78.0 52.0 0.4482124402290073
78.0 54.0 0.3047523056198284
78.0 56.0 0.10227741574407155
78.0 58.0 0.0
78.0 60.0 0.0
78.0 62.0 0.0
78.0 64.0 0.0
78.0 66.0 0.0
78.0 68.0 0.0
78.0 70.0 0.0
78.0 72.0 0.0
78.0 74.0 0.0
78.0 76.0 0.0
78.0 78.0 0.0
78.0 80.0 0.0
78.0 82.0 0.014217486284393675
78.0 84.0 0.07057869847424043
78.0 86.0 0.12996239651771715
78.0 88.0 0.24077173903764412
78.0 90.0 0.31012568198586965
78.0 92.0 0.3255408988552972
78.0 94.0 0.3065990594198281
78.0 96.0 0.23974139433605215
78.0 98.0 0.19460503604779114
78.0 100.0 0.16383995860623732
78.0 102.0 0.13851844372297809
78.0 104.0 0.11601896649550607
78.0 106.0 0.09592678976474317
78.0 108.0 0.06885016485529762
78.0 110.0 0.038454658745539515
78.0 112.0 0.008126624231542237
78.0 114.0 0.0
78.0 116.0 0.0
78.0 118.0 0.0
78.0 120.0 0.0
78.0 122.0 0.0
78.0 124.0 0.0
78.0 126.0 0.0
80.0 0.0 0.0
80.0 2.0 0.0
80.0 4.0 0.40451207972393205
80.0 6.0 0.5704914408036581
80.0 8.0 0.48925307247894195
80.0 10.0 0.3525224275413606
80.0 12.0 0.1309594898989194
80.0 14.0 0.005668824175081205
80.0 16.0 0.0
80.0 18.0 0.0
80.0 20.0 0.0
80.0 22.0 0.0
80.0 24.0 0.0
80.0 26.0 0.0
80.0 28.0 0.0
80.0 30.0 0.0
80.0 32.0 0.0
80.0 34.0 0.0
80.0 36.0 0.0
80.0 38.0 0.015702845964129776
80.0 40.0 0.07692390646121568
80.0 42.0 0.1766535727217683
80.0 44.0 0.2725808820258296
80.0 46.0 0.332536431199841
80.0 48.0 0.36602115558461906
80.0 50.0 0.44028428745509146
80.0 52.0 0.4109611418747691
80.0 54.0 0.2682142725023167
80.0 56.0 0.07533725994798961
80.0 58.0 0.0
80.0 60.0 0.0
80.0 62.0 0.0
80.0 64.0 0.0
80.0 66.0 0.0
80.0 68.0 0.0
80.0 70.0 0.0
80.0 72.0 0.0
80.0 74.0 0.0
80.0 76.0 0.0
80.0 78.0 0.0
80.0 80.0 0.005225798974004329
80.0 82.0 0.03684400865073962
80.0 84.0 0.06855284839447277
80.0 86.0 0.1219624197737935
80.0 88.0 0.20425642865697843
80.0 90.0 0.2557759581465078
80.0 92.0 0.24622357374553627
80.0 94.0 0.1647368350329955
80.0 96.0 0.11720899105892074
80.0 98.0 0.07522371510146135
80.0 100.0 0.05185252110430636
80.0 102.0 0.04447265955199852
80.0 104.0 0.046538215544100404
80.0 106.0 0.05442810721638614
80.0 108.0 0.06015303813243585
80.0 110.0 0.051849602503453586
80.0 112.0 0.031157734391444782
80.0 114.0 0.013441400914551963
80.0 116.0 3.2386137130501955E-4
80.0 118.0 0.0
80.0 120.0 0.0
80.0 122.0 0.0
80.0 124.0 0.0
80.0 126.0 0.0
82.0 0.0 0.0
82.0 2.0 0.0
82.0 4.0 0.34703752420098866
82.0 6.0 0.4437821749989377
82.0 8.0 0.3002549416033499
82.0 10.0 0.16185405111028753
82.0 12.0 0.024665413900469325
82.0 14.0 0.0
82.0 16.0 0.0
82.0 18.0 0.0
82.0 20.0 0.0
82.0 22.0 0.0
82.0 24.0 0.0
82.0 26.0 0.0
82.0 28.0 0.0
82.0 30.0 0.0
82.0 32.0 0.0
82.0 34.0 0.0
82.0 36.0 0.0
82.0 38.0 0.004921108543458051
82.0 40.0 0.043657017785720696
82.0 42.0 0.12701639553556263
82.0 44.0 0.2002041684183431
82.0 46.0 0.2637053203560491
82.0 48.0 0.3547937294919707
82.0 50.0 0.4032011488776563
82.0 52.0 0.36616614365235356
82.0 54.0 0.20903804750760213
82.0 56.0 0.04001023016000127
82.0 58.0 0.0
82.0 60.0 0.0
82.0 62.0 0.0
82.0 64.0 0.0
82.0 66.0 0.0
82.0 68.0 0.0
82.0 70.0 0.0
82.0 72.0 0.0
82.0 74.0 0.0
82.0 76.0 0.0
82.0 78.0 0.0037867078386575755
82.0 80.0 0.02336836332167125
82.0 82.0 0.04892436186623191
82.0 84.0 0.08076467228908331
82.0 86.0 0.11844060152996568
82.0 88.0 0.14418541879677063
82.0 90.0 0.13133982637591554
82.0 92.0 0.051251252907395024
82.0 94.0 0.007006253980769487
82.0 96.0 0.0
82.0 98.0 0.0
82.0 100.0 0.0
82.0 102.0 0.0
82.0 104.0 0.0
82.0 106.0 0.003969669778127438
82.0 108.0 0.016586994001636057
82.0 110.0 0.027370595374460766
82.0 112.0 0.032354604048387074
82.0 114.0 0.04096094767665307
82.0 116.0 0.03261016390017801
82.0 118.0 0.025682307100121902
82.0 120.0 0.03147314914016942
82.0 122.0 0.04389212493572215
82.0 124.0 0.09920680509426566
82.0 126.0 0.0
84.0 0.0 0.0
84.0 2.0 0.0
84.0 4.0 0.2665098235065203
84.0 6.0 0.1822678862005386
84.0 8.0 0.08840910400929458
84.0 10.0 0.02147909127004011
84.0 12.0 0.0
84.0 14.0 0.0
84.0 16.0 0.0
84.0 18.0 0.0
84.0 20.0 0.0
84.0 22.0 0.0
84.0 24.0 0.0
84.0 26.0 0.0
84.0 28.0 0.0
84.0 30.0 0.0
84.0 32.0 0.0
84.0 34.0 0.0
84.0 36.0 0.0
84.0 38.0 0.0012716159730565423
84.0 40.0 0.028124458590711877
84.0 42.0 0.1026776601779709
84.0 44.0 0.16438357134739007
84.0 46.0 0.22091466246322486
84.0 48.0 0.3187274976578192
84.0 50.0 0.3301151863470133
84.0 52.0 0.27582036055023745
84.0 54.0 0.1255629282694574
84.0 56.0 0.007542721742257434
84.0 58.0 0.0
84.0 60.0 0.0
84.0 62.0 0.0
84.0 64.0 0.0
84.0 66.0 0.0
84.0 68.0 0.0
84.0 70.0 0.0
84.0 72.0 0.0
84.0 74.0 0.003976962444062533
84.0 76.0 0.015869626950582163
84.0 78.0 0.03058545958819262
84.0 80.0 0.0569776562317573
84.0 82.0 0.08272581367738396
84.0 84.0 0.09940330802168805
84.0 86.0 0.10508918300145309
84.0 88.0 0.08006579946629551
84.0 90.0 0.02152083422189187
84.0 92.0 0.0
84.0 94.0 0.0
84.0 96.0 0.0
84.0 98.0 0.0
84.0 100.0 0.0
84.0 102.0 0.0
84.0 104.0 0.0
84.0 106.0 0.0
84.0 108.0 0.0
84.0 110.0 0.007275067411670528
84.0 112.0 0.024562716802397504
84.0 114.0 0.0419098137450096
84.0 116.0 0.06639416350509593
84.0 118.0 0.07549285276961455
84.0 120.0 0.11726577012474809
84.0 122.0 0.19361215126925305
84.0 124.0 0.0
84.0 126.0 0.0
86.0 0.0 0.0
86.0 2.0 0.0
86.0 4.0 0.0
86.0 6.0 0.0738933090017317
86.0 8.0 0.022648348944921504
86.0 10.0 0.005308747401862805
86.0 12.0 6.382919987297764E-4
86.0 14.0 0.0
86.0 16.0 0.0
86.0 18.0 0.0
86.0 20.0 0.0
86.0 22.0 0.0
86.0 24.0 0.0
86.0 26.0 0.0
86.0 28.0 0.0
86.0 30.0 0.0
86.0 32.0 0.0
86.0 34.0 0.0
86.0 36.0 0.0
86.0 38.0 0.020702018935429847
86.0 40.0 0.04711191783724544
86.0 42.0 0.08754364949665944
86.0 44.0 0.12894104161114953
86.0 46.0 0.18068163052578753
86.0 48.0 0.25655367718966254
86.0 50.0 0.2349485145283358
86.0 52.0 0.17146949576909384
86.0 54.0 0.05160982677066239
86.0 56.0 0.0
86.0 58.0 0.0
86.0 60.0 0.0
86.0 62.0 0.0
86.0 64.0 0.0
86.0 66.0 0.0
86.0 68.0 3.805225643899412E-4
86.0 70.0 0.018139298341955233
86.0 72.0 0.048921118453728075
86.0 74.0 0.07670330038029637
86.0 76.0 0.09120336354170054
86.0 78.0 0.09864164291372342
86.0 80.0 0.10543029787612328
86.0 82.0 0.11996919896778314
86.0 84.0 0.10517533041145295
86.0 86.0 0.07213097820348975
86.0 88.0 0.0367891959111668
86.0 90.0 0.005471455151196114
86.0 92.0 0.0
86.0 94.0 0.0
86.0 96.0 0.0
86.0 98.0 0.0
86.0 100.0 0.0
86.0 102.0 0.0
86.0 104.0 0.0
86.0 106.0 0.0
86.0 108.0 0.0
86.0 110.0 0.0
86.0 112.0 0.0038840158187526844
86.0 114.0 0.030203687423163716
86.0 116.0 0.0715272078886353
86.0 118.0 0.11224342566035057
86.0 120.0 0.17977623580851884
86.0 122.0 0.2923800149512253
86.0 124.0 0.0
86.0 126.0 0.0
88.0 0.0 0.0
88.0 2.0 0.0
88.0 4.0 0.0
88.0 6.0 0.05186345649311161
88.0 8.0 9.972647292886539E-4
88.0 10.0 6.386582575590055E-4
88.0 12.0 0.001150712403162736
88.0 14.0 0.001008595348049809
88.0 16.0 0.0
88.0 18.0 0.0
88.0 20.0 0.0
88.0 22.0 0.0
88.0 24.0 0.0
88.0 26.0 0.0
88.0 28.0 0.0
88.0 30.0 0.0
88.0 32.0 0.0
88.0 34.0 0.0
88.0 36.0 0.0033273146344462968
88.0 38.0 0.012011063279504639
88.0 40.0 0.02464619393939622
88.0 42.0 0.08173670334752448
88.0 44.0 0.11591738979282347
88.0 46.0 0.16151475585837546
88.0 48.0 0.15645621777006108
88.0 50.0 0.1294296397763597
88.0 52.0 0.07703823347118453
88.0 54.0 0.0034121562339683876
88.0 56.0 0.0
88.0 58.0 0.0
88.0 60.0 0.0
88.0 62.0 0.0
88.0 64.0 0.00726552539464605
88.0 66.0 0.03516997513383686
88.0 68.0 0.08813859614691395
88.0 70.0 0.12295949859730619
88.0 72.0 0.16238272412656105
88.0 74.0 0.1703381551343389
88.0 76.0 0.1791385967484607
88.0 78.0 0.17319909310559414
88.0 80.0 0.19573642118670787
88.0 82.0 0.16418328900311
88.0 84.0 0.11633570160540081
88.0 86.0 0.06207273971783057
88.0 88.0 0.018134216222168653
88.0 90.0 2.0508827172622957E-4
88.0 92.0 0.0
88.0 94.0 0.0
88.0 96.0 0.0
88.0 98.0 0.0
88.0 100.0 0.0
88.0 102.0 0.0
88.0 104.0 0.0
88.0 106.0 0.0
88.0 108.0 0.0
88.0 110.0 0.0
88.0 112.0 0.0
88.0 114.0 0.00653362249743214
88.0 116.0 0.04783320402968961
88.0 118.0 0.10307034182997347
88.0 120.0 0.21176678005045188
88.0 122.0 0.3406155313856873
88.0 124.0 0.0
88.0 126.0 0.0
90.0 0.0 0.0
90.0 2.0 0.0
90.0 4.0 0.0
90.0 6.0 0.04809221264831734
90.0 8.0 0.0
90.0 10.0 0.0
90.0 12.0 8.146068285046719E-4
90.0 14.0 0.002647597455550777
90.0 16.0 0.0023620465406258627
90.0 18.0 0.0
90.0 20.0 0.0
90.0 22.0 0.0
90.0 24.0 0.0
90.0 26.0 0.0
90.0 28.0 0.0
90.0 30.0 0.0
90.0 32.0 0.00169116166998577
90.0 34.0 0.014665373770085961
90.0 36.0 0.022000505354603222
90.0 38.0 0.02841319784282328
90.0 40.0 0.041587489747640115
90.0 42.0 0.054803356181297946
90.0 44.0 0.054849771320999254
90.0 46.0 0.061754443679503605
90.0 48.0 0.0489086986649564
90.0 50.0 0.022826057449625414
90.0 52.0 0.0018524148359207893
90.0 54.0 0.0
90.0 56.0 0.0
90.0 58.0 0.0
90.0 60.0 3.3098840836632274E-4
90.0 62.0 0.015969055015229522
90.0 64.0 0.055686641776891053
90.0 66.0 0.12669507196020077
90.0 68.0 0.17975811316398435
90.0 70.0 0.23132149244390995
90.0 72.0 0.27866292223910455
90.0 74.0 0.2454128609297924
90.0 76.0 0.25099074583101527
90.0 78.0 0.23543882722154996
90.0 80.0 0.2246046999266141
90.0 82.0 0.22247797214696316
90.0 84.0 0.14790146204237484
90.0 86.0 0.09144553868419124
90.0 88.0 0.02633869603256246
90.0 90.0 0.0
90.0 92.0 0.0
90.0 94.0 0.0
90.0 96.0 0.0
90.0 98.0 0.0
90.0 100.0 0.0
90.0 102.0 0.0
90.0 104.0 0.0
90.0 106.0 0.0
90.0 108.0 0.0
90.0 110.0 0.0
90.0 112.0 0.0
90.0 114.0 0.0
90.0 116.0 0.01869045053375862
90.0 118.0 0.08744967224325534
90.0 120.0 0.1974993516271076
90.0 122.0 0.0
90.0 124.0 0.0
90.0 126.0 0.0
92.0 0.0 0.0
92.0 2.0 0.0
92.0 4.0 0.0
92.0 6.0 0.0
92.0 8.0 0.025601302294659806
92.0 10.0 7.505437483657191E-5
92.0 12.0 0.0037596868313851985
92.0 14.0 0.012393482698123343
92.0 16.0 0.01099820152108609
92.0 18.0 0.0
92.0 20.0 0.0
92.0 22.0 0.0017693305114999558
92.0 24.0 1.1860489145275865E-4
92.0 26.0 0.0
92.0 28.0 0.0
92.0 30.0 0.0
92.0 32.0 0.0012537126931370015
92.0 34.0 0.01990900055806043
92.0 36.0 0.03687645980123134
92.0 38.0 0.02775986770115622
92.0 40.0 0.025479896434288486
92.0 42.0 0.02284621726545068
92.0 44.0 0.01036386839979078
92.0 46.0 0.0
92.0 48.0 0.0
92.0 50.0 0.0
92.0 52.0 0.0
92.0 54.0 0.0
92.0 56.0 0.0
92.0 58.0 1.119542631491141E-4
92.0 60.0 0.016352037016861453
92.0 62.0 0.05065214268487295
92.0 64.0 0.12137432381691447
92.0 66.0 0.19510153549754242
92.0 68.0 0.2543147018714837
92.0 70.0 0.3276019287795313
92.0 72.0 0.38606220858198603
92.0 74.0 0.3293196429071641
92.0 76.0 0.3108498220206213
92.0 78.0 0.29320344169521045
92.0 80.0 0.2746450705177545
92.0 82.0 0.28445292836282965
92.0 84.0 0.21263865631155046
92.0 86.0 0.13966644100990072
92.0 88.0 0.055709416637326425
92.0 90.0 0.0013274544872660709
92.0 92.0 0.0
92.0 94.0 0.0
92.0 96.0 0.0
92.0 98.0 0.0
92.0 100.0 0.0
92.0 102.0 0.0
92.0 104.0 0.0
92.0 106.0 0.0
92.0 108.0 0.0
92.0 110.0 0.0
92.0 112.0 0.0
92.0 114.0 0.0
92.0 116.0 0.0
92.0 118.0 0.04085718257435203
92.0 120.0 0.14958085118295622
92.0 122.0 0.0
92.0 124.0 0.0
92.0 126.0 0.0
94.0 0.0 0.0
94.0 2.0 0.0
94.0 4.0 0.0
94.0 6.0 0.0
94.0 8.0 0.019796096980655882
94.0 10.0 0.0
94.0 12.0 0.004535039894591007
94.0 14.0 0.018130021890359584
94.0 16.0 0.02473733279311863
94.0 18.0 0.004893008588610225
94.0 20.0 0.0
94.0 22.0 0.00302943663812561
94.0 24.0 0.0012891027007328126
94.0 26.0 2.1911541843482388E-4
94.0 28.0 8.526720958465968E-4
94.0 30.0 0.0
94.0 32.0 0.003622258051717594
94.0 34.0 0.024268655713997098
94.0 36.0 0.04531355012133554
94.0 38.0 0.02220563071777092
94.0 40.0 0.004322407615662512
94.0 42.0 0.0
94.0 44.0 0.0
94.0 46.0 0.0
94.0 48.0 0.0
94.0 50.0 0.0
94.0 52.0 0.0
94.0 54.0 0.0
94.0 56.0 0.0
94.0 58.0 0.0019830971154877653
94.0 60.0 0.02328034440338876
94.0 62.0 0.07027070055697014
94.0 64.0 0.15074940378309368
94.0 66.0 0.22635822443970902
94.0 68.0 0.2943656250167166
94.0 70.0 0.37710541049735774
94.0 72.0 0.4331124316454884
94.0 74.0 0.4069526952067613
94.0 76.0 0.3526632598431328
94.0 78.0 0.3446235194263077
94.0 80.0 0.31950592317806975
94.0 82.0 0.3380762911549567
94.0 84.0 0.2696792122109089
94.0 86.0 0.18588275460364737
94.0 88.0 0.10217748394588168
94.0 90.0 0.021109654157367628
94.0 92.0 0.0
94.0 94.0 0.0
94.0 96.0 0.0
94.0 98.0 0.0
94.0 100.0 0.0
94.0 102.0 0.0
94.0 104.0 0.0
94.0 106.0 0.0
94.0 108.0 0.0
94.0 110.0 0.0
94.0 112.0 0.0
94.0 114.0 0.0
94.0 116.0 0.0
94.0 118.0 0.00978016524227004
94.0 120.0 0.0
94.0 122.0 0.0
94.0 124.0 0.0
94.0 126.0 0.0
96.0 0.0 0.0
96.0 2.0 0.0
96.0 4.0 0.0
96.0 6.0 0.0
96.0 8.0 0.0
96.0 10.0 9.785955498757032E-4
96.0 12.0 0.0048801414486597935
96.0 14.0 0.03412023991039027
96.0 16.0 0.053988251823265686
96.0 18.0 0.04945091373938835
96.0 20.0 0.0355840914017544
96.0 22.0 0.0050701005583681825
96.0 24.0 8.687597955910078E-4
96.0 26.0 0.0
96.0 28.0 0.0
96.0 30.0 6.700978095921139E-4
96.0 32.0 0.010297351237968376
96.0 34.0 0.041092774919183096
96.0 36.0 0.04864488980839073
96.0 38.0 0.008516504748803581
96.0 40.0 0.0
96.0 42.0 0.0
96.0 44.0 0.0
96.0 46.0 0.0
96.0 48.0 0.0
96.0 50.0 0.0
96.0 52.0 0.0
96.0 54.0 0.0
96.0 56.0 0.0
96.0 58.0 2.4075434504676068E-6
96.0 60.0 0.017168394511886873
96.0 62.0 0.0598623577344744
96.0 64.0 0.14491037784424965
96.0 66.0 0.21770372268002172
96.0 68.0 0.2906216451884502
96.0 70.0 0.37254840702138353
96.0 72.0 0.42771700843217314
96.0 74.0 0.4521323594739177
96.0 76.0 0.4510176186909631
96.0 78.0 0.38988709640084385
96.0 80.0 0.3603171832446567
96.0 82.0 0.3197271938957082
96.0 84.0 0.3111551200300226
96.0 86.0 0.23469466874758182
96.0 88.0 0.1472865833276142
96.0 90.0 0.06451573077512571
96.0 92.0 0.0
96.0 94.0 0.0
96.0 96.0 0.0
96.0 98.0 0.0
96.0 100.0 0.0
96.0 102.0 0.0
96.0 104.0 0.0
96.0 106.0 0.0
96.0 108.0 0.0
96.0 110.0 0.0
96.0 112.0 0.0
96.0 114.0 0.0
96.0 116.0 0.0
96.0 118.0 0.0
96.0 120.0 0.0
96.0 122.0 0.0
96.0 124.0 0.0
96.0 126.0 0.0
98.0 0.0 0.0
98.0 2.0 0.0
98.0 4.0 0.0
98.0 6.0 0.0
98.0 8.0 0.0
98.0 10.0 0.0
98.0 12.0 0.0
98.0 14.0 0.042700009268962974
98.0 16.0 0.08181263078377086
98.0 18.0 0.08456037129425024
98.0 20.0 0.07687044494671262
98.0 22.0 0.0479107331619871
98.0 24.0 0.029803387424055694
98.0 26.0 0.017898048496662555
98.0 28.0 0.009467784201776673
98.0 30.0 0.008780752459685381
98.0 32.0 0.01945963421261824
98.0 34.0 0.05150099083860776
98.0 36.0 0.04861833880790264
98.0 38.0 0.008313690397359618
98.0 40.0 0.0
98.0 42.0 0.0
98.0 44.0 0.0
98.0 46.0 0.0
98.0 48.0 0.0
98.0 50.0 0.0
98.0 52.0 0.0
98.0 54.0 0.0
98.0 56.0 0.0
98.0 58.0 0.0
98.0 60.0 0.002606408716311813
98.0 62.0 0.03422629192316417
98.0 64.0 0.10645419470616302
98.0 66.0 0.18609901048836464
98.0 68.0 0.25776777356364794
98.0 70.0 0.3272358985508472
98.0 72.0 0.4122537861405729
98.0 74.0 0.4442536840757323
98.0 76.0 0.45681300665647345
98.0 78.0 0.44854965498215743
98.0 80.0 0.3882952833431017
98.0 82.0 0.34773687485810445
98.0 84.0 0.30614774109668463
98.0 86.0 0.27540608213841583
98.0 88.0 0.18376912692795364
98.0 90.0 0.09714655357747713
98.0 92.0 0.010119822326440146
98.0 94.0 0.0
98.0 96.0 0.0
98.0 98.0 0.0
98.0 100.0 0.0
98.0 102.0 0.0
98.0 104.0 0.0
98.0 106.0 0.0
98.0 108.0 0.0
98.0 110.0 0.0
98.0 112.0 0.0
98.0 114.0 0.0
98.0 116.0 0.0
98.0 118.0 0.0
98.0 120.0 0.0
98.0 122.0 0.0
98.0 124.0 0.0
98.0 126.0 0.0
100.0 0.0 0.0
100.0 2.0 0.0
100.0 4.0 0.0
100.0 6.0 0.0
100.0 8.0 0.0
100.0 10.0 0.0
100.0 12.0 0.0
100.0 14.0 0.06486142354969834
100.0 16.0 0.12789286609848402
100.0 18.0 0.14110339088479557
100.0 20.0 0.12827713927350778
100.0 22.0 0.10228942383713653
100.0 24.0 0.08661817038964686
100.0 26.0 0.06687970660833041
100.0 28.0 0.02701139322117462
100.0 30.0 0.012438721885823428
100.0 32.0 0.02007090051140638
100.0 34.0 0.06004059668679287
100.0 36.0 0.03871531345584062
100.0 38.0 0.010025858393868227
100.0 40.0 0.0
100.0 42.0 0.0
100.0 44.0 0.0
100.0 46.0 0.0
100.0 48.0 0.0
100.0 50.0 0.0
100.0 52.0 0.0
100.0 54.0 0.0
100.0 56.0 0.0
100.0 58.0 0.0
100.0 60.0 0.0
100.0 62.0 0.008351127863504665
100.0 64.0 0.049118900499708386
100.0 66.0 0.12460437754147265
100.0 68.0 0.20031085469874008
100.0 70.0 0.2663968275448138
100.0 72.0 0.3634341958880348
100.0 74.0 0.40370573818717553
100.0 76.0 0.4411285574000882
100.0 78.0 0.4662727486489388
100.0 80.0 0.3889902642898302
100.0 82.0 0.3542143167637102
100.0 84.0 0.3217453415968859
100.0 86.0 0.2704871186568438
100.0 88.0 0.22774927154376487
100.0 90.0 0.12664470978207665
100.0 92.0 0.030394837228081884
100.0 94.0 0.0
100.0 96.0 0.0
100.0 98.0 0.0
100.0 100.0 0.0
100.0 102.0 0.0
100.0 104.0 0.0
100.0 106.0 0.0
100.0 108.0 0.0
100.0 110.0 0.0
100.0 112.0 0.0
100.0 114.0 0.0
100.0 116.0 0.0
100.0 118.0 0.0
100.0 120.0 0.0
100.0 122.0 0.0
100.0 124.0 0.0
100.0 126.0 0.0
102.0 0.0 0.0
102.0 2.0 0.0
102.0 4.0 0.0
102.0 6.0 0.0
102.0 8.0 0.0
102.0 10.0 0.0
102.0 12.0 0.0
102.0 14.0 0.0029717247332854938
102.0 16.0 0.15624900012446002
102.0 18.0 0.20993834050986881
102.0 20.0 0.2108400197562141
102.0 22.0 0.17174798017927728
102.0 24.0 0.13319463917390142
102.0 26.0 0.10784802686689525
102.0 28.0 0.06911232375987587
102.0 30.0 0.04728721133226047
102.0 32.0 0.05884333364582315
102.0 34.0 0.07660126879117042
102.0 36.0 0.04537027409917546
102.0 38.0 0.0038404563972705952
102.0 40.0 0.0
102.0 42.0 0.0
102.0 44.0 0.0
102.0 46.0 0.0
102.0 48.0 0.0
102.0 50.0 0.0
102.0 52.0 0.0
102.0 54.0 0.0
102.0 56.0 0.0
102.0 58.0 0.0
102.0 60.0 0.0
102.0 62.0 6.876438469179085E-4
102.0 64.0 0.02386469478298738
102.0 66.0 0.07567647573906036
102.0 68.0 0.14166781499851702
102.0 70.0 0.2033637200007177
102.0 72.0 0.282080700003607
102.0 74.0 0.34321828379835795
102.0 76.0 0.3908883400826186
102.0 78.0 0.42928672342842394
102.0 80.0 0.3828692983065931
102.0 82.0 0.339609521016178
102.0 84.0 0.3188607983012605
102.0 86.0 0.27774734896995995
102.0 88.0 0.24985614002176115
102.0 90.0 0.1473179537375529
102.0 92.0 0.05302268515879508
102.0 94.0 0.0
102.0 96.0 0.0
102.0 98.0 0.0
102.0 100.0 0.0
102.0 102.0 0.0
102.0 104.0 0.0
102.0 106.0 0.0
102.0 108.0 0.0
102.0 110.0 0.0
102.0 112.0 0.0
102.0 114.0 0.0
102.0 116.0 0.0
102.0 118.0 0.0
102.0 120.0 0.0
102.0 122.0 0.0
102.0 124.0 0.0
102.0 126.0 0.0
104.0 0.0 0.0
104.0 2.0 0.0
104.0 4.0 0.0
104.0 6.0 0.0
104.0 8.0 0.0
104.0 10.0 0.0
104.0 12.0 0.0
104.0 14.0 0.0
104.0 16.0 0.013245181946525896
104.0 18.0 0.2580838009073198
104.0 20.0 0.27945106669110137
104.0 22.0 0.27760037352329814
104.0 24.0 0.20239454990984304
104.0 26.0 0.16737334695878814
104.0 28.0 0.11823282030116881
104.0 30.0 0.08272708112006759
104.0 32.0 0.09640958540519377
104.0 34.0 0.08998672272298902
104.0 36.0 0.04598244176334504
104.0 38.0 0.0038766733354101373
104.0 40.0 0.0
104.0 42.0 0.0
104.0 44.0 0.0
104.0 46.0 0.0
104.0 48.0 0.0
104.0 50.0 0.0
104.0 52.0 0.0
104.0 54.0 0.0
104.0 56.0 0.0
104.0 58.0 0.0
104.0 60.0 0.0
104.0 62.0 0.0
104.0 64.0 0.0
104.0 66.0 0.012715368269069197
104.0 68.0 0.08016172517414814
104.0 70.0 0.13982656216974612
104.0 72.0 0.21527867506570694
104.0 74.0 0.26038823054794735
104.0 76.0 0.32889630572488554
104.0 78.0 0.37101347744768076
104.0 80.0 0.3593876602559849
104.0 82.0 0.3115378643218699
104.0 84.0 0.3040399634002058
104.0 86.0 0.27087200134503253
104.0 88.0 0.26115227296525323
104.0 90.0 0.15921046975979006
104.0 92.0 0.06609361039118095
104.0 94.0 0.0
104.0 96.0 0.0
104.0 98.0 0.0
104.0 100.0 0.0
104.0 102.0 0.0
104.0 104.0 0.0
104.0 106.0 0.0
104.0 108.0 0.0
104.0 110.0 0.0
104.0 112.0 0.0
104.0 114.0 0.0
104.0 116.0 0.0
104.0 118.0 0.0
104.0 120.0 0.0
104.0 122.0 0.0
104.0 124.0 0.0
104.0 126.0 0.0
106.0 0.0 0.0
106.0 2.0 0.0
106.0 4.0 0.0
106.0 6.0 0.0
106.0 8.0 0.0
106.0 10.0 0.0
106.0 12.0 0.0
106.0 14.0 0.0
106.0 16.0 0.0
106.0 18.0 0.11640790206109608
106.0 20.0 0.33570326465445466
106.0 22.0 0.3435999632541531
106.0 24.0 0.27679459302976256
106.0 26.0 0.22728093129364793
106.0 28.0 0.17951218395027668
106.0 30.0 0.13196989067850007
106.0 32.0 0.11259529318021365
106.0 34.0 0.08642826380475603
106.0 36.0 0.049265766092653034
106.0 38.0 0.007117754471089734
106.0 40.0 0.0
106.0 42.0 0.0
106.0 44.0 0.0
106.0 46.0 0.0
106.0 48.0 0.0
106.0 50.0 0.0
106.0 52.0 0.0
106.0 54.0 0.0
106.0 56.0 0.0
106.0 58.0 0.0
106.0 60.0 0.0
106.0 62.0 0.0
106.0 64.0 0.0
106.0 66.0 0.0
106.0 68.0 0.016743453373248156
106.0 70.0 0.0819914009162919
106.0 72.0 0.13383791372725545
106.0 74.0 0.17745508759957876
106.0 76.0 0.2300079031092391
106.0 78.0 0.27986461646667615
106.0 80.0 0.3186892826198431
106.0 82.0 0.2789177208387546
106.0 84.0 0.28742010710063803
106.0 86.0 0.259828202253197
106.0 88.0 0.2480124026975183
106.0 90.0 0.16732886156752713
106.0 92.0 0.07319132134418281
106.0 94.0 0.0
106.0 96.0 0.0
106.0 98.0 0.0
106.0 100.0 0.0
106.0 102.0 0.0
106.0 104.0 0.0
106.0 106.0 0.0
106.0 108.0 0.0
106.0 110.0 0.0
106.0 112.0 0.0
106.0 114.0 0.0
106.0 116.0 0.0
106.0 118.0 0.0
106.0 120.0 0.0
106.0 122.0 0.0
106.0 124.0 0.0
106.0 126.0 0.0
108.0 0.0 0.0
108.0 2.0 0.0
108.0 4.0 0.0
108.0 6.0 0.0
108.0 8.0 0.0
108.0 10.0 0.0
108.0 12.0 0.0
108.0 14.0 0.0
108.0 16.0 0.0
108.0 18.0 0.0
108.0 20.0 0.08120807741796522
108.0 22.0 0.3283570716622829
108.0 24.0 0.33199282609623487
108.0 26.0 0.2866108417107464
108.0 28.0 0.20743337105753376
108.0 30.0 0.16493678640211076
108.0 32.0 0.12398841618630875
108.0 34.0 0.08034945183853959
108.0 36.0 0.04560474428132666
108.0 38.0 0.010576445011836117
108.0 40.0 0.0
108.0 42.0 0.0
108.0 44.0 0.0
108.0 46.0 0.0
108.0 48.0 0.0
108.0 50.0 0.0
108.0 52.0 0.0
108.0 54.0 0.0
108.0 56.0 0.0
108.0 58.0 0.0
108.0 60.0 0.0
108.0 62.0 0.0
108.0 64.0 0.0
108.0 66.0 0.0
108.0 68.0 0.0
108.0 70.0 0.022774764467877563
108.0 72.0 0.06273567120045033
108.0 74.0 0.10192893955238198
108.0 76.0 0.126754980868744
108.0 78.0 0.18121899494246108
108.0 80.0 0.24240169169462078
108.0 82.0 0.24963065752433708
108.0 84.0 0.2605286891934871
108.0 86.0 0.24082993787465512
108.0 88.0 0.22655113479239145
108.0 90.0 0.1764735309343702
108.0 92.0 0.07146530977834725
108.0 94.0 9.107511020949932E-4
108.0 96.0 0.0
108.0 98.0 0.0
108.0 100.0 0.0
108.0 102.0 0.0
108.0 104.0 0.0
108.0 106.0 0.0
108.0 108.0 0.0
108.0 110.0 0.0
108.0 112.0 0.0
108.0 114.0 0.0
108.0 116.0 0.0
108.0 118.0 0.0
108.0 120.0 0.0
108.0 122.0 0.0
108.0 124.0 0.0
108.0 126.0 0.0
110.0 0.0 0.0
110.0 2.0 0.0
110.0 4.0 0.0
110.0 6.0 0.0
110.0 8.0 0.0
110.0 10.0 0.0
110.0 12.0 0.0
110.0 14.0 0.0
110.0 16.0 0.0
110.0 18.0 0.0
110.0 20.0 0.0
110.0 22.0 0.06677212504482508
110.0 24.0 0.2964747966180578
110.0 26.0 0.29001393307520335
110.0 28.0 0.24316972737921552
110.0 30.0 0.17885118424556326
110.0 32.0 0.11419964943638365
110.0 34.0 0.06764795559155508
110.0 36.0 0.053963891581271274
110.0 38.0 0.002764222198982489
110.0 40.0 0.0
110.0 42.0 0.0
110.0 44.0 0.0
110.0 46.0 0.0
110.0 48.0 0.0
110.0 50.0 0.0
110.0 52.0 0.0
110.0 54.0 0.0
110.0 56.0 0.0
110.0 58.0 0.0
110.0 60.0 0.0
110.0 62.0 0.0
110.0 64.0 0.0
110.0 66.0 0.0
110.0 68.0 0.0
110.0 70.0 4.1360900013623407E-4
110.0 72.0 0.020242386608764883
110.0 74.0 0.03303601537777933
110.0 76.0 0.033547318396214755
110.0 78.0 0.06645861916230478
110.0 80.0 0.13867528801383885
110.0 82.0 0.19553156810652197
110.0 84.0 0.21720134372976363
110.0 86.0 0.21276939234778489
110.0 88.0 0.2029071804390469
110.0 90.0 0.17394955253951275
110.0 92.0 0.08056445072204761
110.0 94.0 0.012044700891665053
110.0 96.0 0.0
110.0 98.0 0.0
110.0 100.0 0.0
110.0 102.0 0.0
110.0 104.0 0.0
110.0 106.0 0.0
110.0 108.0 0.0
110.0 110.0 0.0
110.0 112.0 0.0
110.0 114.0 0.0
110.0 116.0 0.0
110.0 118.0 0.0
110.0 120.0 0.0
110.0 122.0 0.0
110.0 124.0 0.0
110.0 126.0 0.0
112.0 0.0 0.0
112.0 2.0 0.0
112.0 4.0 0.0
112.0 6.0 0.0
112.0 8.0 0.0
112.0 10.0 0.0
112.0 12.0 0.0
112.0 14.0 0.0
112.0 16.0 0.0
112.0 18.0 0.0
112.0 20.0 0.0
112.0 22.0 0.0
112.0 24.0 0.09821641639245086
112.0 26.0 0.26329859140962714
112.0 28.0 0.24319343721880174
112.0 30.0 0.19390917455445922
112.0 32.0 0.12917465687992086
112.0 34.0 0.06686093999394287
112.0 36.0 0.041960375735696005
112.0 38.0 0.007897645320784992
112.0 40.0 0.0
112.0 42.0 0.0
112.0 44.0 0.0
112.0 46.0 0.0
112.0 48.0 0.0
112.0 50.0 0.0
112.0 52.0 0.0
112.0 54.0 0.0
112.0 56.0 0.0
112.0 58.0 0.0
112.0 60.0 0.0
112.0 62.0 0.0
112.0 64.0 0.0
112.0 66.0 0.0
112.0 68.0 0.0
112.0 70.0 0.0
112.0 72.0 0.0023960935076923107
112.0 74.0 0.0022124135283182723
112.0 76.0 0.0
112.0 78.0 0.0011568427043965566
112.0 80.0 0.035432379355877015
112.0 82.0 0.10716373384353912
112.0 84.0 0.16935484825202743
112.0 86.0 0.18106117475567843
112.0 88.0 0.16710874759504754
112.0 90.0 0.1678464898944122
112.0 92.0 0.12100151737222804
112.0 94.0 0.053572509204891955
112.0 96.0 1.5619286460854463E-4
112.0 98.0 0.0
112.0 100.0 0.0
112.0 102.0 0.0
112.0 104.0 0.0
112.0 106.0 0.0
112.0 108.0 0.0
112.0 110.0 0.0
112.0 112.0 0.0
112.0 114.0 0.0
112.0 116.0 0.0
112.0 118.0 0.0
112.0 120.0 0.0
112.0 122.0 0.0
112.0 124.0 0.0
112.0 126.0 0.0
114.0 0.0 0.0
114.0 2.0 0.0
114.0 4.0 0.0
114.0 6.0 0.0
114.0 8.0 0.0
114.0 10.0 0.0
114.0 12.0 0.0
114.0 14.0 0.0
114.0 16.0 0.0
114.0 18.0 0.0
114.0 20.0 0.0
114.0 22.0 0.0
114.0 24.0 0.0
114.0 26.0 0.17999588240679298
114.0 28.0 0.2480360329488107
114.0 30.0 0.20048549551717024
114.0 32.0 0.14641683542487482
114.0 34.0 0.0869946530962537
114.0 36.0 0.043422732670377884
114.0 38.0 0.01088249206548158
114.0 40.0 0.001052311372815934
114.0 42.0 0.0
114.0 44.0 0.0
114.0 46.0 0.0
114.0 48.0 0.0
114.0 50.0 0.0
114.0 52.0 0.0
114.0 54.0 0.0
114.0 56.0 0.0
114.0 58.0 0.0
114.0 60.0 0.0
114.0 62.0 0.0
114.0 64.0 0.0
114.0 66.0 0.0
114.0 68.0 0.0
114.0 70.0 0.0
114.0 72.0 0.0
114.0 74.0 0.0
114.0 76.0 0.0
114.0 78.0 0.0
114.0 80.0 0.0
114.0 82.0 0.03060420300960878
114.0 84.0 0.10786917130835633
114.0 86.0 0.14679246878047675
114.0 88.0 0.14954545917929743
114.0 90.0 0.1674237899310538
114.0 92.0 0.1635068935654535
114.0 94.0 0.16604688126938325
114.0 96.0 0.15662851385446624
114.0 98.0 0.08692972153587597
114.0 100.0 0.02719131814043488
114.0 102.0 0.0
114.0 104.0 0.0
114.0 106.0 0.0
114.0 108.0 0.0
114.0 110.0 0.0
114.0 112.0 0.0
114.0 114.0 0.0
114.0 116.0 0.0
114.0 118.0 0.0
114.0 120.0 0.0
114.0 122.0 0.0
114.0 124.0 0.0
114.0 126.0 0.0
116.0 0.0 0.0
116.0 2.0 0.0
116.0 4.0 0.0
116.0 6.0 0.0
116.0 8.0 0.0
116.0 10.0 0.0
116.0 12.0 0.0
116.0 14.0 0.0
116.0 16.0 0.0
116.0 18.0 0.0
116.0 20.0 0.0
116.0 22.0 0.0
116.0 24.0 0.0
116.0 26.0 0.0
116.0 28.0 0.2774505257979359
116.0 30.0 0.2888376552290302
116.0 32.0 0.20880140222770102
116.0 34.0 0.14568544658575125
116.0 36.0 0.09684725850130237
116.0 38.0 0.026168394110059192
116.0 40.0 0.012279388903979302
116.0 42.0 0.0
116.0 44.0 0.0
116.0 46.0 0.0
116.0 48.0 0.0
116.0 50.0 0.0
116.0 52.0 0.0
116.0 54.0 0.0
116.0 56.0 0.0
116.0 58.0 0.0
116.0 60.0 0.0
116.0 62.0 0.0
116.0 64.0 0.0
116.0 66.0 0.0
116.0 68.0 0.0
116.0 70.0 0.0
116.0 72.0 0.0
116.0 74.0 0.0
116.0 76.0 0.0
116.0 78.0 0.0
116.0 80.0 0.0
116.0 82.0 0.0038718632396782175
116.0 84.0 0.06072331158384644
116.0 86.0 0.1224524273202376
116.0 88.0 0.14545808189088047
116.0 90.0 0.1792202882494399
116.0 92.0 0.20873115340517248
116.0 94.0 0.263540092070438
116.0 96.0 0.3341636743802197
116.0 98.0 0.33952868458584184
116.0 100.0 0.0
116.0 102.0 0.0
116.0 104.0 0.0
116.0 106.0 0.0
116.0 108.0 0.0
116.0 110.0 0.0
116.0 112.0 0.0
116.0 114.0 0.0
116.0 116.0 0.0
116.0 118.0 0.0
116.0 120.0 0.0
116.0 122.0 0.0
116.0 124.0 0.0
116.0 126.0 0.0
118.0 0.0 0.0
118.0 2.0 0.0
118.0 4.0 0.0
118.0 6.0 0.0
118.0 8.0 0.0
118.0 10.0 0.0
118.0 12.0 0.0
118.0 14.0 0.0
118.0 16.0 0.0
118.0 18.0 0.0
118.0 20.0 0.0
118.0 22.0 0.0
118.0 24.0 0.0
118.0 26.0 0.0
118.0 28.0 0.0
118.0 30.0 0.0
118.0 32.0 0.37139813814134454
118.0 34.0 0.32231375096571707
118.0 36.0 0.23480348203293755
118.0 38.0 0.15272863008481327
118.0 40.0 0.10191690583193064
118.0 42.0 0.06590317102736808
118.0 44.0 0.044612786793801824
118.0 46.0 0.02406631990307985
118.0 48.0 0.012108886796076359
118.0 50.0 0.002699591398603546
118.0 52.0 0.0
118.0 54.0 0.0
118.0 56.0 0.0
118.0 58.0 0.0
118.0 60.0 0.0
118.0 62.0 0.0
118.0 64.0 0.0
118.0 66.0 0.0
118.0 68.0 0.0
118.0 70.0 0.0
118.0 72.0 0.0
118.0 74.0 0.0
118.0 76.0 0.0
118.0 78.0 0.0
118.0 80.0 0.0
118.0 82.0 6.178344152707997E-4
118.0 84.0 0.05071872056817505
118.0 86.0 0.10614905142775112
118.0 88.0 0.15307340547421922
118.0 90.0 0.19913068943290332
118.0 92.0 0.2484643174609785
118.0 94.0 0.32813011739428827
118.0 96.0 0.40547384458637165
118.0 98.0 0.0
118.0 100.0 0.0
118.0 102.0 0.0
118.0 104.0 0.0
118.0 106.0 0.0
118.0 108.0 0.0
118.0 110.0 0.0
118.0 112.0 0.0
118.0 114.0 0.0
118.0 116.0 0.0
118.0 118.0 0.0
118.0 120.0 0.0
118.0 122.0 0.0
118.0 124.0 0.0
118.0 126.0 0.0
120.0 0.0 0.0
120.0 2.0 0.0
120.0 4.0 0.0
120.0 6.0 0.0
120.0 8.0 0.0
120.0 10.0 0.0
120.0 12.0 0.0
120.0 14.0 0.0
120.0 16.0 0.0
120.0 18.0 0.0
120.0 20.0 0.0
120.0 22.0 0.0
120.0 24.0 0.0
120.0 26.0 0.0
120.0 28.0 0.0
120.0 30.0 0.0
120.0 32.0 0.0
120.0 34.0 0.0
120.0 36.0 0.440641642746435
120.0 38.0 0.38869850041261217
120.0 40.0 0.24910004766315544
120.0 42.0 0.1777771643568324
120.0 44.0 0.1370363563026956
120.0 46.0 0.11689096794431404
120.0 48.0 0.09676158702374311
120.0 50.0 0.07456589344709273
120.0 52.0 0.04517400824493267
120.0 54.0 0.006886328444405944
120.0 56.0 0.0
120.0 58.0 0.0
120.0 60.0 0.0
120.0 62.0 0.0
120.0 64.0 0.0
120.0 66.0 0.0
120.0 68.0 0.0
120.0 70.0 0.0
120.0 72.0 0.0
120.0 74.0 0.0
120.0 76.0 0.0
120.0 78.0 0.0
120.0 80.0 0.0
120.0 82.0 0.0035714399801881347
120.0 84.0 0.054247403382726635
120.0 86.0 0.1120105737585776
120.0 88.0 0.1691469481365594
120.0 90.0 0.21096942061807245
120.0 92.0 0.27734027440922976
120.0 94.0 0.0
120.0 96.0 0.0
120.0 98.0 0.0
120.0 100.0 0.0
120.0 102.0 0.0
120.0 104.0 0.0
120.0 106.0 0.0
120.0 108.0 0.0
120.0 110.0 0.0
120.0 112.0 0.0
120.0 114.0 0.0
120.0 116.0 0.0
120.0 118.0 0.0
120.0 120.0 0.0
120.0 122.0 0.0
120.0 124.0 0.0
120.0 126.0 0.0
122.0 0.0 0.0
122.0 2.0 0.0
122.0 4.0 0.0
122.0 6.0 0.0
122.0 8.0 0.0
122.0 10.0 0.0
122.0 12.0 0.0
122.0 14.0 0.0
122.0 16.0 0.0
122.0 18.0 0.0
122.0 20.0 0.0
122.0 22.0 0.0
122.0 24.0 0.0
122.0 26.0 0.0
122.0 28.0 0.0
122.0 30.0 0.0
122.0 32.0 0.0
122.0 34.0 0.0
122.0 36.0 0.0
122.0 38.0 0.0
122.0 40.0 0.39506279362831664
122.0 42.0 0.30902777470151405
122.0 44.0 0.2502872367728114
122.0 46.0 0.2085228857249478
122.0 48.0 0.18349581376414117
122.0 50.0 0.17761533528927978
122.0 52.0 0.1368690962109296
122.0 54.0 0.060476508900786756
122.0 56.0 2.2068843771891702E-4
122.0 58.0 0.0
122.0 60.0 0.0
122.0 62.0 0.0
122.0 64.0 0.0
122.0 66.0 0.0
122.0 68.0 0.0
122.0 70.0 0.0
122.0 72.0 0.0
122.0 74.0 0.0
122.0 76.0 0.0
122.0 78.0 0.0
122.0 80.0 0.0
122.0 82.0 0.008882202288513512
122.0 84.0 0.06538701882763043
122.0 86.0 0.13385023688274542
122.0 88.0 0.19660822530277314
122.0 90.0 0.0
122.0 92.0 0.0
122.0 94.0 0.0
122.0 96.0 0.0
122.0 98.0 0.0
122.0 100.0 0.0
122.0 102.0 0.0
122.0 104.0 0.0
122.0 106.0 0.0
122.0 108.0 0.0
122.0 110.0 0.0
122.0 112.0 0.0
122.0 114.0 0.0
122.0 116.0 0.0
122.0 118.0 0.0
122.0 120.0 0.0
122.0 122.0 0.0
122.0 124.0 0.0
122.0 126.0 0.0
124.0 0.0 0.0
124.0 2.0 0.0
124.0 4.0 0.0
124.0 6.0 0.0
124.0 8.0 0.0
124.0 10.0 0.0
124.0 12.0 0.0
124.0 14.0 0.0
124.0 16.0 0.0
124.0 18.0 0.0
124.0 20.0 0.0
124.0 22.0 0.0
124.0 24.0 0.0
124.0 26.0 0.0
124.0 28.0 0.0
124.0 30.0 0.0
124.0 32.0 0.0
124.0 34.0 0.0
124.0 36.0 0.0
124.0 38.0 0.0
124.0 40.0 0.0
124.0 42.0 0.0
124.0 44.0 0.0
124.0 46.0 0.28076286083225604
124.0 48.0 0.2809185257540097
124.0 50.0 0.25792957361834207
124.0 52.0 0.2803469894553023
124.0 54.0 0.24408853281371912
124.0 56.0 0.15327735626323744
124.0 58.0 0.026500735973931835
124.0 60.0 0.0
124.0 62.0 0.0
124.0 64.0 0.0
124.0 66.0 0.0
124.0 68.0 0.0
124.0 70.0 0.0
124.0 72.0 0.0
124.0 74.0 0.0
124.0 76.0 0.0
124.0 78.0 0.0
124.0 80.0 0.0
124.0 82.0 0.017618522587988034
124.0 84.0 0.0
124.0 86.0 0.0
124.0 88.0 0.0
124.0 90.0 0.0
124.0 92.0 0.0
124.0 94.0 0.0
124.0 96.0 0.0
124.0 98.0 0.0
124.0 100.0 0.0
124.0 102.0 0.0
124.0 104.0 0.0
124.0 106.0 0.0
124.0 108.0 0.0
124.0 110.0 0.0
124.0 112.0 0.0
124.0 114.0 0.0
124.0 116.0 0.0
124.0 118.0 0.0
124.0 120.0 0.0
124.0 122.0 0.0
124.0 124.0 0.0
124.0 126.0 0.0
126.0 0.0 0.0
126.0 2.0 0.0
126.0 4.0 0.0
126.0 6.0 0.0
126.0 8.0 0.0
126.0 10.0 0.0
126.0 12.0 0.0
126.0 14.0 0.0
126.0 16.0 0.0
126.0 18.0 0.0
126.0 20.0 0.0
126.0 22.0 0.0
126.0 24.0 0.0
126.0 26.0 0.0
126.0 28.0 0.0
126.0 30.0 0.0
126.0 32.0 0.0
126.0 34.0 0.0
126.0 36.0 0.0
126.0 38.0 0.0
126.0 40.0 0.0
126.0 42.0 0.0
126.0 44.0 0.0
126.0 46.0 0.0
126.0 48.0 0.0
126.0 50.0 0.0
126.0 52.0 0.0
126.0 54.0 0.27629464372049833
126.0 56.0 0.34622589870237963
126.0 58.0 0.316052371135139
126.0 60.0 0.3119230828126592
126.0 62.0 0.21604678532243152
126.0 64.0 0.07295838610613409
126.0 66.0 8.67177296203425E-4
126.0 68.0 0.0
126.0 70.0 0.0
126.0 72.0 0.0
126.0 74.0 0.0
126.0 76.0 0.0
126.0 78.0 0.0
126.0 80.0 0.0
126.0 82.0 0.0
126.0 84.0 0.0
126.0 86.0 0.0
126.0 88.0 0.0
126.0 90.0 0.0
126.0 92.0 0.0
126.0 94.0 0.0
126.0 96.0 0.0
126.0 98.0 0.0
126.0 100.0 0.0
126.0 102.0 0.0
126.0 104.0 0.0
126.0 106.0 0.0
126.0 108.0 0.0
126.0 110.0 0.0
126.0 112.0 0.0
126.0 114.0 0.0
126.0 116.0 0.0
126.0 118.0 0.0
126.0 120.0 0.0
126.0 122.0 0.0
126.0 124.0 0.0
126.0 126.0 0.0
