0.0 0.0 0.0
0.0 2.0 0.0
0.0 4.0 0.0
0.0 6.0 0.0
0.0 8.0 0.0
0.0 10.0 0.0
0.0 12.0 0.0
0.0 14.0 0.0
0.0 16.0 0.0
0.0 18.0 0.0
0.0 20.0 0.0
0.0 22.0 0.0
0.0 24.0 0.0
0.0 26.0 0.0
0.0 28.0 0.0
0.0 30.0 0.0
0.0 32.0 0.0
0.0 34.0 0.0
0.0 36.0 0.0
0.0 38.0 0.0
0.0 40.0 0.0
0.0 42.0 0.0
0.0 44.0 0.0
0.0 46.0 0.0
0.0 48.0 0.0
0.0 50.0 0.0
0.0 52.0 0.0
0.0 54.0 0.0
0.0 56.0 0.0
0.0 58.0 0.0
0.0 60.0 0.0
0.0 62.0 0.0
0.0 64.0 0.0
0.0 66.0 0.0
0.0 68.0 0.0
0.0 70.0 0.0
0.0 72.0 0.0
0.0 74.0 0.0
0.0 76.0 0.0
0.0 78.0 0.0
0.0 80.0 0.0
0.0 82.0 0.0
0.0 84.0 0.0
0.0 86.0 0.0
0.0 88.0 0.0
0.0 90.0 0.0
0.0 92.0 0.0
0.0 94.0 0.0
0.0 96.0 0.0
0.0 98.0 0.0
0.0 100.0 0.0
0.0 102.0 0.0
0.0 104.0 0.0
0.0 106.0 0.0
0.0 108.0 0.0
0.0 110.0 0.0
0.0 112.0 0.0
0.0 114.0 0.0
0.0 116.0 0.0
0.0 118.0 0.0
0.0 120.0 0.0
0.0 122.0 0.0
0.0 124.0 0.0
0.0 126.0 0.0
2.0 0.0 0.0
2.0 2.0 0.0
2.0 4.0 0.0
2.0 6.0 0.0
2.0 8.0 0.0
2.0 10.0 0.0
2.0 12.0 0.0
2.0 14.0 0.0
2.0 16.0 0.0
2.0 18.0 0.0
2.0 20.0 0.0
2.0 22.0 0.0
2.0 24.0 0.0
2.0 26.0 0.0
2.0 28.0 0.0
2.0 30.0 0.0
2.0 32.0 0.0
2.0 34.0 0.0
2.0 36.0 0.0
2.0 38.0 0.0
2.0 40.0 0.0
2.0 42.0 0.0
2.0 44.0 0.0
2.0 46.0 0.0
2.0 48.0 0.38220430409441364
2.0 50.0 0.5452831545766287
2.0 52.0 0.526609962395737
2.0 54.0 0.47976249030278
2.0 56.0 0.4514982163681129
2.0 58.0 0.27907467017229903
2.0 60.0 0.03016260108049314
2.0 62.0 0.0
2.0 64.0 0.0
2.0 66.0 0.0
2.0 68.0 0.0
2.0 70.0 0.0
2.0 72.0 0.0
2.0 74.0 0.0
2.0 76.0 0.0
2.0 78.0 0.0
2.0 80.0 0.0
2.0 82.0 0.0
2.0 84.0 0.0
2.0 86.0 0.0
2.0 88.0 0.0
2.0 90.0 0.0
2.0 92.0 0.0
2.0 94.0 0.0
2.0 96.0 0.0
2.0 98.0 0.0
2.0 100.0 0.0
2.0 102.0 0.0
2.0 104.0 0.0
2.0 106.0 0.0
2.0 108.0 0.0
2.0 110.0 0.0
2.0 112.0 0.0
2.0 114.0 0.0
2.0 116.0 0.0
2.0 118.0 0.0
2.0 120.0 0.0
2.0 122.0 0.0
2.0 124.0 0.0
2.0 126.0 0.0
4.0 0.0 0.0
4.0 2.0 0.0
4.0 4.0 0.0
4.0 6.0 0.0
4.0 8.0 0.0
4.0 10.0 0.0
4.0 12.0 0.0
4.0 14.0 0.0
4.0 16.0 0.0
4.0 18.0 0.0
4.0 20.0 0.0
4.0 22.0 0.0
4.0 24.0 0.0
4.0 26.0 0.0
4.0 28.0 0.0
4.0 30.0 0.0
4.0 32.0 0.0
4.0 34.0 0.0
4.0 36.0 0.0
4.0 38.0 0.0
4.0 40.0 0.0
4.0 42.0 0.3395246048635583
4.0 44.0 0.43120726170687557
4.0 46.0 0.45156524413093085
4.0 48.0 0.4623184490864005
4.0 50.0 0.470054812588403
4.0 52.0 0.4854732305470446
4.0 54.0 0.4726014936203946
4.0 56.0 0.30235579655598216
4.0 58.0 0.07977025345981255
4.0 60.0 0.0
4.0 62.0 0.0
4.0 64.0 0.0
4.0 66.0 0.0
4.0 68.0 0.0
4.0 70.0 0.0
4.0 72.0 0.0
4.0 74.0 0.0
4.0 76.0 0.0
4.0 78.0 0.0
4.0 80.0 0.003410539335833251
4.0 82.0 0.04807206657073356
4.0 84.0 0.12027369330536448
4.0 86.0 0.0
4.0 88.0 0.0
4.0 90.0 0.0
4.0 92.0 0.0
4.0 94.0 0.0
4.0 96.0 0.0
4.0 98.0 0.0
4.0 100.0 0.0
4.0 102.0 0.0
4.0 104.0 0.0
4.0 106.0 0.0
4.0 108.0 0.0
4.0 110.0 0.0
4.0 112.0 0.0
4.0 114.0 0.0
4.0 116.0 0.0
4.0 118.0 0.0
4.0 120.0 0.0
4.0 122.0 0.0
4.0 124.0 0.0
4.0 126.0 0.0
6.0 0.0 0.0
6.0 2.0 0.0
6.0 4.0 0.0
6.0 6.0 0.0
6.0 8.0 0.0
6.0 10.0 0.0
6.0 12.0 0.0
6.0 14.0 0.0
6.0 16.0 0.0
6.0 18.0 0.0
6.0 20.0 0.0
6.0 22.0 0.0
6.0 24.0 0.0
6.0 26.0 0.0
6.0 28.0 0.0
6.0 30.0 0.0
6.0 32.0 0.0
6.0 34.0 0.0
6.0 36.0 0.0
6.0 38.0 0.3693159943152817
6.0 40.0 0.35531322743381527
6.0 42.0 0.38590199585549506
6.0 44.0 0.44288657057729397
6.0 46.0 0.48764548971791416
6.0 48.0 0.513549427887555
6.0 50.0 0.5159605533493704
6.0 52.0 0.5040256107168372
6.0 54.0 0.4573480740322086
6.0 56.0 0.268722927955389
6.0 58.0 0.040540687187827766
6.0 60.0 0.0
6.0 62.0 0.0
6.0 64.0 0.0
6.0 66.0 0.0
6.0 68.0 0.0
6.0 70.0 0.0
6.0 72.0 0.0
6.0 74.0 0.0
6.0 76.0 0.0
6.0 78.0 0.0
6.0 80.0 2.611767869105173E-4
6.0 82.0 0.030072986396895044
6.0 84.0 0.0967432484756723
6.0 86.0 0.1504568272243516
6.0 88.0 0.20068926078936175
6.0 90.0 0.22902942536314538
6.0 92.0 0.0
6.0 94.0 0.0
6.0 96.0 0.0
6.0 98.0 0.0
6.0 100.0 0.0
6.0 102.0 0.0
6.0 104.0 0.0
6.0 106.0 0.0
6.0 108.0 0.0
6.0 110.0 0.0
6.0 112.0 0.0
6.0 114.0 0.0
6.0 116.0 0.0
6.0 118.0 0.0
6.0 120.0 0.0
6.0 122.0 0.0
6.0 124.0 0.0
6.0 126.0 0.0
8.0 0.0 0.0
8.0 2.0 0.0
8.0 4.0 0.0
8.0 6.0 0.0
8.0 8.0 0.0
8.0 10.0 0.0
8.0 12.0 0.0
8.0 14.0 0.0
8.0 16.0 0.0
8.0 18.0 0.0
8.0 20.0 0.0
8.0 22.0 0.0
8.0 24.0 0.0
8.0 26.0 0.0
8.0 28.0 0.0
8.0 30.0 0.0
8.0 32.0 0.0
8.0 34.0 0.06167171528224036
8.0 36.0 0.045120927694194256
8.0 38.0 0.19553193556916112
8.0 40.0 0.31880392014478687
8.0 42.0 0.4212147430510688
8.0 44.0 0.4776122875087228
8.0 46.0 0.5255270699641926
8.0 48.0 0.5559637362708569
8.0 50.0 0.5565356923397474
8.0 52.0 0.525250678677
8.0 54.0 0.4382444024894155
8.0 56.0 0.2427271975792338
8.0 58.0 0.021407509812283194
8.0 60.0 0.0
8.0 62.0 0.0
8.0 64.0 0.0
8.0 66.0 0.0
8.0 68.0 0.0
8.0 70.0 0.0
8.0 72.0 0.0
8.0 74.0 0.0
8.0 76.0 0.0
8.0 78.0 0.0
8.0 80.0 0.0
8.0 82.0 0.016563492939650967
8.0 84.0 0.07009951868430037
8.0 86.0 0.10695903024146187
8.0 88.0 0.15505739293067178
8.0 90.0 0.1800534155738022
8.0 92.0 0.16404543363530616
8.0 94.0 0.15128445726193698
8.0 96.0 0.0
8.0 98.0 0.0
8.0 100.0 0.0
8.0 102.0 0.0
8.0 104.0 0.0
8.0 106.0 0.0
8.0 108.0 0.0
8.0 110.0 0.0
8.0 112.0 0.0
8.0 114.0 0.0
8.0 116.0 0.0
8.0 118.0 0.0
8.0 120.0 0.0
8.0 122.0 0.0
8.0 124.0 0.0
8.0 126.0 0.0
10.0 0.0 0.0
10.0 2.0 0.0
10.0 4.0 0.0
10.0 6.0 0.0
10.0 8.0 0.0
10.0 10.0 0.0
10.0 12.0 0.0
10.0 14.0 0.0
10.0 16.0 0.0
10.0 18.0 0.0
10.0 20.0 0.0
10.0 22.0 0.0
10.0 24.0 0.0
10.0 26.0 0.0
10.0 28.0 0.0
10.0 30.0 0.027759898175914153
10.0 32.0 0.0
10.0 34.0 0.01563297578806198
10.0 36.0 0.1313483129165193
10.0 38.0 0.26382643552629
10.0 40.0 0.40635783732211256
10.0 42.0 0.5156129010855118
10.0 44.0 0.5123220671085428
10.0 46.0 0.5266037725359407
10.0 48.0 0.5519242321918679
10.0 50.0 0.564105624782474
10.0 52.0 0.5360235490090858
10.0 54.0 0.42266621385787895
10.0 56.0 0.21596033324964625
10.0 58.0 0.0067912006440891464
10.0 60.0 0.0
10.0 62.0 0.0
10.0 64.0 0.0
10.0 66.0 0.0
10.0 68.0 0.0
10.0 70.0 0.0
10.0 72.0 0.0
10.0 74.0 0.0
10.0 76.0 0.0
10.0 78.0 0.0
10.0 80.0 0.0
10.0 82.0 0.009902498924743824
10.0 84.0 0.043860052687057414
10.0 86.0 0.0710911482114396
10.0 88.0 0.11029012813612449
10.0 90.0 0.12946509378269358
10.0 92.0 0.13101285977839905
10.0 94.0 0.13846042916326556
10.0 96.0 0.1489061602807143
10.0 98.0 0.0
10.0 100.0 0.0
10.0 102.0 0.0
10.0 104.0 0.0
10.0 106.0 0.0
10.0 108.0 0.0
10.0 110.0 0.0
10.0 112.0 0.0
10.0 114.0 0.0
10.0 116.0 0.0
10.0 118.0 0.0
10.0 120.0 0.0
10.0 122.0 0.0
10.0 124.0 0.0
10.0 126.0 0.0
12.0 0.0 0.0
12.0 2.0 0.0
12.0 4.0 0.0
12.0 6.0 0.0
12.0 8.0 0.0
12.0 10.0 0.0
12.0 12.0 0.0
12.0 14.0 0.0
12.0 16.0 0.0
12.0 18.0 0.0
12.0 20.0 0.0
12.0 22.0 0.0
12.0 24.0 0.0
12.0 26.0 0.0
12.0 28.0 0.03076287769053078
12.0 30.0 0.0
12.0 32.0 3.422971445649901E-4
12.0 34.0 0.04268635530569742
12.0 36.0 0.1657081163767082
12.0 38.0 0.31037752785467876
12.0 40.0 0.44237769197501636
12.0 42.0 0.48679807566263705
12.0 44.0 0.49734748501415194
12.0 46.0 0.5288267229043928
12.0 48.0 0.5487725849234996
12.0 50.0 0.557810642270516
12.0 52.0 0.5264185280245164
12.0 54.0 0.40180318624117745
12.0 56.0 0.1882684210170722
12.0 58.0 0.0
12.0 60.0 0.0
12.0 62.0 0.0
12.0 64.0 0.0
12.0 66.0 0.0
12.0 68.0 0.0
12.0 70.0 0.0
12.0 72.0 0.0
12.0 74.0 0.0
12.0 76.0 0.0
12.0 78.0 0.0
12.0 80.0 0.0
12.0 82.0 0.004839157883979322
12.0 84.0 0.023695291058271065
12.0 86.0 0.053584548997943675
12.0 88.0 0.06891725349554371
12.0 90.0 0.09504012144789374
12.0 92.0 0.10846805283788986
12.0 94.0 0.13229265306454074
12.0 96.0 0.15269834666914459
12.0 98.0 0.1778359280792853
12.0 100.0 0.20045640747094282
12.0 102.0 0.0
12.0 104.0 0.0
12.0 106.0 0.0
12.0 108.0 0.0
12.0 110.0 0.0
12.0 112.0 0.0
12.0 114.0 0.0
12.0 116.0 0.0
12.0 118.0 0.0
12.0 120.0 0.0
12.0 122.0 0.0
12.0 124.0 0.0
12.0 126.0 0.0
14.0 0.0 0.0
14.0 2.0 0.0
14.0 4.0 0.0
14.0 6.0 0.0
14.0 8.0 0.0
14.0 10.0 0.0
14.0 12.0 0.0
14.0 14.0 0.0
14.0 16.0 0.0
14.0 18.0 0.0
14.0 20.0 0.0
14.0 22.0 0.0
14.0 24.0 0.07003565626001027
14.0 26.0 0.0
14.0 28.0 0.0
14.0 30.0 0.0
14.0 32.0 0.0015951690168090546
14.0 34.0 0.03739648793847121
14.0 36.0 0.17104571795342194
14.0 38.0 0.30453190861297763
14.0 40.0 0.43888850966269377
14.0 42.0 0.4645900043138463
14.0 44.0 0.49499623108477336
14.0 46.0 0.5410996570494951
14.0 48.0 0.5566458837983598
14.0 50.0 0.5390711551518398
14.0 52.0 0.4779041843896393
14.0 54.0 0.3506579125401667
14.0 56.0 0.1535795890464385
14.0 58.0 0.0
14.0 60.0 0.0
14.0 62.0 0.0
14.0 64.0 0.0
14.0 66.0 0.0
14.0 68.0 0.0
14.0 70.0 0.0
14.0 72.0 0.0
14.0 74.0 0.0
14.0 76.0 0.0
14.0 78.0 0.0
14.0 80.0 0.0
14.0 82.0 0.0026844683309307587
14.0 84.0 0.0163755759217985
14.0 86.0 0.037972212395863895
14.0 88.0 0.05286228995629816
14.0 90.0 0.08250683896005052
14.0 92.0 0.10906249819245499
14.0 94.0 0.1468801458149457
14.0 96.0 0.1726668110902175
14.0 98.0 0.2005090962824538
14.0 100.0 0.2270810126672054
14.0 102.0 0.2530554404494917
14.0 104.0 0.0
14.0 106.0 0.0
14.0 108.0 0.0
14.0 110.0 0.0
14.0 112.0 0.0
14.0 114.0 0.0
14.0 116.0 0.0
14.0 118.0 0.0
14.0 120.0 0.0
14.0 122.0 0.0
14.0 124.0 0.0
14.0 126.0 0.0
16.0 0.0 0.0
16.0 2.0 0.0
16.0 4.0 0.0
16.0 6.0 0.0
16.0 8.0 0.0
16.0 10.0 0.0
16.0 12.0 0.0
16.0 14.0 0.0
16.0 16.0 0.0
16.0 18.0 0.0
16.0 20.0 0.0
16.0 22.0 0.07852615254317456
16.0 24.0 0.0
16.0 26.0 0.0
16.0 28.0 0.0
16.0 30.0 0.0
16.0 32.0 0.0
16.0 34.0 0.022586239025965058
16.0 36.0 0.14581795840526554
16.0 38.0 0.28003304494187137
16.0 40.0 0.3693958380225046
16.0 42.0 0.4461701301713828
16.0 44.0 0.47760507137289676
16.0 46.0 0.4645686542028262
16.0 48.0 0.5360606531758323
16.0 50.0 0.5277395591678848
16.0 52.0 0.4580776087885124
16.0 54.0 0.3030555691412532
16.0 56.0 0.12260316982869957
16.0 58.0 0.0
16.0 60.0 0.0
16.0 62.0 0.0
16.0 64.0 0.0
16.0 66.0 0.0
16.0 68.0 0.0
16.0 70.0 0.0
16.0 72.0 0.0
16.0 74.0 0.0
16.0 76.0 0.0
16.0 78.0 0.0
16.0 80.0 0.0
16.0 82.0 0.0
16.0 84.0 0.010560367922535438
16.0 86.0 0.03372505501747495
16.0 88.0 0.053354618585783935
16.0 90.0 0.08004998086069694
16.0 92.0 0.12464100653181691
16.0 94.0 0.17141909937891817
16.0 96.0 0.21479462340877373
16.0 98.0 0.2380228307456338
16.0 100.0 0.2592632080940573
16.0 102.0 0.26207841806064763
16.0 104.0 0.3001111260491089
16.0 106.0 0.0
16.0 108.0 0.0
16.0 110.0 0.0
16.0 112.0 0.0
16.0 114.0 0.0
16.0 116.0 0.0
16.0 118.0 0.0
16.0 120.0 0.0
16.0 122.0 0.0
16.0 124.0 0.0
16.0 126.0 0.0
18.0 0.0 0.0
18.0 2.0 0.0
18.0 4.0 0.0
18.0 6.0 0.0
18.0 8.0 0.0
18.0 10.0 0.0
18.0 12.0 0.0
18.0 14.0 0.0
18.0 16.0 0.0
18.0 18.0 0.0
18.0 20.0 0.06306344684831282
18.0 22.0 0.0
18.0 24.0 0.0
18.0 26.0 0.0
18.0 28.0 0.0
18.0 30.0 0.0
18.0 32.0 0.0
18.0 34.0 0.018205009788634825
18.0 36.0 0.12941456153302658
18.0 38.0 0.25432483068542705
18.0 40.0 0.3190667296998489
18.0 42.0 0.38069415083096175
18.0 44.0 0.4474494816631638
18.0 46.0 0.48286573914634695
18.0 48.0 0.48898339103950234
18.0 50.0 0.49963235474373474
18.0 52.0 0.4241516533800729
18.0 54.0 0.25674702597975085
18.0 56.0 0.10340201186244447
18.0 58.0 0.0
18.0 60.0 0.0
18.0 62.0 0.0
18.0 64.0 0.0
18.0 66.0 0.0
18.0 68.0 0.0
18.0 70.0 0.0
18.0 72.0 0.0
18.0 74.0 0.0
18.0 76.0 0.0
18.0 78.0 0.0
18.0 80.0 0.0
18.0 82.0 0.003276160791716149
18.0 84.0 0.008635299311937792
18.0 86.0 0.029706581911616584
18.0 88.0 0.06529961583545961
18.0 90.0 0.11182351138194703
18.0 92.0 0.17335165222136475
18.0 94.0 0.2330907937631037
18.0 96.0 0.26516239006191883
18.0 98.0 0.2781543084712385
18.0 100.0 0.28632253973979926
18.0 102.0 0.274464270695107
18.0 104.0 0.264045464866638
18.0 106.0 0.2956012390162864
18.0 108.0 0.0
18.0 110.0 0.0
18.0 112.0 0.0
18.0 114.0 0.0
18.0 116.0 0.0
18.0 118.0 0.0
18.0 120.0 0.0
18.0 122.0 0.0
18.0 124.0 0.0
18.0 126.0 0.0
20.0 0.0 0.0
20.0 2.0 0.0
20.0 4.0 0.0
20.0 6.0 0.0
20.0 8.0 0.0
20.0 10.0 0.0
20.0 12.0 0.0
20.0 14.0 0.0
20.0 16.0 0.0
20.0 18.0 0.030850595525554497
20.0 20.0 0.0
20.0 22.0 0.0
20.0 24.0 0.0
20.0 26.0 0.0
20.0 28.0 0.0
20.0 30.0 0.0
20.0 32.0 0.0
20.0 34.0 0.020325834813889453
20.0 36.0 0.11488418064347795
20.0 38.0 0.2311131466419646
20.0 40.0 0.27649303328186264
20.0 42.0 0.3202196388285262
20.0 44.0 0.3744176568792487
20.0 46.0 0.40953246265502347
20.0 48.0 0.44580714296354684
20.0 50.0 0.4160553510243958
20.0 52.0 0.3447713358841214
20.0 54.0 0.22561248771586484
20.0 56.0 0.08297456116116055
20.0 58.0 0.0
20.0 60.0 0.0
20.0 62.0 0.0
20.0 64.0 0.0
20.0 66.0 0.0
20.0 68.0 0.0
20.0 70.0 0.0
20.0 72.0 0.0
20.0 74.0 0.0
20.0 76.0 0.0
20.0 78.0 4.558536331223885E-4
20.0 80.0 0.004206641713522369
20.0 82.0 0.012164860006287892
20.0 84.0 0.022594623166540855
20.0 86.0 0.04225203484674738
20.0 88.0 0.10432032267338898
20.0 90.0 0.1761309845193313
20.0 92.0 0.24964748324066066
20.0 94.0 0.31007434691712193
20.0 96.0 0.32762757348773636
20.0 98.0 0.3245395856641465
20.0 100.0 0.3135230902706348
20.0 102.0 0.2837109556751217
20.0 104.0 0.24398137862419308
20.0 106.0 0.23448745771610027
20.0 108.0 0.1545122217342337
20.0 110.0 0.0
20.0 112.0 0.0
20.0 114.0 0.0
20.0 116.0 0.0
20.0 118.0 0.0
20.0 120.0 0.0
20.0 122.0 0.0
20.0 124.0 0.0
20.0 126.0 0.0
22.0 0.0 0.0
22.0 2.0 0.0
22.0 4.0 0.0
22.0 6.0 0.0
22.0 8.0 0.0
22.0 10.0 0.0
22.0 12.0 0.0
22.0 14.0 0.0
22.0 16.0 0.0
22.0 18.0 0.0
22.0 20.0 0.0
22.0 22.0 0.0
22.0 24.0 0.0
22.0 26.0 0.0
22.0 28.0 0.0
22.0 30.0 0.0
22.0 32.0 0.0
22.0 34.0 0.013543280172423434
22.0 36.0 0.08540242522681225
22.0 38.0 0.17494955479980648
22.0 40.0 0.25636331816125285
22.0 42.0 0.30381356646311286
22.0 44.0 0.33398117726498916
22.0 46.0 0.3494547126233636
22.0 48.0 0.35123613267649173
22.0 50.0 0.35529370029949847
22.0 52.0 0.27414438099243915
22.0 54.0 0.19017041388912295
22.0 56.0 0.06197188281197788
22.0 58.0 0.0
22.0 60.0 0.0
22.0 62.0 0.0
22.0 64.0 0.0
22.0 66.0 0.0
22.0 68.0 0.0
22.0 70.0 0.0
22.0 72.0 0.0
22.0 74.0 0.0
22.0 76.0 0.0
22.0 78.0 0.007058359468953769
22.0 80.0 0.02036333324340088
22.0 82.0 0.033005377073630236
22.0 84.0 0.04918336272479626
22.0 86.0 0.08186104005975677
22.0 88.0 0.16251829714106847
22.0 90.0 0.2591138395304872
22.0 92.0 0.34212633419255356
22.0 94.0 0.38048670345137664
22.0 96.0 0.38603552467501917
22.0 98.0 0.3687638255204356
22.0 100.0 0.3374363077252849
22.0 102.0 0.28530675272724587
22.0 104.0 0.2137724234393895
22.0 106.0 0.16192696799232564
22.0 108.0 0.07363880714530892
22.0 110.0 0.0
22.0 112.0 0.0
22.0 114.0 0.0
22.0 116.0 0.0
22.0 118.0 0.0
22.0 120.0 0.0
22.0 122.0 0.0
22.0 124.0 0.0
22.0 126.0 0.0
24.0 0.0 0.0
24.0 2.0 0.0
24.0 4.0 0.0
24.0 6.0 0.0
24.0 8.0 0.0
24.0 10.0 0.0
24.0 12.0 0.0
24.0 14.0 0.0
24.0 16.0 0.0
24.0 18.0 0.0
24.0 20.0 0.0
24.0 22.0 0.0
24.0 24.0 0.0
24.0 26.0 0.0
24.0 28.0 0.0
24.0 30.0 0.0
24.0 32.0 0.0
24.0 34.0 0.0018035543012835196
24.0 36.0 0.032991994814942895
24.0 38.0 0.11522581403690191
24.0 40.0 0.16058086336271704
24.0 42.0 0.20441177953630765
24.0 44.0 0.24307911325455242
24.0 46.0 0.25902081818200456
24.0 48.0 0.258506012400636
24.0 50.0 0.24329383440358202
24.0 52.0 0.17996630963686844
24.0 54.0 0.12948189939422122
24.0 56.0 0.03201413209289718
24.0 58.0 0.0
24.0 60.0 0.0
24.0 62.0 0.0
24.0 64.0 0.0
24.0 66.0 0.0
24.0 68.0 0.0
24.0 70.0 0.0
24.0 72.0 0.0
24.0 74.0 0.0
24.0 76.0 0.0027855389908166797
24.0 78.0 0.019361369178814366
24.0 80.0 0.0365104109092815
24.0 82.0 0.05506448820906829
24.0 84.0 0.08422055322710549
24.0 86.0 0.1261582904793558
24.0 88.0 0.19114638790445793
24.0 90.0 0.3056691653485735
24.0 92.0 0.39406059972096935
24.0 94.0 0.43280091900481593
24.0 96.0 0.429684168899666
24.0 98.0 0.3981320231898573
24.0 100.0 0.3490034449322117
24.0 102.0 0.2710072220260362
24.0 104.0 0.16521711028762723
24.0 106.0 0.0866470147467795
24.0 108.0 0.012123225328808227
24.0 110.0 0.0
24.0 112.0 0.0
24.0 114.0 0.0
24.0 116.0 0.0
24.0 118.0 0.0
24.0 120.0 0.0
24.0 122.0 0.0
24.0 124.0 0.0
24.0 126.0 0.0
26.0 0.0 0.0
26.0 2.0 0.0
26.0 4.0 0.0
26.0 6.0 0.0
26.0 8.0 0.0
26.0 10.0 0.0
26.0 12.0 0.0
26.0 14.0 0.0
26.0 16.0 0.0
26.0 18.0 0.0
26.0 20.0 0.0
26.0 22.0 0.0
26.0 24.0 0.0
26.0 26.0 0.0
26.0 28.0 0.0
26.0 30.0 0.0
26.0 32.0 0.0
26.0 34.0 0.0
26.0 36.0 0.0016507905718813772
26.0 38.0 0.020230225962945533
26.0 40.0 0.06427196474799098
26.0 42.0 0.10283650803206844
26.0 44.0 0.13207016160693766
26.0 46.0 0.14966984217965718
26.0 48.0 0.1540483764980629
26.0 50.0 0.11538703139888397
26.0 52.0 0.07461899044479374
26.0 54.0 0.05706004258073796
26.0 56.0 0.013598480343267537
26.0 58.0 7.41925732635092E-4
26.0 60.0 0.0
26.0 62.0 0.0
26.0 64.0 0.0
26.0 66.0 0.0
26.0 68.0 0.0
26.0 70.0 0.0
26.0 72.0 0.0
26.0 74.0 0.0
26.0 76.0 0.011412512700761579
26.0 78.0 0.046693751906848546
26.0 80.0 0.08039864900108301
26.0 82.0 0.09984098913578886
26.0 84.0 0.1222208647507275
26.0 86.0 0.15979187718630064
26.0 88.0 0.24123804115964373
26.0 90.0 0.3524781883647434
26.0 92.0 0.4258361352221325
26.0 94.0 0.4630629022636746
26.0 96.0 0.45439030224892846
26.0 98.0 0.40981039024344407
26.0 100.0 0.33944712421930207
26.0 102.0 0.2297849576158967
26.0 104.0 0.10273542797048839
26.0 106.0 0.02730592437543633
26.0 108.0 0.0
26.0 110.0 0.0
26.0 112.0 0.0
26.0 114.0 0.0
26.0 116.0 0.0
26.0 118.0 0.0
26.0 120.0 0.0
26.0 122.0 0.0
26.0 124.0 0.0
26.0 126.0 0.0
28.0 0.0 0.0
28.0 2.0 0.0
28.0 4.0 0.0
28.0 6.0 0.0
28.0 8.0 0.0
28.0 10.0 0.0
28.0 12.0 0.0
28.0 14.0 0.0
28.0 16.0 0.0
28.0 18.0 0.0
28.0 20.0 0.0
28.0 22.0 0.0
28.0 24.0 0.0
28.0 26.0 0.0
28.0 28.0 0.0
28.0 30.0 0.0
28.0 32.0 0.0
28.0 34.0 0.0
28.0 36.0 0.0
28.0 38.0 0.0
28.0 40.0 9.395283686525225E-6
28.0 42.0 0.007130029545617217
28.0 44.0 0.01667651306087441
28.0 46.0 0.024367930931191398
28.0 48.0 0.03056023577208496
28.0 50.0 0.016844601770162886
28.0 52.0 0.006943734828214198
28.0 54.0 0.013768967382708714
28.0 56.0 0.016076974168071245
28.0 58.0 0.0031659588999499353
28.0 60.0 0.0
28.0 62.0 0.0
28.0 64.0 0.0
28.0 66.0 0.0
28.0 68.0 0.0043549531875178545
28.0 70.0 0.020340946771261924
28.0 72.0 0.02092723292813775
28.0 74.0 0.028589865055168504
28.0 76.0 0.07710944680833283
28.0 78.0 0.12482667371676855
28.0 80.0 0.13865116170379474
28.0 82.0 0.14560408643776082
28.0 84.0 0.158621526739513
28.0 86.0 0.18702821821724225
28.0 88.0 0.24748567051635573
28.0 90.0 0.35934956072684415
28.0 92.0 0.4172292458427349
28.0 94.0 0.4509099972532036
28.0 96.0 0.43793145428584906
28.0 98.0 0.3838101972145708
28.0 100.0 0.29731101480760364
28.0 102.0 0.17070698950480287
28.0 104.0 0.045420279166746534
28.0 106.0 0.0
28.0 108.0 0.0
28.0 110.0 0.0
28.0 112.0 0.0
28.0 114.0 0.0
28.0 116.0 0.0
28.0 118.0 0.0
28.0 120.0 0.0
28.0 122.0 0.0
28.0 124.0 0.0
28.0 126.0 0.0
30.0 0.0 0.0
30.0 2.0 0.0
30.0 4.0 0.0
30.0 6.0 0.0
30.0 8.0 0.0
30.0 10.0 0.0
30.0 12.0 0.0
30.0 14.0 0.0
30.0 16.0 0.0
30.0 18.0 0.0
30.0 20.0 0.0
30.0 22.0 0.0
30.0 24.0 0.0
30.0 26.0 0.0
30.0 28.0 0.0
30.0 30.0 0.0
30.0 32.0 0.0
30.0 34.0 0.0
30.0 36.0 0.0
30.0 38.0 0.0
30.0 40.0 0.0
30.0 42.0 0.0
30.0 44.0 0.0
30.0 46.0 0.0
30.0 48.0 0.0
30.0 50.0 0.0
30.0 52.0 0.0
30.0 54.0 0.005005654514187355
30.0 56.0 0.01813463413679085
30.0 58.0 0.016732251912424004
30.0 60.0 0.009104736953991957
30.0 62.0 0.007274509455257834
30.0 64.0 0.01018151961917686
30.0 66.0 0.0224223354383576
30.0 68.0 0.06439754027940861
30.0 70.0 0.0957891845903906
30.0 72.0 0.14390970615042228
30.0 74.0 0.18990440505601167
30.0 76.0 0.22473515209698944
30.0 78.0 0.24611948536361827
30.0 80.0 0.2146506446225855
30.0 82.0 0.19744747493268777
30.0 84.0 0.19069370743030953
30.0 86.0 0.20559395498691047
30.0 88.0 0.2422383174062115
30.0 90.0 0.3370201071386301
30.0 92.0 0.37737040111213643
30.0 94.0 0.3949470311570309
30.0 96.0 0.3746812936600737
30.0 98.0 0.3257218213581716
30.0 100.0 0.2223685143852923
30.0 102.0 0.09735561941502273
30.0 104.0 0.0038506358265840146
30.0 106.0 0.0
30.0 108.0 0.0
30.0 110.0 0.0
30.0 112.0 0.0
30.0 114.0 0.0
30.0 116.0 0.0
30.0 118.0 0.0
30.0 120.0 0.0
30.0 122.0 0.0
30.0 124.0 0.0
30.0 126.0 0.0
32.0 0.0 0.0
32.0 2.0 0.0
32.0 4.0 0.0
32.0 6.0 0.0
32.0 8.0 0.0
32.0 10.0 0.0
32.0 12.0 0.0
32.0 14.0 0.0
32.0 16.0 0.0
32.0 18.0 0.009378790743656875
32.0 20.0 0.08641003844033429
32.0 22.0 0.09951994015059486
32.0 24.0 0.06126226251077688
32.0 26.0 0.006600190580066201
32.0 28.0 0.0
32.0 30.0 0.0
32.0 32.0 0.0
32.0 34.0 0.0
32.0 36.0 0.0
32.0 38.0 0.0
32.0 40.0 0.0
32.0 42.0 0.0
32.0 44.0 0.0
32.0 46.0 0.0
32.0 48.0 0.0
32.0 50.0 0.0
32.0 52.0 0.0
32.0 54.0 0.004829187231292594
32.0 56.0 0.020196057078752296
32.0 58.0 0.03127930104538489
32.0 60.0 0.03701701504230662
32.0 62.0 0.0484469521585624
32.0 64.0 0.0719271586391987
32.0 66.0 0.10530887838727733
32.0 68.0 0.148034020846857
32.0 70.0 0.1881393300921597
32.0 72.0 0.21931356611229555
32.0 74.0 0.25889735263203395
32.0 76.0 0.2943871737457932
32.0 78.0 0.30975789133330983
32.0 80.0 0.2986187390055465
32.0 82.0 0.2811813450386317
32.0 84.0 0.2546786941503552
32.0 86.0 0.2430159991380438
32.0 88.0 0.25017634385115467
32.0 90.0 0.2729702735070079
32.0 92.0 0.301425812750212
32.0 94.0 0.30958137566847455
32.0 96.0 0.2924081188314565
32.0 98.0 0.23507241493163647
32.0 100.0 0.11850162968266381
32.0 102.0 0.017480229104758747
32.0 104.0 0.0
32.0 106.0 0.0
32.0 108.0 0.0
32.0 110.0 0.0
32.0 112.0 0.0
32.0 114.0 0.0
32.0 116.0 0.0
32.0 118.0 0.0
32.0 120.0 0.0
32.0 122.0 0.0
32.0 124.0 0.0
32.0 126.0 0.0
34.0 0.0 0.0
34.0 2.0 0.0
34.0 4.0 0.0
34.0 6.0 0.0
34.0 8.0 0.0
34.0 10.0 0.0
34.0 12.0 0.0
34.0 14.0 0.04716151359442189
34.0 16.0 0.18891547241063977
34.0 18.0 0.27138566130732156
34.0 20.0 0.25594818943277886
34.0 22.0 0.22173529343858397
34.0 24.0 0.1729002026124801
34.0 26.0 0.0874724215384823
34.0 28.0 0.005716805082753265
34.0 30.0 0.0
34.0 32.0 0.0
34.0 34.0 0.0
34.0 36.0 0.0
34.0 38.0 0.0
34.0 40.0 0.0
34.0 42.0 0.0
34.0 44.0 0.0
34.0 46.0 0.0
34.0 48.0 0.0
34.0 50.0 0.0
34.0 52.0 0.0
34.0 54.0 0.005693338622485195
34.0 56.0 0.020813745102453086
34.0 58.0 0.033529070666333004
34.0 60.0 0.047619965817526956
34.0 62.0 0.07564520206686232
34.0 64.0 0.12315154216240766
34.0 66.0 0.1798647247797871
34.0 68.0 0.2196307812641228
34.0 70.0 0.2511485190889047
34.0 72.0 0.28411273366148737
34.0 74.0 0.311997608229412
34.0 76.0 0.33659591481679757
34.0 78.0 0.3468540283136308
34.0 80.0 0.33562677986895667
34.0 82.0 0.3082456832929104
34.0 84.0 0.2742423718373123
34.0 86.0 0.24150168297611405
34.0 88.0 0.21901699199430993
34.0 90.0 0.21184526105728882
34.0 92.0 0.21734233783476675
34.0 94.0 0.21158606105117325
34.0 96.0 0.17958776532861442
34.0 98.0 0.10290187035436847
34.0 100.0 0.017773258762139386
34.0 102.0 0.0
34.0 104.0 0.0
34.0 106.0 0.0
34.0 108.0 0.0
34.0 110.0 0.0
34.0 112.0 0.0
34.0 114.0 0.0
34.0 116.0 0.0
34.0 118.0 0.0
34.0 120.0 0.0
34.0 122.0 0.0
34.0 124.0 0.0
34.0 126.0 0.0
36.0 0.0 0.0
36.0 2.0 0.0
36.0 4.0 0.0
36.0 6.0 0.0
36.0 8.0 0.0
36.0 10.0 0.0
36.0 12.0 0.04088929586052611
36.0 14.0 0.21689415860255845
36.0 16.0 0.33928489293591246
36.0 18.0 0.3916364168378217
36.0 20.0 0.3454201980399596
36.0 22.0 0.2932487156969237
36.0 24.0 0.2361577094095668
36.0 26.0 0.1455796251509772
36.0 28.0 0.045817151487354595
36.0 30.0 0.0
36.0 32.0 0.0
36.0 34.0 0.0
36.0 36.0 0.0
36.0 38.0 0.0
36.0 40.0 0.0
36.0 42.0 0.0
36.0 44.0 0.0
36.0 46.0 0.0
36.0 48.0 0.0
36.0 50.0 0.0
36.0 52.0 0.0
36.0 54.0 0.00912056431620968
36.0 56.0 0.02146404397536049
36.0 58.0 0.02792434147623743
36.0 60.0 0.03609984634908451
36.0 62.0 0.05995523112705658
36.0 64.0 0.10188074514282587
36.0 66.0 0.17202314084819356
36.0 68.0 0.2389389121444709
36.0 70.0 0.28276539552319174
36.0 72.0 0.3188776552104067
36.0 74.0 0.34956415842037886
36.0 76.0 0.3669306453740551
36.0 78.0 0.37326497698066413
36.0 80.0 0.35966806076506525
36.0 82.0 0.32307715075601556
36.0 84.0 0.2745970507833027
36.0 86.0 0.2234563979007167
36.0 88.0 0.17494430538894504
36.0 90.0 0.12731457009129346
36.0 92.0 0.10192609403375046
36.0 94.0 0.0800486837206646
36.0 96.0 0.04557829336622261
36.0 98.0 0.0020274565388202375
36.0 100.0 0.0
36.0 102.0 0.0
36.0 104.0 0.0
36.0 106.0 0.0
36.0 108.0 0.0
36.0 110.0 0.0
36.0 112.0 0.0
36.0 114.0 0.0
36.0 116.0 0.0
36.0 118.0 0.0
36.0 120.0 0.0
36.0 122.0 0.0
36.0 124.0 0.0
36.0 126.0 0.0
38.0 0.0 0.0
38.0 2.0 0.0
38.0 4.0 0.0
38.0 6.0 0.0
38.0 8.0 0.0
38.0 10.0 0.06029956242073758
38.0 12.0 0.23683589170791816
38.0 14.0 0.369497230086733
38.0 16.0 0.45258871965262965
38.0 18.0 0.47082614051207394
38.0 20.0 0.41102509068719284
38.0 22.0 0.35504709333285817
38.0 24.0 0.29273745961393355
38.0 26.0 0.19790407548631317
38.0 28.0 0.0851211039271302
38.0 30.0 0.0
38.0 32.0 0.0
38.0 34.0 0.0
38.0 36.0 0.0
38.0 38.0 0.0
38.0 40.0 0.0
38.0 42.0 0.0
38.0 44.0 0.0
38.0 46.0 0.0
38.0 48.0 0.0
38.0 50.0 0.0
38.0 52.0 0.0
38.0 54.0 0.00439745110661961
38.0 56.0 0.011097479895866973
38.0 58.0 0.014149122054225005
38.0 60.0 0.016921402947611186
38.0 62.0 0.027174192384989238
38.0 64.0 0.04933710596734243
38.0 66.0 0.10957605643493272
38.0 68.0 0.19810504915614816
38.0 70.0 0.2874041887615338
38.0 72.0 0.34358628415977366
38.0 74.0 0.3785124332653587
38.0 76.0 0.3928345971012171
38.0 78.0 0.39498533733120844
38.0 80.0 0.3768118948536654
38.0 82.0 0.332974707415711
38.0 84.0 0.27248326054946265
38.0 86.0 0.1978230672169505
38.0 88.0 0.10572938086736365
38.0 90.0 0.04297446867624257
38.0 92.0 0.01748808713733076
38.0 94.0 8.044510658284433E-4
38.0 96.0 0.0
38.0 98.0 0.0
38.0 100.0 0.0
38.0 102.0 0.0
38.0 104.0 0.0
38.0 106.0 0.0
38.0 108.0 0.0
38.0 110.0 0.0
38.0 112.0 0.0
38.0 114.0 0.0
38.0 116.0 0.0
38.0 118.0 0.0
38.0 120.0 0.0
38.0 122.0 0.0
38.0 124.0 0.0
38.0 126.0 0.0
40.0 0.0 0.0
40.0 2.0 0.0
40.0 4.0 0.0
40.0 6.0 0.0
40.0 8.0 0.0010791123412922504
40.0 10.0 0.12416486901999435
40.0 12.0 0.2947322326791331
40.0 14.0 0.41663275384931225
40.0 16.0 0.49440893119897195
40.0 18.0 0.5128466311979231
40.0 20.0 0.4910399018489384
40.0 22.0 0.44448228225392605
40.0 24.0 0.333119480530136
40.0 26.0 0.24213514762932176
40.0 28.0 0.1309333896045957
40.0 30.0 6.772976322136263E-4
40.0 32.0 0.0
40.0 34.0 0.0
40.0 36.0 0.0
40.0 38.0 0.0
40.0 40.0 0.0
40.0 42.0 0.0
40.0 44.0 0.0
40.0 46.0 0.0
40.0 48.0 0.0
40.0 50.0 0.0
40.0 52.0 0.0
40.0 54.0 9.432928429036785E-4
40.0 56.0 0.0035758012183785466
40.0 58.0 0.004040193363288788
40.0 60.0 0.005085130901413525
40.0 62.0 0.008729018827817903
40.0 64.0 0.02255483477816922
40.0 66.0 0.06526153382397258
40.0 68.0 0.15344854295594174
40.0 70.0 0.264348561074404
40.0 72.0 0.3487611242356074
40.0 74.0 0.3930018856534616
40.0 76.0 0.4137286126990138
40.0 78.0 0.4114521189015206
40.0 80.0 0.3874294321772905
40.0 82.0 0.3343362133953079
40.0 84.0 0.25803048132690826
40.0 86.0 0.1570832929041213
40.0 88.0 0.04900301874020211
40.0 90.0 0.0
40.0 92.0 0.0
40.0 94.0 0.0
40.0 96.0 0.0
40.0 98.0 0.0
40.0 100.0 0.0
40.0 102.0 0.0
40.0 104.0 0.0
40.0 106.0 0.0
40.0 108.0 0.0
40.0 110.0 0.0
40.0 112.0 0.0
40.0 114.0 0.0
40.0 116.0 0.0
40.0 118.0 0.0
40.0 120.0 0.0
40.0 122.0 0.03407334090635889
40.0 124.0 0.0
40.0 126.0 0.0
42.0 0.0 0.0
42.0 2.0 0.0
42.0 4.0 0.016819506885134335
42.0 6.0 4.674925443234378E-5
42.0 8.0 0.05104444002431822
42.0 10.0 0.1838237405083064
42.0 12.0 0.3213469295959666
42.0 14.0 0.49662704302713667
42.0 16.0 0.5529592156301534
42.0 18.0 0.559801233555919
42.0 20.0 0.5029033546372571
42.0 22.0 0.44648609456431515
42.0 24.0 0.38218886843252436
42.0 26.0 0.2812124642979658
42.0 28.0 0.16982199475067958
42.0 30.0 0.03007618326567237
42.0 32.0 0.0
42.0 34.0 0.0
42.0 36.0 0.0
42.0 38.0 0.0
42.0 40.0 0.0
42.0 42.0 0.0
42.0 44.0 0.0
42.0 46.0 0.0
42.0 48.0 0.0
42.0 50.0 0.0
42.0 52.0 0.0
42.0 54.0 0.0
42.0 56.0 0.0
42.0 58.0 0.0
42.0 60.0 0.0
42.0 62.0 0.0018937748989713125
42.0 64.0 0.011360598177565183
42.0 66.0 0.05125267346542021
42.0 68.0 0.1165487235504629
42.0 70.0 0.22402899343786806
42.0 72.0 0.330642355277662
42.0 74.0 0.38716402554958346
42.0 76.0 0.40966788945106924
42.0 78.0 0.40902697593786835
42.0 80.0 0.37930283592379405
42.0 82.0 0.32497199090300116
42.0 84.0 0.24564786114575857
42.0 86.0 0.11003319839102488
42.0 88.0 0.007608033087965506
42.0 90.0 0.0
42.0 92.0 0.0
42.0 94.0 0.0
42.0 96.0 0.0
42.0 98.0 0.0
42.0 100.0 0.0
42.0 102.0 0.0
42.0 104.0 0.0
42.0 106.0 0.0
42.0 108.0 0.0
42.0 110.0 0.0
42.0 112.0 0.0
42.0 114.0 0.0
42.0 116.0 0.0
42.0 118.0 0.004990711904768738
42.0 120.0 0.0384830227935705
42.0 122.0 0.14033185847392088
42.0 124.0 0.0
42.0 126.0 0.0
44.0 0.0 0.0
44.0 2.0 0.0
44.0 4.0 0.040714105651981906
44.0 6.0 0.009456012585293676
44.0 8.0 0.06624931708466698
44.0 10.0 0.184346045092444
44.0 12.0 0.35487839494772655
44.0 14.0 0.5103746613590029
44.0 16.0 0.5572034468902709
44.0 18.0 0.5413153854507755
44.0 20.0 0.5362626203904582
44.0 22.0 0.492052589596506
44.0 24.0 0.39565163629223093
44.0 26.0 0.31345146331840784
44.0 28.0 0.2179361925137823
44.0 30.0 0.06344290913001434
44.0 32.0 0.0
44.0 34.0 0.0
44.0 36.0 0.0
44.0 38.0 0.0
44.0 40.0 0.0
44.0 42.0 0.0
44.0 44.0 0.0
44.0 46.0 0.0
44.0 48.0 0.0
44.0 50.0 0.0
44.0 52.0 0.0
44.0 54.0 0.0
44.0 56.0 0.0
44.0 58.0 0.0
44.0 60.0 0.0
44.0 62.0 0.0
44.0 64.0 0.003258156747531274
44.0 66.0 0.02845355000158666
44.0 68.0 0.10063466304191189
44.0 70.0 0.1967151016136347
44.0 72.0 0.2932793499077742
44.0 74.0 0.35948370485111975
44.0 76.0 0.38636200314346225
44.0 78.0 0.4019084222862879
44.0 80.0 0.38338334954410064
44.0 82.0 0.3116265150942813
44.0 84.0 0.1914639723695799
44.0 86.0 0.05665457075950609
44.0 88.0 0.0
44.0 90.0 0.0
44.0 92.0 0.0
44.0 94.0 0.0
44.0 96.0 0.0
44.0 98.0 0.0
44.0 100.0 0.0
44.0 102.0 0.0
44.0 104.0 0.0
44.0 106.0 0.0
44.0 108.0 0.0
44.0 110.0 0.0
44.0 112.0 0.0
44.0 114.0 0.0
44.0 116.0 0.006531235732520337
44.0 118.0 0.040549237056346034
44.0 120.0 0.12421988741938195
44.0 122.0 0.21320493256780768
44.0 124.0 0.0
44.0 126.0 0.0
46.0 0.0 0.0
46.0 2.0 0.0
46.0 4.0 0.053057491947251297
46.0 6.0 0.018113403457190595
46.0 8.0 0.06931192676555926
46.0 10.0 0.17538215963310913
46.0 12.0 0.3372587939538361
46.0 14.0 0.46111305923303497
46.0 16.0 0.5035240934130237
46.0 18.0 0.49945181578970893
46.0 20.0 0.5103595414459462
46.0 22.0 0.49745856215097056
46.0 24.0 0.4037662061592537
46.0 26.0 0.336332544156809
46.0 28.0 0.25699578388085453
46.0 30.0 0.09923658128399378
46.0 32.0 0.0
46.0 34.0 0.0
46.0 36.0 0.0
46.0 38.0 0.0
46.0 40.0 0.0
46.0 42.0 0.0
46.0 44.0 0.0
46.0 46.0 0.0
46.0 48.0 0.0
46.0 50.0 0.0
46.0 52.0 0.0
46.0 54.0 0.0
46.0 56.0 0.0
46.0 58.0 0.0
46.0 60.0 0.0
46.0 62.0 0.0
46.0 64.0 3.7601860943322127E-4
46.0 66.0 0.012224489376522207
46.0 68.0 0.07293598105110703
46.0 70.0 0.17153794205069253
46.0 72.0 0.2581890544940308
46.0 74.0 0.32147504370918756
46.0 76.0 0.3524289708845904
46.0 78.0 0.36272096080203314
46.0 80.0 0.3397305399471721
46.0 82.0 0.26198919455867237
46.0 84.0 0.14174567749832437
46.0 86.0 0.010252065389652119
46.0 88.0 0.0
46.0 90.0 0.0
46.0 92.0 0.0
46.0 94.0 0.0
46.0 96.0 0.0
46.0 98.0 0.0
46.0 100.0 0.0
46.0 102.0 0.0
46.0 104.0 0.0
46.0 106.0 0.0
46.0 108.0 0.0
46.0 110.0 0.0
46.0 112.0 0.0
46.0 114.0 0.007659495703643346
46.0 116.0 0.034166256211858974
46.0 118.0 0.0923085272098045
46.0 120.0 0.17450984510061027
46.0 122.0 0.24204949486486052
46.0 124.0 0.3035272972840861
46.0 126.0 0.0
48.0 0.0 0.0
48.0 2.0 0.0738360955020413
48.0 4.0 0.01028852503484536
48.0 6.0 0.00930304135128142
48.0 8.0 0.03497216539178098
48.0 10.0 0.11412658381615796
48.0 12.0 0.19484731859126883
48.0 14.0 0.30010230474300986
48.0 16.0 0.36585576330171893
48.0 18.0 0.4158669451804975
48.0 20.0 0.4571289192286694
48.0 22.0 0.46345020650344554
48.0 24.0 0.41214746298068383
48.0 26.0 0.3514792437734233
48.0 28.0 0.2863681380417962
48.0 30.0 0.13447563019151607
48.0 32.0 0.0
48.0 34.0 0.0
48.0 36.0 0.0
48.0 38.0 0.0
48.0 40.0 0.0
48.0 42.0 0.0
48.0 44.0 0.0
48.0 46.0 0.0
48.0 48.0 0.0
48.0 50.0 0.0
48.0 52.0 0.0
48.0 54.0 0.0
48.0 56.0 0.0
48.0 58.0 0.0
48.0 60.0 0.0
48.0 62.0 0.0
48.0 64.0 0.0
48.0 66.0 0.005851947024253637
48.0 68.0 0.050293474012601654
48.0 70.0 0.1264158141262533
48.0 72.0 0.20188132609265116
48.0 74.0 0.2664015287374356
48.0 76.0 0.30155570336733467
48.0 78.0 0.3077465629814007
48.0 80.0 0.2758210529410539
48.0 82.0 0.20574949998513833
48.0 84.0 0.09474231855732206
48.0 86.0 0.0
48.0 88.0 0.0
48.0 90.0 0.0
48.0 92.0 0.0
48.0 94.0 0.0
48.0 96.0 0.0
48.0 98.0 0.0
48.0 100.0 0.0
48.0 102.0 0.0
48.0 104.0 0.0
48.0 106.0 0.0
48.0 108.0 0.0
48.0 110.0 0.0
48.0 112.0 0.007773616469872023
48.0 114.0 0.026627520170040858
48.0 116.0 0.06256736594296794
48.0 118.0 0.12570524014599954
48.0 120.0 0.1888251080203114
48.0 122.0 0.23775186193585207
48.0 124.0 0.29567218673660234
48.0 126.0 0.0
50.0 0.0 0.0
50.0 2.0 0.08829745618159628
50.0 4.0 0.017486723016598548
50.0 6.0 0.004860316679866781
50.0 8.0 0.01377429531268042
50.0 10.0 0.02652572531448734
50.0 12.0 0.09299054643365877
50.0 14.0 0.20831444400352292
50.0 16.0 0.2799557284903535
50.0 18.0 0.3351413654458517
50.0 20.0 0.38530707935095626
50.0 22.0 0.4093133005472381
50.0 24.0 0.40475247705475303
50.0 26.0 0.37310211461595894
50.0 28.0 0.3024828640541428
50.0 30.0 0.16191271889190487
50.0 32.0 0.01873790215351798
50.0 34.0 0.0
50.0 36.0 0.0
50.0 38.0 0.0
50.0 40.0 0.0
50.0 42.0 0.0
50.0 44.0 0.0
50.0 46.0 0.0
50.0 48.0 0.0
50.0 50.0 0.0
50.0 52.0 0.0
50.0 54.0 0.0
50.0 56.0 0.0
50.0 58.0 0.0
50.0 60.0 0.0
50.0 62.0 0.0
50.0 64.0 0.0
50.0 66.0 0.0022230727849029534
50.0 68.0 0.0269602454271326
50.0 70.0 0.052967974894224425
50.0 72.0 0.12419387610736148
50.0 74.0 0.18933335360383663
50.0 76.0 0.22318967792708352
50.0 78.0 0.23218105891945595
50.0 80.0 0.2084097109402219
50.0 82.0 0.1490167757272627
50.0 84.0 0.06020709588252251
50.0 86.0 0.0
50.0 88.0 0.0
50.0 90.0 0.0
50.0 92.0 0.0
50.0 94.0 0.0
50.0 96.0 0.0
50.0 98.0 0.0
50.0 100.0 0.0
50.0 102.0 0.0
50.0 104.0 0.0
50.0 106.0 0.0
50.0 108.0 5.618860384197665E-4
50.0 110.0 0.008503791419802524
50.0 112.0 0.026993790278514396
50.0 114.0 0.05125997797467455
50.0 116.0 0.0865815887346786
50.0 118.0 0.13241709193510645
50.0 120.0 0.17483389218290346
50.0 122.0 0.20915629205281097
50.0 124.0 0.26214103156534724
50.0 126.0 0.0
52.0 0.0 0.0
52.0 2.0 0.09436510443357794
52.0 4.0 0.013643694081262904
52.0 6.0 0.0
52.0 8.0 0.0
52.0 10.0 0.007108853746104696
52.0 12.0 0.045862740615449475
52.0 14.0 0.14629995739870047
52.0 16.0 0.2176813348206674
52.0 18.0 0.2746976430980879
52.0 20.0 0.33018740362831017
52.0 22.0 0.37522933865553076
52.0 24.0 0.3771517623977734
52.0 26.0 0.3428870481519452
52.0 28.0 0.27892564606873693
52.0 30.0 0.18086869210228138
52.0 32.0 0.051065914925140864
52.0 34.0 0.0
52.0 36.0 0.0
52.0 38.0 0.0
52.0 40.0 0.0
52.0 42.0 0.0
52.0 44.0 0.0
52.0 46.0 0.0
52.0 48.0 0.0
52.0 50.0 0.0
52.0 52.0 0.0
52.0 54.0 0.0
52.0 56.0 0.0
52.0 58.0 0.0
52.0 60.0 0.0
52.0 62.0 0.0
52.0 64.0 0.0
52.0 66.0 0.0
52.0 68.0 0.0
52.0 70.0 0.001869114692132346
52.0 72.0 0.03810379683267715
52.0 74.0 0.10474084992199169
52.0 76.0 0.14826101710492248
52.0 78.0 0.1581375747022942
52.0 80.0 0.14238217953511575
52.0 82.0 0.10232148404447126
52.0 84.0 0.03485652065189868
52.0 86.0 0.0
52.0 88.0 0.0
52.0 90.0 0.0
52.0 92.0 0.0
52.0 94.0 0.0
52.0 96.0 0.0
52.0 98.0 0.0
52.0 100.0 0.0
52.0 102.0 0.0
52.0 104.0 0.0
52.0 106.0 0.0032142483926188114
52.0 108.0 0.019963108556832147
52.0 110.0 0.039656329936074666
52.0 112.0 0.05605418743180061
52.0 114.0 0.07965189797343829
52.0 116.0 0.10043489633230439
52.0 118.0 0.12042080855041859
52.0 120.0 0.14028479032688973
52.0 122.0 0.15763750392974388
52.0 124.0 0.19582189571440833
52.0 126.0 0.0
54.0 0.0 0.0
54.0 2.0 0.06987136311436702
54.0 4.0 0.004560974925906246
54.0 6.0 0.0
54.0 8.0 0.0
54.0 10.0 0.0016154207745534591
54.0 12.0 0.02561852900085552
54.0 14.0 0.09525598342187146
54.0 16.0 0.1689117565020215
54.0 18.0 0.2293374349778112
54.0 20.0 0.28955213495907545
54.0 22.0 0.3364086211484771
54.0 24.0 0.34186565198039376
54.0 26.0 0.3147717434503825
54.0 28.0 0.26080290773922243
54.0 30.0 0.1808386517916121
54.0 32.0 0.07149758002608077
54.0 34.0 0.002609523364631005
54.0 36.0 0.0
54.0 38.0 0.0
54.0 40.0 0.0
54.0 42.0 0.0
54.0 44.0 0.0
54.0 46.0 0.0028332455955825124
54.0 48.0 0.0
54.0 50.0 0.0
54.0 52.0 0.0
54.0 54.0 0.0
54.0 56.0 0.0
54.0 58.0 0.0
54.0 60.0 0.0
54.0 62.0 0.0
54.0 64.0 0.0
54.0 66.0 0.0
54.0 68.0 0.0
54.0 70.0 0.0
54.0 72.0 0.0
54.0 74.0 0.014911051293077042
54.0 76.0 0.0877189081809255
54.0 78.0 0.09714228420186984
54.0 80.0 0.08636106752594735
54.0 82.0 0.057931562206363106
54.0 84.0 0.017056875265302418
54.0 86.0 3.4909227561652923E-4
54.0 88.0 0.0
54.0 90.0 0.0
54.0 92.0 0.0
54.0 94.0 0.0
54.0 96.0 0.0
54.0 98.0 0.0
54.0 100.0 3.2814795137238776E-4
54.0 102.0 0.008594222894978595
54.0 104.0 0.021799648245639503
54.0 106.0 0.04382955896441453
54.0 108.0 0.09178652462824123
54.0 110.0 0.10745443628443618
54.0 112.0 0.10650117666460279
54.0 114.0 0.10016241601058055
54.0 116.0 0.08859603417128435
54.0 118.0 0.08430812350904804
54.0 120.0 0.08696646933380836
54.0 122.0 0.08735508010372188
54.0 124.0 0.08645592692376436
54.0 126.0 0.12410466401047464
56.0 0.0 0.0
56.0 2.0 0.015130932563087061
56.0 4.0 0.0
56.0 6.0 0.0
56.0 8.0 0.0
56.0 10.0 0.0
56.0 12.0 0.008150526310956585
56.0 14.0 0.05875033780729915
56.0 16.0 0.12150303023175452
56.0 18.0 0.18496133248350136
56.0 20.0 0.24264134224588788
56.0 22.0 0.2865083313171554
56.0 24.0 0.29836170946954116
56.0 26.0 0.2747389178497468
56.0 28.0 0.2302611795011272
56.0 30.0 0.16385849234938973
56.0 32.0 0.07976165152734822
56.0 34.0 0.017829890868205172
56.0 36.0 0.0
56.0 38.0 0.0
56.0 40.0 0.0
56.0 42.0 0.007668977125478197
56.0 44.0 0.02917058410729308
56.0 46.0 0.038614338444039074
56.0 48.0 0.0
56.0 50.0 0.0
56.0 52.0 0.0
56.0 54.0 0.0
56.0 56.0 0.0
56.0 58.0 0.0
56.0 60.0 0.0
56.0 62.0 0.0
56.0 64.0 0.0
56.0 66.0 0.0
56.0 68.0 0.0
56.0 70.0 0.0
56.0 72.0 0.0
56.0 74.0 0.0015260967179194123
56.0 76.0 0.03456773840207273
56.0 78.0 0.043933432512951655
56.0 80.0 0.03593670286002335
56.0 82.0 0.01779042101513407
56.0 84.0 0.004871305238192556
56.0 86.0 4.494846239952437E-4
56.0 88.0 0.0
56.0 90.0 0.0
56.0 92.0 0.0
56.0 94.0 0.0
56.0 96.0 0.0
56.0 98.0 0.0016601303154095682
56.0 100.0 0.010700220931240637
56.0 102.0 0.033953316503629406
56.0 104.0 0.07624762562571867
56.0 106.0 0.12994174892785137
56.0 108.0 0.13996359942474976
56.0 110.0 0.1682799015165718
56.0 112.0 0.14315590615955398
56.0 114.0 0.09736864320876537
56.0 116.0 0.049864337283483356
56.0 118.0 0.024280127041388447
56.0 120.0 0.017762053109352097
56.0 122.0 0.006400841381474102
56.0 124.0 0.0
56.0 126.0 0.0
58.0 0.0 0.0
58.0 2.0 0.0
58.0 4.0 0.0
58.0 6.0 0.0
58.0 8.0 0.0
58.0 10.0 0.0
58.0 12.0 0.004705045200235046
58.0 14.0 0.04617131996480775
58.0 16.0 0.09971221257405204
58.0 18.0 0.1502920911570839
58.0 20.0 0.19425124234397384
58.0 22.0 0.22851767131453116
58.0 24.0 0.2407280386126559
58.0 26.0 0.22586045261419863
58.0 28.0 0.18963600993586346
58.0 30.0 0.13294609182012818
58.0 32.0 0.07139706746461409
58.0 34.0 0.024880655040230043
58.0 36.0 0.0030377634666470736
58.0 38.0 4.7661843868738474E-5
58.0 40.0 0.031381482904763426
58.0 42.0 0.056284937689139426
58.0 44.0 0.07264830867304761
58.0 46.0 0.07471014173752272
58.0 48.0 0.020423330354004083
58.0 50.0 0.0
58.0 52.0 0.0
58.0 54.0 0.0
58.0 56.0 0.0
58.0 58.0 0.0
58.0 60.0 0.0
58.0 62.0 0.0
58.0 64.0 0.0
58.0 66.0 0.0
58.0 68.0 0.0
58.0 70.0 0.0
58.0 72.0 0.0
58.0 74.0 0.0
58.0 76.0 0.006708683837784527
58.0 78.0 0.010705722428218933
58.0 80.0 0.008840644215871994
58.0 82.0 0.009972618371878099
58.0 84.0 0.007350456557393271
58.0 86.0 0.0016416804637969613
58.0 88.0 0.0
58.0 90.0 0.0
58.0 92.0 0.0
58.0 94.0 1.2159639179841791E-4
58.0 96.0 0.005366680763165948
58.0 98.0 0.01939033473584667
58.0 100.0 0.05140824880658438
58.0 102.0 0.09405345491209816
58.0 104.0 0.1327733843723337
58.0 106.0 0.19089602128970815
58.0 108.0 0.19324135044512677
58.0 110.0 0.21294902302001997
58.0 112.0 0.16205840079684183
58.0 114.0 0.08519485800760433
58.0 116.0 0.013850120106592582
58.0 118.0 2.344041283669837E-4
58.0 120.0 0.0
58.0 122.0 0.0
58.0 124.0 0.0
58.0 126.0 0.0
60.0 0.0 0.0
60.0 2.0 0.0
60.0 4.0 0.0
60.0 6.0 0.0
60.0 8.0 0.0
60.0 10.0 0.0
60.0 12.0 0.002541570398364244
60.0 14.0 0.029261220352519244
60.0 16.0 0.07730820498267897
60.0 18.0 0.11355405269620071
60.0 20.0 0.1548143679542827
60.0 22.0 0.18980488385710567
60.0 24.0 0.2014710708529439
60.0 26.0 0.183769586831119
60.0 28.0 0.13650432158663015
60.0 30.0 0.0848433283913415
60.0 32.0 0.04280420478706045
60.0 34.0 0.014044949779211167
60.0 36.0 0.0013663043556445221
60.0 38.0 0.018471926795167137
60.0 40.0 0.060038979337092874
60.0 42.0 0.07993670802429838
60.0 44.0 0.09089338148179289
60.0 46.0 0.09613528816042914
60.0 48.0 0.049793099072159945
60.0 50.0 0.005938447363536131
60.0 52.0 0.0
60.0 54.0 0.0
60.0 56.0 0.0
60.0 58.0 0.0
60.0 60.0 0.0
60.0 62.0 0.0
60.0 64.0 0.0
60.0 66.0 0.0
60.0 68.0 0.0
60.0 70.0 0.0
60.0 72.0 0.0
60.0 74.0 0.0
60.0 76.0 1.780471892508078E-4
60.0 78.0 2.998060049550867E-4
60.0 80.0 0.0027251233888476944
60.0 82.0 0.0041114488250220136
60.0 84.0 0.002579007419430118
60.0 86.0 5.407994589641346E-4
60.0 88.0 0.0
60.0 90.0 0.0
60.0 92.0 7.989746004523616E-4
60.0 94.0 0.00735548822120333
60.0 96.0 0.022805999843058918
60.0 98.0 0.05866848204720252
60.0 100.0 0.10782540697641348
60.0 102.0 0.15556263024833636
60.0 104.0 0.19500420922595949
60.0 106.0 0.22467957831197052
60.0 108.0 0.2773322498052239
60.0 110.0 0.23067160399879363
60.0 112.0 0.162181387382949
60.0 114.0 0.061388394708079545
60.0 116.0 0.0019344153528453164
60.0 118.0 0.0
60.0 120.0 0.0
60.0 122.0 0.0
60.0 124.0 0.0
60.0 126.0 0.0
62.0 0.0 0.0
62.0 2.0 0.0
62.0 4.0 0.0
62.0 6.0 0.0
62.0 8.0 0.0
62.0 10.0 0.0
62.0 12.0 0.0018483902751978722
62.0 14.0 0.01753400297957691
62.0 16.0 0.051417562947952085
62.0 18.0 0.0808687389265756
62.0 20.0 0.11604362217890474
62.0 22.0 0.14446564727057992
62.0 24.0 0.14719815058019686
62.0 26.0 0.11456434625869676
62.0 28.0 0.07192048042289538
62.0 30.0 0.0322026650345647
62.0 32.0 0.008230580079849155
62.0 34.0 8.284048403944433E-4
62.0 36.0 0.0023459015510044964
62.0 38.0 0.03957572074024328
62.0 40.0 0.05805790811746355
62.0 42.0 0.07286625690664943
62.0 44.0 0.08538132676999581
62.0 46.0 0.09158550163951355
62.0 48.0 0.0892818014547415
62.0 50.0 0.03653933285405044
62.0 52.0 7.063493694859878E-6
62.0 54.0 0.0
62.0 56.0 0.0
62.0 58.0 0.0
62.0 60.0 0.0
62.0 62.0 0.0
62.0 64.0 0.0
62.0 66.0 0.0
62.0 68.0 0.0
62.0 70.0 0.0
62.0 72.0 0.0
62.0 74.0 0.0
62.0 76.0 0.0
62.0 78.0 0.0
62.0 80.0 0.0
62.0 82.0 0.0
62.0 84.0 0.0
62.0 86.0 0.0
62.0 88.0 0.0
62.0 90.0 2.579083497794323E-4
62.0 92.0 0.003124589037120417
62.0 94.0 0.012541625764868935
62.0 96.0 0.04019840356218238
62.0 98.0 0.09797616750501792
62.0 100.0 0.16458141223375392
62.0 102.0 0.22426057133559685
62.0 104.0 0.2642644363291487
62.0 106.0 0.2861942739002058
62.0 108.0 0.31833244160785806
62.0 110.0 0.26151228247129993
62.0 112.0 0.17658467128203983
62.0 114.0 0.05945855408908016
62.0 116.0 0.0
62.0 118.0 0.0
62.0 120.0 0.0
62.0 122.0 0.0
62.0 124.0 0.0
62.0 126.0 0.0
64.0 0.0 0.0
64.0 2.0 0.0
64.0 4.0 0.0
64.0 6.0 0.0
64.0 8.0 0.0
64.0 10.0 0.0
64.0 12.0 8.542689671824213E-5
64.0 14.0 0.008892553020509822
64.0 16.0 0.02708871893549584
64.0 18.0 0.051984232787094804
64.0 20.0 0.0855745248436633
64.0 22.0 0.10260927257120989
64.0 24.0 0.08799149333982792
64.0 26.0 0.05181421293898266
64.0 28.0 0.01826990936500003
64.0 30.0 0.003589792366831787
64.0 32.0 6.057311469728291E-5
64.0 34.0 7.427825728680033E-5
64.0 36.0 0.009851271126404324
64.0 38.0 0.021205922338495248
64.0 40.0 0.0374807727505161
64.0 42.0 0.055647186124404634
64.0 44.0 0.07166858532407025
64.0 46.0 0.08220430307468858
64.0 48.0 0.08489069147042079
64.0 50.0 0.06428922749669565
64.0 52.0 0.013918626711339916
64.0 54.0 0.0
64.0 56.0 0.0
64.0 58.0 0.0
64.0 60.0 0.0
64.0 62.0 0.0
64.0 64.0 0.0
64.0 66.0 0.0
64.0 68.0 0.0
64.0 70.0 0.0
64.0 72.0 0.0
64.0 74.0 0.0
64.0 76.0 0.0
64.0 78.0 0.0
64.0 80.0 0.0
64.0 82.0 0.0
64.0 84.0 0.0
64.0 86.0 0.0
64.0 88.0 0.0
64.0 90.0 0.0
64.0 92.0 0.0
64.0 94.0 0.010756335530660606
64.0 96.0 0.05285405462790365
64.0 98.0 0.13075902229887493
64.0 100.0 0.21644556023545589
64.0 102.0 0.28712886194465553
64.0 104.0 0.3305684610010023
64.0 106.0 0.34707018529568384
64.0 108.0 0.3298462161117223
64.0 110.0 0.280347126489939
64.0 112.0 0.1885222671591332
64.0 114.0 0.06668456846692473
64.0 116.0 0.0
64.0 118.0 0.0
64.0 120.0 0.0
64.0 122.0 0.0
64.0 124.0 0.0
64.0 126.0 0.0
66.0 0.0 0.0
66.0 2.0 0.0
66.0 4.0 0.0
66.0 6.0 0.0
66.0 8.0 0.0
66.0 10.0 0.0
66.0 12.0 0.0
66.0 14.0 0.002800590185493758
66.0 16.0 0.014822479912940514
66.0 18.0 0.03561646400046862
66.0 20.0 0.0578290436422671
66.0 22.0 0.06117436508230112
66.0 24.0 0.0382586151257534
66.0 26.0 0.01244605187830261
66.0 28.0 0.0013263402363406392
66.0 30.0 0.0
66.0 32.0 0.0
66.0 34.0 0.005681771250819408
66.0 36.0 0.01085521240216368
66.0 38.0 0.017447248284124802
66.0 40.0 0.029878494129408493
66.0 42.0 0.0487485653592167
66.0 44.0 0.06667605921809795
66.0 46.0 0.08141617320982879
66.0 48.0 0.0913921522504589
66.0 50.0 0.06750424039388654
66.0 52.0 0.02872232319096346
66.0 54.0 0.004429081424186179
66.0 56.0 0.0
66.0 58.0 0.0
66.0 60.0 0.0
66.0 62.0 0.0
66.0 64.0 0.003386675064395616
66.0 66.0 0.02230921510505804
66.0 68.0 0.03157113152785355
66.0 70.0 0.0295155568645981
66.0 72.0 0.0101661814850526
66.0 74.0 7.127005422891313E-4
66.0 76.0 0.0
66.0 78.0 0.0
66.0 80.0 0.0
66.0 82.0 0.0
66.0 84.0 0.0
66.0 86.0 0.0
66.0 88.0 0.0
66.0 90.0 0.0
66.0 92.0 0.0
66.0 94.0 0.00504052600836881
66.0 96.0 0.04725317293892439
66.0 98.0 0.15043122212870644
66.0 100.0 0.2620108931352935
66.0 102.0 0.34905355084624606
66.0 104.0 0.3928924343730804
66.0 106.0 0.4011310051162999
66.0 108.0 0.371034329853061
66.0 110.0 0.3073604628705872
66.0 112.0 0.2023897439520612
66.0 114.0 0.07170641772282785
66.0 116.0 0.0
66.0 118.0 0.0
66.0 120.0 0.0
66.0 122.0 0.0
66.0 124.0 0.0
66.0 126.0 0.0
68.0 0.0 0.0
68.0 2.0 0.0
68.0 4.0 0.0
68.0 6.0 0.0
68.0 8.0 0.0
68.0 10.0 0.0
68.0 12.0 0.0
68.0 14.0 0.0
68.0 16.0 0.0024000533909966613
68.0 18.0 0.01002285697179294
68.0 20.0 0.03121901889437309
68.0 22.0 0.04434288547914724
68.0 24.0 0.023969294407066775
68.0 26.0 0.0027569029808347544
68.0 28.0 0.0
68.0 30.0 0.0
68.0 32.0 1.4155744655869912E-4
68.0 34.0 0.006940172686705219
68.0 36.0 0.012446562290071963
68.0 38.0 0.01926926585255193
68.0 40.0 0.015498232177940186
68.0 42.0 0.021487420528931975
68.0 44.0 0.03870452671677449
68.0 46.0 0.05761591405287195
68.0 48.0 0.0665501000662188
68.0 50.0 0.06222882721450213
68.0 52.0 0.047842738951713946
68.0 54.0 0.04057484354750018
68.0 56.0 0.04492132967630214
68.0 58.0 0.05115008189183993
68.0 60.0 0.05560862990152835
68.0 62.0 0.057378929502750975
68.0 64.0 0.07248903786175313
68.0 66.0 0.09712357546526597
68.0 68.0 0.09601453695582952
68.0 70.0 0.07888397878280935
68.0 72.0 0.04461258474405778
68.0 74.0 0.007525574854633555
68.0 76.0 0.0
68.0 78.0 0.0
68.0 80.0 0.0
68.0 82.0 0.0
68.0 84.0 0.0
68.0 86.0 0.0
68.0 88.0 0.0
68.0 90.0 0.0
68.0 92.0 0.0
68.0 94.0 0.0
68.0 96.0 0.025082751413212753
68.0 98.0 0.13673140413199017
68.0 100.0 0.28785501126575863
68.0 102.0 0.38036436205528873
68.0 104.0 0.4290759657338347
68.0 106.0 0.4363165917109024
68.0 108.0 0.40024234500831346
68.0 110.0 0.3309140470107116
68.0 112.0 0.21887232899569586
68.0 114.0 0.08076778280374565
68.0 116.0 0.0
68.0 118.0 0.0
68.0 120.0 0.0
68.0 122.0 0.0
68.0 124.0 0.0
68.0 126.0 0.0
70.0 0.0 0.0
70.0 2.0 0.0
70.0 4.0 0.0
70.0 6.0 0.0
70.0 8.0 0.0
70.0 10.0 0.0
70.0 12.0 0.0
70.0 14.0 0.0
70.0 16.0 2.4644877688318205E-4
70.0 18.0 0.009794860525350864
70.0 20.0 0.02119385380278208
70.0 22.0 0.019656031938009872
70.0 24.0 0.0049977146322464005
70.0 26.0 0.0
70.0 28.0 0.0
70.0 30.0 0.0
70.0 32.0 0.0
70.0 34.0 0.0
70.0 36.0 0.0016407357819332212
70.0 38.0 0.004268558668256286
70.0 40.0 0.005744274079939958
70.0 42.0 0.01094237329511664
70.0 44.0 0.01980842803087997
70.0 46.0 0.0364650761692435
70.0 48.0 0.05187637854129814
70.0 50.0 0.06265950186954773
70.0 52.0 0.06648374659136608
70.0 54.0 0.07494462748068624
70.0 56.0 0.0972745599577746
70.0 58.0 0.12132731845213539
70.0 60.0 0.14054532252407792
70.0 62.0 0.15248914701739766
70.0 64.0 0.15382410971102664
70.0 66.0 0.16441734389193466
70.0 68.0 0.15588321414658038
70.0 70.0 0.12599623235502855
70.0 72.0 0.07765737768481405
70.0 74.0 0.023121507300951152
70.0 76.0 0.0
70.0 78.0 0.0
70.0 80.0 0.0
70.0 82.0 0.0
70.0 84.0 0.0
70.0 86.0 0.0
70.0 88.0 0.0
70.0 90.0 0.0
70.0 92.0 0.0
70.0 94.0 0.0
70.0 96.0 0.0066914530197105
70.0 98.0 0.12213565689551764
70.0 100.0 0.275179159487398
70.0 102.0 0.43521973668101666
70.0 104.0 0.4872268447819003
70.0 106.0 0.47514161573242597
70.0 108.0 0.4201633528922859
70.0 110.0 0.351982893970586
70.0 112.0 0.23795591745179448
70.0 114.0 0.09284462496911677
70.0 116.0 0.0
70.0 118.0 0.0
70.0 120.0 0.0
70.0 122.0 0.0
70.0 124.0 0.0
70.0 126.0 0.0
72.0 0.0 0.0
72.0 2.0 0.0
72.0 4.0 0.0
72.0 6.0 0.0
72.0 8.0 0.0
72.0 10.0 0.0
72.0 12.0 0.0
72.0 14.0 0.0
72.0 16.0 5.257747309888189E-4
72.0 18.0 0.011047543110494391
72.0 20.0 0.012631274010821055
72.0 22.0 0.002154198862989834
72.0 24.0 0.0
72.0 26.0 0.0
72.0 28.0 0.0
72.0 30.0 0.0
72.0 32.0 0.0
72.0 34.0 0.0
72.0 36.0 0.0
72.0 38.0 0.0
72.0 40.0 0.0
72.0 42.0 0.0
72.0 44.0 0.0038687703580981155
72.0 46.0 0.014438394669492746
72.0 48.0 0.03686153712136218
72.0 50.0 0.06733969346158876
72.0 52.0 0.0828759783883698
72.0 54.0 0.10846532087587217
72.0 56.0 0.14803621712492818
72.0 58.0 0.18536828512205586
72.0 60.0 0.21685997866094095
72.0 62.0 0.23809559268733937
72.0 64.0 0.22213785394536312
72.0 66.0 0.2263962884492392
72.0 68.0 0.20955702981257088
72.0 70.0 0.16936978651478196
72.0 72.0 0.10659850693491096
72.0 74.0 0.035844093910028615
72.0 76.0 0.0
72.0 78.0 0.0
72.0 80.0 0.0
72.0 82.0 0.0
72.0 84.0 0.0
72.0 86.0 0.0
72.0 88.0 0.0
72.0 90.0 0.0
72.0 92.0 0.0
72.0 94.0 0.0
72.0 96.0 0.0
72.0 98.0 0.0926914022008668
72.0 100.0 0.26536842812381106
72.0 102.0 0.385285051773643
72.0 104.0 0.4486364500018736
72.0 106.0 0.4637709014492288
72.0 108.0 0.43620216572009013
72.0 110.0 0.3702413638421424
72.0 112.0 0.25855787288139714
72.0 114.0 0.1164608479659498
72.0 116.0 0.0
72.0 118.0 0.0
72.0 120.0 0.0
72.0 122.0 0.0
72.0 124.0 0.0
72.0 126.0 0.0
74.0 0.0 0.0
74.0 2.0 0.0
74.0 4.0 0.0
74.0 6.0 0.0
74.0 8.0 0.0
74.0 10.0 0.0
74.0 12.0 0.0
74.0 14.0 0.0
74.0 16.0 0.02928906610857722
74.0 18.0 0.02425857839491341
74.0 20.0 5.601587766843308E-5
74.0 22.0 0.0
74.0 24.0 0.0
74.0 26.0 0.0
74.0 28.0 0.0
74.0 30.0 0.0
74.0 32.0 0.0
74.0 34.0 0.0
74.0 36.0 0.0
74.0 38.0 0.0
74.0 40.0 0.0
74.0 42.0 0.0
74.0 44.0 0.0
74.0 46.0 0.0016994774044558588
74.0 48.0 0.013199095055719466
74.0 50.0 0.04964690877271278
74.0 52.0 0.1002946477692357
74.0 54.0 0.14268039191848653
74.0 56.0 0.19635774387083796
74.0 58.0 0.24662057405591428
74.0 60.0 0.2909318491266632
74.0 62.0 0.31837259443329413
74.0 64.0 0.2822112352525597
74.0 66.0 0.2837695884104592
74.0 68.0 0.2624315887749333
74.0 70.0 0.21304386115500143
74.0 72.0 0.1317215459218112
74.0 74.0 0.046533999911159425
74.0 76.0 0.0
74.0 78.0 0.0
74.0 80.0 0.0
74.0 82.0 0.0
74.0 84.0 0.0
74.0 86.0 0.0
74.0 88.0 0.0
74.0 90.0 0.0
74.0 92.0 0.0
74.0 94.0 0.0
74.0 96.0 0.0
74.0 98.0 0.06394174077509537
74.0 100.0 0.24515806092703976
74.0 102.0 0.3752125631779993
74.0 104.0 0.44683939323052174
74.0 106.0 0.46650153095546415
74.0 108.0 0.4452963658730955
74.0 110.0 0.3847962251891683
74.0 112.0 0.2802972451302072
74.0 114.0 0.13608072247975084
74.0 116.0 0.007138158867806116
74.0 118.0 0.0
74.0 120.0 0.0
74.0 122.0 0.0
74.0 124.0 0.0
74.0 126.0 0.0
76.0 0.0 0.0
76.0 2.0 0.0
76.0 4.0 0.0
76.0 6.0 0.0
76.0 8.0 0.002538147425555905
76.0 10.0 0.03634634583850318
76.0 12.0 0.05939987609184605
76.0 14.0 0.08320265647341132
76.0 16.0 0.10887873811993594
76.0 18.0 0.05989392264830618
76.0 20.0 0.017320984944198543
76.0 22.0 0.0
76.0 24.0 0.0
76.0 26.0 0.0
76.0 28.0 0.0
76.0 30.0 0.0
76.0 32.0 0.0
76.0 34.0 0.0
76.0 36.0 0.0
76.0 38.0 0.0
76.0 40.0 0.0
76.0 42.0 0.0
76.0 44.0 0.0
76.0 46.0 0.0
76.0 48.0 0.00713047573045581
76.0 50.0 0.06502800894807591
76.0 52.0 0.12025146276967093
76.0 54.0 0.17259721592398825
76.0 56.0 0.24346718866454745
76.0 58.0 0.30983973073251253
76.0 60.0 0.36370629975713525
76.0 62.0 0.3826977417945063
76.0 64.0 0.33772005633431007
76.0 66.0 0.3378746967559885
76.0 68.0 0.3132245028168256
76.0 70.0 0.25280509799309053
76.0 72.0 0.15633304410446927
76.0 74.0 0.057837478682820194
76.0 76.0 0.0
76.0 78.0 0.0
76.0 80.0 0.0
76.0 82.0 0.0
76.0 84.0 0.0
76.0 86.0 0.0
76.0 88.0 0.0
76.0 90.0 0.0
76.0 92.0 0.0
76.0 94.0 0.0
76.0 96.0 0.0
76.0 98.0 0.043624213113141325
76.0 100.0 0.21294862928591943
76.0 102.0 0.3484728189700592
76.0 104.0 0.43053725707344154
76.0 106.0 0.45838213991171517
76.0 108.0 0.4445357332022218
76.0 110.0 0.38968609648060265
76.0 112.0 0.2953544830105191
76.0 114.0 0.16409817595071696
76.0 116.0 0.023890090808733198
76.0 118.0 0.0
76.0 120.0 0.0
76.0 122.0 0.0
76.0 124.0 0.0
76.0 126.0 0.0
78.0 0.0 0.0
78.0 2.0 0.0
78.0 4.0 0.0
78.0 6.0 0.0
78.0 8.0 0.018198073947039897
78.0 10.0 0.13876395435595615
78.0 12.0 0.23227090423549393
78.0 14.0 0.23982559066635034
78.0 16.0 0.19522602283008517
78.0 18.0 0.11791552954211486
78.0 20.0 0.049833279371824364
78.0 22.0 0.0019402235716416722
78.0 24.0 0.0
78.0 26.0 0.0
78.0 28.0 0.0
78.0 30.0 0.0
78.0 32.0 0.0
78.0 34.0 0.0
78.0 36.0 0.0
78.0 38.0 0.0
78.0 40.0 0.0
78.0 42.0 0.0
78.0 44.0 0.0
78.0 46.0 0.0
78.0 48.0 0.011625274518467912
78.0 50.0 0.06812406410031283
78.0 52.0 0.12880576222143067
78.0 54.0 0.2023144020272575
78.0 56.0 0.2881303006370756
78.0 58.0 0.3617532076723
78.0 60.0 0.41854433194056767
78.0 62.0 0.40001736823538847
78.0 64.0 0.3873059227570736
78.0 66.0 0.3797593415509875
78.0 68.0 0.3477539259512333
78.0 70.0 0.28081870887953464
78.0 72.0 0.17671796641003182
78.0 74.0 0.062485184167323606
78.0 76.0 0.0
78.0 78.0 0.0
78.0 80.0 0.0
78.0 82.0 0.0
78.0 84.0 0.0
78.0 86.0 0.0
78.0 88.0 0.0
78.0 90.0 0.0
78.0 92.0 0.0
78.0 94.0 0.0
78.0 96.0 0.0
78.0 98.0 0.0194468458396546
78.0 100.0 0.17323942615388102
78.0 102.0 0.31891193859490113
78.0 104.0 0.4134852147956947
78.0 106.0 0.44956348531196744
78.0 108.0 0.44101234551917495
78.0 110.0 0.3945054441168585
78.0 112.0 0.3075434814064815
78.0 114.0 0.202942823369723
78.0 116.0 0.045680887737737014
78.0 118.0 0.0
78.0 120.0 0.0
78.0 122.0 0.0
78.0 124.0 0.0
78.0 126.0 0.0
80.0 0.0 0.0
80.0 2.0 0.0
80.0 4.0 0.0
80.0 6.0 0.0
80.0 8.0 0.04319518957508809
80.0 10.0 0.2396353081940211
80.0 12.0 0.35618527990005294
80.0 14.0 0.3625652363371932
80.0 16.0 0.3033141971141597
80.0 18.0 0.20264308123882743
80.0 20.0 0.0961019138788322
80.0 22.0 0.01829340400598407
80.0 24.0 0.0
80.0 26.0 0.0
80.0 28.0 0.0
80.0 30.0 0.0
80.0 32.0 0.0
80.0 34.0 0.0
80.0 36.0 0.0
80.0 38.0 0.0
80.0 40.0 0.0
80.0 42.0 0.0
80.0 44.0 0.0
80.0 46.0 0.0
80.0 48.0 0.01673667541024975
80.0 50.0 0.07485173399089447
80.0 52.0 0.13193724228186932
80.0 54.0 0.2210775002529131
80.0 56.0 0.31084819611453074
80.0 58.0 0.3860570940101464
80.0 60.0 0.4204437754950164
80.0 62.0 0.39041401056540725
80.0 64.0 0.3935677850544126
80.0 66.0 0.379783150504982
80.0 68.0 0.3457234134317966
80.0 70.0 0.28331638968105605
80.0 72.0 0.1809754007995601
80.0 74.0 0.06667055201867382
80.0 76.0 0.0
80.0 78.0 0.0
80.0 80.0 0.0
80.0 82.0 0.0
80.0 84.0 0.0
80.0 86.0 0.0
80.0 88.0 0.0
80.0 90.0 0.0
80.0 92.0 0.0
80.0 94.0 0.0
80.0 96.0 0.0
80.0 98.0 0.002828273199415532
80.0 100.0 0.11891522522713581
80.0 102.0 0.2766666358013689
80.0 104.0 0.3845850594905125
80.0 106.0 0.4360239587666497
80.0 108.0 0.4320194763235576
80.0 110.0 0.41175836857693615
80.0 112.0 0.36031909600035067
80.0 114.0 0.22911331934878199
80.0 116.0 0.06678866657359112
80.0 118.0 0.0
80.0 120.0 0.0
80.0 122.0 0.0
80.0 124.0 0.0
80.0 126.0 0.0
82.0 0.0 0.0
82.0 2.0 0.0
82.0 4.0 0.0
82.0 6.0 0.0
82.0 8.0 0.23556743078676476
82.0 10.0 0.39937975708401807
82.0 12.0 0.476389618450239
82.0 14.0 0.48753351097526143
82.0 16.0 0.4045899647074307
82.0 18.0 0.30046040355216314
82.0 20.0 0.16961680884147545
82.0 22.0 0.04117154123625367
82.0 24.0 0.0
82.0 26.0 0.0
82.0 28.0 0.0
82.0 30.0 0.0
82.0 32.0 0.0
82.0 34.0 0.0
82.0 36.0 0.0
82.0 38.0 0.0
82.0 40.0 0.0
82.0 42.0 0.0
82.0 44.0 0.0
82.0 46.0 0.0016606880194635274
82.0 48.0 0.021983619429805343
82.0 50.0 0.07373670007168047
82.0 52.0 0.14342632333797317
82.0 54.0 0.2296585794140142
82.0 56.0 0.31136979884374005
82.0 58.0 0.3719341073656244
82.0 60.0 0.3521144713317048
82.0 62.0 0.3543380917406291
82.0 64.0 0.35396576593531176
82.0 66.0 0.3396780819025978
82.0 68.0 0.30767531620533906
82.0 70.0 0.25097552400267503
82.0 72.0 0.1634067151936994
82.0 74.0 0.06617057933116122
82.0 76.0 0.005887211158708674
82.0 78.0 0.0
82.0 80.0 0.0
82.0 82.0 0.0
82.0 84.0 0.0
82.0 86.0 0.0
82.0 88.0 0.0
82.0 90.0 0.0
82.0 92.0 0.0
82.0 94.0 0.0
82.0 96.0 0.0
82.0 98.0 0.0
82.0 100.0 0.05643771467561751
82.0 102.0 0.22569488463892196
82.0 104.0 0.3493903728453553
82.0 106.0 0.41650374475755075
82.0 108.0 0.4262672468026972
82.0 110.0 0.3914037377490474
82.0 112.0 0.31973877892820496
82.0 114.0 0.2438665819805251
82.0 116.0 0.09334345362435113
82.0 118.0 0.0
82.0 120.0 0.0
82.0 122.0 0.0
82.0 124.0 0.0
82.0 126.0 0.0
84.0 0.0 0.0
84.0 2.0 0.0
84.0 4.0 0.0
84.0 6.0 0.15614108338319982
84.0 8.0 0.34348818446369206
84.0 10.0 0.4373940368507654
84.0 12.0 0.49570853970159096
84.0 14.0 0.5152669994941169
84.0 16.0 0.4841412882926554
84.0 18.0 0.37928315869058843
84.0 20.0 0.21901091095219707
84.0 22.0 0.0602482591996725
84.0 24.0 0.0
84.0 26.0 0.0
84.0 28.0 0.0
84.0 30.0 0.0
84.0 32.0 0.0
84.0 34.0 0.0
84.0 36.0 0.0
84.0 38.0 0.0
84.0 40.0 0.0
84.0 42.0 0.0
84.0 44.0 0.0
84.0 46.0 0.004911854031362023
84.0 48.0 0.02398965553563173
84.0 50.0 0.07595182053942974
84.0 52.0 0.15324232005778896
84.0 54.0 0.22865393494778596
84.0 56.0 0.2878294421461558
84.0 58.0 0.2771568909170698
84.0 60.0 0.3012848705962637
84.0 62.0 0.29990821720458727
84.0 64.0 0.2916571415668403
84.0 66.0 0.2766673043147678
84.0 68.0 0.245850628713525
84.0 70.0 0.19460204618775612
84.0 72.0 0.12559654340332205
84.0 74.0 0.050847188763362416
84.0 76.0 1.9380601709169585E-4
84.0 78.0 0.0
84.0 80.0 0.0
84.0 82.0 0.0
84.0 84.0 0.0
84.0 86.0 0.0
84.0 88.0 0.0
84.0 90.0 0.0
84.0 92.0 0.0
84.0 94.0 0.0
84.0 96.0 0.0
84.0 98.0 0.0
84.0 100.0 0.030471507852100104
84.0 102.0 0.17196930397210827
84.0 104.0 0.3000748973116556
84.0 106.0 0.379421786503835
84.0 108.0 0.4065120932286573
84.0 110.0 0.3833121657715739
84.0 112.0 0.3219611375937076
84.0 114.0 0.2294026108630436
84.0 116.0 0.12592400271149604
84.0 118.0 0.0
84.0 120.0 0.0
84.0 122.0 0.0
84.0 124.0 0.0
84.0 126.0 0.0
86.0 0.0 0.0
86.0 2.0 0.0
86.0 4.0 0.0
86.0 6.0 0.09983060909993917
86.0 8.0 0.32789284580516626
86.0 10.0 0.4135250767973089
86.0 12.0 0.4628735512427622
86.0 14.0 0.48542718946795516
86.0 16.0 0.47153609828104764
86.0 18.0 0.39934340142252434
86.0 20.0 0.2427642146507237
86.0 22.0 0.07800025727465702
86.0 24.0 0.0019207402878009096
86.0 26.0 0.0
86.0 28.0 0.0
86.0 30.0 0.0
86.0 32.0 0.0
86.0 34.0 0.0
86.0 36.0 0.0
86.0 38.0 0.0
86.0 40.0 0.0
86.0 42.0 0.0
86.0 44.0 0.0
86.0 46.0 0.010643111814499706
86.0 48.0 0.03866662143161522
86.0 50.0 0.09614249329595194
86.0 52.0 0.16798419139502332
86.0 54.0 0.21712569072984733
86.0 56.0 0.24817184437607406
86.0 58.0 0.22248018770994116
86.0 60.0 0.22472127086382962
86.0 62.0 0.2243049861319989
86.0 64.0 0.21680490746238504
86.0 66.0 0.19976342808519368
86.0 68.0 0.16721310660789232
86.0 70.0 0.12032642979418844
86.0 72.0 0.060916888978742735
86.0 74.0 0.009614857615564505
86.0 76.0 0.0
86.0 78.0 0.0
86.0 80.0 0.0
86.0 82.0 0.0
86.0 84.0 0.0
86.0 86.0 0.0
86.0 88.0 0.0
86.0 90.0 0.0
86.0 92.0 0.0
86.0 94.0 0.0
86.0 96.0 0.0
86.0 98.0 0.0
86.0 100.0 0.019080262106654217
86.0 102.0 0.11976765170009325
86.0 104.0 0.2458114176391565
86.0 106.0 0.35207440880647783
86.0 108.0 0.40245835425072346
86.0 110.0 0.3779894310556773
86.0 112.0 0.3225425831811573
86.0 114.0 0.24430527999602333
86.0 116.0 0.16834054380560534
86.0 118.0 0.03931673163631388
86.0 120.0 0.0
86.0 122.0 0.0
86.0 124.0 0.0
86.0 126.0 0.0
88.0 0.0 0.0
88.0 2.0 0.0
88.0 4.0 0.0
88.0 6.0 0.2869260722845263
88.0 8.0 0.3829834372037864
88.0 10.0 0.42926818443505393
88.0 12.0 0.45863582051445123
88.0 14.0 0.4734944131681669
88.0 16.0 0.46481239844440586
88.0 18.0 0.4036672356728306
88.0 20.0 0.24121482027179797
88.0 22.0 0.07639032870935362
88.0 24.0 0.003986814496696116
88.0 26.0 0.0
88.0 28.0 0.0
88.0 30.0 0.0
88.0 32.0 0.0
88.0 34.0 0.0
88.0 36.0 0.0
88.0 38.0 0.0
88.0 40.0 0.0
88.0 42.0 0.0
88.0 44.0 4.892387033340852E-4
88.0 46.0 0.014031238356199785
88.0 48.0 0.06379692752395692
88.0 50.0 0.12852883383938812
88.0 52.0 0.17894518177005495
88.0 54.0 0.19835412630796467
88.0 56.0 0.19633237246439092
88.0 58.0 0.18610942043753206
88.0 60.0 0.1649455079695288
88.0 62.0 0.14240191719247677
88.0 64.0 0.13688406115658333
88.0 66.0 0.1162017079342502
88.0 68.0 0.07663769556208662
88.0 70.0 0.007305139427400592
88.0 72.0 0.0
88.0 74.0 0.0
88.0 76.0 0.0
88.0 78.0 0.0
88.0 80.0 0.0
88.0 82.0 0.0
88.0 84.0 0.0
88.0 86.0 0.0
88.0 88.0 0.0
88.0 90.0 0.0
88.0 92.0 0.0
88.0 94.0 0.0
88.0 96.0 0.0
88.0 98.0 0.004943353983318691
88.0 100.0 0.017686514949905165
88.0 102.0 0.0721347290595889
88.0 104.0 0.18333308096493192
88.0 106.0 0.27981205398095355
88.0 108.0 0.33398611940312467
88.0 110.0 0.338182475217186
88.0 112.0 0.30478860613929387
88.0 114.0 0.24992225797615886
88.0 116.0 0.1999276326682747
88.0 118.0 0.10914378996732371
88.0 120.0 0.017382880957038622
88.0 122.0 0.0
88.0 124.0 0.0
88.0 126.0 0.0
90.0 0.0 0.0
90.0 2.0 0.0
90.0 4.0 0.0
90.0 6.0 0.39695553577289183
90.0 8.0 0.40852653580682197
90.0 10.0 0.4398662761337881
90.0 12.0 0.45691667317551216
90.0 14.0 0.4630231833504448
90.0 16.0 0.4475960632819925
90.0 18.0 0.37964837717557137
90.0 20.0 0.21144653211924522
90.0 22.0 0.05670446176696015
90.0 24.0 0.0
90.0 26.0 0.0
90.0 28.0 0.0
90.0 30.0 0.0
90.0 32.0 0.0
90.0 34.0 0.0
90.0 36.0 0.0
90.0 38.0 0.0
90.0 40.0 0.0
90.0 42.0 0.0
90.0 44.0 0.0
90.0 46.0 0.020584296081515425
90.0 48.0 0.08551207360260094
90.0 50.0 0.13328475278996152
90.0 52.0 0.153085207714928
90.0 54.0 0.15182720985446926
90.0 56.0 0.13742997242020946
90.0 58.0 0.11437472626136906
90.0 60.0 0.08843823960938164
90.0 62.0 0.07021520231311472
90.0 64.0 0.04967104935059155
90.0 66.0 0.014994763524009302
90.0 68.0 0.0
90.0 70.0 0.0
90.0 72.0 0.0
90.0 74.0 0.0
90.0 76.0 0.0
90.0 78.0 0.0
90.0 80.0 0.0
90.0 82.0 0.0
90.0 84.0 0.0
90.0 86.0 0.0
90.0 88.0 0.0
90.0 90.0 0.0
90.0 92.0 0.0
90.0 94.0 0.0
90.0 96.0 0.003170951640728489
90.0 98.0 0.012093150228058236
90.0 100.0 0.026303954997874888
90.0 102.0 0.05447373363987725
90.0 104.0 0.1151585968133363
90.0 106.0 0.20132110363669423
90.0 108.0 0.2567577797743022
90.0 110.0 0.2777041482571322
90.0 112.0 0.2665665437897276
90.0 114.0 0.2404522391257846
90.0 116.0 0.2082436793122062
90.0 118.0 0.1984104877445079
90.0 120.0 0.15723867067367506
90.0 122.0 0.0
90.0 124.0 0.0
90.0 126.0 0.0
92.0 0.0 0.0
92.0 2.0 0.0
92.0 4.0 0.0
92.0 6.0 0.0
92.0 8.0 0.5013429114242526
92.0 10.0 0.4422156854225768
92.0 12.0 0.4426478397139248
92.0 14.0 0.4400283318974832
92.0 16.0 0.43313904552645527
92.0 18.0 0.36080188346425385
92.0 20.0 0.1796473999965931
92.0 22.0 0.03153053110063229
92.0 24.0 0.0
92.0 26.0 0.0
92.0 28.0 0.0
92.0 30.0 0.0
92.0 32.0 0.0
92.0 34.0 0.0
92.0 36.0 0.0
92.0 38.0 0.0
92.0 40.0 0.0
92.0 42.0 0.0
92.0 44.0 0.009544704074113569
92.0 46.0 0.060733503334051225
92.0 48.0 0.12305868990578621
92.0 50.0 0.15280417120752607
92.0 52.0 0.145625720336413
92.0 54.0 0.11509854126060197
92.0 56.0 0.07928963565910864
92.0 58.0 0.048404702719907405
92.0 60.0 0.027332906757674965
92.0 62.0 0.008643840408403438
92.0 64.0 9.273263791536386E-4
92.0 66.0 0.0
92.0 68.0 0.0
92.0 70.0 0.0
92.0 72.0 0.0
92.0 74.0 0.0
92.0 76.0 0.0
92.0 78.0 0.0
92.0 80.0 0.0
92.0 82.0 0.0
92.0 84.0 0.0
92.0 86.0 0.0
92.0 88.0 0.0
92.0 90.0 0.0
92.0 92.0 0.0
92.0 94.0 0.002163722806388816
92.0 96.0 0.009930660747915585
92.0 98.0 0.026805213118033005
92.0 100.0 0.026272382485181243
92.0 102.0 0.034715322283539886
92.0 104.0 0.058571581438202736
92.0 106.0 0.09582774578031335
92.0 108.0 0.15051457429543946
92.0 110.0 0.1902245032503718
92.0 112.0 0.2095122193868407
92.0 114.0 0.21518555968250355
92.0 116.0 0.218552339116965
92.0 118.0 0.25003453508677437
92.0 120.0 0.24472849402148447
92.0 122.0 0.0
92.0 124.0 0.0
92.0 126.0 0.0
94.0 0.0 0.0
94.0 2.0 0.0
94.0 4.0 0.0
94.0 6.0 0.0
94.0 8.0 0.5289234607835042
94.0 10.0 0.45610285903636866
94.0 12.0 0.4405530339019044
94.0 14.0 0.42015654747772074
94.0 16.0 0.38990074344001013
94.0 18.0 0.2972558234855677
94.0 20.0 0.11641676403757345
94.0 22.0 0.0
94.0 24.0 0.0
94.0 26.0 0.0
94.0 28.0 0.0
94.0 30.0 0.0
94.0 32.0 0.0
94.0 34.0 0.0
94.0 36.0 0.0
94.0 38.0 0.0
94.0 40.0 0.0
94.0 42.0 2.233043702877211E-4
94.0 44.0 0.03855539923582929
94.0 46.0 0.1398134729047418
94.0 48.0 0.19070454070245468
94.0 50.0 0.18300853407764792
94.0 52.0 0.15216584748410153
94.0 54.0 0.10097905352802523
94.0 56.0 0.05085120265933767
94.0 58.0 0.011776647667643287
94.0 60.0 0.0011007666883895884
94.0 62.0 0.0
94.0 64.0 0.0
94.0 66.0 0.0
94.0 68.0 0.0
94.0 70.0 0.0
94.0 72.0 0.0
94.0 74.0 0.0
94.0 76.0 0.0
94.0 78.0 7.855891744175655E-4
94.0 80.0 0.005218306993809166
94.0 82.0 8.855636076996295E-4
94.0 84.0 0.0
94.0 86.0 0.0
94.0 88.0 0.0
94.0 90.0 0.0
94.0 92.0 7.112772114745133E-4
94.0 94.0 0.005383053529478292
94.0 96.0 0.011717492287734438
94.0 98.0 0.023461222954857516
94.0 100.0 0.017664014925693788
94.0 102.0 0.011640191020908769
94.0 104.0 0.01173124991549758
94.0 106.0 0.01772828106992234
94.0 108.0 0.03454903780503024
94.0 110.0 0.07365506672821769
94.0 112.0 0.12676569638651194
94.0 114.0 0.17083378513574407
94.0 116.0 0.22549273532890976
94.0 118.0 0.24900665177675332
94.0 120.0 0.0
94.0 122.0 0.0
94.0 124.0 0.0
94.0 126.0 0.0
96.0 0.0 0.0
96.0 2.0 0.0
96.0 4.0 0.0
96.0 6.0 0.0
96.0 8.0 0.0
96.0 10.0 0.5413228077411995
96.0 12.0 0.46238900909669384
96.0 14.0 0.41303029858922247
96.0 16.0 0.35063365849011796
96.0 18.0 0.2395425758052001
96.0 20.0 0.08987337015082673
96.0 22.0 0.0
96.0 24.0 0.0
96.0 26.0 0.0
96.0 28.0 0.0
96.0 30.0 0.0
96.0 32.0 0.0
96.0 34.0 0.0
96.0 36.0 0.0
96.0 38.0 0.0
96.0 40.0 3.162185347260851E-4
96.0 42.0 0.03342079228240521
96.0 44.0 0.15383042940765876
96.0 46.0 0.243474564645997
96.0 48.0 0.2606184475756009
96.0 50.0 0.21560315092895443
96.0 52.0 0.16294255077464145
96.0 54.0 0.09403644181011622
96.0 56.0 0.020640118574905837
96.0 58.0 7.255674569008452E-4
96.0 60.0 0.0
96.0 62.0 0.0
96.0 64.0 0.0
96.0 66.0 0.0
96.0 68.0 0.0
96.0 70.0 0.0
96.0 72.0 0.0
96.0 74.0 0.0
96.0 76.0 0.0
96.0 78.0 0.003464653121115383
96.0 80.0 0.01635272324559001
96.0 82.0 0.03254608448674318
96.0 84.0 0.05120952883705009
96.0 86.0 0.04660307332284994
96.0 88.0 0.03722144423044164
96.0 90.0 0.023302831845251632
96.0 92.0 0.009984548506645258
96.0 94.0 0.005666002344120354
96.0 96.0 0.005124208109865545
96.0 98.0 0.004684793198538102
96.0 100.0 0.001325088080156721
96.0 102.0 0.0
96.0 104.0 0.0
96.0 106.0 0.0
96.0 108.0 0.0
96.0 110.0 0.003141142285800124
96.0 112.0 0.027915001437314863
96.0 114.0 0.0931021135908305
96.0 116.0 0.17485631921531986
96.0 118.0 0.22647862688868559
96.0 120.0 0.0
96.0 122.0 0.0
96.0 124.0 0.0
96.0 126.0 0.0
98.0 0.0 0.0
98.0 2.0 0.0
98.0 4.0 0.0
98.0 6.0 0.0
98.0 8.0 0.0
98.0 10.0 0.0
98.0 12.0 0.5408552214100251
98.0 14.0 0.4137663555598586
98.0 16.0 0.33586988508986676
98.0 18.0 0.2122451830709927
98.0 20.0 0.051859014290589305
98.0 22.0 0.0
98.0 24.0 0.0
98.0 26.0 0.0
98.0 28.0 0.0
98.0 30.0 0.0
98.0 32.0 0.0
98.0 34.0 0.0
98.0 36.0 0.0
98.0 38.0 0.0
98.0 40.0 0.02633363740106404
98.0 42.0 0.13855210146494173
98.0 44.0 0.2581556298088418
98.0 46.0 0.31876697804878756
98.0 48.0 0.3036819308800205
98.0 50.0 0.23578740120669472
98.0 52.0 0.17087393767940273
98.0 54.0 0.07991441761490554
98.0 56.0 0.004900062880660729
98.0 58.0 0.0
98.0 60.0 0.0
98.0 62.0 0.0
98.0 64.0 0.0
98.0 66.0 0.0
98.0 68.0 0.0
98.0 70.0 0.0
98.0 72.0 0.0
98.0 74.0 0.0
98.0 76.0 0.0
98.0 78.0 0.007196543560691386
98.0 80.0 0.039500513576582415
98.0 82.0 0.10330257936788538
98.0 84.0 0.12962197257240235
98.0 86.0 0.15550060885420883
98.0 88.0 0.1394088664258469
98.0 90.0 0.11611688484618221
98.0 92.0 0.06689498023605601
98.0 94.0 0.024367286513023192
98.0 96.0 0.002417160052529762
98.0 98.0 0.0
98.0 100.0 0.0
98.0 102.0 0.0
98.0 104.0 0.0
98.0 106.0 0.0
98.0 108.0 0.0
98.0 110.0 0.0
98.0 112.0 0.0
98.0 114.0 0.014552376386780716
98.0 116.0 0.06751444351521835
98.0 118.0 0.0
98.0 120.0 0.0
98.0 122.0 0.0
98.0 124.0 0.0
98.0 126.0 0.0
100.0 0.0 0.0
100.0 2.0 0.0
100.0 4.0 0.0
100.0 6.0 0.0
100.0 8.0 0.0
100.0 10.0 0.0
100.0 12.0 0.48812237080375215
100.0 14.0 0.3953808433034915
100.0 16.0 0.29342714447236756
100.0 18.0 0.13984285488271042
100.0 20.0 0.006320940608675131
100.0 22.0 0.0
100.0 24.0 0.0
100.0 26.0 0.0
100.0 28.0 0.0
100.0 30.0 0.0
100.0 32.0 0.0
100.0 34.0 0.0
100.0 36.0 0.0
100.0 38.0 0.007441870461033021
100.0 40.0 0.07898442024987228
100.0 42.0 0.2341073469372086
100.0 44.0 0.32686962796407454
100.0 46.0 0.36054857353742414
100.0 48.0 0.3205314528600161
100.0 50.0 0.24671165401699227
100.0 52.0 0.1760895058856579
100.0 54.0 0.0721241882905495
100.0 56.0 0.0017073382430349915
100.0 58.0 0.0
100.0 60.0 0.0
100.0 62.0 0.0
100.0 64.0 0.0
100.0 66.0 0.0
100.0 68.0 0.0
100.0 70.0 0.0
100.0 72.0 0.0
100.0 74.0 0.0
100.0 76.0 0.0015783946614038463
100.0 78.0 0.028123216453408595
100.0 80.0 0.1145514772090126
100.0 82.0 0.18361004708077663
100.0 84.0 0.20714827541234404
100.0 86.0 0.21223474069904216
100.0 88.0 0.25624856628292225
100.0 90.0 0.2009302905385767
100.0 92.0 0.14491048175348797
100.0 94.0 0.07344611528731443
100.0 96.0 0.002816594879291286
100.0 98.0 0.0
100.0 100.0 0.0
100.0 102.0 0.0
100.0 104.0 0.0
100.0 106.0 0.0
100.0 108.0 0.0
100.0 110.0 0.0
100.0 112.0 0.0
100.0 114.0 0.0
100.0 116.0 0.0
100.0 118.0 0.0
100.0 120.0 0.0
100.0 122.0 0.0
100.0 124.0 0.0
100.0 126.0 0.0
102.0 0.0 0.0
102.0 2.0 0.0
102.0 4.0 0.0
102.0 6.0 0.0
102.0 8.0 0.0
102.0 10.0 0.0
102.0 12.0 0.0
102.0 14.0 0.31685557996834207
102.0 16.0 0.27269129330875047
102.0 18.0 0.10334678841463592
102.0 20.0 0.004491930203414797
102.0 22.0 0.0
102.0 24.0 0.0
102.0 26.0 0.0
102.0 28.0 0.0
102.0 30.0 0.0
102.0 32.0 0.0
102.0 34.0 0.0
102.0 36.0 0.0
102.0 38.0 0.0301787267235319
102.0 40.0 0.1655367254199541
102.0 42.0 0.303319922968372
102.0 44.0 0.3701035380965391
102.0 46.0 0.39179547685724375
102.0 48.0 0.32960222244207843
102.0 50.0 0.25519699478898766
102.0 52.0 0.17847172684610327
102.0 54.0 0.06628066690771682
102.0 56.0 6.46361332039078E-4
102.0 58.0 0.0
102.0 60.0 0.0
102.0 62.0 0.0
102.0 64.0 0.0
102.0 66.0 0.0
102.0 68.0 0.0
102.0 70.0 0.0
102.0 72.0 0.0
102.0 74.0 0.0
102.0 76.0 0.012799095510807565
102.0 78.0 0.08651162586019256
102.0 80.0 0.18100704535848203
102.0 82.0 0.23750098851318324
102.0 84.0 0.26381957240442283
102.0 86.0 0.2678065692716933
102.0 88.0 0.3224321316682622
102.0 90.0 0.28132178546623005
102.0 92.0 0.2153775060619816
102.0 94.0 0.11592975094924346
102.0 96.0 0.0
102.0 98.0 0.0
102.0 100.0 0.0
102.0 102.0 0.0
102.0 104.0 0.0
102.0 106.0 0.0
102.0 108.0 0.0
102.0 110.0 0.0
102.0 112.0 0.0
102.0 114.0 0.0
102.0 116.0 0.0
102.0 118.0 0.0
102.0 120.0 0.0
102.0 122.0 0.0
102.0 124.0 0.0
102.0 126.0 0.0
104.0 0.0 0.0
104.0 2.0 0.0
104.0 4.0 0.0
104.0 6.0 0.0
104.0 8.0 0.0
104.0 10.0 0.0
104.0 12.0 0.0
104.0 14.0 0.0
104.0 16.0 0.0
104.0 18.0 0.0
104.0 20.0 0.0
104.0 22.0 0.0
104.0 24.0 0.0
104.0 26.0 0.0
104.0 28.0 0.0
104.0 30.0 0.0
104.0 32.0 0.0
104.0 34.0 0.0
104.0 36.0 0.0033330912879920432
104.0 38.0 0.05588883843740738
104.0 40.0 0.23205918204162776
104.0 42.0 0.3530901416368406
104.0 44.0 0.40590155751594903
104.0 46.0 0.41935168700346237
104.0 48.0 0.3439207002184665
104.0 50.0 0.2616587074135448
104.0 52.0 0.1766215097736359
104.0 54.0 0.05970452088911619
104.0 56.0 0.0
104.0 58.0 0.0
104.0 60.0 0.0
104.0 62.0 0.0
104.0 64.0 0.0
104.0 66.0 0.0
104.0 68.0 0.0
104.0 70.0 0.0
104.0 72.0 0.0
104.0 74.0 0.005548349198655822
104.0 76.0 0.029313805307211217
104.0 78.0 0.14647266540536422
104.0 80.0 0.2501046957316643
104.0 82.0 0.27790689765003723
104.0 84.0 0.30870088524844075
104.0 86.0 0.3094423673786127
104.0 88.0 0.37698219618187306
104.0 90.0 0.3432857140709454
104.0 92.0 0.28509863442996775
104.0 94.0 0.15991475587282555
104.0 96.0 0.011133154370660392
104.0 98.0 0.0
104.0 100.0 0.0
104.0 102.0 0.0
104.0 104.0 0.0
104.0 106.0 0.0
104.0 108.0 0.0
104.0 110.0 0.0
104.0 112.0 0.0
104.0 114.0 0.0
104.0 116.0 0.0
104.0 118.0 0.0
104.0 120.0 0.0
104.0 122.0 0.0
104.0 124.0 0.0
104.0 126.0 0.0
106.0 0.0 0.0
106.0 2.0 0.0
106.0 4.0 0.0
106.0 6.0 0.0
106.0 8.0 0.0
106.0 10.0 0.0
106.0 12.0 0.0
106.0 14.0 0.0
106.0 16.0 0.0
106.0 18.0 0.0
106.0 20.0 0.0
106.0 22.0 0.0
106.0 24.0 0.0
106.0 26.0 0.0
106.0 28.0 0.0
106.0 30.0 0.0
106.0 32.0 0.0
106.0 34.0 0.0
106.0 36.0 0.00807445694222652
106.0 38.0 0.08912089704084714
106.0 40.0 0.2865302727736469
106.0 42.0 0.39637439555772863
106.0 44.0 0.4385473450221255
106.0 46.0 0.4466806141685531
106.0 48.0 0.3507376296390554
106.0 50.0 0.266391267941343
106.0 52.0 0.17523741038460708
106.0 54.0 0.058290828628615586
106.0 56.0 0.0
106.0 58.0 0.0
106.0 60.0 0.0
106.0 62.0 0.0
106.0 64.0 0.0
106.0 66.0 0.0
106.0 68.0 0.0
106.0 70.0 0.0
106.0 72.0 0.0
106.0 74.0 0.014768392171987008
106.0 76.0 0.07306375940169228
106.0 78.0 0.20480162366178642
106.0 80.0 0.3192902780534515
106.0 82.0 0.3140990740694006
106.0 84.0 0.35114420224652654
106.0 86.0 0.35021369048475953
106.0 88.0 0.40175236394496716
106.0 90.0 0.3884576383480593
106.0 92.0 0.3377023411480637
106.0 94.0 0.18771921796505955
106.0 96.0 0.016204832650332183
106.0 98.0 0.0
106.0 100.0 0.0
106.0 102.0 0.0
106.0 104.0 0.0
106.0 106.0 0.0
106.0 108.0 0.0
106.0 110.0 0.0
106.0 112.0 0.0
106.0 114.0 0.0
106.0 116.0 0.0
106.0 118.0 0.0
106.0 120.0 0.0
106.0 122.0 0.0
106.0 124.0 0.0
106.0 126.0 0.0
108.0 0.0 0.0
108.0 2.0 0.0
108.0 4.0 0.0
108.0 6.0 0.0
108.0 8.0 0.0
108.0 10.0 0.0
108.0 12.0 0.0
108.0 14.0 0.0
108.0 16.0 0.0
108.0 18.0 0.0
108.0 20.0 0.0
108.0 22.0 0.0
108.0 24.0 0.0
108.0 26.0 0.0
108.0 28.0 0.0
108.0 30.0 0.0
108.0 32.0 0.0
108.0 34.0 0.0
108.0 36.0 0.010818337813970702
108.0 38.0 0.12360718374610662
108.0 40.0 0.32222790314928546
108.0 42.0 0.4248625548952512
108.0 44.0 0.4631042219361869
108.0 46.0 0.4676233929994828
108.0 48.0 0.43561011734158755
108.0 50.0 0.325308533556055
108.0 52.0 0.16786169663222616
108.0 54.0 0.06020554999899499
108.0 56.0 0.0
108.0 58.0 0.0
108.0 60.0 0.0
108.0 62.0 0.0
108.0 64.0 0.0
108.0 66.0 0.0
108.0 68.0 0.0
108.0 70.0 0.0
108.0 72.0 0.003276616367358261
108.0 74.0 0.02115425855174215
108.0 76.0 0.1022643032699863
108.0 78.0 0.24128374100200242
108.0 80.0 0.36568166909654076
108.0 82.0 0.3653158267545351
108.0 84.0 0.3882679449164638
108.0 86.0 0.3878867928638206
108.0 88.0 0.41234147711256197
108.0 90.0 0.4344644865673144
108.0 92.0 0.3648906498207105
108.0 94.0 0.20630087647246398
108.0 96.0 0.022765173736577587
108.0 98.0 0.0
108.0 100.0 0.0
108.0 102.0 0.0
108.0 104.0 0.0
108.0 106.0 0.0
108.0 108.0 0.0
108.0 110.0 0.0
108.0 112.0 0.0
108.0 114.0 0.0
108.0 116.0 0.0
108.0 118.0 0.0
108.0 120.0 0.0
108.0 122.0 0.0
108.0 124.0 0.0
108.0 126.0 0.0
110.0 0.0 0.0
110.0 2.0 0.0
110.0 4.0 0.0
110.0 6.0 0.0
110.0 8.0 0.0
110.0 10.0 0.0
110.0 12.0 0.0
110.0 14.0 0.0
110.0 16.0 0.0
110.0 18.0 0.0
110.0 20.0 0.0
110.0 22.0 0.0
110.0 24.0 0.0
110.0 26.0 0.0
110.0 28.0 0.0
110.0 30.0 0.0
110.0 32.0 0.0
110.0 34.0 0.0
110.0 36.0 0.005131098285308545
110.0 38.0 0.1422368053218649
110.0 40.0 0.3525301492648452
110.0 42.0 0.4585892109328758
110.0 44.0 0.4944230665596077
110.0 46.0 0.49493671675621836
110.0 48.0 0.45548246045937657
110.0 50.0 0.35450699308976347
110.0 52.0 0.166584813345528
110.0 54.0 0.058125329294292545
110.0 56.0 0.0
110.0 58.0 0.0
110.0 60.0 0.0
110.0 62.0 0.0
110.0 64.0 0.0
110.0 66.0 0.0
110.0 68.0 0.0
110.0 70.0 0.0
110.0 72.0 0.0010160693547172526
110.0 74.0 0.018069926119039553
110.0 76.0 0.09881722135702627
110.0 78.0 0.24432758090755421
110.0 80.0 0.38398473291215374
110.0 82.0 0.414701858297069
110.0 84.0 0.407790725828515
110.0 86.0 0.41076182850011217
110.0 88.0 0.421529593658505
110.0 90.0 0.4515190344633633
110.0 92.0 0.383439176801642
110.0 94.0 0.2219269953749535
110.0 96.0 0.023877912983914378
110.0 98.0 0.0
110.0 100.0 0.0
110.0 102.0 0.0
110.0 104.0 0.0
110.0 106.0 0.0
110.0 108.0 0.0
110.0 110.0 0.0
110.0 112.0 0.0
110.0 114.0 0.0
110.0 116.0 0.0
110.0 118.0 0.0
110.0 120.0 0.0
110.0 122.0 0.0
110.0 124.0 0.0
110.0 126.0 0.0
112.0 0.0 0.0
112.0 2.0 0.0
112.0 4.0 0.0
112.0 6.0 0.0
112.0 8.0 0.0
112.0 10.0 0.0
112.0 12.0 0.0
112.0 14.0 0.0
112.0 16.0 0.0
112.0 18.0 0.0
112.0 20.0 0.0
112.0 22.0 0.0
112.0 24.0 0.0
112.0 26.0 0.0
112.0 28.0 0.0
112.0 30.0 0.0
112.0 32.0 0.0
112.0 34.0 0.0
112.0 36.0 0.0018341768809899434
112.0 38.0 0.14471952219179954
112.0 40.0 0.3622661372795722
112.0 42.0 0.47349036889097146
112.0 44.0 0.5107905957838427
112.0 46.0 0.5110848631339585
112.0 48.0 0.468622367482266
112.0 50.0 0.3707181508528794
112.0 52.0 0.1788482111063773
112.0 54.0 0.04183715913464955
112.0 56.0 0.0
112.0 58.0 0.0
112.0 60.0 0.0
112.0 62.0 0.0
112.0 64.0 0.0
112.0 66.0 0.0
112.0 68.0 0.0
112.0 70.0 0.0
112.0 72.0 0.0
112.0 74.0 0.009268661903098151
112.0 76.0 0.06906560635735086
112.0 78.0 0.21136210188411267
112.0 80.0 0.3838458059470488
112.0 82.0 0.44956125188038093
112.0 84.0 0.43953456885079495
112.0 86.0 0.4363525100292793
112.0 88.0 0.41589678096259486
112.0 90.0 0.4418777966491829
112.0 92.0 0.4073529249127476
112.0 94.0 0.23278183187576348
112.0 96.0 0.018098292952890924
112.0 98.0 0.0
112.0 100.0 0.0
112.0 102.0 0.0
112.0 104.0 0.0
112.0 106.0 0.0
112.0 108.0 0.0
112.0 110.0 0.0
112.0 112.0 0.0
112.0 114.0 0.0
112.0 116.0 0.0
112.0 118.0 0.0
112.0 120.0 0.0
112.0 122.0 0.0
112.0 124.0 0.0
112.0 126.0 0.0
114.0 0.0 0.0
114.0 2.0 0.0
114.0 4.0 0.0
114.0 6.0 0.0
114.0 8.0 0.0
114.0 10.0 0.0
114.0 12.0 0.0
114.0 14.0 0.0
114.0 16.0 0.0
114.0 18.0 0.0
114.0 20.0 0.0
114.0 22.0 0.0
114.0 24.0 0.0
114.0 26.0 0.0
114.0 28.0 0.0
114.0 30.0 0.0
114.0 32.0 0.0
114.0 34.0 0.0
114.0 36.0 0.0
114.0 38.0 0.13322245123049692
114.0 40.0 0.36056697595790405
114.0 42.0 0.4840122575265659
114.0 44.0 0.5261834731372724
114.0 46.0 0.5275200201950015
114.0 48.0 0.48665905944461896
114.0 50.0 0.3883128530276472
114.0 52.0 0.21253597833295565
114.0 54.0 0.025581426868638082
114.0 56.0 0.0
114.0 58.0 0.0
114.0 60.0 0.0
114.0 62.0 0.0
114.0 64.0 0.0
114.0 66.0 0.0
114.0 68.0 0.0
114.0 70.0 0.0
114.0 72.0 0.0
114.0 74.0 0.0052501092574055675
114.0 76.0 0.028526494298539627
114.0 78.0 0.15464340244601837
114.0 80.0 0.34949431360482563
114.0 82.0 0.45585016312131993
114.0 84.0 0.4536803506164612
114.0 86.0 0.45164153796358586
114.0 88.0 0.43202171528738065
114.0 90.0 0.4312843345241521
114.0 92.0 0.414472155484579
114.0 94.0 0.24386702284191852
114.0 96.0 0.012911549670970086
114.0 98.0 0.0
114.0 100.0 0.0
114.0 102.0 0.0
114.0 104.0 0.0
114.0 106.0 0.0
114.0 108.0 0.0
114.0 110.0 0.0
114.0 112.0 0.0
114.0 114.0 0.0
114.0 116.0 0.0
114.0 118.0 0.0
114.0 120.0 0.0
114.0 122.0 0.0
114.0 124.0 0.0
114.0 126.0 0.0
116.0 0.0 0.0
116.0 2.0 0.0
116.0 4.0 0.0
116.0 6.0 0.0
116.0 8.0 0.0
116.0 10.0 0.0
116.0 12.0 0.0
116.0 14.0 0.0
116.0 16.0 0.0
116.0 18.0 0.0
116.0 20.0 0.0
116.0 22.0 0.0
116.0 24.0 0.0
116.0 26.0 0.0
116.0 28.0 0.0
116.0 30.0 0.0
116.0 32.0 0.0
116.0 34.0 0.0
116.0 36.0 0.0
116.0 38.0 0.08766813594952357
116.0 40.0 0.3510129134752134
116.0 42.0 0.4939790125589329
116.0 44.0 0.5433927365279215
116.0 46.0 0.5461780644488706
116.0 48.0 0.5066930181542426
116.0 50.0 0.4080466507477261
116.0 52.0 0.22240146865833865
116.0 54.0 0.02466774819395696
116.0 56.0 0.0
116.0 58.0 0.0
116.0 60.0 0.0
116.0 62.0 0.0
116.0 64.0 0.0
116.0 66.0 0.0
116.0 68.0 0.0
116.0 70.0 0.0
116.0 72.0 0.0
116.0 74.0 0.0
116.0 76.0 0.014005144247044646
116.0 78.0 0.0972665662770132
116.0 80.0 0.28725654848159826
116.0 82.0 0.4366741522046773
116.0 84.0 0.4631260456112139
116.0 86.0 0.45383066965982627
116.0 88.0 0.43554288277306785
116.0 90.0 0.42445577411182217
116.0 92.0 0.40717797761183666
116.0 94.0 0.2473162644301979
116.0 96.0 0.013314040385903371
116.0 98.0 0.0
116.0 100.0 0.0
116.0 102.0 0.0
116.0 104.0 0.0
116.0 106.0 0.0
116.0 108.0 0.0
116.0 110.0 0.0
116.0 112.0 0.0
116.0 114.0 0.0
116.0 116.0 0.0
116.0 118.0 0.0
116.0 120.0 0.0
116.0 122.0 0.0
116.0 124.0 0.0
116.0 126.0 0.0
118.0 0.0 0.0
118.0 2.0 0.0
118.0 4.0 0.0
118.0 6.0 0.0
118.0 8.0 0.0
118.0 10.0 0.0
118.0 12.0 0.0
118.0 14.0 0.0
118.0 16.0 0.0
118.0 18.0 0.0
118.0 20.0 0.0
118.0 22.0 0.0
118.0 24.0 0.0
118.0 26.0 0.0
118.0 28.0 0.0
118.0 30.0 0.0
118.0 32.0 0.0
118.0 34.0 0.0
118.0 36.0 0.0
118.0 38.0 0.0
118.0 40.0 0.23751060981788188
118.0 42.0 0.4235755433333148
118.0 44.0 0.5158672406211396
118.0 46.0 0.5375999908881964
118.0 48.0 0.5083627657037862
118.0 50.0 0.42002983180888626
118.0 52.0 0.23093217363998075
118.0 54.0 0.021317778948679478
118.0 56.0 0.0
118.0 58.0 0.0
118.0 60.0 0.0
118.0 62.0 0.0
118.0 64.0 0.0
118.0 66.0 0.0
118.0 68.0 0.0
118.0 70.0 0.0
118.0 72.0 0.0
118.0 74.0 0.0
118.0 76.0 0.0
118.0 78.0 0.04438081137770491
118.0 80.0 0.2195602154973767
118.0 82.0 0.38693103249867283
118.0 84.0 0.45682642661867306
118.0 86.0 0.4566541391717416
118.0 88.0 0.43578190829979285
118.0 90.0 0.4169329398096766
118.0 92.0 0.39171769551166097
118.0 94.0 0.24677856579598334
118.0 96.0 0.026008971968118032
118.0 98.0 0.0
118.0 100.0 0.0
118.0 102.0 0.0
118.0 104.0 0.0
118.0 106.0 0.0
118.0 108.0 0.0
118.0 110.0 0.0
118.0 112.0 0.0
118.0 114.0 0.0
118.0 116.0 0.0
118.0 118.0 0.0
118.0 120.0 0.0
118.0 122.0 0.0
118.0 124.0 0.0
118.0 126.0 0.0
120.0 0.0 0.0
120.0 2.0 0.0
120.0 4.0 0.0
120.0 6.0 0.0
120.0 8.0 0.0
120.0 10.0 0.0
120.0 12.0 0.0
120.0 14.0 0.0
120.0 16.0 0.0
120.0 18.0 0.0
120.0 20.0 0.0
120.0 22.0 0.0
120.0 24.0 0.0
120.0 26.0 0.0
120.0 28.0 0.0
120.0 30.0 0.0
120.0 32.0 0.0
120.0 34.0 0.0
120.0 36.0 0.0
120.0 38.0 0.0
120.0 40.0 0.01733926876137643
120.0 42.0 0.30266230684184714
120.0 44.0 0.46035774568261106
120.0 46.0 0.5207644781078632
120.0 48.0 0.5059620897435494
120.0 50.0 0.42229362310631363
120.0 52.0 0.23406119592818272
120.0 54.0 0.018603813382917413
120.0 56.0 0.0
120.0 58.0 0.0
120.0 60.0 0.0
120.0 62.0 0.0
120.0 64.0 0.0
120.0 66.0 0.0
120.0 68.0 0.0
120.0 70.0 0.0
120.0 72.0 0.0
120.0 74.0 0.0
120.0 76.0 0.0
120.0 78.0 0.017369758987293277
120.0 80.0 0.15551584412930008
120.0 82.0 0.3314083303254031
120.0 84.0 0.4283475197290576
120.0 86.0 0.45204672697412795
120.0 88.0 0.4368780306744247
120.0 90.0 0.39543090629702443
120.0 92.0 0.36748354317794196
120.0 94.0 0.0
120.0 96.0 0.0
120.0 98.0 0.0
120.0 100.0 0.0
120.0 102.0 0.0
120.0 104.0 0.0
120.0 106.0 0.0
120.0 108.0 0.0
120.0 110.0 0.0
120.0 112.0 0.0
120.0 114.0 0.0
120.0 116.0 0.0
120.0 118.0 0.0
120.0 120.0 0.0
120.0 122.0 0.0
120.0 124.0 0.0
120.0 126.0 0.0
122.0 0.0 0.0
122.0 2.0 0.0
122.0 4.0 0.0
122.0 6.0 0.0
122.0 8.0 0.0
122.0 10.0 0.0
122.0 12.0 0.0
122.0 14.0 0.0
122.0 16.0 0.0
122.0 18.0 0.0
122.0 20.0 0.0
122.0 22.0 0.0
122.0 24.0 0.0
122.0 26.0 0.0
122.0 28.0 0.0
122.0 30.0 0.0
122.0 32.0 0.0
122.0 34.0 0.0
122.0 36.0 0.0
122.0 38.0 0.0
122.0 40.0 0.19814831823971993
122.0 42.0 0.2123271813645499
122.0 44.0 0.35727400581491314
122.0 46.0 0.42819401931860307
122.0 48.0 0.4362206209712575
122.0 50.0 0.42513896901775855
122.0 52.0 0.23474846474332287
122.0 54.0 0.018536275210209185
122.0 56.0 0.0
122.0 58.0 0.0
122.0 60.0 0.0
122.0 62.0 0.0
122.0 64.0 0.0
122.0 66.0 0.0
122.0 68.0 0.0
122.0 70.0 0.0
122.0 72.0 0.0
122.0 74.0 0.0
122.0 76.0 0.0
122.0 78.0 0.003525167210877204
122.0 80.0 0.09698862414634639
122.0 82.0 0.27934940642521944
122.0 84.0 0.3909385036432052
122.0 86.0 0.43482212369097595
122.0 88.0 0.42813313269572695
122.0 90.0 0.0
122.0 92.0 0.0
122.0 94.0 0.0
122.0 96.0 0.0
122.0 98.0 0.0
122.0 100.0 0.0
122.0 102.0 0.0
122.0 104.0 0.0
122.0 106.0 0.0
122.0 108.0 0.0
122.0 110.0 0.0
122.0 112.0 0.0
122.0 114.0 0.0
122.0 116.0 0.0
122.0 118.0 0.0
122.0 120.0 0.0
122.0 122.0 0.0
122.0 124.0 0.0
122.0 126.0 0.0
124.0 0.0 0.0
124.0 2.0 0.0
124.0 4.0 0.0
124.0 6.0 0.0
124.0 8.0 0.0
124.0 10.0 0.0
124.0 12.0 0.0
124.0 14.0 0.0
124.0 16.0 0.0
124.0 18.0 0.0
124.0 20.0 0.0
124.0 22.0 0.0
124.0 24.0 0.0
124.0 26.0 0.0
124.0 28.0 0.0
124.0 30.0 0.0
124.0 32.0 0.0
124.0 34.0 0.0
124.0 36.0 0.0
124.0 38.0 0.0
124.0 40.0 0.0
124.0 42.0 0.0
124.0 44.0 0.0
124.0 46.0 0.5148748289421561
124.0 48.0 0.4826032130678907
124.0 50.0 0.4149245360464258
124.0 52.0 0.36503701676182515
124.0 54.0 0.14277751485691176
124.0 56.0 0.0
124.0 58.0 0.0
124.0 60.0 0.0
124.0 62.0 0.0
124.0 64.0 0.0
124.0 66.0 0.0
124.0 68.0 0.0
124.0 70.0 0.0
124.0 72.0 0.0
124.0 74.0 0.0
124.0 76.0 0.0
124.0 78.0 0.0
124.0 80.0 0.05658701090590224
124.0 82.0 0.24210509427312674
124.0 84.0 0.0
124.0 86.0 0.0
124.0 88.0 0.0
124.0 90.0 0.0
124.0 92.0 0.0
124.0 94.0 0.0
124.0 96.0 0.0
124.0 98.0 0.0
124.0 100.0 0.0
124.0 102.0 0.0
124.0 104.0 0.0
124.0 106.0 0.0
124.0 108.0 0.0
124.0 110.0 0.0
124.0 112.0 0.0
124.0 114.0 0.0
124.0 116.0 0.0
124.0 118.0 0.0
124.0 120.0 0.0
124.0 122.0 0.0
124.0 124.0 0.0
124.0 126.0 0.0
126.0 0.0 0.0
126.0 2.0 0.0
126.0 4.0 0.0
126.0 6.0 0.0
126.0 8.0 0.0
126.0 10.0 0.0
126.0 12.0 0.0
126.0 14.0 0.0
126.0 16.0 0.0
126.0 18.0 0.0
126.0 20.0 0.0
126.0 22.0 0.0
126.0 24.0 0.0
126.0 26.0 0.0
126.0 28.0 0.0
126.0 30.0 0.0
126.0 32.0 0.0
126.0 34.0 0.0
126.0 36.0 0.0
126.0 38.0 0.0
126.0 40.0 0.0
126.0 42.0 0.0
126.0 44.0 0.0
126.0 46.0 0.0
126.0 48.0 0.0
126.0 50.0 0.0
126.0 52.0 0.0
126.0 54.0 0.5254638742817747
126.0 56.0 0.42387541437161796
126.0 58.0 0.26275300401055
126.0 60.0 0.07864083369406817
126.0 62.0 0.0
126.0 64.0 0.0
126.0 66.0 0.0
126.0 68.0 0.0
126.0 70.0 0.0
126.0 72.0 0.0
126.0 74.0 0.0
126.0 76.0 0.0
126.0 78.0 0.0
126.0 80.0 0.0
126.0 82.0 0.0
126.0 84.0 0.0
126.0 86.0 0.0
126.0 88.0 0.0
126.0 90.0 0.0
126.0 92.0 0.0
126.0 94.0 0.0
126.0 96.0 0.0
126.0 98.0 0.0
126.0 100.0 0.0
126.0 102.0 0.0
126.0 104.0 0.0
126.0 106.0 0.0
126.0 108.0 0.0
126.0 110.0 0.0
126.0 112.0 0.0
126.0 114.0 0.0
126.0 116.0 0.0
126.0 118.0 0.0
126.0 120.0 0.0
126.0 122.0 0.0
126.0 124.0 0.0
126.0 126.0 0.0
