0.0 0.0 0.0
0.0 2.0 0.0
0.0 4.0 0.0
0.0 6.0 0.0
0.0 8.0 0.0
0.0 10.0 0.0
0.0 12.0 0.0
0.0 14.0 0.0
0.0 16.0 0.0
0.0 18.0 0.0
0.0 20.0 0.0
0.0 22.0 0.0
0.0 24.0 0.0
0.0 26.0 0.0
0.0 28.0 0.0
0.0 30.0 0.0
0.0 32.0 0.0
0.0 34.0 0.0
0.0 36.0 0.0
0.0 38.0 0.0
0.0 40.0 0.0
0.0 42.0 0.0
0.0 44.0 0.0
0.0 46.0 0.0
0.0 48.0 0.0
0.0 50.0 0.0
0.0 52.0 0.0
0.0 54.0 0.0
0.0 56.0 0.0
0.0 58.0 0.0
0.0 60.0 0.0
0.0 62.0 0.0
0.0 64.0 0.0
0.0 66.0 0.0
0.0 68.0 0.0
0.0 70.0 0.0
0.0 72.0 0.0
0.0 74.0 0.0
0.0 76.0 0.0
0.0 78.0 0.0
0.0 80.0 0.0
0.0 82.0 0.0
0.0 84.0 0.0
0.0 86.0 0.0
0.0 88.0 0.0
0.0 90.0 0.0
0.0 92.0 0.0
0.0 94.0 0.0
0.0 96.0 0.0
0.0 98.0 0.0
0.0 100.0 0.0
0.0 102.0 0.0
0.0 104.0 0.0
0.0 106.0 0.0
0.0 108.0 0.0
0.0 110.0 0.0
0.0 112.0 0.0
0.0 114.0 0.0
0.0 116.0 0.0
0.0 118.0 0.0
0.0 120.0 0.0
0.0 122.0 0.0
0.0 124.0 0.0
0.0 126.0 0.0
2.0 0.0 0.0
2.0 2.0 0.0
2.0 4.0 0.0
2.0 6.0 0.0
2.0 8.0 0.0
2.0 10.0 0.0
2.0 12.0 0.0
2.0 14.0 0.0
2.0 16.0 0.0
2.0 18.0 0.0
2.0 20.0 0.0
2.0 22.0 0.0
2.0 24.0 0.0
2.0 26.0 0.0
2.0 28.0 0.0
2.0 30.0 0.0
2.0 32.0 0.0
2.0 34.0 0.0
2.0 36.0 0.0
2.0 38.0 0.0
2.0 40.0 0.0
2.0 42.0 0.0
2.0 44.0 0.0
2.0 46.0 0.0
2.0 48.0 0.03726207547165438
2.0 50.0 0.0
2.0 52.0 0.0
2.0 54.0 0.0
2.0 56.0 0.0
2.0 58.0 0.0
2.0 60.0 0.0
2.0 62.0 0.0
2.0 64.0 0.0
2.0 66.0 0.0
2.0 68.0 0.024812226338840112
2.0 70.0 0.127475667731585
2.0 72.0 0.2203068621346664
2.0 74.0 0.2987607249878976
2.0 76.0 0.342109962397627
2.0 78.0 0.34139505674529275
2.0 80.0 0.0
2.0 82.0 0.0
2.0 84.0 0.0
2.0 86.0 0.0
2.0 88.0 0.0
2.0 90.0 0.0
2.0 92.0 0.0
2.0 94.0 0.0
2.0 96.0 0.0
2.0 98.0 0.0
2.0 100.0 0.0
2.0 102.0 0.0
2.0 104.0 0.0
2.0 106.0 0.0
2.0 108.0 0.0
2.0 110.0 0.0
2.0 112.0 0.0
2.0 114.0 0.0
2.0 116.0 0.0
2.0 118.0 0.0
2.0 120.0 0.0
2.0 122.0 0.0
2.0 124.0 0.0
2.0 126.0 0.0
4.0 0.0 0.0
4.0 2.0 0.0
4.0 4.0 0.0
4.0 6.0 0.0
4.0 8.0 0.0
4.0 10.0 0.0
4.0 12.0 0.0
4.0 14.0 0.0
4.0 16.0 0.0
4.0 18.0 0.0
4.0 20.0 0.0
4.0 22.0 0.0
4.0 24.0 0.0
4.0 26.0 0.0
4.0 28.0 0.0
4.0 30.0 0.0
4.0 32.0 0.0
4.0 34.0 0.0
4.0 36.0 0.0
4.0 38.0 0.0
4.0 40.0 0.0
4.0 42.0 0.05192955364862415
4.0 44.0 0.0
4.0 46.0 0.0
4.0 48.0 0.0
4.0 50.0 0.0
4.0 52.0 0.0
4.0 54.0 0.0
4.0 56.0 0.0
4.0 58.0 0.0
4.0 60.0 0.0
4.0 62.0 0.0
4.0 64.0 0.0
4.0 66.0 6.098309126230655E-4
4.0 68.0 0.03529621024595869
4.0 70.0 0.12082759455492169
4.0 72.0 0.21153496166614746
4.0 74.0 0.29588235293731024
4.0 76.0 0.3447358469145585
4.0 78.0 0.3506692289604271
4.0 80.0 0.3146316320620466
4.0 82.0 0.28659847690441764
4.0 84.0 0.24917982009162856
4.0 86.0 0.0
4.0 88.0 0.0
4.0 90.0 0.0
4.0 92.0 0.0
4.0 94.0 0.0
4.0 96.0 0.0
4.0 98.0 0.0
4.0 100.0 0.0
4.0 102.0 0.0
4.0 104.0 0.0
4.0 106.0 0.0
4.0 108.0 0.0
4.0 110.0 0.0
4.0 112.0 0.0
4.0 114.0 0.0
4.0 116.0 0.0
4.0 118.0 0.0
4.0 120.0 0.0
4.0 122.0 0.0
4.0 124.0 0.0
4.0 126.0 0.0
6.0 0.0 0.0
6.0 2.0 0.0
6.0 4.0 0.0
6.0 6.0 0.0
6.0 8.0 0.0
6.0 10.0 0.0
6.0 12.0 0.0
6.0 14.0 0.0
6.0 16.0 0.0
6.0 18.0 0.0
6.0 20.0 0.0
6.0 22.0 0.0
6.0 24.0 0.0
6.0 26.0 0.0
6.0 28.0 0.0
6.0 30.0 0.0
6.0 32.0 0.0
6.0 34.0 0.0
6.0 36.0 0.0
6.0 38.0 0.008812687021659743
6.0 40.0 0.0
6.0 42.0 0.0
6.0 44.0 0.0
6.0 46.0 0.0
6.0 48.0 0.0
6.0 50.0 0.0
6.0 52.0 0.0
6.0 54.0 0.0
6.0 56.0 0.0
6.0 58.0 0.0
6.0 60.0 0.0
6.0 62.0 0.0
6.0 64.0 0.0
6.0 66.0 7.662527789987399E-4
6.0 68.0 0.042712943863217036
6.0 70.0 0.12405811469902817
6.0 72.0 0.20773476433908436
6.0 74.0 0.2980064837096526
6.0 76.0 0.3550338587497022
6.0 78.0 0.36960337073914823
6.0 80.0 0.3439478795323967
6.0 82.0 0.30853777325983395
6.0 84.0 0.2866838657882951
6.0 86.0 0.1704495095001118
6.0 88.0 0.008241809425772193
6.0 90.0 0.0
6.0 92.0 0.0
6.0 94.0 0.0
6.0 96.0 0.0
6.0 98.0 0.0
6.0 100.0 0.0
6.0 102.0 0.0
6.0 104.0 0.0
6.0 106.0 0.0
6.0 108.0 0.0
6.0 110.0 0.0
6.0 112.0 0.0
6.0 114.0 0.0
6.0 116.0 0.0
6.0 118.0 0.0
6.0 120.0 0.0
6.0 122.0 0.0
6.0 124.0 0.0
6.0 126.0 0.0
8.0 0.0 0.0
8.0 2.0 0.0
8.0 4.0 0.0
8.0 6.0 0.0
8.0 8.0 0.0
8.0 10.0 0.0
8.0 12.0 0.0
8.0 14.0 0.0
8.0 16.0 0.0
8.0 18.0 0.0
8.0 20.0 0.0
8.0 22.0 0.0
8.0 24.0 0.0
8.0 26.0 0.0
8.0 28.0 0.0
8.0 30.0 0.0
8.0 32.0 0.0
8.0 34.0 0.0
8.0 36.0 0.0
8.0 38.0 0.0
8.0 40.0 0.0
8.0 42.0 0.0
8.0 44.0 0.0
8.0 46.0 0.0
8.0 48.0 0.0
8.0 50.0 0.0
8.0 52.0 0.0
8.0 54.0 0.0
8.0 56.0 0.0
8.0 58.0 0.0
8.0 60.0 0.0
8.0 62.0 0.0
8.0 64.0 0.0
8.0 66.0 0.0024161518478663007
8.0 68.0 0.055315405069658354
8.0 70.0 0.12797630654866804
8.0 72.0 0.2084628623208821
8.0 74.0 0.3050006518939664
8.0 76.0 0.3700106182724892
8.0 78.0 0.39473882945980376
8.0 80.0 0.3735791388382012
8.0 82.0 0.3277422861632106
8.0 84.0 0.3128168126587754
8.0 86.0 0.23388683139814312
8.0 88.0 0.06689837039427791
8.0 90.0 0.0
8.0 92.0 0.0
8.0 94.0 0.0
8.0 96.0 0.0
8.0 98.0 0.0
8.0 100.0 0.0
8.0 102.0 0.0
8.0 104.0 0.0
8.0 106.0 0.0
8.0 108.0 0.0
8.0 110.0 0.0
8.0 112.0 0.0
8.0 114.0 0.0
8.0 116.0 0.0
8.0 118.0 0.0
8.0 120.0 0.0
8.0 122.0 0.0
8.0 124.0 0.0
8.0 126.0 0.0
10.0 0.0 0.0
10.0 2.0 0.0
10.0 4.0 0.0
10.0 6.0 0.0
10.0 8.0 0.0
10.0 10.0 0.0
10.0 12.0 0.0
10.0 14.0 0.0
10.0 16.0 0.0
10.0 18.0 0.0
10.0 20.0 0.0
10.0 22.0 0.0
10.0 24.0 0.0
10.0 26.0 0.0
10.0 28.0 0.0
10.0 30.0 0.0
10.0 32.0 0.0
10.0 34.0 0.0
10.0 36.0 0.0
10.0 38.0 0.0
10.0 40.0 0.0
10.0 42.0 0.0
10.0 44.0 0.0
10.0 46.0 0.0
10.0 48.0 0.0
10.0 50.0 0.0
10.0 52.0 0.0
10.0 54.0 0.0
10.0 56.0 0.0
10.0 58.0 0.0
10.0 60.0 0.0
10.0 62.0 0.0
10.0 64.0 0.0
10.0 66.0 0.012557343258078288
10.0 68.0 0.0642959471344116
10.0 70.0 0.13360118362234027
10.0 72.0 0.21020455246562444
10.0 74.0 0.31528030909556615
10.0 76.0 0.38738915275157754
10.0 78.0 0.4234713418385312
10.0 80.0 0.3857815530274771
10.0 82.0 0.35282160970583054
10.0 84.0 0.3387767757383681
10.0 86.0 0.2820576721882037
10.0 88.0 0.1465435874791314
10.0 90.0 0.0
10.0 92.0 0.0
10.0 94.0 0.0
10.0 96.0 0.0
10.0 98.0 0.0
10.0 100.0 0.0
10.0 102.0 0.0
10.0 104.0 0.0
10.0 106.0 0.0
10.0 108.0 0.0
10.0 110.0 0.0
10.0 112.0 0.0
10.0 114.0 0.0
10.0 116.0 0.0
10.0 118.0 0.0
10.0 120.0 0.0
10.0 122.0 0.0
10.0 124.0 0.0
10.0 126.0 0.0
12.0 0.0 0.0
12.0 2.0 0.0
12.0 4.0 0.0
12.0 6.0 0.0
12.0 8.0 0.0
12.0 10.0 0.0
12.0 12.0 0.0
12.0 14.0 0.0
12.0 16.0 0.0
12.0 18.0 0.0
12.0 20.0 0.0
12.0 22.0 0.0
12.0 24.0 0.0
12.0 26.0 0.0
12.0 28.0 0.0
12.0 30.0 0.0
12.0 32.0 0.0
12.0 34.0 0.0
12.0 36.0 0.0
12.0 38.0 0.0
12.0 40.0 0.0
12.0 42.0 0.0
12.0 44.0 0.0
12.0 46.0 0.0
12.0 48.0 0.0
12.0 50.0 0.0
12.0 52.0 0.0
12.0 54.0 0.0
12.0 56.0 0.0
12.0 58.0 0.0
12.0 60.0 0.0
12.0 62.0 0.0
12.0 64.0 0.0
12.0 66.0 0.01383078463927155
12.0 68.0 0.06887463007484278
12.0 70.0 0.13652761239596178
12.0 72.0 0.21563114098998745
12.0 74.0 0.3128135281412171
12.0 76.0 0.39413023567669625
12.0 78.0 0.43962579241330585
12.0 80.0 0.44193473247493614
12.0 82.0 0.3833917399053597
12.0 84.0 0.35064403965008095
12.0 86.0 0.324264656478973
12.0 88.0 0.19308552827877243
12.0 90.0 0.010746906397374134
12.0 92.0 0.0
12.0 94.0 0.0
12.0 96.0 0.0
12.0 98.0 0.0
12.0 100.0 0.0
12.0 102.0 0.0
12.0 104.0 0.0
12.0 106.0 0.0
12.0 108.0 0.0
12.0 110.0 0.0
12.0 112.0 0.0
12.0 114.0 0.0
12.0 116.0 0.0
12.0 118.0 0.0
12.0 120.0 0.0
12.0 122.0 0.0
12.0 124.0 0.0
12.0 126.0 0.0
14.0 0.0 0.0
14.0 2.0 0.0
14.0 4.0 0.0
14.0 6.0 0.0
14.0 8.0 0.0
14.0 10.0 0.0
14.0 12.0 0.0
14.0 14.0 0.0
14.0 16.0 0.0
14.0 18.0 0.0
14.0 20.0 0.0
14.0 22.0 0.0
14.0 24.0 0.0
14.0 26.0 0.0
14.0 28.0 0.0
14.0 30.0 0.0
14.0 32.0 0.0
14.0 34.0 0.0
14.0 36.0 0.0
14.0 38.0 0.0
14.0 40.0 0.0
14.0 42.0 0.0
14.0 44.0 0.0
14.0 46.0 0.0
14.0 48.0 0.0
14.0 50.0 0.0
14.0 52.0 0.0
14.0 54.0 0.0
14.0 56.0 0.0
14.0 58.0 0.0
14.0 60.0 0.0
14.0 62.0 0.0
14.0 64.0 0.0
14.0 66.0 0.013703017547353924
14.0 68.0 0.06255523542023214
14.0 70.0 0.1333681580196987
14.0 72.0 0.21251058111807564
14.0 74.0 0.3149387183304169
14.0 76.0 0.4003300079262937
14.0 78.0 0.4521968872005501
14.0 80.0 0.46663700022914184
14.0 82.0 0.41744717915506596
14.0 84.0 0.3767949705019229
14.0 86.0 0.3566388331504821
14.0 88.0 0.24402635858316693
14.0 90.0 0.05005121176301769
14.0 92.0 0.0
14.0 94.0 0.0
14.0 96.0 0.0
14.0 98.0 0.0
14.0 100.0 0.0
14.0 102.0 0.0
14.0 104.0 0.0
14.0 106.0 0.0
14.0 108.0 0.0
14.0 110.0 0.0
14.0 112.0 0.0
14.0 114.0 0.0
14.0 116.0 0.0
14.0 118.0 0.0
14.0 120.0 0.0
14.0 122.0 0.0
14.0 124.0 0.0
14.0 126.0 0.0
16.0 0.0 0.0
16.0 2.0 0.0
16.0 4.0 0.0
16.0 6.0 0.0
16.0 8.0 0.0
16.0 10.0 0.0
16.0 12.0 0.0
16.0 14.0 0.0
16.0 16.0 0.0
16.0 18.0 0.0
16.0 20.0 0.0
16.0 22.0 0.0
16.0 24.0 0.0
16.0 26.0 0.0
16.0 28.0 0.0
16.0 30.0 0.0
16.0 32.0 0.0
16.0 34.0 0.0
16.0 36.0 0.0
16.0 38.0 0.0
16.0 40.0 0.0
16.0 42.0 0.0
16.0 44.0 0.0
16.0 46.0 0.0
16.0 48.0 0.0
16.0 50.0 0.0
16.0 52.0 0.0
16.0 54.0 0.0
16.0 56.0 0.0
16.0 58.0 8.50596431409363E-4
16.0 60.0 0.0
16.0 62.0 0.0
16.0 64.0 0.0
16.0 66.0 0.007467904841603823
16.0 68.0 0.05422537261149497
16.0 70.0 0.12134816381408221
16.0 72.0 0.20555835830014746
16.0 74.0 0.30182989024412277
16.0 76.0 0.3929406834782607
16.0 78.0 0.45509324243473775
16.0 80.0 0.48217621089763935
16.0 82.0 0.47549248105312536
16.0 84.0 0.41632462918631186
16.0 86.0 0.37770461103268693
16.0 88.0 0.30531086966997256
16.0 90.0 0.08930894579605224
16.0 92.0 0.0
16.0 94.0 0.0
16.0 96.0 0.0
16.0 98.0 0.0
16.0 100.0 0.0
16.0 102.0 0.0
16.0 104.0 0.0
16.0 106.0 0.0
16.0 108.0 0.0
16.0 110.0 0.0
16.0 112.0 0.0
16.0 114.0 0.0
16.0 116.0 0.0
16.0 118.0 0.0
16.0 120.0 0.0
16.0 122.0 0.0
16.0 124.0 0.0
16.0 126.0 0.0
18.0 0.0 0.0
18.0 2.0 0.0
18.0 4.0 0.0
18.0 6.0 0.0
18.0 8.0 0.0
18.0 10.0 0.0
18.0 12.0 0.0
18.0 14.0 0.0
18.0 16.0 0.0
18.0 18.0 0.0
18.0 20.0 0.0
18.0 22.0 0.03395379309199292
18.0 24.0 0.07631431277778382
18.0 26.0 0.0723141772145418
18.0 28.0 0.04343259958063867
18.0 30.0 1.2412598717642808E-4
18.0 32.0 0.0
18.0 34.0 0.0
18.0 36.0 0.0
18.0 38.0 0.0
18.0 40.0 0.0
18.0 42.0 0.0
18.0 44.0 0.0
18.0 46.0 0.0
18.0 48.0 0.0
18.0 50.0 0.0
18.0 52.0 0.0
18.0 54.0 0.0
18.0 56.0 0.002725913847268117
18.0 58.0 0.005916445575093308
18.0 60.0 0.0
18.0 62.0 0.0
18.0 64.0 0.0
18.0 66.0 0.004252471032055923
18.0 68.0 0.03774508396557495
18.0 70.0 0.09795145068027472
18.0 72.0 0.1835206782792104
18.0 74.0 0.28672913186619625
18.0 76.0 0.3827612332206532
18.0 78.0 0.45400741624159036
18.0 80.0 0.48926574775965564
18.0 82.0 0.493899887021201
18.0 84.0 0.4641357091958678
18.0 86.0 0.39636345777523724
18.0 88.0 0.35355397645171305
18.0 90.0 0.14035640659737206
18.0 92.0 0.0
18.0 94.0 0.0
18.0 96.0 0.0
18.0 98.0 0.0
18.0 100.0 0.0
18.0 102.0 0.0
18.0 104.0 0.0
18.0 106.0 0.0
18.0 108.0 0.0
18.0 110.0 0.0
18.0 112.0 0.0
18.0 114.0 0.0
18.0 116.0 0.0
18.0 118.0 0.0
18.0 120.0 0.0
18.0 122.0 0.0
18.0 124.0 0.0
18.0 126.0 0.0
20.0 0.0 0.0
20.0 2.0 0.0
20.0 4.0 0.0
20.0 6.0 0.0
20.0 8.0 0.0
20.0 10.0 0.0
20.0 12.0 0.0
20.0 14.0 0.0
20.0 16.0 0.0
20.0 18.0 0.007609122065986726
20.0 20.0 0.1574273250871507
20.0 22.0 0.16749553746675916
20.0 24.0 0.14675248977648234
20.0 26.0 0.11628925534170252
20.0 28.0 0.07657908576350851
20.0 30.0 0.002856346322556803
20.0 32.0 0.0
20.0 34.0 0.0
20.0 36.0 0.0
20.0 38.0 0.0
20.0 40.0 0.0
20.0 42.0 0.0
20.0 44.0 0.0
20.0 46.0 0.0
20.0 48.0 0.0
20.0 50.0 0.0
20.0 52.0 0.0
20.0 54.0 0.0
20.0 56.0 0.0025611152996303614
20.0 58.0 0.0027074432655316526
20.0 60.0 0.0
20.0 62.0 0.0
20.0 64.0 0.0
20.0 66.0 4.7965422627321564E-4
20.0 68.0 0.014015633117807071
20.0 70.0 0.0610638095338231
20.0 72.0 0.1423766150320617
20.0 74.0 0.23344509161570204
20.0 76.0 0.3213534593589587
20.0 78.0 0.42235732163535494
20.0 80.0 0.48560264646350015
20.0 82.0 0.5015625382046079
20.0 84.0 0.4841154431114241
20.0 86.0 0.43121983364735805
20.0 88.0 0.38864335243584275
20.0 90.0 0.19821996646020856
20.0 92.0 0.0
20.0 94.0 0.0
20.0 96.0 0.0
20.0 98.0 0.0
20.0 100.0 0.0
20.0 102.0 0.0
20.0 104.0 0.0
20.0 106.0 0.0
20.0 108.0 0.0
20.0 110.0 0.0
20.0 112.0 0.0
20.0 114.0 0.0
20.0 116.0 0.0
20.0 118.0 0.0
20.0 120.0 0.0
20.0 122.0 0.0
20.0 124.0 0.0
20.0 126.0 0.0
22.0 0.0 0.0
22.0 2.0 0.0
22.0 4.0 0.0
22.0 6.0 0.0
22.0 8.0 0.0
22.0 10.0 0.0
22.0 12.0 0.0
22.0 14.0 0.0
22.0 16.0 0.0794825979786045
22.0 18.0 0.23188955126728739
22.0 20.0 0.21606731436445772
22.0 22.0 0.18073790858469932
22.0 24.0 0.1394820773775993
22.0 26.0 0.10205007898721312
22.0 28.0 0.06866036260753348
22.0 30.0 0.02426798248321482
22.0 32.0 0.0
22.0 34.0 0.0
22.0 36.0 0.0
22.0 38.0 0.0
22.0 40.0 0.0
22.0 42.0 0.0
22.0 44.0 0.0
22.0 46.0 0.0
22.0 48.0 0.0
22.0 50.0 0.0
22.0 52.0 0.0
22.0 54.0 0.0
22.0 56.0 0.0
22.0 58.0 0.0
22.0 60.0 0.0
22.0 62.0 0.0
22.0 64.0 0.0
22.0 66.0 0.0
22.0 68.0 0.0
22.0 70.0 0.008239170048307173
22.0 72.0 0.07170897934957969
22.0 74.0 0.18361385313791542
22.0 76.0 0.299110313518314
22.0 78.0 0.3861456189108494
22.0 80.0 0.448608826980643
22.0 82.0 0.4874269417065227
22.0 84.0 0.48647754739452936
22.0 86.0 0.4432817616457623
22.0 88.0 0.4065628173502043
22.0 90.0 0.2596745759012172
22.0 92.0 0.011664624255751136
22.0 94.0 0.0
22.0 96.0 0.0
22.0 98.0 0.0
22.0 100.0 0.0
22.0 102.0 0.0
22.0 104.0 0.0
22.0 106.0 0.0
22.0 108.0 0.0
22.0 110.0 0.0
22.0 112.0 0.0
22.0 114.0 0.0
22.0 116.0 0.0
22.0 118.0 0.0
22.0 120.0 0.0
22.0 122.0 0.0
22.0 124.0 0.0
22.0 126.0 0.0
24.0 0.0 0.0
24.0 2.0 0.0
24.0 4.0 0.0
24.0 6.0 0.0
24.0 8.0 0.0
24.0 10.0 0.0
24.0 12.0 0.0
24.0 14.0 0.18003140239477466
24.0 16.0 0.2958748329925493
24.0 18.0 0.2515551887398019
24.0 20.0 0.203486474530544
24.0 22.0 0.14715266534684487
24.0 24.0 0.09114803299755454
24.0 26.0 0.052478756527659876
24.0 28.0 0.03358033506186351
24.0 30.0 0.022821441652608923
24.0 32.0 0.013355793279067782
24.0 34.0 0.011232169015445574
24.0 36.0 0.04400904931559915
24.0 38.0 0.07193648643936167
24.0 40.0 0.07061578502385624
24.0 42.0 0.07518596725895688
24.0 44.0 0.08032456842804694
24.0 46.0 0.07595909789488103
24.0 48.0 0.05156132767588418
24.0 50.0 0.003152491773932764
24.0 52.0 0.0
24.0 54.0 0.0
24.0 56.0 0.0
24.0 58.0 0.0
24.0 60.0 0.0
24.0 62.0 0.0
24.0 64.0 0.0
24.0 66.0 0.0
24.0 68.0 0.0
24.0 70.0 0.0
24.0 72.0 2.9854488494677285E-4
24.0 74.0 0.08762389118238123
24.0 76.0 0.256441309879825
24.0 78.0 0.3617927851970728
24.0 80.0 0.43943585877984864
24.0 82.0 0.4813409733630532
24.0 84.0 0.48847595028825724
24.0 86.0 0.4575286716353903
24.0 88.0 0.38364164790596383
24.0 90.0 0.282937944509206
24.0 92.0 0.038054080697067054
24.0 94.0 0.0
24.0 96.0 0.0
24.0 98.0 0.0
24.0 100.0 0.0
24.0 102.0 0.0
24.0 104.0 0.0
24.0 106.0 0.0
24.0 108.0 0.0
24.0 110.0 0.0
24.0 112.0 0.0
24.0 114.0 0.0
24.0 116.0 0.0
24.0 118.0 0.0
24.0 120.0 0.0
24.0 122.0 0.0
24.0 124.0 0.0
24.0 126.0 0.0
26.0 0.0 0.0
26.0 2.0 0.0
26.0 4.0 0.0
26.0 6.0 0.0
26.0 8.0 0.0
26.0 10.0 0.0
26.0 12.0 0.0
26.0 14.0 0.28493985079566714
26.0 16.0 0.33049831396759183
26.0 18.0 0.24683634025788195
26.0 20.0 0.18590378802643262
26.0 22.0 0.11498370171657722
26.0 24.0 0.053333153035886316
26.0 26.0 0.013682440016258164
26.0 28.0 0.009372527599765168
26.0 30.0 0.03191596019473267
26.0 32.0 0.05933478431829661
26.0 34.0 0.09959894720328384
26.0 36.0 0.14035756865211937
26.0 38.0 0.1735612767133455
26.0 40.0 0.1901605113239332
26.0 42.0 0.2067137491978909
26.0 44.0 0.22037923734625067
26.0 46.0 0.22313443213263973
26.0 48.0 0.21293446539232838
26.0 50.0 0.17124098673688756
26.0 52.0 0.08917366201395355
26.0 54.0 0.023919395488610495
26.0 56.0 0.0
26.0 58.0 0.0
26.0 60.0 0.0
26.0 62.0 0.0
26.0 64.0 0.0
26.0 66.0 0.0
26.0 68.0 0.0
26.0 70.0 0.0
26.0 72.0 0.0
26.0 74.0 0.0
26.0 76.0 0.12310823578719444
26.0 78.0 0.3051327813685352
26.0 80.0 0.3818531648452312
26.0 82.0 0.41060158560853316
26.0 84.0 0.4170083396942081
26.0 86.0 0.40321980856352324
26.0 88.0 0.38605773357452383
26.0 90.0 0.3121277985078941
26.0 92.0 0.06904351627515233
26.0 94.0 0.0
26.0 96.0 0.0
26.0 98.0 0.0
26.0 100.0 0.0
26.0 102.0 0.0
26.0 104.0 0.0
26.0 106.0 0.0
26.0 108.0 0.0
26.0 110.0 0.0
26.0 112.0 0.0
26.0 114.0 0.02001586109539197
26.0 116.0 0.0
26.0 118.0 0.0
26.0 120.0 0.0
26.0 122.0 0.0
26.0 124.0 0.0
26.0 126.0 0.0
28.0 0.0 0.0
28.0 2.0 0.0
28.0 4.0 0.0
28.0 6.0 0.0
28.0 8.0 0.0
28.0 10.0 0.0
28.0 12.0 0.3825898647249368
28.0 14.0 0.32999738970663245
28.0 16.0 0.2555632106168147
28.0 18.0 0.18988836148597477
28.0 20.0 0.1122114329501318
28.0 22.0 0.037392618554543657
28.0 24.0 0.004764755766021444
28.0 26.0 0.0
28.0 28.0 5.011883401355474E-5
28.0 30.0 0.033679048421086946
28.0 32.0 0.10104984878606345
28.0 34.0 0.1844245066635409
28.0 36.0 0.2569263079075597
28.0 38.0 0.2706643750227096
28.0 40.0 0.2994253535550519
28.0 42.0 0.3152521607964756
28.0 44.0 0.3330170483181312
28.0 46.0 0.33686731242647316
28.0 48.0 0.3206493204826974
28.0 50.0 0.34403296486461893
28.0 52.0 0.22116440211747257
28.0 54.0 0.07108607852512601
28.0 56.0 0.0
28.0 58.0 0.0
28.0 60.0 0.0
28.0 62.0 0.0
28.0 64.0 0.0
28.0 66.0 0.0
28.0 68.0 0.0
28.0 70.0 0.0
28.0 72.0 0.0
28.0 74.0 0.0
28.0 76.0 0.004206653801984835
28.0 78.0 0.19581664328492276
28.0 80.0 0.3195537250537024
28.0 82.0 0.3627848028517724
28.0 84.0 0.38220051102647407
28.0 86.0 0.3798622061114328
28.0 88.0 0.3594532269249178
28.0 90.0 0.3164192596066337
28.0 92.0 0.11445451637810032
28.0 94.0 0.0
28.0 96.0 0.0
28.0 98.0 0.0
28.0 100.0 0.0
28.0 102.0 0.0
28.0 104.0 0.0
28.0 106.0 0.0
28.0 108.0 0.0
28.0 110.0 0.0
28.0 112.0 0.0
28.0 114.0 0.009582070785420383
28.0 116.0 0.19218111125702722
28.0 118.0 0.0
28.0 120.0 0.0
28.0 122.0 0.0
28.0 124.0 0.0
28.0 126.0 0.0
30.0 0.0 0.0
30.0 2.0 0.0
30.0 4.0 0.0
30.0 6.0 0.0
30.0 8.0 0.0
30.0 10.0 0.4160774140007261
30.0 12.0 0.31880476459820345
30.0 14.0 0.24667757517798983
30.0 16.0 0.1809794216328794
30.0 18.0 0.0867598747257124
30.0 20.0 0.028286135760689186
30.0 22.0 0.003741021301854171
30.0 24.0 0.0
30.0 26.0 0.0
30.0 28.0 6.298559654930544E-4
30.0 30.0 0.04522788507151778
30.0 32.0 0.12991681719758275
30.0 34.0 0.23226156897310837
30.0 36.0 0.32831132314493006
30.0 38.0 0.3816533967002154
30.0 40.0 0.3939966661979187
30.0 42.0 0.42118731133857223
30.0 44.0 0.43676900488615056
30.0 46.0 0.44171930131142195
30.0 48.0 0.47659470858777603
30.0 50.0 0.49854936305194447
30.0 52.0 0.3553078190669235
30.0 54.0 0.13003041263532408
30.0 56.0 2.506181740177117E-4
30.0 58.0 0.0
30.0 60.0 0.0
30.0 62.0 0.0
30.0 64.0 0.0
30.0 66.0 0.0
30.0 68.0 0.0
30.0 70.0 0.0
30.0 72.0 0.0
30.0 74.0 0.0
30.0 76.0 0.0
30.0 78.0 0.06253529868013814
30.0 80.0 0.22712507382580138
30.0 82.0 0.3106326016712867
30.0 84.0 0.34051879826424863
30.0 86.0 0.3517109028780154
30.0 88.0 0.33313482815761064
30.0 90.0 0.31241369738380526
30.0 92.0 0.15502903562100842
30.0 94.0 9.602027285467975E-4
30.0 96.0 0.0
30.0 98.0 0.0
30.0 100.0 0.0
30.0 102.0 0.0
30.0 104.0 0.0
30.0 106.0 0.0
30.0 108.0 0.0
30.0 110.0 0.0
30.0 112.0 0.0
30.0 114.0 0.006874664496533665
30.0 116.0 0.17705203903852615
30.0 118.0 0.0
30.0 120.0 0.0
30.0 122.0 0.0
30.0 124.0 0.0
30.0 126.0 0.0
32.0 0.0 0.0
32.0 2.0 0.0
32.0 4.0 0.0
32.0 6.0 0.0
32.0 8.0 0.0
32.0 10.0 0.3999264987281424
32.0 12.0 0.30362587360723287
32.0 14.0 0.2288888047665265
32.0 16.0 0.14420778255331895
32.0 18.0 0.055467056910209554
32.0 20.0 0.011315376533796136
32.0 22.0 0.0
32.0 24.0 0.0
32.0 26.0 0.0
32.0 28.0 0.0
32.0 30.0 0.03918697400803823
32.0 32.0 0.13456817306646307
32.0 34.0 0.24492931038218366
32.0 36.0 0.3551368200404535
32.0 38.0 0.40507306555122735
32.0 40.0 0.4132328838808637
32.0 42.0 0.4395586252590511
32.0 44.0 0.46947200055482097
32.0 46.0 0.482056606044077
32.0 48.0 0.5823060467403502
32.0 50.0 0.584386071658814
32.0 52.0 0.45803552359956784
32.0 54.0 0.19606500108657934
32.0 56.0 0.008346937903171927
32.0 58.0 0.0
32.0 60.0 0.0
32.0 62.0 0.0
32.0 64.0 0.0
32.0 66.0 0.0
32.0 68.0 0.0
32.0 70.0 0.0
32.0 72.0 0.0
32.0 74.0 0.0
32.0 76.0 0.0
32.0 78.0 0.007896764333867061
32.0 80.0 0.1439986971293206
32.0 82.0 0.2686650893784848
32.0 84.0 0.3333482203030956
32.0 86.0 0.3574459934548245
32.0 88.0 0.3426685722645373
32.0 90.0 0.2844026946542146
32.0 92.0 0.1877539597651422
32.0 94.0 0.05913135138686356
32.0 96.0 0.0
32.0 98.0 0.0
32.0 100.0 0.0
32.0 102.0 0.0
32.0 104.0 0.0
32.0 106.0 0.0
32.0 108.0 0.0
32.0 110.0 0.0
32.0 112.0 0.0
32.0 114.0 0.009387200759052671
32.0 116.0 0.16629024760774244
32.0 118.0 0.3223999364302059
32.0 120.0 0.0
32.0 122.0 0.0
32.0 124.0 0.0
32.0 126.0 0.0
34.0 0.0 0.0
34.0 2.0 0.0
34.0 4.0 0.0
34.0 6.0 0.0
34.0 8.0 0.40454504757542714
34.0 10.0 0.289728816882202
34.0 12.0 0.22326385315157338
34.0 14.0 0.13875000104781535
34.0 16.0 0.029089335230105155
34.0 18.0 0.0
34.0 20.0 0.0
34.0 22.0 0.0
34.0 24.0 0.0
34.0 26.0 0.0
34.0 28.0 0.0
34.0 30.0 0.017220784616455206
34.0 32.0 0.1062731199342158
34.0 34.0 0.22322312713284917
34.0 36.0 0.3194770344819651
34.0 38.0 0.3640708231584086
34.0 40.0 0.40905684433293393
34.0 42.0 0.4615501222672717
34.0 44.0 0.4936549104040478
34.0 46.0 0.5092399262610782
34.0 48.0 0.5743350792515737
34.0 50.0 0.5726093005544461
34.0 52.0 0.4685418183895598
34.0 54.0 0.2559371889370064
34.0 56.0 0.023990096857387105
34.0 58.0 0.0
34.0 60.0 0.0
34.0 62.0 0.0
34.0 64.0 0.0
34.0 66.0 0.0
34.0 68.0 0.0
34.0 70.0 0.0
34.0 72.0 0.0
34.0 74.0 0.0
34.0 76.0 0.0
34.0 78.0 0.0
34.0 80.0 0.0673458314431796
34.0 82.0 0.18289224127981143
34.0 84.0 0.2610937041378275
34.0 86.0 0.3002878567976121
34.0 88.0 0.3032985187155967
34.0 90.0 0.27213581589064223
34.0 92.0 0.21107643852260052
34.0 94.0 0.11234994921496987
34.0 96.0 0.00574122064780585
34.0 98.0 0.0
34.0 100.0 0.0
34.0 102.0 0.0
34.0 104.0 0.0
34.0 106.0 0.0
34.0 108.0 0.0
34.0 110.0 0.0
34.0 112.0 0.0
34.0 114.0 0.020708857079368204
34.0 116.0 0.16713385371944445
34.0 118.0 0.3030860195737308
34.0 120.0 0.0
34.0 122.0 0.0
34.0 124.0 0.0
34.0 126.0 0.0
36.0 0.0 0.0
36.0 2.0 0.0
36.0 4.0 0.0
36.0 6.0 0.0
36.0 8.0 0.3740226920928564
36.0 10.0 0.2646649408499349
36.0 12.0 0.1952118085998232
36.0 14.0 0.09484056379713728
36.0 16.0 0.007886990644736226
36.0 18.0 0.0
36.0 20.0 0.0
36.0 22.0 0.0
36.0 24.0 0.0
36.0 26.0 0.0
36.0 28.0 0.0
36.0 30.0 0.0
36.0 32.0 0.03869659333874895
36.0 34.0 0.1688177928142426
36.0 36.0 0.25953343339436885
36.0 38.0 0.330429214435716
36.0 40.0 0.3916864834004328
36.0 42.0 0.44812992329487494
36.0 44.0 0.482534721428907
36.0 46.0 0.5017057870654921
36.0 48.0 0.5035241967643022
36.0 50.0 0.5465890336726554
36.0 52.0 0.46562955141528817
36.0 54.0 0.28910195446746945
36.0 56.0 0.04773799242426976
36.0 58.0 0.0
36.0 60.0 0.0
36.0 62.0 0.0
36.0 64.0 0.0
36.0 66.0 0.0
36.0 68.0 0.0
36.0 70.0 0.0
36.0 72.0 0.0
36.0 74.0 0.0
36.0 76.0 0.0
36.0 78.0 0.0
36.0 80.0 0.01426379055429374
36.0 82.0 0.1152451516028223
36.0 84.0 0.1948498428918135
36.0 86.0 0.25030161169090137
36.0 88.0 0.28087004743434413
36.0 90.0 0.2639935702204855
36.0 92.0 0.22003806383870772
36.0 94.0 0.14428194894593813
36.0 96.0 0.03330792445164519
36.0 98.0 0.0
36.0 100.0 0.0
36.0 102.0 0.0
36.0 104.0 0.0
36.0 106.0 0.0
36.0 108.0 0.0
36.0 110.0 0.0
36.0 112.0 0.0024674013536501492
36.0 114.0 0.04862356251431071
36.0 116.0 0.17650907648154632
36.0 118.0 0.27093476255426935
36.0 120.0 0.2664576949481457
36.0 122.0 0.0
36.0 124.0 0.0
36.0 126.0 0.0
38.0 0.0 0.0
38.0 2.0 0.0
38.0 4.0 0.0
38.0 6.0 0.29991897565030917
38.0 8.0 0.21668631158263563
38.0 10.0 0.16201947117592122
38.0 12.0 0.08831716451736416
38.0 14.0 0.00314969274271595
38.0 16.0 0.0
38.0 18.0 0.0
38.0 20.0 0.0
38.0 22.0 0.0
38.0 24.0 0.0
38.0 26.0 0.0
38.0 28.0 0.0
38.0 30.0 0.0
38.0 32.0 0.001266953476814974
38.0 34.0 0.08393731249500185
38.0 36.0 0.20377269890728433
38.0 38.0 0.28433894771854523
38.0 40.0 0.353672284318369
38.0 42.0 0.4152115080205299
38.0 44.0 0.45718345288580925
38.0 46.0 0.4815145568340853
38.0 48.0 0.48703485202765967
38.0 50.0 0.46935699376802714
38.0 52.0 0.47318161419714916
38.0 54.0 0.3236198352303193
38.0 56.0 0.06908606191217331
38.0 58.0 0.0
38.0 60.0 0.0
38.0 62.0 0.0
38.0 64.0 0.0
38.0 66.0 0.0
38.0 68.0 0.0
38.0 70.0 0.0
38.0 72.0 0.0
38.0 74.0 0.0
38.0 76.0 0.0
38.0 78.0 0.0
38.0 80.0 0.002027229281033391
38.0 82.0 0.06264712940754606
38.0 84.0 0.14357774695992404
38.0 86.0 0.20130716649253297
38.0 88.0 0.23048260905487963
38.0 90.0 0.2330864870730981
38.0 92.0 0.21557140716764525
38.0 94.0 0.16775688986349535
38.0 96.0 0.0643333719908483
38.0 98.0 0.0
38.0 100.0 0.0
38.0 102.0 0.0
38.0 104.0 0.0
38.0 106.0 0.0
38.0 108.0 0.005194864095462643
38.0 110.0 0.019698984266657237
38.0 112.0 0.05370223175268679
38.0 114.0 0.11357030609025169
38.0 116.0 0.1909403387465816
38.0 118.0 0.21968789905755734
38.0 120.0 0.14172096893198596
38.0 122.0 0.0
38.0 124.0 0.0
38.0 126.0 0.0
40.0 0.0 0.0
40.0 2.0 0.0
40.0 4.0 0.0
40.0 6.0 0.18506752320092346
40.0 8.0 0.12636030545759175
40.0 10.0 0.11788399252076738
40.0 12.0 0.054360126774044025
40.0 14.0 0.0
40.0 16.0 0.0
40.0 18.0 0.0
40.0 20.0 0.0
40.0 22.0 0.0
40.0 24.0 0.0
40.0 26.0 0.0
40.0 28.0 0.0
40.0 30.0 0.0
40.0 32.0 0.0
40.0 34.0 0.008385116269767165
40.0 36.0 0.12696161743736603
40.0 38.0 0.22893533688483955
40.0 40.0 0.3062038126610322
40.0 42.0 0.3777768867742835
40.0 44.0 0.4305737450898852
40.0 46.0 0.4589393737198238
40.0 48.0 0.4641838386885981
40.0 50.0 0.44873185103550495
40.0 52.0 0.4214417676324609
40.0 54.0 0.33700531178151144
40.0 56.0 0.1072675665831833
40.0 58.0 0.0
40.0 60.0 0.0
40.0 62.0 0.0
40.0 64.0 0.0
40.0 66.0 0.0
40.0 68.0 0.0
40.0 70.0 0.0
40.0 72.0 0.0
40.0 74.0 0.0
40.0 76.0 0.0
40.0 78.0 0.0
40.0 80.0 0.0
40.0 82.0 0.020267929992851517
40.0 84.0 0.08869363008396815
40.0 86.0 0.14227353593357703
40.0 88.0 0.18120782453221007
40.0 90.0 0.19619118425541993
40.0 92.0 0.19711579424680417
40.0 94.0 0.16722511230966233
40.0 96.0 0.09321819121431325
40.0 98.0 0.004972463672945835
40.0 100.0 0.0
40.0 102.0 7.790305862281705E-4
40.0 104.0 0.010303745568987692
40.0 106.0 0.04143274079699339
40.0 108.0 0.06731185801603116
40.0 110.0 0.10614240605231541
40.0 112.0 0.13845574581004533
40.0 114.0 0.18080172315399903
40.0 116.0 0.21469525494825925
40.0 118.0 0.18040584146805713
40.0 120.0 0.050935690633157615
40.0 122.0 0.0
40.0 124.0 0.0
40.0 126.0 0.0
42.0 0.0 0.0
42.0 2.0 0.0
42.0 4.0 0.008373570407662134
42.0 6.0 0.0742519206187604
42.0 8.0 0.12050600278752005
42.0 10.0 0.11951155828810482
42.0 12.0 0.039909137669364984
42.0 14.0 0.0
42.0 16.0 0.0
42.0 18.0 0.0
42.0 20.0 0.0
42.0 22.0 0.0
42.0 24.0 0.0
42.0 26.0 0.0
42.0 28.0 0.0
42.0 30.0 0.0
42.0 32.0 0.0
42.0 34.0 0.0
42.0 36.0 0.025092038152819577
42.0 38.0 0.1492089027437166
42.0 40.0 0.2621061852099083
42.0 42.0 0.3591923184281163
42.0 44.0 0.4140110189447667
42.0 46.0 0.41905916907795904
42.0 48.0 0.42726078796177597
42.0 50.0 0.41758212628022645
42.0 52.0 0.41528296032337164
42.0 54.0 0.34929140024645705
42.0 56.0 0.14698859278865428
42.0 58.0 0.0
42.0 60.0 0.0
42.0 62.0 0.0
42.0 64.0 0.0
42.0 66.0 0.0
42.0 68.0 0.0
42.0 70.0 0.0
42.0 72.0 0.0
42.0 74.0 0.0
42.0 76.0 0.0
42.0 78.0 0.0
42.0 80.0 0.0
42.0 82.0 0.002707239423703321
42.0 84.0 0.03095746508842048
42.0 86.0 0.0762008875613428
42.0 88.0 0.12063715721061523
42.0 90.0 0.1451436229801108
42.0 92.0 0.15874665071085683
42.0 94.0 0.14111048401262863
42.0 96.0 0.11079394259635568
42.0 98.0 0.04673861320549849
42.0 100.0 0.0020253062038342756
42.0 102.0 0.01705216997591156
42.0 104.0 0.07279151241933489
42.0 106.0 0.10710698968715422
42.0 108.0 0.1345736138868948
42.0 110.0 0.17741423339338802
42.0 112.0 0.21833415650043697
42.0 114.0 0.2429385276542718
42.0 116.0 0.24615108461211796
42.0 118.0 0.16721149951075345
42.0 120.0 0.023530700742977282
42.0 122.0 0.0
42.0 124.0 0.0
42.0 126.0 0.0
44.0 0.0 0.0
44.0 2.0 0.0
44.0 4.0 0.0
44.0 6.0 0.054901747060198645
44.0 8.0 0.09965678953996264
44.0 10.0 0.10429201451323115
44.0 12.0 0.021366032403587084
44.0 14.0 0.0
44.0 16.0 0.0
44.0 18.0 0.0
44.0 20.0 0.0
44.0 22.0 0.0
44.0 24.0 0.0
44.0 26.0 0.0
44.0 28.0 0.0
44.0 30.0 0.0
44.0 32.0 0.0
44.0 34.0 0.0
44.0 36.0 1.7704216456639207E-4
44.0 38.0 0.05283615611006376
44.0 40.0 0.1803414824406352
44.0 42.0 0.30442357415459664
44.0 44.0 0.3400859972184907
44.0 46.0 0.36439192908750345
44.0 48.0 0.3867396440239483
44.0 50.0 0.3863252097369898
44.0 52.0 0.4095038836408227
44.0 54.0 0.36031672883379184
44.0 56.0 0.18246138308753815
44.0 58.0 0.0
44.0 60.0 0.0
44.0 62.0 0.0
44.0 64.0 0.0
44.0 66.0 0.0
44.0 68.0 0.0
44.0 70.0 0.0
44.0 72.0 0.0
44.0 74.0 0.0
44.0 76.0 0.0
44.0 78.0 0.0
44.0 80.0 0.0
44.0 82.0 0.0
44.0 84.0 0.005286831390436341
44.0 86.0 0.013369133532651753
44.0 88.0 0.031434055681291755
44.0 90.0 0.06376133438353196
44.0 92.0 0.09427516270933899
44.0 94.0 0.09932848114394127
44.0 96.0 0.09721115787385277
44.0 98.0 0.09448533792161878
44.0 100.0 0.09630579019889457
44.0 102.0 0.10733572661770709
44.0 104.0 0.12975501248397506
44.0 106.0 0.17458321008197195
44.0 108.0 0.20349739369257067
44.0 110.0 0.24409856538539368
44.0 112.0 0.29344233786757207
44.0 114.0 0.3017478815162466
44.0 116.0 0.280824902985651
44.0 118.0 0.17596075774705364
44.0 120.0 0.02285194533627753
44.0 122.0 0.0
44.0 124.0 0.0
44.0 126.0 0.0
46.0 0.0 0.0
46.0 2.0 0.0
46.0 4.0 0.0
46.0 6.0 0.03430294126619461
46.0 8.0 0.07901879534067892
46.0 10.0 0.07727142260443239
46.0 12.0 0.0
46.0 14.0 0.0
46.0 16.0 0.0
46.0 18.0 0.0
46.0 20.0 0.0
46.0 22.0 0.0
46.0 24.0 0.0
46.0 26.0 0.0
46.0 28.0 0.0
46.0 30.0 0.0
46.0 32.0 0.0
46.0 34.0 0.0
46.0 36.0 0.0
46.0 38.0 5.745151610268799E-4
46.0 40.0 0.04609335826864041
46.0 42.0 0.16468201347720127
46.0 44.0 0.2462991334238589
46.0 46.0 0.3046490001918842
46.0 48.0 0.3381864389702071
46.0 50.0 0.3488596876785737
46.0 52.0 0.39920021698130803
46.0 54.0 0.3621803995452159
46.0 56.0 0.20644964168758048
46.0 58.0 0.012534405981679144
46.0 60.0 0.0
46.0 62.0 0.0
46.0 64.0 0.0
46.0 66.0 0.0
46.0 68.0 0.0
46.0 70.0 0.0
46.0 72.0 0.0
46.0 74.0 0.0
46.0 76.0 0.0
46.0 78.0 0.0
46.0 80.0 0.0
46.0 82.0 0.0
46.0 84.0 0.0
46.0 86.0 0.0
46.0 88.0 0.0
46.0 90.0 0.0034361724370548883
46.0 92.0 0.019021286874607336
46.0 94.0 0.05566170624511749
46.0 96.0 0.09707844809109044
46.0 98.0 0.11965864820657901
46.0 100.0 0.16091861813161032
46.0 102.0 0.199776970193867
46.0 104.0 0.2377277902632726
46.0 106.0 0.26263970855807167
46.0 108.0 0.28334775867573375
46.0 110.0 0.3019404429223415
46.0 112.0 0.3441461865896534
46.0 114.0 0.35689858932308277
46.0 116.0 0.3135399095311509
46.0 118.0 0.19878343442171365
46.0 120.0 0.031038616773749066
46.0 122.0 0.0
46.0 124.0 0.0
46.0 126.0 0.0
48.0 0.0 0.0
48.0 2.0 0.0
48.0 4.0 0.007375483065650265
48.0 6.0 0.08752434085630904
48.0 8.0 0.12997334265769597
48.0 10.0 0.08270473171756694
48.0 12.0 0.0
48.0 14.0 0.0
48.0 16.0 0.0
48.0 18.0 0.0
48.0 20.0 0.0
48.0 22.0 0.0
48.0 24.0 0.0
48.0 26.0 0.0
48.0 28.0 0.0
48.0 30.0 0.0
48.0 32.0 0.0
48.0 34.0 0.0
48.0 36.0 0.0
48.0 38.0 0.0
48.0 40.0 1.3768095620924194E-4
48.0 42.0 0.06527028382384861
48.0 44.0 0.18168941764219804
48.0 46.0 0.24586535705786158
48.0 48.0 0.2864471469306245
48.0 50.0 0.34091881779671745
48.0 52.0 0.39637923403357195
48.0 54.0 0.3464888659044693
48.0 56.0 0.2118334969129192
48.0 58.0 0.030845528001844032
48.0 60.0 0.0
48.0 62.0 0.0
48.0 64.0 0.0
48.0 66.0 0.0
48.0 68.0 0.0
48.0 70.0 0.0
48.0 72.0 0.0
48.0 74.0 0.0
48.0 76.0 0.0
48.0 78.0 0.0
48.0 80.0 0.0
48.0 82.0 0.0
48.0 84.0 0.0
48.0 86.0 0.0
48.0 88.0 0.0
48.0 90.0 0.0
48.0 92.0 0.002296541495631965
48.0 94.0 0.034946420878351085
48.0 96.0 0.09717411566040225
48.0 98.0 0.13210389060884462
48.0 100.0 0.2015733972491021
48.0 102.0 0.25777733904283867
48.0 104.0 0.30657100677898735
48.0 106.0 0.3450236516875114
48.0 108.0 0.36658050418365384
48.0 110.0 0.3762679606209638
48.0 112.0 0.39350941035664966
48.0 114.0 0.3962568681613768
48.0 116.0 0.341833787425752
48.0 118.0 0.22147506992123234
48.0 120.0 0.04034571761171532
48.0 122.0 0.0
48.0 124.0 0.0
48.0 126.0 0.0
50.0 0.0 0.0
50.0 2.0 0.0
50.0 4.0 0.0
50.0 6.0 0.05042004423689702
50.0 8.0 0.07546779900604346
50.0 10.0 0.009630234831538789
50.0 12.0 0.0
50.0 14.0 0.0
50.0 16.0 0.0
50.0 18.0 0.0
50.0 20.0 0.0
50.0 22.0 0.0
50.0 24.0 0.0
50.0 26.0 0.0
50.0 28.0 0.0
50.0 30.0 0.0
50.0 32.0 0.0
50.0 34.0 0.0
50.0 36.0 0.0
50.0 38.0 0.0
50.0 40.0 0.0
50.0 42.0 0.027835746263774067
50.0 44.0 0.13022788099856772
50.0 46.0 0.19126980220282733
50.0 48.0 0.24354963467033153
50.0 50.0 0.3290456525643168
50.0 52.0 0.3503018792924015
50.0 54.0 0.31599840830764475
50.0 56.0 0.19364093672782065
50.0 58.0 0.029601841191582236
50.0 60.0 0.0
50.0 62.0 0.0
50.0 64.0 0.0
50.0 66.0 0.0
50.0 68.0 0.0
50.0 70.0 0.0
50.0 72.0 0.0
50.0 74.0 0.0
50.0 76.0 0.0
50.0 78.0 0.0
50.0 80.0 0.0
50.0 82.0 0.0
50.0 84.0 0.0
50.0 86.0 0.0
50.0 88.0 0.0
50.0 90.0 0.0
50.0 92.0 8.159729959985318E-4
50.0 94.0 0.022092915919107697
50.0 96.0 0.06495720780889032
50.0 98.0 0.11519143242661345
50.0 100.0 0.16804660631177126
50.0 102.0 0.2633530732472216
50.0 104.0 0.33506947629441264
50.0 106.0 0.3827178494307699
50.0 108.0 0.4168358273761746
50.0 110.0 0.4270789821473114
50.0 112.0 0.43750555718220135
50.0 114.0 0.4318912752967683
50.0 116.0 0.36366362257389295
50.0 118.0 0.24312394807863769
50.0 120.0 0.05229207874766575
50.0 122.0 0.0
50.0 124.0 0.0
50.0 126.0 0.0
52.0 0.0 0.0
52.0 2.0 0.0
52.0 4.0 0.0
52.0 6.0 0.007476236519322557
52.0 8.0 0.01861876888971158
52.0 10.0 0.0
52.0 12.0 0.0
52.0 14.0 0.0
52.0 16.0 0.0
52.0 18.0 0.0
52.0 20.0 0.0
52.0 22.0 0.0
52.0 24.0 0.0
52.0 26.0 0.0
52.0 28.0 0.0
52.0 30.0 0.0
52.0 32.0 0.0
52.0 34.0 0.0
52.0 36.0 0.0
52.0 38.0 0.0
52.0 40.0 0.0
52.0 42.0 0.020770415765357136
52.0 44.0 0.0913003458475335
52.0 46.0 0.1423183497740065
52.0 48.0 0.20612355101506785
52.0 50.0 0.2561806218230885
52.0 52.0 0.2853419905680143
52.0 54.0 0.25739068360614614
52.0 56.0 0.152260162071389
52.0 58.0 0.023030448200279944
52.0 60.0 0.0
52.0 62.0 3.503537541379379E-4
52.0 64.0 0.0
52.0 66.0 0.0
52.0 68.0 0.0
52.0 70.0 0.0
52.0 72.0 0.0
52.0 74.0 0.0
52.0 76.0 0.0
52.0 78.0 0.0
52.0 80.0 0.0
52.0 82.0 0.0
52.0 84.0 0.0
52.0 86.0 0.0
52.0 88.0 0.0
52.0 90.0 0.0
52.0 92.0 0.0
52.0 94.0 0.007460356264456065
52.0 96.0 0.04308132628936889
52.0 98.0 0.0986875396503548
52.0 100.0 0.15565661581676274
52.0 102.0 0.22982594466293219
52.0 104.0 0.34734300008007724
52.0 106.0 0.3991480957239706
52.0 108.0 0.44097543737131417
52.0 110.0 0.4558152181851205
52.0 112.0 0.443590454997627
52.0 114.0 0.44207001781438454
52.0 116.0 0.38477086627904394
52.0 118.0 0.26218266842291915
52.0 120.0 0.06948209420512622
52.0 122.0 0.0
52.0 124.0 0.0
52.0 126.0 0.0
54.0 0.0 0.0
54.0 2.0 0.0
54.0 4.0 0.0
54.0 6.0 0.0
54.0 8.0 0.0
54.0 10.0 0.0
54.0 12.0 0.0
54.0 14.0 0.0
54.0 16.0 0.0
54.0 18.0 0.0
54.0 20.0 0.0
54.0 22.0 0.0
54.0 24.0 0.0
54.0 26.0 0.0
54.0 28.0 0.0
54.0 30.0 0.0
54.0 32.0 0.0
54.0 34.0 0.0
54.0 36.0 0.0
54.0 38.0 0.0
54.0 40.0 0.0
54.0 42.0 0.0183149395755192
54.0 44.0 0.05837986743389214
54.0 46.0 0.10325285538020669
54.0 48.0 0.1319379750762775
54.0 50.0 0.15653164946991657
54.0 52.0 0.17721642010022334
54.0 54.0 0.16285272206848386
54.0 56.0 0.08694555109515449
54.0 58.0 0.011923663166400129
54.0 60.0 0.0048613523839757655
54.0 62.0 0.027036160178851642
54.0 64.0 0.03374765972521603
54.0 66.0 0.03903180423835935
54.0 68.0 0.03684458150109776
54.0 70.0 6.134107539192135E-4
54.0 72.0 0.0
54.0 74.0 0.0
54.0 76.0 0.0014655121216565847
54.0 78.0 0.0
54.0 80.0 0.0
54.0 82.0 0.0
54.0 84.0 0.0
54.0 86.0 0.0
54.0 88.0 0.0
54.0 90.0 0.0
54.0 92.0 0.0
54.0 94.0 1.1735390695320504E-4
54.0 96.0 0.01854942053051852
54.0 98.0 0.07321231633350055
54.0 100.0 0.13381093510081202
54.0 102.0 0.20037828276216696
54.0 104.0 0.3079374593212883
54.0 106.0 0.3609049940062887
54.0 108.0 0.45021389448496657
54.0 110.0 0.5176784141097018
54.0 112.0 0.514619430942953
54.0 114.0 0.47608164530730995
54.0 116.0 0.3998623564377956
54.0 118.0 0.27153925784565913
54.0 120.0 0.0900116418483467
54.0 122.0 0.0
54.0 124.0 0.0
54.0 126.0 0.0
56.0 0.0 0.0
56.0 2.0 0.0
56.0 4.0 0.0
56.0 6.0 0.0
56.0 8.0 0.0
56.0 10.0 0.0
56.0 12.0 0.0
56.0 14.0 0.0
56.0 16.0 0.0
56.0 18.0 0.0
56.0 20.0 0.0
56.0 22.0 0.0
56.0 24.0 0.0
56.0 26.0 0.0
56.0 28.0 0.0
56.0 30.0 0.0
56.0 32.0 7.008469320756015E-4
56.0 34.0 0.0029303737380318834
56.0 36.0 0.0019716335688208272
56.0 38.0 4.2247819664030344E-4
56.0 40.0 0.0027054897426272736
56.0 42.0 0.018173420854283178
56.0 44.0 0.03512025749988082
56.0 46.0 0.06197747061050484
56.0 48.0 0.053598527840449946
56.0 50.0 0.04860552904311185
56.0 52.0 0.0661978804837569
56.0 54.0 0.07860838610828606
56.0 56.0 0.0388166646166735
56.0 58.0 0.00861904819736968
56.0 60.0 0.01694560770434168
56.0 62.0 0.07295953447097021
56.0 64.0 0.09545191501704749
56.0 66.0 0.1142929132101926
56.0 68.0 0.13532517293457505
56.0 70.0 0.08521554161717969
56.0 72.0 0.022119271188959875
56.0 74.0 0.0
56.0 76.0 0.0037087225404441337
56.0 78.0 0.0
56.0 80.0 0.0
56.0 82.0 0.0
56.0 84.0 0.0
56.0 86.0 0.0
56.0 88.0 0.0
56.0 90.0 0.0
56.0 92.0 0.0
56.0 94.0 0.0
56.0 96.0 0.0
56.0 98.0 0.02118297648037663
56.0 100.0 0.08468883109364761
56.0 102.0 0.15504503831285743
56.0 104.0 0.23194779094918103
56.0 106.0 0.3635294654877588
56.0 108.0 0.4130451400836113
56.0 110.0 0.4977962119304067
56.0 112.0 0.5108826617691689
56.0 114.0 0.47460636353259894
56.0 116.0 0.39746686009603766
56.0 118.0 0.27300943899670715
56.0 120.0 0.10502658727099717
56.0 122.0 0.0
56.0 124.0 0.0
56.0 126.0 0.0
58.0 0.0 0.0
58.0 2.0 0.0
58.0 4.0 0.0
58.0 6.0 0.0
58.0 8.0 0.0
58.0 10.0 0.0
58.0 12.0 0.0
58.0 14.0 0.0
58.0 16.0 0.0
58.0 18.0 0.0
58.0 20.0 0.0
58.0 22.0 0.0
58.0 24.0 0.0
58.0 26.0 0.0
58.0 28.0 0.0
58.0 30.0 0.00415649865662997
58.0 32.0 0.0076196765690605935
58.0 34.0 0.007170004908145819
58.0 36.0 0.004473990246341123
58.0 38.0 5.249405440739724E-4
58.0 40.0 0.004702899931632793
58.0 42.0 0.015090592986540745
58.0 44.0 0.022495150601345475
58.0 46.0 0.026934621028729382
58.0 48.0 0.015254959913291727
58.0 50.0 0.0119597528824221
58.0 52.0 0.018604954210610772
58.0 54.0 0.03391019378039008
58.0 56.0 0.034155506015134014
58.0 58.0 0.029204251302973536
58.0 60.0 0.0432403825630402
58.0 62.0 0.09368633868158836
58.0 64.0 0.15757115757916998
58.0 66.0 0.19346518461512996
58.0 68.0 0.21927009249852514
58.0 70.0 0.21792430406648175
58.0 72.0 0.13603353153727543
58.0 74.0 0.054929598909800155
58.0 76.0 0.013913977098696934
58.0 78.0 0.0
58.0 80.0 0.0
58.0 82.0 0.0
58.0 84.0 0.0
58.0 86.0 0.0
58.0 88.0 0.0
58.0 90.0 0.0
58.0 92.0 0.0
58.0 94.0 0.0
58.0 96.0 0.0
58.0 98.0 0.0018426625239290246
58.0 100.0 0.04055685107517095
58.0 102.0 0.11346876821111741
58.0 104.0 0.18543913634912793
58.0 106.0 0.2974513680684305
58.0 108.0 0.35198435119216387
58.0 110.0 0.4435697111930714
58.0 112.0 0.46030598995236205
58.0 114.0 0.42711008587285376
58.0 116.0 0.36177118909206724
58.0 118.0 0.25870319858086904
58.0 120.0 0.12059959695888338
58.0 122.0 0.0
58.0 124.0 0.0
58.0 126.0 0.0
60.0 0.0 0.0
60.0 2.0 0.0
60.0 4.0 0.0
60.0 6.0 0.0
60.0 8.0 0.0
60.0 10.0 0.0
60.0 12.0 0.0
60.0 14.0 0.0
60.0 16.0 0.0
60.0 18.0 0.0
60.0 20.0 0.0
60.0 22.0 0.0
60.0 24.0 0.0
60.0 26.0 0.0021761596525398962
60.0 28.0 0.009417596649917074
60.0 30.0 0.012198216784147219
60.0 32.0 0.011491262633181579
60.0 34.0 0.006757085592523922
60.0 36.0 0.0018570519333564706
60.0 38.0 0.0
60.0 40.0 0.003679995996425015
60.0 42.0 0.008584669648708217
60.0 44.0 0.009451210031769524
60.0 46.0 0.010841476469270592
60.0 48.0 0.0015747375871422175
60.0 50.0 0.0039933612277850165
60.0 52.0 0.005700345251239104
60.0 54.0 0.0191367027350087
60.0 56.0 0.033219227391539444
60.0 58.0 0.059908176008422305
60.0 60.0 0.103536504349163
60.0 62.0 0.15220404638940108
60.0 64.0 0.20762496774752118
60.0 66.0 0.26180483232960655
60.0 68.0 0.28052802230292634
60.0 70.0 0.26930930111440105
60.0 72.0 0.2180077712925049
60.0 74.0 0.12945944387118127
60.0 76.0 0.031167422593198723
60.0 78.0 0.0
60.0 80.0 0.0
60.0 82.0 0.0
60.0 84.0 0.0
60.0 86.0 0.0
60.0 88.0 0.0
60.0 90.0 0.0
60.0 92.0 0.0
60.0 94.0 0.0
60.0 96.0 0.0
60.0 98.0 0.0
60.0 100.0 0.003239105342778262
60.0 102.0 0.04342334221386026
60.0 104.0 0.1206724575637193
60.0 106.0 0.19543983262445572
60.0 108.0 0.3082845863198361
60.0 110.0 0.34124191283097427
60.0 112.0 0.347876906753467
60.0 114.0 0.32136002133341984
60.0 116.0 0.26717139012792446
60.0 118.0 0.19220598170334366
60.0 120.0 0.12246960997118862
60.0 122.0 0.01525353136821636
60.0 124.0 0.0
60.0 126.0 0.0
62.0 0.0 0.0
62.0 2.0 0.0
62.0 4.0 0.0
62.0 6.0 0.0
62.0 8.0 0.0
62.0 10.0 0.0
62.0 12.0 0.0
62.0 14.0 0.0
62.0 16.0 0.0
62.0 18.0 0.0
62.0 20.0 0.0
62.0 22.0 5.918814480508077E-4
62.0 24.0 0.015425138473200756
62.0 26.0 0.024703017872670856
62.0 28.0 0.02489363505792695
62.0 30.0 0.0187871626764113
62.0 32.0 0.010231012704633533
62.0 34.0 0.002717485108271835
62.0 36.0 0.0
62.0 38.0 0.0
62.0 40.0 2.351553414122464E-4
62.0 42.0 0.0
62.0 44.0 0.0
62.0 46.0 0.0
62.0 48.0 0.003790121000395292
62.0 50.0 0.005985748406808037
62.0 52.0 0.0012010387995341329
62.0 54.0 0.008631295039190008
62.0 56.0 0.02926371700643537
62.0 58.0 0.07525290493095843
62.0 60.0 0.13788068578093596
62.0 62.0 0.20435582037080946
62.0 64.0 0.25929727739872616
62.0 66.0 0.309998061968154
62.0 68.0 0.3288757185392686
62.0 70.0 0.3163649258446933
62.0 72.0 0.2642681169480954
62.0 74.0 0.17356686967175106
62.0 76.0 0.06471391056127997
62.0 78.0 0.0
62.0 80.0 0.0
62.0 82.0 0.0
62.0 84.0 0.0
62.0 86.0 0.0
62.0 88.0 0.0
62.0 90.0 0.0
62.0 92.0 0.0
62.0 94.0 0.0
62.0 96.0 0.0
62.0 98.0 0.0
62.0 100.0 0.0
62.0 102.0 0.0015350319075853596
62.0 104.0 0.0383558943736581
62.0 106.0 0.112208059726972
62.0 108.0 0.19900504294522695
62.0 110.0 0.23161217662851916
62.0 112.0 0.2509692592146309
62.0 114.0 0.23646360251068596
62.0 116.0 0.20344136499231022
62.0 118.0 0.15868436018883667
62.0 120.0 0.12250886664798925
62.0 122.0 0.048253741366212216
62.0 124.0 0.0
62.0 126.0 0.0
64.0 0.0 0.0
64.0 2.0 0.0
64.0 4.0 0.0
64.0 6.0 0.0
64.0 8.0 0.0
64.0 10.0 0.0
64.0 12.0 0.0
64.0 14.0 0.0
64.0 16.0 0.0
64.0 18.0 3.3651989329753056E-5
64.0 20.0 0.014964657071827975
64.0 22.0 0.052737213528171074
64.0 24.0 0.07473480273117765
64.0 26.0 0.07132069771846516
64.0 28.0 0.05421167059577703
64.0 30.0 0.023609138177142445
64.0 32.0 0.0057524202305296755
64.0 34.0 0.0
64.0 36.0 0.0
64.0 38.0 0.0
64.0 40.0 0.0
64.0 42.0 0.0
64.0 44.0 0.0
64.0 46.0 0.0
64.0 48.0 0.0
64.0 50.0 5.520209710326703E-4
64.0 52.0 4.766874605373613E-4
64.0 54.0 0.0020351920357481925
64.0 56.0 0.02648481041545626
64.0 58.0 0.08951187774229369
64.0 60.0 0.16388848014959215
64.0 62.0 0.23823774505118855
64.0 64.0 0.29286739369596865
64.0 66.0 0.3293516840888768
64.0 68.0 0.34411994765732673
64.0 70.0 0.3315144057542761
64.0 72.0 0.2869342175005269
64.0 74.0 0.2065092870333036
64.0 76.0 0.09319773809250335
64.0 78.0 1.0319095845180323E-4
64.0 80.0 0.0
64.0 82.0 0.0
64.0 84.0 0.0
64.0 86.0 0.0
64.0 88.0 0.0
64.0 90.0 0.0
64.0 92.0 0.0
64.0 94.0 0.0
64.0 96.0 0.0
64.0 98.0 0.0
64.0 100.0 0.0
64.0 102.0 0.0
64.0 104.0 0.001417805762581872
64.0 106.0 0.031603545414684554
64.0 108.0 0.08801998067554007
64.0 110.0 0.13488391317936754
64.0 112.0 0.16250786713833215
64.0 114.0 0.16365556784032265
64.0 116.0 0.14855426017124335
64.0 118.0 0.12771971632362936
64.0 120.0 0.12001732968125957
64.0 122.0 0.09336245765625506
64.0 124.0 0.035734361734977314
64.0 126.0 0.008049813536661126
66.0 0.0 0.0
66.0 2.0 0.0
66.0 4.0 0.0
66.0 6.0 0.0
66.0 8.0 0.0
66.0 10.0 0.0
66.0 12.0 0.0
66.0 14.0 1.9487884767392953E-4
66.0 16.0 0.013550871181958855
66.0 18.0 0.05130929390313218
66.0 20.0 0.10199204015002052
66.0 22.0 0.1350277812479627
66.0 24.0 0.13882845180824668
66.0 26.0 0.11899392629394713
66.0 28.0 0.08057013512812695
66.0 30.0 0.025970747415621265
66.0 32.0 4.8263528686419644E-4
66.0 34.0 0.0
66.0 36.0 0.0
66.0 38.0 0.0
66.0 40.0 0.0
66.0 42.0 0.0
66.0 44.0 0.0
66.0 46.0 0.0
66.0 48.0 0.0
66.0 50.0 0.0
66.0 52.0 0.0
66.0 54.0 0.0
66.0 56.0 0.016963374277705473
66.0 58.0 0.09028583599071342
66.0 60.0 0.17111380124008627
66.0 62.0 0.24994406091846288
66.0 64.0 0.298189895869828
66.0 66.0 0.32900914169769757
66.0 68.0 0.3446592364076398
66.0 70.0 0.33452038425784325
66.0 72.0 0.2937831939615737
66.0 74.0 0.22199438308814992
66.0 76.0 0.12127425657450341
66.0 78.0 0.01577459788853691
66.0 80.0 0.0
66.0 82.0 0.0
66.0 84.0 0.0
66.0 86.0 0.0
66.0 88.0 0.0
66.0 90.0 0.0
66.0 92.0 0.0
66.0 94.0 0.0
66.0 96.0 0.0
66.0 98.0 0.0
66.0 100.0 0.0
66.0 102.0 0.0
66.0 104.0 0.0
66.0 106.0 8.673415104070273E-4
66.0 108.0 0.02147098684275697
66.0 110.0 0.05716257398727034
66.0 112.0 0.09158863911537617
66.0 114.0 0.10354645307352121
66.0 116.0 0.10331353294888063
66.0 118.0 0.1008135391511981
66.0 120.0 0.11247679812601462
66.0 122.0 0.11903305804539971
66.0 124.0 0.1366333588345063
66.0 126.0 0.19032231508230177
68.0 0.0 0.0
68.0 2.0 0.04593673896113291
68.0 4.0 0.0
68.0 6.0 0.0
68.0 8.0 0.0
68.0 10.0 0.0
68.0 12.0 0.0
68.0 14.0 0.010705635849387713
68.0 16.0 0.062945034380768
68.0 18.0 0.12767018531482655
68.0 20.0 0.15108694065485426
68.0 22.0 0.1824842558748541
68.0 24.0 0.19388698462412027
68.0 26.0 0.16447899854353296
68.0 28.0 0.10500784533267295
68.0 30.0 0.02959345452087335
68.0 32.0 0.0
68.0 34.0 0.0
68.0 36.0 0.0
68.0 38.0 0.0
68.0 40.0 0.0
68.0 42.0 0.0
68.0 44.0 0.0
68.0 46.0 0.0
68.0 48.0 0.0
68.0 50.0 0.0
68.0 52.0 0.0
68.0 54.0 0.0
68.0 56.0 0.007174642656066638
68.0 58.0 0.07985643200092683
68.0 60.0 0.16297595524590705
68.0 62.0 0.2435805626113919
68.0 64.0 0.28593677526760214
68.0 66.0 0.3203863383102504
68.0 68.0 0.33856840556690654
68.0 70.0 0.3320209721294338
68.0 72.0 0.29538318091523746
68.0 74.0 0.23131581481472066
68.0 76.0 0.14214419194761657
68.0 78.0 0.03674717186581925
68.0 80.0 0.0
68.0 82.0 0.0
68.0 84.0 0.0
68.0 86.0 0.0
68.0 88.0 0.0
68.0 90.0 0.0
68.0 92.0 0.0
68.0 94.0 0.0
68.0 96.0 0.0
68.0 98.0 0.0
68.0 100.0 0.0
68.0 102.0 0.0
68.0 104.0 0.0
68.0 106.0 0.0
68.0 108.0 3.8845462272111647E-4
68.0 110.0 0.015869560097539415
68.0 112.0 0.0397472275366132
68.0 114.0 0.057868234284152546
68.0 116.0 0.06812613855401611
68.0 118.0 0.0847381496181895
68.0 120.0 0.10100690944596392
68.0 122.0 0.11722273047330518
68.0 124.0 0.1797664495158046
68.0 126.0 0.27862020844964225
70.0 0.0 0.0
70.0 2.0 0.08230659155011735
70.0 4.0 0.0
70.0 6.0 0.0
70.0 8.0 0.0
70.0 10.0 0.0
70.0 12.0 0.012771459264379358
70.0 14.0 0.06120404503310046
70.0 16.0 0.1346157997724089
70.0 18.0 0.19572568563911372
70.0 20.0 0.22639557923804152
70.0 22.0 0.2511831382278044
70.0 24.0 0.24787421974825097
70.0 26.0 0.20456264144244063
70.0 28.0 0.12718978128457212
70.0 30.0 0.031082443234640624
70.0 32.0 5.641732170663033E-4
70.0 34.0 0.0
70.0 36.0 0.0
70.0 38.0 0.0
70.0 40.0 0.0
70.0 42.0 0.0
70.0 44.0 0.0
70.0 46.0 0.0
70.0 48.0 0.0
70.0 50.0 0.0
70.0 52.0 0.0
70.0 54.0 0.0
70.0 56.0 0.001808798316819269
70.0 58.0 0.0611416264831427
70.0 60.0 0.1447581479246154
70.0 62.0 0.225358914126927
70.0 64.0 0.2618070202903468
70.0 66.0 0.303363815463831
70.0 68.0 0.32276003656393093
70.0 70.0 0.32024886814590875
70.0 72.0 0.2907949156176453
70.0 74.0 0.23611207795619416
70.0 76.0 0.1688518187463153
70.0 78.0 0.05369223178333729
70.0 80.0 0.0
70.0 82.0 0.0
70.0 84.0 0.0
70.0 86.0 0.0
70.0 88.0 0.0
70.0 90.0 0.0
70.0 92.0 0.0
70.0 94.0 0.0
70.0 96.0 0.0
70.0 98.0 0.0
70.0 100.0 0.0
70.0 102.0 0.0
70.0 104.0 0.0
70.0 106.0 0.0
70.0 108.0 0.0
70.0 110.0 1.8755689207070395E-4
70.0 112.0 0.012797594102717405
70.0 114.0 0.027182367526784698
70.0 116.0 0.04159339505632957
70.0 118.0 0.05829715245537661
70.0 120.0 0.0792140984425386
70.0 122.0 0.107290560392702
70.0 124.0 0.18130058906666535
70.0 126.0 0.2987428302286326
72.0 0.0 0.0
72.0 2.0 0.09945994249037358
72.0 4.0 0.0
72.0 6.0 0.0
72.0 8.0 0.002841976647722283
72.0 10.0 0.019076834176151764
72.0 12.0 0.05373903266392079
72.0 14.0 0.16120658986887207
72.0 16.0 0.22968273908738268
72.0 18.0 0.2736275918844597
72.0 20.0 0.3223913841579671
72.0 22.0 0.3284605179276432
72.0 24.0 0.3025109806723822
72.0 26.0 0.24341510125400526
72.0 28.0 0.14441324837433053
72.0 30.0 0.02866139887350619
72.0 32.0 0.001218777051601865
72.0 34.0 0.0
72.0 36.0 0.0
72.0 38.0 0.0
72.0 40.0 0.0
72.0 42.0 0.0
72.0 44.0 0.0
72.0 46.0 0.0
72.0 48.0 0.0
72.0 50.0 0.0
72.0 52.0 0.0
72.0 54.0 0.0
72.0 56.0 0.0
72.0 58.0 0.028616822069942704
72.0 60.0 0.10870253145736412
72.0 62.0 0.18915220596595594
72.0 64.0 0.22965030762097616
72.0 66.0 0.2769061064781848
72.0 68.0 0.3001311191034053
72.0 70.0 0.30246060098253047
72.0 72.0 0.2832350844091725
72.0 74.0 0.241237969161877
72.0 76.0 0.1940070267755194
72.0 78.0 0.09974171837275332
72.0 80.0 0.016854798508513694
72.0 82.0 0.0
72.0 84.0 0.0
72.0 86.0 0.0
72.0 88.0 0.0
72.0 90.0 0.0
72.0 92.0 0.0
72.0 94.0 0.0
72.0 96.0 0.0
72.0 98.0 0.0
72.0 100.0 0.0
72.0 102.0 0.0
72.0 104.0 0.0
72.0 106.0 0.0
72.0 108.0 0.0
72.0 110.0 0.0
72.0 112.0 0.0
72.0 114.0 0.008601743018392331
72.0 116.0 0.020228818505543405
72.0 118.0 0.03537503556793217
72.0 120.0 0.0581787812298022
72.0 122.0 0.08578551216851595
72.0 124.0 0.15859572865818466
72.0 126.0 0.29169344491164056
74.0 0.0 0.0
74.0 2.0 0.09875332463197352
74.0 4.0 0.0070197901153246115
74.0 6.0 0.011920043417404361
74.0 8.0 0.0243298302392673
74.0 10.0 0.057274016954430844
74.0 12.0 0.1334208337366821
74.0 14.0 0.27132545484487575
74.0 16.0 0.3230088706871343
74.0 18.0 0.38829857413826535
74.0 20.0 0.3659655676822953
74.0 22.0 0.37529514711763295
74.0 24.0 0.35022003085355463
74.0 26.0 0.2793117395936875
74.0 28.0 0.14346605784682834
74.0 30.0 0.044393645966734174
74.0 32.0 0.0
74.0 34.0 0.0
74.0 36.0 0.0
74.0 38.0 0.0
74.0 40.0 0.0
74.0 42.0 0.0
74.0 44.0 0.0
74.0 46.0 0.0
74.0 48.0 0.0
74.0 50.0 0.0
74.0 52.0 0.0
74.0 54.0 0.0
74.0 56.0 0.0
74.0 58.0 1.6540340334908745E-4
74.0 60.0 0.05200532592113478
74.0 62.0 0.13074737193091027
74.0 64.0 0.18855407141619937
74.0 66.0 0.23943780095524134
74.0 68.0 0.2674400366658419
74.0 70.0 0.2776661624665373
74.0 72.0 0.2686218156233697
74.0 74.0 0.2425976661521422
74.0 76.0 0.20247678405075817
74.0 78.0 0.1597457333999571
74.0 80.0 0.08521696479532898
74.0 82.0 0.022983904172264532
74.0 84.0 0.0
74.0 86.0 0.0
74.0 88.0 0.0
74.0 90.0 0.0
74.0 92.0 0.0
74.0 94.0 0.0
74.0 96.0 0.0
74.0 98.0 0.0
74.0 100.0 0.0
74.0 102.0 0.0
74.0 104.0 0.0
74.0 106.0 0.0
74.0 108.0 0.0
74.0 110.0 0.0
74.0 112.0 0.0
74.0 114.0 0.0
74.0 116.0 0.005635907130644731
74.0 118.0 0.016925048582472787
74.0 120.0 0.03732535246539432
74.0 122.0 0.05961801196890391
74.0 124.0 0.11153745391428814
74.0 126.0 0.24262285492758892
76.0 0.0 0.0
76.0 2.0 0.08288008346684465
76.0 4.0 0.015518099933441757
76.0 6.0 0.019979359858853827
76.0 8.0 0.034705059629853416
76.0 10.0 0.09069052420529482
76.0 12.0 0.2375654463753054
76.0 14.0 0.3502423073705181
76.0 16.0 0.4143989658633793
76.0 18.0 0.45701586888068785
76.0 20.0 0.4147238244757438
76.0 22.0 0.42216764623621605
76.0 24.0 0.3860218271283354
76.0 26.0 0.27526567935893403
76.0 28.0 0.16923533536764668
76.0 30.0 0.04005285963440213
76.0 32.0 0.0
76.0 34.0 0.0
76.0 36.0 0.0
76.0 38.0 0.0
76.0 40.0 0.0
76.0 42.0 0.0
76.0 44.0 0.0
76.0 46.0 0.0
76.0 48.0 0.0
76.0 50.0 0.0
76.0 52.0 0.0
76.0 54.0 0.0
76.0 56.0 0.0
76.0 58.0 0.0
76.0 60.0 0.0016792496774308146
76.0 62.0 0.059372434863960356
76.0 64.0 0.14061403536782446
76.0 66.0 0.1869792558867391
76.0 68.0 0.21895320767768686
76.0 70.0 0.23602025410949545
76.0 72.0 0.24322909120722935
76.0 74.0 0.23749401544163765
76.0 76.0 0.22378618258566096
76.0 78.0 0.20426062693620253
76.0 80.0 0.17596497182287538
76.0 82.0 0.1354123259832093
76.0 84.0 0.0796963073448111
76.0 86.0 0.005843968245037269
76.0 88.0 0.0
76.0 90.0 0.0
76.0 92.0 0.0
76.0 94.0 0.0
76.0 96.0 0.0
76.0 98.0 0.0
76.0 100.0 0.0
76.0 102.0 0.0
76.0 104.0 0.0
76.0 106.0 0.0
76.0 108.0 0.0
76.0 110.0 0.0
76.0 112.0 0.0
76.0 114.0 0.0
76.0 116.0 0.0
76.0 118.0 8.63165053167961E-4
76.0 120.0 0.01578692213587421
76.0 122.0 0.03598953009406625
76.0 124.0 0.06549829244108694
76.0 126.0 0.0
78.0 0.0 0.0
78.0 2.0 0.03935492801310866
78.0 4.0 0.006550079922358992
78.0 6.0 0.019877125181807228
78.0 8.0 0.03322111611559519
78.0 10.0 0.12659312576422574
78.0 12.0 0.30806809752984515
78.0 14.0 0.4315620513344132
78.0 16.0 0.47946932779661994
78.0 18.0 0.5051138091284179
78.0 20.0 0.4675532344913655
78.0 22.0 0.472440685949783
78.0 24.0 0.42142002430945125
78.0 26.0 0.30464766302188623
78.0 28.0 0.19064762993427717
78.0 30.0 0.03909288289210556
78.0 32.0 0.0
78.0 34.0 0.0
78.0 36.0 0.0
78.0 38.0 0.0
78.0 40.0 0.0
78.0 42.0 0.0
78.0 44.0 0.0
78.0 46.0 0.0
78.0 48.0 0.0
78.0 50.0 0.0
78.0 52.0 0.0
78.0 54.0 0.0
78.0 56.0 0.0
78.0 58.0 0.0
78.0 60.0 0.0
78.0 62.0 0.007492384016289876
78.0 64.0 0.0715104556307961
78.0 66.0 0.11609156447363445
78.0 68.0 0.14985463098760576
78.0 70.0 0.17778902712539568
78.0 72.0 0.20750410473591085
78.0 74.0 0.22931080052757802
78.0 76.0 0.23953264826063883
78.0 78.0 0.2401442213267814
78.0 80.0 0.2359072081750244
78.0 82.0 0.2229706095255037
78.0 84.0 0.22038744944307667
78.0 86.0 0.14510622588048636
78.0 88.0 0.03859782451021517
78.0 90.0 0.0
78.0 92.0 0.0
78.0 94.0 0.0
78.0 96.0 0.0
78.0 98.0 0.0
78.0 100.0 0.0
78.0 102.0 0.0
78.0 104.0 0.0
78.0 106.0 0.0
78.0 108.0 0.0
78.0 110.0 0.0
78.0 112.0 0.0
78.0 114.0 0.0
78.0 116.0 0.0
78.0 118.0 0.0
78.0 120.0 0.0
78.0 122.0 0.009132189653309046
78.0 124.0 0.01822402217780517
78.0 126.0 0.0
80.0 0.0 0.0
80.0 2.0 0.0
80.0 4.0 0.008354459319696517
80.0 6.0 0.0
80.0 8.0 0.0
80.0 10.0 0.08975101381065075
80.0 12.0 0.3108046716579525
80.0 14.0 0.4556056512441431
80.0 16.0 0.5210900498928052
80.0 18.0 0.5387864226742699
80.0 20.0 0.5150960854141101
80.0 22.0 0.5182058955636629
80.0 24.0 0.45482747004546936
80.0 26.0 0.32829403752430847
80.0 28.0 0.20136559553582187
80.0 30.0 0.03329592498276205
80.0 32.0 0.0
80.0 34.0 0.0
80.0 36.0 0.0
80.0 38.0 0.0
80.0 40.0 0.0
80.0 42.0 0.0
80.0 44.0 0.0
80.0 46.0 0.0
80.0 48.0 0.0
80.0 50.0 0.0
80.0 52.0 0.0
80.0 54.0 0.0
80.0 56.0 0.0
80.0 58.0 0.0
80.0 60.0 0.0
80.0 62.0 0.0
80.0 64.0 0.010392166648115682
80.0 66.0 0.04997878146424551
80.0 68.0 0.08333773780439795
80.0 70.0 0.12292961362625594
80.0 72.0 0.16646129148020664
80.0 74.0 0.20795618697288767
80.0 76.0 0.23136891554774833
80.0 78.0 0.25455536438349013
80.0 80.0 0.2745436020935893
80.0 82.0 0.31408976623771107
80.0 84.0 0.3596276774105658
80.0 86.0 0.32093342261957686
80.0 88.0 0.21190719577187112
80.0 90.0 0.061753255822678876
80.0 92.0 0.0
80.0 94.0 0.0
80.0 96.0 0.0
80.0 98.0 0.0
80.0 100.0 0.0
80.0 102.0 0.0
80.0 104.0 0.0
80.0 106.0 0.0
80.0 108.0 0.0
80.0 110.0 0.0
80.0 112.0 0.0
80.0 114.0 0.0
80.0 116.0 0.0
80.0 118.0 0.0
80.0 120.0 0.0
80.0 122.0 0.0
80.0 124.0 0.0
80.0 126.0 0.0
82.0 0.0 0.0
82.0 2.0 0.0
82.0 4.0 0.0
82.0 6.0 0.0
82.0 8.0 0.0
82.0 10.0 0.06305291625392907
82.0 12.0 0.28402230794508193
82.0 14.0 0.4633540184673997
82.0 16.0 0.5205402368359088
82.0 18.0 0.5479435693389245
82.0 20.0 0.5691598253840026
82.0 22.0 0.5579839755145669
82.0 24.0 0.47562663646322134
82.0 26.0 0.3403592484186533
82.0 28.0 0.19691695777709006
82.0 30.0 0.018442110881421468
82.0 32.0 0.0
82.0 34.0 0.0
82.0 36.0 0.0
82.0 38.0 0.0
82.0 40.0 0.0
82.0 42.0 0.0
82.0 44.0 0.0
82.0 46.0 0.0
82.0 48.0 0.0
82.0 50.0 0.0
82.0 52.0 0.0
82.0 54.0 0.0
82.0 56.0 0.0
82.0 58.0 0.0
82.0 60.0 0.0
82.0 62.0 0.0
82.0 64.0 0.0010660364783552634
82.0 66.0 0.014385746810776708
82.0 68.0 0.041077584701530466
82.0 70.0 0.080581469361044
82.0 72.0 0.1272407284123869
82.0 74.0 0.1780002827710313
82.0 76.0 0.2242438743425336
82.0 78.0 0.2686230126931453
82.0 80.0 0.3040384331406015
82.0 82.0 0.38618903043952807
82.0 84.0 0.423557475566485
82.0 86.0 0.43171403086433685
82.0 88.0 0.3974391430897823
82.0 90.0 0.22338714292066272
82.0 92.0 0.04146950696367668
82.0 94.0 0.0
82.0 96.0 0.0
82.0 98.0 0.0
82.0 100.0 0.0
82.0 102.0 0.0
82.0 104.0 0.0
82.0 106.0 0.0
82.0 108.0 0.0
82.0 110.0 0.0
82.0 112.0 0.0
82.0 114.0 0.0
82.0 116.0 0.0
82.0 118.0 0.0
82.0 120.0 0.0
82.0 122.0 0.0
82.0 124.0 0.0
82.0 126.0 0.0
84.0 0.0 0.0
84.0 2.0 0.0
84.0 4.0 0.0
84.0 6.0 0.0
84.0 8.0 0.0
84.0 10.0 0.041068889891078236
84.0 12.0 0.2276260246753322
84.0 14.0 0.4053438871841355
84.0 16.0 0.5163633095414889
84.0 18.0 0.5573540823951849
84.0 20.0 0.5655527519138069
84.0 22.0 0.5280856532957537
84.0 24.0 0.4205991406517113
84.0 26.0 0.3149150863997502
84.0 28.0 0.18426826446633837
84.0 30.0 0.006139139287656771
84.0 32.0 0.0
84.0 34.0 0.0
84.0 36.0 0.0
84.0 38.0 0.0
84.0 40.0 0.0
84.0 42.0 0.0
84.0 44.0 0.0
84.0 46.0 0.0
84.0 48.0 0.0
84.0 50.0 0.0
84.0 52.0 0.0
84.0 54.0 0.0
84.0 56.0 0.0
84.0 58.0 0.0
84.0 60.0 0.0
84.0 62.0 0.0
84.0 64.0 0.0
84.0 66.0 0.0044847824796191435
84.0 68.0 0.014199952115329593
84.0 70.0 0.03543520788891526
84.0 72.0 0.0873927496127385
84.0 74.0 0.14744350159452063
84.0 76.0 0.20731605497969574
84.0 78.0 0.2638727688096793
84.0 80.0 0.31273987934175096
84.0 82.0 0.39575625721329727
84.0 84.0 0.44413916605755155
84.0 86.0 0.4785520691659224
84.0 88.0 0.46097000421675666
84.0 90.0 0.3570002378101647
84.0 92.0 0.17560718465643896
84.0 94.0 0.02585534945124314
84.0 96.0 0.0
84.0 98.0 0.0
84.0 100.0 0.0
84.0 102.0 0.0
84.0 104.0 0.0
84.0 106.0 0.0
84.0 108.0 0.0
84.0 110.0 0.0
84.0 112.0 0.0
84.0 114.0 0.0
84.0 116.0 0.0
84.0 118.0 0.0
84.0 120.0 0.0
84.0 122.0 0.0
84.0 124.0 0.0
84.0 126.0 0.0
86.0 0.0 0.0
86.0 2.0 0.0
86.0 4.0 0.0
86.0 6.0 0.0
86.0 8.0 0.0
86.0 10.0 0.009124348190094682
86.0 12.0 0.1494353252710599
86.0 14.0 0.31294594919494373
86.0 16.0 0.43451517783807664
86.0 18.0 0.5004209005290136
86.0 20.0 0.5087174115604982
86.0 22.0 0.4287085511864685
86.0 24.0 0.350567022056115
86.0 26.0 0.2656124895138216
86.0 28.0 0.14215845278973613
86.0 30.0 0.0
86.0 32.0 0.0
86.0 34.0 0.0
86.0 36.0 0.0
86.0 38.0 0.0
86.0 40.0 0.0
86.0 42.0 0.0
86.0 44.0 0.0
86.0 46.0 0.0
86.0 48.0 0.0
86.0 50.0 0.0
86.0 52.0 0.0
86.0 54.0 0.0
86.0 56.0 0.0
86.0 58.0 0.0
86.0 60.0 0.0
86.0 62.0 0.0
86.0 64.0 0.0
86.0 66.0 2.854373808899284E-4
86.0 68.0 0.0013009670445164898
86.0 70.0 0.009111968638832143
86.0 72.0 0.03450478200510305
86.0 74.0 0.09547839920004175
86.0 76.0 0.1601948950508806
86.0 78.0 0.22139281937506908
86.0 80.0 0.27295487070252505
86.0 82.0 0.3672564948720918
86.0 84.0 0.4393102588914673
86.0 86.0 0.48245604962568794
86.0 88.0 0.4544308079508628
86.0 90.0 0.3846654572160037
86.0 92.0 0.2616822713285154
86.0 94.0 0.11911910319693897
86.0 96.0 0.013977051222579006
86.0 98.0 0.0
86.0 100.0 0.0
86.0 102.0 0.0
86.0 104.0 0.0
86.0 106.0 0.0
86.0 108.0 0.0
86.0 110.0 0.0
86.0 112.0 0.0
86.0 114.0 0.0
86.0 116.0 0.0
86.0 118.0 0.0
86.0 120.0 0.0
86.0 122.0 0.0
86.0 124.0 0.0
86.0 126.0 0.0
88.0 0.0 0.0
88.0 2.0 0.0
88.0 4.0 0.0
88.0 6.0 0.0
88.0 8.0 0.0
88.0 10.0 0.005996787725716555
88.0 12.0 0.1188541124685593
88.0 14.0 0.25930369672993886
88.0 16.0 0.3774845074208242
88.0 18.0 0.44930433118477087
88.0 20.0 0.440161963662677
88.0 22.0 0.34273487694656324
88.0 24.0 0.28255938068489106
88.0 26.0 0.20512382639876417
88.0 28.0 0.08196754076316691
88.0 30.0 0.0
88.0 32.0 0.0
88.0 34.0 0.0
88.0 36.0 0.0
88.0 38.0 0.0
88.0 40.0 0.0
88.0 42.0 0.0
88.0 44.0 0.0
88.0 46.0 0.0
88.0 48.0 0.0
88.0 50.0 0.0
88.0 52.0 0.0
88.0 54.0 3.1621100646882715E-5
88.0 56.0 0.0
88.0 58.0 0.0
88.0 60.0 0.0
88.0 62.0 0.0
88.0 64.0 0.0
88.0 66.0 0.0
88.0 68.0 0.0
88.0 70.0 0.0
88.0 72.0 0.0
88.0 74.0 0.04664774156597034
88.0 76.0 0.11799817053614693
88.0 78.0 0.17701215533426143
88.0 80.0 0.2815745319531105
88.0 82.0 0.34922649108246223
88.0 84.0 0.41714767637931244
88.0 86.0 0.4593611807995159
88.0 88.0 0.4357080313261672
88.0 90.0 0.33593492149681453
88.0 92.0 0.2531825406440822
88.0 94.0 0.16584024058285818
88.0 96.0 0.06798154814081851
88.0 98.0 0.006286260960834921
88.0 100.0 0.0
88.0 102.0 0.0
88.0 104.0 0.0
88.0 106.0 0.0
88.0 108.0 0.0
88.0 110.0 0.0
88.0 112.0 0.0
88.0 114.0 0.0
88.0 116.0 0.0
88.0 118.0 0.0
88.0 120.0 0.0
88.0 122.0 0.0
88.0 124.0 0.0
88.0 126.0 0.0
90.0 0.0 0.0
90.0 2.0 0.0
90.0 4.0 0.0
90.0 6.0 0.0
90.0 8.0 0.0
90.0 10.0 0.002028689541080771
90.0 12.0 0.0943284119269729
90.0 14.0 0.22261502742737885
90.0 16.0 0.326632366031323
90.0 18.0 0.38614871746788393
90.0 20.0 0.35873299605992776
90.0 22.0 0.26273499032243625
90.0 24.0 0.21227109382769435
90.0 26.0 0.1398060062915388
90.0 28.0 0.036543380413976055
90.0 30.0 0.0
90.0 32.0 0.0
90.0 34.0 0.0
90.0 36.0 0.0
90.0 38.0 0.0
90.0 40.0 0.0
90.0 42.0 0.0
90.0 44.0 0.0
90.0 46.0 0.0
90.0 48.0 0.0
90.0 50.0 8.842436367239316E-4
90.0 52.0 0.011047230994057257
90.0 54.0 0.011319153528823483
90.0 56.0 0.005061184316164903
90.0 58.0 0.0
90.0 60.0 0.0
90.0 62.0 0.0
90.0 64.0 0.0
90.0 66.0 0.0
90.0 68.0 0.0
90.0 70.0 0.0
90.0 72.0 0.0
90.0 74.0 0.007161198919486841
90.0 76.0 0.0723925864912822
90.0 78.0 0.13520968483955045
90.0 80.0 0.2029540493313131
90.0 82.0 0.2994441482873991
90.0 84.0 0.35156016034477605
90.0 86.0 0.3931798912476793
90.0 88.0 0.37811695609650914
90.0 90.0 0.3043226535229948
90.0 92.0 0.240987885876189
90.0 94.0 0.1932966188191947
90.0 96.0 0.1307089844010369
90.0 98.0 0.06153007804021604
90.0 100.0 0.0
90.0 102.0 0.0
90.0 104.0 0.0
90.0 106.0 0.0
90.0 108.0 0.0
90.0 110.0 0.0
90.0 112.0 0.0
90.0 114.0 0.0
90.0 116.0 0.0
90.0 118.0 0.0
90.0 120.0 0.0
90.0 122.0 0.0
90.0 124.0 0.0
90.0 126.0 0.0
92.0 0.0 0.0
92.0 2.0 0.0
92.0 4.0 0.0
92.0 6.0 0.0
92.0 8.0 0.0
92.0 10.0 0.0
92.0 12.0 0.03934247633856994
92.0 14.0 0.15304616801928922
92.0 16.0 0.26028527055335865
92.0 18.0 0.3109367261742607
92.0 20.0 0.2755977920580031
92.0 22.0 0.1838216795893587
92.0 24.0 0.14056948817497936
92.0 26.0 0.0753059650511428
92.0 28.0 0.001420928860894978
92.0 30.0 0.0
92.0 32.0 0.0
92.0 34.0 0.0
92.0 36.0 0.0
92.0 38.0 0.0
92.0 40.0 0.0
92.0 42.0 0.0
92.0 44.0 0.0
92.0 46.0 0.0
92.0 48.0 0.001981455229608882
92.0 50.0 0.03503504044547091
92.0 52.0 0.04347825818300915
92.0 54.0 0.02282613668065868
92.0 56.0 0.0063230849457745165
92.0 58.0 0.0
92.0 60.0 0.0
92.0 62.0 0.0
92.0 64.0 0.0
92.0 66.0 0.0
92.0 68.0 0.0
92.0 70.0 0.0
92.0 72.0 0.0
92.0 74.0 0.0
92.0 76.0 0.026572804763196085
92.0 78.0 0.09144683077575487
92.0 80.0 0.15525071380909763
92.0 82.0 0.22410071761958703
92.0 84.0 0.2685723808200293
92.0 86.0 0.30336149220192693
92.0 88.0 0.2912696162141449
92.0 90.0 0.2586176060799068
92.0 92.0 0.22006126259830125
92.0 94.0 0.20076434298095314
92.0 96.0 0.16232400245802844
92.0 98.0 0.12284906648368372
92.0 100.0 0.029722017253957716
92.0 102.0 0.0
92.0 104.0 0.0
92.0 106.0 0.0
92.0 108.0 0.0
92.0 110.0 0.0
92.0 112.0 0.0
92.0 114.0 0.0
92.0 116.0 0.0
92.0 118.0 0.0
92.0 120.0 0.0
92.0 122.0 0.0
92.0 124.0 0.0
92.0 126.0 0.0
94.0 0.0 0.0
94.0 2.0 0.0
94.0 4.0 0.0
94.0 6.0 0.0
94.0 8.0 0.0
94.0 10.0 0.0
94.0 12.0 0.03212940633461631
94.0 14.0 0.13502771951228504
94.0 16.0 0.21661822519059326
94.0 18.0 0.243090307804025
94.0 20.0 0.19979026092468735
94.0 22.0 0.10803375886820538
94.0 24.0 0.0692591418059207
94.0 26.0 0.012257450322287039
94.0 28.0 0.0
94.0 30.0 0.0
94.0 32.0 0.0
94.0 34.0 0.0
94.0 36.0 0.0
94.0 38.0 0.0
94.0 40.0 0.0
94.0 42.0 0.0
94.0 44.0 0.0
94.0 46.0 0.007113680783441656
94.0 48.0 0.09437231785013929
94.0 50.0 0.140224393209855
94.0 52.0 0.13679149014773498
94.0 54.0 0.08907336651988323
94.0 56.0 0.024830850246506792
94.0 58.0 0.0013141826208906352
94.0 60.0 0.0
94.0 62.0 0.0
94.0 64.0 0.0
94.0 66.0 0.0
94.0 68.0 0.0
94.0 70.0 0.0
94.0 72.0 0.0
94.0 74.0 0.0
94.0 76.0 0.0022231923705012813
94.0 78.0 0.04067672779043605
94.0 80.0 0.09965984426347248
94.0 82.0 0.1497588419086655
94.0 84.0 0.1894505026056678
94.0 86.0 0.21047271981933655
94.0 88.0 0.21391868572891606
94.0 90.0 0.21350419219268493
94.0 92.0 0.19958653187220757
94.0 94.0 0.19438007624584763
94.0 96.0 0.17851903713561246
94.0 98.0 0.16236964869900894
94.0 100.0 0.1256885998433626
94.0 102.0 0.028716833554231325
94.0 104.0 0.0
94.0 106.0 0.0
94.0 108.0 0.0
94.0 110.0 0.0
94.0 112.0 0.0
94.0 114.0 0.0
94.0 116.0 0.0
94.0 118.0 0.0
94.0 120.0 0.0
94.0 122.0 0.0
94.0 124.0 0.0
94.0 126.0 0.0
96.0 0.0 0.0
96.0 2.0 0.0
96.0 4.0 0.0
96.0 6.0 0.0
96.0 8.0 0.0
96.0 10.0 0.0
96.0 12.0 7.769033096282638E-5
96.0 14.0 0.07352564592007178
96.0 16.0 0.13610575617757809
96.0 18.0 0.14824867439164033
96.0 20.0 0.12377238924750096
96.0 22.0 0.04421923620327197
96.0 24.0 8.328200720954396E-4
96.0 26.0 0.0
96.0 28.0 0.0
96.0 30.0 0.0
96.0 32.0 0.0
96.0 34.0 0.0
96.0 36.0 0.0
96.0 38.0 0.0
96.0 40.0 0.0
96.0 42.0 0.0
96.0 44.0 0.037184462190494226
96.0 46.0 0.18154645697598393
96.0 48.0 0.26291957863288035
96.0 50.0 0.2632739462818444
96.0 52.0 0.2340417565863199
96.0 54.0 0.16874128809701727
96.0 56.0 0.07372852484379243
96.0 58.0 0.002874629625796455
96.0 60.0 0.0
96.0 62.0 0.0
96.0 64.0 0.0
96.0 66.0 0.0
96.0 68.0 0.0
96.0 70.0 0.0
96.0 72.0 0.0
96.0 74.0 0.0
96.0 76.0 0.0
96.0 78.0 0.0016446694306505776
96.0 80.0 0.03243445252345896
96.0 82.0 0.07340644946647039
96.0 84.0 0.12436890134753055
96.0 86.0 0.14735658756237574
96.0 88.0 0.16313598932150036
96.0 90.0 0.17962607198348343
96.0 92.0 0.18778136308965096
96.0 94.0 0.18731639402709618
96.0 96.0 0.1870977028029199
96.0 98.0 0.18157964849174446
96.0 100.0 0.18321414141306147
96.0 102.0 0.13576601733007776
96.0 104.0 0.058890899506316756
96.0 106.0 0.0
96.0 108.0 0.0
96.0 110.0 0.0
96.0 112.0 0.0
96.0 114.0 0.0
96.0 116.0 0.0
96.0 118.0 0.0
96.0 120.0 0.0
96.0 122.0 0.0
96.0 124.0 0.0
96.0 126.0 0.0
98.0 0.0 0.0
98.0 2.0 0.0
98.0 4.0 0.0
98.0 6.0 0.0
98.0 8.0 0.0
98.0 10.0 0.0
98.0 12.0 0.0
98.0 14.0 0.03784026921304887
98.0 16.0 0.08913621493556655
98.0 18.0 0.0862729980708909
98.0 20.0 0.04714342230703988
98.0 22.0 0.001444558334369733
98.0 24.0 0.0
98.0 26.0 0.0
98.0 28.0 0.0
98.0 30.0 0.0
98.0 32.0 0.0
98.0 34.0 0.0
98.0 36.0 0.0
98.0 38.0 0.0
98.0 40.0 0.0
98.0 42.0 0.03699408997386667
98.0 44.0 0.204987512461831
98.0 46.0 0.3324163834922771
98.0 48.0 0.3766695010137148
98.0 50.0 0.3467596834562194
98.0 52.0 0.31904300451206064
98.0 54.0 0.24568129495318336
98.0 56.0 0.12440765986161255
98.0 58.0 0.0034805867484022125
98.0 60.0 0.0
98.0 62.0 0.0
98.0 64.0 0.0
98.0 66.0 0.0
98.0 68.0 0.0
98.0 70.0 0.0
98.0 72.0 0.0
98.0 74.0 0.0
98.0 76.0 0.0
98.0 78.0 0.0
98.0 80.0 0.0019797995370537534
98.0 82.0 0.030503396398438354
98.0 84.0 0.058963639393892514
98.0 86.0 0.0876633369624059
98.0 88.0 0.1089923603555687
98.0 90.0 0.14015011524842066
98.0 92.0 0.16536614009627468
98.0 94.0 0.1888777133022179
98.0 96.0 0.20570558709576117
98.0 98.0 0.23093033642314528
98.0 100.0 0.22962004311135775
98.0 102.0 0.20429593794619197
98.0 104.0 0.1751742199695648
98.0 106.0 0.09678765300580507
98.0 108.0 0.0023433891800450865
98.0 110.0 0.0
98.0 112.0 0.0
98.0 114.0 0.0
98.0 116.0 0.0
98.0 118.0 0.0
98.0 120.0 0.0
98.0 122.0 0.0
98.0 124.0 0.0
98.0 126.0 0.0
100.0 0.0 0.0
100.0 2.0 0.0
100.0 4.0 0.0
100.0 6.0 0.0
100.0 8.0 0.0
100.0 10.0 0.0
100.0 12.0 0.0
100.0 14.0 0.012378110630683434
100.0 16.0 0.048498107555177965
100.0 18.0 0.026816508532922837
100.0 20.0 3.2521501491433253E-4
100.0 22.0 0.0
100.0 24.0 0.0
100.0 26.0 0.0
100.0 28.0 0.0
100.0 30.0 0.0
100.0 32.0 0.0
100.0 34.0 0.0
100.0 36.0 0.0
100.0 38.0 0.0
100.0 40.0 0.008011464828424075
100.0 42.0 0.1653467928282009
100.0 44.0 0.32006041431650156
100.0 46.0 0.4191632861919104
100.0 48.0 0.4344901098889756
100.0 50.0 0.3976701961321128
100.0 52.0 0.3779379957160731
100.0 54.0 0.31137267934388274
100.0 56.0 0.18217964364825004
100.0 58.0 0.017493354508313557
100.0 60.0 0.0
100.0 62.0 0.0
100.0 64.0 0.0
100.0 66.0 0.0
100.0 68.0 0.0
100.0 70.0 0.0
100.0 72.0 0.0
100.0 74.0 0.0
100.0 76.0 0.0
100.0 78.0 0.0
100.0 80.0 0.0
100.0 82.0 0.012829198433981823
100.0 84.0 0.033121772456572406
100.0 86.0 0.05566271977461088
100.0 88.0 0.07129810649601313
100.0 90.0 0.09102921334667315
100.0 92.0 0.14578646620691574
100.0 94.0 0.2001209727129195
100.0 96.0 0.23497758438884833
100.0 98.0 0.24856196607714287
100.0 100.0 0.2529645596117272
100.0 102.0 0.24003742899941402
100.0 104.0 0.21727188058018557
100.0 106.0 0.19688395210392548
100.0 108.0 0.08514435417113654
100.0 110.0 0.0
100.0 112.0 0.0
100.0 114.0 0.0
100.0 116.0 0.0
100.0 118.0 0.0
100.0 120.0 0.0
100.0 122.0 0.0
100.0 124.0 0.0
100.0 126.0 0.0
102.0 0.0 0.0
102.0 2.0 0.0
102.0 4.0 0.0
102.0 6.0 0.0
102.0 8.0 0.0
102.0 10.0 0.0
102.0 12.0 0.0
102.0 14.0 0.0
102.0 16.0 0.0
102.0 18.0 0.0
102.0 20.0 0.0
102.0 22.0 0.0
102.0 24.0 0.0
102.0 26.0 0.0
102.0 28.0 0.0
102.0 30.0 0.0
102.0 32.0 0.0
102.0 34.0 0.0
102.0 36.0 0.0
102.0 38.0 0.0
102.0 40.0 0.06985842518351047
102.0 42.0 0.2565163613056925
102.0 44.0 0.38758083668441806
102.0 46.0 0.474075161697622
102.0 48.0 0.4667580435777303
102.0 50.0 0.4366054832624895
102.0 52.0 0.4187669797918365
102.0 54.0 0.35792589061609065
102.0 56.0 0.23579465060702823
102.0 58.0 0.06258855105359014
102.0 60.0 0.0
102.0 62.0 0.0
102.0 64.0 0.0
102.0 66.0 0.0
102.0 68.0 0.0
102.0 70.0 0.0
102.0 72.0 0.0
102.0 74.0 0.0
102.0 76.0 0.0
102.0 78.0 0.0
102.0 80.0 0.0
102.0 82.0 0.0
102.0 84.0 0.013210426258024975
102.0 86.0 0.03259951177454124
102.0 88.0 0.054477728603530735
102.0 90.0 0.07671333116072186
102.0 92.0 0.13644567826250079
102.0 94.0 0.20505338888843272
102.0 96.0 0.2416783141391389
102.0 98.0 0.2580262173602103
102.0 100.0 0.2666670423381476
102.0 102.0 0.25841305350039273
102.0 104.0 0.24734439010971324
102.0 106.0 0.2468500489615699
102.0 108.0 0.15600211476587036
102.0 110.0 0.03440327978250792
102.0 112.0 0.0
102.0 114.0 0.0
102.0 116.0 0.0
102.0 118.0 0.0
102.0 120.0 0.0
102.0 122.0 0.0
102.0 124.0 0.0
102.0 126.0 0.0
104.0 0.0 0.0
104.0 2.0 0.0
104.0 4.0 0.0
104.0 6.0 0.0
104.0 8.0 0.0
104.0 10.0 0.0
104.0 12.0 0.0
104.0 14.0 0.0
104.0 16.0 0.0
104.0 18.0 0.0
104.0 20.0 0.0
104.0 22.0 0.0
104.0 24.0 0.0
104.0 26.0 0.0
104.0 28.0 0.0
104.0 30.0 0.0
104.0 32.0 0.0
104.0 34.0 0.0
104.0 36.0 0.0
104.0 38.0 0.00254098031473891
104.0 40.0 0.13202515361540357
104.0 42.0 0.31236415971356307
104.0 44.0 0.43135980743031394
104.0 46.0 0.5104237265658824
104.0 48.0 0.4930983243657834
104.0 50.0 0.4599683956491753
104.0 52.0 0.4433984350366013
104.0 54.0 0.3879410958990552
104.0 56.0 0.27613695719752257
104.0 58.0 0.1090831836620512
104.0 60.0 0.0
104.0 62.0 0.0
104.0 64.0 0.0
104.0 66.0 0.0
104.0 68.0 0.0
104.0 70.0 0.0
104.0 72.0 0.0
104.0 74.0 0.0
104.0 76.0 0.0
104.0 78.0 0.0
104.0 80.0 0.0
104.0 82.0 0.0
104.0 84.0 0.006047627760590024
104.0 86.0 0.02367265160690321
104.0 88.0 0.03947708115412254
104.0 90.0 0.05347958427338222
104.0 92.0 0.1314429889794793
104.0 94.0 0.19916404635441634
104.0 96.0 0.23797027657423708
104.0 98.0 0.26050130686622813
104.0 100.0 0.27180975149669634
104.0 102.0 0.2645427570253504
104.0 104.0 0.2597962387536953
104.0 106.0 0.264935271850769
104.0 108.0 0.18366562596839495
104.0 110.0 0.058551844150071225
104.0 112.0 3.7981651174513283E-6
104.0 114.0 0.0
104.0 116.0 0.0
104.0 118.0 0.0
104.0 120.0 0.0
104.0 122.0 0.0
104.0 124.0 0.0
104.0 126.0 0.0
106.0 0.0 0.0
106.0 2.0 0.0
106.0 4.0 0.0
106.0 6.0 0.0
106.0 8.0 0.0
106.0 10.0 0.0
106.0 12.0 0.0
106.0 14.0 0.0
106.0 16.0 0.0
106.0 18.0 0.0
106.0 20.0 0.0
106.0 22.0 0.0
106.0 24.0 0.0
106.0 26.0 0.0
106.0 28.0 0.0
106.0 30.0 0.0
106.0 32.0 0.0
106.0 34.0 0.0
106.0 36.0 0.0
106.0 38.0 0.005359586244146456
106.0 40.0 0.16621012846046446
106.0 42.0 0.3461319874273281
106.0 44.0 0.45854377368967975
106.0 46.0 0.5348091337115786
106.0 48.0 0.5000127491502036
106.0 50.0 0.4739033162903375
106.0 52.0 0.4598226274445853
106.0 54.0 0.40553038635003347
106.0 56.0 0.3045756396242334
106.0 58.0 0.15409120412605518
106.0 60.0 0.008574284752136957
106.0 62.0 0.0
106.0 64.0 0.0
106.0 66.0 0.0
106.0 68.0 0.0
106.0 70.0 0.0
106.0 72.0 0.0
106.0 74.0 0.0
106.0 76.0 0.0
106.0 78.0 0.0
106.0 80.0 0.0
106.0 82.0 0.0
106.0 84.0 2.0917652533093713E-4
106.0 86.0 0.011096802363311934
106.0 88.0 0.026024205188380195
106.0 90.0 0.03678402741771988
106.0 92.0 0.10811944373251488
106.0 94.0 0.16993197882555555
106.0 96.0 0.2166594436111605
106.0 98.0 0.24667622743207315
106.0 100.0 0.2599979636279103
106.0 102.0 0.2529596388499385
106.0 104.0 0.2553516090763917
106.0 106.0 0.247044937033943
106.0 108.0 0.17351628231465346
106.0 110.0 0.0529190984206592
106.0 112.0 0.0
106.0 114.0 0.0
106.0 116.0 0.0
106.0 118.0 0.0
106.0 120.0 0.0
106.0 122.0 0.0
106.0 124.0 0.0
106.0 126.0 0.0
108.0 0.0 0.0
108.0 2.0 0.0
108.0 4.0 0.0
108.0 6.0 0.0
108.0 8.0 0.0
108.0 10.0 0.0
108.0 12.0 0.0
108.0 14.0 0.0
108.0 16.0 0.0
108.0 18.0 0.0
108.0 20.0 0.0
108.0 22.0 0.0
108.0 24.0 0.0
108.0 26.0 0.0
108.0 28.0 0.0
108.0 30.0 0.0
108.0 32.0 0.0
108.0 34.0 0.0
108.0 36.0 0.0
108.0 38.0 0.010203688661357803
108.0 40.0 0.18482867333919514
108.0 42.0 0.35545683930723954
108.0 44.0 0.46615591942148554
108.0 46.0 0.5417376650558694
108.0 48.0 0.5892405869286688
108.0 50.0 0.5699091751243676
108.0 52.0 0.45083488485225054
108.0 54.0 0.4116374547759196
108.0 56.0 0.32151383508445947
108.0 58.0 0.18772549569046892
108.0 60.0 0.033785020771879726
108.0 62.0 0.0
108.0 64.0 0.0
108.0 66.0 0.0
108.0 68.0 0.0
108.0 70.0 0.0
108.0 72.0 0.0
108.0 74.0 0.0
108.0 76.0 0.0
108.0 78.0 0.0
108.0 80.0 0.0
108.0 82.0 0.0
108.0 84.0 0.0
108.0 86.0 0.0011696458490763559
108.0 88.0 0.015173010761611134
108.0 90.0 0.02748670620925885
108.0 92.0 0.07036900003531789
108.0 94.0 0.1313850717787264
108.0 96.0 0.1916490739717691
108.0 98.0 0.21123681621091372
108.0 100.0 0.2202422414575543
108.0 102.0 0.2098557856807692
108.0 104.0 0.20792281246375868
108.0 106.0 0.19751049978757393
108.0 108.0 0.11732003860580993
108.0 110.0 0.0
108.0 112.0 0.0
108.0 114.0 0.0
108.0 116.0 0.0
108.0 118.0 0.0
108.0 120.0 0.0
108.0 122.0 0.0
108.0 124.0 0.0
108.0 126.0 0.0
110.0 0.0 0.0
110.0 2.0 0.0
110.0 4.0 0.0
110.0 6.0 0.0
110.0 8.0 0.0
110.0 10.0 0.0
110.0 12.0 0.0
110.0 14.0 0.0
110.0 16.0 0.0
110.0 18.0 0.0
110.0 20.0 0.0
110.0 22.0 0.0038281831235222694
110.0 24.0 0.0
110.0 26.0 0.0
110.0 28.0 0.0
110.0 30.0 0.0
110.0 32.0 0.0
110.0 34.0 0.0
110.0 36.0 0.0
110.0 38.0 0.003002224822546633
110.0 40.0 0.1679347173365342
110.0 42.0 0.3551813545479429
110.0 44.0 0.47110766799542114
110.0 46.0 0.5479971092339525
110.0 48.0 0.5936141433378711
110.0 50.0 0.600873724043333
110.0 52.0 0.46719115593905675
110.0 54.0 0.41828286392709146
110.0 56.0 0.3352132128455317
110.0 58.0 0.20967466034321247
110.0 60.0 0.05947381702093001
110.0 62.0 0.0
110.0 64.0 0.0
110.0 66.0 0.0
110.0 68.0 0.0
110.0 70.0 0.0
110.0 72.0 0.0
110.0 74.0 0.0
110.0 76.0 0.0
110.0 78.0 0.0
110.0 80.0 0.0
110.0 82.0 0.0
110.0 84.0 0.0
110.0 86.0 0.0
110.0 88.0 0.007762159544779233
110.0 90.0 0.015150580445695309
110.0 92.0 0.03147949710636725
110.0 94.0 0.09458516175945945
110.0 96.0 0.14774204833247537
110.0 98.0 0.14906961575100483
110.0 100.0 0.14837595849916593
110.0 102.0 0.13239473105638735
110.0 104.0 0.1149887941182261
110.0 106.0 0.07833195074382773
110.0 108.0 0.0
110.0 110.0 0.0
110.0 112.0 0.0
110.0 114.0 0.0
110.0 116.0 0.0
110.0 118.0 0.0
110.0 120.0 0.0
110.0 122.0 0.0
110.0 124.0 0.0
110.0 126.0 0.0
112.0 0.0 0.0
112.0 2.0 0.0
112.0 4.0 0.0
112.0 6.0 0.0
112.0 8.0 0.0
112.0 10.0 0.0
112.0 12.0 0.0
112.0 14.0 0.0
112.0 16.0 0.0
112.0 18.0 0.0
112.0 20.0 0.0
112.0 22.0 0.0
112.0 24.0 0.004943250656472138
112.0 26.0 0.0
112.0 28.0 0.0
112.0 30.0 0.0
112.0 32.0 0.0
112.0 34.0 0.0
112.0 36.0 0.0
112.0 38.0 0.0026957712892806806
112.0 40.0 0.1520178869497003
112.0 42.0 0.33597183589482355
112.0 44.0 0.4546947322519774
112.0 46.0 0.5351253907499974
112.0 48.0 0.5821793847633719
112.0 50.0 0.6005481827295756
112.0 52.0 0.535157570310622
112.0 54.0 0.41968619878624164
112.0 56.0 0.34360494135838654
112.0 58.0 0.25160525154335284
112.0 60.0 0.0868998021940444
112.0 62.0 0.0
112.0 64.0 0.0
112.0 66.0 0.0
112.0 68.0 0.0
112.0 70.0 0.0
112.0 72.0 0.0
112.0 74.0 0.0
112.0 76.0 0.0
112.0 78.0 0.0
112.0 80.0 0.0
112.0 82.0 0.0
112.0 84.0 0.0
112.0 86.0 0.0
112.0 88.0 4.381322474085883E-4
112.0 90.0 0.006173284258811758
112.0 92.0 9.305660765326559E-4
112.0 94.0 0.022855055578089534
112.0 96.0 0.056789490761114475
112.0 98.0 0.02894945393171988
112.0 100.0 0.017933728163595203
112.0 102.0 0.005569100850404406
112.0 104.0 0.0
112.0 106.0 0.0
112.0 108.0 0.0
112.0 110.0 0.0
112.0 112.0 0.0
112.0 114.0 0.0
112.0 116.0 0.0
112.0 118.0 0.0
112.0 120.0 0.0
112.0 122.0 0.0
112.0 124.0 0.0
112.0 126.0 0.0
114.0 0.0 0.0
114.0 2.0 0.0
114.0 4.0 0.0
114.0 6.0 0.0
114.0 8.0 0.0
114.0 10.0 0.0
114.0 12.0 0.0
114.0 14.0 0.0
114.0 16.0 0.0
114.0 18.0 0.0
114.0 20.0 0.0
114.0 22.0 0.0
114.0 24.0 0.0
114.0 26.0 0.0
114.0 28.0 0.0
114.0 30.0 0.0
114.0 32.0 0.0
114.0 34.0 0.0
114.0 36.0 0.0
114.0 38.0 0.001028338465983991
114.0 40.0 0.12078911013626102
114.0 42.0 0.30745818932389524
114.0 44.0 0.4315258385410679
114.0 46.0 0.516507071355472
114.0 48.0 0.5691095433620313
114.0 50.0 0.5930493193816083
114.0 52.0 0.5886641977012628
114.0 54.0 0.5444784078993209
114.0 56.0 0.4410121366197845
114.0 58.0 0.2751723170727122
114.0 60.0 0.05483590448485635
114.0 62.0 0.0
114.0 64.0 0.0
114.0 66.0 0.0
114.0 68.0 0.0
114.0 70.0 0.0
114.0 72.0 0.0
114.0 74.0 0.0
114.0 76.0 0.0
114.0 78.0 0.0
114.0 80.0 0.0
114.0 82.0 0.0
114.0 84.0 0.0
114.0 86.0 0.0
114.0 88.0 0.0
114.0 90.0 0.0
114.0 92.0 0.0
114.0 94.0 0.0
114.0 96.0 0.0
114.0 98.0 0.0
114.0 100.0 0.0
114.0 102.0 0.0
114.0 104.0 0.0
114.0 106.0 0.0
114.0 108.0 0.0
114.0 110.0 0.0
114.0 112.0 0.0
114.0 114.0 0.0
114.0 116.0 0.0
114.0 118.0 0.0
114.0 120.0 0.0
114.0 122.0 0.0
114.0 124.0 0.0
114.0 126.0 0.0
116.0 0.0 0.0
116.0 2.0 0.0
116.0 4.0 0.0
116.0 6.0 0.0
116.0 8.0 0.0
116.0 10.0 0.0
116.0 12.0 0.0
116.0 14.0 0.0
116.0 16.0 0.0
116.0 18.0 0.0
116.0 20.0 0.0
116.0 22.0 0.0
116.0 24.0 0.0
116.0 26.0 0.0
116.0 28.0 0.0
116.0 30.0 0.0
116.0 32.0 0.0
116.0 34.0 0.0
116.0 36.0 0.0
116.0 38.0 0.0
116.0 40.0 0.083695518977845
116.0 42.0 0.27481460166543914
116.0 44.0 0.406056134447393
116.0 46.0 0.4955957686216586
116.0 48.0 0.553470452769706
116.0 50.0 0.5831834136203013
116.0 52.0 0.5839039676879799
116.0 54.0 0.5422374536644349
116.0 56.0 0.44414748580050034
116.0 58.0 0.2795406875995209
116.0 60.0 0.06217743145717535
116.0 62.0 0.0
116.0 64.0 0.0
116.0 66.0 0.0
116.0 68.0 0.0
116.0 70.0 0.0
116.0 72.0 0.0
116.0 74.0 0.0
116.0 76.0 0.0
116.0 78.0 0.0
116.0 80.0 0.0
116.0 82.0 0.0
116.0 84.0 0.0
116.0 86.0 0.0
116.0 88.0 0.0
116.0 90.0 0.0
116.0 92.0 0.0
116.0 94.0 0.0
116.0 96.0 0.0
116.0 98.0 0.0
116.0 100.0 0.0
116.0 102.0 0.0
116.0 104.0 0.0
116.0 106.0 0.0
116.0 108.0 0.0
116.0 110.0 0.0
116.0 112.0 0.0
116.0 114.0 0.0
116.0 116.0 0.0
116.0 118.0 0.0
116.0 120.0 0.0
116.0 122.0 0.0
116.0 124.0 0.0
116.0 126.0 0.0
118.0 0.0 0.0
118.0 2.0 0.0
118.0 4.0 0.0
118.0 6.0 0.0
118.0 8.0 0.0
118.0 10.0 0.0
118.0 12.0 0.0
118.0 14.0 0.0
118.0 16.0 0.0
118.0 18.0 0.0
118.0 20.0 0.0
118.0 22.0 0.0
118.0 24.0 0.0
118.0 26.0 0.0
118.0 28.0 0.0
118.0 30.0 0.0
118.0 32.0 0.0
118.0 34.0 0.0
118.0 36.0 0.0
118.0 38.0 0.0
118.0 40.0 0.013419306247348889
118.0 42.0 0.1876103611854282
118.0 44.0 0.3422851726042127
118.0 46.0 0.44605900550735406
118.0 48.0 0.5155462979012381
118.0 50.0 0.560912252643624
118.0 52.0 0.5747542826234127
118.0 54.0 0.5394869365577717
118.0 56.0 0.4447171219357788
118.0 58.0 0.27516066100044245
118.0 60.0 0.05497142908564914
118.0 62.0 0.0
118.0 64.0 0.0
118.0 66.0 0.0
118.0 68.0 0.0
118.0 70.0 0.0
118.0 72.0 0.0
118.0 74.0 0.0
118.0 76.0 0.0
118.0 78.0 0.0
118.0 80.0 0.0
118.0 82.0 0.0
118.0 84.0 0.0
118.0 86.0 0.0
118.0 88.0 0.0
118.0 90.0 0.0
118.0 92.0 0.0
118.0 94.0 0.0
118.0 96.0 0.0
118.0 98.0 0.0
118.0 100.0 0.0
118.0 102.0 0.0
118.0 104.0 0.0
118.0 106.0 0.0
118.0 108.0 0.0
118.0 110.0 0.0
118.0 112.0 0.0
118.0 114.0 0.0
118.0 116.0 0.0
118.0 118.0 0.0
118.0 120.0 0.0
118.0 122.0 0.0
118.0 124.0 0.0
118.0 126.0 0.0
120.0 0.0 0.0
120.0 2.0 0.0
120.0 4.0 0.0
120.0 6.0 0.0
120.0 8.0 0.0
120.0 10.0 0.0
120.0 12.0 0.0
120.0 14.0 0.0
120.0 16.0 0.0
120.0 18.0 0.0
120.0 20.0 0.0
120.0 22.0 0.0
120.0 24.0 0.0
120.0 26.0 0.0
120.0 28.0 0.0
120.0 30.0 0.0
120.0 32.0 0.0
120.0 34.0 0.0
120.0 36.0 0.0
120.0 38.0 0.0
120.0 40.0 0.0
120.0 42.0 0.03170482930883021
120.0 44.0 0.22214522684990765
120.0 46.0 0.37225911595102573
120.0 48.0 0.4662679803537051
120.0 50.0 0.5248645472693331
120.0 52.0 0.5506734396019607
120.0 54.0 0.5265852901814775
120.0 56.0 0.4333212372338706
120.0 58.0 0.25629824117007033
120.0 60.0 0.04014483710562138
120.0 62.0 0.0
120.0 64.0 0.0
120.0 66.0 0.0
120.0 68.0 0.0
120.0 70.0 0.0
120.0 72.0 0.0
120.0 74.0 0.0
120.0 76.0 0.0
120.0 78.0 0.0
120.0 80.0 0.0
120.0 82.0 0.0
120.0 84.0 0.0
120.0 86.0 0.0
120.0 88.0 0.0
120.0 90.0 0.0
120.0 92.0 0.0
120.0 94.0 0.0
120.0 96.0 0.0
120.0 98.0 0.0
120.0 100.0 0.0
120.0 102.0 0.0
120.0 104.0 0.0
120.0 106.0 0.0
120.0 108.0 0.0
120.0 110.0 0.0
120.0 112.0 0.0
120.0 114.0 0.0
120.0 116.0 0.0
120.0 118.0 0.0
120.0 120.0 0.0
120.0 122.0 0.0
120.0 124.0 0.0
120.0 126.0 0.0
122.0 0.0 0.0
122.0 2.0 0.0
122.0 4.0 0.0
122.0 6.0 0.0
122.0 8.0 0.0
122.0 10.0 0.0
122.0 12.0 0.0
122.0 14.0 0.0
122.0 16.0 0.0
122.0 18.0 0.0
122.0 20.0 0.0
122.0 22.0 0.0
122.0 24.0 0.0
122.0 26.0 0.0
122.0 28.0 0.0
122.0 30.0 0.0
122.0 32.0 0.0
122.0 34.0 0.0
122.0 36.0 0.0
122.0 38.0 0.0
122.0 40.0 0.0
122.0 42.0 0.0
122.0 44.0 0.013858634646326041
122.0 46.0 0.16508585555372382
122.0 48.0 0.30547136861232965
122.0 50.0 0.45716202698000186
122.0 52.0 0.4984624707005943
122.0 54.0 0.4912291472759008
122.0 56.0 0.40176839033537215
122.0 58.0 0.21925762904622756
122.0 60.0 0.023827769641436732
122.0 62.0 0.0
122.0 64.0 0.0
122.0 66.0 0.0
122.0 68.0 0.0
122.0 70.0 0.0
122.0 72.0 0.0
122.0 74.0 0.0
122.0 76.0 0.0
122.0 78.0 0.0
122.0 80.0 0.0
122.0 82.0 0.0
122.0 84.0 0.0
122.0 86.0 0.0
122.0 88.0 0.0
122.0 90.0 0.0
122.0 92.0 0.0
122.0 94.0 0.0
122.0 96.0 0.0
122.0 98.0 0.0
122.0 100.0 0.0
122.0 102.0 0.0
122.0 104.0 0.0
122.0 106.0 0.0
122.0 108.0 0.0
122.0 110.0 0.0
122.0 112.0 0.0
122.0 114.0 0.0
122.0 116.0 0.0
122.0 118.0 0.0
122.0 120.0 0.0
122.0 122.0 0.0
122.0 124.0 0.0
122.0 126.0 0.0
124.0 0.0 0.0
124.0 2.0 0.0
124.0 4.0 0.0
124.0 6.0 0.0
124.0 8.0 0.0
124.0 10.0 0.0
124.0 12.0 0.0
124.0 14.0 0.0
124.0 16.0 0.0
124.0 18.0 0.0
124.0 20.0 0.0
124.0 22.0 0.0
124.0 24.0 0.0
124.0 26.0 0.0
124.0 28.0 0.0
124.0 30.0 0.0
124.0 32.0 0.0
124.0 34.0 0.0
124.0 36.0 0.0
124.0 38.0 0.0
124.0 40.0 0.0
124.0 42.0 0.0
124.0 44.0 0.0
124.0 46.0 0.0
124.0 48.0 0.03762104688667344
124.0 50.0 0.14937234011980763
124.0 52.0 0.28350617585089705
124.0 54.0 0.3532315704602498
124.0 56.0 0.31628048466224407
124.0 58.0 0.1701000820019183
124.0 60.0 0.018354459450043457
124.0 62.0 0.0
124.0 64.0 0.0
124.0 66.0 0.0
124.0 68.0 0.0
124.0 70.0 0.0
124.0 72.0 0.0
124.0 74.0 0.0
124.0 76.0 0.0
124.0 78.0 0.0
124.0 80.0 0.0
124.0 82.0 0.0
124.0 84.0 0.0
124.0 86.0 0.0
124.0 88.0 0.0
124.0 90.0 0.0
124.0 92.0 0.0
124.0 94.0 0.0
124.0 96.0 0.0
124.0 98.0 0.0
124.0 100.0 0.0
124.0 102.0 0.0
124.0 104.0 0.0
124.0 106.0 0.0
124.0 108.0 0.0
124.0 110.0 0.0
124.0 112.0 0.0
124.0 114.0 0.0
124.0 116.0 0.0
124.0 118.0 0.0
124.0 120.0 0.0
124.0 122.0 0.0
124.0 124.0 0.0
124.0 126.0 0.0
126.0 0.0 0.0
126.0 2.0 0.0
126.0 4.0 0.0
126.0 6.0 0.0
126.0 8.0 0.0
126.0 10.0 0.0
126.0 12.0 0.0
126.0 14.0 0.0
126.0 16.0 0.0
126.0 18.0 0.0
126.0 20.0 0.0
126.0 22.0 0.0
126.0 24.0 0.0
126.0 26.0 0.0
126.0 28.0 0.0
126.0 30.0 0.0
126.0 32.0 0.0
126.0 34.0 0.0
126.0 36.0 0.0
126.0 38.0 0.0
126.0 40.0 0.0
126.0 42.0 0.0
126.0 44.0 0.0
126.0 46.0 0.0
126.0 48.0 0.0
126.0 50.0 0.0
126.0 52.0 0.0
126.0 54.0 0.09264268932568183
126.0 56.0 0.10469076871827564
126.0 58.0 0.12006238651887109
126.0 60.0 0.07893891888677729
126.0 62.0 0.0
126.0 64.0 0.0
126.0 66.0 0.0
126.0 68.0 0.0
126.0 70.0 0.0
126.0 72.0 0.0
126.0 74.0 0.0
126.0 76.0 0.0
126.0 78.0 0.0
126.0 80.0 0.0
126.0 82.0 0.0
126.0 84.0 0.0
126.0 86.0 0.0
126.0 88.0 0.0
126.0 90.0 0.0
126.0 92.0 0.0
126.0 94.0 0.0
126.0 96.0 0.0
126.0 98.0 0.0
126.0 100.0 0.0
126.0 102.0 0.0
126.0 104.0 0.0
126.0 106.0 0.0
126.0 108.0 0.0
126.0 110.0 0.0
126.0 112.0 0.0
126.0 114.0 0.0
126.0 116.0 0.0
126.0 118.0 0.0
126.0 120.0 0.0
126.0 122.0 0.0
126.0 124.0 0.0
126.0 126.0 0.0
