0.0 0.0 0.0
0.0 2.0 0.0
0.0 4.0 0.0
0.0 6.0 0.0
0.0 8.0 0.0
0.0 10.0 0.0
0.0 12.0 0.0
0.0 14.0 0.0
0.0 16.0 0.0
0.0 18.0 0.0
0.0 20.0 0.0
0.0 22.0 0.0
0.0 24.0 0.0
0.0 26.0 0.0
0.0 28.0 0.0
0.0 30.0 0.0
0.0 32.0 0.0
0.0 34.0 0.0
0.0 36.0 0.0
0.0 38.0 0.0
0.0 40.0 0.0
0.0 42.0 0.0
0.0 44.0 0.0
0.0 46.0 0.0
0.0 48.0 0.0
0.0 50.0 0.0
0.0 52.0 0.0
0.0 54.0 0.0
0.0 56.0 0.0
0.0 58.0 0.0
0.0 60.0 0.0
0.0 62.0 0.0
0.0 64.0 0.0
0.0 66.0 0.0
0.0 68.0 0.0
0.0 70.0 0.0
0.0 72.0 0.0
0.0 74.0 0.0
0.0 76.0 0.0
0.0 78.0 0.0
0.0 80.0 0.0
0.0 82.0 0.0
0.0 84.0 0.0
0.0 86.0 0.0
0.0 88.0 0.0
0.0 90.0 0.0
0.0 92.0 0.0
0.0 94.0 0.0
0.0 96.0 0.0
0.0 98.0 0.0
0.0 100.0 0.0
0.0 102.0 0.0
0.0 104.0 0.0
0.0 106.0 0.0
0.0 108.0 0.0
0.0 110.0 0.0
0.0 112.0 0.0
0.0 114.0 0.0
0.0 116.0 0.0
0.0 118.0 0.0
0.0 120.0 0.0
0.0 122.0 0.0
0.0 124.0 0.0
0.0 126.0 0.0
2.0 0.0 0.0
2.0 2.0 0.0
2.0 4.0 0.0
2.0 6.0 0.0
2.0 8.0 0.0
2.0 10.0 0.0
2.0 12.0 0.0
2.0 14.0 0.0
2.0 16.0 0.0
2.0 18.0 0.0
2.0 20.0 0.0
2.0 22.0 0.0
2.0 24.0 0.0
2.0 26.0 0.0
2.0 28.0 0.0
2.0 30.0 0.0
2.0 32.0 0.0
2.0 34.0 0.0
2.0 36.0 0.0
2.0 38.0 0.0
2.0 40.0 0.0
2.0 42.0 0.0
2.0 44.0 0.0
2.0 46.0 0.0
2.0 48.0 0.0
2.0 50.0 0.001986828017858902
2.0 52.0 0.04793714647325562
2.0 54.0 0.11204541488286773
2.0 56.0 0.1661978249375716
2.0 58.0 0.18396936305644504
2.0 60.0 0.14590020330159806
2.0 62.0 0.05600928709804721
2.0 64.0 0.0
2.0 66.0 0.0
2.0 68.0 0.0
2.0 70.0 0.0
2.0 72.0 0.0
2.0 74.0 0.0
2.0 76.0 0.0
2.0 78.0 0.0
2.0 80.0 0.0
2.0 82.0 0.0
2.0 84.0 0.0
2.0 86.0 0.0
2.0 88.0 0.0
2.0 90.0 0.0
2.0 92.0 0.0
2.0 94.0 0.0
2.0 96.0 0.0
2.0 98.0 0.0
2.0 100.0 0.0
2.0 102.0 0.0
2.0 104.0 0.0
2.0 106.0 0.0
2.0 108.0 0.0
2.0 110.0 0.0
2.0 112.0 0.0
2.0 114.0 0.0
2.0 116.0 0.0
2.0 118.0 0.0
2.0 120.0 0.0
2.0 122.0 0.0
2.0 124.0 0.0
2.0 126.0 0.0
4.0 0.0 0.0
4.0 2.0 0.0
4.0 4.0 0.0
4.0 6.0 0.0
4.0 8.0 0.0
4.0 10.0 0.0
4.0 12.0 0.0
4.0 14.0 0.0
4.0 16.0 0.0
4.0 18.0 0.0
4.0 20.0 0.0
4.0 22.0 0.0
4.0 24.0 0.0
4.0 26.0 0.0
4.0 28.0 0.0
4.0 30.0 0.0
4.0 32.0 0.0
4.0 34.0 0.0
4.0 36.0 0.0
4.0 38.0 0.0
4.0 40.0 0.0
4.0 42.0 0.0
4.0 44.0 0.006417465149081383
4.0 46.0 0.021211018996809213
4.0 48.0 0.06072137168166261
4.0 50.0 0.09617822462697462
4.0 52.0 0.14119130872878907
4.0 54.0 0.1668295638704592
4.0 56.0 0.16824303547506422
4.0 58.0 0.1420475184823098
4.0 60.0 0.060264466132236384
4.0 62.0 0.0015680917396591902
4.0 64.0 0.0
4.0 66.0 0.0
4.0 68.0 0.0
4.0 70.0 0.0
4.0 72.0 0.0
4.0 74.0 0.0
4.0 76.0 0.0
4.0 78.0 0.0
4.0 80.0 0.0
4.0 82.0 0.009603122885378115
4.0 84.0 0.06565032713505306
4.0 86.0 0.0
4.0 88.0 0.0
4.0 90.0 0.0
4.0 92.0 0.0
4.0 94.0 0.0
4.0 96.0 0.0
4.0 98.0 0.0
4.0 100.0 0.0
4.0 102.0 0.0
4.0 104.0 0.0
4.0 106.0 0.0
4.0 108.0 0.0
4.0 110.0 0.0
4.0 112.0 0.0
4.0 114.0 0.0
4.0 116.0 0.0
4.0 118.0 0.0
4.0 120.0 0.0
4.0 122.0 0.0
4.0 124.0 0.0
4.0 126.0 0.0
6.0 0.0 0.0
6.0 2.0 0.0
6.0 4.0 0.0
6.0 6.0 0.0
6.0 8.0 0.0
6.0 10.0 0.0
6.0 12.0 0.0
6.0 14.0 0.0
6.0 16.0 0.0
6.0 18.0 0.0
6.0 20.0 0.0
6.0 22.0 0.0
6.0 24.0 0.0
6.0 26.0 0.0
6.0 28.0 0.0
6.0 30.0 0.0
6.0 32.0 0.0
6.0 34.0 0.0
6.0 36.0 0.0
6.0 38.0 0.07007303159984425
6.0 40.0 0.0
6.0 42.0 0.0
6.0 44.0 0.006998839743712022
6.0 46.0 0.032328660462533604
6.0 48.0 0.0720344821599145
6.0 50.0 0.11247590104792722
6.0 52.0 0.15840550233538417
6.0 54.0 0.18395283513448327
6.0 56.0 0.18853612109581364
6.0 58.0 0.14712644546575346
6.0 60.0 0.057602761126625664
6.0 62.0 0.001973023357242651
6.0 64.0 0.0
6.0 66.0 0.0
6.0 68.0 0.0
6.0 70.0 0.0
6.0 72.0 0.0
6.0 74.0 0.0
6.0 76.0 0.0
6.0 78.0 0.0
6.0 80.0 0.0
6.0 82.0 6.357483114199543E-4
6.0 84.0 0.0501276649060503
6.0 86.0 0.17509616563390473
6.0 88.0 0.3514230679038169
6.0 90.0 0.5039986753304538
6.0 92.0 0.0
6.0 94.0 0.0
6.0 96.0 0.0
6.0 98.0 0.0
6.0 100.0 0.0
6.0 102.0 0.0
6.0 104.0 0.0
6.0 106.0 0.0
6.0 108.0 0.0
6.0 110.0 0.0
6.0 112.0 0.0
6.0 114.0 0.0
6.0 116.0 0.0
6.0 118.0 0.0
6.0 120.0 0.0
6.0 122.0 0.0
6.0 124.0 0.0
6.0 126.0 0.0
8.0 0.0 0.0
8.0 2.0 0.0
8.0 4.0 0.0
8.0 6.0 0.0
8.0 8.0 0.0
8.0 10.0 0.0
8.0 12.0 0.0
8.0 14.0 0.0
8.0 16.0 0.0
8.0 18.0 0.0
8.0 20.0 0.0
8.0 22.0 0.0
8.0 24.0 0.0
8.0 26.0 0.0
8.0 28.0 0.0
8.0 30.0 0.0
8.0 32.0 0.0
8.0 34.0 0.20383598842381126
8.0 36.0 0.0
8.0 38.0 0.0
8.0 40.0 0.0
8.0 42.0 0.0
8.0 44.0 0.0
8.0 46.0 0.02036451368471628
8.0 48.0 0.06825035581445077
8.0 50.0 0.13049095458528606
8.0 52.0 0.18095177328312237
8.0 54.0 0.20825621635636196
8.0 56.0 0.21324260594154007
8.0 58.0 0.16700223299110975
8.0 60.0 0.07473475696542185
8.0 62.0 0.0070003161352827845
8.0 64.0 0.0
8.0 66.0 0.0
8.0 68.0 0.0
8.0 70.0 0.0
8.0 72.0 0.0
8.0 74.0 0.0
8.0 76.0 0.0
8.0 78.0 0.0
8.0 80.0 0.0
8.0 82.0 0.0
8.0 84.0 0.039185278563217
8.0 86.0 0.15444403685480115
8.0 88.0 0.33759909955200035
8.0 90.0 0.5064443836005101
8.0 92.0 0.5291496083819615
8.0 94.0 0.4989499200499177
8.0 96.0 0.0
8.0 98.0 0.0
8.0 100.0 0.0
8.0 102.0 0.0
8.0 104.0 0.0
8.0 106.0 0.0
8.0 108.0 0.0
8.0 110.0 0.0
8.0 112.0 0.0
8.0 114.0 0.0
8.0 116.0 0.0
8.0 118.0 0.0
8.0 120.0 0.0
8.0 122.0 0.0
8.0 124.0 0.0
8.0 126.0 0.0
10.0 0.0 0.0
10.0 2.0 0.0
10.0 4.0 0.0
10.0 6.0 0.0
10.0 8.0 0.0
10.0 10.0 0.0
10.0 12.0 0.0
10.0 14.0 0.0
10.0 16.0 0.0
10.0 18.0 0.0
10.0 20.0 0.0
10.0 22.0 0.0
10.0 24.0 0.0
10.0 26.0 0.0
10.0 28.0 0.0
10.0 30.0 0.1579014697034086
10.0 32.0 0.0
10.0 34.0 0.0
10.0 36.0 0.0
10.0 38.0 0.0
10.0 40.0 0.0
10.0 42.0 0.0
10.0 44.0 0.0
10.0 46.0 0.022950012044669104
10.0 48.0 0.07974736234077921
10.0 50.0 0.15035231293713133
10.0 52.0 0.20319924909867518
10.0 54.0 0.23795053415735093
10.0 56.0 0.24269795576481726
10.0 58.0 0.19035561889810668
10.0 60.0 0.09393949011023768
10.0 62.0 0.013623629446362884
10.0 64.0 0.0
10.0 66.0 0.0
10.0 68.0 0.0
10.0 70.0 0.0
10.0 72.0 0.0
10.0 74.0 0.0
10.0 76.0 0.0
10.0 78.0 0.0
10.0 80.0 0.0
10.0 82.0 0.0
10.0 84.0 0.031110374069265413
10.0 86.0 0.1488567259762508
10.0 88.0 0.3369009916902754
10.0 90.0 0.48788372831981813
10.0 92.0 0.5185600439750585
10.0 94.0 0.4902861685966662
10.0 96.0 0.4044006618810519
10.0 98.0 0.0
10.0 100.0 0.0
10.0 102.0 0.0
10.0 104.0 0.0
10.0 106.0 0.0
10.0 108.0 0.0
10.0 110.0 0.0
10.0 112.0 0.0
10.0 114.0 0.0
10.0 116.0 0.0
10.0 118.0 0.0
10.0 120.0 0.0
10.0 122.0 0.0
10.0 124.0 0.0
10.0 126.0 0.0
12.0 0.0 0.0
12.0 2.0 0.0
12.0 4.0 0.0
12.0 6.0 0.0
12.0 8.0 0.0
12.0 10.0 0.0
12.0 12.0 0.0
12.0 14.0 0.0
12.0 16.0 0.0
12.0 18.0 0.0
12.0 20.0 0.0
12.0 22.0 0.0
12.0 24.0 0.0
12.0 26.0 0.0
12.0 28.0 0.0891845975945783
12.0 30.0 0.0
12.0 32.0 0.0
12.0 34.0 0.0
12.0 36.0 0.0
12.0 38.0 0.0
12.0 40.0 0.0
12.0 42.0 0.0
12.0 44.0 0.0
12.0 46.0 0.025429477815159026
12.0 48.0 0.09022680230805576
12.0 50.0 0.1701357665037279
12.0 52.0 0.23417718782893185
12.0 54.0 0.2725679798362016
12.0 56.0 0.2756132580597593
12.0 58.0 0.21367725445833577
12.0 60.0 0.11222950169576684
12.0 62.0 0.019654220537301457
12.0 64.0 0.0
12.0 66.0 0.0
12.0 68.0 0.0
12.0 70.0 0.0
12.0 72.0 0.0
12.0 74.0 0.0
12.0 76.0 0.0
12.0 78.0 0.0
12.0 80.0 0.0
12.0 82.0 0.0
12.0 84.0 0.027192782957506947
12.0 86.0 0.16922190471555495
12.0 88.0 0.31977928451585746
12.0 90.0 0.5012358444178293
12.0 92.0 0.5250347758741277
12.0 94.0 0.49384582472494615
12.0 96.0 0.3951184342656206
12.0 98.0 0.21780395230965297
12.0 100.0 0.04036467254873483
12.0 102.0 0.0
12.0 104.0 0.0
12.0 106.0 0.0
12.0 108.0 0.0
12.0 110.0 0.0
12.0 112.0 0.0
12.0 114.0 0.0
12.0 116.0 0.0
12.0 118.0 0.0
12.0 120.0 0.0
12.0 122.0 0.0
12.0 124.0 0.0
12.0 126.0 0.0
14.0 0.0 0.0
14.0 2.0 0.0
14.0 4.0 0.0
14.0 6.0 0.0
14.0 8.0 0.0
14.0 10.0 0.0
14.0 12.0 0.0
14.0 14.0 0.0
14.0 16.0 0.0
14.0 18.0 0.0
14.0 20.0 0.0
14.0 22.0 0.0
14.0 24.0 0.0
14.0 26.0 0.0
14.0 28.0 0.0
14.0 30.0 0.0
14.0 32.0 0.0
14.0 34.0 0.0
14.0 36.0 0.0
14.0 38.0 0.0
14.0 40.0 0.0
14.0 42.0 0.0
14.0 44.0 0.0
14.0 46.0 0.022929928347048625
14.0 48.0 0.09920580417217546
14.0 50.0 0.18452589349346815
14.0 52.0 0.2508010964895283
14.0 54.0 0.28996811567298547
14.0 56.0 0.2985107659419492
14.0 58.0 0.2375574402465496
14.0 60.0 0.12948644990780445
14.0 62.0 0.026654971111272727
14.0 64.0 3.3631929850829324E-4
14.0 66.0 0.0
14.0 68.0 0.0
14.0 70.0 0.0
14.0 72.0 0.0
14.0 74.0 0.0
14.0 76.0 0.0
14.0 78.0 0.0
14.0 80.0 0.0
14.0 82.0 0.0
14.0 84.0 0.03498010199881698
14.0 86.0 0.18959589374901686
14.0 88.0 0.3397427499577956
14.0 90.0 0.5089406072014241
14.0 92.0 0.5306749686960717
14.0 94.0 0.49385578895040066
14.0 96.0 0.37808698103886135
14.0 98.0 0.17437783025299167
14.0 100.0 0.028292740937633162
14.0 102.0 0.0
14.0 104.0 0.0
14.0 106.0 0.0
14.0 108.0 0.0
14.0 110.0 0.0
14.0 112.0 0.0
14.0 114.0 0.0
14.0 116.0 0.0
14.0 118.0 0.0
14.0 120.0 0.0
14.0 122.0 0.0
14.0 124.0 0.0
14.0 126.0 0.0
16.0 0.0 0.0
16.0 2.0 0.0
16.0 4.0 0.0
16.0 6.0 0.0
16.0 8.0 0.0
16.0 10.0 0.0
16.0 12.0 0.0
16.0 14.0 0.0
16.0 16.0 0.0
16.0 18.0 0.0
16.0 20.0 0.0
16.0 22.0 0.0
16.0 24.0 0.0
16.0 26.0 0.0
16.0 28.0 0.0
16.0 30.0 0.0
16.0 32.0 0.0
16.0 34.0 0.0
16.0 36.0 0.0
16.0 38.0 0.0
16.0 40.0 0.0
16.0 42.0 0.0
16.0 44.0 0.0
16.0 46.0 0.07382346662874069
16.0 48.0 0.15781146356374973
16.0 50.0 0.2386152144776527
16.0 52.0 0.30086409470663433
16.0 54.0 0.31086773905126697
16.0 56.0 0.30797931159320663
16.0 58.0 0.25518723730028703
16.0 60.0 0.14100157305897373
16.0 62.0 0.03126905792229671
16.0 64.0 0.001251946372247153
16.0 66.0 0.0
16.0 68.0 0.0
16.0 70.0 0.0
16.0 72.0 0.0
16.0 74.0 0.0
16.0 76.0 0.0
16.0 78.0 0.0
16.0 80.0 0.0
16.0 82.0 0.0
16.0 84.0 0.045646960521833764
16.0 86.0 0.21473346699694917
16.0 88.0 0.3892476937979468
16.0 90.0 0.4763277006390756
16.0 92.0 0.494268003045321
16.0 94.0 0.4534288521255556
16.0 96.0 0.3454584395176996
16.0 98.0 0.14340433519373866
16.0 100.0 0.02246464771910009
16.0 102.0 0.0
16.0 104.0 0.0
16.0 106.0 0.0
16.0 108.0 0.0
16.0 110.0 0.0
16.0 112.0 0.0
16.0 114.0 0.0
16.0 116.0 0.0
16.0 118.0 0.0
16.0 120.0 0.0
16.0 122.0 0.0
16.0 124.0 0.0
16.0 126.0 0.0
18.0 0.0 0.0
18.0 2.0 0.0
18.0 4.0 0.0
18.0 6.0 0.0
18.0 8.0 0.0
18.0 10.0 0.0
18.0 12.0 0.0
18.0 14.0 0.0
18.0 16.0 0.0
18.0 18.0 0.0
18.0 20.0 0.0
18.0 22.0 0.0
18.0 24.0 0.0
18.0 26.0 0.0
18.0 28.0 0.0
18.0 30.0 0.0
18.0 32.0 0.0
18.0 34.0 0.0
18.0 36.0 0.0
18.0 38.0 0.0
18.0 40.0 0.0
18.0 42.0 0.0
18.0 44.0 0.029049838672503558
18.0 46.0 0.11042353004723719
18.0 48.0 0.20043009448321714
18.0 50.0 0.2954537233403893
18.0 52.0 0.34806893101251196
18.0 54.0 0.3307225697128589
18.0 56.0 0.32260673230181675
18.0 58.0 0.2683654351861869
18.0 60.0 0.13958176922891924
18.0 62.0 0.02830852721805358
18.0 64.0 6.260287547025055E-4
18.0 66.0 0.0
18.0 68.0 0.0
18.0 70.0 0.0
18.0 72.0 0.0
18.0 74.0 0.0
18.0 76.0 0.0
18.0 78.0 0.0
18.0 80.0 0.0
18.0 82.0 0.0
18.0 84.0 0.08066934466827778
18.0 86.0 0.2421038822642975
18.0 88.0 0.43110438567962883
18.0 90.0 0.5165406321941435
18.0 92.0 0.5238651722082345
18.0 94.0 0.47384017935739964
18.0 96.0 0.3311303245540759
18.0 98.0 0.11047262455767282
18.0 100.0 0.012426067496034638
18.0 102.0 0.0
18.0 104.0 0.0
18.0 106.0 0.0
18.0 108.0 0.0
18.0 110.0 0.0
18.0 112.0 0.0
18.0 114.0 0.0
18.0 116.0 0.0
18.0 118.0 0.0
18.0 120.0 0.0
18.0 122.0 0.0
18.0 124.0 0.0
18.0 126.0 0.0
20.0 0.0 0.0
20.0 2.0 0.0
20.0 4.0 0.0
20.0 6.0 0.0
20.0 8.0 0.0
20.0 10.0 0.0
20.0 12.0 0.0
20.0 14.0 0.0
20.0 16.0 0.0
20.0 18.0 0.0
20.0 20.0 0.0
20.0 22.0 0.0
20.0 24.0 0.0
20.0 26.0 0.0
20.0 28.0 0.0
20.0 30.0 0.0
20.0 32.0 0.0
20.0 34.0 0.0
20.0 36.0 0.0
20.0 38.0 0.0
20.0 40.0 0.0
20.0 42.0 0.046472195874401406
20.0 44.0 0.11900178091172924
20.0 46.0 0.19041035973842443
20.0 48.0 0.2691585709120768
20.0 50.0 0.3344515907256503
20.0 52.0 0.3759210091999745
20.0 54.0 0.3676850579265049
20.0 56.0 0.3415306229690955
20.0 58.0 0.2700102307506278
20.0 60.0 0.12109667472878884
20.0 62.0 0.021706100229864734
20.0 64.0 0.0
20.0 66.0 0.0
20.0 68.0 0.0
20.0 70.0 0.0
20.0 72.0 0.0
20.0 74.0 0.0
20.0 76.0 0.0
20.0 78.0 0.0
20.0 80.0 0.0
20.0 82.0 0.015163022504437941
20.0 84.0 0.1447561107556907
20.0 86.0 0.291239806537999
20.0 88.0 0.4607749054322086
20.0 90.0 0.5430513283940276
20.0 92.0 0.5415886483588029
20.0 94.0 0.47865216099770785
20.0 96.0 0.3072905828630813
20.0 98.0 0.085987159038322
20.0 100.0 0.005769596003799477
20.0 102.0 0.0
20.0 104.0 0.0
20.0 106.0 0.0
20.0 108.0 0.0
20.0 110.0 0.0
20.0 112.0 0.0
20.0 114.0 0.0
20.0 116.0 0.0
20.0 118.0 0.0
20.0 120.0 0.0
20.0 122.0 0.0
20.0 124.0 0.0
20.0 126.0 0.0
22.0 0.0 0.0
22.0 2.0 0.0
22.0 4.0 0.0
22.0 6.0 0.0
22.0 8.0 0.0
22.0 10.0 0.0
22.0 12.0 0.0
22.0 14.0 0.0
22.0 16.0 0.0
22.0 18.0 0.0
22.0 20.0 0.0
22.0 22.0 0.0
22.0 24.0 0.0
22.0 26.0 0.0
22.0 28.0 0.0
22.0 30.0 0.0
22.0 32.0 0.0
22.0 34.0 0.0
22.0 36.0 0.0
22.0 38.0 0.010571948103013437
22.0 40.0 0.06862456774987721
22.0 42.0 0.1303374260744299
22.0 44.0 0.19682907362351842
22.0 46.0 0.26351642157475313
22.0 48.0 0.326949318692435
22.0 50.0 0.41463642784780924
22.0 52.0 0.42512225097104667
22.0 54.0 0.41277032109333484
22.0 56.0 0.37442907838772294
22.0 58.0 0.25795815696133956
22.0 60.0 0.08561087236532124
22.0 62.0 0.011309723575446698
22.0 64.0 0.0
22.0 66.0 0.0
22.0 68.0 0.0
22.0 70.0 0.0
22.0 72.0 0.0
22.0 74.0 0.0
22.0 76.0 0.0
22.0 78.0 0.0
22.0 80.0 0.0
22.0 82.0 0.05029054597829863
22.0 84.0 0.19951518453365588
22.0 86.0 0.32668800902354467
22.0 88.0 0.469729635559801
22.0 90.0 0.5616253552400999
22.0 92.0 0.5573305823779274
22.0 94.0 0.4670981800420551
22.0 96.0 0.2714804107724522
22.0 98.0 0.062512001268739
22.0 100.0 6.383274596028336E-4
22.0 102.0 0.0
22.0 104.0 0.0
22.0 106.0 0.0
22.0 108.0 0.0
22.0 110.0 0.0
22.0 112.0 0.0
22.0 114.0 0.0
22.0 116.0 0.0
22.0 118.0 0.0
22.0 120.0 0.0
22.0 122.0 0.0
22.0 124.0 0.0
22.0 126.0 0.0
24.0 0.0 0.0
24.0 2.0 0.0
24.0 4.0 0.0
24.0 6.0 0.0
24.0 8.0 0.0
24.0 10.0 0.0
24.0 12.0 0.0
24.0 14.0 0.0
24.0 16.0 0.0
24.0 18.0 0.0
24.0 20.0 0.0
24.0 22.0 0.0
24.0 24.0 0.0
24.0 26.0 0.0
24.0 28.0 0.0
24.0 30.0 0.0
24.0 32.0 0.0
24.0 34.0 0.0
24.0 36.0 0.0
24.0 38.0 0.06886462448879818
24.0 40.0 0.1337307760838602
24.0 42.0 0.2024916720979929
24.0 44.0 0.2733529375978936
24.0 46.0 0.3290330243395222
24.0 48.0 0.38141322630594887
24.0 50.0 0.4483161798324706
24.0 52.0 0.44437364508455673
24.0 54.0 0.4183371635187724
24.0 56.0 0.35088045049697847
24.0 58.0 0.20836431442656936
24.0 60.0 0.046583197139490634
24.0 62.0 9.351366582096536E-4
24.0 64.0 0.0
24.0 66.0 0.0
24.0 68.0 0.0
24.0 70.0 0.0
24.0 72.0 0.0
24.0 74.0 0.0
24.0 76.0 0.0
24.0 78.0 0.0
24.0 80.0 5.169032500971465E-4
24.0 82.0 0.08421876565040408
24.0 84.0 0.23623154012051836
24.0 86.0 0.3556109061189232
24.0 88.0 0.43619469439103536
24.0 90.0 0.5265890695437657
24.0 92.0 0.5339791161645084
24.0 94.0 0.43789289415578553
24.0 96.0 0.2235337334404328
24.0 98.0 0.04443500470983446
24.0 100.0 0.0
24.0 102.0 0.0
24.0 104.0 0.0
24.0 106.0 0.0
24.0 108.0 0.0
24.0 110.0 0.0
24.0 112.0 0.0
24.0 114.0 0.0
24.0 116.0 0.0
24.0 118.0 0.0
24.0 120.0 0.0
24.0 122.0 0.0
24.0 124.0 0.0
24.0 126.0 0.0
26.0 0.0 0.0
26.0 2.0 0.0
26.0 4.0 0.0
26.0 6.0 0.0
26.0 8.0 0.0
26.0 10.0 0.0
26.0 12.0 0.0
26.0 14.0 0.0
26.0 16.0 0.018817906861631376
26.0 18.0 0.04856741334595
26.0 20.0 0.012224394443146339
26.0 22.0 0.0
26.0 24.0 0.0
26.0 26.0 0.0
26.0 28.0 0.0
26.0 30.0 0.0
26.0 32.0 0.0
26.0 34.0 0.0
26.0 36.0 0.02113072121354696
26.0 38.0 0.1263262852926261
26.0 40.0 0.20159095296758425
26.0 42.0 0.26561382733776406
26.0 44.0 0.32580640899751817
26.0 46.0 0.37238557707413905
26.0 48.0 0.40857864921882653
26.0 50.0 0.4716778977095107
26.0 52.0 0.4447501257634064
26.0 54.0 0.3875817906637189
26.0 56.0 0.2929932439326153
26.0 58.0 0.12715117411866542
26.0 60.0 0.019488783935190462
26.0 62.0 0.0
26.0 64.0 0.0
26.0 66.0 0.0
26.0 68.0 0.0
26.0 70.0 0.0
26.0 72.0 0.0
26.0 74.0 0.0
26.0 76.0 0.0
26.0 78.0 0.0
26.0 80.0 0.007158724382510554
26.0 82.0 0.1129584639424815
26.0 84.0 0.22962857760472277
26.0 86.0 0.32425961888631705
26.0 88.0 0.42608343291922585
26.0 90.0 0.5178395588598462
26.0 92.0 0.5013604517866398
26.0 94.0 0.39346898004950476
26.0 96.0 0.16437043020600658
26.0 98.0 0.025373660650233082
26.0 100.0 0.0
26.0 102.0 0.0
26.0 104.0 0.0
26.0 106.0 0.0
26.0 108.0 0.0
26.0 110.0 0.0
26.0 112.0 0.0
26.0 114.0 0.0
26.0 116.0 0.0
26.0 118.0 0.0
26.0 120.0 0.0
26.0 122.0 0.0
26.0 124.0 0.0
26.0 126.0 0.0
28.0 0.0 0.0
28.0 2.0 0.0
28.0 4.0 0.0
28.0 6.0 0.0
28.0 8.0 0.0
28.0 10.0 0.0
28.0 12.0 0.05229299650994129
28.0 14.0 0.26065131254758317
28.0 16.0 0.25675928720064795
28.0 18.0 0.15032228994206842
28.0 20.0 0.020047257416546806
28.0 22.0 0.0
28.0 24.0 0.0
28.0 26.0 0.0
28.0 28.0 0.0
28.0 30.0 0.0
28.0 32.0 0.0
28.0 34.0 0.0
28.0 36.0 0.06443507905151462
28.0 38.0 0.16703725290395452
28.0 40.0 0.24468221856009678
28.0 42.0 0.29320711767896285
28.0 44.0 0.3369044985235666
28.0 46.0 0.3674995244970643
28.0 48.0 0.3806984991978289
28.0 50.0 0.45847254144746913
28.0 52.0 0.4131398723803397
28.0 54.0 0.3193103119279074
28.0 56.0 0.18516933129329097
28.0 58.0 0.04952047853369649
28.0 60.0 0.0
28.0 62.0 0.0
28.0 64.0 0.0
28.0 66.0 0.0
28.0 68.0 0.0
28.0 70.0 0.0
28.0 72.0 0.0
28.0 74.0 0.0
28.0 76.0 0.0
28.0 78.0 0.0
28.0 80.0 0.014281609024744018
28.0 82.0 0.13504657479584223
28.0 84.0 0.23661790423766407
28.0 86.0 0.31510952554102517
28.0 88.0 0.38695080874850607
28.0 90.0 0.4769732111485625
28.0 92.0 0.4404950701697326
28.0 94.0 0.330654310010798
28.0 96.0 0.11815878276832192
28.0 98.0 0.012540151935653887
28.0 100.0 0.0
28.0 102.0 0.0
28.0 104.0 0.0
28.0 106.0 0.0
28.0 108.0 0.0
28.0 110.0 0.0
28.0 112.0 0.0
28.0 114.0 0.0
28.0 116.0 0.0
28.0 118.0 0.0
28.0 120.0 0.0
28.0 122.0 0.0
28.0 124.0 0.0
28.0 126.0 0.0
30.0 0.0 0.0
30.0 2.0 0.0
30.0 4.0 0.0
30.0 6.0 0.0
30.0 8.0 0.0
30.0 10.0 0.18870443537694784
30.0 12.0 0.37672151778113205
30.0 14.0 0.34862933944269514
30.0 16.0 0.2718597561712371
30.0 18.0 0.08010412095916135
30.0 20.0 0.0014359031924869746
30.0 22.0 0.0
30.0 24.0 0.0
30.0 26.0 0.0
30.0 28.0 0.0
30.0 30.0 0.0
30.0 32.0 0.0
30.0 34.0 0.028316769986048426
30.0 36.0 0.13217409453871082
30.0 38.0 0.21832330008464115
30.0 40.0 0.27184826261629996
30.0 42.0 0.3149818063091073
30.0 44.0 0.34212763597804313
30.0 46.0 0.3587967750798857
30.0 48.0 0.402152968818748
30.0 50.0 0.4332467419651584
30.0 52.0 0.34331946049862005
30.0 54.0 0.20810951138997721
30.0 56.0 0.07645238534761593
30.0 58.0 0.011652928058850362
30.0 60.0 0.0
30.0 62.0 0.0
30.0 64.0 0.0
30.0 66.0 0.0
30.0 68.0 0.0
30.0 70.0 0.0
30.0 72.0 0.0
30.0 74.0 0.0
30.0 76.0 0.0
30.0 78.0 0.0
30.0 80.0 0.03453032415917542
30.0 82.0 0.15316288306751633
30.0 84.0 0.23742014472652193
30.0 86.0 0.3017806946198865
30.0 88.0 0.3466252632667555
30.0 90.0 0.4145404019640084
30.0 92.0 0.3664295795458015
30.0 94.0 0.2524980585502063
30.0 96.0 0.08227909830432599
30.0 98.0 0.005668905231763052
30.0 100.0 0.0
30.0 102.0 0.0
30.0 104.0 0.0
30.0 106.0 0.0
30.0 108.0 0.0
30.0 110.0 0.0
30.0 112.0 0.0
30.0 114.0 0.0
30.0 116.0 0.0
30.0 118.0 0.0
30.0 120.0 0.0
30.0 122.0 0.0
30.0 124.0 0.0
30.0 126.0 0.0
32.0 0.0 0.0
32.0 2.0 0.0
32.0 4.0 0.0
32.0 6.0 0.0
32.0 8.0 0.0
32.0 10.0 0.2694486096166218
32.0 12.0 0.40110836777434994
32.0 14.0 0.3399907424867646
32.0 16.0 0.21474784708303585
32.0 18.0 0.04382555836637147
32.0 20.0 0.0
32.0 22.0 0.0
32.0 24.0 0.0
32.0 26.0 0.0
32.0 28.0 0.0
32.0 30.0 0.0
32.0 32.0 0.0029020589946329813
32.0 34.0 0.0707873728819854
32.0 36.0 0.1761374911486999
32.0 38.0 0.23864654619870718
32.0 40.0 0.2692326632024412
32.0 42.0 0.29657509385657965
32.0 44.0 0.31272973251185393
32.0 46.0 0.31389143386050805
32.0 48.0 0.37656647311713304
32.0 50.0 0.3417348981934822
32.0 52.0 0.21447166414570282
32.0 54.0 0.08432951966801017
32.0 56.0 0.014986391627275962
32.0 58.0 0.0
32.0 60.0 0.0
32.0 62.0 0.0
32.0 64.0 0.0
32.0 66.0 0.0
32.0 68.0 0.0
32.0 70.0 0.0
32.0 72.0 0.0
32.0 74.0 0.0
32.0 76.0 0.0
32.0 78.0 0.00268738641006354
32.0 80.0 0.08538483875748389
32.0 82.0 0.1946838256062582
32.0 84.0 0.27145893323145137
32.0 86.0 0.3219492154121056
32.0 88.0 0.34349035867473754
32.0 90.0 0.3301715953726285
32.0 92.0 0.2815503232135521
32.0 94.0 0.1897977394301842
32.0 96.0 0.05239752115610823
32.0 98.0 0.0014110031413048219
32.0 100.0 0.0
32.0 102.0 0.0
32.0 104.0 0.0
32.0 106.0 0.0
32.0 108.0 0.0
32.0 110.0 0.0
32.0 112.0 0.0
32.0 114.0 0.0
32.0 116.0 0.027992045711252373
32.0 118.0 0.17381873631287037
32.0 120.0 0.0
32.0 122.0 0.0
32.0 124.0 0.0
32.0 126.0 0.0
34.0 0.0 0.0
34.0 2.0 0.0
34.0 4.0 0.0
34.0 6.0 0.0
34.0 8.0 0.39892082279963875
34.0 10.0 0.4270769305270971
34.0 12.0 0.35910963689850245
34.0 14.0 0.244123663284866
34.0 16.0 0.06120816056289529
34.0 18.0 0.0
34.0 20.0 0.0
34.0 22.0 0.0
34.0 24.0 0.0
34.0 26.0 0.0
34.0 28.0 0.0
34.0 30.0 4.603621399214726E-4
34.0 32.0 0.02557169357542509
34.0 34.0 0.10976472018562665
34.0 36.0 0.19328521014434166
34.0 38.0 0.23626586114438755
34.0 40.0 0.2657767872091671
34.0 42.0 0.28502219406531915
34.0 44.0 0.2850044437178154
34.0 46.0 0.2700232936237576
34.0 48.0 0.2817308497703771
34.0 50.0 0.22003323210451578
34.0 52.0 0.09950606002450657
34.0 54.0 0.01747217179762269
34.0 56.0 0.0
34.0 58.0 0.0
34.0 60.0 0.0
34.0 62.0 0.0
34.0 64.0 0.0
34.0 66.0 0.0
34.0 68.0 0.0
34.0 70.0 0.0
34.0 72.0 0.0
34.0 74.0 0.0
34.0 76.0 0.0
34.0 78.0 0.04197068236590996
34.0 80.0 0.12631051393009704
34.0 82.0 0.2032477573343542
34.0 84.0 0.25939865819827096
34.0 86.0 0.28957545966861487
34.0 88.0 0.292737360245405
34.0 90.0 0.2681338500293182
34.0 92.0 0.21750504953418281
34.0 94.0 0.1289369130279744
34.0 96.0 0.02135863607511397
34.0 98.0 0.0
34.0 100.0 0.0
34.0 102.0 0.0
34.0 104.0 0.0
34.0 106.0 0.0
34.0 108.0 0.0
34.0 110.0 0.0
34.0 112.0 0.0
34.0 114.0 0.009606900533339078
34.0 116.0 0.11369372311903102
34.0 118.0 0.26973325410356186
34.0 120.0 0.0
34.0 122.0 0.0
34.0 124.0 0.0
34.0 126.0 0.0
36.0 0.0 0.0
36.0 2.0 0.0
36.0 4.0 0.0
36.0 6.0 0.0
36.0 8.0 0.4345826082419673
36.0 10.0 0.42851316954338836
36.0 12.0 0.33127290048862873
36.0 14.0 0.1759754251630938
36.0 16.0 0.014131305018683663
36.0 18.0 0.0
36.0 20.0 0.0
36.0 22.0 0.0
36.0 24.0 0.0
36.0 26.0 0.0
36.0 28.0 0.0
36.0 30.0 8.933497941186575E-4
36.0 32.0 0.04943634011191783
36.0 34.0 0.13591317947889478
36.0 36.0 0.19433226893458286
36.0 38.0 0.23529980049127464
36.0 40.0 0.2544032689336441
36.0 42.0 0.2597798846946783
36.0 44.0 0.24651145249895398
36.0 46.0 0.2187939251272378
36.0 48.0 0.17562861943438782
36.0 50.0 0.12810936097639095
36.0 52.0 0.02524503655262994
36.0 54.0 0.0
36.0 56.0 0.0
36.0 58.0 0.0
36.0 60.0 0.0
36.0 62.0 0.0
36.0 64.0 0.0
36.0 66.0 0.0
36.0 68.0 0.0
36.0 70.0 0.0
36.0 72.0 0.0
36.0 74.0 0.0
36.0 76.0 0.016457273570427713
36.0 78.0 0.07520170860005074
36.0 80.0 0.1479467704495354
36.0 82.0 0.203077345726186
36.0 84.0 0.24008416030246793
36.0 86.0 0.2608836816185831
36.0 88.0 0.2589794968206066
36.0 90.0 0.21363194507568692
36.0 92.0 0.14720655701334534
36.0 94.0 0.05543077108905789
36.0 96.0 0.0
36.0 98.0 0.0
36.0 100.0 0.0
36.0 102.0 0.0
36.0 104.0 0.0
36.0 106.0 0.0
36.0 108.0 0.0
36.0 110.0 0.0
36.0 112.0 0.007506096646634568
36.0 114.0 0.05351141541780011
36.0 116.0 0.17799494051254275
36.0 118.0 0.3215260032798404
36.0 120.0 0.41217631967059914
36.0 122.0 0.0
36.0 124.0 0.0
36.0 126.0 0.0
38.0 0.0 0.0
38.0 2.0 0.0
38.0 4.0 0.0
38.0 6.0 0.49774464824233444
38.0 8.0 0.4609218095235026
38.0 10.0 0.3197797119271301
38.0 12.0 0.1671833418535222
38.0 14.0 0.014281583925382759
38.0 16.0 0.0
38.0 18.0 0.0
38.0 20.0 0.0
38.0 22.0 0.0
38.0 24.0 0.0
38.0 26.0 0.0
38.0 28.0 0.0
38.0 30.0 0.009260182851297944
38.0 32.0 0.06985831416136513
38.0 34.0 0.1536760557529712
38.0 36.0 0.20275072364910532
38.0 38.0 0.2272285753398031
38.0 40.0 0.23897900044622142
38.0 42.0 0.2324371925714032
38.0 44.0 0.20720713471702856
38.0 46.0 0.16901609511848292
38.0 48.0 0.11697992178951833
38.0 50.0 0.053874872601860746
38.0 52.0 0.003355424309740812
38.0 54.0 0.0
38.0 56.0 0.0
38.0 58.0 0.0
38.0 60.0 0.0
38.0 62.0 0.0
38.0 64.0 0.0
38.0 66.0 0.0
38.0 68.0 0.0
38.0 70.0 0.0
38.0 72.0 0.0
38.0 74.0 0.004274146722500488
38.0 76.0 0.038351650722318636
38.0 78.0 0.09973978767451003
38.0 80.0 0.16056037568453954
38.0 82.0 0.2029440387384862
38.0 84.0 0.2307990054305569
38.0 86.0 0.23702186018409563
38.0 88.0 0.20052787497784083
38.0 90.0 0.14078452222629645
38.0 92.0 0.07189995259168412
38.0 94.0 0.003914326893750393
38.0 96.0 0.0
38.0 98.0 0.0
38.0 100.0 0.0
38.0 102.0 0.0
38.0 104.0 0.0
38.0 106.0 0.0
38.0 108.0 0.0013828498207127105
38.0 110.0 0.009940661865970493
38.0 112.0 0.0335783271170502
38.0 114.0 0.08622581623149785
38.0 116.0 0.19838100681122886
38.0 118.0 0.3142504213249627
38.0 120.0 0.3999803605990122
38.0 122.0 0.0
38.0 124.0 0.0
38.0 126.0 0.0
40.0 0.0 0.0
40.0 2.0 0.0
40.0 4.0 0.0
40.0 6.0 0.49375100938946653
40.0 8.0 0.3917057219662685
40.0 10.0 0.2577307530359873
40.0 12.0 0.10432937033225693
40.0 14.0 0.0010290354178056937
40.0 16.0 0.0
40.0 18.0 0.0
40.0 20.0 0.0
40.0 22.0 0.0
40.0 24.0 0.0
40.0 26.0 0.0
40.0 28.0 0.008707589062416301
40.0 30.0 0.02647928504183152
40.0 32.0 0.09902937503225502
40.0 34.0 0.1823311002042639
40.0 36.0 0.22973895813134085
40.0 38.0 0.22824135016367064
40.0 40.0 0.22524398308121873
40.0 42.0 0.20668060337114047
40.0 44.0 0.16754163577685477
40.0 46.0 0.11835085464930384
40.0 48.0 0.06296551632921722
40.0 50.0 0.01002169936057651
40.0 52.0 0.0
40.0 54.0 0.0
40.0 56.0 0.0
40.0 58.0 0.0
40.0 60.0 0.0
40.0 62.0 0.0
40.0 64.0 0.0
40.0 66.0 0.0
40.0 68.0 0.0
40.0 70.0 0.0
40.0 72.0 0.0
40.0 74.0 0.020565060498458947
40.0 76.0 0.06095552809770758
40.0 78.0 0.12202574719987075
40.0 80.0 0.1738254010462764
40.0 82.0 0.20438539808810166
40.0 84.0 0.22080611610659098
40.0 86.0 0.2077564925627302
40.0 88.0 0.14773230072891072
40.0 90.0 0.06458461934357285
40.0 92.0 0.009031880149605695
40.0 94.0 0.0
40.0 96.0 0.0
40.0 98.0 0.0
40.0 100.0 0.0
40.0 102.0 0.0
40.0 104.0 0.0
40.0 106.0 0.0
40.0 108.0 0.010918061215592903
40.0 110.0 0.030093718233357422
40.0 112.0 0.0568011249634735
40.0 114.0 0.10870633382995236
40.0 116.0 0.2004467859096082
40.0 118.0 0.29283140855247336
40.0 120.0 0.3636351669256735
40.0 122.0 0.4072084803826819
40.0 124.0 0.0
40.0 126.0 0.0
42.0 0.0 0.0
42.0 2.0 0.0
42.0 4.0 0.47740336308839365
42.0 6.0 0.3331119520577466
42.0 8.0 0.22803186050830268
42.0 10.0 0.12162418452298347
42.0 12.0 0.011365785481245304
42.0 14.0 0.0
42.0 16.0 0.0
42.0 18.0 0.0
42.0 20.0 0.0
42.0 22.0 0.0
42.0 24.0 0.0
42.0 26.0 0.0
42.0 28.0 0.02469054013651732
42.0 30.0 0.06683219058569119
42.0 32.0 0.14486926426130467
42.0 34.0 0.21975637002250123
42.0 36.0 0.2585936238342336
42.0 38.0 0.24343037340815796
42.0 40.0 0.2371718258005846
42.0 42.0 0.1969357609928399
42.0 44.0 0.12632416369578647
42.0 46.0 0.07806308141716935
42.0 48.0 0.02447670543007603
42.0 50.0 0.0
42.0 52.0 0.0
42.0 54.0 0.0
42.0 56.0 0.0
42.0 58.0 0.0
42.0 60.0 0.0
42.0 62.0 0.0
42.0 64.0 0.0
42.0 66.0 0.0
42.0 68.0 0.0
42.0 70.0 0.0
42.0 72.0 0.007822984226781156
42.0 74.0 0.0456421111988353
42.0 76.0 0.1029259594300009
42.0 78.0 0.15350344177352307
42.0 80.0 0.19163947091765599
42.0 82.0 0.21755442467236796
42.0 84.0 0.22814288385495715
42.0 86.0 0.18397807326370771
42.0 88.0 0.096201041385784
42.0 90.0 0.0036740371374375997
42.0 92.0 0.0
42.0 94.0 0.0
42.0 96.0 0.0
42.0 98.0 0.0
42.0 100.0 0.0
42.0 102.0 0.0
42.0 104.0 0.0
42.0 106.0 0.0
42.0 108.0 0.014668669453557617
42.0 110.0 0.04416452884140878
42.0 112.0 0.07423354964237823
42.0 114.0 0.12570185549133556
42.0 116.0 0.20618394024157538
42.0 118.0 0.28068700891000736
42.0 120.0 0.33837248236262923
42.0 122.0 0.3705640036329165
42.0 124.0 0.0
42.0 126.0 0.0
44.0 0.0 0.0
44.0 2.0 0.0
44.0 4.0 0.4022226149666846
44.0 6.0 0.25927828406164055
44.0 8.0 0.1720175404673412
44.0 10.0 0.07559910044249947
44.0 12.0 5.786996057253034E-4
44.0 14.0 0.0
44.0 16.0 0.0
44.0 18.0 0.0
44.0 20.0 0.0
44.0 22.0 0.0
44.0 24.0 0.0
44.0 26.0 0.0011875272338167204
44.0 28.0 0.054938065092438655
44.0 30.0 0.12548033021786562
44.0 32.0 0.2074720976840773
44.0 34.0 0.2727380061062464
44.0 36.0 0.30267676045872194
44.0 38.0 0.30565137108129253
44.0 40.0 0.2727281700239933
44.0 42.0 0.20165884760309305
44.0 44.0 0.10145408198008933
44.0 46.0 0.05433865903353909
44.0 48.0 0.0051091301742871185
44.0 50.0 0.0
44.0 52.0 0.0
44.0 54.0 0.0
44.0 56.0 0.0
44.0 58.0 0.0
44.0 60.0 0.0
44.0 62.0 0.0
44.0 64.0 0.0
44.0 66.0 0.0
44.0 68.0 0.0
44.0 70.0 0.0
44.0 72.0 0.02717177089850072
44.0 74.0 0.0904602110739751
44.0 76.0 0.15443262667737542
44.0 78.0 0.20897978224898875
44.0 80.0 0.24473426877956314
44.0 82.0 0.2523858854462677
44.0 84.0 0.2358153912538954
44.0 86.0 0.17324622651665067
44.0 88.0 0.04887493072153834
44.0 90.0 0.0
44.0 92.0 0.0
44.0 94.0 0.0
44.0 96.0 0.0
44.0 98.0 0.0
44.0 100.0 0.0
44.0 102.0 0.0
44.0 104.0 0.0
44.0 106.0 0.0
44.0 108.0 0.0104844418402558
44.0 110.0 0.046813975745961404
44.0 112.0 0.09077324847894229
44.0 114.0 0.14750525660418143
44.0 116.0 0.2255158170986934
44.0 118.0 0.29158988265646635
44.0 120.0 0.33943341513237474
44.0 122.0 0.365981574164985
44.0 124.0 0.0
44.0 126.0 0.0
46.0 0.0 0.0
46.0 2.0 0.0
46.0 4.0 0.31716583919493546
46.0 6.0 0.18079780098019804
46.0 8.0 0.10773952715201339
46.0 10.0 0.02764273931132286
46.0 12.0 0.0
46.0 14.0 0.0
46.0 16.0 0.0
46.0 18.0 0.0
46.0 20.0 0.0
46.0 22.0 0.0
46.0 24.0 0.0
46.0 26.0 0.023639788377086638
46.0 28.0 0.11184525770117049
46.0 30.0 0.19919488373233177
46.0 32.0 0.28273195613672747
46.0 34.0 0.3364544983598992
46.0 36.0 0.35165045134900574
46.0 38.0 0.33447725663790945
46.0 40.0 0.2813309993265573
46.0 42.0 0.1800261654697564
46.0 44.0 0.09730087856299069
46.0 46.0 0.03711449135091925
46.0 48.0 0.0013384257596675778
46.0 50.0 0.0
46.0 52.0 0.0
46.0 54.0 0.0
46.0 56.0 0.0
46.0 58.0 0.0
46.0 60.0 0.0
46.0 62.0 0.0
46.0 64.0 0.0
46.0 66.0 0.0
46.0 68.0 0.0011934011028111814
46.0 70.0 0.022870583731959212
46.0 72.0 0.0637990303217185
46.0 74.0 0.13577685475072646
46.0 76.0 0.20233835412896906
46.0 78.0 0.2574911565823243
46.0 80.0 0.29145416303916516
46.0 82.0 0.2941993821905558
46.0 84.0 0.27612231960865585
46.0 86.0 0.1974583015949477
46.0 88.0 0.0387475555492462
46.0 90.0 0.0
46.0 92.0 0.0
46.0 94.0 0.0
46.0 96.0 0.0
46.0 98.0 0.0
46.0 100.0 0.0
46.0 102.0 0.0
46.0 104.0 0.0
46.0 106.0 0.0
46.0 108.0 0.0021339767547260587
46.0 110.0 0.03546825528995658
46.0 112.0 0.10596836931624072
46.0 114.0 0.1810204221374303
46.0 116.0 0.2589922222654049
46.0 118.0 0.3241304958166678
46.0 120.0 0.3610515308517293
46.0 122.0 0.3761545731266028
46.0 124.0 0.3432548742958253
46.0 126.0 0.0
48.0 0.0 0.0
48.0 2.0 0.18761530700689263
48.0 4.0 0.09414064665116363
48.0 6.0 0.036329744703323445
48.0 8.0 0.0
48.0 10.0 0.0
48.0 12.0 0.0
48.0 14.0 0.0
48.0 16.0 0.0
48.0 18.0 0.0
48.0 20.0 0.0
48.0 22.0 0.0
48.0 24.0 0.0
48.0 26.0 0.07185291871657577
48.0 28.0 0.19228776674556147
48.0 30.0 0.28756445610426035
48.0 32.0 0.3616511838370795
48.0 34.0 0.402215545157246
48.0 36.0 0.40132885360880505
48.0 38.0 0.36734874852309324
48.0 40.0 0.2966925104764881
48.0 42.0 0.1772322268745218
48.0 44.0 0.09913636041409819
48.0 46.0 0.02291885037854315
48.0 48.0 2.0993677612475092E-4
48.0 50.0 0.0
48.0 52.0 0.0
48.0 54.0 0.0
48.0 56.0 0.0
48.0 58.0 0.0
48.0 60.0 0.0
48.0 62.0 0.0
48.0 64.0 0.0
48.0 66.0 0.0
48.0 68.0 0.010207183695553538
48.0 70.0 0.04038112466377152
48.0 72.0 0.09774332639667256
48.0 74.0 0.1802660259901109
48.0 76.0 0.2547826006710219
48.0 78.0 0.31266820469222434
48.0 80.0 0.3447135358923729
48.0 82.0 0.3474644792515305
48.0 84.0 0.33292549330607696
48.0 86.0 0.25357061319325774
48.0 88.0 0.0667483903524331
48.0 90.0 0.0
48.0 92.0 0.0
48.0 94.0 0.0
48.0 96.0 0.0
48.0 98.0 0.0
48.0 100.0 0.0
48.0 102.0 0.0
48.0 104.0 0.0
48.0 106.0 0.0
48.0 108.0 0.0
48.0 110.0 0.03074202459596924
48.0 112.0 0.11950162082821662
48.0 114.0 0.2195710409624254
48.0 116.0 0.30254752294010695
48.0 118.0 0.3623697435938726
48.0 120.0 0.39592997735537283
48.0 122.0 0.39851966826113827
48.0 124.0 0.3312806689950289
48.0 126.0 0.0
50.0 0.0 0.0
50.0 2.0 0.059032322829349844
50.0 4.0 0.0
50.0 6.0 0.0
50.0 8.0 0.0
50.0 10.0 0.0
50.0 12.0 0.0
50.0 14.0 0.0
50.0 16.0 0.0
50.0 18.0 0.0
50.0 20.0 0.0
50.0 22.0 0.0
50.0 24.0 0.024499135703958386
50.0 26.0 0.15895675688640926
50.0 28.0 0.27416333188361375
50.0 30.0 0.3686637175101592
50.0 32.0 0.42799571055303304
50.0 34.0 0.4495043432376427
50.0 36.0 0.4353784648765772
50.0 38.0 0.39187308411913246
50.0 40.0 0.31121672411808105
50.0 42.0 0.17975470300170635
50.0 44.0 0.09212697292794125
50.0 46.0 0.01740090558524832
50.0 48.0 0.0
50.0 50.0 0.0
50.0 52.0 0.0
50.0 54.0 0.0
50.0 56.0 0.0
50.0 58.0 0.0
50.0 60.0 0.0
50.0 62.0 0.0
50.0 64.0 0.0
50.0 66.0 3.0655261952588646E-4
50.0 68.0 0.021353346916411223
50.0 70.0 0.0445139107715135
50.0 72.0 0.12431218147467472
50.0 74.0 0.2215263726302402
50.0 76.0 0.29077442407519277
50.0 78.0 0.3471117928762682
50.0 80.0 0.38975102649741783
50.0 82.0 0.39130674971429397
50.0 84.0 0.37506231945044294
50.0 86.0 0.3092353399062858
50.0 88.0 0.10861007809227223
50.0 90.0 0.004495915814027791
50.0 92.0 0.0
50.0 94.0 0.0
50.0 96.0 0.0
50.0 98.0 0.0
50.0 100.0 0.0
50.0 102.0 0.0
50.0 104.0 0.0
50.0 106.0 0.0
50.0 108.0 0.0
50.0 110.0 0.045901579709392216
50.0 112.0 0.1530405404818023
50.0 114.0 0.27085827668497947
50.0 116.0 0.35087337746925046
50.0 118.0 0.4039250159031824
50.0 120.0 0.43245615183284625
50.0 122.0 0.4265941620960403
50.0 124.0 0.32605810252223993
50.0 126.0 0.0
52.0 0.0 0.0
52.0 2.0 0.03700870947583374
52.0 4.0 0.0
52.0 6.0 0.0
52.0 8.0 0.0
52.0 10.0 0.0
52.0 12.0 0.0
52.0 14.0 0.0
52.0 16.0 0.0
52.0 18.0 0.0
52.0 20.0 0.0
52.0 22.0 0.013335812514571659
52.0 24.0 0.11179640006385283
52.0 26.0 0.2466719033428765
52.0 28.0 0.339012626199737
52.0 30.0 0.42476532424049235
52.0 32.0 0.46959013139173766
52.0 34.0 0.47646519445088614
52.0 36.0 0.4517403180751569
52.0 38.0 0.3963129594548375
52.0 40.0 0.2985194927868231
52.0 42.0 0.16799764322728705
52.0 44.0 0.07323184337681747
52.0 46.0 0.011980776005525147
52.0 48.0 0.0
52.0 50.0 0.0
52.0 52.0 0.0
52.0 54.0 0.0
52.0 56.0 0.0
52.0 58.0 0.0
52.0 60.0 0.0
52.0 62.0 0.0
52.0 64.0 0.0
52.0 66.0 1.2251595744300968E-4
52.0 68.0 0.024407060973927096
52.0 70.0 0.0535133467086705
52.0 72.0 0.16035579269804598
52.0 74.0 0.27285628144797636
52.0 76.0 0.32472672990615586
52.0 78.0 0.38315671866310863
52.0 80.0 0.41351301930226253
52.0 82.0 0.41161149931051727
52.0 84.0 0.4067935582313664
52.0 86.0 0.3504340929037389
52.0 88.0 0.14977649300250714
52.0 90.0 0.01483942295051466
52.0 92.0 0.0
52.0 94.0 0.0
52.0 96.0 0.0
52.0 98.0 0.0
52.0 100.0 0.0
52.0 102.0 0.0
52.0 104.0 0.0
52.0 106.0 0.0
52.0 108.0 0.0
52.0 110.0 0.05876878085418578
52.0 112.0 0.1781006437099928
52.0 114.0 0.3149348159331679
52.0 116.0 0.40480786477784036
52.0 118.0 0.4465315611757599
52.0 120.0 0.4621466568121501
52.0 122.0 0.44515558835798447
52.0 124.0 0.31875294971487494
52.0 126.0 0.0
54.0 0.0 0.0
54.0 2.0 0.03431803937627962
54.0 4.0 0.0
54.0 6.0 0.0
54.0 8.0 0.0
54.0 10.0 0.0
54.0 12.0 0.0
54.0 14.0 0.0
54.0 16.0 0.0
54.0 18.0 0.0
54.0 20.0 0.016264189111237972
54.0 22.0 0.09997013629555201
54.0 24.0 0.23173919680609187
54.0 26.0 0.34044921706177234
54.0 28.0 0.4114723311812942
54.0 30.0 0.469679209566114
54.0 32.0 0.4977192503141426
54.0 34.0 0.48915920093962734
54.0 36.0 0.4519985469663179
54.0 38.0 0.384455727722905
54.0 40.0 0.2685975402821464
54.0 42.0 0.13667838477075894
54.0 44.0 0.043121177242488984
54.0 46.0 0.004042932744633639
54.0 48.0 0.0
54.0 50.0 0.0
54.0 52.0 0.0
54.0 54.0 0.0
54.0 56.0 0.0
54.0 58.0 0.0
54.0 60.0 0.0
54.0 62.0 0.0
54.0 64.0 0.0
54.0 66.0 0.0
54.0 68.0 0.021138386785177234
54.0 70.0 0.06497762287887089
54.0 72.0 0.2031414510520169
54.0 74.0 0.313648600088368
54.0 76.0 0.3454878676313975
54.0 78.0 0.4018476046938755
54.0 80.0 0.42990488841783914
54.0 82.0 0.4261012145202568
54.0 84.0 0.3969586990123455
54.0 86.0 0.3725043238988908
54.0 88.0 0.18094940124389172
54.0 90.0 0.025931453128447666
54.0 92.0 0.0
54.0 94.0 0.0
54.0 96.0 0.0
54.0 98.0 0.0
54.0 100.0 0.0
54.0 102.0 0.0
54.0 104.0 0.0
54.0 106.0 0.0
54.0 108.0 0.0
54.0 110.0 0.07316059606560602
54.0 112.0 0.24267702560247076
54.0 114.0 0.3814638274506801
54.0 116.0 0.459639370411788
54.0 118.0 0.48583593903132877
54.0 120.0 0.48684369307247183
54.0 122.0 0.46921478039642256
54.0 124.0 0.32989840635826423
54.0 126.0 0.05361686189247356
56.0 0.0 0.0
56.0 2.0 0.0
56.0 4.0 0.0
56.0 6.0 0.0
56.0 8.0 0.0
56.0 10.0 0.0
56.0 12.0 0.0
56.0 14.0 0.0
56.0 16.0 0.0
56.0 18.0 0.026891705298999296
56.0 20.0 0.0991893447835512
56.0 22.0 0.23389015617116812
56.0 24.0 0.3540582802205348
56.0 26.0 0.42933073741119565
56.0 28.0 0.481706599345673
56.0 30.0 0.5112879951185695
56.0 32.0 0.5153858359798359
56.0 34.0 0.48961249370600773
56.0 36.0 0.4360532169561894
56.0 38.0 0.3488455376292803
56.0 40.0 0.19797514024915527
56.0 42.0 0.08757663670612782
56.0 44.0 0.018734629427951278
56.0 46.0 0.0
56.0 48.0 0.0
56.0 50.0 0.0
56.0 52.0 0.0
56.0 54.0 0.0
56.0 56.0 0.0
56.0 58.0 0.0
56.0 60.0 0.0
56.0 62.0 0.0
56.0 64.0 0.0
56.0 66.0 0.0
56.0 68.0 0.0132451130214467
56.0 70.0 0.08778039751256976
56.0 72.0 0.2508283719927969
56.0 74.0 0.3547120905399286
56.0 76.0 0.3714796387813513
56.0 78.0 0.4258506229553513
56.0 80.0 0.4515951149765019
56.0 82.0 0.4448228145856065
56.0 84.0 0.40000979074707826
56.0 86.0 0.3444756899684662
56.0 88.0 0.18975949896230473
56.0 90.0 0.03157992831973241
56.0 92.0 0.0
56.0 94.0 0.0
56.0 96.0 0.0
56.0 98.0 0.0
56.0 100.0 0.0
56.0 102.0 0.0
56.0 104.0 0.0
56.0 106.0 0.0
56.0 108.0 0.0
56.0 110.0 0.07345830559635144
56.0 112.0 0.27035276492314536
56.0 114.0 0.4251909186601977
56.0 116.0 0.5044229600028373
56.0 118.0 0.5268620705133347
56.0 120.0 0.5058046629087585
56.0 122.0 0.4826678101075767
56.0 124.0 0.31636472155460715
56.0 126.0 0.04735744418484563
58.0 0.0 0.0
58.0 2.0 0.0
58.0 4.0 0.0
58.0 6.0 0.0
58.0 8.0 0.0
58.0 10.0 0.0
58.0 12.0 0.0
58.0 14.0 0.0
58.0 16.0 0.02036351008907897
58.0 18.0 0.09664091426363891
58.0 20.0 0.22648124150608298
58.0 22.0 0.3535900791082795
58.0 24.0 0.4464645971656788
58.0 26.0 0.5043761878080152
58.0 28.0 0.5345360567605447
58.0 30.0 0.5394475761205372
58.0 32.0 0.5187901715428191
58.0 34.0 0.4720584170841275
58.0 36.0 0.3926793271274107
58.0 38.0 0.2691537991134932
58.0 40.0 0.12127660406719774
58.0 42.0 0.03552583844916332
58.0 44.0 0.0029903308416344837
58.0 46.0 0.0
58.0 48.0 0.0
58.0 50.0 0.0
58.0 52.0 0.0
58.0 54.0 0.0
58.0 56.0 0.0
58.0 58.0 0.0
58.0 60.0 0.0
58.0 62.0 0.0
58.0 64.0 0.0
58.0 66.0 0.0
58.0 68.0 0.02344003705418379
58.0 70.0 0.12809649167879453
58.0 72.0 0.2995066838610824
58.0 74.0 0.3818494484060932
58.0 76.0 0.4037464654687944
58.0 78.0 0.4544742514635072
58.0 80.0 0.4703287126666393
58.0 82.0 0.43440650481601223
58.0 84.0 0.378976622749269
58.0 86.0 0.3674393523470411
58.0 88.0 0.17732490367302944
58.0 90.0 0.029231321014984952
58.0 92.0 0.0
58.0 94.0 0.0
58.0 96.0 0.0
58.0 98.0 0.0
58.0 100.0 0.0
58.0 102.0 0.0
58.0 104.0 0.0
58.0 106.0 0.0
58.0 108.0 0.0
58.0 110.0 0.0606149523004229
58.0 112.0 0.2695867679456078
58.0 114.0 0.4341419793609495
58.0 116.0 0.5180514123389613
58.0 118.0 0.5416955317637518
58.0 120.0 0.5098388516782922
58.0 122.0 0.48251977896443604
58.0 124.0 0.3017646871425815
58.0 126.0 0.04355865105796272
60.0 0.0 0.0
60.0 2.0 0.0
60.0 4.0 0.0
60.0 6.0 0.0
60.0 8.0 0.0
60.0 10.0 0.0
60.0 12.0 0.0
60.0 14.0 0.001691270098202727
60.0 16.0 0.07429110632411932
60.0 18.0 0.2085392820839773
60.0 20.0 0.35188963930053824
60.0 22.0 0.4664742584233194
60.0 24.0 0.5304784728984194
60.0 26.0 0.5607183375301589
60.0 28.0 0.5613568610133991
60.0 30.0 0.5390686702440372
60.0 32.0 0.4919449310657236
60.0 34.0 0.41301088753138365
60.0 36.0 0.29118924837249316
60.0 38.0 0.12586691294472763
60.0 40.0 0.038008887348201265
60.0 42.0 0.00431834640019907
60.0 44.0 0.0
60.0 46.0 0.0
60.0 48.0 0.0
60.0 50.0 0.0
60.0 52.0 0.0
60.0 54.0 0.0
60.0 56.0 0.0
60.0 58.0 0.0
60.0 60.0 0.0
60.0 62.0 0.0
60.0 64.0 0.0
60.0 66.0 0.0
60.0 68.0 0.046623326637721514
60.0 70.0 0.17061961430318798
60.0 72.0 0.3084376989718603
60.0 74.0 0.42075682607118736
60.0 76.0 0.43722614467106546
60.0 78.0 0.477972243417044
60.0 80.0 0.4663747388281842
60.0 82.0 0.42516412223196776
60.0 84.0 0.3743302080848398
60.0 86.0 0.33960283312710127
60.0 88.0 0.14561614680560966
60.0 90.0 0.02156780522561262
60.0 92.0 0.0
60.0 94.0 0.0
60.0 96.0 0.0
60.0 98.0 0.0
60.0 100.0 0.0
60.0 102.0 0.0
60.0 104.0 0.0
60.0 106.0 0.0
60.0 108.0 0.0
60.0 110.0 0.032430110160004244
60.0 112.0 0.23529201924600193
60.0 114.0 0.3906701939041369
60.0 116.0 0.4663673558184089
60.0 118.0 0.4795652046881514
60.0 120.0 0.4789951760000655
60.0 122.0 0.4850467256919861
60.0 124.0 0.28693797848594066
60.0 126.0 0.042454949497493955
62.0 0.0 0.0
62.0 2.0 0.0
62.0 4.0 0.0
62.0 6.0 0.0
62.0 8.0 0.0
62.0 10.0 0.0
62.0 12.0 0.0
62.0 14.0 0.02545659667411065
62.0 16.0 0.15960138980598004
62.0 18.0 0.3263045933096787
62.0 20.0 0.45614917329999694
62.0 22.0 0.5369270551285712
62.0 24.0 0.5748069922774232
62.0 26.0 0.5792825037498923
62.0 28.0 0.5576821936263082
62.0 30.0 0.5077339549315684
62.0 32.0 0.4228689150886824
62.0 34.0 0.2896893442512242
62.0 36.0 0.1152657211773338
62.0 38.0 0.027229768632765956
62.0 40.0 0.0013534558316153427
62.0 42.0 0.0
62.0 44.0 0.0
62.0 46.0 0.0
62.0 48.0 0.0
62.0 50.0 0.0
62.0 52.0 0.0
62.0 54.0 0.0
62.0 56.0 0.0
62.0 58.0 0.0
62.0 60.0 0.0
62.0 62.0 0.0
62.0 64.0 0.0
62.0 66.0 0.007055579998120156
62.0 68.0 0.08881951343510709
62.0 70.0 0.2158011816407718
62.0 72.0 0.33294963357718793
62.0 74.0 0.40706940277777987
62.0 76.0 0.4745815567313831
62.0 78.0 0.5134884798593925
62.0 80.0 0.5219307658693128
62.0 82.0 0.4957349176086588
62.0 84.0 0.42479673912661614
62.0 86.0 0.29324760033921754
62.0 88.0 0.10420572817514916
62.0 90.0 0.01252358414194108
62.0 92.0 0.0
62.0 94.0 0.0
62.0 96.0 0.0
62.0 98.0 0.0
62.0 100.0 0.0
62.0 102.0 0.0
62.0 104.0 0.0
62.0 106.0 0.0
62.0 108.0 0.0
62.0 110.0 0.02828152580766916
62.0 112.0 0.2163280526439925
62.0 114.0 0.3617160832010482
62.0 116.0 0.43934907139457663
62.0 118.0 0.46042582482500755
62.0 120.0 0.47317585507788373
62.0 122.0 0.47274441409252904
62.0 124.0 0.2849722576676242
62.0 126.0 0.04608163075349276
64.0 0.0 0.0
64.0 2.0 0.0
64.0 4.0 0.0
64.0 6.0 0.0
64.0 8.0 0.0
64.0 10.0 0.0
64.0 12.0 0.0
64.0 14.0 0.07916838216714629
64.0 16.0 0.25976079561151233
64.0 18.0 0.4325773110953741
64.0 20.0 0.5335331115727809
64.0 22.0 0.5855444501044386
64.0 24.0 0.5960535346236502
64.0 26.0 0.5786488280062332
64.0 28.0 0.5321258411037945
64.0 30.0 0.4441811425325981
64.0 32.0 0.30160878859350504
64.0 34.0 0.1190113429628078
64.0 36.0 0.021700452061688923
64.0 38.0 0.0
64.0 40.0 0.0
64.0 42.0 0.0
64.0 44.0 0.0
64.0 46.0 0.0
64.0 48.0 0.0
64.0 50.0 0.0
64.0 52.0 0.0
64.0 54.0 0.0
64.0 56.0 0.0
64.0 58.0 0.0
64.0 60.0 0.0
64.0 62.0 0.0
64.0 64.0 0.0
64.0 66.0 0.05706082264726342
64.0 68.0 0.1543867299220186
64.0 70.0 0.25587827423584986
64.0 72.0 0.3477835432170194
64.0 74.0 0.42473120066846076
64.0 76.0 0.479533849829683
64.0 78.0 0.5077950257240994
64.0 80.0 0.5062186409309447
64.0 82.0 0.46869290276466696
64.0 84.0 0.3834414662573291
64.0 86.0 0.23617828981775413
64.0 88.0 0.0551410369224187
64.0 90.0 5.21224441054537E-4
64.0 92.0 0.0
64.0 94.0 0.0
64.0 96.0 0.0
64.0 98.0 0.0
64.0 100.0 0.0
64.0 102.0 0.0
64.0 104.0 0.0
64.0 106.0 0.0
64.0 108.0 0.0
64.0 110.0 0.03268048080088713
64.0 112.0 0.1941152461184038
64.0 114.0 0.3251229157386407
64.0 116.0 0.3989760067157089
64.0 118.0 0.4244382982994402
64.0 120.0 0.4475944777883249
64.0 122.0 0.457966183720013
64.0 124.0 0.29848347589205093
64.0 126.0 0.053678459217040446
66.0 0.0 0.0
66.0 2.0 0.0
66.0 4.0 0.0
66.0 6.0 0.0
66.0 8.0 0.0
66.0 10.0 0.0
66.0 12.0 0.0
66.0 14.0 0.16196884457343189
66.0 16.0 0.3646608969965763
66.0 18.0 0.5074579715261107
66.0 20.0 0.5819950340595692
66.0 22.0 0.6073482745605626
66.0 24.0 0.5981059917802253
66.0 26.0 0.5612399733396042
66.0 28.0 0.4848098191220327
66.0 30.0 0.34713707801897425
66.0 32.0 0.14435503102733543
66.0 34.0 0.02885720079669131
66.0 36.0 0.0
66.0 38.0 0.0
66.0 40.0 0.0
66.0 42.0 0.0
66.0 44.0 0.0
66.0 46.0 0.0
66.0 48.0 0.0
66.0 50.0 0.0
66.0 52.0 0.0
66.0 54.0 0.0
66.0 56.0 0.0
66.0 58.0 0.0
66.0 60.0 0.0
66.0 62.0 1.526355906330698E-4
66.0 64.0 0.044618837479308754
66.0 66.0 0.13465471041237848
66.0 68.0 0.21535115354847892
66.0 70.0 0.2911208901548543
66.0 72.0 0.3580690608037653
66.0 74.0 0.4143312926537377
66.0 76.0 0.4526610081795428
66.0 78.0 0.46756534597964605
66.0 80.0 0.4617036167237964
66.0 82.0 0.42746073347979713
66.0 84.0 0.33358677350689314
66.0 86.0 0.14249549571166117
66.0 88.0 0.022437021716147188
66.0 90.0 0.0
66.0 92.0 0.0
66.0 94.0 0.0
66.0 96.0 0.0
66.0 98.0 0.0
66.0 100.0 0.0
66.0 102.0 0.0
66.0 104.0 0.0
66.0 106.0 0.0
66.0 108.0 0.0
66.0 110.0 0.03131570252761564
66.0 112.0 0.17278185007124006
66.0 114.0 0.2895891358045851
66.0 116.0 0.3587760643233282
66.0 118.0 0.38650568455584794
66.0 120.0 0.4290927938159952
66.0 122.0 0.4325066620486216
66.0 124.0 0.3096783507108167
66.0 126.0 0.062293444369028374
68.0 0.0 0.0
68.0 2.0 0.0
68.0 4.0 0.0
68.0 6.0 0.0
68.0 8.0 0.0
68.0 10.0 0.0
68.0 12.0 0.04593488154014872
68.0 14.0 0.28069660756647913
68.0 16.0 0.48215273154141586
68.0 18.0 0.5814607388441606
68.0 20.0 0.5262937051173072
68.0 22.0 0.5384521183456882
68.0 24.0 0.5520931053553003
68.0 26.0 0.5252788868412669
68.0 28.0 0.41937331199766326
68.0 30.0 0.23175926764781915
68.0 32.0 0.06065808646354947
68.0 34.0 0.005153433477172912
68.0 36.0 0.0
68.0 38.0 0.0
68.0 40.0 0.0
68.0 42.0 0.0
68.0 44.0 0.0
68.0 46.0 0.0
68.0 48.0 0.0
68.0 50.0 0.0
68.0 52.0 0.0
68.0 54.0 0.0
68.0 56.0 0.0
68.0 58.0 0.0
68.0 60.0 0.013173918374037951
68.0 62.0 0.05917106488344271
68.0 64.0 0.13024892753179187
68.0 66.0 0.20844711554666315
68.0 68.0 0.2702304690625525
68.0 70.0 0.326034243578286
68.0 72.0 0.3723735809736915
68.0 74.0 0.40905213310158545
68.0 76.0 0.43008383560483704
68.0 78.0 0.46112382668852153
68.0 80.0 0.4595833803682153
68.0 82.0 0.38070929613075905
68.0 84.0 0.24154282474475774
68.0 86.0 0.06269285513731004
68.0 88.0 0.002264989738892134
68.0 90.0 0.0
68.0 92.0 0.0
68.0 94.0 0.0
68.0 96.0 0.0
68.0 98.0 0.0
68.0 100.0 0.0
68.0 102.0 0.0
68.0 104.0 0.0
68.0 106.0 0.0
68.0 108.0 0.0
68.0 110.0 0.034110548187157426
68.0 112.0 0.15293735802213707
68.0 114.0 0.25209531326184914
68.0 116.0 0.3147008263003512
68.0 118.0 0.3751131602096791
68.0 120.0 0.42095342219209136
68.0 122.0 0.39492821382195126
68.0 124.0 0.31549440363361075
68.0 126.0 0.0684711810157226
70.0 0.0 0.0
70.0 2.0 0.0
70.0 4.0 0.0
70.0 6.0 0.0
70.0 8.0 0.0
70.0 10.0 0.0
70.0 12.0 0.15564432336395534
70.0 14.0 0.4127688732592198
70.0 16.0 0.5106011704638852
70.0 18.0 0.540362692807878
70.0 20.0 0.5503139153126991
70.0 22.0 0.5630296040408113
70.0 24.0 0.5488345016015302
70.0 26.0 0.4869090526251733
70.0 28.0 0.34933912369660697
70.0 30.0 0.13370033151117505
70.0 32.0 0.022012977021899572
70.0 34.0 0.0
70.0 36.0 0.0
70.0 38.0 0.0
70.0 40.0 0.0
70.0 42.0 0.0
70.0 44.0 0.0
70.0 46.0 0.0
70.0 48.0 0.0
70.0 50.0 0.0
70.0 52.0 0.0
70.0 54.0 0.0
70.0 56.0 0.0
70.0 58.0 0.027431917313834958
70.0 60.0 0.09113836092962614
70.0 62.0 0.16809411992472242
70.0 64.0 0.217327864639691
70.0 66.0 0.2741499704097176
70.0 68.0 0.31917547695456366
70.0 70.0 0.35763098039228775
70.0 72.0 0.38581346511495046
70.0 74.0 0.4019758512613116
70.0 76.0 0.4318151379947989
70.0 78.0 0.44843883210726937
70.0 80.0 0.39030417163235837
70.0 82.0 0.283983512945957
70.0 84.0 0.12057901635253347
70.0 86.0 0.018854083923064018
70.0 88.0 0.0
70.0 90.0 0.0
70.0 92.0 0.0
70.0 94.0 0.0
70.0 96.0 0.0
70.0 98.0 0.0
70.0 100.0 0.0
70.0 102.0 0.0
70.0 104.0 0.0
70.0 106.0 0.0
70.0 108.0 0.0
70.0 110.0 0.039039461081069655
70.0 112.0 0.13506477903322445
70.0 114.0 0.215158607888887
70.0 116.0 0.30954456516604223
70.0 118.0 0.3617162782984315
70.0 120.0 0.37678325546901975
70.0 122.0 0.37001659886834287
70.0 124.0 0.3167832088024119
70.0 126.0 0.07147358972539608
72.0 0.0 0.0
72.0 2.0 0.0
72.0 4.0 0.0
72.0 6.0 0.0
72.0 8.0 0.0
72.0 10.0 0.05225851944849643
72.0 12.0 0.27975090425800825
72.0 14.0 0.5008841593401637
72.0 16.0 0.5287392537102762
72.0 18.0 0.5469261557976962
72.0 20.0 0.5864155348335788
72.0 22.0 0.5835144427774808
72.0 24.0 0.5448545466993913
72.0 26.0 0.456229678743417
72.0 28.0 0.2843202954308304
72.0 30.0 0.08288042347871621
72.0 32.0 0.008829980911032315
72.0 34.0 0.0
72.0 36.0 0.0
72.0 38.0 0.0
72.0 40.0 0.0
72.0 42.0 0.0
72.0 44.0 0.0
72.0 46.0 0.0
72.0 48.0 0.0
72.0 50.0 0.0
72.0 52.0 0.0
72.0 54.0 0.0
72.0 56.0 0.024374152031340673
72.0 58.0 0.09784863583809777
72.0 60.0 0.1909931868686233
72.0 62.0 0.27230000434306945
72.0 64.0 0.29114169972772547
72.0 66.0 0.3340372124304562
72.0 68.0 0.36656759552938256
72.0 70.0 0.38995281265734794
72.0 72.0 0.40200951306327665
72.0 74.0 0.3978171978617599
72.0 76.0 0.40672343320919424
72.0 78.0 0.3893474029485151
72.0 80.0 0.2975028075456169
72.0 82.0 0.14900882308670102
72.0 84.0 0.03421667378432688
72.0 86.0 0.0
72.0 88.0 0.0
72.0 90.0 0.0
72.0 92.0 0.0
72.0 94.0 0.0
72.0 96.0 0.0
72.0 98.0 0.0
72.0 100.0 0.0
72.0 102.0 0.0
72.0 104.0 0.0
72.0 106.0 0.0
72.0 108.0 0.0
72.0 110.0 0.044964759012812695
72.0 112.0 0.12016863805671081
72.0 114.0 0.20574707579654591
72.0 116.0 0.27628470427664437
72.0 118.0 0.3141424377996836
72.0 120.0 0.33726172754023626
72.0 122.0 0.34201012246440093
72.0 124.0 0.32015740615359756
72.0 126.0 0.09980972058956439
74.0 0.0 0.0
74.0 2.0 0.002559665442603622
74.0 4.0 0.0
74.0 6.0 0.0
74.0 8.0 0.010657152100209623
74.0 10.0 0.1507029025399325
74.0 12.0 0.3887810626925801
74.0 14.0 0.5476478277465633
74.0 16.0 0.5346120201197389
74.0 18.0 0.5899126264392578
74.0 20.0 0.5566611284018806
74.0 22.0 0.5534821911740636
74.0 24.0 0.5130216937889408
74.0 26.0 0.41031573417899464
74.0 28.0 0.19595277109627493
74.0 30.0 0.04247088628535806
74.0 32.0 2.7729205444665834E-4
74.0 34.0 0.0
74.0 36.0 0.0
74.0 38.0 0.0
74.0 40.0 0.0
74.0 42.0 0.0
74.0 44.0 0.0
74.0 46.0 0.0
74.0 48.0 0.0
74.0 50.0 0.0
74.0 52.0 0.0
74.0 54.0 0.009556253113616903
74.0 56.0 0.07625223019816615
74.0 58.0 0.18466324150916494
74.0 60.0 0.293154326566682
74.0 62.0 0.3706887641450918
74.0 64.0 0.35789855970834505
74.0 66.0 0.39160133084706233
74.0 68.0 0.4147884682569624
74.0 70.0 0.42419193809292083
74.0 72.0 0.414998814498772
74.0 74.0 0.38373497151170516
74.0 76.0 0.3329311919810732
74.0 78.0 0.2728147649703826
74.0 80.0 0.1616447701654655
74.0 82.0 0.043828781561552364
74.0 84.0 0.0024403487974629942
74.0 86.0 0.0
74.0 88.0 0.0
74.0 90.0 0.0
74.0 92.0 0.0
74.0 94.0 0.0
74.0 96.0 0.0
74.0 98.0 0.0
74.0 100.0 0.0
74.0 102.0 0.0
74.0 104.0 0.0
74.0 106.0 0.0
74.0 108.0 0.011026223309317011
74.0 110.0 0.0531592638863311
74.0 112.0 0.11041223696918455
74.0 114.0 0.1730273976416339
74.0 116.0 0.23498164252489304
74.0 118.0 0.272705308808
74.0 120.0 0.29862653156984614
74.0 122.0 0.31649990412050305
74.0 124.0 0.32949080428238736
74.0 126.0 0.19665247589666898
76.0 0.0 0.0
76.0 2.0 0.010872479667942055
76.0 4.0 0.0
76.0 6.0 0.0044617759116974695
76.0 8.0 0.08468946648139147
76.0 10.0 0.23615853298570735
76.0 12.0 0.44278322350376537
76.0 14.0 0.5171992078858466
76.0 16.0 0.5388597905854207
76.0 18.0 0.5694540631056034
76.0 20.0 0.5137746691290298
76.0 22.0 0.5102507309776808
76.0 24.0 0.457634548654207
76.0 26.0 0.3148145090897365
76.0 28.0 0.14950938361868624
76.0 30.0 0.027118143354301735
76.0 32.0 0.0
76.0 34.0 0.0
76.0 36.0 0.0
76.0 38.0 0.0
76.0 40.0 0.0
76.0 42.0 0.0
76.0 44.0 0.0
76.0 46.0 0.0
76.0 48.0 0.0
76.0 50.0 0.0
76.0 52.0 5.248231576145184E-4
76.0 54.0 0.04359123596944287
76.0 56.0 0.15274002574704312
76.0 58.0 0.28881783764542424
76.0 60.0 0.3974419421597127
76.0 62.0 0.44862597748276056
76.0 64.0 0.4189060072905561
76.0 66.0 0.4452905608302154
76.0 68.0 0.45633488596720867
76.0 70.0 0.4457558707224883
76.0 72.0 0.41187977048461205
76.0 74.0 0.3444999323272236
76.0 76.0 0.25954860346505587
76.0 78.0 0.15196881968025053
76.0 80.0 0.050211833882950606
76.0 82.0 0.006274789706526183
76.0 84.0 0.0
76.0 86.0 0.0
76.0 88.0 0.0
76.0 90.0 0.0
76.0 92.0 0.0
76.0 94.0 0.0
76.0 96.0 0.0
76.0 98.0 0.0
76.0 100.0 0.0
76.0 102.0 0.0
76.0 104.0 0.0
76.0 106.0 0.006680324606153931
76.0 108.0 0.032989235137203476
76.0 110.0 0.06822353993614144
76.0 112.0 0.1070275852536351
76.0 114.0 0.15781919902061797
76.0 116.0 0.20360753195364575
76.0 118.0 0.23484990151604798
76.0 120.0 0.2660078782761787
76.0 122.0 0.29790084429208036
76.0 124.0 0.3367338500598991
76.0 126.0 0.0
78.0 0.0 0.0
78.0 2.0 0.12124585218381145
78.0 4.0 0.04506069909980201
78.0 6.0 0.0939619867277368
78.0 8.0 0.16955704630610216
78.0 10.0 0.2886231554254386
78.0 12.0 0.4226421506460649
78.0 14.0 0.49053149952389347
78.0 16.0 0.5057633220918504
78.0 18.0 0.514295589937451
78.0 20.0 0.46694893577766533
78.0 22.0 0.4619248079639251
78.0 24.0 0.39434144341150296
78.0 26.0 0.26383657394659005
78.0 28.0 0.10855776512876207
78.0 30.0 0.014737360162134982
78.0 32.0 0.0
78.0 34.0 0.0
78.0 36.0 0.0
78.0 38.0 0.0
78.0 40.0 0.0
78.0 42.0 0.0
78.0 44.0 0.0
78.0 46.0 0.0
78.0 48.0 0.0
78.0 50.0 0.0
78.0 52.0 0.017701503675565344
78.0 54.0 0.1039799737320889
78.0 56.0 0.2538144810469382
78.0 58.0 0.3909573845030027
78.0 60.0 0.4853012458132375
78.0 62.0 0.48051405984306544
78.0 64.0 0.4767757145183835
78.0 66.0 0.48429594544109045
78.0 68.0 0.47488489698846825
78.0 70.0 0.44227555322092044
78.0 72.0 0.37881203254288676
78.0 74.0 0.28082753061879545
78.0 76.0 0.15489850271906289
78.0 78.0 0.04636774890380799
78.0 80.0 0.0053208889983360355
78.0 82.0 0.0
78.0 84.0 0.0
78.0 86.0 0.0
78.0 88.0 0.0
78.0 90.0 0.0
78.0 92.0 0.0
78.0 94.0 0.0
78.0 96.0 0.0
78.0 98.0 0.0
78.0 100.0 0.0
78.0 102.0 0.0
78.0 104.0 0.0
78.0 106.0 0.0258469965203298
78.0 108.0 0.05550326736069643
78.0 110.0 0.08176543835767623
78.0 112.0 0.10525198447361894
78.0 114.0 0.15021611001032206
78.0 116.0 0.1776211291497344
78.0 118.0 0.20744227691457126
78.0 120.0 0.24479927416536648
78.0 122.0 0.2915702793837674
78.0 124.0 0.34967207514777593
78.0 126.0 0.0
80.0 0.0 0.0
80.0 2.0 0.0
80.0 4.0 0.28588403500234777
80.0 6.0 0.19582192580648303
80.0 8.0 0.20344593003408795
80.0 10.0 0.2719333181863583
80.0 12.0 0.3613568763850313
80.0 14.0 0.4163244686630326
80.0 16.0 0.43958956409102273
80.0 18.0 0.4325328074767278
80.0 20.0 0.40469065572604196
80.0 22.0 0.3978891342086544
80.0 24.0 0.3231764598249776
80.0 26.0 0.20583001212503985
80.0 28.0 0.06604034842630917
80.0 30.0 0.004398645965058439
80.0 32.0 0.0
80.0 34.0 0.0
80.0 36.0 0.0
80.0 38.0 0.0
80.0 40.0 0.0
80.0 42.0 0.0
80.0 44.0 0.0
80.0 46.0 0.0
80.0 48.0 0.0
80.0 50.0 0.004604239357192117
80.0 52.0 0.056570592121834594
80.0 54.0 0.19008974509089738
80.0 56.0 0.3506065945058104
80.0 58.0 0.46779454895146855
80.0 60.0 0.5149473373923527
80.0 62.0 0.48319082641894423
80.0 64.0 0.48616515191517545
80.0 66.0 0.47257231015912304
80.0 68.0 0.4426071444813351
80.0 70.0 0.38882246378239566
80.0 72.0 0.29937518645153444
80.0 74.0 0.17488008413637945
80.0 76.0 0.059894617402264295
80.0 78.0 0.010929285552381223
80.0 80.0 0.0
80.0 82.0 0.0
80.0 84.0 0.0
80.0 86.0 0.0
80.0 88.0 0.0
80.0 90.0 0.0
80.0 92.0 0.0
80.0 94.0 0.0
80.0 96.0 0.0
80.0 98.0 0.0
80.0 100.0 0.0
80.0 102.0 0.0
80.0 104.0 0.008758241438150693
80.0 106.0 0.040177152128191125
80.0 108.0 0.07333522871649718
80.0 110.0 0.09633611066493146
80.0 112.0 0.11700112869924169
80.0 114.0 0.1336106413713253
80.0 116.0 0.15730772052684658
80.0 118.0 0.1856782932918597
80.0 120.0 0.2324707370033369
80.0 122.0 0.2892426527801854
80.0 124.0 0.3483123918325283
80.0 126.0 0.0
82.0 0.0 0.0
82.0 2.0 0.0
82.0 4.0 0.33575019293025615
82.0 6.0 0.21188218720523744
82.0 8.0 0.1718113707682624
82.0 10.0 0.20188729821525728
82.0 12.0 0.2519784333866019
82.0 14.0 0.307382123471673
82.0 16.0 0.3114273708624009
82.0 18.0 0.3264069379919224
82.0 20.0 0.32785717209757725
82.0 22.0 0.304241903775315
82.0 24.0 0.2203122221918372
82.0 26.0 0.12255343676079657
82.0 28.0 0.025631749679155293
82.0 30.0 0.0
82.0 32.0 0.0
82.0 34.0 0.0
82.0 36.0 0.0
82.0 38.0 0.0
82.0 40.0 0.0
82.0 42.0 0.0
82.0 44.0 0.0
82.0 46.0 0.0
82.0 48.0 0.0
82.0 50.0 0.031073951924413836
82.0 52.0 0.13081327319566724
82.0 54.0 0.28996782005321925
82.0 56.0 0.4237352970837214
82.0 58.0 0.5014181529188683
82.0 60.0 0.47121993099559495
82.0 62.0 0.45677490170685325
82.0 64.0 0.4426981484115943
82.0 66.0 0.41287000116480516
82.0 68.0 0.3645125270942544
82.0 70.0 0.2912176840428345
82.0 72.0 0.187613203635954
82.0 74.0 0.07317033047094419
82.0 76.0 0.013358769789783892
82.0 78.0 0.0
82.0 80.0 0.0
82.0 82.0 0.0
82.0 84.0 0.0
82.0 86.0 0.0
82.0 88.0 0.0
82.0 90.0 0.0
82.0 92.0 0.0
82.0 94.0 0.0
82.0 96.0 0.0
82.0 98.0 0.0
82.0 100.0 0.0
82.0 102.0 0.0
82.0 104.0 0.015917346673332142
82.0 106.0 0.042772783974440676
82.0 108.0 0.07057900908337872
82.0 110.0 0.088573390724961
82.0 112.0 0.09854985795819825
82.0 114.0 0.1311558146438526
82.0 116.0 0.14927130574252054
82.0 118.0 0.17371715091084128
82.0 120.0 0.2258891380731318
82.0 122.0 0.2869333169550558
82.0 124.0 0.33165705315234917
82.0 126.0 0.0
84.0 0.0 0.0
84.0 2.0 0.0
84.0 4.0 0.31649441963790764
84.0 6.0 0.15890212176265398
84.0 8.0 0.11139779380096139
84.0 10.0 0.11007630018592827
84.0 12.0 0.13330790132037706
84.0 14.0 0.1741279948303837
84.0 16.0 0.20380253790605143
84.0 18.0 0.19817705202497257
84.0 20.0 0.18190233786939614
84.0 22.0 0.14590753392762165
84.0 24.0 0.10241528994539893
84.0 26.0 0.04735296194146965
84.0 28.0 0.004781278763170231
84.0 30.0 0.0
84.0 32.0 0.0
84.0 34.0 0.0
84.0 36.0 0.0
84.0 38.0 0.0
84.0 40.0 0.0
84.0 42.0 0.0
84.0 44.0 0.0
84.0 46.0 0.0
84.0 48.0 0.014041393480635959
84.0 50.0 0.08491541193145959
84.0 52.0 0.22981194164648625
84.0 54.0 0.37641195133046074
84.0 56.0 0.4596485231300831
84.0 58.0 0.43051063141153506
84.0 60.0 0.4417127174285859
84.0 62.0 0.41148334151887206
84.0 64.0 0.3701730156898175
84.0 66.0 0.3238416950879596
84.0 68.0 0.25863510718901184
84.0 70.0 0.1703450251783625
84.0 72.0 0.07043970251372313
84.0 74.0 0.010904723994053905
84.0 76.0 0.0
84.0 78.0 0.0
84.0 80.0 0.0
84.0 82.0 0.0
84.0 84.0 0.0
84.0 86.0 0.0
84.0 88.0 0.0
84.0 90.0 0.0
84.0 92.0 0.0
84.0 94.0 0.0
84.0 96.0 0.0
84.0 98.0 0.0
84.0 100.0 0.0
84.0 102.0 0.002522772069847357
84.0 104.0 0.023322726369777166
84.0 106.0 0.04590029494544239
84.0 108.0 0.06676180047555266
84.0 110.0 0.08796861118099074
84.0 112.0 0.10028305669950423
84.0 114.0 0.11232343968744972
84.0 116.0 0.1501921608503969
84.0 118.0 0.16906740613474466
84.0 120.0 0.2187147497717644
84.0 122.0 0.2869100404808
84.0 124.0 0.0
84.0 126.0 0.0
86.0 0.0 0.0
86.0 2.0 0.0
86.0 4.0 0.0
86.0 6.0 0.19807092545848326
86.0 8.0 0.09339344461352143
86.0 10.0 0.07399223089909675
86.0 12.0 0.077712442211393
86.0 14.0 0.09559905809897819
86.0 16.0 0.11665034994664879
86.0 18.0 0.09946610745027952
86.0 20.0 0.0647637832830203
86.0 22.0 0.0632217048387389
86.0 24.0 0.062394609518406786
86.0 26.0 0.01958042742730576
86.0 28.0 0.0
86.0 30.0 0.0
86.0 32.0 0.0
86.0 34.0 0.0
86.0 36.0 0.0
86.0 38.0 0.0
86.0 40.0 0.0
86.0 42.0 0.0
86.0 44.0 0.0
86.0 46.0 0.009676110209743521
86.0 48.0 0.0660178695282325
86.0 50.0 0.17633172753093163
86.0 52.0 0.3113662578099621
86.0 54.0 0.4085511902785317
86.0 56.0 0.45104462506728105
86.0 58.0 0.3992872906107264
86.0 60.0 0.37230061115847324
86.0 62.0 0.3307807563176825
86.0 64.0 0.2753531346863953
86.0 66.0 0.2114071840248575
86.0 68.0 0.1281533833408714
86.0 70.0 0.03466510718583717
86.0 72.0 0.0015288975503479592
86.0 74.0 0.0
86.0 76.0 0.0
86.0 78.0 0.0
86.0 80.0 0.0
86.0 82.0 0.0
86.0 84.0 0.0
86.0 86.0 0.0
86.0 88.0 0.0
86.0 90.0 0.0
86.0 92.0 0.0
86.0 94.0 0.0
86.0 96.0 0.0
86.0 98.0 0.0
86.0 100.0 0.0
86.0 102.0 0.009834319562287861
86.0 104.0 0.027554651961809586
86.0 106.0 0.04601428071598703
86.0 108.0 0.04685984644238116
86.0 110.0 0.07353071228992401
86.0 112.0 0.09610200252067375
86.0 114.0 0.11073459294827602
86.0 116.0 0.14458580095422763
86.0 118.0 0.16265766863681827
86.0 120.0 0.19856035493622534
86.0 122.0 0.26189449572856843
86.0 124.0 0.0
86.0 126.0 0.0
88.0 0.0 0.0
88.0 2.0 0.0
88.0 4.0 0.0
88.0 6.0 0.08934558478144777
88.0 8.0 0.02549137551723325
88.0 10.0 0.014308508307170308
88.0 12.0 0.021473889370850135
88.0 14.0 0.033116085022757376
88.0 16.0 0.04627140282493695
88.0 18.0 0.014057935779038083
88.0 20.0 0.0
88.0 22.0 0.021667420525712553
88.0 24.0 0.03852976809843613
88.0 26.0 0.01479039747459118
88.0 28.0 0.0
88.0 30.0 0.0
88.0 32.0 0.0
88.0 34.0 0.0
88.0 36.0 0.0
88.0 38.0 0.0
88.0 40.0 0.0
88.0 42.0 0.0
88.0 44.0 0.0042468618171206465
88.0 46.0 0.05747958705555676
88.0 48.0 0.14322168468759625
88.0 50.0 0.25193436861562263
88.0 52.0 0.351845218337751
88.0 54.0 0.4024302196986857
88.0 56.0 0.40837004719879594
88.0 58.0 0.3862473855569702
88.0 60.0 0.3222290818575692
88.0 62.0 0.22787537962214002
88.0 64.0 0.16140003178439255
88.0 66.0 0.0818282807259173
88.0 68.0 0.013904112497395529
88.0 70.0 0.0
88.0 72.0 0.0
88.0 74.0 0.0
88.0 76.0 0.0
88.0 78.0 0.0
88.0 80.0 0.0
88.0 82.0 0.0
88.0 84.0 0.0
88.0 86.0 0.0
88.0 88.0 0.0
88.0 90.0 0.0
88.0 92.0 0.0
88.0 94.0 0.0
88.0 96.0 0.008966567527444498
88.0 98.0 0.02404113839529576
88.0 100.0 0.01795226711659832
88.0 102.0 0.01967574587737465
88.0 104.0 0.02465230417330354
88.0 106.0 0.036699292052849386
88.0 108.0 0.050926069662067835
88.0 110.0 0.06440332054119777
88.0 112.0 0.08076315675367722
88.0 114.0 0.09768290020477911
88.0 116.0 0.12199762401768259
88.0 118.0 0.12533514128474105
88.0 120.0 0.15899526610208745
88.0 122.0 0.18663845272542534
88.0 124.0 0.0
88.0 126.0 0.0
90.0 0.0 0.0
90.0 2.0 0.0
90.0 4.0 0.0
90.0 6.0 0.02227805340411637
90.0 8.0 0.0
90.0 10.0 0.0
90.0 12.0 0.0
90.0 14.0 0.0026358006733323337
90.0 16.0 0.0068775334527197765
90.0 18.0 0.0
90.0 20.0 0.0
90.0 22.0 0.009936913531459894
90.0 24.0 0.02051217740803518
90.0 26.0 0.012248018800840317
90.0 28.0 0.0
90.0 30.0 0.0
90.0 32.0 0.0
90.0 34.0 0.0
90.0 36.0 0.0
90.0 38.0 0.0
90.0 40.0 0.0
90.0 42.0 0.0
90.0 44.0 0.023334033219201675
90.0 46.0 0.10597892789415636
90.0 48.0 0.19217915837830188
90.0 50.0 0.2640941204789568
90.0 52.0 0.3102289095861605
90.0 54.0 0.3287583318081266
90.0 56.0 0.3198352535381558
90.0 58.0 0.2811017932901319
90.0 60.0 0.20552465653013133
90.0 62.0 0.11650862906184457
90.0 64.0 0.031703457259634096
90.0 66.0 0.0015206775398396233
90.0 68.0 0.0
90.0 70.0 0.0
90.0 72.0 0.0
90.0 74.0 0.0
90.0 76.0 0.0
90.0 78.0 0.0
90.0 80.0 0.0
90.0 82.0 0.0
90.0 84.0 0.0
90.0 86.0 0.0
90.0 88.0 0.0
90.0 90.0 0.0
90.0 92.0 0.006809981845424269
90.0 94.0 0.02986461544051247
90.0 96.0 0.05067479026447408
90.0 98.0 0.07669578497512296
90.0 100.0 0.07214555169445452
90.0 102.0 0.05677938617102496
90.0 104.0 0.046555459184103115
90.0 106.0 0.05764615421194425
90.0 108.0 0.06441553708452515
90.0 110.0 0.06589756515892434
90.0 112.0 0.06337369213301562
90.0 114.0 0.06644623094125356
90.0 116.0 0.07269117244501497
90.0 118.0 0.08911575863858447
90.0 120.0 0.08558409129207546
90.0 122.0 0.0
90.0 124.0 0.0
90.0 126.0 0.0
92.0 0.0 0.0
92.0 2.0 0.0
92.0 4.0 0.0
92.0 6.0 0.0
92.0 8.0 0.004228542561470666
92.0 10.0 0.0
92.0 12.0 0.0
92.0 14.0 0.0
92.0 16.0 0.0
92.0 18.0 0.0
92.0 20.0 0.0
92.0 22.0 0.009328631150342064
92.0 24.0 0.019527829860184597
92.0 26.0 0.020408949543109366
92.0 28.0 3.5685082435897727E-4
92.0 30.0 3.9026070237625733E-4
92.0 32.0 0.00134072276299089
92.0 34.0 0.013595251994858712
92.0 36.0 0.024502241253089346
92.0 38.0 0.014520814724809865
92.0 40.0 0.03395111747091641
92.0 42.0 0.07976375805866731
92.0 44.0 0.13630610304882515
92.0 46.0 0.19167076621496223
92.0 48.0 0.2448206968005656
92.0 50.0 0.28473226071639723
92.0 52.0 0.2975483188037403
92.0 54.0 0.2728430668119487
92.0 56.0 0.22566836209488503
92.0 58.0 0.160178087207612
92.0 60.0 0.08566093215890826
92.0 62.0 0.019279195686133954
92.0 64.0 0.0
92.0 66.0 0.0
92.0 68.0 0.0
92.0 70.0 0.0
92.0 72.0 0.0
92.0 74.0 0.0
92.0 76.0 0.0
92.0 78.0 0.0
92.0 80.0 0.0
92.0 82.0 0.0
92.0 84.0 0.0
92.0 86.0 0.0
92.0 88.0 0.0
92.0 90.0 0.0
92.0 92.0 0.027605971370649244
92.0 94.0 0.06608550894033864
92.0 96.0 0.09256959634096851
92.0 98.0 0.12135777869662041
92.0 100.0 0.13397522908128345
92.0 102.0 0.12586935854657857
92.0 104.0 0.1139054242833335
92.0 106.0 0.08855120807896605
92.0 108.0 0.07484912606480733
92.0 110.0 0.06032576063909709
92.0 112.0 0.04177211692896101
92.0 114.0 0.02068916722998863
92.0 116.0 0.005001772259774231
92.0 118.0 0.0014301833244630407
92.0 120.0 0.0
92.0 122.0 0.0
92.0 124.0 0.0
92.0 126.0 0.0
94.0 0.0 0.0
94.0 2.0 0.0
94.0 4.0 0.0
94.0 6.0 0.0
94.0 8.0 0.0
94.0 10.0 0.0
94.0 12.0 0.0
94.0 14.0 0.0
94.0 16.0 0.0
94.0 18.0 0.0
94.0 20.0 0.0
94.0 22.0 0.002352759583162677
94.0 24.0 0.01892422896488178
94.0 26.0 0.02857150803985424
94.0 28.0 0.039649860966454495
94.0 30.0 0.03729485476393516
94.0 32.0 0.05373473614256297
94.0 34.0 0.09491305819188718
94.0 36.0 0.13490271842903925
94.0 38.0 0.15131772618085754
94.0 40.0 0.17739626917377038
94.0 42.0 0.21460573801163743
94.0 44.0 0.25491072343740423
94.0 46.0 0.285873207018632
94.0 48.0 0.29760161520909706
94.0 50.0 0.2773627697913416
94.0 52.0 0.24734775171087856
94.0 54.0 0.20116190809750237
94.0 56.0 0.1382926147014328
94.0 58.0 0.06535253412860383
94.0 60.0 0.01494014195704455
94.0 62.0 0.0
94.0 64.0 0.0
94.0 66.0 0.0
94.0 68.0 0.0
94.0 70.0 0.0
94.0 72.0 0.0
94.0 74.0 0.0
94.0 76.0 0.0
94.0 78.0 0.0
94.0 80.0 0.0
94.0 82.0 0.0
94.0 84.0 0.0
94.0 86.0 0.0
94.0 88.0 0.0
94.0 90.0 0.009677887353018687
94.0 92.0 0.0384393227664469
94.0 94.0 0.0882706907619154
94.0 96.0 0.12089568518896794
94.0 98.0 0.15383133172150382
94.0 100.0 0.19032208861461908
94.0 102.0 0.19267725277779388
94.0 104.0 0.1854342954013145
94.0 106.0 0.14338288254165174
94.0 108.0 0.09272338289033823
94.0 110.0 0.0563798782181894
94.0 112.0 0.01944084444733165
94.0 114.0 0.002925842288764576
94.0 116.0 0.0
94.0 118.0 0.0
94.0 120.0 0.0
94.0 122.0 0.0
94.0 124.0 0.0
94.0 126.0 0.0
96.0 0.0 0.0
96.0 2.0 0.0
96.0 4.0 0.0
96.0 6.0 0.0
96.0 8.0 0.0
96.0 10.0 0.0
96.0 12.0 0.0
96.0 14.0 0.0
96.0 16.0 0.0
96.0 18.0 0.0
96.0 20.0 0.0
96.0 22.0 3.234742505650183E-4
96.0 24.0 0.009927259130579801
96.0 26.0 0.0267588519379537
96.0 28.0 0.04893998071325187
96.0 30.0 0.07537907193240595
96.0 32.0 0.10901070804328122
96.0 34.0 0.15989146619817055
96.0 36.0 0.2262132387342666
96.0 38.0 0.26116925136315244
96.0 40.0 0.2953368139339469
96.0 42.0 0.32157230274668164
96.0 44.0 0.3292765151083044
96.0 46.0 0.32166039690560316
96.0 48.0 0.2874516561303487
96.0 50.0 0.23033158339708248
96.0 52.0 0.1843752589565826
96.0 54.0 0.12402392489213288
96.0 56.0 0.060236786633933594
96.0 58.0 0.014210537955289364
96.0 60.0 0.0
96.0 62.0 0.0
96.0 64.0 0.0
96.0 66.0 0.0
96.0 68.0 0.0
96.0 70.0 0.0
96.0 72.0 0.0
96.0 74.0 0.0
96.0 76.0 0.0
96.0 78.0 0.0
96.0 80.0 0.0
96.0 82.0 0.0
96.0 84.0 7.416800159180108E-5
96.0 86.0 0.009102490622621653
96.0 88.0 0.02894293068910407
96.0 90.0 0.05152979005067949
96.0 92.0 0.07780266589083616
96.0 94.0 0.11325824731640388
96.0 96.0 0.14809304530156817
96.0 98.0 0.1769769607682833
96.0 100.0 0.22363614136684273
96.0 102.0 0.2419395095569055
96.0 104.0 0.23649892906262662
96.0 106.0 0.19512407743964896
96.0 108.0 0.11518133536207903
96.0 110.0 0.032064480069382555
96.0 112.0 0.006845977786302103
96.0 114.0 0.0
96.0 116.0 0.0
96.0 118.0 0.0
96.0 120.0 0.0
96.0 122.0 0.0
96.0 124.0 0.0
96.0 126.0 0.0
98.0 0.0 0.0
98.0 2.0 0.0
98.0 4.0 0.0
98.0 6.0 0.0
98.0 8.0 0.0
98.0 10.0 0.0
98.0 12.0 0.0
98.0 14.0 0.0
98.0 16.0 0.0
98.0 18.0 0.0
98.0 20.0 0.0
98.0 22.0 0.0
98.0 24.0 0.015587506662889473
98.0 26.0 0.04239941121353241
98.0 28.0 0.0731400825977648
98.0 30.0 0.10850035916784383
98.0 32.0 0.14922548217109274
98.0 34.0 0.20374997545390997
98.0 36.0 0.2846098166520576
98.0 38.0 0.336592467163831
98.0 40.0 0.36888683161184926
98.0 42.0 0.3752269281340352
98.0 44.0 0.3523597377315777
98.0 46.0 0.314304271178763
98.0 48.0 0.24760090522740466
98.0 50.0 0.17858841443835502
98.0 52.0 0.11843307138577047
98.0 54.0 0.06261890216632261
98.0 56.0 0.017055962234803376
98.0 58.0 2.3883797127580847E-4
98.0 60.0 0.0
98.0 62.0 0.0
98.0 64.0 0.0
98.0 66.0 0.0
98.0 68.0 0.0
98.0 70.0 0.0
98.0 72.0 0.0
98.0 74.0 0.0
98.0 76.0 0.0
98.0 78.0 0.0
98.0 80.0 0.0
98.0 82.0 0.0
98.0 84.0 0.00682238843602715
98.0 86.0 0.02248149498719763
98.0 88.0 0.04550724064805908
98.0 90.0 0.08529367924425085
98.0 92.0 0.12102887404014699
98.0 94.0 0.1627726964471465
98.0 96.0 0.19676507771999177
98.0 98.0 0.2417632885000164
98.0 100.0 0.2653049165010782
98.0 102.0 0.2655854129331397
98.0 104.0 0.2622816069886173
98.0 106.0 0.2115044237272019
98.0 108.0 0.10116265930967532
98.0 110.0 0.018186053238331033
98.0 112.0 7.432412120573327E-4
98.0 114.0 0.0
98.0 116.0 0.0
98.0 118.0 0.0
98.0 120.0 0.0
98.0 122.0 0.0
98.0 124.0 0.0
98.0 126.0 0.0
100.0 0.0 0.0
100.0 2.0 0.0
100.0 4.0 0.0
100.0 6.0 0.0
100.0 8.0 0.0
100.0 10.0 0.0
100.0 12.0 0.0
100.0 14.0 0.0
100.0 16.0 0.0
100.0 18.0 0.0
100.0 20.0 0.0
100.0 22.0 0.0032650809389806364
100.0 24.0 0.03304609738907762
100.0 26.0 0.06461092822939182
100.0 28.0 0.08183369030569108
100.0 30.0 0.12412824283465114
100.0 32.0 0.16640911660207022
100.0 34.0 0.2554508455328773
100.0 36.0 0.31316624495745593
100.0 38.0 0.3753177690462926
100.0 40.0 0.40221639871042364
100.0 42.0 0.38719682326721977
100.0 44.0 0.34239502614823575
100.0 46.0 0.27922930730910805
100.0 48.0 0.1963288830655718
100.0 50.0 0.13304163501343025
100.0 52.0 0.07766768981989335
100.0 54.0 0.030944830761522227
100.0 56.0 0.004401701581315597
100.0 58.0 0.0
100.0 60.0 0.0
100.0 62.0 0.0
100.0 64.0 0.0
100.0 66.0 0.0
100.0 68.0 0.0
100.0 70.0 0.0
100.0 72.0 0.0
100.0 74.0 0.0
100.0 76.0 0.0
100.0 78.0 0.0
100.0 80.0 0.0
100.0 82.0 3.324838207295971E-4
100.0 84.0 0.015567237655162129
100.0 86.0 0.040774680836133566
100.0 88.0 0.0664859906897343
100.0 90.0 0.09415963492975797
100.0 92.0 0.15865928069013233
100.0 94.0 0.22135203284171243
100.0 96.0 0.2659541720077732
100.0 98.0 0.28398583527578525
100.0 100.0 0.2907951696646684
100.0 102.0 0.2750148617473395
100.0 104.0 0.24160774256705628
100.0 106.0 0.20180466573244302
100.0 108.0 0.06780537288758984
100.0 110.0 0.007043461185353814
100.0 112.0 0.0
100.0 114.0 0.0
100.0 116.0 0.0
100.0 118.0 0.0
100.0 120.0 0.0
100.0 122.0 0.0
100.0 124.0 0.0
100.0 126.0 0.0
102.0 0.0 0.0
102.0 2.0 0.0
102.0 4.0 0.0
102.0 6.0 0.0
102.0 8.0 0.0
102.0 10.0 0.0
102.0 12.0 0.0
102.0 14.0 0.0
102.0 16.0 0.0
102.0 18.0 0.0
102.0 20.0 0.0
102.0 22.0 0.0
102.0 24.0 0.006755549235577173
102.0 26.0 0.04665483348660226
102.0 28.0 0.07832108744661427
102.0 30.0 0.12534024663646487
102.0 32.0 0.18400025778623283
102.0 34.0 0.24433403830944167
102.0 36.0 0.344842514418197
102.0 38.0 0.3864234323266957
102.0 40.0 0.40249736473790226
102.0 42.0 0.37190021404164914
102.0 44.0 0.309264129331793
102.0 46.0 0.23659698107470747
102.0 48.0 0.14937650161105315
102.0 50.0 0.09592027237513108
102.0 52.0 0.051432583019637795
102.0 54.0 0.014750951094473283
102.0 56.0 5.501067089382469E-4
102.0 58.0 0.0
102.0 60.0 0.0
102.0 62.0 0.0
102.0 64.0 0.0
102.0 66.0 0.0
102.0 68.0 0.0
102.0 70.0 0.0
102.0 72.0 0.0
102.0 74.0 0.0
102.0 76.0 0.0
102.0 78.0 0.0
102.0 80.0 0.0
102.0 82.0 0.001436830771462224
102.0 84.0 0.01937701036490895
102.0 86.0 0.04861899065963642
102.0 88.0 0.09661297088349695
102.0 90.0 0.12868527865925153
102.0 92.0 0.19541859541128434
102.0 94.0 0.2752323136469402
102.0 96.0 0.3161707651584258
102.0 98.0 0.3214717422861052
102.0 100.0 0.3088140916774186
102.0 102.0 0.27185876492331046
102.0 104.0 0.2259750510334677
102.0 106.0 0.16413158682174442
102.0 108.0 0.037651410314322474
102.0 110.0 0.0
102.0 112.0 0.0
102.0 114.0 0.0
102.0 116.0 0.0
102.0 118.0 0.0
102.0 120.0 0.0
102.0 122.0 0.0
102.0 124.0 0.0
102.0 126.0 0.0
104.0 0.0 0.0
104.0 2.0 0.0
104.0 4.0 0.0
104.0 6.0 0.0
104.0 8.0 0.0
104.0 10.0 0.0
104.0 12.0 0.0
104.0 14.0 0.0
104.0 16.0 0.0
104.0 18.0 0.0
104.0 20.0 0.0
104.0 22.0 0.0
104.0 24.0 6.511603644742348E-4
104.0 26.0 0.03334763702215624
104.0 28.0 0.045716513945150396
104.0 30.0 0.0926656656340083
104.0 32.0 0.17771359101106612
104.0 34.0 0.2502917930224348
104.0 36.0 0.33379798414341305
104.0 38.0 0.37042294785823726
104.0 40.0 0.3798758431025509
104.0 42.0 0.33563670105646387
104.0 44.0 0.26560436712256336
104.0 46.0 0.1907313027163864
104.0 48.0 0.11032640768220969
104.0 50.0 0.07118521523143849
104.0 52.0 0.033240550231575135
104.0 54.0 0.007327968353292492
104.0 56.0 0.0
104.0 58.0 0.0
104.0 60.0 0.0
104.0 62.0 0.0
104.0 64.0 0.0
104.0 66.0 0.0
104.0 68.0 0.0
104.0 70.0 0.0
104.0 72.0 0.0
104.0 74.0 0.0
104.0 76.0 0.0
104.0 78.0 0.0
104.0 80.0 0.0
104.0 82.0 0.004911122941273465
104.0 84.0 0.031193017888178378
104.0 86.0 0.06137221704816071
104.0 88.0 0.11136289181253745
104.0 90.0 0.1447434942677842
104.0 92.0 0.24027183192028004
104.0 94.0 0.3162667857811573
104.0 96.0 0.35014559597416767
104.0 98.0 0.35089427314573346
104.0 100.0 0.31881088381446776
104.0 102.0 0.2577229530177469
104.0 104.0 0.19301053066720933
104.0 106.0 0.09297696136399973
104.0 108.0 0.014453978151161803
104.0 110.0 0.0
104.0 112.0 0.0
104.0 114.0 0.0
104.0 116.0 0.0
104.0 118.0 0.0
104.0 120.0 0.0
104.0 122.0 0.0
104.0 124.0 0.0
104.0 126.0 0.0
106.0 0.0 0.0
106.0 2.0 0.0
106.0 4.0 0.0
106.0 6.0 0.0
106.0 8.0 0.0
106.0 10.0 0.0
106.0 12.0 0.0
106.0 14.0 0.0
106.0 16.0 0.0
106.0 18.0 0.0
106.0 20.0 0.0
106.0 22.0 0.0
106.0 24.0 0.0
106.0 26.0 1.8620451332810402E-4
106.0 28.0 0.007754900035193191
106.0 30.0 0.05331494638805729
106.0 32.0 0.14076699798230283
106.0 34.0 0.2047727044602996
106.0 36.0 0.28234207851850796
106.0 38.0 0.3338561740176473
106.0 40.0 0.33479620806051386
106.0 42.0 0.28283286264575697
106.0 44.0 0.21248218601733268
106.0 46.0 0.14294959365091478
106.0 48.0 0.07812271054880258
106.0 50.0 0.05171732505866278
106.0 52.0 0.02151279343031195
106.0 54.0 0.004474760429826909
106.0 56.0 0.0
106.0 58.0 0.0
106.0 60.0 0.0
106.0 62.0 0.0
106.0 64.0 0.0
106.0 66.0 0.0
106.0 68.0 0.0
106.0 70.0 0.0
106.0 72.0 0.0
106.0 74.0 0.0
106.0 76.0 0.0
106.0 78.0 0.0
106.0 80.0 0.0
106.0 82.0 0.004730325080424101
106.0 84.0 0.03371594537403106
106.0 86.0 0.06321309871246437
106.0 88.0 0.11569486867425784
106.0 90.0 0.15601613961921287
106.0 92.0 0.26574128821296894
106.0 94.0 0.3346649014012373
106.0 96.0 0.365364822464798
106.0 98.0 0.36265907619044535
106.0 100.0 0.3110407573027664
106.0 102.0 0.22469934442663245
106.0 104.0 0.13977209031357543
106.0 106.0 0.03802766436175869
106.0 108.0 7.376413786785645E-4
106.0 110.0 0.0
106.0 112.0 0.0
106.0 114.0 0.0
106.0 116.0 0.0
106.0 118.0 0.0
106.0 120.0 0.0
106.0 122.0 0.0
106.0 124.0 0.0
106.0 126.0 0.0
108.0 0.0 0.0
108.0 2.0 0.0
108.0 4.0 0.0
108.0 6.0 0.0
108.0 8.0 0.0
108.0 10.0 0.0
108.0 12.0 0.0
108.0 14.0 0.0
108.0 16.0 0.0
108.0 18.0 0.0
108.0 20.0 0.0
108.0 22.0 0.0
108.0 24.0 0.0
108.0 26.0 0.0
108.0 28.0 0.0
108.0 30.0 0.008924586888198539
108.0 32.0 0.058458389034969936
108.0 34.0 0.12436799348490836
108.0 36.0 0.19563826258700298
108.0 38.0 0.24342939630675034
108.0 40.0 0.2576719194883053
108.0 42.0 0.21661392275487157
108.0 44.0 0.15868342761834017
108.0 46.0 0.10142460844108168
108.0 48.0 0.05008246558087895
108.0 50.0 0.01698962303823637
108.0 52.0 0.011271264437547309
108.0 54.0 0.00422205852045355
108.0 56.0 0.0
108.0 58.0 0.0
108.0 60.0 0.0
108.0 62.0 0.0
108.0 64.0 0.0
108.0 66.0 0.0
108.0 68.0 0.0
108.0 70.0 0.0
108.0 72.0 0.0
108.0 74.0 0.0
108.0 76.0 0.0
108.0 78.0 0.0
108.0 80.0 0.0
108.0 82.0 0.0
108.0 84.0 0.02677728551959838
108.0 86.0 0.057817698574597655
108.0 88.0 0.11151102372650491
108.0 90.0 0.17296732603981754
108.0 92.0 0.2584608766138194
108.0 94.0 0.3322742718790395
108.0 96.0 0.3768282574792902
108.0 98.0 0.36215944399283945
108.0 100.0 0.28028196797986604
108.0 102.0 0.15600766459960008
108.0 104.0 0.052818839579397016
108.0 106.0 0.006580224295397136
108.0 108.0 0.0
108.0 110.0 0.0
108.0 112.0 0.0
108.0 114.0 0.0
108.0 116.0 0.0
108.0 118.0 0.0
108.0 120.0 0.0
108.0 122.0 0.0
108.0 124.0 0.0
108.0 126.0 0.0
110.0 0.0 0.0
110.0 2.0 0.0
110.0 4.0 0.0
110.0 6.0 0.0
110.0 8.0 0.0
110.0 10.0 0.0
110.0 12.0 0.0
110.0 14.0 0.0
110.0 16.0 0.0
110.0 18.0 0.0
110.0 20.0 0.0
110.0 22.0 0.0
110.0 24.0 0.0
110.0 26.0 0.0
110.0 28.0 0.0
110.0 30.0 0.0
110.0 32.0 0.0
110.0 34.0 0.015339471482594494
110.0 36.0 0.1036998818157731
110.0 38.0 0.15488938768671026
110.0 40.0 0.16628580760287726
110.0 42.0 0.14201630575555405
110.0 44.0 0.09930335091813099
110.0 46.0 0.055731818922906164
110.0 48.0 0.020319260581028942
110.0 50.0 0.0030046394291012783
110.0 52.0 0.0034933089043811083
110.0 54.0 0.004041886067029794
110.0 56.0 0.0
110.0 58.0 0.0
110.0 60.0 0.0
110.0 62.0 0.0
110.0 64.0 0.0
110.0 66.0 0.0
110.0 68.0 0.0
110.0 70.0 0.0
110.0 72.0 0.0
110.0 74.0 0.0
110.0 76.0 0.0
110.0 78.0 0.0
110.0 80.0 0.0
110.0 82.0 0.0
110.0 84.0 0.018575770760468523
110.0 86.0 0.05345121757011433
110.0 88.0 0.10176411951391072
110.0 90.0 0.16192845981855383
110.0 92.0 0.2416604987405425
110.0 94.0 0.3321518066945413
110.0 96.0 0.38330175398570204
110.0 98.0 0.3420449265523915
110.0 100.0 0.22284425431042862
110.0 102.0 0.06792421847070294
110.0 104.0 0.007296313231627122
110.0 106.0 0.0
110.0 108.0 0.0
110.0 110.0 0.0
110.0 112.0 0.0
110.0 114.0 0.0
110.0 116.0 0.0
110.0 118.0 0.0
110.0 120.0 0.0
110.0 122.0 0.0
110.0 124.0 0.0
110.0 126.0 0.0
112.0 0.0 0.0
112.0 2.0 0.0
112.0 4.0 0.0
112.0 6.0 0.0
112.0 8.0 0.0
112.0 10.0 0.0
112.0 12.0 0.0
112.0 14.0 0.0
112.0 16.0 0.0
112.0 18.0 0.0
112.0 20.0 0.0
112.0 22.0 0.0
112.0 24.0 0.0
112.0 26.0 0.0
112.0 28.0 0.0
112.0 30.0 0.0
112.0 32.0 0.0
112.0 34.0 0.0
112.0 36.0 0.0
112.0 38.0 0.038186113282678104
112.0 40.0 0.08913699891932632
112.0 42.0 0.08275847986803138
112.0 44.0 0.054364887585168054
112.0 46.0 0.023535902736975534
112.0 48.0 0.004130406460877977
112.0 50.0 0.0
112.0 52.0 0.0
112.0 54.0 0.0
112.0 56.0 0.0
112.0 58.0 0.0
112.0 60.0 0.0
112.0 62.0 0.0
112.0 64.0 0.0
112.0 66.0 0.0
112.0 68.0 0.0
112.0 70.0 0.0
112.0 72.0 0.002688707950671093
112.0 74.0 0.0029372128819416875
112.0 76.0 0.0
112.0 78.0 0.0
112.0 80.0 0.0
112.0 82.0 0.0
112.0 84.0 2.6910005038258356E-4
112.0 86.0 0.03241446268586193
112.0 88.0 0.07118222664073977
112.0 90.0 0.13842382860366606
112.0 92.0 0.21284229788622888
112.0 94.0 0.3057417873481449
112.0 96.0 0.35436333128964376
112.0 98.0 0.28757123264418155
112.0 100.0 0.11481013065606643
112.0 102.0 0.014847608029239208
112.0 104.0 0.0
112.0 106.0 0.0
112.0 108.0 0.0
112.0 110.0 0.0
112.0 112.0 0.0
112.0 114.0 0.0
112.0 116.0 0.0
112.0 118.0 0.0
112.0 120.0 0.0
112.0 122.0 0.0
112.0 124.0 0.0
112.0 126.0 0.0
114.0 0.0 0.0
114.0 2.0 0.0
114.0 4.0 0.0
114.0 6.0 0.0
114.0 8.0 0.0
114.0 10.0 0.0
114.0 12.0 0.0
114.0 14.0 0.0
114.0 16.0 0.0
114.0 18.0 0.0
114.0 20.0 0.0
114.0 22.0 0.0
114.0 24.0 0.0
114.0 26.0 0.0
114.0 28.0 0.0
114.0 30.0 0.0
114.0 32.0 0.0
114.0 34.0 0.0
114.0 36.0 0.0
114.0 38.0 0.0
114.0 40.0 0.022170824841644718
114.0 42.0 0.029665135191451655
114.0 44.0 0.01357949496210397
114.0 46.0 8.728391751751066E-6
114.0 48.0 0.0
114.0 50.0 0.0
114.0 52.0 0.0
114.0 54.0 0.0
114.0 56.0 0.0
114.0 58.0 0.0
114.0 60.0 0.0
114.0 62.0 7.525431896471409E-4
114.0 64.0 5.900518933570261E-5
114.0 66.0 0.0
114.0 68.0 0.0
114.0 70.0 0.0
114.0 72.0 0.014362274992461852
114.0 74.0 0.023275488509620277
114.0 76.0 0.0013349955650981302
114.0 78.0 0.0
114.0 80.0 0.0
114.0 82.0 0.0
114.0 84.0 0.0
114.0 86.0 0.0059696441923577015
114.0 88.0 0.039076870716778324
114.0 90.0 0.09938137849369928
114.0 92.0 0.15527263615525108
114.0 94.0 0.23918681078825066
114.0 96.0 0.2846267999698778
114.0 98.0 0.17530431871024002
114.0 100.0 0.029274323867106915
114.0 102.0 0.0
114.0 104.0 0.0
114.0 106.0 0.0
114.0 108.0 0.0
114.0 110.0 0.0
114.0 112.0 0.0
114.0 114.0 0.0
114.0 116.0 0.0
114.0 118.0 0.0
114.0 120.0 0.0
114.0 122.0 0.0
114.0 124.0 0.0
114.0 126.0 0.0
116.0 0.0 0.0
116.0 2.0 0.0
116.0 4.0 0.0
116.0 6.0 0.0
116.0 8.0 0.0
116.0 10.0 0.0
116.0 12.0 0.0
116.0 14.0 0.0
116.0 16.0 0.0
116.0 18.0 0.0
116.0 20.0 0.0
116.0 22.0 0.0
116.0 24.0 0.0
116.0 26.0 0.0
116.0 28.0 0.0
116.0 30.0 0.0
116.0 32.0 0.0
116.0 34.0 0.0
116.0 36.0 0.0
116.0 38.0 0.0
116.0 40.0 0.0
116.0 42.0 1.336864468088083E-4
116.0 44.0 0.0
116.0 46.0 0.0
116.0 48.0 0.0
116.0 50.0 0.0
116.0 52.0 0.0
116.0 54.0 0.0
116.0 56.0 0.0
116.0 58.0 0.0
116.0 60.0 0.0
116.0 62.0 0.0
116.0 64.0 0.04039026116254869
116.0 66.0 0.05043843039893919
116.0 68.0 0.04870804931643188
116.0 70.0 0.04597941399912644
116.0 72.0 0.03598193561434863
116.0 74.0 0.028183131180594078
116.0 76.0 0.009424181633555085
116.0 78.0 0.0
116.0 80.0 0.0
116.0 82.0 0.0
116.0 84.0 0.0
116.0 86.0 0.0
116.0 88.0 0.010072449612406893
116.0 90.0 0.056526589219845574
116.0 92.0 0.08467653521844791
116.0 94.0 0.13662483809758932
116.0 96.0 0.1627841318753979
116.0 98.0 0.05904191106429646
116.0 100.0 0.0
116.0 102.0 0.0
116.0 104.0 0.0
116.0 106.0 0.0
116.0 108.0 0.0
116.0 110.0 0.0
116.0 112.0 0.0
116.0 114.0 0.0
116.0 116.0 0.0
116.0 118.0 0.0
116.0 120.0 0.0
116.0 122.0 0.0
116.0 124.0 0.0
116.0 126.0 0.0
118.0 0.0 0.0
118.0 2.0 0.0
118.0 4.0 0.0
118.0 6.0 0.0
118.0 8.0 0.0
118.0 10.0 0.0
118.0 12.0 0.0
118.0 14.0 0.0
118.0 16.0 0.0
118.0 18.0 0.0
118.0 20.0 0.0
118.0 22.0 0.0
118.0 24.0 0.0
118.0 26.0 0.0
118.0 28.0 0.0
118.0 30.0 0.0
118.0 32.0 0.004375373120970124
118.0 34.0 0.0
118.0 36.0 0.0
118.0 38.0 0.0
118.0 40.0 0.0
118.0 42.0 0.0
118.0 44.0 0.0
118.0 46.0 0.0
118.0 48.0 0.0
118.0 50.0 0.0
118.0 52.0 0.0
118.0 54.0 0.0
118.0 56.0 0.0
118.0 58.0 0.0
118.0 60.0 1.642101426977223E-5
118.0 62.0 0.010111914925957926
118.0 64.0 0.056537570159216836
118.0 66.0 0.1119071900264677
118.0 68.0 0.1238723059543741
118.0 70.0 0.11099989783486781
118.0 72.0 0.08975663884290735
118.0 74.0 0.0591002951229932
118.0 76.0 0.020532805511223846
118.0 78.0 3.23478827403844E-5
118.0 80.0 0.0
118.0 82.0 0.0
118.0 84.0 0.0
118.0 86.0 0.0
118.0 88.0 0.0
118.0 90.0 0.010319880848706517
118.0 92.0 0.019211164382393477
118.0 94.0 0.037818229031434995
118.0 96.0 0.0491532060845167
118.0 98.0 0.0
118.0 100.0 0.0
118.0 102.0 0.0
118.0 104.0 0.0
118.0 106.0 0.0
118.0 108.0 0.0
118.0 110.0 0.0
118.0 112.0 0.0
118.0 114.0 0.0
118.0 116.0 0.0
118.0 118.0 0.0
118.0 120.0 0.0
118.0 122.0 0.0
118.0 124.0 0.0
118.0 126.0 0.0
120.0 0.0 0.0
120.0 2.0 0.0
120.0 4.0 0.0
120.0 6.0 0.0
120.0 8.0 0.0
120.0 10.0 0.0
120.0 12.0 0.0
120.0 14.0 0.0
120.0 16.0 0.0
120.0 18.0 0.0
120.0 20.0 0.0
120.0 22.0 0.0
120.0 24.0 0.0
120.0 26.0 0.0
120.0 28.0 0.0
120.0 30.0 0.0
120.0 32.0 0.0
120.0 34.0 0.0
120.0 36.0 0.005241102803682847
120.0 38.0 0.0
120.0 40.0 0.0
120.0 42.0 0.0
120.0 44.0 0.0
120.0 46.0 0.0
120.0 48.0 0.0
120.0 50.0 0.0
120.0 52.0 0.0
120.0 54.0 0.0
120.0 56.0 0.0
120.0 58.0 0.0
120.0 60.0 0.005445731644920907
120.0 62.0 0.03104676249211448
120.0 64.0 0.08467237565334229
120.0 66.0 0.14483444391867706
120.0 68.0 0.17863301338742218
120.0 70.0 0.1724389387562171
120.0 72.0 0.14251469429068073
120.0 74.0 0.09971616884349471
120.0 76.0 0.04521463065664922
120.0 78.0 0.004627039521664252
120.0 80.0 0.0
120.0 82.0 0.0
120.0 84.0 0.0
120.0 86.0 0.0
120.0 88.0 0.0
120.0 90.0 0.0
120.0 92.0 0.0
120.0 94.0 0.0
120.0 96.0 0.0
120.0 98.0 0.0
120.0 100.0 0.0
120.0 102.0 0.0
120.0 104.0 0.0
120.0 106.0 0.0
120.0 108.0 0.0
120.0 110.0 0.0
120.0 112.0 0.0
120.0 114.0 0.0
120.0 116.0 0.0
120.0 118.0 0.0
120.0 120.0 0.0
120.0 122.0 0.0
120.0 124.0 0.0
120.0 126.0 0.0
122.0 0.0 0.0
122.0 2.0 0.0
122.0 4.0 0.0
122.0 6.0 0.0
122.0 8.0 0.0
122.0 10.0 0.0
122.0 12.0 0.0
122.0 14.0 0.0
122.0 16.0 0.0
122.0 18.0 0.0
122.0 20.0 0.0
122.0 22.0 0.0
122.0 24.0 0.0
122.0 26.0 0.0
122.0 28.0 0.0
122.0 30.0 0.0
122.0 32.0 0.0
122.0 34.0 0.0
122.0 36.0 0.0
122.0 38.0 0.0
122.0 40.0 0.0
122.0 42.0 0.0
122.0 44.0 0.0
122.0 46.0 0.0
122.0 48.0 0.0
122.0 50.0 0.0
122.0 52.0 0.0
122.0 54.0 0.0
122.0 56.0 0.0
122.0 58.0 0.0
122.0 60.0 0.013162121403054353
122.0 62.0 0.058675664413821244
122.0 64.0 0.11786560976969064
122.0 66.0 0.17465397203422928
122.0 68.0 0.20694773851659895
122.0 70.0 0.21030608865096767
122.0 72.0 0.18536407400912017
122.0 74.0 0.13710182648957506
122.0 76.0 0.07379839407621941
122.0 78.0 0.013120534051590499
122.0 80.0 0.0
122.0 82.0 0.0
122.0 84.0 0.0
122.0 86.0 0.0
122.0 88.0 0.0
122.0 90.0 0.0
122.0 92.0 0.0
122.0 94.0 0.0
122.0 96.0 0.0
122.0 98.0 0.0
122.0 100.0 0.0
122.0 102.0 0.0
122.0 104.0 0.0
122.0 106.0 0.0
122.0 108.0 0.0
122.0 110.0 0.0
122.0 112.0 0.0
122.0 114.0 0.0
122.0 116.0 0.0
122.0 118.0 0.0
122.0 120.0 0.0
122.0 122.0 0.0
122.0 124.0 0.0
122.0 126.0 0.0
124.0 0.0 0.0
124.0 2.0 0.0
124.0 4.0 0.0
124.0 6.0 0.0
124.0 8.0 0.0
124.0 10.0 0.0
124.0 12.0 0.0
124.0 14.0 0.0
124.0 16.0 0.0
124.0 18.0 0.0
124.0 20.0 0.0
124.0 22.0 0.0
124.0 24.0 0.0
124.0 26.0 0.0
124.0 28.0 0.0
124.0 30.0 0.0
124.0 32.0 0.0
124.0 34.0 0.0
124.0 36.0 0.0
124.0 38.0 0.0
124.0 40.0 0.0
124.0 42.0 0.0
124.0 44.0 0.0
124.0 46.0 0.0
124.0 48.0 0.0
124.0 50.0 0.0
124.0 52.0 0.0
124.0 54.0 0.0
124.0 56.0 0.0
124.0 58.0 0.0
124.0 60.0 0.019446299429973165
124.0 62.0 0.08600877365472077
124.0 64.0 0.15694991981975911
124.0 66.0 0.20639895861388427
124.0 68.0 0.23730225464639634
124.0 70.0 0.24443277073653266
124.0 72.0 0.22031512810006915
124.0 74.0 0.1673984181100716
124.0 76.0 0.0952451361228075
124.0 78.0 0.016947178483856993
124.0 80.0 0.0
124.0 82.0 0.0
124.0 84.0 0.0
124.0 86.0 0.0
124.0 88.0 0.0
124.0 90.0 0.0
124.0 92.0 0.0
124.0 94.0 0.0
124.0 96.0 0.0
124.0 98.0 0.0
124.0 100.0 0.0
124.0 102.0 0.0
124.0 104.0 0.0
124.0 106.0 0.0
124.0 108.0 0.0
124.0 110.0 0.0
124.0 112.0 0.0
124.0 114.0 0.0
124.0 116.0 0.0
124.0 118.0 0.0
124.0 120.0 0.0
124.0 122.0 0.0
124.0 124.0 0.0
124.0 126.0 0.0
126.0 0.0 0.0
126.0 2.0 0.0
126.0 4.0 0.0
126.0 6.0 0.0
126.0 8.0 0.0
126.0 10.0 0.0
126.0 12.0 0.0
126.0 14.0 0.0
126.0 16.0 0.0
126.0 18.0 0.0
126.0 20.0 0.0
126.0 22.0 0.0
126.0 24.0 0.0
126.0 26.0 0.0
126.0 28.0 0.0
126.0 30.0 0.0
126.0 32.0 0.0
126.0 34.0 0.0
126.0 36.0 0.0
126.0 38.0 0.0
126.0 40.0 0.0
126.0 42.0 0.0
126.0 44.0 0.0
126.0 46.0 0.0
126.0 48.0 0.0
126.0 50.0 0.0
126.0 52.0 0.0
126.0 54.0 0.0
126.0 56.0 0.0
126.0 58.0 0.0
126.0 60.0 0.0
126.0 62.0 0.0
126.0 64.0 0.07340819329289207
126.0 66.0 0.20537258810562228
126.0 68.0 0.2712449986633272
126.0 70.0 0.2819429497807869
126.0 72.0 0.25134871907685175
126.0 74.0 0.17800219747400803
126.0 76.0 0.0
126.0 78.0 0.0
126.0 80.0 0.0
126.0 82.0 0.0
126.0 84.0 0.0
126.0 86.0 0.0
126.0 88.0 0.0
126.0 90.0 0.0
126.0 92.0 0.0
126.0 94.0 0.0
126.0 96.0 0.0
126.0 98.0 0.0
126.0 100.0 0.0
126.0 102.0 0.0
126.0 104.0 0.0
126.0 106.0 0.0
126.0 108.0 0.0
126.0 110.0 0.0
126.0 112.0 0.0
126.0 114.0 0.0
126.0 116.0 0.0
126.0 118.0 0.0
126.0 120.0 0.0
126.0 122.0 0.0
126.0 124.0 0.0
126.0 126.0 0.0
