0.0 0.0 0.0
0.0 2.0 0.0
0.0 4.0 0.0
0.0 6.0 0.0
0.0 8.0 0.0
0.0 10.0 0.0
0.0 12.0 0.0
0.0 14.0 0.0
0.0 16.0 0.0
0.0 18.0 0.0
0.0 20.0 0.0
0.0 22.0 0.0
0.0 24.0 0.0
0.0 26.0 0.0
0.0 28.0 0.0
0.0 30.0 0.0
0.0 32.0 0.0
0.0 34.0 0.0
0.0 36.0 0.0
0.0 38.0 0.0
0.0 40.0 0.0
0.0 42.0 0.0
0.0 44.0 0.0
0.0 46.0 0.0
0.0 48.0 0.0
0.0 50.0 0.0
0.0 52.0 0.0
0.0 54.0 0.0
0.0 56.0 0.0
0.0 58.0 0.0
0.0 60.0 0.0
0.0 62.0 0.0
0.0 64.0 0.0
0.0 66.0 0.0
0.0 68.0 0.0
0.0 70.0 0.0
0.0 72.0 0.0
0.0 74.0 0.0
0.0 76.0 0.0
0.0 78.0 0.0
0.0 80.0 0.0
0.0 82.0 0.0
0.0 84.0 0.0
0.0 86.0 0.0
0.0 88.0 0.0
0.0 90.0 0.0
0.0 92.0 0.0
0.0 94.0 0.0
0.0 96.0 0.0
0.0 98.0 0.0
0.0 100.0 0.0
0.0 102.0 0.0
0.0 104.0 0.0
0.0 106.0 0.0
0.0 108.0 0.0
0.0 110.0 0.0
0.0 112.0 0.0
0.0 114.0 0.0
0.0 116.0 0.0
0.0 118.0 0.0
0.0 120.0 0.0
0.0 122.0 0.0
0.0 124.0 0.0
0.0 126.0 0.0
2.0 0.0 0.0
2.0 2.0 0.0
2.0 4.0 0.0
2.0 6.0 0.0
2.0 8.0 0.0
2.0 10.0 0.0
2.0 12.0 0.0
2.0 14.0 0.0
2.0 16.0 0.0
2.0 18.0 0.0
2.0 20.0 0.0
2.0 22.0 0.0
2.0 24.0 0.0
2.0 26.0 0.0
2.0 28.0 0.0
2.0 30.0 0.0
2.0 32.0 0.0
2.0 34.0 0.0
2.0 36.0 0.0
2.0 38.0 0.0
2.0 40.0 0.0
2.0 42.0 0.0
2.0 44.0 0.0
2.0 46.0 0.0
2.0 48.0 0.16738834760861085
2.0 50.0 0.20642241859055263
2.0 52.0 0.23227684826263292
2.0 54.0 0.2728092547633149
2.0 56.0 0.34416461350719074
2.0 58.0 0.35307044707923346
2.0 60.0 0.27477324191753094
2.0 62.0 0.13012739895399053
2.0 64.0 0.013260689397199203
2.0 66.0 0.0
2.0 68.0 0.0
2.0 70.0 0.0
2.0 72.0 0.0
2.0 74.0 0.0
2.0 76.0 0.0
2.0 78.0 0.0
2.0 80.0 0.0
2.0 82.0 0.0
2.0 84.0 0.0
2.0 86.0 0.0
2.0 88.0 0.0
2.0 90.0 0.0
2.0 92.0 0.0
2.0 94.0 0.0
2.0 96.0 0.0
2.0 98.0 0.0
2.0 100.0 0.0
2.0 102.0 0.0
2.0 104.0 0.0
2.0 106.0 0.0
2.0 108.0 0.0
2.0 110.0 0.0
2.0 112.0 0.0
2.0 114.0 0.0
2.0 116.0 0.0
2.0 118.0 0.0
2.0 120.0 0.0
2.0 122.0 0.0
2.0 124.0 0.0
2.0 126.0 0.0
4.0 0.0 0.0
4.0 2.0 0.0
4.0 4.0 0.0
4.0 6.0 0.0
4.0 8.0 0.0
4.0 10.0 0.0
4.0 12.0 0.0
4.0 14.0 0.0
4.0 16.0 0.0
4.0 18.0 0.0
4.0 20.0 0.0
4.0 22.0 0.0
4.0 24.0 0.0
4.0 26.0 0.0
4.0 28.0 0.0
4.0 30.0 0.0
4.0 32.0 0.0
4.0 34.0 0.0
4.0 36.0 0.0
4.0 38.0 0.0
4.0 40.0 0.0
4.0 42.0 0.0
4.0 44.0 0.04810769456149875
4.0 46.0 0.09432089129790645
4.0 48.0 0.1523078317518967
4.0 50.0 0.20705055462576302
4.0 52.0 0.28571936262312897
4.0 54.0 0.3582706437810041
4.0 56.0 0.3586573717504764
4.0 58.0 0.3181372660424305
4.0 60.0 0.19901898654375905
4.0 62.0 0.054497023294977125
4.0 64.0 0.008637335403247206
4.0 66.0 0.0
4.0 68.0 0.0
4.0 70.0 0.0
4.0 72.0 0.0
4.0 74.0 0.0
4.0 76.0 0.0
4.0 78.0 0.0
4.0 80.0 0.0
4.0 82.0 0.0
4.0 84.0 0.04398441900737073
4.0 86.0 0.0
4.0 88.0 0.0
4.0 90.0 0.0
4.0 92.0 0.0
4.0 94.0 0.0
4.0 96.0 0.0
4.0 98.0 0.0
4.0 100.0 0.0
4.0 102.0 0.0
4.0 104.0 0.0
4.0 106.0 0.0
4.0 108.0 0.0
4.0 110.0 0.0
4.0 112.0 0.0
4.0 114.0 0.0
4.0 116.0 0.0
4.0 118.0 0.0
4.0 120.0 0.0
4.0 122.0 0.0
4.0 124.0 0.0
4.0 126.0 0.0
6.0 0.0 0.0
6.0 2.0 0.0
6.0 4.0 0.0
6.0 6.0 0.0
6.0 8.0 0.0
6.0 10.0 0.0
6.0 12.0 0.0
6.0 14.0 0.0
6.0 16.0 0.0
6.0 18.0 0.0
6.0 20.0 0.0
6.0 22.0 0.0
6.0 24.0 0.0
6.0 26.0 0.0
6.0 28.0 0.0
6.0 30.0 0.0
6.0 32.0 0.0
6.0 34.0 0.0
6.0 36.0 0.0
6.0 38.0 0.13939429211361334
6.0 40.0 0.052153041658815034
6.0 42.0 0.04762606437712086
6.0 44.0 0.07361453030818664
6.0 46.0 0.12262975419839517
6.0 48.0 0.1868963305983711
6.0 50.0 0.2535810339196972
6.0 52.0 0.3307615795485958
6.0 54.0 0.4004887769784602
6.0 56.0 0.4076784853123289
6.0 58.0 0.35382106764119564
6.0 60.0 0.22198736360941476
6.0 62.0 0.06594269621012544
6.0 64.0 0.011127824084524158
6.0 66.0 0.0
6.0 68.0 0.0
6.0 70.0 0.0
6.0 72.0 0.0
6.0 74.0 0.0
6.0 76.0 0.0
6.0 78.0 0.0
6.0 80.0 0.0
6.0 82.0 0.0
6.0 84.0 0.022824312909649314
6.0 86.0 0.16011935752090373
6.0 88.0 0.37035623267455914
6.0 90.0 0.5450275865628096
6.0 92.0 0.0
6.0 94.0 0.0
6.0 96.0 0.0
6.0 98.0 0.0
6.0 100.0 0.0
6.0 102.0 0.0
6.0 104.0 0.0
6.0 106.0 0.0
6.0 108.0 0.0
6.0 110.0 0.0
6.0 112.0 0.0
6.0 114.0 0.0
6.0 116.0 0.0
6.0 118.0 0.0
6.0 120.0 0.0
6.0 122.0 0.0
6.0 124.0 0.0
6.0 126.0 0.0
8.0 0.0 0.0
8.0 2.0 0.0
8.0 4.0 0.0
8.0 6.0 0.0
8.0 8.0 0.0
8.0 10.0 0.0
8.0 12.0 0.0
8.0 14.0 0.0
8.0 16.0 0.0
8.0 18.0 0.0
8.0 20.0 0.0
8.0 22.0 0.0
8.0 24.0 0.0
8.0 26.0 0.0
8.0 28.0 0.0
8.0 30.0 0.0
8.0 32.0 0.0
8.0 34.0 0.3517515370324862
8.0 36.0 0.005322910334785228
8.0 38.0 0.0
8.0 40.0 0.0
8.0 42.0 0.0
8.0 44.0 0.0194449255541886
8.0 46.0 0.09512427554574969
8.0 48.0 0.19130093852754926
8.0 50.0 0.2896524380505721
8.0 52.0 0.3715636780065659
8.0 54.0 0.42834866105445335
8.0 56.0 0.4427454011265924
8.0 58.0 0.38807899860706235
8.0 60.0 0.25679602253213313
8.0 62.0 0.08608044233244994
8.0 64.0 0.01401348490467671
8.0 66.0 0.0
8.0 68.0 0.0
8.0 70.0 0.0
8.0 72.0 0.0
8.0 74.0 0.0
8.0 76.0 0.0
8.0 78.0 0.0
8.0 80.0 0.0
8.0 82.0 0.0
8.0 84.0 0.00901475049076905
8.0 86.0 0.11858333998743349
8.0 88.0 0.33313014112847344
8.0 90.0 0.5351088440806117
8.0 92.0 0.5806431348052395
8.0 94.0 0.5770228650033874
8.0 96.0 0.0
8.0 98.0 0.0
8.0 100.0 0.0
8.0 102.0 0.0
8.0 104.0 0.0
8.0 106.0 0.0
8.0 108.0 0.0
8.0 110.0 0.0
8.0 112.0 0.0
8.0 114.0 0.0
8.0 116.0 0.0
8.0 118.0 0.0
8.0 120.0 0.0
8.0 122.0 0.0
8.0 124.0 0.0
8.0 126.0 0.0
10.0 0.0 0.0
10.0 2.0 0.0
10.0 4.0 0.0
10.0 6.0 0.0
10.0 8.0 0.0
10.0 10.0 0.0
10.0 12.0 0.0
10.0 14.0 0.0
10.0 16.0 0.0
10.0 18.0 0.0
10.0 20.0 0.0
10.0 22.0 0.0
10.0 24.0 0.0
10.0 26.0 0.0
10.0 28.0 0.0
10.0 30.0 0.324764659219981
10.0 32.0 0.0
10.0 34.0 0.0
10.0 36.0 0.0
10.0 38.0 0.0
10.0 40.0 0.0
10.0 42.0 0.0
10.0 44.0 0.00259213880248466
10.0 46.0 0.08124280861481618
10.0 48.0 0.19085536698223274
10.0 50.0 0.311636346321335
10.0 52.0 0.4097195378654077
10.0 54.0 0.46283578743765313
10.0 56.0 0.4766783710262887
10.0 58.0 0.42068486405955735
10.0 60.0 0.2920053739089596
10.0 62.0 0.11042809448231934
10.0 64.0 0.013444239084057131
10.0 66.0 6.063064251431394E-4
10.0 68.0 0.0
10.0 70.0 0.0
10.0 72.0 0.0
10.0 74.0 0.0
10.0 76.0 0.0
10.0 78.0 0.0
10.0 80.0 0.0
10.0 82.0 0.0
10.0 84.0 0.0
10.0 86.0 0.08731709216127559
10.0 88.0 0.30306350404141463
10.0 90.0 0.4994324867196796
10.0 92.0 0.564997972537383
10.0 94.0 0.5741742298358281
10.0 96.0 0.5406136030173254
10.0 98.0 0.0
10.0 100.0 0.0
10.0 102.0 0.0
10.0 104.0 0.0
10.0 106.0 0.0
10.0 108.0 0.0
10.0 110.0 0.0
10.0 112.0 0.0
10.0 114.0 0.0
10.0 116.0 0.0
10.0 118.0 0.0
10.0 120.0 0.0
10.0 122.0 0.0
10.0 124.0 0.0
10.0 126.0 0.0
12.0 0.0 0.0
12.0 2.0 0.0
12.0 4.0 0.0
12.0 6.0 0.0
12.0 8.0 0.0
12.0 10.0 0.0
12.0 12.0 0.0
12.0 14.0 0.0
12.0 16.0 0.0
12.0 18.0 0.0
12.0 20.0 0.0
12.0 22.0 0.0
12.0 24.0 0.0
12.0 26.0 0.0
12.0 28.0 0.23888168771784624
12.0 30.0 0.0
12.0 32.0 0.0
12.0 34.0 0.0
12.0 36.0 0.0
12.0 38.0 0.0
12.0 40.0 0.0
12.0 42.0 0.0
12.0 44.0 0.0
12.0 46.0 0.06969923881818184
12.0 48.0 0.18918036995762377
12.0 50.0 0.32407444505514227
12.0 52.0 0.43689618892586696
12.0 54.0 0.49540912516730823
12.0 56.0 0.509573141163071
12.0 58.0 0.45125772225485866
12.0 60.0 0.3269613134035533
12.0 62.0 0.1471027573889314
12.0 64.0 0.02571160424123302
12.0 66.0 6.629634328597867E-4
12.0 68.0 0.0
12.0 70.0 0.0
12.0 72.0 0.0
12.0 74.0 0.0
12.0 76.0 0.0
12.0 78.0 0.0
12.0 80.0 0.0
12.0 82.0 0.0
12.0 84.0 0.0
12.0 86.0 0.07440869870393318
12.0 88.0 0.2531969410664235
12.0 90.0 0.4906569788755257
12.0 92.0 0.5636223891946222
12.0 94.0 0.5828518527795428
12.0 96.0 0.5560019660214198
12.0 98.0 0.4780867250867109
12.0 100.0 0.33308673854201515
12.0 102.0 0.0
12.0 104.0 0.0
12.0 106.0 0.0
12.0 108.0 0.0
12.0 110.0 0.0
12.0 112.0 0.0
12.0 114.0 0.0
12.0 116.0 0.0
12.0 118.0 0.0
12.0 120.0 0.0
12.0 122.0 0.0
12.0 124.0 0.0
12.0 126.0 0.0
14.0 0.0 0.0
14.0 2.0 0.0
14.0 4.0 0.0
14.0 6.0 0.0
14.0 8.0 0.0
14.0 10.0 0.0
14.0 12.0 0.0
14.0 14.0 0.0
14.0 16.0 0.0
14.0 18.0 0.0
14.0 20.0 0.0
14.0 22.0 0.0
14.0 24.0 0.07570071008010434
14.0 26.0 0.0
14.0 28.0 0.0
14.0 30.0 0.0
14.0 32.0 0.0
14.0 34.0 0.0
14.0 36.0 0.0
14.0 38.0 0.0
14.0 40.0 0.0
14.0 42.0 0.0
14.0 44.0 0.0
14.0 46.0 0.04612451884708666
14.0 48.0 0.1805540301891672
14.0 50.0 0.3209623931798614
14.0 52.0 0.42885256290899454
14.0 54.0 0.49503748270129844
14.0 56.0 0.5207225335717977
14.0 58.0 0.4744804885174791
14.0 60.0 0.35906314219015917
14.0 62.0 0.18232354623957683
14.0 64.0 0.03730741796336035
14.0 66.0 0.0014875001504495264
14.0 68.0 0.0
14.0 70.0 0.0
14.0 72.0 0.0
14.0 74.0 0.0
14.0 76.0 0.0
14.0 78.0 0.0
14.0 80.0 0.0
14.0 82.0 0.0
14.0 84.0 0.0
14.0 86.0 0.05455335022153405
14.0 88.0 0.231697379317204
14.0 90.0 0.47159611189031264
14.0 92.0 0.5569190371520008
14.0 94.0 0.5839401799250133
14.0 96.0 0.5599656078491103
14.0 98.0 0.48543219400487
14.0 100.0 0.34726505021140647
14.0 102.0 0.15631464005653298
14.0 104.0 0.0
14.0 106.0 0.0
14.0 108.0 0.0
14.0 110.0 0.0
14.0 112.0 0.0
14.0 114.0 0.0
14.0 116.0 0.0
14.0 118.0 0.0
14.0 120.0 0.0
14.0 122.0 0.0
14.0 124.0 0.0
14.0 126.0 0.0
16.0 0.0 0.0
16.0 2.0 0.0
16.0 4.0 0.0
16.0 6.0 0.0
16.0 8.0 0.0
16.0 10.0 0.0
16.0 12.0 0.0
16.0 14.0 0.0
16.0 16.0 0.0
16.0 18.0 0.0
16.0 20.0 0.0
16.0 22.0 0.0215341748500945
16.0 24.0 0.0
16.0 26.0 0.0
16.0 28.0 0.0
16.0 30.0 0.0
16.0 32.0 0.0
16.0 34.0 0.0
16.0 36.0 0.0
16.0 38.0 0.0
16.0 40.0 0.0
16.0 42.0 0.0
16.0 44.0 0.0
16.0 46.0 0.062280020805230256
16.0 48.0 0.19593523703932414
16.0 50.0 0.34184025684224634
16.0 52.0 0.4549108171433353
16.0 54.0 0.4884632869808616
16.0 56.0 0.5096201818123621
16.0 58.0 0.487990505837474
16.0 60.0 0.38893274011561335
16.0 62.0 0.21889369468194056
16.0 64.0 0.05245597440672794
16.0 66.0 0.001862968321099399
16.0 68.0 0.0
16.0 70.0 0.0
16.0 72.0 0.0
16.0 74.0 0.0
16.0 76.0 0.0
16.0 78.0 0.0
16.0 80.0 0.0
16.0 82.0 0.0
16.0 84.0 0.0
16.0 86.0 0.03694822517266996
16.0 88.0 0.23086402976222534
16.0 90.0 0.40665480742292853
16.0 92.0 0.5024234209177764
16.0 94.0 0.5377583283251768
16.0 96.0 0.5283995726192346
16.0 98.0 0.46614110681560267
16.0 100.0 0.34632530359973934
16.0 102.0 0.1642175056812746
16.0 104.0 0.03117395495628128
16.0 106.0 0.0
16.0 108.0 0.0
16.0 110.0 0.0
16.0 112.0 0.0
16.0 114.0 0.0
16.0 116.0 0.0
16.0 118.0 0.0
16.0 120.0 0.0
16.0 122.0 0.0
16.0 124.0 0.0
16.0 126.0 0.0
18.0 0.0 0.0
18.0 2.0 0.0
18.0 4.0 0.0
18.0 6.0 0.0
18.0 8.0 0.0
18.0 10.0 0.0
18.0 12.0 0.0
18.0 14.0 0.0
18.0 16.0 0.0
18.0 18.0 0.0
18.0 20.0 0.0
18.0 22.0 0.0
18.0 24.0 0.0
18.0 26.0 0.0
18.0 28.0 0.0
18.0 30.0 0.0
18.0 32.0 0.0
18.0 34.0 0.0
18.0 36.0 0.0
18.0 38.0 0.0
18.0 40.0 0.0
18.0 42.0 0.0
18.0 44.0 0.0
18.0 46.0 0.043273718230467405
18.0 48.0 0.17892116211191722
18.0 50.0 0.35319261092404264
18.0 52.0 0.47510653624852917
18.0 54.0 0.4799011117580274
18.0 56.0 0.5092017360155942
18.0 58.0 0.5100848830096804
18.0 60.0 0.4213655279529214
18.0 62.0 0.25663704782050006
18.0 64.0 0.0724118233953099
18.0 66.0 0.005886665279253932
18.0 68.0 0.0
18.0 70.0 0.0
18.0 72.0 0.0
18.0 74.0 0.0
18.0 76.0 0.0
18.0 78.0 0.0
18.0 80.0 0.0
18.0 82.0 0.0
18.0 84.0 0.0
18.0 86.0 0.018313994694627186
18.0 88.0 0.21653477549929176
18.0 90.0 0.40442890762951933
18.0 92.0 0.5078782362607174
18.0 94.0 0.5499012886924873
18.0 96.0 0.5325037527036586
18.0 98.0 0.4618921299303464
18.0 100.0 0.3412424503378812
18.0 102.0 0.15717108121821582
18.0 104.0 0.028618166571020582
18.0 106.0 0.0
18.0 108.0 0.0
18.0 110.0 0.0
18.0 112.0 0.0
18.0 114.0 0.0
18.0 116.0 0.0
18.0 118.0 0.0
18.0 120.0 0.0
18.0 122.0 0.0
18.0 124.0 0.0
18.0 126.0 0.0
20.0 0.0 0.0
20.0 2.0 0.0
20.0 4.0 0.0
20.0 6.0 0.0
20.0 8.0 0.0
20.0 10.0 0.0
20.0 12.0 0.0
20.0 14.0 0.0
20.0 16.0 0.0
20.0 18.0 0.0
20.0 20.0 0.0
20.0 22.0 0.0
20.0 24.0 0.0
20.0 26.0 0.0
20.0 28.0 0.0
20.0 30.0 0.0
20.0 32.0 0.0
20.0 34.0 0.0
20.0 36.0 0.0
20.0 38.0 0.0
20.0 40.0 0.0
20.0 42.0 0.0
20.0 44.0 0.0033324846511610224
20.0 46.0 0.05969046748203419
20.0 48.0 0.1754181889929837
20.0 50.0 0.3295468813619416
20.0 52.0 0.4565238974138805
20.0 54.0 0.5006058576905009
20.0 56.0 0.5292818699490994
20.0 58.0 0.5343403417061211
20.0 60.0 0.4546323469044263
20.0 62.0 0.2990341014821741
20.0 64.0 0.099408835528563
20.0 66.0 0.012164854930672792
20.0 68.0 0.0
20.0 70.0 0.0
20.0 72.0 0.0
20.0 74.0 0.0
20.0 76.0 0.0
20.0 78.0 0.0
20.0 80.0 0.0
20.0 82.0 0.0
20.0 84.0 0.0
20.0 86.0 0.002987257478505778
20.0 88.0 0.18208824696515966
20.0 90.0 0.381304552608357
20.0 92.0 0.49339898726561304
20.0 94.0 0.5389007994113486
20.0 96.0 0.5146865363313966
20.0 98.0 0.4403912608024758
20.0 100.0 0.32117223442363113
20.0 102.0 0.1472448754607064
20.0 104.0 0.024473643769857445
20.0 106.0 0.0
20.0 108.0 0.0
20.0 110.0 0.0
20.0 112.0 0.0
20.0 114.0 0.0
20.0 116.0 0.0
20.0 118.0 0.0
20.0 120.0 0.0
20.0 122.0 0.0
20.0 124.0 0.0
20.0 126.0 0.0
22.0 0.0 0.0
22.0 2.0 0.0
22.0 4.0 0.0
22.0 6.0 0.0
22.0 8.0 0.0
22.0 10.0 0.0
22.0 12.0 0.0
22.0 14.0 0.0
22.0 16.0 0.0
22.0 18.0 0.0
22.0 20.0 0.0
22.0 22.0 0.0
22.0 24.0 0.0
22.0 26.0 0.0
22.0 28.0 0.0
22.0 30.0 0.0
22.0 32.0 0.0
22.0 34.0 0.0
22.0 36.0 0.0
22.0 38.0 0.0
22.0 40.0 0.0
22.0 42.0 0.0
22.0 44.0 6.16992114069458E-5
22.0 46.0 0.05213266247954194
22.0 48.0 0.17188640803568478
22.0 50.0 0.34972785763141795
22.0 52.0 0.4734517812044119
22.0 54.0 0.5381725139931354
22.0 56.0 0.5797268982526468
22.0 58.0 0.5710500154010977
22.0 60.0 0.4926046837431404
22.0 62.0 0.34433559612533987
22.0 64.0 0.12908338866420704
22.0 66.0 0.021820946746001477
22.0 68.0 0.0
22.0 70.0 0.0
22.0 72.0 0.0
22.0 74.0 0.0
22.0 76.0 0.0
22.0 78.0 0.0
22.0 80.0 0.0
22.0 82.0 0.0
22.0 84.0 0.0
22.0 86.0 0.0
22.0 88.0 0.13719274973286627
22.0 90.0 0.34147564692597143
22.0 92.0 0.4680644844346677
22.0 94.0 0.5048269549110266
22.0 96.0 0.48046434639241725
22.0 98.0 0.4074485787633942
22.0 100.0 0.2901369380179121
22.0 102.0 0.12595261267922508
22.0 104.0 0.01854349198133577
22.0 106.0 0.0
22.0 108.0 0.0
22.0 110.0 0.0
22.0 112.0 0.0
22.0 114.0 0.0
22.0 116.0 0.0
22.0 118.0 0.0
22.0 120.0 0.0
22.0 122.0 0.0
22.0 124.0 0.0
22.0 126.0 0.0
24.0 0.0 0.0
24.0 2.0 0.0
24.0 4.0 0.0
24.0 6.0 0.0
24.0 8.0 0.0
24.0 10.0 0.0
24.0 12.0 0.0
24.0 14.0 0.0
24.0 16.0 0.0
24.0 18.0 0.0
24.0 20.0 0.0
24.0 22.0 0.0
24.0 24.0 0.0
24.0 26.0 0.0
24.0 28.0 0.0
24.0 30.0 0.0
24.0 32.0 0.0
24.0 34.0 0.0
24.0 36.0 0.0
24.0 38.0 0.0
24.0 40.0 0.0
24.0 42.0 0.0
24.0 44.0 0.009603226550553593
24.0 46.0 0.07023432157356453
24.0 48.0 0.17726573220947736
24.0 50.0 0.33754980808281787
24.0 52.0 0.46453822890901136
24.0 54.0 0.545865279414459
24.0 56.0 0.5861536447374617
24.0 58.0 0.592195571352918
24.0 60.0 0.5276821740168165
24.0 62.0 0.3882189062203741
24.0 64.0 0.16223934125089637
24.0 66.0 0.03388943842163644
24.0 68.0 0.0013507848642672802
24.0 70.0 0.0
24.0 72.0 0.0
24.0 74.0 0.0
24.0 76.0 0.0
24.0 78.0 0.0
24.0 80.0 0.0
24.0 82.0 0.0
24.0 84.0 0.0
24.0 86.0 0.0
24.0 88.0 0.07008550357237789
24.0 90.0 0.25307106866298107
24.0 92.0 0.3908115170008632
24.0 94.0 0.44230885356466837
24.0 96.0 0.4243921174550385
24.0 98.0 0.3551019012132437
24.0 100.0 0.24671350670891978
24.0 102.0 0.09681961545462697
24.0 104.0 0.010950200992940464
24.0 106.0 0.0
24.0 108.0 0.0
24.0 110.0 0.0
24.0 112.0 0.0
24.0 114.0 0.0
24.0 116.0 0.0
24.0 118.0 0.0
24.0 120.0 0.0
24.0 122.0 0.0
24.0 124.0 0.0
24.0 126.0 0.0
26.0 0.0 0.0
26.0 2.0 0.0
26.0 4.0 0.0
26.0 6.0 0.0
26.0 8.0 0.0
26.0 10.0 0.0
26.0 12.0 0.0
26.0 14.0 0.0
26.0 16.0 0.0
26.0 18.0 0.0
26.0 20.0 0.0
26.0 22.0 0.0
26.0 24.0 0.0
26.0 26.0 0.0
26.0 28.0 0.0
26.0 30.0 0.0
26.0 32.0 0.0
26.0 34.0 0.0
26.0 36.0 0.0
26.0 38.0 0.0
26.0 40.0 0.0
26.0 42.0 0.0
26.0 44.0 0.007402336065545612
26.0 46.0 0.06499585855762288
26.0 48.0 0.17364782808273396
26.0 50.0 0.32458173403514967
26.0 52.0 0.45219293177562125
26.0 54.0 0.5335378012254571
26.0 56.0 0.5867944163793564
26.0 58.0 0.6069221997632669
26.0 60.0 0.5556724755002629
26.0 62.0 0.42647867353756547
26.0 64.0 0.19454516038985128
26.0 66.0 0.04447052649884048
26.0 68.0 0.003005112007299173
26.0 70.0 0.0
26.0 72.0 0.0
26.0 74.0 0.0
26.0 76.0 0.0
26.0 78.0 0.0
26.0 80.0 0.0
26.0 82.0 0.0
26.0 84.0 0.0
26.0 86.0 0.0
26.0 88.0 0.03893901815862775
26.0 90.0 0.16107843238134867
26.0 92.0 0.2907522052764344
26.0 94.0 0.35614677204457346
26.0 96.0 0.3496112673439049
26.0 98.0 0.2883491579901099
26.0 100.0 0.18991771379215186
26.0 102.0 0.057011651372169424
26.0 104.0 0.002525268171683718
26.0 106.0 0.0
26.0 108.0 0.0
26.0 110.0 0.0
26.0 112.0 0.0
26.0 114.0 0.0
26.0 116.0 0.0
26.0 118.0 0.0
26.0 120.0 0.0
26.0 122.0 0.0
26.0 124.0 0.0
26.0 126.0 0.0
28.0 0.0 0.0
28.0 2.0 0.0
28.0 4.0 0.0
28.0 6.0 0.0
28.0 8.0 0.0
28.0 10.0 0.0
28.0 12.0 9.429503708006269E-4
28.0 14.0 0.03908931227005678
28.0 16.0 0.08994411340881436
28.0 18.0 0.030544374176415156
28.0 20.0 0.0011630448063136858
28.0 22.0 0.0
28.0 24.0 0.0
28.0 26.0 0.0
28.0 28.0 0.0
28.0 30.0 0.0
28.0 32.0 0.0
28.0 34.0 0.0
28.0 36.0 0.0
28.0 38.0 0.0
28.0 40.0 0.0
28.0 42.0 0.0
28.0 44.0 0.0019034221408949492
28.0 46.0 0.04144290610181212
28.0 48.0 0.13137979137050412
28.0 50.0 0.2975459201545083
28.0 52.0 0.42777396583182065
28.0 54.0 0.510427083186368
28.0 56.0 0.5613581519287075
28.0 58.0 0.599295320091423
28.0 60.0 0.5641061885967645
28.0 62.0 0.4432996948577476
28.0 64.0 0.22332781787258302
28.0 66.0 0.04601370971524246
28.0 68.0 0.0033659742709168106
28.0 70.0 0.0
28.0 72.0 0.0
28.0 74.0 0.0
28.0 76.0 0.0
28.0 78.0 0.0
28.0 80.0 0.0
28.0 82.0 0.0
28.0 84.0 0.0
28.0 86.0 0.0
28.0 88.0 0.006159207485510694
28.0 90.0 0.0641543912421268
28.0 92.0 0.1818387972983092
28.0 94.0 0.2582155040433551
28.0 96.0 0.26414814669907316
28.0 98.0 0.21741523065779436
28.0 100.0 0.1426995188568327
28.0 102.0 0.04053678875651218
28.0 104.0 3.6688567212061105E-5
28.0 106.0 0.0
28.0 108.0 0.0
28.0 110.0 0.0
28.0 112.0 0.0
28.0 114.0 0.0
28.0 116.0 0.0
28.0 118.0 0.0
28.0 120.0 0.0
28.0 122.0 0.0
28.0 124.0 0.0
28.0 126.0 0.0
30.0 0.0 0.0
30.0 2.0 0.0
30.0 4.0 0.0
30.0 6.0 0.0
30.0 8.0 0.0
30.0 10.0 0.06934877351456264
30.0 12.0 0.2596617623636301
30.0 14.0 0.27409156695619563
30.0 16.0 0.21663555225533782
30.0 18.0 0.05905705913891838
30.0 20.0 0.002606268159200918
30.0 22.0 0.0
30.0 24.0 0.0
30.0 26.0 0.0
30.0 28.0 0.0
30.0 30.0 0.0
30.0 32.0 0.0
30.0 34.0 0.0
30.0 36.0 0.0
30.0 38.0 0.0
30.0 40.0 0.0
30.0 42.0 0.0
30.0 44.0 0.0
30.0 46.0 0.022749486707492116
30.0 48.0 0.11965596671389794
30.0 50.0 0.2593918826907938
30.0 52.0 0.39883717936504115
30.0 54.0 0.4713958756329468
30.0 56.0 0.5036638210687456
30.0 58.0 0.541181284969708
30.0 60.0 0.5232608166596776
30.0 62.0 0.41571097062120943
30.0 64.0 0.2184393462015447
30.0 66.0 0.0460779665281163
30.0 68.0 0.0011583606047581912
30.0 70.0 0.0
30.0 72.0 0.0
30.0 74.0 0.0
30.0 76.0 0.0
30.0 78.0 0.0
30.0 80.0 0.0
30.0 82.0 0.0
30.0 84.0 0.0
30.0 86.0 0.0
30.0 88.0 0.0
30.0 90.0 0.019700336766160377
30.0 92.0 0.09688922042798419
30.0 94.0 0.16941950507790382
30.0 96.0 0.19684377368125247
30.0 98.0 0.17490619344330938
30.0 100.0 0.11041254856961209
30.0 102.0 0.03155301650418133
30.0 104.0 0.0
30.0 106.0 0.0
30.0 108.0 0.0
30.0 110.0 0.0
30.0 112.0 0.0
30.0 114.0 0.0
30.0 116.0 0.0
30.0 118.0 0.0
30.0 120.0 0.0
30.0 122.0 0.0
30.0 124.0 0.0
30.0 126.0 0.0
32.0 0.0 0.0
32.0 2.0 0.0
32.0 4.0 0.0
32.0 6.0 0.0
32.0 8.0 0.0
32.0 10.0 0.16121848359809474
32.0 12.0 0.3314340736183389
32.0 14.0 0.3118840623789689
32.0 16.0 0.22234826075778477
32.0 18.0 0.0650411183078451
32.0 20.0 0.0017103586461672921
32.0 22.0 0.0
32.0 24.0 0.0
32.0 26.0 0.0
32.0 28.0 0.0
32.0 30.0 0.0
32.0 32.0 0.0
32.0 34.0 0.0
32.0 36.0 0.0
32.0 38.0 0.0
32.0 40.0 0.0
32.0 42.0 0.0
32.0 44.0 0.006498581321318197
32.0 46.0 0.0362725356593779
32.0 48.0 0.1043964910070871
32.0 50.0 0.2132514641012404
32.0 52.0 0.3409035528816841
32.0 54.0 0.40735758150232887
32.0 56.0 0.4280469489625778
32.0 58.0 0.45447060594214644
32.0 60.0 0.4329050115710962
32.0 62.0 0.33824814152547744
32.0 64.0 0.16741521624399966
32.0 66.0 0.0316320652248201
32.0 68.0 0.0
32.0 70.0 0.0
32.0 72.0 0.0
32.0 74.0 0.0
32.0 76.0 0.0
32.0 78.0 0.0
32.0 80.0 0.0
32.0 82.0 0.0
32.0 84.0 0.0
32.0 86.0 0.0
32.0 88.0 0.0
32.0 90.0 0.0049288438022511835
32.0 92.0 0.0626106675157914
32.0 94.0 0.12930445956201242
32.0 96.0 0.15736880772177048
32.0 98.0 0.1351835914886625
32.0 100.0 0.07116343014165911
32.0 102.0 0.01736847016693658
32.0 104.0 0.0
32.0 106.0 0.0
32.0 108.0 0.0
32.0 110.0 0.009563564672079942
32.0 112.0 0.0
32.0 114.0 0.0
32.0 116.0 0.0
32.0 118.0 0.011987876224304467
32.0 120.0 0.0
32.0 122.0 0.0
32.0 124.0 0.0
32.0 126.0 0.0
34.0 0.0 0.0
34.0 2.0 0.0
34.0 4.0 0.0
34.0 6.0 0.0
34.0 8.0 0.22177169077497003
34.0 10.0 0.3539011865328318
34.0 12.0 0.3501079708311547
34.0 14.0 0.2936829000699528
34.0 16.0 0.1495589873208853
34.0 18.0 0.017070406940944933
34.0 20.0 0.0
34.0 22.0 0.0
34.0 24.0 0.0
34.0 26.0 0.0
34.0 28.0 0.0
34.0 30.0 0.0
34.0 32.0 0.0
34.0 34.0 0.0
34.0 36.0 0.0
34.0 38.0 0.0
34.0 40.0 0.0010588732838917498
34.0 42.0 0.004240360756416616
34.0 44.0 0.01401434261269871
34.0 46.0 0.04267181193598093
34.0 48.0 0.10868591548146249
34.0 50.0 0.183428674986174
34.0 52.0 0.262264055656997
34.0 54.0 0.3287722959704765
34.0 56.0 0.3677389310655444
34.0 58.0 0.36775491342525773
34.0 60.0 0.3274813005674861
34.0 62.0 0.23997399521268012
34.0 64.0 0.09820253748411945
34.0 66.0 0.013109429501318907
34.0 68.0 0.0
34.0 70.0 0.0
34.0 72.0 0.0
34.0 74.0 0.0
34.0 76.0 0.0
34.0 78.0 0.0
34.0 80.0 0.0
34.0 82.0 0.0
34.0 84.0 0.0
34.0 86.0 0.0
34.0 88.0 0.0
34.0 90.0 0.009792697808684718
34.0 92.0 0.051114090257997374
34.0 94.0 0.09821853427600184
34.0 96.0 0.12116127763989921
34.0 98.0 0.09110780198150192
34.0 100.0 0.042605118374975916
34.0 102.0 0.010337929396270372
34.0 104.0 0.001297000328050918
34.0 106.0 0.010963221766309829
34.0 108.0 0.03306972907322264
34.0 110.0 0.050485194792630445
34.0 112.0 0.044605973356629976
34.0 114.0 0.05072419376792417
34.0 116.0 0.06727111163665642
34.0 118.0 0.09241024452115547
34.0 120.0 0.0
34.0 122.0 0.0
34.0 124.0 0.0
34.0 126.0 0.0
36.0 0.0 0.0
36.0 2.0 0.0
36.0 4.0 0.0
36.0 6.0 0.0
36.0 8.0 0.24794915943215043
36.0 10.0 0.3468867340892516
36.0 12.0 0.32697926180759534
36.0 14.0 0.24768182857405718
36.0 16.0 0.08784330324444667
36.0 18.0 0.0013878130167796863
36.0 20.0 0.0
36.0 22.0 0.0
36.0 24.0 0.0
36.0 26.0 0.0
36.0 28.0 0.0
36.0 30.0 0.0
36.0 32.0 0.0
36.0 34.0 0.0
36.0 36.0 0.0
36.0 38.0 0.0022059635530259987
36.0 40.0 0.009253734114072425
36.0 42.0 0.013222347182604802
36.0 44.0 0.02630716925076561
36.0 46.0 0.05336877813068189
36.0 48.0 0.09242273865466942
36.0 50.0 0.16177163940486491
36.0 52.0 0.2068722531160011
36.0 54.0 0.2517040813290839
36.0 56.0 0.2784964582721712
36.0 58.0 0.26772342265253546
36.0 60.0 0.21784061923232315
36.0 62.0 0.1297530442834958
36.0 64.0 0.024406584525999583
36.0 66.0 0.0
36.0 68.0 0.0
36.0 70.0 0.0
36.0 72.0 0.0
36.0 74.0 0.0
36.0 76.0 0.0
36.0 78.0 0.0
36.0 80.0 0.0
36.0 82.0 0.0
36.0 84.0 0.0
36.0 86.0 0.0
36.0 88.0 0.0
36.0 90.0 0.007651428963804246
36.0 92.0 0.03557315837727504
36.0 94.0 0.06848802282023106
36.0 96.0 0.07884867154268571
36.0 98.0 0.05329219037534493
36.0 100.0 0.027027221496240608
36.0 102.0 0.011244262238546028
36.0 104.0 0.029532825370999567
36.0 106.0 0.052087969964486946
36.0 108.0 0.06742720913860353
36.0 110.0 0.08483045589172
36.0 112.0 0.08730257345542862
36.0 114.0 0.10179140715198358
36.0 116.0 0.13011448238921913
36.0 118.0 0.15127270254748001
36.0 120.0 0.1376829021007844
36.0 122.0 0.0
36.0 124.0 0.0
36.0 126.0 0.0
38.0 0.0 0.0
38.0 2.0 0.0
38.0 4.0 0.0
38.0 6.0 0.22235906061020608
38.0 8.0 0.28707020085833085
38.0 10.0 0.26740634282146786
38.0 12.0 0.22580052523263403
38.0 14.0 0.1148060425472041
38.0 16.0 0.011965116875931596
38.0 18.0 0.0
38.0 20.0 0.0
38.0 22.0 0.0
38.0 24.0 0.0
38.0 26.0 0.0
38.0 28.0 0.0
38.0 30.0 0.0
38.0 32.0 0.0
38.0 34.0 0.0
38.0 36.0 0.0
38.0 38.0 0.0060306752932311435
38.0 40.0 0.016825219866152565
38.0 42.0 0.01952051600250632
38.0 44.0 0.02909789535437433
38.0 46.0 0.05150030471345909
38.0 48.0 0.08110399246932228
38.0 50.0 0.11653395833970899
38.0 52.0 0.17075813499425152
38.0 54.0 0.19558495474252158
38.0 56.0 0.20685066558640056
38.0 58.0 0.17687986793426927
38.0 60.0 0.11985025898478506
38.0 62.0 0.03381938179138385
38.0 64.0 0.0
38.0 66.0 0.0
38.0 68.0 0.0
38.0 70.0 0.0
38.0 72.0 0.0
38.0 74.0 0.0
38.0 76.0 0.0
38.0 78.0 0.0
38.0 80.0 0.0
38.0 82.0 0.0
38.0 84.0 0.0
38.0 86.0 0.0
38.0 88.0 0.0013414756862945854
38.0 90.0 0.01141344348547371
38.0 92.0 0.034671057779297555
38.0 94.0 0.04968293135560953
38.0 96.0 0.03676004990893785
38.0 98.0 0.011509015033663575
38.0 100.0 0.0013571394889125305
38.0 102.0 0.009744929463617682
38.0 104.0 0.04299024300392576
38.0 106.0 0.06122600434225275
38.0 108.0 0.07633044998058308
38.0 110.0 0.09460265896246133
38.0 112.0 0.09897879413417969
38.0 114.0 0.1135281641510526
38.0 116.0 0.1387206344748032
38.0 118.0 0.15679730472838782
38.0 120.0 0.13436134798931762
38.0 122.0 0.0
38.0 124.0 0.0
38.0 126.0 0.0
40.0 0.0 0.0
40.0 2.0 0.0
40.0 4.0 0.0
40.0 6.0 0.17069335769486904
40.0 8.0 0.17473880185821022
40.0 10.0 0.1790714464013294
40.0 12.0 0.14722880586423584
40.0 14.0 0.0492669413817361
40.0 16.0 0.0
40.0 18.0 0.0
40.0 20.0 0.0
40.0 22.0 0.0
40.0 24.0 0.0
40.0 26.0 0.0
40.0 28.0 0.0
40.0 30.0 0.0
40.0 32.0 0.0
40.0 34.0 0.0
40.0 36.0 0.0
40.0 38.0 0.0
40.0 40.0 0.01020388014811441
40.0 42.0 0.01067676543824858
40.0 44.0 0.014914826935274912
40.0 46.0 0.03168794673633285
40.0 48.0 0.05944164055422343
40.0 50.0 0.08733584947611116
40.0 52.0 0.11796297135143602
40.0 54.0 0.14219693592164193
40.0 56.0 0.13989129928976252
40.0 58.0 0.10644082126421305
40.0 60.0 0.05620202405046018
40.0 62.0 0.0058782005147127265
40.0 64.0 0.0
40.0 66.0 0.0
40.0 68.0 0.0
40.0 70.0 0.0
40.0 72.0 0.0
40.0 74.0 0.0
40.0 76.0 0.0
40.0 78.0 0.0
40.0 80.0 0.0
40.0 82.0 0.0
40.0 84.0 0.004125546555809515
40.0 86.0 0.0052890944900171955
40.0 88.0 0.01555174034902083
40.0 90.0 0.02150752660573452
40.0 92.0 0.037330083667365316
40.0 94.0 0.030310457655359013
40.0 96.0 0.0033632606323554287
40.0 98.0 0.0
40.0 100.0 0.0
40.0 102.0 0.0011582943275364663
40.0 104.0 0.017664202323580073
40.0 106.0 0.04235255092504117
40.0 108.0 0.06019465044316218
40.0 110.0 0.08189049806212355
40.0 112.0 0.08701687382217305
40.0 114.0 0.09761588154288454
40.0 116.0 0.11623583271777266
40.0 118.0 0.13182316859494508
40.0 120.0 0.11579327717200728
40.0 122.0 0.07909510523211309
40.0 124.0 0.0
40.0 126.0 0.0
42.0 0.0 0.0
42.0 2.0 0.0
42.0 4.0 0.03987174483859348
42.0 6.0 0.06590508225561592
42.0 8.0 0.09748630232781923
42.0 10.0 0.10638235218657272
42.0 12.0 0.06781359574658073
42.0 14.0 0.004587357936022799
42.0 16.0 0.0
42.0 18.0 0.0
42.0 20.0 0.0
42.0 22.0 0.0
42.0 24.0 0.0
42.0 26.0 0.0
42.0 28.0 0.0
42.0 30.0 0.0
42.0 32.0 0.0
42.0 34.0 0.0
42.0 36.0 0.0
42.0 38.0 0.0
42.0 40.0 0.0
42.0 42.0 0.0
42.0 44.0 0.0
42.0 46.0 0.016748913968164577
42.0 48.0 0.03847741904998724
42.0 50.0 0.05867825331383219
42.0 52.0 0.07719237257718188
42.0 54.0 0.0853407242279846
42.0 56.0 0.07992171155470358
42.0 58.0 0.052669886680313464
42.0 60.0 0.02194606030428714
42.0 62.0 4.198724869077752E-4
42.0 64.0 0.0
42.0 66.0 0.0
42.0 68.0 0.0
42.0 70.0 0.0
42.0 72.0 0.0
42.0 74.0 0.0
42.0 76.0 0.0
42.0 78.0 0.0
42.0 80.0 6.79626205163408E-4
42.0 82.0 0.01891314701669759
42.0 84.0 0.0421152884793612
42.0 86.0 0.06609987008882538
42.0 88.0 0.07679252135821261
42.0 90.0 0.06091802895482188
42.0 92.0 0.045072750553771856
42.0 94.0 0.005696074737714155
42.0 96.0 0.0
42.0 98.0 0.0
42.0 100.0 0.0
42.0 102.0 0.0
42.0 104.0 0.0
42.0 106.0 0.0044426560454539025
42.0 108.0 0.02059373602810801
42.0 110.0 0.042324662409540914
42.0 112.0 0.04972390049552406
42.0 114.0 0.06130521012102483
42.0 116.0 0.0824617999658282
42.0 118.0 0.1032200232262686
42.0 120.0 0.09882041759059708
42.0 122.0 0.07085574726617265
42.0 124.0 0.0
42.0 126.0 0.0
44.0 0.0 0.0
44.0 2.0 0.0
44.0 4.0 0.006407536853985682
44.0 6.0 0.0255745982596996
44.0 8.0 0.051088089590145554
44.0 10.0 0.057835988672375716
44.0 12.0 0.021385756869396647
44.0 14.0 0.0
44.0 16.0 0.0
44.0 18.0 0.0
44.0 20.0 0.0
44.0 22.0 0.0
44.0 24.0 0.0
44.0 26.0 0.0
44.0 28.0 0.0014040938006888392
44.0 30.0 0.0
44.0 32.0 0.002384301292033685
44.0 34.0 0.0040947206895637816
44.0 36.0 0.0022878983356744054
44.0 38.0 4.7535650116980925E-5
44.0 40.0 0.0
44.0 42.0 0.0
44.0 44.0 0.0
44.0 46.0 0.010414301610811914
44.0 48.0 0.017048300931531157
44.0 50.0 0.024639476781528464
44.0 52.0 0.030315742410451613
44.0 54.0 0.02456351336861051
44.0 56.0 0.021738638798378108
44.0 58.0 0.014393873988654085
44.0 60.0 0.0068502582111668875
44.0 62.0 4.905062442691744E-4
44.0 64.0 0.0
44.0 66.0 0.0
44.0 68.0 0.0
44.0 70.0 0.0
44.0 72.0 0.0
44.0 74.0 0.0
44.0 76.0 0.0013337136684661575
44.0 78.0 0.015611495271782029
44.0 80.0 0.05132084039448053
44.0 82.0 0.11095695308011104
44.0 84.0 0.16949381715652775
44.0 86.0 0.209651751272809
44.0 88.0 0.20783412846837526
44.0 90.0 0.15034630586754535
44.0 92.0 0.06187341066884519
44.0 94.0 0.0012077352029375816
44.0 96.0 0.0
44.0 98.0 0.0
44.0 100.0 0.0
44.0 102.0 0.0
44.0 104.0 0.0
44.0 106.0 0.0
44.0 108.0 0.0
44.0 110.0 0.005532244019445233
44.0 112.0 0.009566519666487657
44.0 114.0 0.022707419679502055
44.0 116.0 0.04579399417375373
44.0 118.0 0.07531993160824785
44.0 120.0 0.08841916193538586
44.0 122.0 0.07046848960996273
44.0 124.0 0.0
44.0 126.0 0.0
46.0 0.0 0.0
46.0 2.0 0.0
46.0 4.0 0.0019317892704996172
46.0 6.0 0.007297758389717794
46.0 8.0 0.01743295911135476
46.0 10.0 0.01670729034073114
46.0 12.0 0.0
46.0 14.0 0.0
46.0 16.0 0.0
46.0 18.0 0.0
46.0 20.0 0.0
46.0 22.0 0.0
46.0 24.0 0.0
46.0 26.0 0.0021348933678562447
46.0 28.0 0.025959709161597885
46.0 30.0 0.031375213379968625
46.0 32.0 0.0430334482238127
46.0 34.0 0.04654198780543478
46.0 36.0 0.032982099335730757
46.0 38.0 0.007986252115454241
46.0 40.0 0.0
46.0 42.0 0.0
46.0 44.0 4.1036455502795234E-4
46.0 46.0 0.0038116345245411873
46.0 48.0 0.003162841879037256
46.0 50.0 0.0024997700375771737
46.0 52.0 4.268357180945292E-4
46.0 54.0 0.0
46.0 56.0 0.0
46.0 58.0 0.0
46.0 60.0 0.0
46.0 62.0 7.051497052196773E-4
46.0 64.0 0.0024579617142957764
46.0 66.0 2.6800231157142235E-4
46.0 68.0 0.0
46.0 70.0 0.0
46.0 72.0 0.0
46.0 74.0 0.00743450725135451
46.0 76.0 0.03736255918589399
46.0 78.0 0.0921477089265051
46.0 80.0 0.16167841263581692
46.0 82.0 0.24023453532738878
46.0 84.0 0.31936997930558625
46.0 86.0 0.3842130040049973
46.0 88.0 0.370906584543021
46.0 90.0 0.2785901303515804
46.0 92.0 0.10975270438153635
46.0 94.0 0.011198837668689144
46.0 96.0 0.0
46.0 98.0 0.0
46.0 100.0 0.0
46.0 102.0 0.0
46.0 104.0 0.0
46.0 106.0 0.0
46.0 108.0 0.0
46.0 110.0 0.0
46.0 112.0 0.0
46.0 114.0 0.0
46.0 116.0 0.01744153832220322
46.0 118.0 0.050344789649513694
46.0 120.0 0.07761468798427147
46.0 122.0 0.06341309754710976
46.0 124.0 0.019244723820157003
46.0 126.0 0.0
48.0 0.0 0.0
48.0 2.0 0.0
48.0 4.0 0.0
48.0 6.0 0.0
48.0 8.0 0.0
48.0 10.0 0.0
48.0 12.0 0.0
48.0 14.0 0.0
48.0 16.0 0.0
48.0 18.0 0.0
48.0 20.0 0.0
48.0 22.0 0.0
48.0 24.0 0.0
48.0 26.0 0.027516055846919074
48.0 28.0 0.08328347523832855
48.0 30.0 0.11231387529929071
48.0 32.0 0.13883804038135733
48.0 34.0 0.1485488198506378
48.0 36.0 0.12466160144208131
48.0 38.0 0.06759556677619648
48.0 40.0 0.006991497795614028
48.0 42.0 0.0
48.0 44.0 0.0024011372703004337
48.0 46.0 0.0
48.0 48.0 0.0
48.0 50.0 0.0
48.0 52.0 0.0
48.0 54.0 0.0
48.0 56.0 0.0
48.0 58.0 0.0
48.0 60.0 0.0
48.0 62.0 0.003059217772047778
48.0 64.0 0.009110997637915577
48.0 66.0 0.010392580705926692
48.0 68.0 0.012701929702373672
48.0 70.0 0.01098816702807393
48.0 72.0 0.013770495723837407
48.0 74.0 0.039222963256298364
48.0 76.0 0.10268948616918584
48.0 78.0 0.18873546472195
48.0 80.0 0.2758024879314511
48.0 82.0 0.3580649555475312
48.0 84.0 0.44371054715192737
48.0 86.0 0.5085498744371296
48.0 88.0 0.47864498109108616
48.0 90.0 0.3808921829770037
48.0 92.0 0.18211235077079102
48.0 94.0 0.028314550525200502
48.0 96.0 5.511644822149385E-4
48.0 98.0 0.0
48.0 100.0 0.0
48.0 102.0 0.0
48.0 104.0 0.0
48.0 106.0 0.0
48.0 108.0 0.0
48.0 110.0 0.0
48.0 112.0 0.0
48.0 114.0 0.0
48.0 116.0 6.65919210498989E-4
48.0 118.0 0.02896314647127989
48.0 120.0 0.062463312805832165
48.0 122.0 0.05109491187313695
48.0 124.0 0.008772886649626804
48.0 126.0 0.0
50.0 0.0 0.0
50.0 2.0 0.0
50.0 4.0 0.0
50.0 6.0 0.0
50.0 8.0 0.0
50.0 10.0 0.0
50.0 12.0 0.0
50.0 14.0 0.0
50.0 16.0 0.0
50.0 18.0 0.0
50.0 20.0 0.0
50.0 22.0 0.0
50.0 24.0 0.003059941105554796
50.0 26.0 0.08654420444689541
50.0 28.0 0.1616028876955945
50.0 30.0 0.21985271375993465
50.0 32.0 0.25298230333117105
50.0 34.0 0.26035325592318165
50.0 36.0 0.2321633166400989
50.0 38.0 0.17709354688666104
50.0 40.0 0.09766363846420271
50.0 42.0 0.036508718357700705
50.0 44.0 0.019212045485846572
50.0 46.0 2.2436283399778116E-4
50.0 48.0 0.0
50.0 50.0 0.0
50.0 52.0 0.0
50.0 54.0 0.0
50.0 56.0 0.0
50.0 58.0 0.0
50.0 60.0 0.0
50.0 62.0 0.0
50.0 64.0 0.00842996818461855
50.0 66.0 0.019649027845015172
50.0 68.0 0.029170370217955294
50.0 70.0 0.013894454720457868
50.0 72.0 0.02958096820185532
50.0 74.0 0.08200308868171395
50.0 76.0 0.17054310713682985
50.0 78.0 0.2600793484254717
50.0 80.0 0.35784603973115375
50.0 82.0 0.4341681835087958
50.0 84.0 0.5078073925074602
50.0 86.0 0.5787273545648279
50.0 88.0 0.5645461468063662
50.0 90.0 0.46304450186318585
50.0 92.0 0.225107202353804
50.0 94.0 0.04779013265577243
50.0 96.0 7.889719390022683E-4
50.0 98.0 0.0
50.0 100.0 0.0
50.0 102.0 0.0
50.0 104.0 0.0
50.0 106.0 0.0
50.0 108.0 0.0
50.0 110.0 0.0
50.0 112.0 0.0
50.0 114.0 0.0
50.0 116.0 0.0
50.0 118.0 0.014036742103172864
50.0 120.0 0.04898169155776014
50.0 122.0 0.048840487308515514
50.0 124.0 0.016924470637893613
50.0 126.0 0.0
52.0 0.0 0.0
52.0 2.0 0.0
52.0 4.0 0.0
52.0 6.0 0.0
52.0 8.0 0.0
52.0 10.0 0.0
52.0 12.0 0.0
52.0 14.0 0.0
52.0 16.0 0.0
52.0 18.0 0.0
52.0 20.0 0.0
52.0 22.0 0.00236322165332165
52.0 24.0 0.05798625156307426
52.0 26.0 0.16545834772166104
52.0 28.0 0.24183514012637577
52.0 30.0 0.31405750940954985
52.0 32.0 0.3514340659155843
52.0 34.0 0.3577272267506009
52.0 36.0 0.33284716720472335
52.0 38.0 0.2781742517026001
52.0 40.0 0.1897324824873834
52.0 42.0 0.10096436393570744
52.0 44.0 0.03769007463105994
52.0 46.0 0.0032537117391012046
52.0 48.0 0.0
52.0 50.0 0.0
52.0 52.0 0.0
52.0 54.0 0.0
52.0 56.0 0.0
52.0 58.0 0.0
52.0 60.0 0.0
52.0 62.0 0.0
52.0 64.0 6.024851556034094E-4
52.0 66.0 0.014487419697302295
52.0 68.0 0.02772047894641094
52.0 70.0 0.011280393187953078
52.0 72.0 0.03821463523841033
52.0 74.0 0.11142691446949947
52.0 76.0 0.20652496958502456
52.0 78.0 0.30453132926524856
52.0 80.0 0.3957240505220995
52.0 82.0 0.4645734256144854
52.0 84.0 0.5436931972381163
52.0 86.0 0.6149230845803652
52.0 88.0 0.6025476167856919
52.0 90.0 0.5078257046367182
52.0 92.0 0.2609293442410047
52.0 94.0 0.06015122016742722
52.0 96.0 0.002793283246013602
52.0 98.0 0.0
52.0 100.0 0.0
52.0 102.0 0.0
52.0 104.0 0.0
52.0 106.0 0.0
52.0 108.0 0.0
52.0 110.0 0.0
52.0 112.0 0.0
52.0 114.0 0.0
52.0 116.0 0.0
52.0 118.0 0.005414687015344268
52.0 120.0 0.04139507739928482
52.0 122.0 0.061039107065613295
52.0 124.0 0.05274637876025882
52.0 126.0 0.0
54.0 0.0 0.0
54.0 2.0 0.003375788723987317
54.0 4.0 0.0
54.0 6.0 0.0
54.0 8.0 0.0
54.0 10.0 0.0
54.0 12.0 0.0
54.0 14.0 0.0
54.0 16.0 0.0
54.0 18.0 0.0
54.0 20.0 0.005901095697878531
54.0 22.0 0.04519595995958992
54.0 24.0 0.14473577923348516
54.0 26.0 0.25466581827631923
54.0 28.0 0.3303075093563563
54.0 30.0 0.396450046535134
54.0 32.0 0.43416969910328623
54.0 34.0 0.4383316219359666
54.0 36.0 0.41482657519765026
54.0 38.0 0.36245591876837935
54.0 40.0 0.26350945008761256
54.0 42.0 0.14403594995191188
54.0 44.0 0.05007191283293302
54.0 46.0 0.005585608612562225
54.0 48.0 0.0
54.0 50.0 0.0
54.0 52.0 0.0
54.0 54.0 0.0
54.0 56.0 0.0
54.0 58.0 0.0
54.0 60.0 0.0
54.0 62.0 0.0
54.0 64.0 0.0
54.0 66.0 0.0
54.0 68.0 0.010911918731592522
54.0 70.0 0.001100405165977777
54.0 72.0 0.026855260766882993
54.0 74.0 0.1108693264895438
54.0 76.0 0.22268076533394973
54.0 78.0 0.32230713567453667
54.0 80.0 0.4125862957324824
54.0 82.0 0.4797332254104365
54.0 84.0 0.5290393631865999
54.0 86.0 0.6268115177322111
54.0 88.0 0.6111473638449562
54.0 90.0 0.5228880912891601
54.0 92.0 0.28863474529089467
54.0 94.0 0.06870321647603492
54.0 96.0 0.003922396253115309
54.0 98.0 0.0
54.0 100.0 0.0
54.0 102.0 0.0
54.0 104.0 0.0
54.0 106.0 0.0
54.0 108.0 0.0
54.0 110.0 0.0
54.0 112.0 0.0
54.0 114.0 0.0
54.0 116.0 0.0
54.0 118.0 0.002143629618961892
54.0 120.0 0.04273777160739587
54.0 122.0 0.07975099347681183
54.0 124.0 0.07737101840216261
54.0 126.0 0.04775382134502159
56.0 0.0 0.0
56.0 2.0 0.0
56.0 4.0 0.0
56.0 6.0 0.0
56.0 8.0 0.0
56.0 10.0 0.0
56.0 12.0 0.0
56.0 14.0 0.0
56.0 16.0 0.0
56.0 18.0 0.014015772644121566
56.0 20.0 0.03566691774499946
56.0 22.0 0.12649041618304308
56.0 24.0 0.24521689807790162
56.0 26.0 0.3451074341371568
56.0 28.0 0.4222066810168232
56.0 30.0 0.47693626670260275
56.0 32.0 0.5058332085798574
56.0 34.0 0.5064770214059399
56.0 36.0 0.4824841447010583
56.0 38.0 0.42865753874758267
56.0 40.0 0.2901100575843748
56.0 42.0 0.17724143733274636
56.0 44.0 0.06135545179223375
56.0 46.0 0.007288422240163311
56.0 48.0 0.0
56.0 50.0 0.0
56.0 52.0 0.0
56.0 54.0 0.0
56.0 56.0 0.0
56.0 58.0 0.0
56.0 60.0 0.0
56.0 62.0 0.0
56.0 64.0 0.0
56.0 66.0 0.0
56.0 68.0 0.0
56.0 70.0 0.0
56.0 72.0 0.009616809312181337
56.0 74.0 0.1047853366471146
56.0 76.0 0.22439041691873052
56.0 78.0 0.3308964099857284
56.0 80.0 0.4249886809526204
56.0 82.0 0.49378855057792204
56.0 84.0 0.5319374513591845
56.0 86.0 0.5846284992720391
56.0 88.0 0.6098200329840496
56.0 90.0 0.5261441895317364
56.0 92.0 0.3248147834449821
56.0 94.0 0.08304053070816293
56.0 96.0 0.002704587459214681
56.0 98.0 0.0
56.0 100.0 0.0
56.0 102.0 0.0
56.0 104.0 0.0
56.0 106.0 0.0
56.0 108.0 0.0
56.0 110.0 0.0
56.0 112.0 0.0
56.0 114.0 0.0
56.0 116.0 0.0
56.0 118.0 2.4422591445095123E-5
56.0 120.0 0.05390835546143166
56.0 122.0 0.10981137650243374
56.0 124.0 0.11896301117393943
56.0 126.0 0.0725980195752856
58.0 0.0 0.0
58.0 2.0 0.0015861141592967518
58.0 4.0 0.0
58.0 6.0 0.0
58.0 8.0 0.0
58.0 10.0 0.0
58.0 12.0 0.0
58.0 14.0 0.0
58.0 16.0 0.010330340477717272
58.0 18.0 0.028337619052541247
58.0 20.0 0.09224388925314947
58.0 22.0 0.21010628280235352
58.0 24.0 0.33287917971820796
58.0 26.0 0.43207528931744466
58.0 28.0 0.5037706417713008
58.0 30.0 0.5478393345594724
58.0 32.0 0.5671181595531395
58.0 34.0 0.5649049415352717
58.0 36.0 0.5389124209767532
58.0 38.0 0.47669031417988855
58.0 40.0 0.3119422466509486
58.0 42.0 0.1921215070585931
58.0 44.0 0.06563261383303387
58.0 46.0 0.008195169407250314
58.0 48.0 0.0
58.0 50.0 0.0
58.0 52.0 0.0
58.0 54.0 0.0
58.0 56.0 0.0
58.0 58.0 0.0
58.0 60.0 0.0
58.0 62.0 0.0
58.0 64.0 0.0
58.0 66.0 0.0
58.0 68.0 0.0
58.0 70.0 0.0
58.0 72.0 5.651835831480511E-4
58.0 74.0 0.09956882388615179
58.0 76.0 0.21932435521986257
58.0 78.0 0.3336690107916181
58.0 80.0 0.42719857177566545
58.0 82.0 0.4725005751114774
58.0 84.0 0.5005752814533738
58.0 86.0 0.6214737464134786
58.0 88.0 0.6027033389484276
58.0 90.0 0.515650644672212
58.0 92.0 0.32552685879275717
58.0 94.0 0.08795995478550984
58.0 96.0 0.0043685999124570656
58.0 98.0 0.0
58.0 100.0 0.0
58.0 102.0 0.0
58.0 104.0 0.0
58.0 106.0 0.0
58.0 108.0 0.0
58.0 110.0 0.0
58.0 112.0 0.0
58.0 114.0 0.0
58.0 116.0 0.0
58.0 118.0 0.009802591357715927
58.0 120.0 0.08442374821922344
58.0 122.0 0.15187129033387173
58.0 124.0 0.16393987626810966
58.0 126.0 0.07300595440476042
60.0 0.0 0.0
60.0 2.0 2.1944775194693926E-4
60.0 4.0 0.0
60.0 6.0 0.0
60.0 8.0 0.0
60.0 10.0 0.0
60.0 12.0 0.0
60.0 14.0 0.001138425026934355
60.0 16.0 0.021853404309025225
60.0 18.0 0.06388043208138312
60.0 20.0 0.1674552982731041
60.0 22.0 0.3010014350089774
60.0 24.0 0.41876789554441807
60.0 26.0 0.5057257885629031
60.0 28.0 0.5608594309603733
60.0 30.0 0.5943448930988896
60.0 32.0 0.6087105263822745
60.0 34.0 0.603967041976483
60.0 36.0 0.5748434410788262
60.0 38.0 0.45096992147308335
60.0 40.0 0.3213206973373031
60.0 42.0 0.186461790016525
60.0 44.0 0.059729969604462
60.0 46.0 0.005329798391969921
60.0 48.0 0.0
60.0 50.0 0.0
60.0 52.0 0.0
60.0 54.0 0.0
60.0 56.0 0.0
60.0 58.0 0.0
60.0 60.0 0.0
60.0 62.0 0.0
60.0 64.0 0.0
60.0 66.0 0.0
60.0 68.0 0.0
60.0 70.0 0.0
60.0 72.0 0.009330111594151216
60.0 74.0 0.09330633259292344
60.0 76.0 0.2064577440149216
60.0 78.0 0.3238510118100275
60.0 80.0 0.4023891854433484
60.0 82.0 0.450346980668409
60.0 84.0 0.4923518854658739
60.0 86.0 0.5996337689390075
60.0 88.0 0.58089807434295
60.0 90.0 0.49533081037818644
60.0 92.0 0.31520207469731204
60.0 94.0 0.08589764784859061
60.0 96.0 0.0043743490998633065
60.0 98.0 0.0
60.0 100.0 0.0
60.0 102.0 0.0
60.0 104.0 0.0
60.0 106.0 0.0
60.0 108.0 0.0
60.0 110.0 0.0
60.0 112.0 0.0
60.0 114.0 0.0
60.0 116.0 0.0
60.0 118.0 0.040107226052384565
60.0 120.0 0.13350175700013525
60.0 122.0 0.2043387184231185
60.0 124.0 0.21583811827268576
60.0 126.0 0.08895426555933995
62.0 0.0 0.0
62.0 2.0 0.0012899767333536657
62.0 4.0 0.0
62.0 6.0 0.0
62.0 8.0 0.0
62.0 10.0 0.0
62.0 12.0 0.0
62.0 14.0 0.003180290225892984
62.0 16.0 0.035016116587282216
62.0 18.0 0.10782297447963085
62.0 20.0 0.22952757328609255
62.0 22.0 0.3595631562941483
62.0 24.0 0.4654630117224403
62.0 26.0 0.5384506251128232
62.0 28.0 0.5884339125462877
62.0 30.0 0.6180314072177362
62.0 32.0 0.6291315915710262
62.0 34.0 0.6191074386685719
62.0 36.0 0.544873551963451
62.0 38.0 0.4226741265827245
62.0 40.0 0.31159263936083614
62.0 42.0 0.15893064593401282
62.0 44.0 0.042197983407051755
62.0 46.0 0.0012014651381863862
62.0 48.0 0.0
62.0 50.0 0.0
62.0 52.0 0.0
62.0 54.0 0.0
62.0 56.0 0.0
62.0 58.0 0.0
62.0 60.0 0.0
62.0 62.0 0.0
62.0 64.0 0.0
62.0 66.0 0.0
62.0 68.0 0.0
62.0 70.0 0.0
62.0 72.0 0.004371734017819879
62.0 74.0 0.08017800058035081
62.0 76.0 0.19687703600678041
62.0 78.0 0.32297033477296816
62.0 80.0 0.43187498530988266
62.0 82.0 0.5092353155989922
62.0 84.0 0.5520799366540611
62.0 86.0 0.5606379864837033
62.0 88.0 0.5311466598285707
62.0 90.0 0.45067043006601115
62.0 92.0 0.2911093271126493
62.0 94.0 0.0772877514297188
62.0 96.0 0.003196557303716945
62.0 98.0 0.0
62.0 100.0 0.0
62.0 102.0 0.0
62.0 104.0 0.0
62.0 106.0 0.0
62.0 108.0 0.0
62.0 110.0 0.0
62.0 112.0 0.0
62.0 114.0 0.0
62.0 116.0 0.007256161225643321
62.0 118.0 0.09402733516533661
62.0 120.0 0.18974025936573893
62.0 122.0 0.2554495161954407
62.0 124.0 0.26033318876868267
62.0 126.0 0.12452328555104265
64.0 0.0 0.0
64.0 2.0 0.0038623536853811744
64.0 4.0 0.0
64.0 6.0 0.0
64.0 8.0 0.0
64.0 10.0 0.0
64.0 12.0 0.0
64.0 14.0 0.005862414582343434
64.0 16.0 0.05390320351826184
64.0 18.0 0.15201828993020663
64.0 20.0 0.2799136978717376
64.0 22.0 0.3988091176077207
64.0 24.0 0.4860411893508639
64.0 26.0 0.5507017110779409
64.0 28.0 0.5969402463839394
64.0 30.0 0.6225885375957437
64.0 32.0 0.6285987723592541
64.0 34.0 0.6033297253675014
64.0 36.0 0.49031110551374946
64.0 38.0 0.4078968414624757
64.0 40.0 0.28102147033802904
64.0 42.0 0.12438596892984484
64.0 44.0 0.025840284703793917
64.0 46.0 0.0
64.0 48.0 0.0
64.0 50.0 0.0
64.0 52.0 0.0
64.0 54.0 0.0
64.0 56.0 0.0
64.0 58.0 0.0
64.0 60.0 0.0
64.0 62.0 0.0
64.0 64.0 0.0
64.0 66.0 0.0
64.0 68.0 0.0
64.0 70.0 0.0
64.0 72.0 0.007865284792482411
64.0 74.0 0.06209047803732973
64.0 76.0 0.16597365652848664
64.0 78.0 0.2853272037196049
64.0 80.0 0.3915721506610936
64.0 82.0 0.4693417939023777
64.0 84.0 0.5136030282872698
64.0 86.0 0.5379372059573388
64.0 88.0 0.5186580804785009
64.0 90.0 0.4289126512458765
64.0 92.0 0.26261861331641473
64.0 94.0 0.06236970262775234
64.0 96.0 0.0013712484854746189
64.0 98.0 0.0
64.0 100.0 0.0
64.0 102.0 0.0
64.0 104.0 0.0
64.0 106.0 0.0
64.0 108.0 0.0
64.0 110.0 0.0
64.0 112.0 0.0
64.0 114.0 0.0
64.0 116.0 0.059043419440345295
64.0 118.0 0.15713839576313793
64.0 120.0 0.24307187917558934
64.0 122.0 0.30770149159193877
64.0 124.0 0.3016942451788101
64.0 126.0 0.15153664492732058
66.0 0.0 0.0
66.0 2.0 0.0067901593940420816
66.0 4.0 0.0
66.0 6.0 0.0
66.0 8.0 0.0
66.0 10.0 0.0
66.0 12.0 0.0
66.0 14.0 0.006410960587651754
66.0 16.0 0.07412378619269663
66.0 18.0 0.1884627299654776
66.0 20.0 0.31005986163523336
66.0 22.0 0.4102745252148076
66.0 24.0 0.4850609254524734
66.0 26.0 0.544628277715604
66.0 28.0 0.5871039622142542
66.0 30.0 0.6087697816796557
66.0 32.0 0.5998942198001285
66.0 34.0 0.497423812354908
66.0 36.0 0.44429641307289564
66.0 38.0 0.35601197244272265
66.0 40.0 0.22051134179010368
66.0 42.0 0.08208659057725003
66.0 44.0 0.012614438961242438
66.0 46.0 0.0
66.0 48.0 0.0
66.0 50.0 0.0
66.0 52.0 0.0
66.0 54.0 0.0
66.0 56.0 0.0
66.0 58.0 0.0
66.0 60.0 0.0
66.0 62.0 0.0
66.0 64.0 0.0
66.0 66.0 0.0
66.0 68.0 0.0
66.0 70.0 0.0
66.0 72.0 0.010973821415095229
66.0 74.0 0.054270503068672975
66.0 76.0 0.13618952627163664
66.0 78.0 0.23409313535380064
66.0 80.0 0.3323574214959651
66.0 82.0 0.42030541097791824
66.0 84.0 0.4849151395860582
66.0 86.0 0.5047787569994754
66.0 88.0 0.47261548379541657
66.0 90.0 0.3779578815297215
66.0 92.0 0.2166190681725831
66.0 94.0 0.04378282718259809
66.0 96.0 0.0
66.0 98.0 0.0
66.0 100.0 0.0
66.0 102.0 0.0
66.0 104.0 0.0
66.0 106.0 0.0
66.0 108.0 0.0
66.0 110.0 0.0
66.0 112.0 0.0
66.0 114.0 0.021081067901656383
66.0 116.0 0.12341365341360866
66.0 118.0 0.20990104355365583
66.0 120.0 0.29576211494299526
66.0 122.0 0.3461579559588361
66.0 124.0 0.3317988182236647
66.0 126.0 0.15650718531189547
68.0 0.0 0.0
68.0 2.0 0.007456360084572319
68.0 4.0 0.0
68.0 6.0 0.0
68.0 8.0 0.0
68.0 10.0 0.0
68.0 12.0 0.0
68.0 14.0 0.002813771618253845
68.0 16.0 0.0823378589978706
68.0 18.0 0.20433053961573333
68.0 20.0 0.25517585919357905
68.0 22.0 0.3412448885956672
68.0 24.0 0.43723357480543795
68.0 26.0 0.5171993334170001
68.0 28.0 0.5588782309062087
68.0 30.0 0.576521221192953
68.0 32.0 0.5341763400926222
68.0 34.0 0.43057090527602004
68.0 36.0 0.3752391758788433
68.0 38.0 0.28404586520476083
68.0 40.0 0.15452731065897174
68.0 42.0 0.03826201991101472
68.0 44.0 7.107992172757437E-5
68.0 46.0 0.0
68.0 48.0 0.0
68.0 50.0 0.0
68.0 52.0 0.0
68.0 54.0 0.0
68.0 56.0 0.0
68.0 58.0 0.0
68.0 60.0 0.0
68.0 62.0 0.0
68.0 64.0 0.0
68.0 66.0 0.0
68.0 68.0 0.0
68.0 70.0 0.0015402935016402425
68.0 72.0 0.015030266934727731
68.0 74.0 0.04966206197401784
68.0 76.0 0.11426189623341602
68.0 78.0 0.20729823459966204
68.0 80.0 0.3027957504216818
68.0 82.0 0.3772797756705278
68.0 84.0 0.425089184610586
68.0 86.0 0.44657748833089866
68.0 88.0 0.4057994587930071
68.0 90.0 0.3076628013783805
68.0 92.0 0.15487259917022697
68.0 94.0 0.022453609695371357
68.0 96.0 0.0
68.0 98.0 0.0
68.0 100.0 0.0
68.0 102.0 0.0
68.0 104.0 0.0
68.0 106.0 0.0
68.0 108.0 0.0
68.0 110.0 0.0
68.0 112.0 0.0
68.0 114.0 0.07742473949496949
68.0 116.0 0.18185448210180388
68.0 118.0 0.27924249625109726
68.0 120.0 0.35541068708676476
68.0 122.0 0.3683795135363241
68.0 124.0 0.3603274538026689
68.0 126.0 0.13559506475051508
70.0 0.0 0.0
70.0 2.0 0.0050100167550923185
70.0 4.0 0.0
70.0 6.0 0.0
70.0 8.0 0.0
70.0 10.0 0.0
70.0 12.0 0.0
70.0 14.0 0.0
70.0 16.0 0.07376032266222472
70.0 18.0 0.18103544469125044
70.0 20.0 0.25931577008767165
70.0 22.0 0.34478666902622557
70.0 24.0 0.4223553536903761
70.0 26.0 0.48212419597049855
70.0 28.0 0.5195606537441269
70.0 30.0 0.5147638318817974
70.0 32.0 0.4294575138181089
70.0 34.0 0.3929885349865308
70.0 36.0 0.3246367058930957
70.0 38.0 0.2182817647324665
70.0 40.0 0.0821280383801348
70.0 42.0 0.012557686527795155
70.0 44.0 0.0
70.0 46.0 0.0
70.0 48.0 0.0
70.0 50.0 0.0
70.0 52.0 0.0
70.0 54.0 0.0
70.0 56.0 0.0
70.0 58.0 0.0
70.0 60.0 0.0
70.0 62.0 0.0
70.0 64.0 0.0
70.0 66.0 0.0
70.0 68.0 2.318782391655537E-4
70.0 70.0 0.0079733099820933
70.0 72.0 0.022309303333724568
70.0 74.0 0.05092823659354836
70.0 76.0 0.10409740943041108
70.0 78.0 0.1701688838572761
70.0 80.0 0.24202435241624207
70.0 82.0 0.30459488004414065
70.0 84.0 0.34684099390418144
70.0 86.0 0.36169401625251035
70.0 88.0 0.31301874695865267
70.0 90.0 0.21164144877866853
70.0 92.0 0.07145339854658048
70.0 94.0 0.0022222704200607238
70.0 96.0 0.0
70.0 98.0 0.0
70.0 100.0 0.0
70.0 102.0 0.0
70.0 104.0 0.0
70.0 106.0 0.0
70.0 108.0 0.0
70.0 110.0 0.0
70.0 112.0 0.03881272856436536
70.0 114.0 0.1382613561540735
70.0 116.0 0.2630731294634064
70.0 118.0 0.3458040237911874
70.0 120.0 0.3864842652295765
70.0 122.0 0.4017963338411887
70.0 124.0 0.3826626058376322
70.0 126.0 0.11432329161436204
72.0 0.0 0.0
72.0 2.0 0.0016399749212919782
72.0 4.0 0.0
72.0 6.0 0.0
72.0 8.0 0.0
72.0 10.0 0.0
72.0 12.0 0.0
72.0 14.0 0.0
72.0 16.0 0.07787205986001243
72.0 18.0 0.16917650520134794
72.0 20.0 0.2610049028850006
72.0 22.0 0.3323860441922965
72.0 24.0 0.3949353922834427
72.0 26.0 0.4470640770004608
72.0 28.0 0.47992692163023243
72.0 30.0 0.43957751248208604
72.0 32.0 0.36174430231268045
72.0 34.0 0.32367424435610853
72.0 36.0 0.2536845026879517
72.0 38.0 0.13717707015794658
72.0 40.0 0.028875187043405647
72.0 42.0 0.0
72.0 44.0 0.0
72.0 46.0 0.0
72.0 48.0 0.0
72.0 50.0 0.0
72.0 52.0 0.0
72.0 54.0 0.0
72.0 56.0 0.0
72.0 58.0 0.0
72.0 60.0 0.0
72.0 62.0 0.0
72.0 64.0 0.0
72.0 66.0 0.0
72.0 68.0 0.007825480808365719
72.0 70.0 0.017606502665529704
72.0 72.0 0.03214190007404648
72.0 74.0 0.056283679844501215
72.0 76.0 0.0952572231086578
72.0 78.0 0.13605132056990957
72.0 80.0 0.18342759216018723
72.0 82.0 0.22480320693098313
72.0 84.0 0.2469766770726283
72.0 86.0 0.24195921121313843
72.0 88.0 0.18020168510082293
72.0 90.0 0.07888080801358129
72.0 92.0 0.0028980947219513745
72.0 94.0 0.0
72.0 96.0 0.0
72.0 98.0 0.0
72.0 100.0 0.0
72.0 102.0 0.0
72.0 104.0 0.0
72.0 106.0 0.0
72.0 108.0 0.0
72.0 110.0 0.013442928555483818
72.0 112.0 0.09420634520980391
72.0 114.0 0.21167317749479833
72.0 116.0 0.3170437407651541
72.0 118.0 0.379903218579339
72.0 120.0 0.4175755042836426
72.0 122.0 0.4293820761432463
72.0 124.0 0.39986815107030815
72.0 126.0 0.10845413257830776
74.0 0.0 0.0
74.0 2.0 0.0
74.0 4.0 0.0
74.0 6.0 0.0
74.0 8.0 0.0
74.0 10.0 0.0
74.0 12.0 0.0
74.0 14.0 0.0
74.0 16.0 0.07316817209654194
74.0 18.0 0.14844948150077428
74.0 20.0 0.18631601654390254
74.0 22.0 0.26040819339206295
74.0 24.0 0.32930850932668926
74.0 26.0 0.3832775825449541
74.0 28.0 0.368142477973636
74.0 30.0 0.3501756606488145
74.0 32.0 0.316602033769928
74.0 34.0 0.24556845958388918
74.0 36.0 0.17367904249802998
74.0 38.0 0.06043742861664927
74.0 40.0 0.00558584980430268
74.0 42.0 0.0
74.0 44.0 0.0
74.0 46.0 0.0
74.0 48.0 0.0
74.0 50.0 0.0
74.0 52.0 0.0
74.0 54.0 0.0
74.0 56.0 0.0
74.0 58.0 0.0
74.0 60.0 0.0
74.0 62.0 0.0
74.0 64.0 6.857410585704614E-4
74.0 66.0 0.012765170441716671
74.0 68.0 0.024973110853043993
74.0 70.0 0.03490277327819887
74.0 72.0 0.047048780211793574
74.0 74.0 0.06868702906950502
74.0 76.0 0.09015631724326872
74.0 78.0 0.11379869093655841
74.0 80.0 0.12829859880345426
74.0 82.0 0.13789377061530733
74.0 84.0 0.13753461423305052
74.0 86.0 0.10661091736451045
74.0 88.0 0.028229379651295478
74.0 90.0 0.0
74.0 92.0 0.0
74.0 94.0 0.0
74.0 96.0 0.0
74.0 98.0 0.0
74.0 100.0 0.0
74.0 102.0 0.0
74.0 104.0 0.0
74.0 106.0 0.0
74.0 108.0 0.009488334319209644
74.0 110.0 0.060440595950788635
74.0 112.0 0.1437076348022615
74.0 114.0 0.24276235266224813
74.0 116.0 0.345712122701137
74.0 118.0 0.40685056080158594
74.0 120.0 0.438778715522939
74.0 122.0 0.4488677375055656
74.0 124.0 0.4094194423869418
74.0 126.0 0.10332520268660504
76.0 0.0 0.0
76.0 2.0 0.0
76.0 4.0 0.0
76.0 6.0 0.0
76.0 8.0 0.0
76.0 10.0 0.0
76.0 12.0 0.0
76.0 14.0 0.0
76.0 16.0 0.034829957953971515
76.0 18.0 0.0639776126201602
76.0 20.0 0.10725067478403678
76.0 22.0 0.1692541714609939
76.0 24.0 0.22701465723920153
76.0 26.0 0.25514863000114124
76.0 28.0 0.2868690226370609
76.0 30.0 0.2862441001739149
76.0 32.0 0.2592167448391563
76.0 34.0 0.20306909179697577
76.0 36.0 0.09437781914898957
76.0 38.0 0.014443013544888817
76.0 40.0 0.0
76.0 42.0 0.0
76.0 44.0 0.0
76.0 46.0 0.0
76.0 48.0 0.0
76.0 50.0 0.0
76.0 52.0 0.0
76.0 54.0 0.0
76.0 56.0 0.0
76.0 58.0 0.0
76.0 60.0 0.0
76.0 62.0 0.0
76.0 64.0 0.029235920571078728
76.0 66.0 0.054387809023184325
76.0 68.0 0.07351740798506808
76.0 70.0 0.08225182269314822
76.0 72.0 0.0900140579363975
76.0 74.0 0.09983502010407407
76.0 76.0 0.09700210166337599
76.0 78.0 0.09200721034161181
76.0 80.0 0.08294448965342453
76.0 82.0 0.06861999394226548
76.0 84.0 0.041347195817685874
76.0 86.0 0.0
76.0 88.0 0.0
76.0 90.0 0.0
76.0 92.0 0.0
76.0 94.0 0.0
76.0 96.0 0.0
76.0 98.0 0.0
76.0 100.0 0.0
76.0 102.0 0.0
76.0 104.0 0.0
76.0 106.0 0.01671166446903195
76.0 108.0 0.04980506009469968
76.0 110.0 0.10597878316653825
76.0 112.0 0.17430318574489048
76.0 114.0 0.26714768571065955
76.0 116.0 0.3608868847704294
76.0 118.0 0.4163888958292897
76.0 120.0 0.4461542656952943
76.0 122.0 0.4543991817274491
76.0 124.0 0.39563404360257576
76.0 126.0 0.0
78.0 0.0 0.0
78.0 2.0 0.06137896641344725
78.0 4.0 0.0
78.0 6.0 0.0
78.0 8.0 0.0
78.0 10.0 0.0
78.0 12.0 0.0
78.0 14.0 0.0
78.0 16.0 0.0
78.0 18.0 0.0
78.0 20.0 0.009987016645433817
78.0 22.0 0.05267551276067483
78.0 24.0 0.10295847671222697
78.0 26.0 0.1608411793322852
78.0 28.0 0.20050633688098407
78.0 30.0 0.2098183476146164
78.0 32.0 0.18834547632040277
78.0 34.0 0.1087783953031443
78.0 36.0 0.01933697660883028
78.0 38.0 0.0
78.0 40.0 0.0
78.0 42.0 0.0
78.0 44.0 0.0
78.0 46.0 0.0
78.0 48.0 0.0
78.0 50.0 0.0
78.0 52.0 0.0
78.0 54.0 0.0
78.0 56.0 0.0
78.0 58.0 0.0
78.0 60.0 0.0025175410567919165
78.0 62.0 0.04700286856578309
78.0 64.0 0.11638030178445703
78.0 66.0 0.15690112750530996
78.0 68.0 0.17325198512418352
78.0 70.0 0.17243772082379324
78.0 72.0 0.16527349862829024
78.0 74.0 0.1424037706504142
78.0 76.0 0.10796333777188809
78.0 78.0 0.07249215480777234
78.0 80.0 0.03765903737773261
78.0 82.0 0.008694724544774615
78.0 84.0 0.0
78.0 86.0 0.0
78.0 88.0 0.0
78.0 90.0 0.0
78.0 92.0 0.0
78.0 94.0 0.0
78.0 96.0 0.0
78.0 98.0 0.0
78.0 100.0 0.0
78.0 102.0 0.0
78.0 104.0 0.008427223241649745
78.0 106.0 0.03937747750361648
78.0 108.0 0.08162980464478613
78.0 110.0 0.13248027948810445
78.0 112.0 0.1864643074716641
78.0 114.0 0.28241231860555516
78.0 116.0 0.3552022074613457
78.0 118.0 0.41105731767461057
78.0 120.0 0.44436738270030407
78.0 122.0 0.4523870069533424
78.0 124.0 0.36819823422439174
78.0 126.0 0.0
80.0 0.0 0.0
80.0 2.0 0.0
80.0 4.0 0.0631694618040561
80.0 6.0 0.0
80.0 8.0 0.0
80.0 10.0 0.0
80.0 12.0 0.0
80.0 14.0 0.0
80.0 16.0 0.0
80.0 18.0 0.0
80.0 20.0 0.0
80.0 22.0 0.0
80.0 24.0 0.0
80.0 26.0 0.04542010462390503
80.0 28.0 0.09352158698284424
80.0 30.0 0.11700118012019912
80.0 32.0 0.08509704462779881
80.0 34.0 0.012462324875769114
80.0 36.0 0.0
80.0 38.0 0.0
80.0 40.0 0.0
80.0 42.0 0.0
80.0 44.0 0.0
80.0 46.0 0.0
80.0 48.0 0.0
80.0 50.0 0.0
80.0 52.0 0.0
80.0 54.0 0.0
80.0 56.0 0.0
80.0 58.0 0.008487569366319983
80.0 60.0 0.08810019147322135
80.0 62.0 0.18037398939679136
80.0 64.0 0.2430780779818452
80.0 66.0 0.2759004313616042
80.0 68.0 0.2844999942210478
80.0 70.0 0.27609123502094657
80.0 72.0 0.2466785301378881
80.0 74.0 0.19558456988056125
80.0 76.0 0.1346428646944039
80.0 78.0 0.08400010869765845
80.0 80.0 0.030527224533572758
80.0 82.0 7.159850203196904E-4
80.0 84.0 0.0
80.0 86.0 0.0
80.0 88.0 0.0
80.0 90.0 0.0
80.0 92.0 0.0
80.0 94.0 0.0
80.0 96.0 0.0
80.0 98.0 0.0
80.0 100.0 0.0
80.0 102.0 0.0
80.0 104.0 0.007319578518924664
80.0 106.0 0.041129090997302956
80.0 108.0 0.09159203304339951
80.0 110.0 0.14750816499650055
80.0 112.0 0.21323280248711
80.0 114.0 0.2700880599257898
80.0 116.0 0.33384719483506015
80.0 118.0 0.38937646866798037
80.0 120.0 0.43055829586328204
80.0 122.0 0.432556322552522
80.0 124.0 0.3193344287084387
80.0 126.0 0.0
82.0 0.0 0.0
82.0 2.0 0.0
82.0 4.0 0.11451476018200768
82.0 6.0 0.05830677473625071
82.0 8.0 0.08272805482137781
82.0 10.0 0.06913282745288798
82.0 12.0 0.01382320268452669
82.0 14.0 0.0
82.0 16.0 0.0
82.0 18.0 0.0
82.0 20.0 0.0
82.0 22.0 0.0
82.0 24.0 0.0
82.0 26.0 0.0
82.0 28.0 0.0
82.0 30.0 4.958209522815986E-4
82.0 32.0 0.0015407605352506651
82.0 34.0 0.0
82.0 36.0 0.0
82.0 38.0 0.0
82.0 40.0 0.0
82.0 42.0 0.0
82.0 44.0 0.0
82.0 46.0 0.0
82.0 48.0 0.0
82.0 50.0 0.0
82.0 52.0 0.0
82.0 54.0 0.0
82.0 56.0 0.005831422862103876
82.0 58.0 0.09267018929849664
82.0 60.0 0.1950365779806594
82.0 62.0 0.2822952160159352
82.0 64.0 0.332240172142194
82.0 66.0 0.35558636799244575
82.0 68.0 0.3581879370208952
82.0 70.0 0.3408554508058054
82.0 72.0 0.2989015057080529
82.0 74.0 0.22937651649029864
82.0 76.0 0.15372707642865832
82.0 78.0 0.07877259917229096
82.0 80.0 0.014412616422156846
82.0 82.0 0.0
82.0 84.0 0.0
82.0 86.0 0.0
82.0 88.0 0.0
82.0 90.0 0.0
82.0 92.0 0.0
82.0 94.0 0.0
82.0 96.0 0.0
82.0 98.0 0.0
82.0 100.0 0.0
82.0 102.0 0.0
82.0 104.0 0.0
82.0 106.0 0.02216768498527659
82.0 108.0 0.07015992563169128
82.0 110.0 0.12366737904254758
82.0 112.0 0.17028451678386095
82.0 114.0 0.24884831856662293
82.0 116.0 0.30877621488473456
82.0 118.0 0.3580723472346865
82.0 120.0 0.4031894043101207
82.0 122.0 0.39522099361300533
82.0 124.0 0.26915908460454
82.0 126.0 0.0
84.0 0.0 0.0
84.0 2.0 0.0
84.0 4.0 0.2671363127189023
84.0 6.0 0.24551424291534754
84.0 8.0 0.19673779925628163
84.0 10.0 0.1386398426117593
84.0 12.0 0.046899659526515786
84.0 14.0 0.0015400822360154233
84.0 16.0 0.0
84.0 18.0 0.0
84.0 20.0 0.0
84.0 22.0 0.0
84.0 24.0 0.0
84.0 26.0 0.0
84.0 28.0 0.0
84.0 30.0 0.0
84.0 32.0 0.0
84.0 34.0 0.0
84.0 36.0 0.0
84.0 38.0 0.0
84.0 40.0 0.0
84.0 42.0 0.0
84.0 44.0 0.0
84.0 46.0 0.0
84.0 48.0 0.0
84.0 50.0 0.0
84.0 52.0 0.0
84.0 54.0 9.606525075023926E-4
84.0 56.0 0.05513251652399529
84.0 58.0 0.15765760133647938
84.0 60.0 0.27443586444727047
84.0 62.0 0.339675707792378
84.0 64.0 0.37691006343232597
84.0 66.0 0.3972453833964708
84.0 68.0 0.39737199606866697
84.0 70.0 0.37474580866563095
84.0 72.0 0.3217630521400126
84.0 74.0 0.2469109370990291
84.0 76.0 0.15965550805506804
84.0 78.0 0.06187689815944919
84.0 80.0 0.008990927154270247
84.0 82.0 0.0
84.0 84.0 0.0
84.0 86.0 0.0
84.0 88.0 0.0
84.0 90.0 0.0
84.0 92.0 0.0
84.0 94.0 0.0
84.0 96.0 0.0
84.0 98.0 0.0
84.0 100.0 0.0
84.0 102.0 0.0
84.0 104.0 0.0
84.0 106.0 0.005145270228802726
84.0 108.0 0.040870809707245076
84.0 110.0 0.10088624098926469
84.0 112.0 0.15421790081202252
84.0 114.0 0.19674764440277817
84.0 116.0 0.2768490246411519
84.0 118.0 0.32073907892221626
84.0 120.0 0.3642040727908591
84.0 122.0 0.35692202113669197
84.0 124.0 0.0
84.0 126.0 0.0
86.0 0.0 0.0
86.0 2.0 0.0
86.0 4.0 0.0
86.0 6.0 0.3613574670950865
86.0 8.0 0.26618317335311953
86.0 10.0 0.1910919545844808
86.0 12.0 0.10217667461028652
86.0 14.0 0.01455743834928576
86.0 16.0 0.0
86.0 18.0 0.0
86.0 20.0 0.0
86.0 22.0 0.0
86.0 24.0 0.0
86.0 26.0 0.0
86.0 28.0 0.0
86.0 30.0 0.0
86.0 32.0 0.0
86.0 34.0 0.0
86.0 36.0 0.0
86.0 38.0 0.0
86.0 40.0 0.0
86.0 42.0 0.0
86.0 44.0 0.0
86.0 46.0 3.6299761344418704E-4
86.0 48.0 0.0
86.0 50.0 0.0
86.0 52.0 0.006191962267119968
86.0 54.0 0.029641381961684737
86.0 56.0 0.110300670125259
86.0 58.0 0.19195019427760907
86.0 60.0 0.2889793826959587
86.0 62.0 0.356126338387297
86.0 64.0 0.3925360913282987
86.0 66.0 0.4133104829255831
86.0 68.0 0.41417570691740374
86.0 70.0 0.3896775996668189
86.0 72.0 0.33751537861414244
86.0 74.0 0.2518371496684407
86.0 76.0 0.14361906111746062
86.0 78.0 0.042048975679399865
86.0 80.0 0.004065313809625968
86.0 82.0 0.0
86.0 84.0 0.0
86.0 86.0 0.0
86.0 88.0 0.0
86.0 90.0 0.0
86.0 92.0 0.0
86.0 94.0 0.0
86.0 96.0 0.0
86.0 98.0 0.0
86.0 100.0 0.0
86.0 102.0 0.0
86.0 104.0 0.0
86.0 106.0 0.0
86.0 108.0 0.0035071412282490257
86.0 110.0 0.059962300248202795
86.0 112.0 0.1292740935573269
86.0 114.0 0.17787543464215413
86.0 116.0 0.24277211432366352
86.0 118.0 0.28035252777087916
86.0 120.0 0.3165483651730654
86.0 122.0 0.30832320030403426
86.0 124.0 0.0
86.0 126.0 0.0
88.0 0.0 0.0
88.0 2.0 0.0
88.0 4.0 0.0
88.0 6.0 0.3129955985079859
88.0 8.0 0.24076034084922734
88.0 10.0 0.17760711406947285
88.0 12.0 0.09993626910333882
88.0 14.0 0.01652078210207088
88.0 16.0 0.0
88.0 18.0 0.0
88.0 20.0 0.0
88.0 22.0 0.0
88.0 24.0 0.0
88.0 26.0 0.0
88.0 28.0 0.0
88.0 30.0 0.0
88.0 32.0 0.0
88.0 34.0 0.0
88.0 36.0 0.0
88.0 38.0 0.0
88.0 40.0 0.0
88.0 42.0 0.011988879685905328
88.0 44.0 0.018573222285381604
88.0 46.0 0.022253313129739494
88.0 48.0 0.010343395093431698
88.0 50.0 0.012142888952943636
88.0 52.0 0.022712920567034712
88.0 54.0 0.047988247437035454
88.0 56.0 0.116198290366562
88.0 58.0 0.21789731343799879
88.0 60.0 0.30353385192815335
88.0 62.0 0.3394791878819254
88.0 64.0 0.38177713211406905
88.0 66.0 0.4111347363824958
88.0 68.0 0.45543533018147864
88.0 70.0 0.4443272522258174
88.0 72.0 0.3590339614137233
88.0 74.0 0.22232999585489588
88.0 76.0 0.13108152416194804
88.0 78.0 0.0412278108388997
88.0 80.0 0.0057240098737792846
88.0 82.0 0.0
88.0 84.0 0.0
88.0 86.0 0.0
88.0 88.0 0.0
88.0 90.0 0.0
88.0 92.0 0.0
88.0 94.0 0.0
88.0 96.0 0.0
88.0 98.0 0.0
88.0 100.0 0.0
88.0 102.0 0.0
88.0 104.0 0.0
88.0 106.0 0.0
88.0 108.0 0.0
88.0 110.0 0.022616969918881277
88.0 112.0 0.08970182471921151
88.0 114.0 0.15027806818953435
88.0 116.0 0.20613442492737966
88.0 118.0 0.21511515658505687
88.0 120.0 0.2622911114965959
88.0 122.0 0.24067214844398646
88.0 124.0 0.0
88.0 126.0 0.0
90.0 0.0 0.0
90.0 2.0 0.0
90.0 4.0 0.0
90.0 6.0 0.2137046827491946
90.0 8.0 0.19870643043533623
90.0 10.0 0.1475703819828855
90.0 12.0 0.07932438137058422
90.0 14.0 0.01216749846486582
90.0 16.0 0.0
90.0 18.0 0.0
90.0 20.0 0.0
90.0 22.0 0.0
90.0 24.0 0.0
90.0 26.0 0.0
90.0 28.0 0.0
90.0 30.0 0.0
90.0 32.0 0.0
90.0 34.0 0.008137973464678157
90.0 36.0 0.02782726676009552
90.0 38.0 0.04058798251577291
90.0 40.0 0.05606344242274722
90.0 42.0 0.06043232937158411
90.0 44.0 0.046991447210460065
90.0 46.0 0.04131697702124946
90.0 48.0 0.02749046717037378
90.0 50.0 0.018159447079099802
90.0 52.0 0.01633604500390441
90.0 54.0 0.0303959323860532
90.0 56.0 0.07915795129919942
90.0 58.0 0.16223900880022496
90.0 60.0 0.2470709041250002
90.0 62.0 0.3115839632074016
90.0 64.0 0.3682264720827037
90.0 66.0 0.4291644804729345
90.0 68.0 0.446843742930195
90.0 70.0 0.41464033263724254
90.0 72.0 0.3381742318429776
90.0 74.0 0.19804441092060532
90.0 76.0 0.1137054033962071
90.0 78.0 0.03176998376567445
90.0 80.0 0.002180735699055675
90.0 82.0 0.0
90.0 84.0 0.0
90.0 86.0 0.0
90.0 88.0 0.0
90.0 90.0 0.0
90.0 92.0 0.0
90.0 94.0 0.0
90.0 96.0 0.0
90.0 98.0 0.0
90.0 100.0 0.0
90.0 102.0 0.0
90.0 104.0 0.0
90.0 106.0 0.0
90.0 108.0 0.0
90.0 110.0 0.004060649808381029
90.0 112.0 0.05155647508904689
90.0 114.0 0.11245069472608933
90.0 116.0 0.15356921118803
90.0 118.0 0.1978916565711224
90.0 120.0 0.20243054939330696
90.0 122.0 0.0
90.0 124.0 0.0
90.0 126.0 0.0
92.0 0.0 0.0
92.0 2.0 0.0
92.0 4.0 0.0
92.0 6.0 0.0
92.0 8.0 0.10782857227945149
92.0 10.0 0.11779255078124434
92.0 12.0 0.07680155964445501
92.0 14.0 0.017638568705892883
92.0 16.0 0.0
92.0 18.0 0.0
92.0 20.0 0.0
92.0 22.0 0.0
92.0 24.0 0.0
92.0 26.0 0.0
92.0 28.0 0.0
92.0 30.0 0.0
92.0 32.0 0.0
92.0 34.0 0.03056786177095787
92.0 36.0 0.09218559647356313
92.0 38.0 0.13454367017455096
92.0 40.0 0.16666958155979786
92.0 42.0 0.17751320056109635
92.0 44.0 0.15735800531068567
92.0 46.0 0.10754686766748428
92.0 48.0 0.04544454587574485
92.0 50.0 0.0038560540923646964
92.0 52.0 0.0
92.0 54.0 0.0
92.0 56.0 0.010152762740666529
92.0 58.0 0.07388096867647188
92.0 60.0 0.16249565899739715
92.0 62.0 0.2426982143305668
92.0 64.0 0.30829741291135554
92.0 66.0 0.3775040111544115
92.0 68.0 0.3829235301286426
92.0 70.0 0.3592771957534231
92.0 72.0 0.2892312694949019
92.0 74.0 0.1632041229730744
92.0 76.0 0.08960852406422941
92.0 78.0 0.023718351066527837
92.0 80.0 8.507301755144135E-4
92.0 82.0 0.0
92.0 84.0 0.0
92.0 86.0 0.0
92.0 88.0 0.0
92.0 90.0 0.0
92.0 92.0 0.0
92.0 94.0 0.0
92.0 96.0 0.0
92.0 98.0 0.0
92.0 100.0 0.0
92.0 102.0 0.0
92.0 104.0 0.0
92.0 106.0 0.0
92.0 108.0 0.0
92.0 110.0 0.0
92.0 112.0 0.022108378644197835
92.0 114.0 0.07432435129831848
92.0 116.0 0.1116339117074049
92.0 118.0 0.1410620066222725
92.0 120.0 0.13067144635808572
92.0 122.0 0.0
92.0 124.0 0.0
92.0 126.0 0.0
94.0 0.0 0.0
94.0 2.0 0.0
94.0 4.0 0.0
94.0 6.0 0.0
94.0 8.0 0.03492199656395899
94.0 10.0 0.058587732733815755
94.0 12.0 0.03384814233994283
94.0 14.0 0.004303431078395268
94.0 16.0 0.0
94.0 18.0 0.0
94.0 20.0 0.0
94.0 22.0 0.0
94.0 24.0 0.0
94.0 26.0 0.0
94.0 28.0 0.0
94.0 30.0 0.0
94.0 32.0 0.005966942284250578
94.0 34.0 0.07133604204769182
94.0 36.0 0.16785172659160932
94.0 38.0 0.2390885288597706
94.0 40.0 0.28980709645741204
94.0 42.0 0.31356168040063387
94.0 44.0 0.2797171431448262
94.0 46.0 0.18712272793450124
94.0 48.0 0.05454596756756266
94.0 50.0 6.403507374893938E-4
94.0 52.0 0.0
94.0 54.0 0.0
94.0 56.0 0.0
94.0 58.0 0.006117075614237762
94.0 60.0 0.06556986052538609
94.0 62.0 0.14581377702272433
94.0 64.0 0.21902938979518286
94.0 66.0 0.270628834158086
94.0 68.0 0.2770397100244221
94.0 70.0 0.25842104387458426
94.0 72.0 0.20257874713949056
94.0 74.0 0.10071666726708901
94.0 76.0 0.05326324489925575
94.0 78.0 0.014749772526637178
94.0 80.0 0.0
94.0 82.0 0.0
94.0 84.0 0.0
94.0 86.0 0.0
94.0 88.0 0.0
94.0 90.0 0.0
94.0 92.0 0.0
94.0 94.0 0.0
94.0 96.0 0.0
94.0 98.0 0.0
94.0 100.0 0.0
94.0 102.0 0.0
94.0 104.0 0.0
94.0 106.0 0.0
94.0 108.0 0.0
94.0 110.0 0.0
94.0 112.0 0.0057038542438979075
94.0 114.0 0.04740375048741028
94.0 116.0 0.07225462377829707
94.0 118.0 0.06642132898092375
94.0 120.0 0.0
94.0 122.0 0.0
94.0 124.0 0.0
94.0 126.0 0.0
96.0 0.0 0.0
96.0 2.0 0.0
96.0 4.0 0.0
96.0 6.0 0.0
96.0 8.0 0.0
96.0 10.0 0.011320302485151763
96.0 12.0 0.0
96.0 14.0 0.0
96.0 16.0 0.0
96.0 18.0 0.0
96.0 20.0 0.0
96.0 22.0 0.0
96.0 24.0 0.0
96.0 26.0 0.0
96.0 28.0 0.0
96.0 30.0 0.0
96.0 32.0 0.029954744154064624
96.0 34.0 0.12183954235729995
96.0 36.0 0.24450603340425117
96.0 38.0 0.33324687512584633
96.0 40.0 0.3988433834590573
96.0 42.0 0.41726136739323433
96.0 44.0 0.3676538882791716
96.0 46.0 0.2486259189655365
96.0 48.0 0.07744449374978994
96.0 50.0 0.0050408260874522945
96.0 52.0 0.0
96.0 54.0 0.0
96.0 56.0 0.0
96.0 58.0 0.0
96.0 60.0 0.0
96.0 62.0 0.019009500383078994
96.0 64.0 0.09481605493968277
96.0 66.0 0.13854239136684435
96.0 68.0 0.1557425675595331
96.0 70.0 0.1500071839868897
96.0 72.0 0.1228626289603706
96.0 74.0 0.06137250907108042
96.0 76.0 0.01386597743396776
96.0 78.0 0.0
96.0 80.0 0.0
96.0 82.0 0.0
96.0 84.0 0.0
96.0 86.0 0.0
96.0 88.0 0.0
96.0 90.0 0.0
96.0 92.0 0.0
96.0 94.0 0.0
96.0 96.0 0.0
96.0 98.0 0.0
96.0 100.0 0.0
96.0 102.0 0.0
96.0 104.0 0.0
96.0 106.0 0.0
96.0 108.0 0.0
96.0 110.0 0.0
96.0 112.0 1.1729642621694822E-4
96.0 114.0 0.01709336254858315
96.0 116.0 0.02509262633768664
96.0 118.0 0.007952470820635655
96.0 120.0 0.0
96.0 122.0 0.0
96.0 124.0 0.0
96.0 126.0 0.0
98.0 0.0 0.0
98.0 2.0 0.0
98.0 4.0 0.0
98.0 6.0 0.0
98.0 8.0 0.0
98.0 10.0 0.0
98.0 12.0 0.0016126721737021457
98.0 14.0 0.0
98.0 16.0 0.0
98.0 18.0 0.0
98.0 20.0 0.0
98.0 22.0 0.0
98.0 24.0 0.0
98.0 26.0 0.0
98.0 28.0 0.0
98.0 30.0 0.003037931510507878
98.0 32.0 0.05925292214861925
98.0 34.0 0.16641968301206997
98.0 36.0 0.30434326181522153
98.0 38.0 0.4125865352817817
98.0 40.0 0.47491785128733377
98.0 42.0 0.4763725148796523
98.0 44.0 0.40842380309359577
98.0 46.0 0.2719818540476836
98.0 48.0 0.08534855960488207
98.0 50.0 0.0074306060714329596
98.0 52.0 0.0
98.0 54.0 0.0
98.0 56.0 0.0
98.0 58.0 0.0
98.0 60.0 0.0
98.0 62.0 0.0
98.0 64.0 0.0
98.0 66.0 0.01699552082829001
98.0 68.0 0.04941100864723483
98.0 70.0 0.07236131220139931
98.0 72.0 0.047134328393214416
98.0 74.0 0.013183377623597227
98.0 76.0 3.558106227145825E-5
98.0 78.0 0.0
98.0 80.0 0.0
98.0 82.0 0.0
98.0 84.0 0.0
98.0 86.0 0.0
98.0 88.0 0.0
98.0 90.0 0.0
98.0 92.0 0.0
98.0 94.0 0.0
98.0 96.0 0.0
98.0 98.0 0.0
98.0 100.0 0.0
98.0 102.0 0.0
98.0 104.0 0.0
98.0 106.0 0.0
98.0 108.0 0.0
98.0 110.0 0.0
98.0 112.0 0.0
98.0 114.0 0.0015434746606282788
98.0 116.0 0.0025400911503668604
98.0 118.0 0.0
98.0 120.0 0.0
98.0 122.0 0.0
98.0 124.0 0.0
98.0 126.0 0.0
100.0 0.0 0.0
100.0 2.0 0.0
100.0 4.0 0.0
100.0 6.0 0.0
100.0 8.0 0.0
100.0 10.0 0.0
100.0 12.0 0.0
100.0 14.0 0.0
100.0 16.0 0.0
100.0 18.0 0.0
100.0 20.0 0.0
100.0 22.0 0.0
100.0 24.0 0.0
100.0 26.0 0.0
100.0 28.0 0.0
100.0 30.0 0.002648523853789883
100.0 32.0 0.07522609822387845
100.0 34.0 0.23079896795305
100.0 36.0 0.3467564986477176
100.0 38.0 0.4668670956112179
100.0 40.0 0.5200190147644607
100.0 42.0 0.5017905723169017
100.0 44.0 0.4167518518508589
100.0 46.0 0.2615064853302489
100.0 48.0 0.07777855517600224
100.0 50.0 0.008222389183959337
100.0 52.0 0.0
100.0 54.0 0.0
100.0 56.0 0.0
100.0 58.0 0.0
100.0 60.0 0.0
100.0 62.0 0.0
100.0 64.0 0.0
100.0 66.0 0.0
100.0 68.0 0.0
100.0 70.0 0.02198423481956242
100.0 72.0 0.010161131568382376
100.0 74.0 0.0
100.0 76.0 0.0
100.0 78.0 0.0
100.0 80.0 0.0
100.0 82.0 0.0
100.0 84.0 0.0
100.0 86.0 0.0
100.0 88.0 0.0
100.0 90.0 0.0
100.0 92.0 0.0
100.0 94.0 0.0
100.0 96.0 0.0
100.0 98.0 0.0
100.0 100.0 0.0
100.0 102.0 0.0
100.0 104.0 0.0
100.0 106.0 0.0
100.0 108.0 0.0
100.0 110.0 0.0
100.0 112.0 0.0
100.0 114.0 0.0
100.0 116.0 0.0
100.0 118.0 0.0
100.0 120.0 0.0
100.0 122.0 0.0
100.0 124.0 0.0
100.0 126.0 0.0
102.0 0.0 0.0
102.0 2.0 0.0
102.0 4.0 0.0
102.0 6.0 0.0
102.0 8.0 0.0
102.0 10.0 0.0
102.0 12.0 0.0
102.0 14.0 0.0
102.0 16.0 0.0
102.0 18.0 0.0
102.0 20.0 0.0
102.0 22.0 0.0
102.0 24.0 0.0
102.0 26.0 0.0
102.0 28.0 0.0
102.0 30.0 0.013666958774015076
102.0 32.0 0.12224788341731103
102.0 34.0 0.24461396433648017
102.0 36.0 0.4126842773513944
102.0 38.0 0.5042736643018012
102.0 40.0 0.5407008861554378
102.0 42.0 0.5057372489041568
102.0 44.0 0.40312975604484325
102.0 46.0 0.2378892904534091
102.0 48.0 0.0643764078004669
102.0 50.0 0.006188288081886138
102.0 52.0 0.0
102.0 54.0 0.0
102.0 56.0 0.0
102.0 58.0 0.0
102.0 60.0 0.0
102.0 62.0 0.0
102.0 64.0 0.0
102.0 66.0 0.0
102.0 68.0 0.0
102.0 70.0 3.936881988077776E-5
102.0 72.0 2.440719567366554E-4
102.0 74.0 0.0
102.0 76.0 0.0
102.0 78.0 0.0
102.0 80.0 0.0
102.0 82.0 0.0
102.0 84.0 0.0
102.0 86.0 0.0
102.0 88.0 0.0
102.0 90.0 0.0
102.0 92.0 0.0
102.0 94.0 0.004672213701165028
102.0 96.0 0.0
102.0 98.0 0.0
102.0 100.0 0.0
102.0 102.0 0.0
102.0 104.0 0.0
102.0 106.0 0.0
102.0 108.0 0.0
102.0 110.0 0.0
102.0 112.0 0.0
102.0 114.0 0.0
102.0 116.0 0.0
102.0 118.0 0.0
102.0 120.0 0.0
102.0 122.0 0.0
102.0 124.0 0.0
102.0 126.0 0.0
104.0 0.0 0.0
104.0 2.0 0.0
104.0 4.0 0.0
104.0 6.0 0.0
104.0 8.0 0.0
104.0 10.0 0.0
104.0 12.0 0.0
104.0 14.0 0.0
104.0 16.0 0.0
104.0 18.0 0.0
104.0 20.0 0.0
104.0 22.0 0.0
104.0 24.0 0.0
104.0 26.0 0.0
104.0 28.0 0.0
104.0 30.0 0.021501342843544612
104.0 32.0 0.1575853357655129
104.0 34.0 0.289671264350515
104.0 36.0 0.44665104033068137
104.0 38.0 0.5248592454762144
104.0 40.0 0.5494002257847146
104.0 42.0 0.4968125222235063
104.0 44.0 0.3808414188718648
104.0 46.0 0.2074428771250668
104.0 48.0 0.05123097029455506
104.0 50.0 0.004062345135724186
104.0 52.0 0.0
104.0 54.0 0.0
104.0 56.0 0.0
104.0 58.0 0.0
104.0 60.0 0.0
104.0 62.0 0.0
104.0 64.0 0.0
104.0 66.0 0.0
104.0 68.0 0.0
104.0 70.0 0.001239265214362605
104.0 72.0 5.193123405345007E-4
104.0 74.0 0.0
104.0 76.0 0.0
104.0 78.0 0.0
104.0 80.0 0.0
104.0 82.0 0.015396340736772617
104.0 84.0 0.028379766184775005
104.0 86.0 0.032645600115155
104.0 88.0 0.031006604934982484
104.0 90.0 0.014810230940877201
104.0 92.0 0.04983470774671936
104.0 94.0 0.0580464377837522
104.0 96.0 0.03086458511548615
104.0 98.0 0.0
104.0 100.0 0.0
104.0 102.0 0.0
104.0 104.0 0.0
104.0 106.0 0.0
104.0 108.0 0.0
104.0 110.0 0.0
104.0 112.0 0.0
104.0 114.0 0.0
104.0 116.0 0.0
104.0 118.0 0.0
104.0 120.0 0.0
104.0 122.0 0.0
104.0 124.0 0.0
104.0 126.0 0.0
106.0 0.0 0.0
106.0 2.0 0.0
106.0 4.0 0.0
106.0 6.0 0.0
106.0 8.0 0.0
106.0 10.0 0.0
106.0 12.0 0.0
106.0 14.0 0.0
106.0 16.0 0.0
106.0 18.0 0.0
106.0 20.0 0.0
106.0 22.0 0.0
106.0 24.0 0.0
106.0 26.0 0.0
106.0 28.0 0.0
106.0 30.0 0.029218948891019187
106.0 32.0 0.17134192015880703
106.0 34.0 0.300682173878064
106.0 36.0 0.4454166541162778
106.0 38.0 0.538301483476314
106.0 40.0 0.5494905834974784
106.0 42.0 0.4803131465882537
106.0 44.0 0.3515904103119372
106.0 46.0 0.1741639416358596
106.0 48.0 0.037899032217338764
106.0 50.0 0.002611706948097672
106.0 52.0 0.0
106.0 54.0 0.0
106.0 56.0 0.0
106.0 58.0 0.0
106.0 60.0 0.0
106.0 62.0 0.0
106.0 64.0 0.0
106.0 66.0 0.0
106.0 68.0 0.0
106.0 70.0 0.002154598190623213
106.0 72.0 0.012660387846266245
106.0 74.0 0.010923941771172903
106.0 76.0 0.0
106.0 78.0 0.0
106.0 80.0 0.0
106.0 82.0 0.033764516616426134
106.0 84.0 0.056864892303318544
106.0 86.0 0.05908882956796801
106.0 88.0 0.0696727819569871
106.0 90.0 0.05810496888807331
106.0 92.0 0.09678567702228097
106.0 94.0 0.09629148759366275
106.0 96.0 0.07284258660873509
106.0 98.0 0.016904761910977513
106.0 100.0 0.0
106.0 102.0 0.0
106.0 104.0 0.0
106.0 106.0 0.0
106.0 108.0 0.0
106.0 110.0 0.0
106.0 112.0 0.0
106.0 114.0 0.0
106.0 116.0 0.0
106.0 118.0 0.0
106.0 120.0 0.0
106.0 122.0 0.0
106.0 124.0 0.0
106.0 126.0 0.0
108.0 0.0 0.0
108.0 2.0 0.0
108.0 4.0 0.0
108.0 6.0 0.0
108.0 8.0 0.0
108.0 10.0 0.0
108.0 12.0 0.0
108.0 14.0 0.0
108.0 16.0 0.0
108.0 18.0 0.0
108.0 20.0 0.0
108.0 22.0 0.0
108.0 24.0 0.0
108.0 26.0 0.0
108.0 28.0 0.0
108.0 30.0 0.0461447058431164
108.0 32.0 0.16562246868384006
108.0 34.0 0.30364376998451553
108.0 36.0 0.42554429858648435
108.0 38.0 0.49269400557391885
108.0 40.0 0.5088638043395618
108.0 42.0 0.44359065918850954
108.0 44.0 0.3171267208882084
108.0 46.0 0.1471124841202506
108.0 48.0 0.028366191231494576
108.0 50.0 0.0
108.0 52.0 0.0
108.0 54.0 0.0
108.0 56.0 0.0
108.0 58.0 0.0
108.0 60.0 0.0
108.0 62.0 0.0
108.0 64.0 0.0
108.0 66.0 0.0
108.0 68.0 0.0
108.0 70.0 0.0015445196076757607
108.0 72.0 0.027759379226884828
108.0 74.0 0.03659002990054199
108.0 76.0 0.013064892294282269
108.0 78.0 0.0013577098330516274
108.0 80.0 0.0
108.0 82.0 0.042636856229245866
108.0 84.0 0.07201311574974088
108.0 86.0 0.07299404230291484
108.0 88.0 0.088683242304955
108.0 90.0 0.09112256274655221
108.0 92.0 0.10473723018637716
108.0 94.0 0.11090838038504051
108.0 96.0 0.09617966027383644
108.0 98.0 0.014710574946944189
108.0 100.0 0.0
108.0 102.0 0.0
108.0 104.0 0.0
108.0 106.0 0.0
108.0 108.0 0.0
108.0 110.0 0.0
108.0 112.0 0.0
108.0 114.0 0.0
108.0 116.0 0.0
108.0 118.0 0.0
108.0 120.0 0.0
108.0 122.0 0.0
108.0 124.0 0.0
108.0 126.0 0.0
110.0 0.0 0.0
110.0 2.0 0.0
110.0 4.0 0.0
110.0 6.0 0.0
110.0 8.0 0.0
110.0 10.0 0.0
110.0 12.0 0.0
110.0 14.0 0.0
110.0 16.0 0.0
110.0 18.0 0.0
110.0 20.0 0.0
110.0 22.0 0.0
110.0 24.0 0.0
110.0 26.0 0.0
110.0 28.0 0.0
110.0 30.0 0.008150385391125876
110.0 32.0 0.12267164345845387
110.0 34.0 0.2727535360615702
110.0 36.0 0.45743676434629205
110.0 38.0 0.5282177954057451
110.0 40.0 0.48208094626598746
110.0 42.0 0.41230632476382084
110.0 44.0 0.286017885101308
110.0 46.0 0.12129432019951802
110.0 48.0 0.020876365104350827
110.0 50.0 0.0
110.0 52.0 0.0
110.0 54.0 0.0
110.0 56.0 0.0
110.0 58.0 0.0
110.0 60.0 0.0
110.0 62.0 0.0
110.0 64.0 0.0
110.0 66.0 0.0
110.0 68.0 0.0
110.0 70.0 0.005445414568187549
110.0 72.0 0.04551579499356986
110.0 74.0 0.06907441644649324
110.0 76.0 0.04784047127555339
110.0 78.0 0.020246754669882825
110.0 80.0 0.013405067505791636
110.0 82.0 0.0443271552544042
110.0 84.0 0.0826735490986235
110.0 86.0 0.08557355324046988
110.0 88.0 0.09366906699806658
110.0 90.0 0.09274099824046815
110.0 92.0 0.09499407670246847
110.0 94.0 0.1075453873322752
110.0 96.0 0.08313294572986472
110.0 98.0 0.004738909839422142
110.0 100.0 0.0
110.0 102.0 0.0
110.0 104.0 0.0
110.0 106.0 0.0
110.0 108.0 0.0
110.0 110.0 0.0
110.0 112.0 0.0
110.0 114.0 0.0
110.0 116.0 0.0
110.0 118.0 0.0
110.0 120.0 0.0
110.0 122.0 0.0
110.0 124.0 0.0
110.0 126.0 0.0
112.0 0.0 0.0
112.0 2.0 0.0
112.0 4.0 0.0
112.0 6.0 0.0
112.0 8.0 0.0
112.0 10.0 0.0
112.0 12.0 0.0
112.0 14.0 0.0
112.0 16.0 0.0
112.0 18.0 0.0
112.0 20.0 0.0
112.0 22.0 0.0
112.0 24.0 0.0
112.0 26.0 0.0
112.0 28.0 0.0
112.0 30.0 0.0020494243891293925
112.0 32.0 0.08205606137616638
112.0 34.0 0.22149257267313097
112.0 36.0 0.3597424833507574
112.0 38.0 0.4320789394257485
112.0 40.0 0.4208972649532196
112.0 42.0 0.36832893922200577
112.0 44.0 0.25552820159905126
112.0 46.0 0.10687096215700688
112.0 48.0 0.017266864667276463
112.0 50.0 0.0
112.0 52.0 0.0
112.0 54.0 0.0
112.0 56.0 0.0
112.0 58.0 0.0
112.0 60.0 0.0
112.0 62.0 0.0
112.0 64.0 0.0
112.0 66.0 0.0
112.0 68.0 0.0
112.0 70.0 0.0010403596290945894
112.0 72.0 0.06590171595176901
112.0 74.0 0.09735734008056725
112.0 76.0 0.08598650875100654
112.0 78.0 0.05377776890170729
112.0 80.0 0.038104275545443704
112.0 82.0 0.05006534780140647
112.0 84.0 0.08387930438787156
112.0 86.0 0.08482354018070327
112.0 88.0 0.07691856815046817
112.0 90.0 0.08077758549009097
112.0 92.0 0.06065107875726523
112.0 94.0 0.05860667705480969
112.0 96.0 0.022497642117013997
112.0 98.0 0.0
112.0 100.0 0.0
112.0 102.0 0.0
112.0 104.0 0.0
112.0 106.0 0.0
112.0 108.0 0.0
112.0 110.0 0.0
112.0 112.0 0.0
112.0 114.0 0.0
112.0 116.0 0.0
112.0 118.0 0.0
112.0 120.0 0.0
112.0 122.0 0.0
112.0 124.0 0.0
112.0 126.0 0.0
114.0 0.0 0.0
114.0 2.0 0.0
114.0 4.0 0.0
114.0 6.0 0.0
114.0 8.0 0.0
114.0 10.0 0.0
114.0 12.0 0.0
114.0 14.0 0.0
114.0 16.0 0.0
114.0 18.0 0.0
114.0 20.0 0.0
114.0 22.0 0.0
114.0 24.0 0.0
114.0 26.0 0.0
114.0 28.0 0.0
114.0 30.0 0.0
114.0 32.0 0.04444406946322218
114.0 34.0 0.15993093162008207
114.0 36.0 0.28838417288294066
114.0 38.0 0.36339937578719916
114.0 40.0 0.36093683739353666
114.0 42.0 0.32671038479256126
114.0 44.0 0.22907958221141436
114.0 46.0 0.09698917255060995
114.0 48.0 0.014605588660566103
114.0 50.0 0.0
114.0 52.0 0.0
114.0 54.0 0.0
114.0 56.0 0.0
114.0 58.0 0.0
114.0 60.0 0.0
114.0 62.0 0.0
114.0 64.0 0.0
114.0 66.0 0.0
114.0 68.0 0.0
114.0 70.0 0.0015831292284026663
114.0 72.0 0.05942540141096748
114.0 74.0 0.10748713484549312
114.0 76.0 0.12293709049509843
114.0 78.0 0.09493153558156957
114.0 80.0 0.06968326161068668
114.0 82.0 0.05056832128240007
114.0 84.0 0.08146254666748438
114.0 86.0 0.07744061227769354
114.0 88.0 0.060249797268579375
114.0 90.0 0.05578770301513525
114.0 92.0 0.012781691582234196
114.0 94.0 0.0
114.0 96.0 0.0
114.0 98.0 0.0
114.0 100.0 0.0
114.0 102.0 0.0
114.0 104.0 0.0
114.0 106.0 0.0
114.0 108.0 0.0
114.0 110.0 0.0
114.0 112.0 0.0
114.0 114.0 0.0
114.0 116.0 0.0
114.0 118.0 0.0
114.0 120.0 0.0
114.0 122.0 0.0
114.0 124.0 0.0
114.0 126.0 0.0
116.0 0.0 0.0
116.0 2.0 0.0
116.0 4.0 0.0
116.0 6.0 0.0
116.0 8.0 0.0
116.0 10.0 0.0
116.0 12.0 0.0
116.0 14.0 0.0
116.0 16.0 0.0
116.0 18.0 0.0
116.0 20.0 0.0
116.0 22.0 0.0
116.0 24.0 0.0
116.0 26.0 0.0
116.0 28.0 0.0
116.0 30.0 0.0
116.0 32.0 0.018523760204241093
116.0 34.0 0.10975917389821578
116.0 36.0 0.24514967903044269
116.0 38.0 0.316732847512481
116.0 40.0 0.317553601851083
116.0 42.0 0.2902512150318222
116.0 44.0 0.2035198375648967
116.0 46.0 0.08489200779643123
116.0 48.0 0.011156390927126204
116.0 50.0 0.0
116.0 52.0 0.0
116.0 54.0 0.0
116.0 56.0 0.0
116.0 58.0 0.0
116.0 60.0 0.0
116.0 62.0 0.0
116.0 64.0 0.0
116.0 66.0 0.0
116.0 68.0 0.0
116.0 70.0 0.014015323059296361
116.0 72.0 0.05778298607048655
116.0 74.0 0.10170142590122559
116.0 76.0 0.1293692593666815
116.0 78.0 0.13812731190472635
116.0 80.0 0.10584869408801352
116.0 82.0 0.06594976153672537
116.0 84.0 0.07566252804858649
116.0 86.0 0.06909031483032127
116.0 88.0 0.044674419717791354
116.0 90.0 0.029263503918075928
116.0 92.0 0.0031327001854618733
116.0 94.0 0.0
116.0 96.0 0.0
116.0 98.0 0.0
116.0 100.0 0.0
116.0 102.0 0.0
116.0 104.0 0.0
116.0 106.0 0.0
116.0 108.0 0.0
116.0 110.0 0.0
116.0 112.0 0.0
116.0 114.0 0.0
116.0 116.0 0.0
116.0 118.0 0.0
116.0 120.0 0.0
116.0 122.0 0.0
116.0 124.0 0.0
116.0 126.0 0.0
118.0 0.0 0.0
118.0 2.0 0.0
118.0 4.0 0.0
118.0 6.0 0.0
118.0 8.0 0.0
118.0 10.0 0.0
118.0 12.0 0.0
118.0 14.0 0.0
118.0 16.0 0.0
118.0 18.0 0.0
118.0 20.0 0.0
118.0 22.0 0.0
118.0 24.0 0.0
118.0 26.0 0.0
118.0 28.0 0.0
118.0 30.0 0.0
118.0 32.0 0.003212773527019096
118.0 34.0 0.05186695339523196
118.0 36.0 0.13246567627051817
118.0 38.0 0.2191508217409627
118.0 40.0 0.2629812996625013
118.0 42.0 0.23226457012476306
118.0 44.0 0.17962146899675005
118.0 46.0 0.08488215475245309
118.0 48.0 0.011343252919291011
118.0 50.0 0.0
118.0 52.0 0.0
118.0 54.0 0.0
118.0 56.0 0.0
118.0 58.0 0.0
118.0 60.0 0.0
118.0 62.0 0.0
118.0 64.0 0.0
118.0 66.0 0.0
118.0 68.0 0.0
118.0 70.0 0.011968256955640732
118.0 72.0 0.06793637480304181
118.0 74.0 0.11446101413689512
118.0 76.0 0.14616438825450284
118.0 78.0 0.16528420683527514
118.0 80.0 0.14804019015677874
118.0 82.0 0.10053925099634221
118.0 84.0 0.07303304885793421
118.0 86.0 0.04684788577108998
118.0 88.0 0.019887451488015396
118.0 90.0 0.0036277578287567543
118.0 92.0 0.0
118.0 94.0 0.0
118.0 96.0 0.0
118.0 98.0 0.0
118.0 100.0 0.0
118.0 102.0 0.0
118.0 104.0 0.0
118.0 106.0 0.0
118.0 108.0 0.0
118.0 110.0 0.0
118.0 112.0 0.0
118.0 114.0 0.0
118.0 116.0 0.0
118.0 118.0 0.0
118.0 120.0 0.0
118.0 122.0 0.0
118.0 124.0 0.0
118.0 126.0 0.0
120.0 0.0 0.0
120.0 2.0 0.0
120.0 4.0 0.0
120.0 6.0 0.0
120.0 8.0 0.0
120.0 10.0 0.0
120.0 12.0 0.0
120.0 14.0 0.0
120.0 16.0 0.0
120.0 18.0 0.0
120.0 20.0 0.0
120.0 22.0 0.0
120.0 24.0 0.0
120.0 26.0 0.0
120.0 28.0 0.0
120.0 30.0 0.0
120.0 32.0 0.0
120.0 34.0 0.0
120.0 36.0 0.011393691317398444
120.0 38.0 0.08373742793833523
120.0 40.0 0.153507686530124
120.0 42.0 0.17113936783948522
120.0 44.0 0.1356603489524031
120.0 46.0 0.07043905023563456
120.0 48.0 0.009002131612385547
120.0 50.0 0.0
120.0 52.0 0.0
120.0 54.0 0.0
120.0 56.0 0.0
120.0 58.0 0.0
120.0 60.0 0.0
120.0 62.0 0.0
120.0 64.0 0.0
120.0 66.0 0.0
120.0 68.0 0.0
120.0 70.0 0.020436272450572137
120.0 72.0 0.0777817105930412
120.0 74.0 0.12661093471618198
120.0 76.0 0.159534549146085
120.0 78.0 0.1724312458799289
120.0 80.0 0.17823435319755546
120.0 82.0 0.1310096780749225
120.0 84.0 0.0706215468222872
120.0 86.0 0.023024230826066295
120.0 88.0 0.0017050677791158617
120.0 90.0 0.0
120.0 92.0 0.0
120.0 94.0 0.0
120.0 96.0 0.0
120.0 98.0 0.0
120.0 100.0 0.0
120.0 102.0 0.0
120.0 104.0 0.0
120.0 106.0 0.0
120.0 108.0 0.0
120.0 110.0 0.0
120.0 112.0 0.0
120.0 114.0 0.0
120.0 116.0 0.0
120.0 118.0 0.0
120.0 120.0 0.0
120.0 122.0 0.0
120.0 124.0 0.0
120.0 126.0 0.0
122.0 0.0 0.0
122.0 2.0 0.0
122.0 4.0 0.0
122.0 6.0 0.0
122.0 8.0 0.0
122.0 10.0 0.0
122.0 12.0 0.0
122.0 14.0 0.0
122.0 16.0 0.0
122.0 18.0 0.0
122.0 20.0 0.0
122.0 22.0 0.0
122.0 24.0 0.0
122.0 26.0 0.0
122.0 28.0 0.0
122.0 30.0 0.0
122.0 32.0 0.0
122.0 34.0 0.0
122.0 36.0 0.0
122.0 38.0 0.0
122.0 40.0 0.0
122.0 42.0 0.013227664737677752
122.0 44.0 0.03473128706826405
122.0 46.0 0.013271313457644802
122.0 48.0 4.0167675178284784E-4
122.0 50.0 0.0
122.0 52.0 0.0
122.0 54.0 0.0
122.0 56.0 0.0
122.0 58.0 0.0
122.0 60.0 0.0
122.0 62.0 0.0
122.0 64.0 0.0
122.0 66.0 0.0
122.0 68.0 0.0
122.0 70.0 0.028725121499633435
122.0 72.0 0.08931229068494027
122.0 74.0 0.135022215629064
122.0 76.0 0.16579753279068107
122.0 78.0 0.17678633776206887
122.0 80.0 0.19063447287366467
122.0 82.0 0.1463944041855312
122.0 84.0 0.07294371523747847
122.0 86.0 0.012043670684057603
122.0 88.0 0.0
122.0 90.0 0.0
122.0 92.0 0.0
122.0 94.0 0.0
122.0 96.0 0.0
122.0 98.0 0.0
122.0 100.0 0.0
122.0 102.0 0.0
122.0 104.0 0.0
122.0 106.0 0.0
122.0 108.0 0.0
122.0 110.0 0.0
122.0 112.0 0.0
122.0 114.0 0.0
122.0 116.0 0.0
122.0 118.0 0.0
122.0 120.0 0.0
122.0 122.0 0.0
122.0 124.0 0.0
122.0 126.0 0.0
124.0 0.0 0.0
124.0 2.0 0.0
124.0 4.0 0.0
124.0 6.0 0.0
124.0 8.0 0.0
124.0 10.0 0.0
124.0 12.0 0.0
124.0 14.0 0.0
124.0 16.0 0.0
124.0 18.0 0.0
124.0 20.0 0.0
124.0 22.0 0.0
124.0 24.0 0.0
124.0 26.0 0.0
124.0 28.0 0.0
124.0 30.0 0.0
124.0 32.0 0.0
124.0 34.0 0.0
124.0 36.0 0.0
124.0 38.0 0.0
124.0 40.0 0.0
124.0 42.0 0.0
124.0 44.0 0.0
124.0 46.0 0.0
124.0 48.0 0.0
124.0 50.0 0.0
124.0 52.0 0.0
124.0 54.0 0.0
124.0 56.0 0.0
124.0 58.0 0.0
124.0 60.0 0.0
124.0 62.0 0.0
124.0 64.0 0.0
124.0 66.0 0.0
124.0 68.0 0.0
124.0 70.0 0.03335021528432553
124.0 72.0 0.09719109824953721
124.0 74.0 0.14223327746161687
124.0 76.0 0.17232969078581742
124.0 78.0 0.1766578201530643
124.0 80.0 0.18518087741684072
124.0 82.0 0.15849833532250235
124.0 84.0 0.0
124.0 86.0 0.0
124.0 88.0 0.0
124.0 90.0 0.0
124.0 92.0 0.0
124.0 94.0 0.0
124.0 96.0 0.0
124.0 98.0 0.0
124.0 100.0 0.0
124.0 102.0 0.0
124.0 104.0 0.0
124.0 106.0 0.0
124.0 108.0 0.0
124.0 110.0 0.0
124.0 112.0 0.0
124.0 114.0 0.0
124.0 116.0 0.0
124.0 118.0 0.0
124.0 120.0 0.0
124.0 122.0 0.0
124.0 124.0 0.0
124.0 126.0 0.0
126.0 0.0 0.0
126.0 2.0 0.0
126.0 4.0 0.0
126.0 6.0 0.0
126.0 8.0 0.0
126.0 10.0 0.0
126.0 12.0 0.0
126.0 14.0 0.0
126.0 16.0 0.0
126.0 18.0 0.0
126.0 20.0 0.0
126.0 22.0 0.0
126.0 24.0 0.0
126.0 26.0 0.0
126.0 28.0 0.0
126.0 30.0 0.0
126.0 32.0 0.0
126.0 34.0 0.0
126.0 36.0 0.0
126.0 38.0 0.0
126.0 40.0 0.0
126.0 42.0 0.0
126.0 44.0 0.0
126.0 46.0 0.0
126.0 48.0 0.0
126.0 50.0 0.0
126.0 52.0 0.0
126.0 54.0 0.01900869832888728
126.0 56.0 0.0
126.0 58.0 0.0
126.0 60.0 0.0
126.0 62.0 0.0
126.0 64.0 0.0
126.0 66.0 0.003084273188162158
126.0 68.0 0.011981981789775609
126.0 70.0 0.054412300260633234
126.0 72.0 0.10682211016891524
126.0 74.0 0.14581775772175395
126.0 76.0 0.0
126.0 78.0 0.0
126.0 80.0 0.0
126.0 82.0 0.0
126.0 84.0 0.0
126.0 86.0 0.0
126.0 88.0 0.0
126.0 90.0 0.0
126.0 92.0 0.0
126.0 94.0 0.0
126.0 96.0 0.0
126.0 98.0 0.0
126.0 100.0 0.0
126.0 102.0 0.0
126.0 104.0 0.0
126.0 106.0 0.0
126.0 108.0 0.0
126.0 110.0 0.0
126.0 112.0 0.0
126.0 114.0 0.0
126.0 116.0 0.0
126.0 118.0 0.0
126.0 120.0 0.0
126.0 122.0 0.0
126.0 124.0 0.0
126.0 126.0 0.0
