0.0 0.0 0.0
0.0 2.0 0.0
0.0 4.0 0.0
0.0 6.0 0.0
0.0 8.0 0.0
0.0 10.0 0.0
0.0 12.0 0.0
0.0 14.0 0.0
0.0 16.0 0.0
0.0 18.0 0.0
0.0 20.0 0.0
0.0 22.0 0.0
0.0 24.0 0.0
0.0 26.0 0.0
0.0 28.0 0.0
0.0 30.0 0.0
0.0 32.0 0.0
0.0 34.0 0.0
0.0 36.0 0.0
0.0 38.0 0.0
0.0 40.0 0.0
0.0 42.0 0.0
0.0 44.0 0.0
0.0 46.0 0.0
0.0 48.0 0.0
0.0 50.0 0.0
0.0 52.0 0.0
0.0 54.0 0.0
0.0 56.0 0.0
0.0 58.0 0.0
0.0 60.0 0.0
0.0 62.0 0.0
0.0 64.0 0.0
0.0 66.0 0.0
0.0 68.0 0.0
0.0 70.0 0.0
0.0 72.0 0.0
0.0 74.0 0.0
0.0 76.0 0.0
0.0 78.0 0.0
0.0 80.0 0.0
0.0 82.0 0.0
0.0 84.0 0.0
0.0 86.0 0.0
0.0 88.0 0.0
0.0 90.0 0.0
0.0 92.0 0.0
0.0 94.0 0.0
0.0 96.0 0.0
0.0 98.0 0.0
0.0 100.0 0.0
0.0 102.0 0.0
0.0 104.0 0.0
0.0 106.0 0.0
0.0 108.0 0.0
0.0 110.0 0.0
0.0 112.0 0.0
0.0 114.0 0.0
0.0 116.0 0.0
0.0 118.0 0.0
0.0 120.0 0.0
0.0 122.0 0.0
0.0 124.0 0.0
0.0 126.0 0.0
2.0 0.0 0.0
2.0 2.0 0.0
2.0 4.0 0.0
2.0 6.0 0.0
2.0 8.0 0.0
2.0 10.0 0.0
2.0 12.0 0.0
2.0 14.0 0.0
2.0 16.0 0.0
2.0 18.0 0.0
2.0 20.0 0.0
2.0 22.0 0.0
2.0 24.0 0.0
2.0 26.0 0.0
2.0 28.0 0.0
2.0 30.0 0.0
2.0 32.0 0.0
2.0 34.0 0.0
2.0 36.0 0.0
2.0 38.0 0.0
2.0 40.0 0.0
2.0 42.0 0.0
2.0 44.0 0.0
2.0 46.0 0.0
2.0 48.0 0.0
2.0 50.0 0.0013771055574678156
2.0 52.0 0.05812555827473092
2.0 54.0 0.18404640847902867
2.0 56.0 0.35372445811314496
2.0 58.0 0.48715086555746834
2.0 60.0 0.5254685041127211
2.0 62.0 0.5066787068643047
2.0 64.0 0.4162019159837942
2.0 66.0 0.26584803821674674
2.0 68.0 0.06568487726850011
2.0 70.0 0.0
2.0 72.0 0.0
2.0 74.0 0.0
2.0 76.0 0.0
2.0 78.0 0.0
2.0 80.0 0.0
2.0 82.0 0.0
2.0 84.0 0.0
2.0 86.0 0.0
2.0 88.0 0.0
2.0 90.0 0.0
2.0 92.0 0.0
2.0 94.0 0.0
2.0 96.0 0.0
2.0 98.0 0.0
2.0 100.0 0.0
2.0 102.0 0.0
2.0 104.0 0.0
2.0 106.0 0.0
2.0 108.0 0.0
2.0 110.0 0.0
2.0 112.0 0.0
2.0 114.0 0.0
2.0 116.0 0.0
2.0 118.0 0.0
2.0 120.0 0.0
2.0 122.0 0.0
2.0 124.0 0.0
2.0 126.0 0.0
4.0 0.0 0.0
4.0 2.0 0.0
4.0 4.0 0.0
4.0 6.0 0.0
4.0 8.0 0.0
4.0 10.0 0.0
4.0 12.0 0.0
4.0 14.0 0.0
4.0 16.0 0.0
4.0 18.0 0.0
4.0 20.0 0.0
4.0 22.0 0.0
4.0 24.0 0.0
4.0 26.0 0.0
4.0 28.0 0.0
4.0 30.0 0.0
4.0 32.0 0.0
4.0 34.0 0.0
4.0 36.0 0.0
4.0 38.0 0.0
4.0 40.0 0.0
4.0 42.0 0.0
4.0 44.0 0.0
4.0 46.0 0.0
4.0 48.0 0.0
4.0 50.0 0.00911741397887721
4.0 52.0 0.10811085745743289
4.0 54.0 0.2534312915262238
4.0 56.0 0.38927130182426956
4.0 58.0 0.4800415662461867
4.0 60.0 0.49837572266487506
4.0 62.0 0.42437496491208915
4.0 64.0 0.31880640023439694
4.0 66.0 0.21187921089901063
4.0 68.0 0.05723025704200733
4.0 70.0 0.0
4.0 72.0 0.0
4.0 74.0 0.0
4.0 76.0 0.0
4.0 78.0 0.0
4.0 80.0 0.0
4.0 82.0 0.0
4.0 84.0 0.0
4.0 86.0 0.0
4.0 88.0 0.0
4.0 90.0 0.0
4.0 92.0 0.0
4.0 94.0 0.0
4.0 96.0 0.0
4.0 98.0 0.0
4.0 100.0 0.0
4.0 102.0 0.0
4.0 104.0 0.0
4.0 106.0 0.0
4.0 108.0 0.0
4.0 110.0 0.0
4.0 112.0 0.0
4.0 114.0 0.0
4.0 116.0 0.0
4.0 118.0 0.0
4.0 120.0 0.0
4.0 122.0 0.0
4.0 124.0 0.0
4.0 126.0 0.0
6.0 0.0 0.0
6.0 2.0 0.0
6.0 4.0 0.0
6.0 6.0 0.0
6.0 8.0 0.0
6.0 10.0 0.0
6.0 12.0 0.0
6.0 14.0 0.0
6.0 16.0 0.0
6.0 18.0 0.0
6.0 20.0 0.0
6.0 22.0 0.0
6.0 24.0 0.0
6.0 26.0 0.0
6.0 28.0 0.0
6.0 30.0 0.0
6.0 32.0 0.0
6.0 34.0 0.0
6.0 36.0 0.0
6.0 38.0 0.0
6.0 40.0 1.1145761135619448E-4
6.0 42.0 8.304892513875739E-4
6.0 44.0 0.0013540636586255727
6.0 46.0 0.001796915398642752
6.0 48.0 0.012621366799222891
6.0 50.0 0.07045189780769272
6.0 52.0 0.18394256121066677
6.0 54.0 0.32848640757772607
6.0 56.0 0.4486261482977618
6.0 58.0 0.5125631697915137
6.0 60.0 0.5115912747578029
6.0 62.0 0.4287581848538568
6.0 64.0 0.3125384049382575
6.0 66.0 0.20222071501740893
6.0 68.0 0.05635645243028998
6.0 70.0 0.0
6.0 72.0 0.0
6.0 74.0 0.0
6.0 76.0 0.0
6.0 78.0 0.0
6.0 80.0 0.0
6.0 82.0 0.0
6.0 84.0 0.0
6.0 86.0 0.0
6.0 88.0 0.00777358976901767
6.0 90.0 0.1447947455003805
6.0 92.0 0.0
6.0 94.0 0.0
6.0 96.0 0.0
6.0 98.0 0.0
6.0 100.0 0.0
6.0 102.0 0.0
6.0 104.0 0.0
6.0 106.0 0.0
6.0 108.0 0.0
6.0 110.0 0.0
6.0 112.0 0.0
6.0 114.0 0.0
6.0 116.0 0.0
6.0 118.0 0.0
6.0 120.0 0.0
6.0 122.0 0.0
6.0 124.0 0.0
6.0 126.0 0.0
8.0 0.0 0.0
8.0 2.0 0.0
8.0 4.0 0.0
8.0 6.0 0.0
8.0 8.0 0.0
8.0 10.0 0.0
8.0 12.0 0.0
8.0 14.0 0.0
8.0 16.0 0.0
8.0 18.0 0.0
8.0 20.0 0.0
8.0 22.0 0.0
8.0 24.0 0.0
8.0 26.0 0.0
8.0 28.0 0.0
8.0 30.0 0.0
8.0 32.0 0.0
8.0 34.0 0.28896493238445625
8.0 36.0 0.10746378684049045
8.0 38.0 0.02955197490929443
8.0 40.0 0.004906217330631866
8.0 42.0 0.0
8.0 44.0 0.0
8.0 46.0 4.2673216882907467E-4
8.0 48.0 0.019146950093556804
8.0 50.0 0.11159405342092278
8.0 52.0 0.23553606166743982
8.0 54.0 0.3685293217645702
8.0 56.0 0.4775025614199571
8.0 58.0 0.5257269689701239
8.0 60.0 0.5164070135839821
8.0 62.0 0.4380695509255807
8.0 64.0 0.3098310477084079
8.0 66.0 0.19039311345410623
8.0 68.0 0.05570131690926076
8.0 70.0 0.0
8.0 72.0 0.0
8.0 74.0 0.0
8.0 76.0 0.0
8.0 78.0 0.0
8.0 80.0 0.0
8.0 82.0 0.0
8.0 84.0 0.0
8.0 86.0 0.0
8.0 88.0 0.0
8.0 90.0 0.05654036844656638
8.0 92.0 0.2786018253004127
8.0 94.0 0.3948072408524601
8.0 96.0 0.0
8.0 98.0 0.0
8.0 100.0 0.0
8.0 102.0 0.0
8.0 104.0 0.0
8.0 106.0 0.0
8.0 108.0 0.0
8.0 110.0 0.0
8.0 112.0 0.0
8.0 114.0 0.0
8.0 116.0 0.0
8.0 118.0 0.0
8.0 120.0 0.0
8.0 122.0 0.0
8.0 124.0 0.0
8.0 126.0 0.0
10.0 0.0 0.0
10.0 2.0 0.0
10.0 4.0 0.0
10.0 6.0 0.0
10.0 8.0 0.0
10.0 10.0 0.0
10.0 12.0 0.0
10.0 14.0 0.0
10.0 16.0 0.0
10.0 18.0 0.0
10.0 20.0 0.0
10.0 22.0 0.0
10.0 24.0 0.0
10.0 26.0 0.0
10.0 28.0 0.0
10.0 30.0 0.3832125856193788
10.0 32.0 0.1550740027446571
10.0 34.0 0.06614886559915904
10.0 36.0 0.02108301643293207
10.0 38.0 0.002084523507059358
10.0 40.0 0.0
10.0 42.0 0.0
10.0 44.0 0.0
10.0 46.0 0.001569296735685161
10.0 48.0 0.04206251491803992
10.0 50.0 0.14961448709775668
10.0 52.0 0.28074674062367005
10.0 54.0 0.40724980152338613
10.0 56.0 0.5015015575917906
10.0 58.0 0.5347312288193794
10.0 60.0 0.5177831424837843
10.0 62.0 0.4491823023275236
10.0 64.0 0.2918299083278364
10.0 66.0 0.18308479320481852
10.0 68.0 0.0518291164771707
10.0 70.0 0.0
10.0 72.0 0.0
10.0 74.0 0.0
10.0 76.0 0.0
10.0 78.0 0.0
10.0 80.0 0.0
10.0 82.0 0.0
10.0 84.0 0.0
10.0 86.0 0.0
10.0 88.0 0.0
10.0 90.0 0.025798858196990276
10.0 92.0 0.2297714032675654
10.0 94.0 0.36993896367820994
10.0 96.0 0.4285922705576013
10.0 98.0 0.0
10.0 100.0 0.0
10.0 102.0 0.0
10.0 104.0 0.0
10.0 106.0 0.0
10.0 108.0 0.0
10.0 110.0 0.0
10.0 112.0 0.0
10.0 114.0 0.0
10.0 116.0 0.0
10.0 118.0 0.0
10.0 120.0 0.0
10.0 122.0 0.0
10.0 124.0 0.0
10.0 126.0 0.0
12.0 0.0 0.0
12.0 2.0 0.0
12.0 4.0 0.0
12.0 6.0 0.0
12.0 8.0 0.0
12.0 10.0 0.0
12.0 12.0 0.0
12.0 14.0 0.0
12.0 16.0 0.0
12.0 18.0 0.0
12.0 20.0 0.0
12.0 22.0 0.0
12.0 24.0 0.0
12.0 26.0 0.0
12.0 28.0 0.34093178563832754
12.0 30.0 0.07009421783514681
12.0 32.0 0.018517923770370353
12.0 34.0 0.008901157026555336
12.0 36.0 0.0016927736117523927
12.0 38.0 0.0
12.0 40.0 0.0
12.0 42.0 0.0
12.0 44.0 0.0
12.0 46.0 0.0031156596192054103
12.0 48.0 0.0625491334098603
12.0 50.0 0.18141909316136653
12.0 52.0 0.32151902205846183
12.0 54.0 0.4418438900138501
12.0 56.0 0.5227692689658116
12.0 58.0 0.5410027767660024
12.0 60.0 0.5167836202785973
12.0 62.0 0.45745651362704404
12.0 64.0 0.3031598214691052
12.0 66.0 0.16142878446008116
12.0 68.0 0.042695560344004145
12.0 70.0 0.0
12.0 72.0 0.0
12.0 74.0 0.0
12.0 76.0 0.0
12.0 78.0 0.0
12.0 80.0 0.0
12.0 82.0 0.0
12.0 84.0 0.0
12.0 86.0 0.0
12.0 88.0 0.0
12.0 90.0 0.017765109404227482
12.0 92.0 0.21185169473861376
12.0 94.0 0.36963601728623724
12.0 96.0 0.43914229297153273
12.0 98.0 0.45270471403626034
12.0 100.0 0.41956898442286494
12.0 102.0 0.0
12.0 104.0 0.0
12.0 106.0 0.0
12.0 108.0 0.0
12.0 110.0 0.0
12.0 112.0 0.0
12.0 114.0 0.0
12.0 116.0 0.0
12.0 118.0 0.0
12.0 120.0 0.0
12.0 122.0 0.0
12.0 124.0 0.0
12.0 126.0 0.0
14.0 0.0 0.0
14.0 2.0 0.0
14.0 4.0 0.0
14.0 6.0 0.0
14.0 8.0 0.0
14.0 10.0 0.0
14.0 12.0 0.0
14.0 14.0 0.0
14.0 16.0 0.0
14.0 18.0 0.0
14.0 20.0 0.0
14.0 22.0 0.0
14.0 24.0 0.15711822516759882
14.0 26.0 0.0
14.0 28.0 0.0
14.0 30.0 0.0
14.0 32.0 0.0
14.0 34.0 0.0
14.0 36.0 0.0
14.0 38.0 0.0
14.0 40.0 0.0
14.0 42.0 0.0
14.0 44.0 0.0
14.0 46.0 7.083000779473424E-4
14.0 48.0 0.061152677153934826
14.0 50.0 0.1900408867664065
14.0 52.0 0.32531922533609653
14.0 54.0 0.4394524425899058
14.0 56.0 0.5190134866158137
14.0 58.0 0.5364109400957712
14.0 60.0 0.5073904667394769
14.0 62.0 0.4412146223479266
14.0 64.0 0.29326061032683154
14.0 66.0 0.14053019041858494
14.0 68.0 0.026877581043874877
14.0 70.0 0.0
14.0 72.0 0.0
14.0 74.0 0.0
14.0 76.0 0.0
14.0 78.0 0.0
14.0 80.0 0.0
14.0 82.0 0.0
14.0 84.0 0.0
14.0 86.0 0.0
14.0 88.0 0.0
14.0 90.0 0.01857854012346316
14.0 92.0 0.22105938016770163
14.0 94.0 0.3824811770735959
14.0 96.0 0.4527328389481331
14.0 98.0 0.46904661962883526
14.0 100.0 0.44262140402867
14.0 102.0 0.37977954214148757
14.0 104.0 0.0
14.0 106.0 0.0
14.0 108.0 0.0
14.0 110.0 0.0
14.0 112.0 0.0
14.0 114.0 0.0
14.0 116.0 0.0
14.0 118.0 0.0
14.0 120.0 0.0
14.0 122.0 0.0
14.0 124.0 0.0
14.0 126.0 0.0
16.0 0.0 0.0
16.0 2.0 0.0
16.0 4.0 0.0
16.0 6.0 0.0
16.0 8.0 0.0
16.0 10.0 0.0
16.0 12.0 0.0
16.0 14.0 0.0
16.0 16.0 0.0
16.0 18.0 0.0
16.0 20.0 0.0
16.0 22.0 0.07057318094268002
16.0 24.0 0.0
16.0 26.0 0.0
16.0 28.0 0.0
16.0 30.0 0.0
16.0 32.0 0.0
16.0 34.0 0.0
16.0 36.0 0.0
16.0 38.0 0.0
16.0 40.0 0.0
16.0 42.0 0.0
16.0 44.0 0.0
16.0 46.0 0.020256321525690676
16.0 48.0 0.0957600278772972
16.0 50.0 0.21959183948611696
16.0 52.0 0.352134581221037
16.0 54.0 0.4270198482810543
16.0 56.0 0.4897292593969634
16.0 58.0 0.5183219230076436
16.0 60.0 0.48995373391083935
16.0 62.0 0.4168592383708192
16.0 64.0 0.2879140905812876
16.0 66.0 0.11110181195118712
16.0 68.0 0.013403502562935918
16.0 70.0 0.0
16.0 72.0 0.0
16.0 74.0 0.0
16.0 76.0 0.0
16.0 78.0 0.0
16.0 80.0 0.0
16.0 82.0 0.0
16.0 84.0 0.0
16.0 86.0 0.0
16.0 88.0 0.0
16.0 90.0 0.02761946935391717
16.0 92.0 0.22517147703572934
16.0 94.0 0.3698362202686416
16.0 96.0 0.4467277127435922
16.0 98.0 0.46715401263519324
16.0 100.0 0.4464953859767042
16.0 102.0 0.379168674356169
16.0 104.0 0.3173781874751063
16.0 106.0 0.0
16.0 108.0 0.0
16.0 110.0 0.0
16.0 112.0 0.0
16.0 114.0 0.0
16.0 116.0 0.0
16.0 118.0 0.0
16.0 120.0 0.0
16.0 122.0 0.0
16.0 124.0 0.0
16.0 126.0 0.0
18.0 0.0 0.0
18.0 2.0 0.0
18.0 4.0 0.0
18.0 6.0 0.0
18.0 8.0 0.0
18.0 10.0 0.0
18.0 12.0 0.0
18.0 14.0 0.0
18.0 16.0 0.0
18.0 18.0 0.0
18.0 20.0 0.019267828901159866
18.0 22.0 0.0
18.0 24.0 0.0
18.0 26.0 0.0
18.0 28.0 0.0
18.0 30.0 0.0
18.0 32.0 0.0
18.0 34.0 0.0
18.0 36.0 0.0
18.0 38.0 0.0
18.0 40.0 0.0
18.0 42.0 0.0
18.0 44.0 0.0
18.0 46.0 0.00665165664352519
18.0 48.0 0.09534224870570752
18.0 50.0 0.22753860733077944
18.0 52.0 0.35891221533504497
18.0 54.0 0.40625158313119875
18.0 56.0 0.4661975460780143
18.0 58.0 0.5044937567085516
18.0 60.0 0.46874882474136403
18.0 62.0 0.3843387712877586
18.0 64.0 0.24858083830339506
18.0 66.0 0.08498860324198775
18.0 68.0 0.004654243579401218
18.0 70.0 0.0
18.0 72.0 0.0
18.0 74.0 0.0
18.0 76.0 0.0
18.0 78.0 0.0
18.0 80.0 0.0
18.0 82.0 0.0
18.0 84.0 0.0
18.0 86.0 0.0
18.0 88.0 0.0
18.0 90.0 0.05173277908073388
18.0 92.0 0.2709253467349821
18.0 94.0 0.4154972290162143
18.0 96.0 0.4775242130855051
18.0 98.0 0.48691323108800805
18.0 100.0 0.463360986202569
18.0 102.0 0.3921981317235654
18.0 104.0 0.28781934979997165
18.0 106.0 0.16827580521009358
18.0 108.0 0.0
18.0 110.0 0.0
18.0 112.0 0.0
18.0 114.0 0.0
18.0 116.0 0.0
18.0 118.0 0.0
18.0 120.0 0.0
18.0 122.0 0.0
18.0 124.0 0.0
18.0 126.0 0.0
20.0 0.0 0.0
20.0 2.0 0.0
20.0 4.0 0.0
20.0 6.0 0.0
20.0 8.0 0.0
20.0 10.0 0.0
20.0 12.0 0.0
20.0 14.0 0.0
20.0 16.0 0.0
20.0 18.0 0.0
20.0 20.0 0.0
20.0 22.0 0.0
20.0 24.0 0.0
20.0 26.0 0.0
20.0 28.0 0.0
20.0 30.0 0.0
20.0 32.0 0.0
20.0 34.0 0.0
20.0 36.0 0.0
20.0 38.0 0.0
20.0 40.0 0.0
20.0 42.0 0.0
20.0 44.0 0.0030863093908071767
20.0 46.0 0.032539560699422536
20.0 48.0 0.08767706285264032
20.0 50.0 0.2029634978671362
20.0 52.0 0.3319726420949994
20.0 54.0 0.404912645572488
20.0 56.0 0.4550721886315516
20.0 58.0 0.48455618510660886
20.0 60.0 0.43982261759053204
20.0 62.0 0.34422562912000476
20.0 64.0 0.20151345659017852
20.0 66.0 0.05793944134849568
20.0 68.0 0.0
20.0 70.0 0.0
20.0 72.0 0.0
20.0 74.0 0.0
20.0 76.0 0.0
20.0 78.0 0.0
20.0 80.0 0.0
20.0 82.0 0.0
20.0 84.0 0.0
20.0 86.0 0.0
20.0 88.0 0.0
20.0 90.0 0.1082168389765026
20.0 92.0 0.3181431709489448
20.0 94.0 0.448788561593644
20.0 96.0 0.49459002194058826
20.0 98.0 0.4947686302160676
20.0 100.0 0.46584637010769375
20.0 102.0 0.3929166349052253
20.0 104.0 0.27550791711253714
20.0 106.0 0.15270998064716446
20.0 108.0 0.0
20.0 110.0 0.0
20.0 112.0 0.0
20.0 114.0 0.0
20.0 116.0 0.0
20.0 118.0 0.0
20.0 120.0 0.0
20.0 122.0 0.0
20.0 124.0 0.0
20.0 126.0 0.0
22.0 0.0 0.0
22.0 2.0 0.0
22.0 4.0 0.0
22.0 6.0 0.0
22.0 8.0 0.0
22.0 10.0 0.0
22.0 12.0 0.0
22.0 14.0 0.0
22.0 16.0 0.0
22.0 18.0 0.0
22.0 20.0 0.0
22.0 22.0 0.0
22.0 24.0 0.0
22.0 26.0 0.0
22.0 28.0 0.0
22.0 30.0 0.0
22.0 32.0 0.0
22.0 34.0 0.0
22.0 36.0 0.0
22.0 38.0 0.0
22.0 40.0 0.0
22.0 42.0 0.0
22.0 44.0 5.474854903207303E-4
22.0 46.0 0.019951653488348254
22.0 48.0 0.0894396928404132
22.0 50.0 0.19484353636367926
22.0 52.0 0.31103524892684453
22.0 54.0 0.40914644059682653
22.0 56.0 0.46436301745572206
22.0 58.0 0.46694265275532
22.0 60.0 0.40450964485317753
22.0 62.0 0.2948162828219024
22.0 64.0 0.14363883994740323
22.0 66.0 0.03335340195552198
22.0 68.0 0.0
22.0 70.0 0.0
22.0 72.0 0.0
22.0 74.0 0.0
22.0 76.0 0.0
22.0 78.0 0.0
22.0 80.0 0.0
22.0 82.0 0.0
22.0 84.0 0.0
22.0 86.0 0.0
22.0 88.0 0.007736372046591683
22.0 90.0 0.1688904571311501
22.0 92.0 0.3626862980214083
22.0 94.0 0.4640054841680017
22.0 96.0 0.5007566477362961
22.0 98.0 0.49644766932622963
22.0 100.0 0.462102266798781
22.0 102.0 0.38557049188061626
22.0 104.0 0.25672691591618874
22.0 106.0 0.12728673143917152
22.0 108.0 0.0
22.0 110.0 0.0
22.0 112.0 0.0
22.0 114.0 0.0
22.0 116.0 0.0
22.0 118.0 0.0
22.0 120.0 0.0
22.0 122.0 0.0
22.0 124.0 0.0
22.0 126.0 0.0
24.0 0.0 0.0
24.0 2.0 0.0
24.0 4.0 0.0
24.0 6.0 0.0
24.0 8.0 0.0
24.0 10.0 0.0
24.0 12.0 0.0
24.0 14.0 0.0
24.0 16.0 0.0
24.0 18.0 0.0
24.0 20.0 0.0
24.0 22.0 0.0
24.0 24.0 0.0
24.0 26.0 0.0
24.0 28.0 0.0
24.0 30.0 0.0
24.0 32.0 0.0
24.0 34.0 0.0
24.0 36.0 0.0
24.0 38.0 0.0
24.0 40.0 0.0
24.0 42.0 0.0
24.0 44.0 0.004898185784769963
24.0 46.0 0.036111569278079625
24.0 48.0 0.08742771032575754
24.0 50.0 0.16780763578928204
24.0 52.0 0.27094914876810106
24.0 54.0 0.3712902044020711
24.0 56.0 0.4194456901007732
24.0 58.0 0.4249655544510044
24.0 60.0 0.3532348348939105
24.0 62.0 0.22731070090377833
24.0 64.0 0.07543600406176326
24.0 66.0 0.010036367485395816
24.0 68.0 0.0
24.0 70.0 0.0
24.0 72.0 0.0
24.0 74.0 0.0
24.0 76.0 0.0
24.0 78.0 0.0
24.0 80.0 0.0
24.0 82.0 0.0
24.0 84.0 0.0
24.0 86.0 0.0
24.0 88.0 0.02014599419601441
24.0 90.0 0.191057456460092
24.0 92.0 0.3595553108269887
24.0 94.0 0.4565445849038063
24.0 96.0 0.4901908865003411
24.0 98.0 0.4823434243499682
24.0 100.0 0.4455210048190767
24.0 102.0 0.36469704063578573
24.0 104.0 0.22855279299396292
24.0 106.0 0.09631274100564748
24.0 108.0 0.0
24.0 110.0 0.0
24.0 112.0 0.0
24.0 114.0 0.0
24.0 116.0 0.0
24.0 118.0 0.0
24.0 120.0 0.0
24.0 122.0 0.0
24.0 124.0 0.0
24.0 126.0 0.0
26.0 0.0 0.0
26.0 2.0 0.0
26.0 4.0 0.0
26.0 6.0 0.0
26.0 8.0 0.0
26.0 10.0 0.0
26.0 12.0 0.0
26.0 14.0 0.0
26.0 16.0 0.0
26.0 18.0 0.0
26.0 20.0 0.0
26.0 22.0 0.0
26.0 24.0 0.0
26.0 26.0 0.0
26.0 28.0 0.0
26.0 30.0 0.0
26.0 32.0 0.0
26.0 34.0 0.0
26.0 36.0 0.0
26.0 38.0 0.0
26.0 40.0 0.0
26.0 42.0 0.0
26.0 44.0 0.0010682024040713754
26.0 46.0 0.019272302032015163
26.0 48.0 0.07457120102150641
26.0 50.0 0.12045392863505043
26.0 52.0 0.21249228056068734
26.0 54.0 0.3024164316759017
26.0 56.0 0.3562669829651571
26.0 58.0 0.36264090569519064
26.0 60.0 0.2808124783399583
26.0 62.0 0.14173753218269522
26.0 64.0 0.008854065098032922
26.0 66.0 0.0
26.0 68.0 0.0
26.0 70.0 0.0
26.0 72.0 0.0
26.0 74.0 0.0
26.0 76.0 0.0
26.0 78.0 0.0
26.0 80.0 0.0
26.0 82.0 0.0
26.0 84.0 0.0
26.0 86.0 0.0015274702368132768
26.0 88.0 0.05788388140273459
26.0 90.0 0.19059465524150168
26.0 92.0 0.3342545683486023
26.0 94.0 0.4304031799693741
26.0 96.0 0.4655342180365307
26.0 98.0 0.4561966554875992
26.0 100.0 0.41578115464798615
26.0 102.0 0.3288617220224768
26.0 104.0 0.18673709258773516
26.0 106.0 0.06335334245000798
26.0 108.0 0.0
26.0 110.0 0.0
26.0 112.0 0.0
26.0 114.0 0.0
26.0 116.0 0.0
26.0 118.0 0.0
26.0 120.0 0.0
26.0 122.0 0.0
26.0 124.0 0.0
26.0 126.0 0.0
28.0 0.0 0.0
28.0 2.0 0.0
28.0 4.0 0.0
28.0 6.0 0.0
28.0 8.0 0.0
28.0 10.0 0.0
28.0 12.0 0.0
28.0 14.0 0.0
28.0 16.0 0.0
28.0 18.0 0.0
28.0 20.0 0.0
28.0 22.0 0.0
28.0 24.0 0.0
28.0 26.0 0.0
28.0 28.0 0.0
28.0 30.0 0.0
28.0 32.0 0.0
28.0 34.0 0.0
28.0 36.0 0.0
28.0 38.0 0.0
28.0 40.0 0.0
28.0 42.0 0.0
28.0 44.0 0.0
28.0 46.0 0.0019399246024517974
28.0 48.0 0.024214720555646222
28.0 50.0 0.05299119134280763
28.0 52.0 0.12524928805922106
28.0 54.0 0.20957516855558492
28.0 56.0 0.2612423001590258
28.0 58.0 0.2640085295132346
28.0 60.0 0.18174937933264582
28.0 62.0 0.048363666042043764
28.0 64.0 0.0
28.0 66.0 0.0
28.0 68.0 0.0
28.0 70.0 0.0
28.0 72.0 0.0
28.0 74.0 0.0
28.0 76.0 0.0
28.0 78.0 0.0
28.0 80.0 0.0
28.0 82.0 0.0
28.0 84.0 0.0
28.0 86.0 0.0040686988815785965
28.0 88.0 0.05859331939476475
28.0 90.0 0.15658980881865706
28.0 92.0 0.2828593361142489
28.0 94.0 0.37481625112125
28.0 96.0 0.40941913753177417
28.0 98.0 0.40014486257403964
28.0 100.0 0.3603786695306676
28.0 102.0 0.275623123937828
28.0 104.0 0.1395658318091941
28.0 106.0 0.021003756135219657
28.0 108.0 0.0
28.0 110.0 0.0
28.0 112.0 0.0
28.0 114.0 0.0
28.0 116.0 0.0
28.0 118.0 0.0
28.0 120.0 0.0
28.0 122.0 0.0
28.0 124.0 0.0
28.0 126.0 0.0
30.0 0.0 0.0
30.0 2.0 0.0
30.0 4.0 0.0
30.0 6.0 0.0
30.0 8.0 0.0
30.0 10.0 0.0
30.0 12.0 2.4892283706729373E-4
30.0 14.0 0.08543434754413454
30.0 16.0 0.1350421345039253
30.0 18.0 0.08127865876040853
30.0 20.0 0.008861773110283827
30.0 22.0 0.0
30.0 24.0 0.0
30.0 26.0 0.0
30.0 28.0 0.0
30.0 30.0 0.0
30.0 32.0 0.0
30.0 34.0 0.0
30.0 36.0 0.0
30.0 38.0 0.0
30.0 40.0 0.0
30.0 42.0 0.0
30.0 44.0 0.0
30.0 46.0 0.0
30.0 48.0 0.002271542844812515
30.0 50.0 0.0037309502378141328
30.0 52.0 0.014566016063141646
30.0 54.0 0.1035799082518206
30.0 56.0 0.14808149372393645
30.0 58.0 0.13669164495369476
30.0 60.0 0.06506798847853439
30.0 62.0 0.006308234721536597
30.0 64.0 0.0
30.0 66.0 0.0
30.0 68.0 0.0
30.0 70.0 0.0
30.0 72.0 0.0
30.0 74.0 0.0
30.0 76.0 0.0
30.0 78.0 0.0
30.0 80.0 0.0
30.0 82.0 0.0
30.0 84.0 0.0
30.0 86.0 0.007156846587064957
30.0 88.0 0.04381701201512414
30.0 90.0 0.12420598226128954
30.0 92.0 0.21991656781316038
30.0 94.0 0.29546013637852325
30.0 96.0 0.3291076482001188
30.0 98.0 0.3305411681754308
30.0 100.0 0.2902617275609423
30.0 102.0 0.211082845319047
30.0 104.0 0.08955311616773558
30.0 106.0 0.0
30.0 108.0 0.0
30.0 110.0 0.0
30.0 112.0 0.0
30.0 114.0 0.0
30.0 116.0 0.0
30.0 118.0 0.0
30.0 120.0 0.0
30.0 122.0 0.0
30.0 124.0 0.0
30.0 126.0 0.0
32.0 0.0 0.0
32.0 2.0 0.0
32.0 4.0 0.0
32.0 6.0 0.0
32.0 8.0 0.0
32.0 10.0 0.0
32.0 12.0 0.08704138491213521
32.0 14.0 0.1747539566758977
32.0 16.0 0.1825236209303395
32.0 18.0 0.11045024599804402
32.0 20.0 0.009053360659452303
32.0 22.0 0.0
32.0 24.0 0.0
32.0 26.0 0.0
32.0 28.0 0.0
32.0 30.0 0.0
32.0 32.0 0.0
32.0 34.0 0.0
32.0 36.0 0.0
32.0 38.0 0.0
32.0 40.0 0.0
32.0 42.0 0.0
32.0 44.0 0.0
32.0 46.0 1.7263997861462937E-4
32.0 48.0 0.003307716425622683
32.0 50.0 0.0
32.0 52.0 0.0
32.0 54.0 0.02039763480052602
32.0 56.0 0.053790865451828866
32.0 58.0 0.041933494480473475
32.0 60.0 0.015138773707790945
32.0 62.0 0.0
32.0 64.0 0.0
32.0 66.0 0.0
32.0 68.0 0.0
32.0 70.0 0.0
32.0 72.0 0.0
32.0 74.0 0.0
32.0 76.0 0.0
32.0 78.0 0.0
32.0 80.0 0.0
32.0 82.0 8.492247275023816E-4
32.0 84.0 0.0028944935447411143
32.0 86.0 0.007295567468632248
32.0 88.0 0.023948371656294844
32.0 90.0 0.07754104765985809
32.0 92.0 0.1588240210188264
32.0 94.0 0.2232577764153282
32.0 96.0 0.2551978341572695
32.0 98.0 0.25614051807852045
32.0 100.0 0.2033880994106058
32.0 102.0 0.12215802609363795
32.0 104.0 0.023673228399447438
32.0 106.0 0.0
32.0 108.0 0.0
32.0 110.0 0.0
32.0 112.0 0.0
32.0 114.0 0.0
32.0 116.0 0.0
32.0 118.0 0.0
32.0 120.0 0.0
32.0 122.0 0.0
32.0 124.0 0.0
32.0 126.0 0.0
34.0 0.0 0.0
34.0 2.0 0.0
34.0 4.0 0.0
34.0 6.0 0.0
34.0 8.0 0.052255250442590405
34.0 10.0 0.18942022877301165
34.0 12.0 0.258896072523821
34.0 14.0 0.27040626362782816
34.0 16.0 0.20470428004203153
34.0 18.0 0.07374057331138971
34.0 20.0 0.0
34.0 22.0 0.0
34.0 24.0 0.0
34.0 26.0 0.0
34.0 28.0 0.0
34.0 30.0 0.0
34.0 32.0 0.0
34.0 34.0 0.0
34.0 36.0 0.0
34.0 38.0 0.0
34.0 40.0 0.0
34.0 42.0 0.0012719584057895566
34.0 44.0 0.0016320776131221182
34.0 46.0 0.0024115123351177944
34.0 48.0 0.004116291380385849
34.0 50.0 3.406360987110529E-4
34.0 52.0 0.0
34.0 54.0 0.00453041943955968
34.0 56.0 0.011244928643397488
34.0 58.0 0.009935848051755758
34.0 60.0 0.0
34.0 62.0 0.0
34.0 64.0 0.0
34.0 66.0 0.0
34.0 68.0 0.0
34.0 70.0 0.0
34.0 72.0 0.0
34.0 74.0 2.7164498448982303E-4
34.0 76.0 0.008508289663556878
34.0 78.0 0.02108325969900943
34.0 80.0 0.02869575998658458
34.0 82.0 0.029652419024826432
34.0 84.0 0.028931346304163583
34.0 86.0 0.028863174153824635
34.0 88.0 0.035802257086619355
34.0 90.0 0.06245538660326758
34.0 92.0 0.11109999615401023
34.0 94.0 0.15355548803971217
34.0 96.0 0.1761796189232999
34.0 98.0 0.1524996179578734
34.0 100.0 0.09036435958242224
34.0 102.0 0.020421152789584538
34.0 104.0 0.001120728197252349
34.0 106.0 0.0033793444300893112
34.0 108.0 0.006668305696580515
34.0 110.0 0.006571531708738189
34.0 112.0 3.225284153962337E-4
34.0 114.0 0.0
34.0 116.0 0.0
34.0 118.0 0.0
34.0 120.0 0.0
34.0 122.0 0.0
34.0 124.0 0.0
34.0 126.0 0.0
36.0 0.0 0.0
36.0 2.0 0.0
36.0 4.0 0.0
36.0 6.0 0.0
36.0 8.0 0.1716363200687693
36.0 10.0 0.24689271112806777
36.0 12.0 0.2709912466994658
36.0 14.0 0.2475853162238023
36.0 16.0 0.15147997984742545
36.0 18.0 0.013393961933652632
36.0 20.0 0.0
36.0 22.0 0.0
36.0 24.0 0.0
36.0 26.0 0.0
36.0 28.0 0.0
36.0 30.0 0.0
36.0 32.0 0.0
36.0 34.0 0.0
36.0 36.0 4.432211002205298E-4
36.0 38.0 0.012432002424530207
36.0 40.0 0.02649774384107714
36.0 42.0 0.021893126284741122
36.0 44.0 0.015584212202048772
36.0 46.0 0.011441408469974818
36.0 48.0 0.007478156657301844
36.0 50.0 0.005267337706702037
36.0 52.0 0.0
36.0 54.0 0.0
36.0 56.0 0.0016420889176839003
36.0 58.0 0.0
36.0 60.0 0.0
36.0 62.0 0.0
36.0 64.0 0.0
36.0 66.0 0.0
36.0 68.0 0.0
36.0 70.0 0.0
36.0 72.0 0.0
36.0 74.0 0.008658624762883111
36.0 76.0 0.03081227304971634
36.0 78.0 0.05939884416452628
36.0 80.0 0.07721230266817156
36.0 82.0 0.07606496455257424
36.0 84.0 0.06591714745572715
36.0 86.0 0.051237211621302514
36.0 88.0 0.030056321932391952
36.0 90.0 0.02858955837675066
36.0 92.0 0.04248368584254598
36.0 94.0 0.06343330561912812
36.0 96.0 0.06328303105063927
36.0 98.0 0.0316356675313813
36.0 100.0 0.011106536590437541
36.0 102.0 0.00145598310121026
36.0 104.0 0.005550509177371901
36.0 106.0 0.0184707595695434
36.0 108.0 0.023883199383232676
36.0 110.0 0.0255731191897926
36.0 112.0 0.020356399556281046
36.0 114.0 0.022981886035295954
36.0 116.0 0.03827345209853442
36.0 118.0 0.07783744563003162
36.0 120.0 0.12475868333584554
36.0 122.0 0.0
36.0 124.0 0.0
36.0 126.0 0.0
38.0 0.0 0.0
38.0 2.0 0.0
38.0 4.0 0.0
38.0 6.0 0.2604553005878325
38.0 8.0 0.22872909000039596
38.0 10.0 0.22323531828937324
38.0 12.0 0.21537362852054223
38.0 14.0 0.15109961416367107
38.0 16.0 0.04270897960681028
38.0 18.0 0.0
38.0 20.0 0.0
38.0 22.0 0.0
38.0 24.0 0.0
38.0 26.0 0.0
38.0 28.0 0.0
38.0 30.0 0.0
38.0 32.0 0.0
38.0 34.0 0.0
38.0 36.0 0.008337646922599222
38.0 38.0 0.06642298689466523
38.0 40.0 0.08094104651010388
38.0 42.0 0.06558702687915477
38.0 44.0 0.0413234340166706
38.0 46.0 0.018222136121450006
38.0 48.0 0.006259138474865742
38.0 50.0 0.001347601107890069
38.0 52.0 0.0
38.0 54.0 0.0
38.0 56.0 0.0
38.0 58.0 0.0
38.0 60.0 0.0
38.0 62.0 0.0
38.0 64.0 0.0
38.0 66.0 0.0
38.0 68.0 0.0
38.0 70.0 0.0
38.0 72.0 3.2618823248248643E-4
38.0 74.0 0.018450260271736352
38.0 76.0 0.0651421733451177
38.0 78.0 0.11160082622676004
38.0 80.0 0.135966001412033
38.0 82.0 0.1363577737211615
38.0 84.0 0.1178950809472117
38.0 86.0 0.06400135449739852
38.0 88.0 0.022241392205727767
38.0 90.0 0.007076049496239853
38.0 92.0 0.005151470349004287
38.0 94.0 0.0027724398489952693
38.0 96.0 0.0
38.0 98.0 0.0
38.0 100.0 0.0
38.0 102.0 6.18336272938576E-4
38.0 104.0 0.00780092736865804
38.0 106.0 0.018393642424417808
38.0 108.0 0.02986074253441991
38.0 110.0 0.038169608782427804
38.0 112.0 0.043932791156765606
38.0 114.0 0.06182065094573616
38.0 116.0 0.10533901794924237
38.0 118.0 0.18883142152987356
38.0 120.0 0.2405253599002345
38.0 122.0 0.0
38.0 124.0 0.0
38.0 126.0 0.0
40.0 0.0 0.0
40.0 2.0 0.0
40.0 4.0 0.0
40.0 6.0 0.3014690990704516
40.0 8.0 0.1767188977870553
40.0 10.0 0.1711307587451071
40.0 12.0 0.15763859883460699
40.0 14.0 0.09127905569036593
40.0 16.0 0.009270516535756938
40.0 18.0 0.0
40.0 20.0 0.0
40.0 22.0 0.0
40.0 24.0 0.0
40.0 26.0 0.0
40.0 28.0 0.0
40.0 30.0 0.0
40.0 32.0 8.275723146337647E-4
40.0 34.0 0.029625325023559496
40.0 36.0 0.08639318686675435
40.0 38.0 0.11382057442671772
40.0 40.0 0.1218991755379157
40.0 42.0 0.09484266777784739
40.0 44.0 0.052242427207832766
40.0 46.0 0.013226378908235562
40.0 48.0 0.0023162955718254302
40.0 50.0 0.0
40.0 52.0 0.0
40.0 54.0 0.0
40.0 56.0 0.0
40.0 58.0 0.0
40.0 60.0 0.0
40.0 62.0 0.0
40.0 64.0 0.0
40.0 66.0 0.0
40.0 68.0 0.0
40.0 70.0 0.0
40.0 72.0 0.0027061380495315406
40.0 74.0 0.04455197739538983
40.0 76.0 0.11980897518619325
40.0 78.0 0.17976988058057197
40.0 80.0 0.21191412992843237
40.0 82.0 0.21135974867644416
40.0 84.0 0.18533657092673794
40.0 86.0 0.11437199285028173
40.0 88.0 0.021560507880123803
40.0 90.0 0.0
40.0 92.0 0.0
40.0 94.0 0.0
40.0 96.0 0.0
40.0 98.0 0.0
40.0 100.0 0.0
40.0 102.0 0.0
40.0 104.0 5.501012054310055E-4
40.0 106.0 0.0077481980881180385
40.0 108.0 0.02184435219481863
40.0 110.0 0.039777597051348125
40.0 112.0 0.05315029508922076
40.0 114.0 0.07988241234218087
40.0 116.0 0.14030754610044036
40.0 118.0 0.2246965564751691
40.0 120.0 0.2831267424214248
40.0 122.0 0.3189512866570166
40.0 124.0 0.0
40.0 126.0 0.0
42.0 0.0 0.0
42.0 2.0 0.0
42.0 4.0 0.2534696945801121
42.0 6.0 0.10008026076757197
42.0 8.0 0.09633229958878246
42.0 10.0 0.10273165814279693
42.0 12.0 0.0797824663533595
42.0 14.0 0.01562518253472091
42.0 16.0 0.0
42.0 18.0 0.0
42.0 20.0 0.0
42.0 22.0 0.0
42.0 24.0 0.0
42.0 26.0 0.0
42.0 28.0 0.003386577099286158
42.0 30.0 0.02219466170277388
42.0 32.0 0.08170426527770878
42.0 34.0 0.1609564673246933
42.0 36.0 0.20429910420847006
42.0 38.0 0.19588510300688988
42.0 40.0 0.18006225345814356
42.0 42.0 0.1252932000556428
42.0 44.0 0.047677610071341685
42.0 46.0 0.013089169111358026
42.0 48.0 4.497000651761062E-4
42.0 50.0 0.0
42.0 52.0 0.0
42.0 54.0 0.0
42.0 56.0 0.0
42.0 58.0 0.0
42.0 60.0 0.0
42.0 62.0 0.0
42.0 64.0 0.0
42.0 66.0 0.0
42.0 68.0 0.0
42.0 70.0 0.0
42.0 72.0 0.015359864720817065
42.0 74.0 0.11102399013932347
42.0 76.0 0.20634091983120728
42.0 78.0 0.26971265894221186
42.0 80.0 0.3023561040458225
42.0 82.0 0.30908748655318913
42.0 84.0 0.291227704593416
42.0 86.0 0.18955131107454148
42.0 88.0 0.03415973643809318
42.0 90.0 0.0
42.0 92.0 0.0
42.0 94.0 0.0
42.0 96.0 0.0
42.0 98.0 0.0
42.0 100.0 0.0
42.0 102.0 0.0
42.0 104.0 0.0
42.0 106.0 0.0
42.0 108.0 0.005664447790022798
42.0 110.0 0.026565417918933836
42.0 112.0 0.048036971688679535
42.0 114.0 0.07951479783682132
42.0 116.0 0.14692882843296642
42.0 118.0 0.2302167678228193
42.0 120.0 0.29055686340944525
42.0 122.0 0.3271089353664115
42.0 124.0 0.0
42.0 126.0 0.0
44.0 0.0 0.0
44.0 2.0 0.0
44.0 4.0 0.1927291015992202
44.0 6.0 0.07037639048149073
44.0 8.0 0.06418182689007253
44.0 10.0 0.06631260381677141
44.0 12.0 0.03240961545013882
44.0 14.0 0.0010921752631283174
44.0 16.0 0.0
44.0 18.0 0.0
44.0 20.0 0.0
44.0 22.0 0.0
44.0 24.0 0.0
44.0 26.0 0.0044893304242771305
44.0 28.0 0.04654132092140772
44.0 30.0 0.11811852386873005
44.0 32.0 0.20828447320683607
44.0 34.0 0.28281046603325355
44.0 36.0 0.3174469746902961
44.0 38.0 0.3184739572402052
44.0 40.0 0.2760235800099694
44.0 42.0 0.1863163688334587
44.0 44.0 0.06731884645112787
44.0 46.0 0.020063150989668682
44.0 48.0 0.0
44.0 50.0 0.0
44.0 52.0 0.0
44.0 54.0 0.0
44.0 56.0 0.0
44.0 58.0 0.0
44.0 60.0 0.0
44.0 62.0 0.0
44.0 64.0 0.0
44.0 66.0 0.0
44.0 68.0 0.0
44.0 70.0 0.001494466794165525
44.0 72.0 0.056113165124622666
44.0 74.0 0.1955512336705305
44.0 76.0 0.29616593246860506
44.0 78.0 0.378840677888093
44.0 80.0 0.4276753606107346
44.0 82.0 0.42472804611464604
44.0 84.0 0.3865688612359078
44.0 86.0 0.2826624071501236
44.0 88.0 0.0615856408098818
44.0 90.0 0.0
44.0 92.0 0.0
44.0 94.0 0.0
44.0 96.0 0.0
44.0 98.0 0.0
44.0 100.0 0.0
44.0 102.0 0.0
44.0 104.0 0.0
44.0 106.0 0.0
44.0 108.0 0.0
44.0 110.0 0.010007062763460015
44.0 112.0 0.035698179571081935
44.0 114.0 0.0710899335517257
44.0 116.0 0.14361482015337637
44.0 118.0 0.22763733609896772
44.0 120.0 0.29203436865099525
44.0 122.0 0.33806011049566975
44.0 124.0 0.0
44.0 126.0 0.0
46.0 0.0 0.0
46.0 2.0 0.0
46.0 4.0 0.13958403419890283
46.0 6.0 0.043529977716181965
46.0 8.0 0.034787920566661
46.0 10.0 0.028921292055075442
46.0 12.0 0.011342065473059276
46.0 14.0 0.0
46.0 16.0 0.0
46.0 18.0 0.0
46.0 20.0 0.0
46.0 22.0 0.0
46.0 24.0 0.0010397853947304453
46.0 26.0 0.036353112441039385
46.0 28.0 0.13455206779653278
46.0 30.0 0.22803572919191142
46.0 32.0 0.3207155750872268
46.0 34.0 0.3825008650360125
46.0 36.0 0.4030653935560631
46.0 38.0 0.3881351506185458
46.0 40.0 0.33108805910514877
46.0 42.0 0.2148523796527637
46.0 44.0 0.09724927232320107
46.0 46.0 0.022086988480802008
46.0 48.0 0.0
46.0 50.0 0.0
46.0 52.0 0.0
46.0 54.0 0.0
46.0 56.0 0.0
46.0 58.0 0.0
46.0 60.0 0.0
46.0 62.0 0.0
46.0 64.0 0.0
46.0 66.0 0.0
46.0 68.0 0.0
46.0 70.0 0.023460846846934
46.0 72.0 0.14052521901651036
46.0 74.0 0.2777240603060099
46.0 76.0 0.38031663721084935
46.0 78.0 0.46137977709312933
46.0 80.0 0.5116863994392198
46.0 82.0 0.5075448118578587
46.0 84.0 0.48467858415167114
46.0 86.0 0.3880826684839063
46.0 88.0 0.11202885978319305
46.0 90.0 0.0
46.0 92.0 0.0
46.0 94.0 0.0
46.0 96.0 0.0
46.0 98.0 0.0
46.0 100.0 0.0
46.0 102.0 0.0
46.0 104.0 0.0
46.0 106.0 0.0
46.0 108.0 0.0
46.0 110.0 2.513350703758806E-4
46.0 112.0 0.0165929422957271
46.0 114.0 0.05964759779245273
46.0 116.0 0.14156610429751582
46.0 118.0 0.22947484799952525
46.0 120.0 0.2977330505309517
46.0 122.0 0.34898415832813034
46.0 124.0 0.3757857757546685
46.0 126.0 0.0
48.0 0.0 0.0
48.0 2.0 0.11010599228297994
48.0 4.0 0.013762829047476631
48.0 6.0 0.0014469734794360584
48.0 8.0 3.4867165229258393E-4
48.0 10.0 1.3139457137939693E-4
48.0 12.0 0.0
48.0 14.0 0.0
48.0 16.0 0.0
48.0 18.0 0.0
48.0 20.0 0.0
48.0 22.0 0.0
48.0 24.0 0.010986142438373502
48.0 26.0 0.111304720753356
48.0 28.0 0.2288020841720064
48.0 30.0 0.3299785655188665
48.0 32.0 0.4088277305181804
48.0 34.0 0.4550583799379589
48.0 36.0 0.4612556048553887
48.0 38.0 0.4348169296138069
48.0 40.0 0.3665559283421333
48.0 42.0 0.2201151228613614
48.0 44.0 0.11438746366450327
48.0 46.0 0.017554189392456537
48.0 48.0 0.0
48.0 50.0 0.0
48.0 52.0 0.0
48.0 54.0 0.0
48.0 56.0 0.0
48.0 58.0 0.0
48.0 60.0 0.0
48.0 62.0 0.0
48.0 64.0 0.0
48.0 66.0 0.0
48.0 68.0 0.006268445235049752
48.0 70.0 0.07270191160480907
48.0 72.0 0.21276837273640628
48.0 74.0 0.3522821548945445
48.0 76.0 0.45351863996444686
48.0 78.0 0.5223655794639902
48.0 80.0 0.5609316057382081
48.0 82.0 0.5567621421570046
48.0 84.0 0.541441439850417
48.0 86.0 0.45477361946795397
48.0 88.0 0.17278488070878273
48.0 90.0 0.0
48.0 92.0 0.0
48.0 94.0 0.0
48.0 96.0 0.0
48.0 98.0 0.0
48.0 100.0 0.0
48.0 102.0 0.0
48.0 104.0 0.0
48.0 106.0 0.0
48.0 108.0 0.0
48.0 110.0 0.0
48.0 112.0 0.004529463573127004
48.0 114.0 0.04889637830094695
48.0 116.0 0.14310166336733196
48.0 118.0 0.2364420008556072
48.0 120.0 0.3106303855859575
48.0 122.0 0.36654897698713684
48.0 124.0 0.4038237465916174
48.0 126.0 0.0
50.0 0.0 0.0
50.0 2.0 0.10273301526892543
50.0 4.0 0.00815751341957958
50.0 6.0 0.0
50.0 8.0 0.0
50.0 10.0 0.0
50.0 12.0 0.0
50.0 14.0 0.0
50.0 16.0 0.0
50.0 18.0 0.0
50.0 20.0 0.0
50.0 22.0 0.002321675020965112
50.0 24.0 0.06743779813559168
50.0 26.0 0.2090809159504021
50.0 28.0 0.3115707279618105
50.0 30.0 0.4018483778059889
50.0 32.0 0.4635561419429803
50.0 34.0 0.4904670614919073
50.0 36.0 0.4853351238009664
50.0 38.0 0.4511356334663383
50.0 40.0 0.37694431046626314
50.0 42.0 0.21875690781522006
50.0 44.0 0.11335550910423314
50.0 46.0 0.011737583474974658
50.0 48.0 0.0
50.0 50.0 0.0
50.0 52.0 0.0
50.0 54.0 0.0
50.0 56.0 0.0
50.0 58.0 0.0
50.0 60.0 0.0
50.0 62.0 0.0
50.0 64.0 0.0
50.0 66.0 0.0
50.0 68.0 0.022599150062159526
50.0 70.0 0.11173811448793979
50.0 72.0 0.2670279151136711
50.0 74.0 0.40243088384168596
50.0 76.0 0.4696702316207209
50.0 78.0 0.5306075389948226
50.0 80.0 0.5781451772594165
50.0 82.0 0.5750608027131072
50.0 84.0 0.5527628647007571
50.0 86.0 0.48628094828519136
50.0 88.0 0.2194223715906759
50.0 90.0 0.0
50.0 92.0 0.0
50.0 94.0 0.0
50.0 96.0 0.0
50.0 98.0 0.0
50.0 100.0 0.0
50.0 102.0 0.0
50.0 104.0 0.0
50.0 106.0 0.0
50.0 108.0 0.0
50.0 110.0 0.0
50.0 112.0 0.002508504633622587
50.0 114.0 0.04734701428835839
50.0 116.0 0.15635325806588174
50.0 118.0 0.25319644407985425
50.0 120.0 0.3304574396197024
50.0 122.0 0.3920408689503445
50.0 124.0 0.43932845644700796
50.0 126.0 0.0
52.0 0.0 0.0
52.0 2.0 0.09299555689822302
52.0 4.0 1.706067426356551E-4
52.0 6.0 0.0
52.0 8.0 0.0
52.0 10.0 0.0
52.0 12.0 0.0
52.0 14.0 0.0
52.0 16.0 0.0
52.0 18.0 0.0
52.0 20.0 0.010268451603259137
52.0 22.0 0.06668723183242688
52.0 24.0 0.17621977704367794
52.0 26.0 0.28302877552593536
52.0 28.0 0.35951699623394023
52.0 30.0 0.440037979885489
52.0 32.0 0.48602073332990886
52.0 34.0 0.49883848068745823
52.0 36.0 0.4838185569548163
52.0 38.0 0.43998242304219565
52.0 40.0 0.3529170438824463
52.0 42.0 0.20077275641272851
52.0 44.0 0.09665020639486029
52.0 46.0 0.004775990888704084
52.0 48.0 0.0
52.0 50.0 0.0
52.0 52.0 0.0
52.0 54.0 0.0
52.0 56.0 0.0
52.0 58.0 0.0
52.0 60.0 0.0
52.0 62.0 0.0
52.0 64.0 0.0
52.0 66.0 9.071122406045876E-4
52.0 68.0 0.040067282910744684
52.0 70.0 0.1541491217417912
52.0 72.0 0.3256483795267951
52.0 74.0 0.4543032331188021
52.0 76.0 0.4851343718077478
52.0 78.0 0.5430002114330886
52.0 80.0 0.5684780040011627
52.0 82.0 0.5604147827164068
52.0 84.0 0.5503662877090322
52.0 86.0 0.4934210999950146
52.0 88.0 0.24112456919145187
52.0 90.0 0.0
52.0 92.0 0.0
52.0 94.0 0.0
52.0 96.0 0.0
52.0 98.0 0.0
52.0 100.0 0.0
52.0 102.0 0.0
52.0 104.0 0.0
52.0 106.0 0.0
52.0 108.0 0.0
52.0 110.0 0.0
52.0 112.0 0.002179972142461598
52.0 114.0 0.056239039205457066
52.0 116.0 0.18521844721672018
52.0 118.0 0.28213884133743833
52.0 120.0 0.35424697936052957
52.0 122.0 0.41403180433011927
52.0 124.0 0.4644761991609975
52.0 126.0 0.0
54.0 0.0 0.0
54.0 2.0 0.08758693018322593
54.0 4.0 0.0
54.0 6.0 0.0
54.0 8.0 0.0
54.0 10.0 0.0
54.0 12.0 0.0
54.0 14.0 0.0
54.0 16.0 0.0021410929164543077
54.0 18.0 0.025068981181955483
54.0 20.0 0.08337311586457884
54.0 22.0 0.17767133411616473
54.0 24.0 0.2780417201893396
54.0 26.0 0.35686636850655923
54.0 28.0 0.41314790479857216
54.0 30.0 0.46570239687385867
54.0 32.0 0.49451141144111005
54.0 34.0 0.49223967222170634
54.0 36.0 0.4656129531177687
54.0 38.0 0.41192177303739413
54.0 40.0 0.3115899831608792
54.0 42.0 0.17184564456216403
54.0 44.0 0.06358943793017843
54.0 46.0 0.0
54.0 48.0 0.0
54.0 50.0 0.0
54.0 52.0 0.0
54.0 54.0 0.0
54.0 56.0 0.0
54.0 58.0 0.0
54.0 60.0 0.0
54.0 62.0 0.0
54.0 64.0 0.0
54.0 66.0 6.28367456380724E-4
54.0 68.0 0.051345494687689085
54.0 70.0 0.19097829737139374
54.0 72.0 0.3769069862389176
54.0 74.0 0.4774694815066078
54.0 76.0 0.47214121165315254
54.0 78.0 0.5266448656834287
54.0 80.0 0.5506897505621617
54.0 82.0 0.5422346325342213
54.0 84.0 0.505289549505804
54.0 86.0 0.48083334848538367
54.0 88.0 0.24707740614996662
54.0 90.0 0.0
54.0 92.0 0.0
54.0 94.0 0.0
54.0 96.0 0.0
54.0 98.0 0.0
54.0 100.0 0.0
54.0 102.0 0.0
54.0 104.0 0.0
54.0 106.0 0.0
54.0 108.0 0.0
54.0 110.0 0.0
54.0 112.0 0.0020545350212285685
54.0 114.0 0.07375220647190454
54.0 116.0 0.22243706223683576
54.0 118.0 0.31851621343421993
54.0 120.0 0.38318476876826574
54.0 122.0 0.4461136812757272
54.0 124.0 0.5115152221235165
54.0 126.0 0.43606224124741483
56.0 0.0 0.0
56.0 2.0 0.02579443765400154
56.0 4.0 0.0
56.0 6.0 0.0
56.0 8.0 0.0
56.0 10.0 0.0
56.0 12.0 0.0
56.0 14.0 9.329556567105017E-4
56.0 16.0 0.02296149870216105
56.0 18.0 0.09333106771675427
56.0 20.0 0.17526656031654406
56.0 22.0 0.2816124016164973
56.0 24.0 0.3703073287955805
56.0 26.0 0.42300899828578314
56.0 28.0 0.46368468036965654
56.0 30.0 0.48875851173841217
56.0 32.0 0.4941344073350286
56.0 34.0 0.47520236907900343
56.0 36.0 0.4340224098758743
56.0 38.0 0.36531490015824314
56.0 40.0 0.22710433627671744
56.0 42.0 0.12212904341086489
56.0 44.0 0.024566087153522213
56.0 46.0 0.0
56.0 48.0 0.0
56.0 50.0 0.0
56.0 52.0 0.0
56.0 54.0 0.0
56.0 56.0 0.0
56.0 58.0 0.0
56.0 60.0 0.0
56.0 62.0 0.0
56.0 64.0 0.0
56.0 66.0 5.324828785236178E-4
56.0 68.0 0.043793978426536866
56.0 70.0 0.21426896676591534
56.0 72.0 0.3996847280189779
56.0 74.0 0.4772155412226044
56.0 76.0 0.4633524828584808
56.0 78.0 0.5151890523604047
56.0 80.0 0.5383325540297665
56.0 82.0 0.529300790523786
56.0 84.0 0.4804265692116332
56.0 86.0 0.4189514928422138
56.0 88.0 0.2424874404084
56.0 90.0 0.004063344808935305
56.0 92.0 0.0
56.0 94.0 0.0
56.0 96.0 0.0
56.0 98.0 0.0
56.0 100.0 0.0
56.0 102.0 0.0
56.0 104.0 0.0
56.0 106.0 0.0
56.0 108.0 0.0
56.0 110.0 0.0
56.0 112.0 0.002306198595385583
56.0 114.0 0.09855474947966077
56.0 116.0 0.26761355504850315
56.0 118.0 0.36787793445931544
56.0 120.0 0.415218513662496
56.0 122.0 0.4735957362689485
56.0 124.0 0.5140968762523365
56.0 126.0 0.40275307257306014
58.0 0.0 0.0
58.0 2.0 0.013709974809375297
58.0 4.0 0.0
58.0 6.0 0.0
58.0 8.0 0.0
58.0 10.0 0.0
58.0 12.0 0.0
58.0 14.0 0.009278051385933796
58.0 16.0 0.07404541365750161
58.0 18.0 0.16360188079532148
58.0 20.0 0.26910392800611443
58.0 22.0 0.36483444455739855
58.0 24.0 0.4336335374380677
58.0 26.0 0.4772487497762323
58.0 28.0 0.49979499894497037
58.0 30.0 0.5017011068994761
58.0 32.0 0.48288870541631007
58.0 34.0 0.44433948312727384
58.0 36.0 0.3812506524685811
58.0 38.0 0.2853393651330602
58.0 40.0 0.14402931259890137
58.0 42.0 0.05405532267590125
58.0 44.0 5.055028095575723E-4
58.0 46.0 0.0
58.0 48.0 0.0
58.0 50.0 0.0
58.0 52.0 0.0
58.0 54.0 0.0
58.0 56.0 0.0
58.0 58.0 0.0
58.0 60.0 0.0
58.0 62.0 0.0
58.0 64.0 0.0
58.0 66.0 0.0
58.0 68.0 0.05329515612667229
58.0 70.0 0.22189769767547782
58.0 72.0 0.39078587278008975
58.0 74.0 0.4479318154202874
58.0 76.0 0.45614071629581726
58.0 78.0 0.5058835232194071
58.0 80.0 0.521781362154678
58.0 82.0 0.4860732604249849
58.0 84.0 0.42835852429434995
58.0 86.0 0.4283007313102716
58.0 88.0 0.21860458003212238
58.0 90.0 0.005874522249432278
58.0 92.0 0.0
58.0 94.0 0.0
58.0 96.0 0.0
58.0 98.0 0.0
58.0 100.0 0.0
58.0 102.0 0.0
58.0 104.0 0.0
58.0 106.0 0.0
58.0 108.0 0.0
58.0 110.0 0.0
58.0 112.0 0.004814361458255837
58.0 114.0 0.1385719822181204
58.0 116.0 0.3147540513092524
58.0 118.0 0.4115759724872352
58.0 120.0 0.44203281243550624
58.0 122.0 0.492645132529794
58.0 124.0 0.5391332900476302
58.0 126.0 0.3387109303624405
60.0 0.0 0.0
60.0 2.0 0.0
60.0 4.0 0.0
60.0 6.0 0.0
60.0 8.0 0.0
60.0 10.0 0.0
60.0 12.0 0.0
60.0 14.0 0.02624255432577917
60.0 16.0 0.12645868682869343
60.0 18.0 0.24176856407112976
60.0 20.0 0.3529551117270346
60.0 22.0 0.44408878590910467
60.0 24.0 0.4950692853227942
60.0 26.0 0.5180325294903477
60.0 28.0 0.513793191671621
60.0 30.0 0.489998961040985
60.0 32.0 0.44681929530794934
60.0 34.0 0.38049819731942197
60.0 36.0 0.2839470618835607
60.0 38.0 0.1379165771262509
60.0 40.0 0.05488679295681323
60.0 42.0 0.00363214702659812
60.0 44.0 0.0
60.0 46.0 0.0
60.0 48.0 0.0
60.0 50.0 0.0
60.0 52.0 0.0
60.0 54.0 0.0
60.0 56.0 0.0
60.0 58.0 0.0
60.0 60.0 0.0
60.0 62.0 0.0
60.0 64.0 0.0
60.0 66.0 9.522673677253881E-4
60.0 68.0 0.054311625729095904
60.0 70.0 0.19222267012830807
60.0 72.0 0.3241579290280197
60.0 74.0 0.43202557325739877
60.0 76.0 0.44692119341958186
60.0 78.0 0.4900547655177852
60.0 80.0 0.4829925195520178
60.0 82.0 0.4461664841588641
60.0 84.0 0.4004798288420163
60.0 86.0 0.38405578131203444
60.0 88.0 0.18914257101834378
60.0 90.0 0.00395000878635489
60.0 92.0 0.0
60.0 94.0 0.0
60.0 96.0 0.0
60.0 98.0 0.0
60.0 100.0 0.0
60.0 102.0 0.0
60.0 104.0 0.0
60.0 106.0 0.0
60.0 108.0 0.0
60.0 110.0 0.0
60.0 112.0 0.011162700968092956
60.0 114.0 0.1652442152728423
60.0 116.0 0.3138458926591214
60.0 118.0 0.3869781750027464
60.0 120.0 0.4385443316401099
60.0 122.0 0.5149475119228683
60.0 124.0 0.5351155323986153
60.0 126.0 0.26969342221810516
62.0 0.0 0.0
62.0 2.0 0.0
62.0 4.0 0.0
62.0 6.0 0.0
62.0 8.0 0.0
62.0 10.0 0.0
62.0 12.0 0.001546337102742979
62.0 14.0 0.05945668385279108
62.0 16.0 0.18506354572902042
62.0 18.0 0.3170572994028857
62.0 20.0 0.42016799700314733
62.0 22.0 0.4881845328634317
62.0 24.0 0.5210749425744458
62.0 26.0 0.5221598208337793
62.0 28.0 0.4992876121921945
62.0 30.0 0.4524819698712963
62.0 32.0 0.3789966794551867
62.0 34.0 0.2713747076570893
62.0 36.0 0.12207238682452286
62.0 38.0 0.04014817540423
62.0 40.0 0.0
62.0 42.0 0.0
62.0 44.0 0.0
62.0 46.0 0.0
62.0 48.0 0.0
62.0 50.0 0.0
62.0 52.0 0.0
62.0 54.0 0.0
62.0 56.0 0.0
62.0 58.0 0.0
62.0 60.0 0.0
62.0 62.0 0.0
62.0 64.0 0.0
62.0 66.0 0.0034854261029857634
62.0 68.0 0.0635612827518091
62.0 70.0 0.18284315653586958
62.0 72.0 0.2934195342628905
62.0 74.0 0.369529748521616
62.0 76.0 0.4409567250010533
62.0 78.0 0.4870910944661551
62.0 80.0 0.5046532291717105
62.0 82.0 0.4896908630465963
62.0 84.0 0.43395906871137746
62.0 86.0 0.3234262193469969
62.0 88.0 0.14837680633866582
62.0 90.0 0.001090869179701609
62.0 92.0 0.0
62.0 94.0 0.0
62.0 96.0 0.0
62.0 98.0 0.0
62.0 100.0 0.0
62.0 102.0 0.0
62.0 104.0 0.0
62.0 106.0 0.0
62.0 108.0 0.0
62.0 110.0 0.0
62.0 112.0 0.027087325145814328
62.0 114.0 0.2042854174256151
62.0 116.0 0.3351995386709618
62.0 118.0 0.40391602970066803
62.0 120.0 0.4597591137073304
62.0 122.0 0.5203591565325283
62.0 124.0 0.507804990567286
62.0 126.0 0.23001918512073147
64.0 0.0 0.0
64.0 2.0 0.0
64.0 4.0 0.0
64.0 6.0 0.0
64.0 8.0 0.0
64.0 10.0 0.0
64.0 12.0 0.004653698424817956
64.0 14.0 0.1011593358227577
64.0 16.0 0.24442031575424636
64.0 18.0 0.3823945794973749
64.0 20.0 0.4675847620270754
64.0 22.0 0.51523926628413
64.0 24.0 0.5245849974472144
64.0 26.0 0.5074004872627765
64.0 28.0 0.4652045818815837
64.0 30.0 0.39048113846915894
64.0 32.0 0.277265869816364
64.0 34.0 0.12831777231126543
64.0 36.0 0.028703043514382937
64.0 38.0 0.0
64.0 40.0 0.0
64.0 42.0 0.0
64.0 44.0 0.0
64.0 46.0 0.0
64.0 48.0 0.0
64.0 50.0 0.0
64.0 52.0 0.0
64.0 54.0 0.0
64.0 56.0 0.0
64.0 58.0 0.0
64.0 60.0 0.0
64.0 62.0 0.0
64.0 64.0 0.0
64.0 66.0 0.012469267326905328
64.0 68.0 0.08776505550279369
64.0 70.0 0.17808407157476044
64.0 72.0 0.2635171103509289
64.0 74.0 0.34196907762834244
64.0 76.0 0.4050600690220834
64.0 78.0 0.4453495348495345
64.0 80.0 0.4580341986819652
64.0 82.0 0.4381479471171886
64.0 84.0 0.37790543481490396
64.0 86.0 0.26886554151745173
64.0 88.0 0.09083127533985182
64.0 90.0 0.0
64.0 92.0 0.0
64.0 94.0 0.0
64.0 96.0 0.0
64.0 98.0 0.0
64.0 100.0 0.0
64.0 102.0 0.0
64.0 104.0 0.0
64.0 106.0 0.0
64.0 108.0 0.0
64.0 110.0 0.0
64.0 112.0 0.07153298854561836
64.0 114.0 0.23056274602572024
64.0 116.0 0.3412862099187706
64.0 118.0 0.4024676045379118
64.0 120.0 0.45938130963216994
64.0 122.0 0.5194784780264782
64.0 124.0 0.48603672819285415
64.0 126.0 0.1953428901398071
66.0 0.0 0.0
66.0 2.0 0.0
66.0 4.0 0.0
66.0 6.0 0.0
66.0 8.0 0.0
66.0 10.0 0.0
66.0 12.0 0.0103220491065398
66.0 14.0 0.15268559832797718
66.0 16.0 0.30739274356823637
66.0 18.0 0.42451447360794997
66.0 20.0 0.4916309021635918
66.0 22.0 0.5161852527026887
66.0 24.0 0.5078204573353648
66.0 26.0 0.4748601385170905
66.0 28.0 0.4107556374302743
66.0 30.0 0.30443539947480525
66.0 32.0 0.1528051312797942
66.0 34.0 0.03907212738166085
66.0 36.0 0.0
66.0 38.0 0.0
66.0 40.0 0.0
66.0 42.0 0.0
66.0 44.0 0.0
66.0 46.0 0.0
66.0 48.0 0.0
66.0 50.0 0.0
66.0 52.0 0.0
66.0 54.0 0.0
66.0 56.0 0.0
66.0 58.0 0.0
66.0 60.0 0.0
66.0 62.0 0.0
66.0 64.0 0.004443322877028744
66.0 66.0 0.043886772273975416
66.0 68.0 0.11233709176453899
66.0 70.0 0.17834514249889452
66.0 72.0 0.23915862535338883
66.0 74.0 0.2978478756177248
66.0 76.0 0.3458632957166332
66.0 78.0 0.37539314534288976
66.0 80.0 0.38739025569668367
66.0 82.0 0.3758994114124548
66.0 84.0 0.3188904844640017
66.0 86.0 0.18983107264698376
66.0 88.0 0.02434624439629791
66.0 90.0 0.0
66.0 92.0 0.0
66.0 94.0 0.0
66.0 96.0 0.0
66.0 98.0 0.0
66.0 100.0 0.0
66.0 102.0 0.0
66.0 104.0 0.0
66.0 106.0 0.0
66.0 108.0 0.0
66.0 110.0 0.0037992185225097473
66.0 112.0 0.10609082202240422
66.0 114.0 0.24218450623165708
66.0 116.0 0.3389072909171924
66.0 118.0 0.39418447299880793
66.0 120.0 0.4645564491223903
66.0 122.0 0.5051344589991816
66.0 124.0 0.46214012755959516
66.0 126.0 0.17167515358055763
68.0 0.0 0.0
68.0 2.0 0.0
68.0 4.0 0.0
68.0 6.0 0.0
68.0 8.0 0.0
68.0 10.0 0.0
68.0 12.0 0.030683723966137184
68.0 14.0 0.22117471496753582
68.0 16.0 0.3806766224150367
68.0 18.0 0.4671256562249815
68.0 20.0 0.41274848639178446
68.0 22.0 0.42855390453591546
68.0 24.0 0.44441457145409863
68.0 26.0 0.42242933839989055
68.0 28.0 0.33956678501184295
68.0 30.0 0.20709479263893024
68.0 32.0 0.05148809353496083
68.0 34.0 0.0037249096827625893
68.0 36.0 0.0
68.0 38.0 0.0
68.0 40.0 0.0
68.0 42.0 0.0
68.0 44.0 0.0
68.0 46.0 0.0
68.0 48.0 0.0
68.0 50.0 0.0
68.0 52.0 0.0
68.0 54.0 0.0
68.0 56.0 0.0
68.0 58.0 0.0
68.0 60.0 0.0
68.0 62.0 0.0
68.0 64.0 0.020149457451486896
68.0 66.0 0.08530555667266275
68.0 68.0 0.13640417781781092
68.0 70.0 0.18253465792074694
68.0 72.0 0.22382891907373845
68.0 74.0 0.2635981651996465
68.0 76.0 0.2952198047595341
68.0 78.0 0.3356544268776956
68.0 80.0 0.3489032385719146
68.0 82.0 0.3081041905883745
68.0 84.0 0.22640405698856425
68.0 86.0 0.08851084462648029
68.0 88.0 0.0
68.0 90.0 0.0
68.0 92.0 0.0
68.0 94.0 0.0
68.0 96.0 0.0
68.0 98.0 0.0
68.0 100.0 0.0
68.0 102.0 0.0
68.0 104.0 0.0
68.0 106.0 0.0
68.0 108.0 0.0
68.0 110.0 0.01196321150708037
68.0 112.0 0.12849568411358686
68.0 114.0 0.2411668234319759
68.0 116.0 0.32527233897317115
68.0 118.0 0.4082428193864298
68.0 120.0 0.47885924086557524
68.0 122.0 0.4794192008092182
68.0 124.0 0.4524437230380925
68.0 126.0 0.14570537063602648
70.0 0.0 0.0
70.0 2.0 0.0
70.0 4.0 0.0
70.0 6.0 0.0
70.0 8.0 0.0
70.0 10.0 0.0
70.0 12.0 0.11210252524719216
70.0 14.0 0.30371625943838326
70.0 16.0 0.3791972821993967
70.0 18.0 0.40756809692071333
70.0 20.0 0.4153263955786572
70.0 22.0 0.4281445655103085
70.0 24.0 0.41643376261136966
70.0 26.0 0.3637321016575111
70.0 28.0 0.2625170627167834
70.0 30.0 0.1156128305651248
70.0 32.0 0.020433756003558963
70.0 34.0 0.0
70.0 36.0 0.0
70.0 38.0 0.0
70.0 40.0 0.0
70.0 42.0 0.0
70.0 44.0 0.0
70.0 46.0 0.0
70.0 48.0 0.0
70.0 50.0 0.0
70.0 52.0 0.0
70.0 54.0 0.0
70.0 56.0 0.0
70.0 58.0 0.0
70.0 60.0 0.0011225251246544381
70.0 62.0 0.016777492097452936
70.0 64.0 0.0688845266511339
70.0 66.0 0.12617087085299244
70.0 68.0 0.163320740977829
70.0 70.0 0.1906711389038002
70.0 72.0 0.21352386404030396
70.0 74.0 0.23235974227410672
70.0 76.0 0.2621050899131602
70.0 78.0 0.27948493197256613
70.0 80.0 0.2516173040787562
70.0 82.0 0.19799007323928342
70.0 84.0 0.10945323001131833
70.0 86.0 8.472023594617677E-4
70.0 88.0 0.0
70.0 90.0 0.0
70.0 92.0 0.0
70.0 94.0 0.0
70.0 96.0 0.0
70.0 98.0 0.0
70.0 100.0 0.0
70.0 102.0 0.0
70.0 104.0 0.0
70.0 106.0 0.0
70.0 108.0 6.092090194203112E-4
70.0 110.0 0.03153537304392816
70.0 112.0 0.13757161565430484
70.0 114.0 0.22912435491333627
70.0 116.0 0.34581219357741994
70.0 118.0 0.4205392373768069
70.0 120.0 0.45405099145203526
70.0 122.0 0.46621131805275723
70.0 124.0 0.4435696792893793
70.0 126.0 0.122472358201361
72.0 0.0 0.0
72.0 2.0 0.0
72.0 4.0 0.0
72.0 6.0 0.0
72.0 8.0 0.0
72.0 10.0 0.03760443861810367
72.0 12.0 0.19750494310860212
72.0 14.0 0.3613513502199032
72.0 16.0 0.3810157965988628
72.0 18.0 0.3939952417693738
72.0 20.0 0.42598548278498294
72.0 22.0 0.4167413051976316
72.0 24.0 0.376879534007077
72.0 26.0 0.3030927143266586
72.0 28.0 0.18315501786873392
72.0 30.0 0.040514392928909536
72.0 32.0 0.001547722763155775
72.0 34.0 0.0
72.0 36.0 0.0
72.0 38.0 0.0
72.0 40.0 0.0
72.0 42.0 0.0
72.0 44.0 0.0
72.0 46.0 0.0
72.0 48.0 0.0
72.0 50.0 0.0
72.0 52.0 0.0
72.0 54.0 0.0
72.0 56.0 0.0
72.0 58.0 0.001368788785271295
72.0 60.0 0.024716028054133532
72.0 62.0 0.07501788960396032
72.0 64.0 0.13100800186974168
72.0 66.0 0.17087119238366746
72.0 68.0 0.19170981837248027
72.0 70.0 0.20184660474481483
72.0 72.0 0.2059138227627529
72.0 74.0 0.20245326683963408
72.0 76.0 0.20419533046704377
72.0 78.0 0.18151926428159595
72.0 80.0 0.12686664428222597
72.0 82.0 0.05294861548275844
72.0 84.0 0.0
72.0 86.0 0.0
72.0 88.0 0.0
72.0 90.0 0.0
72.0 92.0 0.0
72.0 94.0 0.0
72.0 96.0 0.0
72.0 98.0 0.0
72.0 100.0 0.0
72.0 102.0 0.0
72.0 104.0 0.0
72.0 106.0 0.0
72.0 108.0 0.005745766910132817
72.0 110.0 0.05257288724851783
72.0 112.0 0.1363370576009638
72.0 114.0 0.23553465095397189
72.0 116.0 0.33223821858302055
72.0 118.0 0.3910024119212799
72.0 120.0 0.4304649833553733
72.0 122.0 0.44900905503973165
72.0 124.0 0.43491203097569425
72.0 126.0 0.13388211467956965
74.0 0.0 0.0
74.0 2.0 0.0
74.0 4.0 0.0
74.0 6.0 0.0
74.0 8.0 0.012997595871449531
74.0 10.0 0.130094247068577
74.0 12.0 0.2838828358002665
74.0 14.0 0.39145128359765047
74.0 16.0 0.3763519943448115
74.0 18.0 0.4101501977695203
74.0 20.0 0.3605459044462979
74.0 22.0 0.34830827752383264
74.0 24.0 0.3057193656664204
74.0 26.0 0.2217125300013509
74.0 28.0 0.09067927687693939
74.0 30.0 0.017779724701287563
74.0 32.0 0.0
74.0 34.0 0.0
74.0 36.0 0.0
74.0 38.0 0.0
74.0 40.0 0.0
74.0 42.0 0.0
74.0 44.0 0.0
74.0 46.0 0.0
74.0 48.0 0.0
74.0 50.0 0.0
74.0 52.0 0.0
74.0 54.0 0.0
74.0 56.0 1.8358810867957306E-4
74.0 58.0 0.022910421021547483
74.0 60.0 0.09705342137644223
74.0 62.0 0.16370163189566853
74.0 64.0 0.19362579213825648
74.0 66.0 0.21993068944928862
74.0 68.0 0.22567780299793586
74.0 70.0 0.21660868301875924
74.0 72.0 0.19381970009113023
74.0 74.0 0.16185430699682604
74.0 76.0 0.11947136001495579
74.0 78.0 0.06736945097646245
74.0 80.0 0.0014039697890720164
74.0 82.0 0.0
74.0 84.0 0.0
74.0 86.0 0.0
74.0 88.0 0.0
74.0 90.0 0.0
74.0 92.0 0.0
74.0 94.0 0.0
74.0 96.0 0.0
74.0 98.0 0.0
74.0 100.0 0.0
74.0 102.0 0.0
74.0 104.0 0.0
74.0 106.0 0.0037965697350046197
74.0 108.0 0.024974589035850186
74.0 110.0 0.06651592217487444
74.0 112.0 0.12943774682841425
74.0 114.0 0.20710904110092151
74.0 116.0 0.2968204175845269
74.0 118.0 0.3595652597410079
74.0 120.0 0.40137153067131814
74.0 122.0 0.4288885182379987
74.0 124.0 0.43196061982767636
74.0 126.0 0.1697307317207535
76.0 0.0 0.0
76.0 2.0 0.0
76.0 4.0 0.0
76.0 6.0 0.009841503428234947
76.0 8.0 0.10167000702619611
76.0 10.0 0.219430586976924
76.0 12.0 0.3445961537855882
76.0 14.0 0.365181350387284
76.0 16.0 0.36423096849768216
76.0 18.0 0.35608214783982256
76.0 20.0 0.2881576740050593
76.0 22.0 0.26760657164037166
76.0 24.0 0.2135232186381022
76.0 26.0 0.12512083872055196
76.0 28.0 0.04718544011306689
76.0 30.0 0.0
76.0 32.0 0.0
76.0 34.0 0.0
76.0 36.0 0.0
76.0 38.0 0.0
76.0 40.0 0.0
76.0 42.0 0.0
76.0 44.0 0.0
76.0 46.0 0.0
76.0 48.0 0.0
76.0 50.0 0.0
76.0 52.0 0.0
76.0 54.0 0.0
76.0 56.0 0.01693702762016779
76.0 58.0 0.10823118557334444
76.0 60.0 0.2149905118736765
76.0 62.0 0.269926147245733
76.0 64.0 0.26682551721746545
76.0 66.0 0.2774182152080245
76.0 68.0 0.26543243547251455
76.0 70.0 0.22815587445041055
76.0 72.0 0.1720869379377752
76.0 74.0 0.10569092277106078
76.0 76.0 0.03011225088157676
76.0 78.0 0.0
76.0 80.0 0.0
76.0 82.0 0.0
76.0 84.0 0.0
76.0 86.0 0.0
76.0 88.0 0.0
76.0 90.0 0.0
76.0 92.0 0.0
76.0 94.0 0.0
76.0 96.0 0.0
76.0 98.0 0.0
76.0 100.0 0.0
76.0 102.0 2.0849479366658911E-4
76.0 104.0 0.009702111883734332
76.0 106.0 0.02803914761774254
76.0 108.0 0.0467747914034799
76.0 110.0 0.07875659647804756
76.0 112.0 0.12079281528527082
76.0 114.0 0.1870437879115616
76.0 116.0 0.2623491382782548
76.0 118.0 0.32095701599993215
76.0 120.0 0.36782008059791726
76.0 122.0 0.40516142163418767
76.0 124.0 0.41905460093786245
76.0 126.0 0.0
78.0 0.0 0.0
78.0 2.0 0.07718739754227714
78.0 4.0 0.02332544611115175
78.0 6.0 0.10643830379370939
78.0 8.0 0.19623094277708905
78.0 10.0 0.28198790416563746
78.0 12.0 0.34416834983572236
78.0 14.0 0.34417251711133784
78.0 16.0 0.3100682618994122
78.0 18.0 0.2670730739012243
78.0 20.0 0.2094271081143139
78.0 22.0 0.17774353874858353
78.0 24.0 0.1183603112526399
78.0 26.0 0.0644826455055284
78.0 28.0 0.011525793073840695
78.0 30.0 0.0
78.0 32.0 0.0
78.0 34.0 0.0
78.0 36.0 0.0
78.0 38.0 0.0
78.0 40.0 0.0
78.0 42.0 0.0
78.0 44.0 0.0
78.0 46.0 0.0
78.0 48.0 0.0
78.0 50.0 0.0
78.0 52.0 0.0
78.0 54.0 0.010769495685206546
78.0 56.0 0.09873835025540074
78.0 58.0 0.2421753180624835
78.0 60.0 0.3449072357627721
78.0 62.0 0.34977659785954024
78.0 64.0 0.34616366106626556
78.0 66.0 0.33535579452968495
78.0 68.0 0.29780935604881337
78.0 70.0 0.22896732962919797
78.0 72.0 0.13681106579337024
78.0 74.0 0.03129334416126799
78.0 76.0 0.0
78.0 78.0 0.0
78.0 80.0 0.0
78.0 82.0 0.0
78.0 84.0 0.0
78.0 86.0 0.0
78.0 88.0 0.0
78.0 90.0 0.0
78.0 92.0 0.0
78.0 94.0 0.0
78.0 96.0 0.0
78.0 98.0 0.0
78.0 100.0 0.0
78.0 102.0 0.004925564542558725
78.0 104.0 0.023367683105649382
78.0 106.0 0.04376803106949027
78.0 108.0 0.06138777345922256
78.0 110.0 0.0826706134888051
78.0 112.0 0.11063459811042563
78.0 114.0 0.1690857282726155
78.0 116.0 0.2253078689968322
78.0 118.0 0.282126322926793
78.0 120.0 0.336470682661554
78.0 122.0 0.3849381962941825
78.0 124.0 0.40739499962102527
78.0 126.0 0.0
80.0 0.0 0.0
80.0 2.0 0.0
80.0 4.0 0.2925583361815239
80.0 6.0 0.22436657838702292
80.0 8.0 0.24135337606633966
80.0 10.0 0.2770721054664762
80.0 12.0 0.29624756973511046
80.0 14.0 0.2728865779855815
80.0 16.0 0.22555478076521487
80.0 18.0 0.15666107447837418
80.0 20.0 0.11255519602253095
80.0 22.0 0.07070746109368771
80.0 24.0 0.02283553518687527
80.0 26.0 0.012110251211755754
80.0 28.0 0.0
80.0 30.0 0.0
80.0 32.0 0.0
80.0 34.0 0.0
80.0 36.0 0.0
80.0 38.0 0.0
80.0 40.0 0.0
80.0 42.0 0.0
80.0 44.0 0.0
80.0 46.0 0.0
80.0 48.0 0.0
80.0 50.0 0.0
80.0 52.0 0.005237687996794179
80.0 54.0 0.07635848548131811
80.0 56.0 0.23907781521759486
80.0 58.0 0.3714107767188058
80.0 60.0 0.42961389127280053
80.0 62.0 0.40204134682357145
80.0 64.0 0.39436433781517555
80.0 66.0 0.36198419815762956
80.0 68.0 0.30288812862140296
80.0 70.0 0.21218761731823552
80.0 72.0 0.08924274831889267
80.0 74.0 0.0
80.0 76.0 0.0
80.0 78.0 0.0
80.0 80.0 0.0
80.0 82.0 0.0
80.0 84.0 0.0
80.0 86.0 0.0
80.0 88.0 0.0
80.0 90.0 0.0
80.0 92.0 0.0
80.0 94.0 0.0
80.0 96.0 0.0
80.0 98.0 0.0
80.0 100.0 0.0
80.0 102.0 0.006808437155974577
80.0 104.0 0.025614381316612343
80.0 106.0 0.04444393829097879
80.0 108.0 0.0654791054050376
80.0 110.0 0.08427088288531276
80.0 112.0 0.11089653490768224
80.0 114.0 0.14550838560150298
80.0 116.0 0.19029858167058059
80.0 118.0 0.24414660279804348
80.0 120.0 0.3064774411536228
80.0 122.0 0.3588410318777229
80.0 124.0 0.37313388898116745
80.0 126.0 0.0
82.0 0.0 0.0
82.0 2.0 0.0
82.0 4.0 0.3550630671695403
82.0 6.0 0.2591734515219643
82.0 8.0 0.22241944542019224
82.0 10.0 0.2202679786868776
82.0 12.0 0.20568124405032706
82.0 14.0 0.16877509224591372
82.0 16.0 0.10004275233366382
82.0 18.0 0.062260710361591275
82.0 20.0 0.007232960433996331
82.0 22.0 0.0
82.0 24.0 0.0
82.0 26.0 0.0
82.0 28.0 0.0
82.0 30.0 0.0
82.0 32.0 0.0
82.0 34.0 0.0
82.0 36.0 0.0
82.0 38.0 0.0
82.0 40.0 0.0
82.0 42.0 0.0
82.0 44.0 0.0
82.0 46.0 0.0
82.0 48.0 0.0
82.0 50.0 0.00610310430258217
82.0 52.0 0.0625853584637933
82.0 54.0 0.2170888926197193
82.0 56.0 0.36151463867516354
82.0 58.0 0.45395655171362265
82.0 60.0 0.433396923347721
82.0 62.0 0.42007998605911573
82.0 64.0 0.39667851469592413
82.0 66.0 0.35004516243065814
82.0 68.0 0.2766815058640552
82.0 70.0 0.171882715121725
82.0 72.0 0.0453041704819342
82.0 74.0 0.0
82.0 76.0 0.0
82.0 78.0 0.0
82.0 80.0 0.0
82.0 82.0 0.0
82.0 84.0 0.0
82.0 86.0 0.0
82.0 88.0 0.0
82.0 90.0 0.0
82.0 92.0 0.0
82.0 94.0 0.0
82.0 96.0 0.0
82.0 98.0 0.0
82.0 100.0 0.0
82.0 102.0 0.0028683475393563532
82.0 104.0 0.017354234058282434
82.0 106.0 0.03182108832206624
82.0 108.0 0.04713875344958702
82.0 110.0 0.06621887562897578
82.0 112.0 0.08694340074993263
82.0 114.0 0.13107758999508817
82.0 116.0 0.17069728763446246
82.0 118.0 0.21503778093955794
82.0 120.0 0.27897673901219705
82.0 122.0 0.3273939839937866
82.0 124.0 0.32520873644111653
82.0 126.0 0.0
84.0 0.0 0.0
84.0 2.0 0.0
84.0 4.0 0.31751357550832243
84.0 6.0 0.18806059212826018
84.0 8.0 0.14232263575562196
84.0 10.0 0.12306172960565774
84.0 12.0 0.10372427868921737
84.0 14.0 0.07656063136495429
84.0 16.0 0.024502640232825463
84.0 18.0 0.0
84.0 20.0 0.0
84.0 22.0 0.0
84.0 24.0 0.0
84.0 26.0 0.0
84.0 28.0 0.0
84.0 30.0 0.0
84.0 32.0 0.0
84.0 34.0 0.0
84.0 36.0 0.0
84.0 38.0 0.0
84.0 40.0 0.0
84.0 42.0 0.0
84.0 44.0 0.0
84.0 46.0 0.0017505570960685663
84.0 48.0 0.01966576032118973
84.0 50.0 0.06546673301124845
84.0 52.0 0.19340621439196903
84.0 54.0 0.3339705932728167
84.0 56.0 0.432902059431592
84.0 58.0 0.42159111833062846
84.0 60.0 0.4447859899183035
84.0 62.0 0.417724744224417
84.0 64.0 0.37305249736376295
84.0 66.0 0.3143472645155777
84.0 68.0 0.2273688199713505
84.0 70.0 0.11026095588256159
84.0 72.0 0.005433697142958338
84.0 74.0 0.0
84.0 76.0 0.0
84.0 78.0 0.0
84.0 80.0 0.0
84.0 82.0 0.0
84.0 84.0 0.0
84.0 86.0 0.0
84.0 88.0 0.0
84.0 90.0 0.0
84.0 92.0 0.0
84.0 94.0 0.0
84.0 96.0 0.0
84.0 98.0 0.0
84.0 100.0 0.0
84.0 102.0 0.0010694721307814683
84.0 104.0 0.009874744719836131
84.0 106.0 0.01986315331615214
84.0 108.0 0.0328222235345058
84.0 110.0 0.055310346095388284
84.0 112.0 0.08307744809594513
84.0 114.0 0.11127940415121688
84.0 116.0 0.16180429351509548
84.0 118.0 0.19728766646347762
84.0 120.0 0.2522946517784337
84.0 122.0 0.30049464811385695
84.0 124.0 0.0
84.0 126.0 0.0
86.0 0.0 0.0
86.0 2.0 0.0
86.0 4.0 0.0
86.0 6.0 0.2062938081791648
86.0 8.0 0.09781746855220053
86.0 10.0 0.0681920234416763
86.0 12.0 0.04834176376819401
86.0 14.0 0.026206100825897582
86.0 16.0 0.005873100294299962
86.0 18.0 8.864578571108203E-5
86.0 20.0 0.0
86.0 22.0 0.0
86.0 24.0 0.0
86.0 26.0 0.0
86.0 28.0 0.0
86.0 30.0 0.0
86.0 32.0 0.0
86.0 34.0 0.0
86.0 36.0 0.0
86.0 38.0 0.0
86.0 40.0 0.0
86.0 42.0 0.0
86.0 44.0 0.004694040105443953
86.0 46.0 0.03684679498909336
86.0 48.0 0.0888071002174966
86.0 50.0 0.1696404227250948
86.0 52.0 0.2820601853281763
86.0 54.0 0.3849128620560185
86.0 56.0 0.4490261705008168
86.0 58.0 0.42050144428016684
86.0 60.0 0.4155250422848544
86.0 62.0 0.386900692716897
86.0 64.0 0.33298947151849806
86.0 66.0 0.2624541393469607
86.0 68.0 0.16156653598525575
86.0 70.0 0.04204060885426589
86.0 72.0 0.0
86.0 74.0 0.0
86.0 76.0 0.0
86.0 78.0 0.0
86.0 80.0 0.0
86.0 82.0 0.0
86.0 84.0 0.0
86.0 86.0 0.0
86.0 88.0 0.0
86.0 90.0 0.0
86.0 92.0 0.0
86.0 94.0 0.0
86.0 96.0 0.0
86.0 98.0 0.0
86.0 100.0 0.0
86.0 102.0 0.0
86.0 104.0 0.0019572609966437096
86.0 106.0 0.006010574957181359
86.0 108.0 0.009533756619440536
86.0 110.0 0.03343421787401616
86.0 112.0 0.07446247541783417
86.0 114.0 0.10944846026501487
86.0 116.0 0.15626440302383526
86.0 118.0 0.18622118142382607
86.0 120.0 0.22256209311399175
86.0 122.0 0.25766863012889485
86.0 124.0 0.0
86.0 126.0 0.0
88.0 0.0 0.0
88.0 2.0 0.0
88.0 4.0 0.0
88.0 6.0 0.0665218237997925
88.0 8.0 0.009845869819241024
88.0 10.0 0.004592491028842293
88.0 12.0 0.003385875726538664
88.0 14.0 0.0013797460698221295
88.0 16.0 0.0
88.0 18.0 0.0
88.0 20.0 0.0
88.0 22.0 0.0
88.0 24.0 0.0
88.0 26.0 0.0
88.0 28.0 0.0
88.0 30.0 0.0
88.0 32.0 0.0
88.0 34.0 0.0
88.0 36.0 0.0
88.0 38.0 0.0
88.0 40.0 7.554483605126478E-4
88.0 42.0 0.021676578657285436
88.0 44.0 0.05671610989400313
88.0 46.0 0.10803486005300035
88.0 48.0 0.15840787553240146
88.0 50.0 0.22987209514538576
88.0 52.0 0.320428472116895
88.0 54.0 0.3873845307360131
88.0 56.0 0.424626147667769
88.0 58.0 0.44069904262018644
88.0 60.0 0.4140138439777974
88.0 62.0 0.3352516746504762
88.0 64.0 0.27722315883234483
88.0 66.0 0.19992027986762886
88.0 68.0 0.09174502207476475
88.0 70.0 0.0
88.0 72.0 0.0
88.0 74.0 0.0
88.0 76.0 0.0
88.0 78.0 0.0
88.0 80.0 0.0
88.0 82.0 0.0
88.0 84.0 0.0
88.0 86.0 0.0
88.0 88.0 0.0
88.0 90.0 0.0
88.0 92.0 0.0
88.0 94.0 0.0
88.0 96.0 9.320216422051331E-4
88.0 98.0 0.007382065392074338
88.0 100.0 0.0048577251353600776
88.0 102.0 0.0
88.0 104.0 0.0
88.0 106.0 0.0
88.0 108.0 0.0035593898086741537
88.0 110.0 0.01906246969365331
88.0 112.0 0.05558341809728751
88.0 114.0 0.09971256061602977
88.0 116.0 0.14129093670726725
88.0 118.0 0.15330530464171646
88.0 120.0 0.1872647663553654
88.0 122.0 0.18442217102654498
88.0 124.0 0.0
88.0 126.0 0.0
90.0 0.0 0.0
90.0 2.0 0.0
90.0 4.0 0.0
90.0 6.0 0.025308752360699512
90.0 8.0 0.0
90.0 10.0 0.0
90.0 12.0 0.0
90.0 14.0 0.0
90.0 16.0 0.0
90.0 18.0 0.0
90.0 20.0 0.0
90.0 22.0 0.0
90.0 24.0 0.0
90.0 26.0 0.0
90.0 28.0 0.0
90.0 30.0 0.0
90.0 32.0 1.24983926470686E-4
90.0 34.0 0.009804172518324527
90.0 36.0 0.027248132818404377
90.0 38.0 0.038608834659409515
90.0 40.0 0.05901049336807158
90.0 42.0 0.08134481984096852
90.0 44.0 0.09908101547347829
90.0 46.0 0.1340596790317289
90.0 48.0 0.17505137029202142
90.0 50.0 0.2231405469739232
90.0 52.0 0.2719672566707045
90.0 54.0 0.31635683991889685
90.0 56.0 0.3498784331483491
90.0 58.0 0.364646226059075
90.0 60.0 0.34057568157714635
90.0 62.0 0.28355377823568767
90.0 64.0 0.21991055036089124
90.0 66.0 0.12494379045110844
90.0 68.0 0.0018700225728215992
90.0 70.0 0.0
90.0 72.0 0.0
90.0 74.0 0.0
90.0 76.0 0.0
90.0 78.0 0.0
90.0 80.0 0.0
90.0 82.0 0.0
90.0 84.0 0.0
90.0 86.0 0.0
90.0 88.0 0.0
90.0 90.0 0.0
90.0 92.0 0.0
90.0 94.0 0.006999294925390714
90.0 96.0 0.029075602967485206
90.0 98.0 0.043051096482828684
90.0 100.0 0.023940627045147576
90.0 102.0 0.007875133990852356
90.0 104.0 0.0
90.0 106.0 0.0
90.0 108.0 2.725871381450569E-4
90.0 110.0 0.008445833605610955
90.0 112.0 0.033182110501835525
90.0 114.0 0.0738804043664888
90.0 116.0 0.10444964411673409
90.0 118.0 0.13614339104024326
90.0 120.0 0.13408860421771066
90.0 122.0 0.0
90.0 124.0 0.0
90.0 126.0 0.0
92.0 0.0 0.0
92.0 2.0 0.0
92.0 4.0 0.0
92.0 6.0 0.0
92.0 8.0 0.011404614073685782
92.0 10.0 0.0
92.0 12.0 0.0
92.0 14.0 0.0
92.0 16.0 0.0
92.0 18.0 0.0
92.0 20.0 0.0
92.0 22.0 0.0
92.0 24.0 0.0
92.0 26.0 0.0
92.0 28.0 0.0
92.0 30.0 0.0
92.0 32.0 0.00857184360426364
92.0 34.0 0.050621588584610376
92.0 36.0 0.10601530379847839
92.0 38.0 0.13092751744835776
92.0 40.0 0.15116870958117742
92.0 42.0 0.1657699237242896
92.0 44.0 0.1699118538249529
92.0 46.0 0.16955086482615975
92.0 48.0 0.17998864533535533
92.0 50.0 0.20469787474019996
92.0 52.0 0.2338789095562275
92.0 54.0 0.2543926299345045
92.0 56.0 0.2678756112741158
92.0 58.0 0.26554444916852976
92.0 60.0 0.24786123828018858
92.0 62.0 0.20907930612621248
92.0 64.0 0.1470017946240025
92.0 66.0 0.03639121798185605
92.0 68.0 0.0
92.0 70.0 0.0
92.0 72.0 0.0
92.0 74.0 0.0
92.0 76.0 0.0
92.0 78.0 0.0
92.0 80.0 0.0
92.0 82.0 0.0
92.0 84.0 0.0
92.0 86.0 0.0
92.0 88.0 0.0
92.0 90.0 0.0
92.0 92.0 0.004008054143159936
92.0 94.0 0.038167856318580724
92.0 96.0 0.07302351430026002
92.0 98.0 0.09607746311605474
92.0 100.0 0.06954498826984487
92.0 102.0 0.02405999271297953
92.0 104.0 0.0015197070849358666
92.0 106.0 0.0
92.0 108.0 0.0
92.0 110.0 0.0
92.0 112.0 0.004749027216604075
92.0 114.0 0.03130644014324798
92.0 116.0 0.05349488373470273
92.0 118.0 0.06211896910123743
92.0 120.0 0.05012632041525367
92.0 122.0 0.0
92.0 124.0 0.0
92.0 126.0 0.0
94.0 0.0 0.0
94.0 2.0 0.0
94.0 4.0 0.0
94.0 6.0 0.0
94.0 8.0 0.0021387366003441694
94.0 10.0 0.0
94.0 12.0 0.0
94.0 14.0 0.0
94.0 16.0 0.0
94.0 18.0 0.0
94.0 20.0 0.0
94.0 22.0 0.0
94.0 24.0 0.0
94.0 26.0 0.0
94.0 28.0 0.0014187880679073794
94.0 30.0 0.010169242638143845
94.0 32.0 0.03541355634914152
94.0 34.0 0.10884548543035251
94.0 36.0 0.17741351223248236
94.0 38.0 0.2148962058804477
94.0 40.0 0.23287352430449446
94.0 42.0 0.23350296947334345
94.0 44.0 0.20885912795498932
94.0 46.0 0.17166760393967592
94.0 48.0 0.140871010268629
94.0 50.0 0.13169515251891142
94.0 52.0 0.15000149246213268
94.0 54.0 0.16680864780155003
94.0 56.0 0.18082603742542191
94.0 58.0 0.18256923493856236
94.0 60.0 0.16596027222105283
94.0 62.0 0.12721880105595662
94.0 64.0 0.06932967898087827
94.0 66.0 2.4064431880493293E-4
94.0 68.0 0.0
94.0 70.0 0.0
94.0 72.0 0.0
94.0 74.0 0.0
94.0 76.0 0.0
94.0 78.0 0.0
94.0 80.0 0.0
94.0 82.0 0.0
94.0 84.0 0.0
94.0 86.0 0.0
94.0 88.0 0.0
94.0 90.0 0.0
94.0 92.0 0.00878899972997099
94.0 94.0 0.07283274961847563
94.0 96.0 0.11281571477224417
94.0 98.0 0.13705142934942213
94.0 100.0 0.13461314221744838
94.0 102.0 0.07803973063230524
94.0 104.0 0.015088847105178953
94.0 106.0 0.0
94.0 108.0 0.0
94.0 110.0 0.0
94.0 112.0 0.0
94.0 114.0 0.0
94.0 116.0 0.0
94.0 118.0 0.0
94.0 120.0 0.0
94.0 122.0 0.0
94.0 124.0 0.0
94.0 126.0 0.0
96.0 0.0 0.0
96.0 2.0 0.0
96.0 4.0 0.0
96.0 6.0 0.0
96.0 8.0 0.0
96.0 10.0 0.0
96.0 12.0 0.0
96.0 14.0 0.0
96.0 16.0 0.0
96.0 18.0 0.0
96.0 20.0 0.0
96.0 22.0 0.0
96.0 24.0 0.0
96.0 26.0 0.0
96.0 28.0 0.003199638915495777
96.0 30.0 0.029120820216773324
96.0 32.0 0.08889181482812136
96.0 34.0 0.16225436689791445
96.0 36.0 0.2434478398048386
96.0 38.0 0.2785606581937589
96.0 40.0 0.28646013885727417
96.0 42.0 0.25516845328016297
96.0 44.0 0.18550279982773377
96.0 46.0 0.10183998076551211
96.0 48.0 0.0373309521506066
96.0 50.0 0.02484129796812112
96.0 52.0 0.04262374942922376
96.0 54.0 0.0615089372835548
96.0 56.0 0.07896735913806525
96.0 58.0 0.08356142736893461
96.0 60.0 0.07021379329016648
96.0 62.0 0.03393304200409853
96.0 64.0 9.626117043186451E-5
96.0 66.0 0.0
96.0 68.0 0.0
96.0 70.0 0.0
96.0 72.0 0.0
96.0 74.0 0.0
96.0 76.0 0.0
96.0 78.0 0.0
96.0 80.0 0.0
96.0 82.0 0.0
96.0 84.0 0.0
96.0 86.0 0.0
96.0 88.0 0.0
96.0 90.0 0.008955305194163347
96.0 92.0 0.06041400851078373
96.0 94.0 0.1226582037288637
96.0 96.0 0.16076742849166312
96.0 98.0 0.1745806638064026
96.0 100.0 0.18240962713324968
96.0 102.0 0.1352625635069307
96.0 104.0 0.05749032229188302
96.0 106.0 5.762083960721753E-5
96.0 108.0 0.0
96.0 110.0 0.0
96.0 112.0 0.0
96.0 114.0 0.0
96.0 116.0 0.0
96.0 118.0 0.0
96.0 120.0 0.0
96.0 122.0 0.0
96.0 124.0 0.0
96.0 126.0 0.0
98.0 0.0 0.0
98.0 2.0 0.0
98.0 4.0 0.0
98.0 6.0 0.0
98.0 8.0 0.0
98.0 10.0 0.0
98.0 12.0 0.0
98.0 14.0 0.0
98.0 16.0 0.0
98.0 18.0 0.0
98.0 20.0 0.0
98.0 22.0 0.0
98.0 24.0 0.0
98.0 26.0 0.0011035589763063803
98.0 28.0 0.02172173647987877
98.0 30.0 0.08121263768218091
98.0 32.0 0.14500319519332708
98.0 34.0 0.21135772607480444
98.0 36.0 0.2931235783260179
98.0 38.0 0.32286901641839677
98.0 40.0 0.3020339417877819
98.0 42.0 0.22701620183711535
98.0 44.0 0.10859745285487223
98.0 46.0 0.008223829373770716
98.0 48.0 0.0
98.0 50.0 0.0
98.0 52.0 0.0
98.0 54.0 0.0
98.0 56.0 0.0
98.0 58.0 0.0
98.0 60.0 0.0
98.0 62.0 0.0
98.0 64.0 0.0
98.0 66.0 0.0
98.0 68.0 0.0
98.0 70.0 0.0
98.0 72.0 0.0
98.0 74.0 0.0
98.0 76.0 0.0
98.0 78.0 0.0
98.0 80.0 0.0
98.0 82.0 0.0
98.0 84.0 0.0
98.0 86.0 0.0
98.0 88.0 0.00922278916959976
98.0 90.0 0.0671122966477915
98.0 92.0 0.14270990963953034
98.0 94.0 0.20243875084059695
98.0 96.0 0.23499425593123494
98.0 98.0 0.25931088016357035
98.0 100.0 0.23796648128089806
98.0 102.0 0.17289555168606105
98.0 104.0 0.09010076654268971
98.0 106.0 5.170865385948066E-5
98.0 108.0 0.0
98.0 110.0 0.0
98.0 112.0 0.0
98.0 114.0 0.0
98.0 116.0 0.0
98.0 118.0 0.0
98.0 120.0 0.0
98.0 122.0 0.0
98.0 124.0 0.0
98.0 126.0 0.0
100.0 0.0 0.0
100.0 2.0 0.0
100.0 4.0 0.0
100.0 6.0 0.0
100.0 8.0 0.0
100.0 10.0 0.0
100.0 12.0 0.0
100.0 14.0 0.0
100.0 16.0 0.0
100.0 18.0 0.0
100.0 20.0 0.0
100.0 22.0 0.0
100.0 24.0 2.6763655519160306E-4
100.0 26.0 0.018116994737946868
100.0 28.0 0.06743837486524738
100.0 30.0 0.14403306524814505
100.0 32.0 0.20329679572895828
100.0 34.0 0.2904276046644339
100.0 36.0 0.32906108387311744
100.0 38.0 0.3456415057370063
100.0 40.0 0.2849528308256036
100.0 42.0 0.15637335482244438
100.0 44.0 0.017200708526090125
100.0 46.0 0.0
100.0 48.0 0.0
100.0 50.0 0.0
100.0 52.0 0.0
100.0 54.0 0.0
100.0 56.0 0.0
100.0 58.0 0.0
100.0 60.0 0.0
100.0 62.0 0.0
100.0 64.0 0.0
100.0 66.0 0.0
100.0 68.0 0.0
100.0 70.0 0.0
100.0 72.0 0.0
100.0 74.0 0.0
100.0 76.0 0.0
100.0 78.0 0.0
100.0 80.0 0.0
100.0 82.0 0.0
100.0 84.0 0.0015683740339225585
100.0 86.0 0.021595954504552917
100.0 88.0 0.05473480976814756
100.0 90.0 0.12181726930343023
100.0 92.0 0.21400108967192147
100.0 94.0 0.2903055839238961
100.0 96.0 0.33492449309709577
100.0 98.0 0.3256377843232807
100.0 100.0 0.28012285446826685
100.0 102.0 0.1935151825693219
100.0 104.0 0.09205177785562187
100.0 106.0 1.1466444705891197E-4
100.0 108.0 0.0
100.0 110.0 0.0
100.0 112.0 0.0
100.0 114.0 0.0
100.0 116.0 0.0
100.0 118.0 0.0
100.0 120.0 0.0
100.0 122.0 0.0
100.0 124.0 0.0
100.0 126.0 0.0
102.0 0.0 0.0
102.0 2.0 0.0
102.0 4.0 0.0
102.0 6.0 0.0
102.0 8.0 0.0
102.0 10.0 0.0
102.0 12.0 0.0
102.0 14.0 0.0
102.0 16.0 0.0
102.0 18.0 0.0
102.0 20.0 0.0
102.0 22.0 0.0
102.0 24.0 9.569768344084821E-4
102.0 26.0 0.05892581161135165
102.0 28.0 0.14683827914943015
102.0 30.0 0.22917114372415273
102.0 32.0 0.2792010794420335
102.0 34.0 0.31485800536682934
102.0 36.0 0.390633709284893
102.0 38.0 0.35181778675791003
102.0 40.0 0.2420611732576964
102.0 42.0 0.06757735713208907
102.0 44.0 0.0
102.0 46.0 0.0
102.0 48.0 0.0
102.0 50.0 0.0
102.0 52.0 0.0
102.0 54.0 0.0
102.0 56.0 0.0
102.0 58.0 0.0
102.0 60.0 0.0
102.0 62.0 0.0
102.0 64.0 0.0
102.0 66.0 0.0
102.0 68.0 0.0
102.0 70.0 0.0
102.0 72.0 0.0
102.0 74.0 0.0
102.0 76.0 0.0
102.0 78.0 0.0
102.0 80.0 0.0
102.0 82.0 0.0023168776251903493
102.0 84.0 0.019972876368380427
102.0 86.0 0.0568036995350513
102.0 88.0 0.12296576190276211
102.0 90.0 0.18799943881715628
102.0 92.0 0.2730024723386688
102.0 94.0 0.364747850682138
102.0 96.0 0.4065091390240561
102.0 98.0 0.3822879549169853
102.0 100.0 0.314869326604479
102.0 102.0 0.20448594976017978
102.0 104.0 0.08275449640420315
102.0 106.0 0.0
102.0 108.0 0.0
102.0 110.0 0.0
102.0 112.0 0.0
102.0 114.0 0.0
102.0 116.0 0.0
102.0 118.0 0.0
102.0 120.0 0.0
102.0 122.0 0.0
102.0 124.0 0.0
102.0 126.0 0.0
104.0 0.0 0.0
104.0 2.0 0.0
104.0 4.0 0.0
104.0 6.0 0.0
104.0 8.0 0.0
104.0 10.0 0.0
104.0 12.0 0.0
104.0 14.0 0.0
104.0 16.0 0.0
104.0 18.0 0.0
104.0 20.0 0.0
104.0 22.0 0.0
104.0 24.0 0.013638223191020706
104.0 26.0 0.13326855431553639
104.0 28.0 0.2479892467249357
104.0 30.0 0.30624383450586734
104.0 32.0 0.3399504434457463
104.0 34.0 0.3832483235009294
104.0 36.0 0.42696125566644394
104.0 38.0 0.3456056115504873
104.0 40.0 0.17811218220077238
104.0 42.0 0.0034855943185162232
104.0 44.0 0.0
104.0 46.0 0.0
104.0 48.0 0.0
104.0 50.0 0.0
104.0 52.0 0.0
104.0 54.0 0.0
104.0 56.0 0.0
104.0 58.0 0.0
104.0 60.0 0.0
104.0 62.0 0.0
104.0 64.0 0.0
104.0 66.0 0.0
104.0 68.0 0.0
104.0 70.0 0.0
104.0 72.0 5.007048598430937E-4
104.0 74.0 0.0
104.0 76.0 0.0
104.0 78.0 0.0
104.0 80.0 0.0
104.0 82.0 0.016446471089357633
104.0 84.0 0.058772866170126226
104.0 86.0 0.09366726827844439
104.0 88.0 0.16710886122714572
104.0 90.0 0.22967256985229614
104.0 92.0 0.3394202836262242
104.0 94.0 0.4226729831294291
104.0 96.0 0.44762647047491394
104.0 98.0 0.4240746868188697
104.0 100.0 0.33843938479383007
104.0 102.0 0.20121894890734718
104.0 104.0 0.05800301081996781
104.0 106.0 0.0
104.0 108.0 0.0
104.0 110.0 0.0
104.0 112.0 0.0
104.0 114.0 0.0
104.0 116.0 0.0
104.0 118.0 0.0
104.0 120.0 0.0
104.0 122.0 0.0
104.0 124.0 0.0
104.0 126.0 0.0
106.0 0.0 0.0
106.0 2.0 0.0
106.0 4.0 0.0
106.0 6.0 0.0
106.0 8.0 0.0
106.0 10.0 0.0
106.0 12.0 0.0
106.0 14.0 0.0
106.0 16.0 0.0
106.0 18.0 0.0
106.0 20.0 0.0
106.0 22.0 0.0
106.0 24.0 0.03232427430177292
106.0 26.0 0.20242813459856288
106.0 28.0 0.34133200155123183
106.0 30.0 0.4048806615867513
106.0 32.0 0.4218432048355622
106.0 34.0 0.4343694254118304
106.0 36.0 0.4359984118799112
106.0 38.0 0.3365806119186803
106.0 40.0 0.11049852963242483
106.0 42.0 0.0
106.0 44.0 0.0
106.0 46.0 0.0
106.0 48.0 0.0
106.0 50.0 0.0
106.0 52.0 0.0
106.0 54.0 0.0
106.0 56.0 0.0
106.0 58.0 0.0
106.0 60.0 0.0
106.0 62.0 0.0
106.0 64.0 0.0
106.0 66.0 0.0
106.0 68.0 0.0
106.0 70.0 0.005532800842089905
106.0 72.0 0.00785278129974848
106.0 74.0 0.0030993001095526583
106.0 76.0 0.0
106.0 78.0 0.0
106.0 80.0 0.0
106.0 82.0 0.030969542859865768
106.0 84.0 0.08351837150268589
106.0 86.0 0.11491123268588886
106.0 88.0 0.18955857454312752
106.0 90.0 0.25691042190927527
106.0 92.0 0.3788787305232841
106.0 94.0 0.4501387170457234
106.0 96.0 0.4661378927993547
106.0 98.0 0.4417573259133784
106.0 100.0 0.33908914534120793
106.0 102.0 0.17552797425245412
106.0 104.0 0.022773041516370995
106.0 106.0 0.0
106.0 108.0 0.0
106.0 110.0 0.0
106.0 112.0 0.0
106.0 114.0 0.0
106.0 116.0 0.0
106.0 118.0 0.0
106.0 120.0 0.0
106.0 122.0 0.0
106.0 124.0 0.0
106.0 126.0 0.0
108.0 0.0 0.0
108.0 2.0 0.0
108.0 4.0 0.0
108.0 6.0 0.0
108.0 8.0 0.0
108.0 10.0 0.0
108.0 12.0 0.0
108.0 14.0 0.0
108.0 16.0 0.0
108.0 18.0 0.0
108.0 20.0 0.0
108.0 22.0 0.0
108.0 24.0 0.05874865856873781
108.0 26.0 0.2570322367695198
108.0 28.0 0.37171797995201444
108.0 30.0 0.4409844220736457
108.0 32.0 0.4845255328194591
108.0 34.0 0.48521053387145496
108.0 36.0 0.4353893909658104
108.0 38.0 0.29271144111347636
108.0 40.0 0.06475013331160817
108.0 42.0 0.0
108.0 44.0 0.0
108.0 46.0 0.0
108.0 48.0 0.0
108.0 50.0 0.0
108.0 52.0 0.0
108.0 54.0 0.0
108.0 56.0 0.0
108.0 58.0 0.0
108.0 60.0 0.0
108.0 62.0 0.0
108.0 64.0 0.0
108.0 66.0 0.0
108.0 68.0 0.0
108.0 70.0 0.008511324482521088
108.0 72.0 0.026263498749750147
108.0 74.0 0.022753662262115327
108.0 76.0 0.008043439710784242
108.0 78.0 0.0
108.0 80.0 0.0
108.0 82.0 0.0348903182492089
108.0 84.0 0.09432974525166109
108.0 86.0 0.12684623454968805
108.0 88.0 0.19420761997752853
108.0 90.0 0.2849624917131714
108.0 92.0 0.3789304087012955
108.0 94.0 0.4477776787446642
108.0 96.0 0.47597673591820616
108.0 98.0 0.44475369776579116
108.0 100.0 0.31208542285562657
108.0 102.0 0.1093679583148109
108.0 104.0 0.0
108.0 106.0 0.0
108.0 108.0 0.0
108.0 110.0 0.0
108.0 112.0 0.0
108.0 114.0 0.0
108.0 116.0 0.0
108.0 118.0 0.0
108.0 120.0 0.0
108.0 122.0 0.0
108.0 124.0 0.0
108.0 126.0 0.0
110.0 0.0 0.0
110.0 2.0 0.0
110.0 4.0 0.0
110.0 6.0 0.0
110.0 8.0 0.0
110.0 10.0 0.0
110.0 12.0 0.0
110.0 14.0 0.0
110.0 16.0 0.0
110.0 18.0 0.0
110.0 20.0 0.0
110.0 22.0 0.0
110.0 24.0 0.03739515262435326
110.0 26.0 0.25818496530246954
110.0 28.0 0.4269802502806828
110.0 30.0 0.5184819187331277
110.0 32.0 0.5582717891821422
110.0 34.0 0.5217618032738782
110.0 36.0 0.4947679434283281
110.0 38.0 0.296323034542018
110.0 40.0 0.02277720850540701
110.0 42.0 0.0
110.0 44.0 0.0
110.0 46.0 0.0
110.0 48.0 0.0
110.0 50.0 0.0
110.0 52.0 0.0
110.0 54.0 0.0
110.0 56.0 0.0
110.0 58.0 0.0
110.0 60.0 0.0
110.0 62.0 0.0
110.0 64.0 0.0
110.0 66.0 0.0
110.0 68.0 0.0
110.0 70.0 0.018775638562722907
110.0 72.0 0.04680217306172926
110.0 74.0 0.0405344664980398
110.0 76.0 0.01898922785401651
110.0 78.0 0.003932153005084504
110.0 80.0 0.0
110.0 82.0 0.022620295650407348
110.0 84.0 0.09464185648038508
110.0 86.0 0.13254485303870495
110.0 88.0 0.18874877629878764
110.0 90.0 0.27706938952940224
110.0 92.0 0.36280141440124464
110.0 94.0 0.4436050575984331
110.0 96.0 0.4786497333082195
110.0 98.0 0.4197087288196002
110.0 100.0 0.24641309678617582
110.0 102.0 0.031393193170053686
110.0 104.0 0.0
110.0 106.0 0.0
110.0 108.0 0.0
110.0 110.0 0.0
110.0 112.0 0.0
110.0 114.0 0.0
110.0 116.0 0.0
110.0 118.0 0.0
110.0 120.0 0.0
110.0 122.0 0.0
110.0 124.0 0.0
110.0 126.0 0.0
112.0 0.0 0.0
112.0 2.0 0.0
112.0 4.0 0.0
112.0 6.0 0.0
112.0 8.0 0.0
112.0 10.0 0.0
112.0 12.0 0.0
112.0 14.0 0.0
112.0 16.0 0.0
112.0 18.0 0.0
112.0 20.0 0.0
112.0 22.0 0.0
112.0 24.0 0.0400605385337257
112.0 26.0 0.23644393946123773
112.0 28.0 0.40983776260417626
112.0 30.0 0.5108449523715938
112.0 32.0 0.5494030264069998
112.0 34.0 0.5252024612137225
112.0 36.0 0.4372003833525376
112.0 38.0 0.24034932517958418
112.0 40.0 0.011834890504692682
112.0 42.0 0.0
112.0 44.0 0.0
112.0 46.0 0.0
112.0 48.0 0.0
112.0 50.0 0.0
112.0 52.0 0.0
112.0 54.0 0.0
112.0 56.0 0.0
112.0 58.0 0.0
112.0 60.0 0.0
112.0 62.0 0.0022488305970167623
112.0 64.0 0.005317732193896766
112.0 66.0 0.001341719795380309
112.0 68.0 0.0
112.0 70.0 0.014597240426879045
112.0 72.0 0.07029665184546531
112.0 74.0 0.06664908889310213
112.0 76.0 0.02717688995568661
112.0 78.0 0.005808695852151688
112.0 80.0 0.0
112.0 82.0 0.00655161456675481
112.0 84.0 0.07551755046677738
112.0 86.0 0.12089253962069568
112.0 88.0 0.15791407717586073
112.0 90.0 0.24495553834126893
112.0 92.0 0.3375609921397737
112.0 94.0 0.41582462635740286
112.0 96.0 0.4441291217550811
112.0 98.0 0.3552490422254946
112.0 100.0 0.12508426091250058
112.0 102.0 0.0
112.0 104.0 0.0
112.0 106.0 0.0
112.0 108.0 0.0
112.0 110.0 0.0
112.0 112.0 0.0
112.0 114.0 0.0
112.0 116.0 0.0
112.0 118.0 0.0
112.0 120.0 0.0
112.0 122.0 0.0
112.0 124.0 0.0
112.0 126.0 0.0
114.0 0.0 0.0
114.0 2.0 0.0
114.0 4.0 0.0
114.0 6.0 0.0
114.0 8.0 0.0
114.0 10.0 0.0
114.0 12.0 0.0
114.0 14.0 0.0
114.0 16.0 0.0
114.0 18.0 0.0
114.0 20.0 0.0
114.0 22.0 0.0
114.0 24.0 0.0
114.0 26.0 0.25674110494510655
114.0 28.0 0.3994278768811232
114.0 30.0 0.4703424969975449
114.0 32.0 0.5089384531351094
114.0 34.0 0.49380709331983863
114.0 36.0 0.4145141253435906
114.0 38.0 0.2144191686371758
114.0 40.0 0.005456967245389775
114.0 42.0 0.0
114.0 44.0 0.0
114.0 46.0 0.0
114.0 48.0 0.0
114.0 50.0 0.0
114.0 52.0 0.0
114.0 54.0 0.0
114.0 56.0 0.0
114.0 58.0 0.0
114.0 60.0 0.0
114.0 62.0 0.01007130582426616
114.0 64.0 0.033755642844567425
114.0 66.0 0.026755029791841536
114.0 68.0 0.03253746244440113
114.0 70.0 0.03185271060865313
114.0 72.0 0.06345795546048308
114.0 74.0 0.07582629671398901
114.0 76.0 0.03688896358032291
114.0 78.0 0.004448121457649301
114.0 80.0 0.0
114.0 82.0 0.0
114.0 84.0 0.03566796000025891
114.0 86.0 0.08993416388208535
114.0 88.0 0.1270615234418084
114.0 90.0 0.19411952477479288
114.0 92.0 0.27458251042641957
114.0 94.0 0.3459556829676938
114.0 96.0 0.36403249883709926
114.0 98.0 0.2127335879650646
114.0 100.0 0.0058839358475192656
114.0 102.0 0.0
114.0 104.0 0.0
114.0 106.0 0.0
114.0 108.0 0.0
114.0 110.0 0.0
114.0 112.0 0.0
114.0 114.0 0.0
114.0 116.0 0.0
114.0 118.0 0.0
114.0 120.0 0.0
114.0 122.0 0.0
114.0 124.0 0.0
114.0 126.0 0.0
116.0 0.0 0.0
116.0 2.0 0.0
116.0 4.0 0.0
116.0 6.0 0.0
116.0 8.0 0.0
116.0 10.0 0.0
116.0 12.0 0.0
116.0 14.0 0.0
116.0 16.0 0.0
116.0 18.0 0.0
116.0 20.0 0.0
116.0 22.0 0.0
116.0 24.0 0.0
116.0 26.0 0.0
116.0 28.0 0.38922375949840854
116.0 30.0 0.494471238034441
116.0 32.0 0.49225397333168536
116.0 34.0 0.47641281776478467
116.0 36.0 0.43250230670026046
116.0 38.0 0.2176868720866922
116.0 40.0 0.0014429045969783756
116.0 42.0 0.0
116.0 44.0 0.0
116.0 46.0 0.0
116.0 48.0 0.0
116.0 50.0 0.0
116.0 52.0 0.0
116.0 54.0 0.0
116.0 56.0 0.0
116.0 58.0 0.0
116.0 60.0 0.0
116.0 62.0 0.006900791826320883
116.0 64.0 0.0664391073823321
116.0 66.0 0.09418361871784277
116.0 68.0 0.09685553530237605
116.0 70.0 0.09024233030004174
116.0 72.0 0.06983700625561921
116.0 74.0 0.05801807626494382
116.0 76.0 0.04162999178506264
116.0 78.0 0.00969817621371807
116.0 80.0 0.0
116.0 82.0 0.0
116.0 84.0 0.0027065731281580656
116.0 86.0 0.04245423245009237
116.0 88.0 0.08166451782698692
116.0 90.0 0.1349360872881015
116.0 92.0 0.18145703644918365
116.0 94.0 0.2282057643333457
116.0 96.0 0.21465639211979404
116.0 98.0 0.06127553909689896
116.0 100.0 0.0
116.0 102.0 0.0
116.0 104.0 0.0
116.0 106.0 0.0
116.0 108.0 0.0
116.0 110.0 0.0
116.0 112.0 0.0
116.0 114.0 0.0
116.0 116.0 0.0
116.0 118.0 0.0
116.0 120.0 0.0
116.0 122.0 0.0
116.0 124.0 0.0
116.0 126.0 0.0
118.0 0.0 0.0
118.0 2.0 0.0
118.0 4.0 0.0
118.0 6.0 0.0
118.0 8.0 0.0
118.0 10.0 0.0
118.0 12.0 0.0
118.0 14.0 0.0
118.0 16.0 0.0
118.0 18.0 0.0
118.0 20.0 0.0
118.0 22.0 0.0
118.0 24.0 0.0
118.0 26.0 0.0
118.0 28.0 0.0
118.0 30.0 0.0
118.0 32.0 0.48880002582740945
118.0 34.0 0.5591875191303085
118.0 36.0 0.48589133543078106
118.0 38.0 0.3017071379688356
118.0 40.0 0.04230879761907627
118.0 42.0 0.0
118.0 44.0 0.0
118.0 46.0 0.0
118.0 48.0 0.0
118.0 50.0 0.0
118.0 52.0 0.0
118.0 54.0 0.0
118.0 56.0 0.0
118.0 58.0 0.0
118.0 60.0 0.0
118.0 62.0 0.015583179258735536
118.0 64.0 0.0835575777645597
118.0 66.0 0.13722687239196962
118.0 68.0 0.14672410576598632
118.0 70.0 0.12283807263958028
118.0 72.0 0.09293419130818763
118.0 74.0 0.061136017843793834
118.0 76.0 0.02603470532564434
118.0 78.0 0.0022694492200766403
118.0 80.0 0.0
118.0 82.0 0.0
118.0 84.0 0.0
118.0 86.0 0.0
118.0 88.0 0.016753379688478395
118.0 90.0 0.06135133820519342
118.0 92.0 0.08050440312321003
118.0 94.0 0.08962939905439848
118.0 96.0 0.06320333306476177
118.0 98.0 0.0
118.0 100.0 0.0
118.0 102.0 0.0
118.0 104.0 0.0
118.0 106.0 0.0
118.0 108.0 0.0
118.0 110.0 0.0
118.0 112.0 0.0
118.0 114.0 0.0
118.0 116.0 0.0
118.0 118.0 0.0
118.0 120.0 0.0
118.0 122.0 0.0
118.0 124.0 0.0
118.0 126.0 0.0
120.0 0.0 0.0
120.0 2.0 0.0
120.0 4.0 0.0
120.0 6.0 0.0
120.0 8.0 0.0
120.0 10.0 0.0
120.0 12.0 0.0
120.0 14.0 0.0
120.0 16.0 0.0
120.0 18.0 0.0
120.0 20.0 0.0
120.0 22.0 0.0
120.0 24.0 0.0
120.0 26.0 0.0
120.0 28.0 0.0
120.0 30.0 0.0
120.0 32.0 0.0
120.0 34.0 0.0
120.0 36.0 0.45917923122741994
120.0 38.0 0.4809223350998679
120.0 40.0 0.1726215473167734
120.0 42.0 0.0028378942725371735
120.0 44.0 0.0
120.0 46.0 0.0
120.0 48.0 0.0
120.0 50.0 0.0
120.0 52.0 0.0
120.0 54.0 0.0
120.0 56.0 0.0
120.0 58.0 0.0
120.0 60.0 0.005734549197086687
120.0 62.0 0.06612935068086401
120.0 64.0 0.12862018196046932
120.0 66.0 0.1724272890948333
120.0 68.0 0.19101977976809695
120.0 70.0 0.16716773907885654
120.0 72.0 0.12396698054495288
120.0 74.0 0.07345222332747586
120.0 76.0 0.019385732030998002
120.0 78.0 0.0
120.0 80.0 0.0
120.0 82.0 0.0
120.0 84.0 0.0
120.0 86.0 0.0
120.0 88.0 0.0
120.0 90.0 0.0
120.0 92.0 1.831999520169502E-4
120.0 94.0 0.0
120.0 96.0 0.0
120.0 98.0 0.0
120.0 100.0 0.0
120.0 102.0 0.0
120.0 104.0 0.0
120.0 106.0 0.0
120.0 108.0 0.0
120.0 110.0 0.0
120.0 112.0 0.0
120.0 114.0 0.0
120.0 116.0 0.0
120.0 118.0 0.0
120.0 120.0 0.0
120.0 122.0 0.0
120.0 124.0 0.0
120.0 126.0 0.0
122.0 0.0 0.0
122.0 2.0 0.0
122.0 4.0 0.0
122.0 6.0 0.0
122.0 8.0 0.0
122.0 10.0 0.0
122.0 12.0 0.0
122.0 14.0 0.0
122.0 16.0 0.0
122.0 18.0 0.0
122.0 20.0 0.0
122.0 22.0 0.0
122.0 24.0 0.0
122.0 26.0 0.0
122.0 28.0 0.0
122.0 30.0 0.0
122.0 32.0 0.0
122.0 34.0 0.0
122.0 36.0 0.0
122.0 38.0 0.0
122.0 40.0 0.009729774556899497
122.0 42.0 0.0
122.0 44.0 0.0
122.0 46.0 0.0
122.0 48.0 0.0
122.0 50.0 0.0
122.0 52.0 0.0
122.0 54.0 0.0
122.0 56.0 0.0
122.0 58.0 3.985157759988417E-4
122.0 60.0 0.050647266262659286
122.0 62.0 0.1423726773800176
122.0 64.0 0.19241106312808856
122.0 66.0 0.21970202522689797
122.0 68.0 0.22368816505181485
122.0 70.0 0.2013244658616752
122.0 72.0 0.15536082665690665
122.0 74.0 0.09106211957626732
122.0 76.0 0.022906982823195945
122.0 78.0 0.0
122.0 80.0 0.0
122.0 82.0 0.0
122.0 84.0 0.0
122.0 86.0 0.0
122.0 88.0 0.0
122.0 90.0 0.0
122.0 92.0 0.0
122.0 94.0 0.0
122.0 96.0 0.0
122.0 98.0 0.0
122.0 100.0 0.0
122.0 102.0 0.0
122.0 104.0 0.0
122.0 106.0 0.0
122.0 108.0 0.0
122.0 110.0 0.0
122.0 112.0 0.0
122.0 114.0 0.0
122.0 116.0 0.0
122.0 118.0 0.0
122.0 120.0 0.0
122.0 122.0 0.0
122.0 124.0 0.0
122.0 126.0 0.0
124.0 0.0 0.0
124.0 2.0 0.0
124.0 4.0 0.0
124.0 6.0 0.0
124.0 8.0 0.0
124.0 10.0 0.0
124.0 12.0 0.0
124.0 14.0 0.0
124.0 16.0 0.0
124.0 18.0 0.0
124.0 20.0 0.0
124.0 22.0 0.0
124.0 24.0 0.0
124.0 26.0 0.0
124.0 28.0 0.0
124.0 30.0 0.0
124.0 32.0 0.0
124.0 34.0 0.0
124.0 36.0 0.0
124.0 38.0 0.0
124.0 40.0 0.0
124.0 42.0 0.0
124.0 44.0 0.0
124.0 46.0 0.0
124.0 48.0 0.0
124.0 50.0 0.0
124.0 52.0 0.0
124.0 54.0 0.0
124.0 56.0 0.0
124.0 58.0 0.0100703075585681
124.0 60.0 0.11799271710331023
124.0 62.0 0.2079239653889918
124.0 64.0 0.25546226168478986
124.0 66.0 0.2709546555916126
124.0 68.0 0.26549890106964896
124.0 70.0 0.2386343199679102
124.0 72.0 0.18448005525492275
124.0 74.0 0.10582387020700607
124.0 76.0 0.023367294158461133
124.0 78.0 0.0
124.0 80.0 0.0
124.0 82.0 0.0
124.0 84.0 0.0
124.0 86.0 0.0
124.0 88.0 0.0
124.0 90.0 0.0
124.0 92.0 0.0
124.0 94.0 0.0
124.0 96.0 0.0
124.0 98.0 0.0
124.0 100.0 0.0
124.0 102.0 0.0
124.0 104.0 0.0
124.0 106.0 0.0
124.0 108.0 0.0
124.0 110.0 0.0
124.0 112.0 0.0
124.0 114.0 0.0
124.0 116.0 0.0
124.0 118.0 0.0
124.0 120.0 0.0
124.0 122.0 0.0
124.0 124.0 0.0
124.0 126.0 0.0
126.0 0.0 0.0
126.0 2.0 0.0
126.0 4.0 0.0
126.0 6.0 0.0
126.0 8.0 0.0
126.0 10.0 0.0
126.0 12.0 0.0
126.0 14.0 0.0
126.0 16.0 0.0
126.0 18.0 0.0
126.0 20.0 0.0
126.0 22.0 0.0
126.0 24.0 0.0
126.0 26.0 0.0
126.0 28.0 0.0
126.0 30.0 0.0
126.0 32.0 0.0
126.0 34.0 0.0
126.0 36.0 0.0
126.0 38.0 0.0
126.0 40.0 0.0
126.0 42.0 0.0
126.0 44.0 0.0
126.0 46.0 0.0
126.0 48.0 0.0
126.0 50.0 0.0
126.0 52.0 0.0
126.0 54.0 0.0
126.0 56.0 0.0
126.0 58.0 0.0
126.0 60.0 0.0
126.0 62.0 0.018633170896936672
126.0 64.0 0.1665329437573755
126.0 66.0 0.271951400918671
126.0 68.0 0.3083024919201372
126.0 70.0 0.27710661885267857
126.0 72.0 0.20555975473991395
126.0 74.0 0.10227697244032767
126.0 76.0 0.0
126.0 78.0 0.0
126.0 80.0 0.0
126.0 82.0 0.0
126.0 84.0 0.0
126.0 86.0 0.0
126.0 88.0 0.0
126.0 90.0 0.0
126.0 92.0 0.0
126.0 94.0 0.0
126.0 96.0 0.0
126.0 98.0 0.0
126.0 100.0 0.0
126.0 102.0 0.0
126.0 104.0 0.0
126.0 106.0 0.0
126.0 108.0 0.0
126.0 110.0 0.0
126.0 112.0 0.0
126.0 114.0 0.0
126.0 116.0 0.0
126.0 118.0 0.0
126.0 120.0 0.0
126.0 122.0 0.0
126.0 124.0 0.0
126.0 126.0 0.0
