0.0 0.0 0.0
0.0 2.0 0.0
0.0 4.0 0.0
0.0 6.0 0.0
0.0 8.0 0.0
0.0 10.0 0.0
0.0 12.0 0.0
0.0 14.0 0.0
0.0 16.0 0.0
0.0 18.0 0.0
0.0 20.0 0.0
0.0 22.0 0.0
0.0 24.0 0.0
0.0 26.0 0.0
0.0 28.0 0.0
0.0 30.0 0.0
0.0 32.0 0.0
0.0 34.0 0.0
0.0 36.0 0.0
0.0 38.0 0.0
0.0 40.0 0.0
0.0 42.0 0.0
0.0 44.0 0.0
0.0 46.0 0.0
0.0 48.0 0.0
0.0 50.0 0.0
0.0 52.0 0.0
0.0 54.0 0.0
0.0 56.0 0.0
0.0 58.0 0.0
0.0 60.0 0.0
0.0 62.0 0.0
0.0 64.0 0.0
0.0 66.0 0.0
0.0 68.0 0.0
0.0 70.0 0.0
0.0 72.0 0.0
0.0 74.0 0.0
0.0 76.0 0.0
0.0 78.0 0.0
0.0 80.0 0.0
0.0 82.0 0.0
0.0 84.0 0.0
0.0 86.0 0.0
0.0 88.0 0.0
0.0 90.0 0.0
0.0 92.0 0.0
0.0 94.0 0.0
0.0 96.0 0.0
0.0 98.0 0.0
0.0 100.0 0.0
0.0 102.0 0.0
0.0 104.0 0.0
0.0 106.0 0.0
0.0 108.0 0.0
0.0 110.0 0.0
0.0 112.0 0.0
0.0 114.0 0.0
0.0 116.0 0.0
0.0 118.0 0.0
0.0 120.0 0.0
0.0 122.0 0.0
0.0 124.0 0.0
0.0 126.0 0.0
2.0 0.0 0.0
2.0 2.0 0.0
2.0 4.0 0.0
2.0 6.0 0.0
2.0 8.0 0.0
2.0 10.0 0.0
2.0 12.0 0.0
2.0 14.0 0.0
2.0 16.0 0.0
2.0 18.0 0.0
2.0 20.0 0.0
2.0 22.0 0.0
2.0 24.0 0.0
2.0 26.0 0.0
2.0 28.0 0.0
2.0 30.0 0.0
2.0 32.0 0.0
2.0 34.0 0.0
2.0 36.0 0.0
2.0 38.0 0.0
2.0 40.0 0.0
2.0 42.0 0.0
2.0 44.0 0.0
2.0 46.0 0.0
2.0 48.0 0.15075396800723204
2.0 50.0 0.0
2.0 52.0 0.0
2.0 54.0 0.0
2.0 56.0 0.0
2.0 58.0 0.0
2.0 60.0 0.011781772376526294
2.0 62.0 0.19680732318303829
2.0 64.0 0.3440056415877466
2.0 66.0 0.4195787060823191
2.0 68.0 0.41584029671921696
2.0 70.0 0.3972526683540906
2.0 72.0 0.3190726698526483
2.0 74.0 0.14020346539397854
2.0 76.0 0.0
2.0 78.0 0.0
2.0 80.0 0.0
2.0 82.0 0.0
2.0 84.0 0.0
2.0 86.0 0.0
2.0 88.0 0.0
2.0 90.0 0.0
2.0 92.0 0.0
2.0 94.0 0.0
2.0 96.0 0.0
2.0 98.0 0.0
2.0 100.0 0.0
2.0 102.0 0.0
2.0 104.0 0.0
2.0 106.0 0.0
2.0 108.0 0.0
2.0 110.0 0.0
2.0 112.0 0.0
2.0 114.0 0.0
2.0 116.0 0.0
2.0 118.0 0.0
2.0 120.0 0.0
2.0 122.0 0.0
2.0 124.0 0.0
2.0 126.0 0.0
4.0 0.0 0.0
4.0 2.0 0.0
4.0 4.0 0.0
4.0 6.0 0.0
4.0 8.0 0.0
4.0 10.0 0.0
4.0 12.0 0.0
4.0 14.0 0.0
4.0 16.0 0.0
4.0 18.0 0.0
4.0 20.0 0.0
4.0 22.0 0.0
4.0 24.0 0.0
4.0 26.0 0.0
4.0 28.0 0.0
4.0 30.0 0.0
4.0 32.0 0.0
4.0 34.0 0.0
4.0 36.0 0.0
4.0 38.0 0.0
4.0 40.0 0.0
4.0 42.0 0.0
4.0 44.0 0.0
4.0 46.0 0.0
4.0 48.0 0.0
4.0 50.0 0.0
4.0 52.0 0.0
4.0 54.0 0.0
4.0 56.0 0.0
4.0 58.0 0.025472287875132796
4.0 60.0 0.1681994444528472
4.0 62.0 0.27250343754728307
4.0 64.0 0.33430515608152483
4.0 66.0 0.38400350861727955
4.0 68.0 0.3942677286644594
4.0 70.0 0.3982393050711495
4.0 72.0 0.33552183321191303
4.0 74.0 0.15151504658572512
4.0 76.0 0.0
4.0 78.0 0.0
4.0 80.0 0.0
4.0 82.0 0.0
4.0 84.0 0.0
4.0 86.0 0.0
4.0 88.0 0.0
4.0 90.0 0.0
4.0 92.0 0.0
4.0 94.0 0.0
4.0 96.0 0.0
4.0 98.0 0.0
4.0 100.0 0.0
4.0 102.0 0.0
4.0 104.0 0.0
4.0 106.0 0.0
4.0 108.0 0.0
4.0 110.0 0.0
4.0 112.0 0.0
4.0 114.0 0.0
4.0 116.0 0.0
4.0 118.0 0.0
4.0 120.0 0.0
4.0 122.0 0.0
4.0 124.0 0.0
4.0 126.0 0.0
6.0 0.0 0.0
6.0 2.0 0.0
6.0 4.0 0.0
6.0 6.0 0.0
6.0 8.0 0.0
6.0 10.0 0.0
6.0 12.0 0.0
6.0 14.0 0.0
6.0 16.0 0.0
6.0 18.0 0.0
6.0 20.0 0.0
6.0 22.0 0.0
6.0 24.0 0.0
6.0 26.0 0.0
6.0 28.0 0.0
6.0 30.0 0.0
6.0 32.0 0.0
6.0 34.0 0.0
6.0 36.0 0.0
6.0 38.0 0.0
6.0 40.0 0.0
6.0 42.0 0.0
6.0 44.0 0.0
6.0 46.0 0.0
6.0 48.0 0.0
6.0 50.0 0.0
6.0 52.0 0.0
6.0 54.0 0.0
6.0 56.0 3.869930108859179E-5
6.0 58.0 0.031195906330605788
6.0 60.0 0.16794394593918863
6.0 62.0 0.26634342708326275
6.0 64.0 0.32328717546765073
6.0 66.0 0.37044519842398577
6.0 68.0 0.3764065800131291
6.0 70.0 0.40011707305455085
6.0 72.0 0.3402861434933712
6.0 74.0 0.15067305805127015
6.0 76.0 0.0
6.0 78.0 0.0
6.0 80.0 0.0
6.0 82.0 0.0
6.0 84.0 0.0
6.0 86.0 0.0
6.0 88.0 0.0
6.0 90.0 0.0
6.0 92.0 0.0
6.0 94.0 0.0
6.0 96.0 0.0
6.0 98.0 0.0
6.0 100.0 0.0
6.0 102.0 0.0
6.0 104.0 0.0
6.0 106.0 0.0
6.0 108.0 0.0
6.0 110.0 0.0
6.0 112.0 0.0
6.0 114.0 0.0
6.0 116.0 0.0
6.0 118.0 0.0
6.0 120.0 0.0
6.0 122.0 0.0
6.0 124.0 0.0
6.0 126.0 0.0
8.0 0.0 0.0
8.0 2.0 0.0
8.0 4.0 0.0
8.0 6.0 0.0
8.0 8.0 0.0
8.0 10.0 0.0
8.0 12.0 0.0
8.0 14.0 0.0
8.0 16.0 0.0
8.0 18.0 0.0
8.0 20.0 0.0
8.0 22.0 0.0
8.0 24.0 0.0
8.0 26.0 0.0
8.0 28.0 0.0
8.0 30.0 0.0
8.0 32.0 0.0
8.0 34.0 0.0
8.0 36.0 0.0
8.0 38.0 0.0
8.0 40.0 0.0
8.0 42.0 0.0
8.0 44.0 0.0
8.0 46.0 0.0
8.0 48.0 0.0
8.0 50.0 0.0
8.0 52.0 0.0
8.0 54.0 0.0
8.0 56.0 0.0015895703705210993
8.0 58.0 0.0375739247886789
8.0 60.0 0.1654226746494185
8.0 62.0 0.26450629593086394
8.0 64.0 0.31687316174337604
8.0 66.0 0.35500058441693216
8.0 68.0 0.37830241380632706
8.0 70.0 0.41919557949740266
8.0 72.0 0.343256497152836
8.0 74.0 0.15703371759043327
8.0 76.0 0.0
8.0 78.0 0.0
8.0 80.0 0.0
8.0 82.0 0.0
8.0 84.0 0.0
8.0 86.0 0.0
8.0 88.0 0.0
8.0 90.0 0.0
8.0 92.0 0.0
8.0 94.0 0.0
8.0 96.0 0.0
8.0 98.0 0.0
8.0 100.0 0.0
8.0 102.0 0.0
8.0 104.0 0.0
8.0 106.0 0.0
8.0 108.0 0.0
8.0 110.0 0.0
8.0 112.0 0.0
8.0 114.0 0.0
8.0 116.0 0.0
8.0 118.0 0.0
8.0 120.0 0.0
8.0 122.0 0.0
8.0 124.0 0.0
8.0 126.0 0.0
10.0 0.0 0.0
10.0 2.0 0.0
10.0 4.0 0.0
10.0 6.0 0.0
10.0 8.0 0.0
10.0 10.0 0.0
10.0 12.0 0.0
10.0 14.0 0.0
10.0 16.0 0.0
10.0 18.0 0.0
10.0 20.0 0.0
10.0 22.0 0.0
10.0 24.0 0.0
10.0 26.0 0.0
10.0 28.0 0.0
10.0 30.0 0.04525913418084837
10.0 32.0 0.09980382803124525
10.0 34.0 0.09273824201713082
10.0 36.0 0.036570747194874194
10.0 38.0 5.204484468780683E-4
10.0 40.0 0.0
10.0 42.0 0.0
10.0 44.0 0.0
10.0 46.0 0.0
10.0 48.0 0.0
10.0 50.0 0.0
10.0 52.0 0.0
10.0 54.0 0.0
10.0 56.0 0.0028347999523350626
10.0 58.0 0.041038471476442774
10.0 60.0 0.1604755662463819
10.0 62.0 0.26608955591225436
10.0 64.0 0.2967440423398247
10.0 66.0 0.34035870029824555
10.0 68.0 0.3833948539863452
10.0 70.0 0.4249793375784257
10.0 72.0 0.34902087589199954
10.0 74.0 0.17245784972780617
10.0 76.0 0.0
10.0 78.0 0.0
10.0 80.0 0.0
10.0 82.0 0.0
10.0 84.0 0.0
10.0 86.0 0.0
10.0 88.0 0.0
10.0 90.0 0.0
10.0 92.0 0.0
10.0 94.0 0.0
10.0 96.0 0.0
10.0 98.0 0.0
10.0 100.0 0.0
10.0 102.0 0.0
10.0 104.0 0.0
10.0 106.0 0.0
10.0 108.0 0.0
10.0 110.0 0.0
10.0 112.0 0.0
10.0 114.0 0.0
10.0 116.0 0.0
10.0 118.0 0.0
10.0 120.0 0.0
10.0 122.0 0.0
10.0 124.0 0.0
10.0 126.0 0.0
12.0 0.0 0.0
12.0 2.0 0.0
12.0 4.0 0.0
12.0 6.0 0.0
12.0 8.0 0.0
12.0 10.0 0.0
12.0 12.0 0.0
12.0 14.0 0.0
12.0 16.0 0.0
12.0 18.0 0.0
12.0 20.0 0.0
12.0 22.0 0.0
12.0 24.0 0.0
12.0 26.0 0.0
12.0 28.0 0.19324073763565863
12.0 30.0 0.2740485271836978
12.0 32.0 0.2127697204793586
12.0 34.0 0.13524102719067632
12.0 36.0 0.02891205358199862
12.0 38.0 0.0
12.0 40.0 0.0
12.0 42.0 0.0
12.0 44.0 0.0
12.0 46.0 0.0
12.0 48.0 0.0
12.0 50.0 0.0
12.0 52.0 0.0
12.0 54.0 0.0
12.0 56.0 0.004306954232370746
12.0 58.0 0.04472199356572191
12.0 60.0 0.1588939146089941
12.0 62.0 0.2735494171688308
12.0 64.0 0.3156083950786709
12.0 66.0 0.3240823644870146
12.0 68.0 0.3772267940129958
12.0 70.0 0.42536018817765736
12.0 72.0 0.3621946685244726
12.0 74.0 0.18674216019049072
12.0 76.0 0.0
12.0 78.0 0.0
12.0 80.0 0.0
12.0 82.0 0.0
12.0 84.0 0.0
12.0 86.0 0.0
12.0 88.0 0.0
12.0 90.0 0.0
12.0 92.0 0.0
12.0 94.0 0.0
12.0 96.0 0.0
12.0 98.0 0.0
12.0 100.0 0.0
12.0 102.0 0.0
12.0 104.0 0.0
12.0 106.0 0.0
12.0 108.0 0.0
12.0 110.0 0.0
12.0 112.0 0.0
12.0 114.0 0.0
12.0 116.0 0.0
12.0 118.0 0.0
12.0 120.0 0.0
12.0 122.0 0.0
12.0 124.0 0.0
12.0 126.0 0.0
14.0 0.0 0.0
14.0 2.0 0.0
14.0 4.0 0.0
14.0 6.0 0.0
14.0 8.0 0.0
14.0 10.0 0.0
14.0 12.0 0.0
14.0 14.0 0.0
14.0 16.0 0.0
14.0 18.0 0.0
14.0 20.0 0.0
14.0 22.0 0.0
14.0 24.0 0.2845866611288779
14.0 26.0 0.32716332921776425
14.0 28.0 0.30694196880736835
14.0 30.0 0.27228226246431625
14.0 32.0 0.20818734437775435
14.0 34.0 0.10022938130348603
14.0 36.0 0.0026014639778192713
14.0 38.0 0.0
14.0 40.0 0.0
14.0 42.0 0.0
14.0 44.0 0.0
14.0 46.0 0.0
14.0 48.0 0.0
14.0 50.0 0.0
14.0 52.0 0.0
14.0 54.0 0.0
14.0 56.0 0.007260886930419125
14.0 58.0 0.058486307093690376
14.0 60.0 0.16264600275248106
14.0 62.0 0.2714281670168704
14.0 64.0 0.324583527936928
14.0 66.0 0.3190164972010571
14.0 68.0 0.3509836007676213
14.0 70.0 0.393907128555153
14.0 72.0 0.37016884530940325
14.0 74.0 0.2164327985078709
14.0 76.0 0.008223302328851982
14.0 78.0 0.0
14.0 80.0 0.0
14.0 82.0 0.0
14.0 84.0 0.0
14.0 86.0 0.0
14.0 88.0 0.0
14.0 90.0 0.0
14.0 92.0 0.0
14.0 94.0 0.0
14.0 96.0 0.0
14.0 98.0 0.0
14.0 100.0 0.0
14.0 102.0 0.01042517771376388
14.0 104.0 0.0
14.0 106.0 0.0
14.0 108.0 0.0
14.0 110.0 0.0
14.0 112.0 0.0
14.0 114.0 0.0
14.0 116.0 0.0
14.0 118.0 0.0
14.0 120.0 0.0
14.0 122.0 0.0
14.0 124.0 0.0
14.0 126.0 0.0
16.0 0.0 0.0
16.0 2.0 0.0
16.0 4.0 0.0
16.0 6.0 0.0
16.0 8.0 0.0
16.0 10.0 0.0
16.0 12.0 0.0
16.0 14.0 0.0
16.0 16.0 0.0
16.0 18.0 0.0
16.0 20.0 0.0
16.0 22.0 0.2851542345571714
16.0 24.0 0.3013459726799134
16.0 26.0 0.301498103281941
16.0 28.0 0.2984246378867864
16.0 30.0 0.29230561168502933
16.0 32.0 0.23393430160130183
16.0 34.0 0.06749951833352698
16.0 36.0 0.0
16.0 38.0 0.0
16.0 40.0 0.0
16.0 42.0 0.0
16.0 44.0 0.0
16.0 46.0 0.0
16.0 48.0 0.0
16.0 50.0 0.0
16.0 52.0 0.0
16.0 54.0 0.0
16.0 56.0 0.012991413035736643
16.0 58.0 0.07903032853887837
16.0 60.0 0.17090000367359784
16.0 62.0 0.27327828163773543
16.0 64.0 0.35497095272248314
16.0 66.0 0.32036393035981064
16.0 68.0 0.35190119730262576
16.0 70.0 0.38072134029351085
16.0 72.0 0.37713439867490955
16.0 74.0 0.24069546664274008
16.0 76.0 0.04227825426081111
16.0 78.0 0.0
16.0 80.0 0.0
16.0 82.0 0.0
16.0 84.0 0.0
16.0 86.0 0.0
16.0 88.0 0.0
16.0 90.0 0.0
16.0 92.0 0.0
16.0 94.0 0.0
16.0 96.0 0.0
16.0 98.0 0.0
16.0 100.0 0.0
16.0 102.0 0.007755938635676277
16.0 104.0 0.04836837531647071
16.0 106.0 0.0
16.0 108.0 0.0
16.0 110.0 0.0
16.0 112.0 0.0
16.0 114.0 0.0
16.0 116.0 0.0
16.0 118.0 0.0
16.0 120.0 0.0
16.0 122.0 0.0
16.0 124.0 0.0
16.0 126.0 0.0
18.0 0.0 0.0
18.0 2.0 0.0
18.0 4.0 0.0
18.0 6.0 0.0
18.0 8.0 0.0
18.0 10.0 0.0
18.0 12.0 0.0
18.0 14.0 0.0
18.0 16.0 0.0
18.0 18.0 0.0
18.0 20.0 0.24424929433722598
18.0 22.0 0.23871131571893434
18.0 24.0 0.25276741793127583
18.0 26.0 0.2816859795704651
18.0 28.0 0.3262522610934247
18.0 30.0 0.3338825556252149
18.0 32.0 0.229978198567844
18.0 34.0 0.0661598561619106
18.0 36.0 0.0
18.0 38.0 0.0
18.0 40.0 0.0
18.0 42.0 0.0
18.0 44.0 0.0
18.0 46.0 0.0
18.0 48.0 0.0
18.0 50.0 0.0
18.0 52.0 0.0
18.0 54.0 1.1344266475129984E-4
18.0 56.0 0.021519386707078314
18.0 58.0 0.09289242379450907
18.0 60.0 0.17863640111794246
18.0 62.0 0.2765870184655908
18.0 64.0 0.3565884863395182
18.0 66.0 0.3231279145261337
18.0 68.0 0.35113735375776955
18.0 70.0 0.36350658375595696
18.0 72.0 0.37469675506403105
18.0 74.0 0.2637574801892688
18.0 76.0 0.08202894246299573
18.0 78.0 0.0
18.0 80.0 0.0
18.0 82.0 0.0
18.0 84.0 0.0
18.0 86.0 0.0
18.0 88.0 0.0
18.0 90.0 0.0
18.0 92.0 0.0
18.0 94.0 0.0
18.0 96.0 0.0
18.0 98.0 0.0
18.0 100.0 0.0
18.0 102.0 2.5670308692994926E-5
18.0 104.0 0.025585619222317738
18.0 106.0 0.06552437099570983
18.0 108.0 0.0
18.0 110.0 0.0
18.0 112.0 0.0
18.0 114.0 0.0
18.0 116.0 0.0
18.0 118.0 0.0
18.0 120.0 0.0
18.0 122.0 0.0
18.0 124.0 0.0
18.0 126.0 0.0
20.0 0.0 0.0
20.0 2.0 0.0
20.0 4.0 0.0
20.0 6.0 0.0
20.0 8.0 0.0
20.0 10.0 0.0
20.0 12.0 0.0
20.0 14.0 0.0
20.0 16.0 0.0
20.0 18.0 0.15135191055563854
20.0 20.0 0.10457850326425826
20.0 22.0 0.15529423006789736
20.0 24.0 0.22323345201075728
20.0 26.0 0.2812748809142619
20.0 28.0 0.348396783130001
20.0 30.0 0.3770160773808304
20.0 32.0 0.28037058454773917
20.0 34.0 0.10096410606531864
20.0 36.0 0.007552165874116744
20.0 38.0 0.0
20.0 40.0 0.0
20.0 42.0 0.0
20.0 44.0 0.0
20.0 46.0 0.0
20.0 48.0 0.0
20.0 50.0 0.0
20.0 52.0 0.0
20.0 54.0 0.0
20.0 56.0 0.02099515368213271
20.0 58.0 0.0946647434268384
20.0 60.0 0.1846327530822303
20.0 62.0 0.2808659995411302
20.0 64.0 0.35734950570175955
20.0 66.0 0.32589589476243147
20.0 68.0 0.34952685650999
20.0 70.0 0.36321893689109624
20.0 72.0 0.37347399460010733
20.0 74.0 0.25636955061356753
20.0 76.0 0.09857235618328404
20.0 78.0 0.0
20.0 80.0 0.0
20.0 82.0 0.0
20.0 84.0 0.0
20.0 86.0 0.0
20.0 88.0 0.0
20.0 90.0 0.0
20.0 92.0 0.0
20.0 94.0 0.0
20.0 96.0 0.0
20.0 98.0 0.0
20.0 100.0 0.0
20.0 102.0 0.0
20.0 104.0 0.010924122903224436
20.0 106.0 0.06018721714182453
20.0 108.0 0.09082470315661494
20.0 110.0 0.0
20.0 112.0 0.0
20.0 114.0 0.0
20.0 116.0 0.0
20.0 118.0 0.0
20.0 120.0 0.0
20.0 122.0 0.0
20.0 124.0 0.0
20.0 126.0 0.0
22.0 0.0 0.0
22.0 2.0 0.0
22.0 4.0 0.0
22.0 6.0 0.0
22.0 8.0 0.0
22.0 10.0 0.0
22.0 12.0 0.0
22.0 14.0 0.0
22.0 16.0 0.03898770216908693
22.0 18.0 0.0
22.0 20.0 0.03449842845017761
22.0 22.0 0.13689610129895627
22.0 24.0 0.23028805030965324
22.0 26.0 0.30453210833783306
22.0 28.0 0.3473740176123508
22.0 30.0 0.37641062294131133
22.0 32.0 0.3321930742830315
22.0 34.0 0.1483201225206424
22.0 36.0 0.03467465677906748
22.0 38.0 0.0
22.0 40.0 0.0
22.0 42.0 0.0
22.0 44.0 0.0
22.0 46.0 0.0
22.0 48.0 0.0
22.0 50.0 0.0
22.0 52.0 0.0
22.0 54.0 0.0
22.0 56.0 0.014689639342153922
22.0 58.0 0.07863645689882544
22.0 60.0 0.17764296024096748
22.0 62.0 0.2791051736586245
22.0 64.0 0.3496294683447989
22.0 66.0 0.322464399185955
22.0 68.0 0.3446975618876203
22.0 70.0 0.3783401215242746
22.0 72.0 0.37389072443478266
22.0 74.0 0.267816822951573
22.0 76.0 0.11388240934451495
22.0 78.0 0.0
22.0 80.0 0.0
22.0 82.0 0.0
22.0 84.0 0.0
22.0 86.0 0.0
22.0 88.0 0.0
22.0 90.0 0.0
22.0 92.0 0.0
22.0 94.0 0.0
22.0 96.0 0.0
22.0 98.0 0.0
22.0 100.0 0.0
22.0 102.0 0.0
22.0 104.0 0.003385234747331737
22.0 106.0 0.04741212240707629
22.0 108.0 0.07996040715846199
22.0 110.0 0.07202448742652182
22.0 112.0 0.0
22.0 114.0 0.0
22.0 116.0 0.0
22.0 118.0 0.0
22.0 120.0 0.0
22.0 122.0 0.0
22.0 124.0 0.0
22.0 126.0 0.0
24.0 0.0 0.0
24.0 2.0 0.0
24.0 4.0 0.0
24.0 6.0 0.0
24.0 8.0 0.0
24.0 10.0 0.0
24.0 12.0 0.0
24.0 14.0 0.011454911897195169
24.0 16.0 0.0
24.0 18.0 0.0
24.0 20.0 0.03801280201929848
24.0 22.0 0.1515257818243517
24.0 24.0 0.2541259466133457
24.0 26.0 0.3332188543511511
24.0 28.0 0.37777039636094506
24.0 30.0 0.3788254199799462
24.0 32.0 0.3273058111887543
24.0 34.0 0.21177156770909367
24.0 36.0 0.061259726264794166
24.0 38.0 0.0
24.0 40.0 0.0
24.0 42.0 0.0
24.0 44.0 0.0
24.0 46.0 0.0
24.0 48.0 0.0
24.0 50.0 0.0
24.0 52.0 0.0
24.0 54.0 0.0
24.0 56.0 0.005466238186351945
24.0 58.0 0.047241537943191525
24.0 60.0 0.14922787801518628
24.0 62.0 0.2591556410695073
24.0 64.0 0.33060420823510944
24.0 66.0 0.31370457941113866
24.0 68.0 0.3345857946868768
24.0 70.0 0.37395546855821027
24.0 72.0 0.3830552081224728
24.0 74.0 0.2911077265919355
24.0 76.0 0.11679664323421411
24.0 78.0 8.196517870981999E-4
24.0 80.0 0.0
24.0 82.0 0.0
24.0 84.0 0.0
24.0 86.0 0.0
24.0 88.0 0.0
24.0 90.0 0.0
24.0 92.0 0.0
24.0 94.0 0.0
24.0 96.0 0.0
24.0 98.0 0.0
24.0 100.0 0.0
24.0 102.0 0.0
24.0 104.0 0.0
24.0 106.0 0.019428290754416617
24.0 108.0 0.05741535941114875
24.0 110.0 0.05649245312980653
24.0 112.0 0.02506636907248241
24.0 114.0 0.0
24.0 116.0 0.0
24.0 118.0 0.0
24.0 120.0 0.0
24.0 122.0 0.0
24.0 124.0 0.0
24.0 126.0 0.0
26.0 0.0 0.0
26.0 2.0 0.0
26.0 4.0 0.0
26.0 6.0 0.0
26.0 8.0 0.0
26.0 10.0 0.0
26.0 12.0 0.0
26.0 14.0 0.0012726050812690024
26.0 16.0 0.0
26.0 18.0 0.0
26.0 20.0 0.01830884445975506
26.0 22.0 0.13805951884024883
26.0 24.0 0.25181895000994053
26.0 26.0 0.33488944943845883
26.0 28.0 0.3835551851027175
26.0 30.0 0.3918369075943511
26.0 32.0 0.3534075969238104
26.0 34.0 0.2574931234723276
26.0 36.0 0.10162717489405926
26.0 38.0 0.003222576044295025
26.0 40.0 0.0
26.0 42.0 0.0
26.0 44.0 0.0
26.0 46.0 0.0
26.0 48.0 0.0
26.0 50.0 0.0
26.0 52.0 0.0
26.0 54.0 0.0
26.0 56.0 0.0
26.0 58.0 0.011197191038306081
26.0 60.0 0.08572962973953589
26.0 62.0 0.20947969862646965
26.0 64.0 0.2956472207758902
26.0 66.0 0.29493263030802236
26.0 68.0 0.31396884768911
26.0 70.0 0.340672920197531
26.0 72.0 0.3711597519935444
26.0 74.0 0.28040831391888826
26.0 76.0 0.09948222549934928
26.0 78.0 0.0
26.0 80.0 0.0
26.0 82.0 0.0
26.0 84.0 0.0
26.0 86.0 0.0
26.0 88.0 0.0
26.0 90.0 0.0
26.0 92.0 0.0
26.0 94.0 0.0
26.0 96.0 0.0
26.0 98.0 0.0
26.0 100.0 0.0
26.0 102.0 0.0
26.0 104.0 0.0
26.0 106.0 0.0031030823055586613
26.0 108.0 0.024453016082521217
26.0 110.0 0.040627887106494114
26.0 112.0 0.032389296882372
26.0 114.0 0.010878442869441984
26.0 116.0 0.0
26.0 118.0 0.0
26.0 120.0 0.0
26.0 122.0 0.0
26.0 124.0 0.0
26.0 126.0 0.0
28.0 0.0 0.0
28.0 2.0 0.0
28.0 4.0 0.0
28.0 6.0 0.0
28.0 8.0 0.0
28.0 10.0 0.0
28.0 12.0 0.0
28.0 14.0 0.0
28.0 16.0 0.0
28.0 18.0 0.0
28.0 20.0 0.051503320815866886
28.0 22.0 0.18360096595615435
28.0 24.0 0.29674196308247475
28.0 26.0 0.3836779866510979
28.0 28.0 0.43493281247435966
28.0 30.0 0.4483098901194447
28.0 32.0 0.4159254566939248
28.0 34.0 0.3264405431733168
28.0 36.0 0.15596908165610332
28.0 38.0 0.011064059508315358
28.0 40.0 0.0
28.0 42.0 0.0
28.0 44.0 0.0
28.0 46.0 0.0
28.0 48.0 0.0
28.0 50.0 0.0
28.0 52.0 0.0
28.0 54.0 0.0
28.0 56.0 0.0
28.0 58.0 0.0
28.0 60.0 0.01164128385936671
28.0 62.0 0.11355675690011684
28.0 64.0 0.2289087325388485
28.0 66.0 0.2505163744734651
28.0 68.0 0.2725272611625706
28.0 70.0 0.2792862016658509
28.0 72.0 0.31089004671871484
28.0 74.0 0.2171149726829269
28.0 76.0 0.06964010846365763
28.0 78.0 0.0
28.0 80.0 0.0
28.0 82.0 0.0
28.0 84.0 0.0
28.0 86.0 0.0
28.0 88.0 0.0
28.0 90.0 0.0
28.0 92.0 0.0
28.0 94.0 0.0
28.0 96.0 0.0
28.0 98.0 0.0
28.0 100.0 0.0
28.0 102.0 0.0
28.0 104.0 0.0
28.0 106.0 0.0
28.0 108.0 0.004786733504021318
28.0 110.0 0.03287959284467975
28.0 112.0 0.031242443805148245
28.0 114.0 0.01598203026453801
28.0 116.0 0.0033295775218227376
28.0 118.0 0.0
28.0 120.0 0.0
28.0 122.0 0.0
28.0 124.0 0.0
28.0 126.0 0.0
30.0 0.0 0.0
30.0 2.0 0.0
30.0 4.0 0.0
30.0 6.0 0.0
30.0 8.0 0.0
30.0 10.0 0.0
30.0 12.0 0.0
30.0 14.0 0.0
30.0 16.0 0.0
30.0 18.0 0.006830016556602535
30.0 20.0 0.10053053748580619
30.0 22.0 0.21541613115900615
30.0 24.0 0.30821281335358597
30.0 26.0 0.38267891727101194
30.0 28.0 0.4341883363810162
30.0 30.0 0.45045195042106784
30.0 32.0 0.4270045730164464
30.0 34.0 0.3541548590742338
30.0 36.0 0.20908630119683833
30.0 38.0 0.036234758154099704
30.0 40.0 0.0
30.0 42.0 0.0
30.0 44.0 0.0
30.0 46.0 0.0
30.0 48.0 0.0
30.0 50.0 0.0
30.0 52.0 0.0
30.0 54.0 0.0
30.0 56.0 0.0
30.0 58.0 0.0
30.0 60.0 0.0
30.0 62.0 0.007199561631181149
30.0 64.0 0.09625010376979619
30.0 66.0 0.16567817787711794
30.0 68.0 0.20052993892820872
30.0 70.0 0.2043504565890406
30.0 72.0 0.19794064196176175
30.0 74.0 0.15007415897483659
30.0 76.0 0.043987106379008135
30.0 78.0 0.0
30.0 80.0 0.0
30.0 82.0 0.0
30.0 84.0 0.0
30.0 86.0 0.0
30.0 88.0 0.0
30.0 90.0 0.0
30.0 92.0 0.0
30.0 94.0 0.0
30.0 96.0 0.0
30.0 98.0 0.0
30.0 100.0 0.0
30.0 102.0 0.0
30.0 104.0 0.0
30.0 106.0 0.0
30.0 108.0 0.0011832090785603136
30.0 110.0 0.019650625302695353
30.0 112.0 0.03263979029083864
30.0 114.0 0.022252711067990625
30.0 116.0 0.020278972018152285
30.0 118.0 0.0
30.0 120.0 0.0
30.0 122.0 0.0
30.0 124.0 0.0
30.0 126.0 0.0
32.0 0.0 0.0
32.0 2.0 0.0
32.0 4.0 0.0
32.0 6.0 0.0
32.0 8.0 0.0
32.0 10.0 0.0029387379413183556
32.0 12.0 0.0
32.0 14.0 0.0
32.0 16.0 0.0
32.0 18.0 0.012546607798231904
32.0 20.0 0.09922320948016423
32.0 22.0 0.19488545095205945
32.0 24.0 0.2814562681879786
32.0 26.0 0.3587527096996528
32.0 28.0 0.4131484951774171
32.0 30.0 0.4380393203614454
32.0 32.0 0.4291876637987526
32.0 34.0 0.37045850946417586
32.0 36.0 0.2486176516768415
32.0 38.0 0.08745315634563551
32.0 40.0 0.0058303409964178855
32.0 42.0 0.0
32.0 44.0 0.0
32.0 46.0 0.0
32.0 48.0 0.0
32.0 50.0 0.0
32.0 52.0 0.0
32.0 54.0 0.0
32.0 56.0 0.0
32.0 58.0 0.0
32.0 60.0 0.0
32.0 62.0 0.0
32.0 64.0 0.0
32.0 66.0 0.02655117611791784
32.0 68.0 0.08776987604500935
32.0 70.0 0.11603904638332214
32.0 72.0 0.10737778251955538
32.0 74.0 0.0888553890911058
32.0 76.0 0.0554802001186287
32.0 78.0 0.009378952557222734
32.0 80.0 0.0
32.0 82.0 0.0
32.0 84.0 0.0
32.0 86.0 0.0
32.0 88.0 0.0
32.0 90.0 0.0
32.0 92.0 0.0
32.0 94.0 3.679971926968783E-4
32.0 96.0 0.0030281724743829023
32.0 98.0 0.0017796095268312313
32.0 100.0 0.0
32.0 102.0 0.0
32.0 104.0 0.0
32.0 106.0 0.0
32.0 108.0 0.0033659393220564944
32.0 110.0 0.02318261343356526
32.0 112.0 0.028394733168698217
32.0 114.0 0.021836645241608443
32.0 116.0 0.02007396304385233
32.0 118.0 0.019260446448766375
32.0 120.0 0.0
32.0 122.0 0.0
32.0 124.0 0.0
32.0 126.0 0.0
34.0 0.0 0.0
34.0 2.0 0.0
34.0 4.0 0.0
34.0 6.0 0.0
34.0 8.0 0.0036077395189565986
34.0 10.0 0.0
34.0 12.0 0.0
34.0 14.0 0.0
34.0 16.0 0.0
34.0 18.0 0.011661295547542638
34.0 20.0 0.0643843070096433
34.0 22.0 0.1553622049013019
34.0 24.0 0.2376514898248513
34.0 26.0 0.3086233616018606
34.0 28.0 0.36064340715232995
34.0 30.0 0.40492680291992206
34.0 32.0 0.4328220705584796
34.0 34.0 0.37953014276959735
34.0 36.0 0.2629599896234751
34.0 38.0 0.1438059159715834
34.0 40.0 0.05883471538515725
34.0 42.0 0.0
34.0 44.0 0.0
34.0 46.0 0.0
34.0 48.0 0.0
34.0 50.0 0.0
34.0 52.0 0.0
34.0 54.0 0.0
34.0 56.0 0.0
34.0 58.0 0.0
34.0 60.0 0.0
34.0 62.0 0.0
34.0 64.0 0.0
34.0 66.0 0.0
34.0 68.0 0.00447387739427744
34.0 70.0 0.03657711425119913
34.0 72.0 0.047641597801641046
34.0 74.0 0.04407436637029167
34.0 76.0 0.03862562996957391
34.0 78.0 0.02294098903818233
34.0 80.0 0.006875809464810675
34.0 82.0 6.931236709475337E-4
34.0 84.0 0.0
34.0 86.0 0.0
34.0 88.0 0.0
34.0 90.0 0.0022050551318327344
34.0 92.0 0.012394272573995849
34.0 94.0 0.02874588229975311
34.0 96.0 0.026320558443299422
34.0 98.0 0.005088681444414391
34.0 100.0 0.0
34.0 102.0 0.0
34.0 104.0 0.0
34.0 106.0 7.05844170394631E-4
34.0 108.0 0.0076852161180983565
34.0 110.0 0.01775310694146545
34.0 112.0 0.015031027260155073
34.0 114.0 0.013471036994843864
34.0 116.0 0.011124293639558405
34.0 118.0 0.012611969330739123
34.0 120.0 0.0
34.0 122.0 0.0
34.0 124.0 0.0
34.0 126.0 0.0
36.0 0.0 0.0
36.0 2.0 0.0
36.0 4.0 0.0
36.0 6.0 0.0
36.0 8.0 0.0034996081361310465
36.0 10.0 0.0
36.0 12.0 0.0
36.0 14.0 0.0
36.0 16.0 0.0
36.0 18.0 0.0058168771691435835
36.0 20.0 0.04078393539466255
36.0 22.0 0.13320784516128553
36.0 24.0 0.20523260169459734
36.0 26.0 0.2752260716577781
36.0 28.0 0.3383352185138367
36.0 30.0 0.43731515510476343
36.0 32.0 0.4316506071779416
36.0 34.0 0.3797171123851793
36.0 36.0 0.25489710368478385
36.0 38.0 0.16587994333618192
36.0 40.0 0.08272595526725868
36.0 42.0 0.009259260007340864
36.0 44.0 0.0
36.0 46.0 0.0
36.0 48.0 0.0
36.0 50.0 0.0
36.0 52.0 0.0
36.0 54.0 0.0
36.0 56.0 0.0
36.0 58.0 0.0
36.0 60.0 0.0
36.0 62.0 0.0
36.0 64.0 0.0
36.0 66.0 0.0
36.0 68.0 0.0
36.0 70.0 0.0
36.0 72.0 7.102917071586135E-4
36.0 74.0 0.007289175947489128
36.0 76.0 0.01650996815453964
36.0 78.0 0.022516095883454112
36.0 80.0 0.021671359837816987
36.0 82.0 0.0171595255978661
36.0 84.0 0.015983233320878528
36.0 86.0 0.017370374620455115
36.0 88.0 0.014454713404055125
36.0 90.0 0.028807603430975177
36.0 92.0 0.06275686634445934
36.0 94.0 0.08407256034452949
36.0 96.0 0.0725419206422032
36.0 98.0 0.016957776056323894
36.0 100.0 0.001124186444847443
36.0 102.0 0.0
36.0 104.0 8.531186336925197E-4
36.0 106.0 0.0047268670404449434
36.0 108.0 0.01026050630114201
36.0 110.0 0.010521521386572731
36.0 112.0 0.0035919088231231226
36.0 114.0 5.771489263100405E-4
36.0 116.0 0.0
36.0 118.0 0.0
36.0 120.0 0.0
36.0 122.0 0.0
36.0 124.0 0.0
36.0 126.0 0.0
38.0 0.0 0.0
38.0 2.0 0.0
38.0 4.0 0.0
38.0 6.0 0.0
38.0 8.0 0.0
38.0 10.0 0.0
38.0 12.0 0.0
38.0 14.0 0.0
38.0 16.0 5.066156460334182E-4
38.0 18.0 0.004456309730727765
38.0 20.0 0.02203121813169523
38.0 22.0 0.09891378340549727
38.0 24.0 0.16944047751309763
38.0 26.0 0.2474883482491428
38.0 28.0 0.3144554735512271
38.0 30.0 0.4171061028257521
38.0 32.0 0.41572782542239045
38.0 34.0 0.3702909476913952
38.0 36.0 0.2581174474595486
38.0 38.0 0.16569735434395128
38.0 40.0 0.0916690531413764
38.0 42.0 0.017955215815413345
38.0 44.0 0.0
38.0 46.0 0.0
38.0 48.0 0.0
38.0 50.0 0.0
38.0 52.0 0.0
38.0 54.0 0.0
38.0 56.0 0.0
38.0 58.0 0.0
38.0 60.0 0.0
38.0 62.0 0.0
38.0 64.0 0.0
38.0 66.0 0.0
38.0 68.0 0.0
38.0 70.0 0.0
38.0 72.0 0.0
38.0 74.0 0.0
38.0 76.0 0.003531454485495463
38.0 78.0 0.013874882941512248
38.0 80.0 0.022554132804186732
38.0 82.0 0.031177707607924918
38.0 84.0 0.042452175801884325
38.0 86.0 0.03788292153821358
38.0 88.0 0.06129067011037017
38.0 90.0 0.09520134324178701
38.0 92.0 0.1368238317952761
38.0 94.0 0.15689040986002886
38.0 96.0 0.13383752927186998
38.0 98.0 0.05536946666096298
38.0 100.0 0.003676938686954276
38.0 102.0 0.0028315343706743785
38.0 104.0 0.007103953320808545
38.0 106.0 0.006158240478517814
38.0 108.0 0.005597301299602284
38.0 110.0 0.0027784600061726995
38.0 112.0 0.0
38.0 114.0 0.0
38.0 116.0 0.0
38.0 118.0 0.0
38.0 120.0 0.0
38.0 122.0 0.0
38.0 124.0 0.0
38.0 126.0 0.0
40.0 0.0 0.0
40.0 2.0 0.0
40.0 4.0 0.0
40.0 6.0 0.0
40.0 8.0 0.0
40.0 10.0 0.0
40.0 12.0 0.0
40.0 14.0 0.0
40.0 16.0 0.0031629766417738403
40.0 18.0 0.004829451262051319
40.0 20.0 0.006482175251567845
40.0 22.0 0.034523344537583635
40.0 24.0 0.11650626873416625
40.0 26.0 0.21187476676046224
40.0 28.0 0.28897860559863203
40.0 30.0 0.3813350224811865
40.0 32.0 0.3843835110665432
40.0 34.0 0.3473428360798438
40.0 36.0 0.25847818439231646
40.0 38.0 0.14544551437800604
40.0 40.0 0.07207862567695132
40.0 42.0 0.007263769308376573
40.0 44.0 0.0
40.0 46.0 0.0
40.0 48.0 0.0
40.0 50.0 0.0
40.0 52.0 0.0
40.0 54.0 0.0
40.0 56.0 0.0
40.0 58.0 0.0
40.0 60.0 0.0
40.0 62.0 0.0
40.0 64.0 0.0
40.0 66.0 0.0
40.0 68.0 0.0
40.0 70.0 0.0
40.0 72.0 0.0
40.0 74.0 0.0
40.0 76.0 0.0
40.0 78.0 0.0036141244727442763
40.0 80.0 0.015593953827363878
40.0 82.0 0.03207310793295789
40.0 84.0 0.05572282530755918
40.0 86.0 0.07504791326651263
40.0 88.0 0.11889892413235718
40.0 90.0 0.16571440833272005
40.0 92.0 0.21291100108507863
40.0 94.0 0.23288578698313145
40.0 96.0 0.21812856327388963
40.0 98.0 0.13045534966928957
40.0 100.0 0.02401540831089813
40.0 102.0 0.008970091866171526
40.0 104.0 0.007481638929129733
40.0 106.0 0.002533038154249078
40.0 108.0 0.0
40.0 110.0 0.0
40.0 112.0 0.0
40.0 114.0 0.0
40.0 116.0 0.0
40.0 118.0 0.0
40.0 120.0 0.0
40.0 122.0 0.0
40.0 124.0 0.0
40.0 126.0 0.0
42.0 0.0 0.0
42.0 2.0 0.0
42.0 4.0 0.0
42.0 6.0 0.0
42.0 8.0 0.0
42.0 10.0 0.0
42.0 12.0 0.002382098165136925
42.0 14.0 0.004299149247020565
42.0 16.0 4.4643400217904953E-4
42.0 18.0 0.0
42.0 20.0 0.0
42.0 22.0 0.005634850440781651
42.0 24.0 0.07084895573117589
42.0 26.0 0.1661514647761317
42.0 28.0 0.2441661207325644
42.0 30.0 0.3177328227200318
42.0 32.0 0.3300758218284277
42.0 34.0 0.2997161032051911
42.0 36.0 0.22360720198265024
42.0 38.0 0.11609561977643566
42.0 40.0 0.031299960220628864
42.0 42.0 0.0
42.0 44.0 0.0
42.0 46.0 0.0
42.0 48.0 0.0
42.0 50.0 0.0
42.0 52.0 0.0
42.0 54.0 0.0
42.0 56.0 0.0
42.0 58.0 0.0
42.0 60.0 0.0
42.0 62.0 0.0
42.0 64.0 0.0
42.0 66.0 0.0
42.0 68.0 0.0
42.0 70.0 0.0
42.0 72.0 0.0
42.0 74.0 0.0
42.0 76.0 0.0
42.0 78.0 5.173521925800735E-4
42.0 80.0 0.006874930085905187
42.0 82.0 0.026029543400893296
42.0 84.0 0.05383645448507674
42.0 86.0 0.10786201116427474
42.0 88.0 0.18031918263076432
42.0 90.0 0.24713781987662875
42.0 92.0 0.29060027666747557
42.0 94.0 0.3067349955527213
42.0 96.0 0.3022854870071699
42.0 98.0 0.24617453181007878
42.0 100.0 0.12084965684840744
42.0 102.0 0.01500858028094757
42.0 104.0 0.0030406747913251085
42.0 106.0 0.0
42.0 108.0 0.0
42.0 110.0 0.0
42.0 112.0 0.0
42.0 114.0 0.0
42.0 116.0 0.0
42.0 118.0 0.0
42.0 120.0 0.0
42.0 122.0 0.0
42.0 124.0 0.0
42.0 126.0 0.0
44.0 0.0 0.0
44.0 2.0 0.0
44.0 4.0 0.0
44.0 6.0 0.0
44.0 8.0 0.0
44.0 10.0 0.005862205325882737
44.0 12.0 0.02588415490890161
44.0 14.0 0.006469247775628253
44.0 16.0 0.0
44.0 18.0 0.0
44.0 20.0 0.0
44.0 22.0 0.0
44.0 24.0 0.024219455798263068
44.0 26.0 0.11670550790216096
44.0 28.0 0.19261621421831118
44.0 30.0 0.23824541822187018
44.0 32.0 0.25161414605385474
44.0 34.0 0.22822298254844542
44.0 36.0 0.16227052044969797
44.0 38.0 0.07123699574854686
44.0 40.0 7.917553198791414E-4
44.0 42.0 0.0
44.0 44.0 0.0
44.0 46.0 0.0
44.0 48.0 0.0
44.0 50.0 0.0
44.0 52.0 0.0
44.0 54.0 0.0
44.0 56.0 0.0
44.0 58.0 0.0
44.0 60.0 0.0
44.0 62.0 0.0
44.0 64.0 0.0
44.0 66.0 0.0
44.0 68.0 0.0
44.0 70.0 0.0
44.0 72.0 0.0
44.0 74.0 0.0
44.0 76.0 0.0
44.0 78.0 0.0
44.0 80.0 0.0011931118941422422
44.0 82.0 0.013204023377150239
44.0 84.0 0.048023701130263254
44.0 86.0 0.1259822780186278
44.0 88.0 0.23489382182840016
44.0 90.0 0.329573596749059
44.0 92.0 0.3761913284027317
44.0 94.0 0.400723109817438
44.0 96.0 0.38566278911324076
44.0 98.0 0.3362601503265367
44.0 100.0 0.24096697641414486
44.0 102.0 0.10330680418150255
44.0 104.0 0.00427105688395214
44.0 106.0 0.0
44.0 108.0 0.0
44.0 110.0 0.0
44.0 112.0 0.0
44.0 114.0 0.0
44.0 116.0 0.0
44.0 118.0 0.0
44.0 120.0 0.0
44.0 122.0 0.0
44.0 124.0 0.0
44.0 126.0 0.0
46.0 0.0 0.0
46.0 2.0 0.0
46.0 4.0 0.0
46.0 6.0 0.0
46.0 8.0 0.0029836220184712545
46.0 10.0 0.05414992156345791
46.0 12.0 0.06963256188215873
46.0 14.0 0.008546836111497189
46.0 16.0 0.0
46.0 18.0 0.0
46.0 20.0 0.0
46.0 22.0 0.0
46.0 24.0 0.002361681964510649
46.0 26.0 0.05230013275304424
46.0 28.0 0.10817652767952363
46.0 30.0 0.13086821947780605
46.0 32.0 0.14375470627823675
46.0 34.0 0.1271849362306018
46.0 36.0 0.07026844609285644
46.0 38.0 0.0037682426200517974
46.0 40.0 0.0
46.0 42.0 0.0
46.0 44.0 0.0
46.0 46.0 0.0
46.0 48.0 0.0
46.0 50.0 0.0
46.0 52.0 0.005329267236658435
46.0 54.0 0.001354777845918935
46.0 56.0 1.8329130114511625E-6
46.0 58.0 0.0
46.0 60.0 0.0
46.0 62.0 0.0
46.0 64.0 0.0
46.0 66.0 0.0
46.0 68.0 0.0
46.0 70.0 0.0
46.0 72.0 0.0
46.0 74.0 0.0
46.0 76.0 0.0
46.0 78.0 0.0
46.0 80.0 0.0
46.0 82.0 0.0042434396632434375
46.0 84.0 0.032989976675821084
46.0 86.0 0.13336274411945995
46.0 88.0 0.27983548256571006
46.0 90.0 0.39833074727536305
46.0 92.0 0.4513161521922822
46.0 94.0 0.4260833903501768
46.0 96.0 0.40990418265498435
46.0 98.0 0.37523359585656846
46.0 100.0 0.3338283792070709
46.0 102.0 0.21090746281748193
46.0 104.0 0.05932426305770752
46.0 106.0 0.0
46.0 108.0 0.0
46.0 110.0 0.0
46.0 112.0 0.0
46.0 114.0 0.0
46.0 116.0 0.0
46.0 118.0 0.0
46.0 120.0 0.0
46.0 122.0 0.0
46.0 124.0 0.0
46.0 126.0 0.0
48.0 0.0 0.0
48.0 2.0 0.0
48.0 4.0 0.0
48.0 6.0 0.030448538433953645
48.0 8.0 0.10794706380715702
48.0 10.0 0.1747391205478226
48.0 12.0 0.11311462360825653
48.0 14.0 0.03773976881742149
48.0 16.0 0.0
48.0 18.0 0.0
48.0 20.0 0.0
48.0 22.0 0.0
48.0 24.0 0.0
48.0 26.0 5.203713677637283E-4
48.0 28.0 0.006623549585470078
48.0 30.0 0.002096416221539456
48.0 32.0 0.010719996384032149
48.0 34.0 0.008609920801742024
48.0 36.0 0.0
48.0 38.0 0.0
48.0 40.0 0.0
48.0 42.0 0.0
48.0 44.0 0.0
48.0 46.0 0.0
48.0 48.0 0.004095047289930521
48.0 50.0 0.03600072461547594
48.0 52.0 0.06556411936357828
48.0 54.0 0.09511255141973325
48.0 56.0 0.08731561324270859
48.0 58.0 0.045086941468629925
48.0 60.0 0.01812546680401943
48.0 62.0 0.0
48.0 64.0 0.0
48.0 66.0 0.0
48.0 68.0 0.0
48.0 70.0 0.0
48.0 72.0 0.0
48.0 74.0 0.0
48.0 76.0 0.0
48.0 78.0 0.0
48.0 80.0 0.0
48.0 82.0 0.0014754950624948759
48.0 84.0 0.0245651294287527
48.0 86.0 0.13381064675916135
48.0 88.0 0.28783838664960554
48.0 90.0 0.41087194345913813
48.0 92.0 0.4651447836984343
48.0 94.0 0.4311108633493064
48.0 96.0 0.413428034955403
48.0 98.0 0.39125938295961354
48.0 100.0 0.40325562712250157
48.0 102.0 0.3070245655474795
48.0 104.0 0.1508519674556439
48.0 106.0 0.020271509311056462
48.0 108.0 0.0
48.0 110.0 0.0
48.0 112.0 0.0
48.0 114.0 0.0
48.0 116.0 0.0
48.0 118.0 0.0
48.0 120.0 0.0
48.0 122.0 0.0
48.0 124.0 0.0
48.0 126.0 0.0
50.0 0.0 0.0
50.0 2.0 0.0
50.0 4.0 0.04151753288342707
50.0 6.0 0.13734298938826298
50.0 8.0 0.20584411758577834
50.0 10.0 0.2620551958365814
50.0 12.0 0.18541351174194723
50.0 14.0 0.0971778838361116
50.0 16.0 0.003411791766305945
50.0 18.0 0.0
50.0 20.0 0.0
50.0 22.0 0.0
50.0 24.0 0.0
50.0 26.0 0.0
50.0 28.0 0.0
50.0 30.0 0.0
50.0 32.0 0.0
50.0 34.0 0.0
50.0 36.0 0.0
50.0 38.0 0.0
50.0 40.0 0.0
50.0 42.0 0.0
50.0 44.0 0.0
50.0 46.0 0.003895678376250005
50.0 48.0 0.0358085878136227
50.0 50.0 0.07813941344705466
50.0 52.0 0.14958173894556456
50.0 54.0 0.20909735786157566
50.0 56.0 0.21285135598030536
50.0 58.0 0.15717135779654562
50.0 60.0 0.09179391769303098
50.0 62.0 0.05053898587633629
50.0 64.0 0.00521686132355001
50.0 66.0 0.0
50.0 68.0 0.0
50.0 70.0 0.0
50.0 72.0 0.0
50.0 74.0 0.0
50.0 76.0 0.0
50.0 78.0 0.0
50.0 80.0 0.0
50.0 82.0 0.0
50.0 84.0 0.0142805516921065
50.0 86.0 0.11047883462826796
50.0 88.0 0.2749518117994148
50.0 90.0 0.4081683279988823
50.0 92.0 0.441080958614112
50.0 94.0 0.42241931581384606
50.0 96.0 0.43833331115197777
50.0 98.0 0.4247361885762795
50.0 100.0 0.3797352978681501
50.0 102.0 0.34884399999357857
50.0 104.0 0.2334052891773948
50.0 106.0 0.08406482124271066
50.0 108.0 0.004315309782950233
50.0 110.0 0.0
50.0 112.0 0.0
50.0 114.0 0.0
50.0 116.0 0.0
50.0 118.0 0.0
50.0 120.0 0.0
50.0 122.0 0.0
50.0 124.0 0.0
50.0 126.0 0.0
52.0 0.0 0.0
52.0 2.0 0.0
52.0 4.0 0.16438067942515044
52.0 6.0 0.25733478791129655
52.0 8.0 0.2961639390160352
52.0 10.0 0.28865318561748476
52.0 12.0 0.2134599297044644
52.0 14.0 0.10400062662617861
52.0 16.0 0.009888910165954189
52.0 18.0 0.0
52.0 20.0 0.0
52.0 22.0 0.0
52.0 24.0 0.0
52.0 26.0 0.0
52.0 28.0 0.0
52.0 30.0 0.0
52.0 32.0 0.0
52.0 34.0 0.0
52.0 36.0 0.0
52.0 38.0 0.0
52.0 40.0 0.0
52.0 42.0 0.0
52.0 44.0 0.001296726242431148
52.0 46.0 0.01365855561067591
52.0 48.0 0.05785068532671092
52.0 50.0 0.128752830717053
52.0 52.0 0.24135664233886278
52.0 54.0 0.3318789059508111
52.0 56.0 0.3491471484388175
52.0 58.0 0.29395603697775735
52.0 60.0 0.17788360841117615
52.0 62.0 0.11661879848619112
52.0 64.0 0.05362703399175651
52.0 66.0 0.0017169114079205992
52.0 68.0 0.0
52.0 70.0 0.0
52.0 72.0 0.0
52.0 74.0 0.0
52.0 76.0 0.0
52.0 78.0 0.0
52.0 80.0 0.0
52.0 82.0 0.0
52.0 84.0 0.003965441231616702
52.0 86.0 0.06211972899054422
52.0 88.0 0.21906927495139286
52.0 90.0 0.36170208935188675
52.0 92.0 0.4044134905460092
52.0 94.0 0.3962721171922731
52.0 96.0 0.4203521409080048
52.0 98.0 0.41690151339707543
52.0 100.0 0.38515994053125624
52.0 102.0 0.3432273343071945
52.0 104.0 0.30702979883603215
52.0 106.0 0.1573444464226478
52.0 108.0 0.04120793556165826
52.0 110.0 0.0
52.0 112.0 0.0
52.0 114.0 0.0
52.0 116.0 0.0
52.0 118.0 0.0
52.0 120.0 0.0
52.0 122.0 0.0
52.0 124.0 0.0
52.0 126.0 0.0
54.0 0.0 0.0
54.0 2.0 0.005164115715167484
54.0 4.0 0.2667769002773978
54.0 6.0 0.3747744530166554
54.0 8.0 0.3966475402209709
54.0 10.0 0.3159888149721694
54.0 12.0 0.20651094237998482
54.0 14.0 0.08652890460924346
54.0 16.0 0.002204609067300217
54.0 18.0 0.0
54.0 20.0 0.0
54.0 22.0 0.0
54.0 24.0 0.0
54.0 26.0 0.0
54.0 28.0 0.0
54.0 30.0 0.0
54.0 32.0 0.0
54.0 34.0 0.0
54.0 36.0 0.0
54.0 38.0 0.0
54.0 40.0 0.0
54.0 42.0 0.0
54.0 44.0 0.0026924270887327233
54.0 46.0 0.02536734519694339
54.0 48.0 0.06810377135700321
54.0 50.0 0.17594805822106915
54.0 52.0 0.33069637155541104
54.0 54.0 0.43552754285070727
54.0 56.0 0.4587940773265786
54.0 58.0 0.40830405771136563
54.0 60.0 0.26749170041012094
54.0 62.0 0.1887258391565436
54.0 64.0 0.10685920772400058
54.0 66.0 0.023991957360477243
54.0 68.0 0.0
54.0 70.0 0.0
54.0 72.0 0.0
54.0 74.0 0.0
54.0 76.0 0.0
54.0 78.0 0.0
54.0 80.0 0.0
54.0 82.0 0.0
54.0 84.0 0.0
54.0 86.0 0.01538650304136408
54.0 88.0 0.14244068198726653
54.0 90.0 0.2852533374598624
54.0 92.0 0.3540962352628823
54.0 94.0 0.36066580223573325
54.0 96.0 0.3940757444804068
54.0 98.0 0.40101450221710655
54.0 100.0 0.38165581380287145
54.0 102.0 0.34536053638847114
54.0 104.0 0.3277473767118548
54.0 106.0 0.2083753825237854
54.0 108.0 0.09594572084028073
54.0 110.0 0.0047068181743280535
54.0 112.0 0.0
54.0 114.0 0.0
54.0 116.0 0.0
54.0 118.0 0.0
54.0 120.0 0.0
54.0 122.0 0.0
54.0 124.0 0.0
54.0 126.0 0.0
56.0 0.0 0.0
56.0 2.0 0.18744849760295482
56.0 4.0 0.4385692017034306
56.0 6.0 0.4534938454472104
56.0 8.0 0.42950174097071914
56.0 10.0 0.32652443609317183
56.0 12.0 0.1998209275742835
56.0 14.0 0.07398676355413414
56.0 16.0 0.0
56.0 18.0 0.0
56.0 20.0 0.0
56.0 22.0 0.0
56.0 24.0 0.0
56.0 26.0 0.0
56.0 28.0 0.0
56.0 30.0 0.0
56.0 32.0 0.0
56.0 34.0 0.0
56.0 36.0 0.0
56.0 38.0 0.0
56.0 40.0 0.0
56.0 42.0 0.0
56.0 44.0 0.0034667456730433435
56.0 46.0 0.03227784879561658
56.0 48.0 0.08802099775486387
56.0 50.0 0.22126496684744054
56.0 52.0 0.3918497252547512
56.0 54.0 0.4946576159270835
56.0 56.0 0.517250928349362
56.0 58.0 0.485041067254228
56.0 60.0 0.34902818167963373
56.0 62.0 0.2576254174764712
56.0 64.0 0.1649833871980742
56.0 66.0 0.05745382317661445
56.0 68.0 0.0
56.0 70.0 0.0
56.0 72.0 0.0
56.0 74.0 0.0
56.0 76.0 0.0
56.0 78.0 0.0
56.0 80.0 0.0
56.0 82.0 0.0
56.0 84.0 0.0
56.0 86.0 0.0017630151208289154
56.0 88.0 0.05853364215297363
56.0 90.0 0.19487365240175103
56.0 92.0 0.3023945930685717
56.0 94.0 0.3451371663904271
56.0 96.0 0.35310153963985763
56.0 98.0 0.37248649525083755
56.0 100.0 0.3652937469106016
56.0 102.0 0.3388891046738209
56.0 104.0 0.29867751785426394
56.0 106.0 0.2746024567255254
56.0 108.0 0.13469762632551646
56.0 110.0 0.03165110377570591
56.0 112.0 0.0
56.0 114.0 0.0
56.0 116.0 0.0
56.0 118.0 0.0
56.0 120.0 0.0
56.0 122.0 0.0
56.0 124.0 0.0
56.0 126.0 0.0
58.0 0.0 0.0
58.0 2.0 0.26885174997261463
58.0 4.0 0.4904546408218105
58.0 6.0 0.5108553181848151
58.0 8.0 0.43542897254583796
58.0 10.0 0.3126034999274249
58.0 12.0 0.1708446237603751
58.0 14.0 0.05698300899001977
58.0 16.0 0.0
58.0 18.0 0.0
58.0 20.0 0.0
58.0 22.0 0.0
58.0 24.0 0.0
58.0 26.0 0.0
58.0 28.0 0.0
58.0 30.0 0.0
58.0 32.0 0.0
58.0 34.0 0.0
58.0 36.0 0.0
58.0 38.0 0.0
58.0 40.0 0.0
58.0 42.0 0.0
58.0 44.0 0.005169048162750049
58.0 46.0 0.0375546554814966
58.0 48.0 0.11047572023471287
58.0 50.0 0.2604340543994459
58.0 52.0 0.4136790897882976
58.0 54.0 0.5092030459787219
58.0 56.0 0.5352970649292238
58.0 58.0 0.5145028595926772
58.0 60.0 0.46176618785734247
58.0 62.0 0.3213729578303252
58.0 64.0 0.21744127267130656
58.0 66.0 0.09500804576706016
58.0 68.0 0.002360928460499693
58.0 70.0 0.0
58.0 72.0 0.0
58.0 74.0 0.0
58.0 76.0 0.0
58.0 78.0 0.0
58.0 80.0 0.0
58.0 82.0 0.0
58.0 84.0 0.0
58.0 86.0 0.0
58.0 88.0 0.004125974535983915
58.0 90.0 0.09566900458108818
58.0 92.0 0.20584805125509922
58.0 94.0 0.28423412897946637
58.0 96.0 0.3340317917419313
58.0 98.0 0.36153223191361955
58.0 100.0 0.3670654480536259
58.0 102.0 0.346319555126315
58.0 104.0 0.3049781423795536
58.0 106.0 0.2826690698402357
58.0 108.0 0.1597346052277032
58.0 110.0 0.056158086859608124
58.0 112.0 0.0
58.0 114.0 0.0
58.0 116.0 0.0
58.0 118.0 0.0
58.0 120.0 0.0
58.0 122.0 0.0
58.0 124.0 0.0
58.0 126.0 0.0
60.0 0.0 0.0
60.0 2.0 0.3332190597840361
60.0 4.0 0.5111925961160282
60.0 6.0 0.5030197581938104
60.0 8.0 0.4334013445282538
60.0 10.0 0.2800861290238523
60.0 12.0 0.13569980857864472
60.0 14.0 0.030793054034856465
60.0 16.0 0.0
60.0 18.0 0.0
60.0 20.0 0.0
60.0 22.0 0.0
60.0 24.0 0.0
60.0 26.0 0.0
60.0 28.0 0.0
60.0 30.0 0.0
60.0 32.0 0.0
60.0 34.0 0.0
60.0 36.0 0.0
60.0 38.0 0.0
60.0 40.0 0.0
60.0 42.0 0.0
60.0 44.0 0.005983021770963473
60.0 46.0 0.046663701093097726
60.0 48.0 0.13377527656614535
60.0 50.0 0.283392404007277
60.0 52.0 0.41861297116031726
60.0 54.0 0.5027642281834999
60.0 56.0 0.532160704382956
60.0 58.0 0.5227502790977147
60.0 60.0 0.4817558951953435
60.0 62.0 0.39364994284706406
60.0 64.0 0.25181536472053295
60.0 66.0 0.12824110259682367
60.0 68.0 0.016698730484264252
60.0 70.0 0.0
60.0 72.0 0.0
60.0 74.0 0.0
60.0 76.0 0.0
60.0 78.0 0.0
60.0 80.0 0.0
60.0 82.0 0.0
60.0 84.0 0.0
60.0 86.0 0.0
60.0 88.0 0.0
60.0 90.0 0.014991988001451545
60.0 92.0 0.10692245146193025
60.0 94.0 0.19182294005991066
60.0 96.0 0.25465482884537294
60.0 98.0 0.30070737688517335
60.0 100.0 0.3318613852716546
60.0 102.0 0.3276862828083818
60.0 104.0 0.29801761336047167
60.0 106.0 0.2496916934686819
60.0 108.0 0.19925238301310877
60.0 110.0 0.055195456117548836
60.0 112.0 0.0
60.0 114.0 0.0
60.0 116.0 0.0
60.0 118.0 0.0
60.0 120.0 0.0
60.0 122.0 0.0
60.0 124.0 0.0
60.0 126.0 0.0
62.0 0.0 0.0
62.0 2.0 0.3847947443633662
62.0 4.0 0.5227616324013579
62.0 6.0 0.4834093799799158
62.0 8.0 0.39694458274186367
62.0 10.0 0.23880784932920748
62.0 12.0 0.09753315445015458
62.0 14.0 0.006334344939397112
62.0 16.0 0.0
62.0 18.0 0.0
62.0 20.0 0.0
62.0 22.0 0.0
62.0 24.0 0.0
62.0 26.0 0.0
62.0 28.0 0.0
62.0 30.0 0.0
62.0 32.0 0.0
62.0 34.0 0.0
62.0 36.0 0.0
62.0 38.0 0.0
62.0 40.0 0.0
62.0 42.0 0.0
62.0 44.0 0.00428085800973711
62.0 46.0 0.041374173901916174
62.0 48.0 0.15083073342795308
62.0 50.0 0.2918391877432621
62.0 52.0 0.4052412342277043
62.0 54.0 0.4824458632562629
62.0 56.0 0.5177813231306493
62.0 58.0 0.5174293980453156
62.0 60.0 0.4826249397430184
62.0 62.0 0.4043807018050092
62.0 64.0 0.2726538719740408
62.0 66.0 0.14640038673368555
62.0 68.0 0.030026897205100767
62.0 70.0 0.0
62.0 72.0 0.0
62.0 74.0 0.0
62.0 76.0 0.0
62.0 78.0 0.0
62.0 80.0 0.0
62.0 82.0 0.0
62.0 84.0 0.0
62.0 86.0 0.0
62.0 88.0 0.0
62.0 90.0 2.1635229452687373E-4
62.0 92.0 0.023508394382914587
62.0 94.0 0.09992357166943842
62.0 96.0 0.1690127052771536
62.0 98.0 0.2293257824663214
62.0 100.0 0.2743324718841978
62.0 102.0 0.2926504549516438
62.0 104.0 0.2759582407341648
62.0 106.0 0.2365523437515602
62.0 108.0 0.19150754386521077
62.0 110.0 0.06760690649870775
62.0 112.0 0.0022897083017869324
62.0 114.0 0.0
62.0 116.0 0.0
62.0 118.0 0.0
62.0 120.0 0.0
62.0 122.0 0.0
62.0 124.0 0.0
62.0 126.0 0.0
64.0 0.0 0.0
64.0 2.0 0.4275014555551495
64.0 4.0 0.5374327934132771
64.0 6.0 0.4690224988355581
64.0 8.0 0.3558973248163411
64.0 10.0 0.19059191098753284
64.0 12.0 0.06130005092532306
64.0 14.0 0.0
64.0 16.0 0.0
64.0 18.0 0.0
64.0 20.0 0.0
64.0 22.0 0.0
64.0 24.0 0.0
64.0 26.0 0.0
64.0 28.0 0.0
64.0 30.0 0.0
64.0 32.0 0.0
64.0 34.0 0.0
64.0 36.0 0.0
64.0 38.0 0.0
64.0 40.0 0.0
64.0 42.0 0.0
64.0 44.0 0.004107978063102511
64.0 46.0 0.04187299468771908
64.0 48.0 0.1539678001016004
64.0 50.0 0.2744606417190886
64.0 52.0 0.3799894237138926
64.0 54.0 0.4553434600759741
64.0 56.0 0.4948283481949072
64.0 58.0 0.4992118503492262
64.0 60.0 0.46841386660689294
64.0 62.0 0.39727091569378414
64.0 64.0 0.27969529568292456
64.0 66.0 0.1537191617562861
64.0 68.0 0.0428127661902421
64.0 70.0 0.0
64.0 72.0 0.0
64.0 74.0 0.0
64.0 76.0 0.0
64.0 78.0 0.0
64.0 80.0 0.0
64.0 82.0 0.0
64.0 84.0 0.0
64.0 86.0 0.0
64.0 88.0 0.0
64.0 90.0 0.0
64.0 92.0 0.0
64.0 94.0 0.014780918078646862
64.0 96.0 0.086447353911987
64.0 98.0 0.15326419267818156
64.0 100.0 0.20867515490787544
64.0 102.0 0.23768829476079992
64.0 104.0 0.23717896639520294
64.0 106.0 0.21057555766198208
64.0 108.0 0.15658058665177005
64.0 110.0 0.08021876743369302
64.0 112.0 0.010886186936384367
64.0 114.0 0.0
64.0 116.0 0.0
64.0 118.0 0.0
64.0 120.0 0.0
64.0 122.0 0.0
64.0 124.0 0.0
64.0 126.0 0.0
66.0 0.0 0.0
66.0 2.0 0.4662450709155795
66.0 4.0 0.5040862911590669
66.0 6.0 0.4151280885718894
66.0 8.0 0.29777772494210214
66.0 10.0 0.14318587665652666
66.0 12.0 0.02217303832359685
66.0 14.0 0.0
66.0 16.0 0.0
66.0 18.0 0.0
66.0 20.0 0.0
66.0 22.0 0.0
66.0 24.0 0.0
66.0 26.0 0.0
66.0 28.0 0.0
66.0 30.0 0.0
66.0 32.0 0.0
66.0 34.0 0.0
66.0 36.0 0.0
66.0 38.0 0.0
66.0 40.0 0.0
66.0 42.0 4.97639532522086E-4
66.0 44.0 0.010304470810357217
66.0 46.0 0.05986344359035223
66.0 48.0 0.16080408695270168
66.0 50.0 0.26396386696294905
66.0 52.0 0.35782136769374984
66.0 54.0 0.4305388354554815
66.0 56.0 0.4707551123939806
66.0 58.0 0.47628927810770044
66.0 60.0 0.44646571036576144
66.0 62.0 0.3779723952064496
66.0 64.0 0.2613900438030247
66.0 66.0 0.148699356363205
66.0 68.0 0.049329283257737395
66.0 70.0 0.0
66.0 72.0 0.0
66.0 74.0 0.0
66.0 76.0 0.0
66.0 78.0 0.0
66.0 80.0 0.0
66.0 82.0 0.0
66.0 84.0 0.0
66.0 86.0 0.0
66.0 88.0 0.0
66.0 90.0 0.0
66.0 92.0 0.0
66.0 94.0 4.411117052661895E-4
66.0 96.0 0.01982683331232773
66.0 98.0 0.0848046005902209
66.0 100.0 0.14286060796364128
66.0 102.0 0.18542404614359617
66.0 104.0 0.1938968168174329
66.0 106.0 0.17389009007607129
66.0 108.0 0.13587815919108168
66.0 110.0 0.07887999209626285
66.0 112.0 0.018990233053456585
66.0 114.0 0.0
66.0 116.0 0.0
66.0 118.0 0.0
66.0 120.0 0.0
66.0 122.0 0.0
66.0 124.0 0.0
66.0 126.0 0.0
68.0 0.0 0.0
68.0 2.0 0.47901159922231523
68.0 4.0 0.4491254318456228
68.0 6.0 0.3534897229957037
68.0 8.0 0.24051857982917335
68.0 10.0 0.10293705604351762
68.0 12.0 7.258309019816442E-4
68.0 14.0 0.0
68.0 16.0 0.0
68.0 18.0 0.0
68.0 20.0 0.0
68.0 22.0 0.0
68.0 24.0 0.0
68.0 26.0 0.0
68.0 28.0 0.0
68.0 30.0 0.0
68.0 32.0 0.0
68.0 34.0 0.0011546141498853715
68.0 36.0 0.0026569642291780523
68.0 38.0 0.0022428133593752502
68.0 40.0 5.0797549459475E-4
68.0 42.0 3.423672677384183E-4
68.0 44.0 0.009287893752401204
68.0 46.0 0.052517766235695616
68.0 48.0 0.14651160251487053
68.0 50.0 0.24366755973865506
68.0 52.0 0.331989684565535
68.0 54.0 0.40229463630600004
68.0 56.0 0.4420845582472465
68.0 58.0 0.4470986249386287
68.0 60.0 0.41638136661075104
68.0 62.0 0.3474776645202653
68.0 64.0 0.23048172094756655
68.0 66.0 0.13221545957252306
68.0 68.0 0.04404587025443262
68.0 70.0 0.0
68.0 72.0 0.0
68.0 74.0 0.0
68.0 76.0 0.0
68.0 78.0 0.0
68.0 80.0 0.0
68.0 82.0 0.0
68.0 84.0 0.0
68.0 86.0 0.0
68.0 88.0 0.0
68.0 90.0 0.0
68.0 92.0 0.0
68.0 94.0 0.0
68.0 96.0 0.0025238929104642815
68.0 98.0 0.028657452407627192
68.0 100.0 0.08963871346280067
68.0 102.0 0.12977748052061752
68.0 104.0 0.14646236358082512
68.0 106.0 0.13693205991646826
68.0 108.0 0.11340417802967
68.0 110.0 0.0727629639280065
68.0 112.0 0.027959972265058777
68.0 114.0 0.0030403651480093983
68.0 116.0 0.0
68.0 118.0 0.0
68.0 120.0 0.0
68.0 122.0 0.0
68.0 124.0 0.0
68.0 126.0 0.0
70.0 0.0 0.0
70.0 2.0 0.4609884424701825
70.0 4.0 0.37437274061673725
70.0 6.0 0.2853150488308566
70.0 8.0 0.18636832262386063
70.0 10.0 0.07140192673963208
70.0 12.0 2.5167543002027067E-4
70.0 14.0 0.0
70.0 16.0 0.0
70.0 18.0 0.0
70.0 20.0 0.0
70.0 22.0 0.0
70.0 24.0 0.0
70.0 26.0 0.0
70.0 28.0 0.0
70.0 30.0 0.0
70.0 32.0 0.0023176613781683837
70.0 34.0 0.00526201581153075
70.0 36.0 0.004708306408885462
70.0 38.0 0.0024350429325643206
70.0 40.0 4.4144698224235415E-4
70.0 42.0 7.742170020936797E-4
70.0 44.0 0.009247292448102183
70.0 46.0 0.046064771243829544
70.0 48.0 0.12859734919901147
70.0 50.0 0.22135538569427335
70.0 52.0 0.3059088267964114
70.0 54.0 0.37416592684835503
70.0 56.0 0.4130551787494694
70.0 58.0 0.4167745039338584
70.0 60.0 0.3836925117117147
70.0 62.0 0.311506614822803
70.0 64.0 0.19209243975648552
70.0 66.0 0.10642262164545584
70.0 68.0 0.03044943174514597
70.0 70.0 0.0
70.0 72.0 0.0
70.0 74.0 0.0
70.0 76.0 0.0
70.0 78.0 0.0
70.0 80.0 0.0
70.0 82.0 0.0
70.0 84.0 0.0
70.0 86.0 0.0
70.0 88.0 0.0
70.0 90.0 0.0
70.0 92.0 0.0
70.0 94.0 0.0
70.0 96.0 0.0
70.0 98.0 0.012405521472283224
70.0 100.0 0.062092196729973397
70.0 102.0 0.09433756741621667
70.0 104.0 0.10290327467496004
70.0 106.0 0.09641859044773109
70.0 108.0 0.09087506505719034
70.0 110.0 0.062032527788393306
70.0 112.0 0.0289318540760956
70.0 114.0 0.0076532681850416855
70.0 116.0 9.374557720167176E-4
70.0 118.0 0.0
70.0 120.0 0.0
70.0 122.0 0.0
70.0 124.0 0.0
70.0 126.0 0.016377157980797252
72.0 0.0 0.0
72.0 2.0 0.4078867364101196
72.0 4.0 0.29435868534690807
72.0 6.0 0.2147503289351842
72.0 8.0 0.13565288378288076
72.0 10.0 0.03523999216081667
72.0 12.0 0.0
72.0 14.0 0.0
72.0 16.0 0.0
72.0 18.0 0.0
72.0 20.0 0.0
72.0 22.0 0.0
72.0 24.0 0.0
72.0 26.0 0.0
72.0 28.0 0.0
72.0 30.0 0.003540920234696584
72.0 32.0 0.017628850283009544
72.0 34.0 0.018812527729450024
72.0 36.0 0.014720265342278981
72.0 38.0 0.004413118765450168
72.0 40.0 4.845085204993184E-4
72.0 42.0 0.0
72.0 44.0 0.003554324661901436
72.0 46.0 0.027950930222897758
72.0 48.0 0.10464869029390307
72.0 50.0 0.19684824466452785
72.0 52.0 0.28080268989589074
72.0 54.0 0.34611680034104414
72.0 56.0 0.38393639740025653
72.0 58.0 0.3855051178690853
72.0 60.0 0.3471380699238127
72.0 62.0 0.26589987068834203
72.0 64.0 0.14950728589538906
72.0 66.0 0.07260831172655596
72.0 68.0 0.0070723176211054395
72.0 70.0 0.0
72.0 72.0 0.0
72.0 74.0 0.0
72.0 76.0 0.0
72.0 78.0 0.0
72.0 80.0 0.0
72.0 82.0 0.0
72.0 84.0 0.0
72.0 86.0 0.0
72.0 88.0 0.0
72.0 90.0 0.0
72.0 92.0 0.0
72.0 94.0 0.0
72.0 96.0 0.0
72.0 98.0 0.010099025532945753
72.0 100.0 0.04512527563535947
72.0 102.0 0.08384958619653164
72.0 104.0 0.09677327524192327
72.0 106.0 0.08702372849640845
72.0 108.0 0.0674852727385649
72.0 110.0 0.04390397728100109
72.0 112.0 0.02393410091749741
72.0 114.0 0.00984226836422134
72.0 116.0 0.0019757472743188943
72.0 118.0 0.0
72.0 120.0 1.837505384170344E-5
72.0 122.0 0.0013540856948296577
72.0 124.0 0.006314911649523566
72.0 126.0 0.06832003411373734
74.0 0.0 0.0
74.0 2.0 0.33014092196935063
74.0 4.0 0.2181042057161159
74.0 6.0 0.14975462632223352
74.0 8.0 0.0762114799663469
74.0 10.0 0.01122416923461404
74.0 12.0 0.0
74.0 14.0 0.0
74.0 16.0 0.0
74.0 18.0 0.0
74.0 20.0 0.0
74.0 22.0 0.0
74.0 24.0 0.0
74.0 26.0 0.0
74.0 28.0 0.0014896931829903057
74.0 30.0 0.012046473942334136
74.0 32.0 0.019941092487036106
74.0 34.0 0.019003104437068475
74.0 36.0 0.014990270977259931
74.0 38.0 0.004840363858737164
74.0 40.0 1.0183318070877348E-4
74.0 42.0 0.0
74.0 44.0 0.0
74.0 46.0 0.009391648125463415
74.0 48.0 0.06473964810028139
74.0 50.0 0.15322194082512738
74.0 52.0 0.24230338711762808
74.0 54.0 0.3169507034970665
74.0 56.0 0.3547548549248723
74.0 58.0 0.3499996878445281
74.0 60.0 0.3005324566834841
74.0 62.0 0.20467887661932058
74.0 64.0 0.10065895974066841
74.0 66.0 0.030514507173862945
74.0 68.0 0.0
74.0 70.0 0.0
74.0 72.0 0.0
74.0 74.0 0.0
74.0 76.0 0.0
74.0 78.0 0.0
74.0 80.0 0.0
74.0 82.0 0.0
74.0 84.0 0.0
74.0 86.0 0.0
74.0 88.0 0.0
74.0 90.0 0.0
74.0 92.0 0.0
74.0 94.0 0.0
74.0 96.0 2.1359989495343102E-4
74.0 98.0 0.01909444266846995
74.0 100.0 0.058099273968817956
74.0 102.0 0.08522816837880443
74.0 104.0 0.08794103469017443
74.0 106.0 0.07076243456060718
74.0 108.0 0.04567573531898438
74.0 110.0 0.02443221790026791
74.0 112.0 0.013827467449724495
74.0 114.0 0.006781963059411638
74.0 116.0 0.0024059393423960062
74.0 118.0 1.0318518718164045E-4
74.0 120.0 0.0012506106833228088
74.0 122.0 0.006524960985781508
74.0 124.0 0.025777740870709817
74.0 126.0 0.1319830624604424
76.0 0.0 0.0
76.0 2.0 0.22594271936924984
76.0 4.0 0.14214963002820916
76.0 6.0 0.07312072845461991
76.0 8.0 0.014513082915155467
76.0 10.0 0.0
76.0 12.0 0.0
76.0 14.0 0.0
76.0 16.0 0.0
76.0 18.0 0.0
76.0 20.0 0.0
76.0 22.0 0.0
76.0 24.0 0.0
76.0 26.0 0.004760973005895449
76.0 28.0 0.017405234705537936
76.0 30.0 0.028126876765120212
76.0 32.0 0.028061792654557712
76.0 34.0 0.018625608583363765
76.0 36.0 0.005770826624708698
76.0 38.0 6.603542984843742E-4
76.0 40.0 0.0
76.0 42.0 0.0
76.0 44.0 0.0
76.0 46.0 0.002959453612055425
76.0 48.0 0.03157238990058382
76.0 50.0 0.13801310992691293
76.0 52.0 0.22474113634002443
76.0 54.0 0.2825460904121145
76.0 56.0 0.3168532846561857
76.0 58.0 0.3025861356037994
76.0 60.0 0.24075069935955187
76.0 62.0 0.13173683650266088
76.0 64.0 0.05049865346922557
76.0 66.0 0.0
76.0 68.0 0.0
76.0 70.0 0.0
76.0 72.0 0.0
76.0 74.0 0.0
76.0 76.0 0.0
76.0 78.0 0.0
76.0 80.0 0.0
76.0 82.0 0.0
76.0 84.0 0.0
76.0 86.0 0.0
76.0 88.0 0.0
76.0 90.0 0.0
76.0 92.0 0.0
76.0 94.0 0.0030632315253606534
76.0 96.0 0.011639209221023641
76.0 98.0 0.0513900790528157
76.0 100.0 0.08507380927899537
76.0 102.0 0.09244210950747249
76.0 104.0 0.08094219078393797
76.0 106.0 0.05750874503085366
76.0 108.0 0.025768539311008948
76.0 110.0 0.009955549385315253
76.0 112.0 0.003301829256651425
76.0 114.0 7.616266115416082E-4
76.0 116.0 0.0
76.0 118.0 0.0
76.0 120.0 6.787900418211201E-4
76.0 122.0 0.006318605113451872
76.0 124.0 0.03584753492298667
76.0 126.0 0.0
78.0 0.0 0.0
78.0 2.0 0.06765348797223565
78.0 4.0 0.05314418149173725
78.0 6.0 0.016463708210080218
78.0 8.0 0.0016692045566019354
78.0 10.0 0.0
78.0 12.0 0.0
78.0 14.0 0.0
78.0 16.0 0.0
78.0 18.0 0.0
78.0 20.0 0.0
78.0 22.0 0.0
78.0 24.0 0.004730849134581046
78.0 26.0 0.028746863608791695
78.0 28.0 0.05243907423198516
78.0 30.0 0.05284247199279552
78.0 32.0 0.0391590427261208
78.0 34.0 0.01367716890073443
78.0 36.0 0.0018451534902369654
78.0 38.0 0.0
78.0 40.0 0.0
78.0 42.0 0.0
78.0 44.0 0.0
78.0 46.0 2.169289452053265E-4
78.0 48.0 0.02897615763432976
78.0 50.0 0.11518847595709862
78.0 52.0 0.18515952970026617
78.0 54.0 0.2371727997094256
78.0 56.0 0.26024189418359395
78.0 58.0 0.23368673247505864
78.0 60.0 0.15819083727262664
78.0 62.0 0.04985941211094511
78.0 64.0 0.0021043082082014
78.0 66.0 0.0
78.0 68.0 0.0
78.0 70.0 0.0
78.0 72.0 0.0
78.0 74.0 0.0
78.0 76.0 0.0
78.0 78.0 0.0
78.0 80.0 0.0
78.0 82.0 0.0
78.0 84.0 0.0
78.0 86.0 0.0
78.0 88.0 0.005803969213384039
78.0 90.0 0.028373938671241522
78.0 92.0 0.06178406741775599
78.0 94.0 0.08888706709140941
78.0 96.0 0.09602188776124666
78.0 98.0 0.10786160883494385
78.0 100.0 0.10818740421980688
78.0 102.0 0.09382974529315756
78.0 104.0 0.06400170866998443
78.0 106.0 0.028298579410982638
78.0 108.0 0.005304844961402096
78.0 110.0 0.0
78.0 112.0 0.0
78.0 114.0 0.0
78.0 116.0 0.0
78.0 118.0 0.0
78.0 120.0 0.0
78.0 122.0 0.0
78.0 124.0 0.013958483100949702
78.0 126.0 0.0
80.0 0.0 0.0
80.0 2.0 0.0
80.0 4.0 0.009982676759606192
80.0 6.0 0.0
80.0 8.0 0.0
80.0 10.0 0.0
80.0 12.0 0.0
80.0 14.0 0.0
80.0 16.0 0.0
80.0 18.0 0.0
80.0 20.0 0.0
80.0 22.0 0.004891853989603787
80.0 24.0 0.027487471234547287
80.0 26.0 0.08169876470171128
80.0 28.0 0.10934826597487281
80.0 30.0 0.10805897972212396
80.0 32.0 0.05367598457910094
80.0 34.0 0.008866853707049309
80.0 36.0 0.0
80.0 38.0 0.0
80.0 40.0 0.0
80.0 42.0 0.0
80.0 44.0 0.0
80.0 46.0 0.00130259891074187
80.0 48.0 0.023315231334883075
80.0 50.0 0.08060438076990666
80.0 52.0 0.12313997040868153
80.0 54.0 0.1643517002542564
80.0 56.0 0.17291232758618025
80.0 58.0 0.14131062374981088
80.0 60.0 0.06605291951524725
80.0 62.0 0.010976218548499223
80.0 64.0 0.0
80.0 66.0 0.0
80.0 68.0 0.0
80.0 70.0 0.0
80.0 72.0 0.0
80.0 74.0 0.0
80.0 76.0 0.0
80.0 78.0 0.0
80.0 80.0 7.564494069678464E-4
80.0 82.0 0.0073529637547459165
80.0 84.0 0.013435478400855037
80.0 86.0 0.03621637524850899
80.0 88.0 0.08173189786207623
80.0 90.0 0.16066435933620948
80.0 92.0 0.20614533487305498
80.0 94.0 0.18500735642051416
80.0 96.0 0.17939548472624325
80.0 98.0 0.1596318203680815
80.0 100.0 0.1297823998038388
80.0 102.0 0.08862850882093816
80.0 104.0 0.03453376806189928
80.0 106.0 0.002166351726301484
80.0 108.0 0.0
80.0 110.0 0.0
80.0 112.0 0.0
80.0 114.0 0.0
80.0 116.0 0.0
80.0 118.0 0.0
80.0 120.0 0.0
80.0 122.0 0.0
80.0 124.0 0.0
80.0 126.0 0.0
82.0 0.0 0.0
82.0 2.0 0.0
82.0 4.0 0.0014188097138750925
82.0 6.0 0.0
82.0 8.0 0.0
82.0 10.0 0.0
82.0 12.0 0.0
82.0 14.0 0.0
82.0 16.0 0.0
82.0 18.0 0.0
82.0 20.0 0.004964681120487838
82.0 22.0 0.03286430487006821
82.0 24.0 0.090371855183488
82.0 26.0 0.15675558320166424
82.0 28.0 0.18489519705293286
82.0 30.0 0.16478633959734484
82.0 32.0 0.10521545881028943
82.0 34.0 0.013682449764405274
82.0 36.0 0.0
82.0 38.0 0.0
82.0 40.0 0.0
82.0 42.0 0.0
82.0 44.0 0.0
82.0 46.0 0.0
82.0 48.0 0.004754812131032237
82.0 50.0 0.018131207241566114
82.0 52.0 0.038904473815304305
82.0 54.0 0.06546104220265757
82.0 56.0 0.07774935329305731
82.0 58.0 0.049508301244839105
82.0 60.0 0.009383868836897583
82.0 62.0 0.002365618491821766
82.0 64.0 0.0
82.0 66.0 0.0
82.0 68.0 0.0
82.0 70.0 0.0
82.0 72.0 0.0
82.0 74.0 0.0
82.0 76.0 0.0
82.0 78.0 0.0018285167577732214
82.0 80.0 0.016151353460904523
82.0 82.0 0.04537366686272002
82.0 84.0 0.091511081849918
82.0 86.0 0.15741483244938828
82.0 88.0 0.2521809312527771
82.0 90.0 0.3343904319672068
82.0 92.0 0.3617437022234056
82.0 94.0 0.2923669864949637
82.0 96.0 0.26473302957219075
82.0 98.0 0.216417182779563
82.0 100.0 0.15327434263716097
82.0 102.0 0.07906476315232999
82.0 104.0 0.00828001406608974
82.0 106.0 0.0
82.0 108.0 0.0
82.0 110.0 0.0
82.0 112.0 0.0
82.0 114.0 0.0
82.0 116.0 0.0
82.0 118.0 0.0
82.0 120.0 0.0
82.0 122.0 0.0
82.0 124.0 0.0
82.0 126.0 0.0
84.0 0.0 0.0
84.0 2.0 0.0
84.0 4.0 0.0
84.0 6.0 0.0
84.0 8.0 0.0
84.0 10.0 0.0
84.0 12.0 0.0
84.0 14.0 0.0
84.0 16.0 0.0
84.0 18.0 0.005982676484597414
84.0 20.0 0.04192097713548391
84.0 22.0 0.13638671089298673
84.0 24.0 0.21256814393644685
84.0 26.0 0.26268741970853915
84.0 28.0 0.3061094020265174
84.0 30.0 0.2704209441072025
84.0 32.0 0.1732062694293264
84.0 34.0 0.01793198119466968
84.0 36.0 0.0
84.0 38.0 0.0
84.0 40.0 0.0
84.0 42.0 0.0
84.0 44.0 0.0
84.0 46.0 0.0
84.0 48.0 0.0
84.0 50.0 0.0
84.0 52.0 0.0
84.0 54.0 0.0030554485629965163
84.0 56.0 0.00860545803849677
84.0 58.0 0.008899253259711007
84.0 60.0 0.00298672901219529
84.0 62.0 0.0
84.0 64.0 0.0
84.0 66.0 0.0
84.0 68.0 0.0
84.0 70.0 0.0
84.0 72.0 0.0
84.0 74.0 0.0
84.0 76.0 3.708021878704223E-4
84.0 78.0 0.007960262423707605
84.0 80.0 0.0349860586056657
84.0 82.0 0.08341896004852634
84.0 84.0 0.15094874159821214
84.0 86.0 0.24594808463884402
84.0 88.0 0.35710077185343353
84.0 90.0 0.4353304393131369
84.0 92.0 0.4609854988225761
84.0 94.0 0.4412566760358982
84.0 96.0 0.33594848859031745
84.0 98.0 0.27261792188965417
84.0 100.0 0.18912768991919585
84.0 102.0 0.0827117282236342
84.0 104.0 0.001685390602771769
84.0 106.0 0.0
84.0 108.0 0.0
84.0 110.0 0.0
84.0 112.0 0.0
84.0 114.0 0.0
84.0 116.0 0.0
84.0 118.0 0.0
84.0 120.0 0.0
84.0 122.0 0.0
84.0 124.0 0.0
84.0 126.0 0.0
86.0 0.0 0.0
86.0 2.0 0.0
86.0 4.0 0.0
86.0 6.0 0.0
86.0 8.0 0.0
86.0 10.0 0.0
86.0 12.0 0.0
86.0 14.0 0.0
86.0 16.0 0.009035607047855354
86.0 18.0 0.05785783323638044
86.0 20.0 0.1714415481781005
86.0 22.0 0.2581144500509449
86.0 24.0 0.3123578540895609
86.0 26.0 0.3499529394190184
86.0 28.0 0.4209388082781935
86.0 30.0 0.37237027736527173
86.0 32.0 0.25345486711150644
86.0 34.0 0.046554984280964884
86.0 36.0 0.0
86.0 38.0 0.0
86.0 40.0 0.0
86.0 42.0 0.0
86.0 44.0 0.0
86.0 46.0 0.0
86.0 48.0 0.0
86.0 50.0 0.0
86.0 52.0 0.0
86.0 54.0 0.0
86.0 56.0 0.0
86.0 58.0 2.584046511687876E-4
86.0 60.0 3.9190081353023226E-4
86.0 62.0 2.2887483101855833E-4
86.0 64.0 3.1223054025186016E-4
86.0 66.0 0.0
86.0 68.0 0.0
86.0 70.0 0.0
86.0 72.0 0.0
86.0 74.0 0.0
86.0 76.0 3.694646391931991E-4
86.0 78.0 0.008110171888394701
86.0 80.0 0.035306743818128615
86.0 82.0 0.09657475378161583
86.0 84.0 0.1708826803339918
86.0 86.0 0.28922953342443275
86.0 88.0 0.3924135674123175
86.0 90.0 0.45594133220866434
86.0 92.0 0.464961636010687
86.0 94.0 0.46045334306597363
86.0 96.0 0.4220052791207311
86.0 98.0 0.3438942267645373
86.0 100.0 0.22759256795557592
86.0 102.0 0.09308380302984015
86.0 104.0 6.624340695284215E-4
86.0 106.0 0.0
86.0 108.0 0.0
86.0 110.0 0.0
86.0 112.0 0.0
86.0 114.0 0.0
86.0 116.0 0.0
86.0 118.0 0.0
86.0 120.0 0.0
86.0 122.0 0.0
86.0 124.0 0.0
86.0 126.0 0.0
88.0 0.0 0.0
88.0 2.0 0.0
88.0 4.0 0.0
88.0 6.0 0.0
88.0 8.0 0.0
88.0 10.0 0.0
88.0 12.0 0.0
88.0 14.0 0.0
88.0 16.0 0.036564934015671506
88.0 18.0 0.17047273529338466
88.0 20.0 0.2942691339097627
88.0 22.0 0.3340642621728855
88.0 24.0 0.3743937518966452
88.0 26.0 0.4029472537478252
88.0 28.0 0.4711791875667741
88.0 30.0 0.417905653672918
88.0 32.0 0.2967963238177422
88.0 34.0 0.0988705855798056
88.0 36.0 0.0
88.0 38.0 0.0
88.0 40.0 0.0
88.0 42.0 0.0
88.0 44.0 0.0
88.0 46.0 0.0
88.0 48.0 0.0
88.0 50.0 0.0
88.0 52.0 0.0
88.0 54.0 0.0
88.0 56.0 0.0
88.0 58.0 0.0
88.0 60.0 0.0
88.0 62.0 0.005080300880492859
88.0 64.0 0.004999653279798532
88.0 66.0 0.001025529929814159
88.0 68.0 0.0
88.0 70.0 0.0
88.0 72.0 0.0
88.0 74.0 0.0
88.0 76.0 0.0016560426913825208
88.0 78.0 0.013616953091854912
88.0 80.0 0.04290429914072041
88.0 82.0 0.07326824493449346
88.0 84.0 0.16610897526013788
88.0 86.0 0.2970066208881816
88.0 88.0 0.4067624237610414
88.0 90.0 0.41902837964531553
88.0 92.0 0.4185668944031855
88.0 94.0 0.41579351721482083
88.0 96.0 0.3857866926445916
88.0 98.0 0.3440482408401799
88.0 100.0 0.2944104395489794
88.0 102.0 0.11888131534927009
88.0 104.0 0.0
88.0 106.0 0.0
88.0 108.0 0.0
88.0 110.0 0.0
88.0 112.0 0.0
88.0 114.0 0.0
88.0 116.0 0.0
88.0 118.0 0.0
88.0 120.0 0.0
88.0 122.0 0.0
88.0 124.0 0.0
88.0 126.0 0.0
90.0 0.0 0.0
90.0 2.0 0.0
90.0 4.0 0.0
90.0 6.0 0.0
90.0 8.0 0.0
90.0 10.0 0.0
90.0 12.0 0.0
90.0 14.0 0.0048929368000513755
90.0 16.0 0.10648480679595068
90.0 18.0 0.2738585176955024
90.0 20.0 0.38204878478669735
90.0 22.0 0.3839802007255551
90.0 24.0 0.4189636186903824
90.0 26.0 0.4402790570980321
90.0 28.0 0.46831691175304146
90.0 30.0 0.4160152613546282
90.0 32.0 0.3003311800370034
90.0 34.0 0.12557485618324976
90.0 36.0 0.0
90.0 38.0 0.0
90.0 40.0 0.0
90.0 42.0 0.0
90.0 44.0 0.0
90.0 46.0 0.0
90.0 48.0 0.0
90.0 50.0 0.0
90.0 52.0 0.0
90.0 54.0 0.0
90.0 56.0 0.0
90.0 58.0 7.685735101805529E-4
90.0 60.0 0.00986819969093559
90.0 62.0 0.018133003911430173
90.0 64.0 0.012408710049927921
90.0 66.0 0.003731527684853743
90.0 68.0 0.0
90.0 70.0 0.0
90.0 72.0 0.0
90.0 74.0 0.0
90.0 76.0 0.0
90.0 78.0 0.0036677833314404077
90.0 80.0 0.027336737257847243
90.0 82.0 0.03874460424544807
90.0 84.0 0.12080486076503494
90.0 86.0 0.2611882562628978
90.0 88.0 0.3833981658024737
90.0 90.0 0.4123036927895584
90.0 92.0 0.40206109626671677
90.0 94.0 0.4038876369415156
90.0 96.0 0.38452295994394486
90.0 98.0 0.40009123222685683
90.0 100.0 0.3209828185611472
90.0 102.0 0.15146675064666426
90.0 104.0 3.416010765441417E-4
90.0 106.0 0.0
90.0 108.0 0.0
90.0 110.0 0.0
90.0 112.0 0.0
90.0 114.0 0.0
90.0 116.0 0.0
90.0 118.0 0.0
90.0 120.0 0.0
90.0 122.0 0.0
90.0 124.0 0.0
90.0 126.0 0.0
92.0 0.0 0.0
92.0 2.0 0.0
92.0 4.0 0.0
92.0 6.0 0.0
92.0 8.0 0.0
92.0 10.0 0.0
92.0 12.0 0.0
92.0 14.0 0.004334023688345563
92.0 16.0 0.13715480606393524
92.0 18.0 0.33139986195493776
92.0 20.0 0.43959586705652504
92.0 22.0 0.4109507112244935
92.0 24.0 0.44157525616861903
92.0 26.0 0.46233591974253835
92.0 28.0 0.48252071396710533
92.0 30.0 0.41782250132091275
92.0 32.0 0.29501858667848346
92.0 34.0 0.12364652504018488
92.0 36.0 2.2480027807975352E-4
92.0 38.0 0.0
92.0 40.0 0.0
92.0 42.0 0.0
92.0 44.0 0.0
92.0 46.0 0.0
92.0 48.0 0.0
92.0 50.0 0.0
92.0 52.0 0.0
92.0 54.0 0.0
92.0 56.0 0.0
92.0 58.0 0.009392439477801544
92.0 60.0 0.04618449861484325
92.0 62.0 0.06961699239291617
92.0 64.0 0.06098165107295123
92.0 66.0 0.014319856820847765
92.0 68.0 0.0
92.0 70.0 0.0
92.0 72.0 0.0
92.0 74.0 0.0
92.0 76.0 0.0
92.0 78.0 0.0
92.0 80.0 0.00367464151898998
92.0 82.0 0.006371619648098365
92.0 84.0 0.06501891767031519
92.0 86.0 0.18336396297958177
92.0 88.0 0.31410117826225076
92.0 90.0 0.38546374041584325
92.0 92.0 0.3809437991744491
92.0 94.0 0.39210100543896176
92.0 96.0 0.37677914403609
92.0 98.0 0.3601975537389848
92.0 100.0 0.33828689304634857
92.0 102.0 0.1707098968604126
92.0 104.0 0.005230699600487754
92.0 106.0 0.0
92.0 108.0 0.0
92.0 110.0 0.0
92.0 112.0 0.0
92.0 114.0 0.0
92.0 116.0 0.0
92.0 118.0 0.0
92.0 120.0 0.0
92.0 122.0 0.0
92.0 124.0 0.0
92.0 126.0 0.0
94.0 0.0 0.0
94.0 2.0 0.0
94.0 4.0 0.0
94.0 6.0 0.0
94.0 8.0 0.0
94.0 10.0 0.0
94.0 12.0 0.0
94.0 14.0 0.01767734412245087
94.0 16.0 0.2003213893771267
94.0 18.0 0.389732358563979
94.0 20.0 0.49392537236796147
94.0 22.0 0.4570728012289465
94.0 24.0 0.4509580059281794
94.0 26.0 0.4626690582421351
94.0 28.0 0.44182388466664985
94.0 30.0 0.4082443391433849
94.0 32.0 0.2795648254381425
94.0 34.0 0.11054348953279165
94.0 36.0 0.0
94.0 38.0 0.0
94.0 40.0 0.0
94.0 42.0 0.0
94.0 44.0 0.0
94.0 46.0 0.0
94.0 48.0 0.0
94.0 50.0 0.0
94.0 52.0 0.0
94.0 54.0 0.0
94.0 56.0 4.486509785020679E-4
94.0 58.0 0.0398755131048167
94.0 60.0 0.10936504946570867
94.0 62.0 0.13808124449044282
94.0 64.0 0.13392441346228337
94.0 66.0 0.05728368418246918
94.0 68.0 0.001867800215064397
94.0 70.0 0.0
94.0 72.0 0.0
94.0 74.0 0.0
94.0 76.0 0.0
94.0 78.0 0.0
94.0 80.0 0.0
94.0 82.0 0.0
94.0 84.0 0.008635428849001552
94.0 86.0 0.07430962139533875
94.0 88.0 0.21342164553853912
94.0 90.0 0.3258644571945559
94.0 92.0 0.3647996399638233
94.0 94.0 0.37564651221796336
94.0 96.0 0.36836306514841577
94.0 98.0 0.3498831347306868
94.0 100.0 0.33226540426209455
94.0 102.0 0.1783926662029313
94.0 104.0 0.008792835762772337
94.0 106.0 0.0
94.0 108.0 0.0
94.0 110.0 0.0
94.0 112.0 0.0
94.0 114.0 0.0
94.0 116.0 0.0
94.0 118.0 0.0
94.0 120.0 0.0
94.0 122.0 0.0
94.0 124.0 0.0
94.0 126.0 0.0
96.0 0.0 0.0
96.0 2.0 0.0
96.0 4.0 0.0
96.0 6.0 0.0
96.0 8.0 0.0
96.0 10.0 0.0
96.0 12.0 0.0
96.0 14.0 0.0035519538930177453
96.0 16.0 0.16462194501357563
96.0 18.0 0.34766921081783947
96.0 20.0 0.47621640492522427
96.0 22.0 0.49000283134193623
96.0 24.0 0.4674425873045576
96.0 26.0 0.46175778041984455
96.0 28.0 0.433496909574475
96.0 30.0 0.3613084206306165
96.0 32.0 0.23762033988558537
96.0 34.0 0.09039936089916324
96.0 36.0 0.0
96.0 38.0 0.0
96.0 40.0 0.0
96.0 42.0 0.0
96.0 44.0 0.0
96.0 46.0 0.0
96.0 48.0 0.0
96.0 50.0 0.0
96.0 52.0 0.0
96.0 54.0 0.0
96.0 56.0 0.013383953590673034
96.0 58.0 0.10849650924673197
96.0 60.0 0.1847475925077532
96.0 62.0 0.21714720248396555
96.0 64.0 0.21412190078913948
96.0 66.0 0.15169300977897654
96.0 68.0 0.03777510804135655
96.0 70.0 0.0
96.0 72.0 0.0
96.0 74.0 0.0
96.0 76.0 0.0
96.0 78.0 0.0
96.0 80.0 0.0
96.0 82.0 0.0
96.0 84.0 0.0
96.0 86.0 0.004417729859923741
96.0 88.0 0.10405666498593297
96.0 90.0 0.22883362765950663
96.0 92.0 0.31547708247779055
96.0 94.0 0.34737484306411953
96.0 96.0 0.34838400779138307
96.0 98.0 0.32397452841658614
96.0 100.0 0.29439171741477627
96.0 102.0 0.17499384620233147
96.0 104.0 0.021116600055766165
96.0 106.0 0.0
96.0 108.0 0.0
96.0 110.0 0.0
96.0 112.0 0.0
96.0 114.0 0.0
96.0 116.0 0.0
96.0 118.0 0.0
96.0 120.0 0.0
96.0 122.0 0.0
96.0 124.0 0.0
96.0 126.0 0.0
98.0 0.0 0.0
98.0 2.0 0.0
98.0 4.0 0.0
98.0 6.0 0.0
98.0 8.0 0.0
98.0 10.0 0.0
98.0 12.0 0.0
98.0 14.0 0.0
98.0 16.0 0.15595517375034784
98.0 18.0 0.3414779474717206
98.0 20.0 0.46989998550997053
98.0 22.0 0.49112183759603906
98.0 24.0 0.45499483821225956
98.0 26.0 0.43986331057835026
98.0 28.0 0.40521937214749415
98.0 30.0 0.3262167944814471
98.0 32.0 0.19775418869928507
98.0 34.0 0.061038898729182174
98.0 36.0 0.0
98.0 38.0 0.0
98.0 40.0 0.0
98.0 42.0 0.0
98.0 44.0 0.0
98.0 46.0 0.0
98.0 48.0 0.0
98.0 50.0 0.0
98.0 52.0 0.0
98.0 54.0 0.0
98.0 56.0 0.061311133251227744
98.0 58.0 0.18585294873979183
98.0 60.0 0.26383957364630267
98.0 62.0 0.2988484106184834
98.0 64.0 0.2938397571860528
98.0 66.0 0.23705482610103737
98.0 68.0 0.1274269726415855
98.0 70.0 0.012311400723620311
98.0 72.0 0.0
98.0 74.0 0.0
98.0 76.0 0.0
98.0 78.0 0.0
98.0 80.0 0.0
98.0 82.0 0.0
98.0 84.0 0.0
98.0 86.0 0.0
98.0 88.0 0.0019178563880941843
98.0 90.0 0.10035826352007134
98.0 92.0 0.21281014383766936
98.0 94.0 0.28268064156753314
98.0 96.0 0.31241880232156377
98.0 98.0 0.3267761787252024
98.0 100.0 0.28082404379099346
98.0 102.0 0.16196763852104337
98.0 104.0 0.03310089156702629
98.0 106.0 0.0
98.0 108.0 0.0
98.0 110.0 0.0
98.0 112.0 0.0
98.0 114.0 0.0
98.0 116.0 0.0
98.0 118.0 0.0
98.0 120.0 0.0
98.0 122.0 0.0
98.0 124.0 0.0
98.0 126.0 0.0
100.0 0.0 0.0
100.0 2.0 0.0
100.0 4.0 0.0
100.0 6.0 0.0
100.0 8.0 0.0
100.0 10.0 0.0
100.0 12.0 0.0
100.0 14.0 0.0
100.0 16.0 0.18737297188246782
100.0 18.0 0.3837227610173211
100.0 20.0 0.471157055893775
100.0 22.0 0.46439620145093286
100.0 24.0 0.45198557076114504
100.0 26.0 0.4428301191415603
100.0 28.0 0.39107795559232744
100.0 30.0 0.2885045662584587
100.0 32.0 0.13760100992310473
100.0 34.0 0.0300060198701987
100.0 36.0 0.0
100.0 38.0 0.0
100.0 40.0 0.0
100.0 42.0 0.0
100.0 44.0 0.0
100.0 46.0 0.0
100.0 48.0 0.0
100.0 50.0 0.0
100.0 52.0 0.0
100.0 54.0 0.018369350730023725
100.0 56.0 0.14790386709307124
100.0 58.0 0.26267029666801406
100.0 60.0 0.3357117036778599
100.0 62.0 0.3678027585883112
100.0 64.0 0.35633469297575054
100.0 66.0 0.2873081700463264
100.0 68.0 0.1932833905660262
100.0 70.0 0.06782991912927765
100.0 72.0 0.0
100.0 74.0 0.0
100.0 76.0 0.0
100.0 78.0 0.0
100.0 80.0 0.0
100.0 82.0 0.0
100.0 84.0 0.0
100.0 86.0 0.0
100.0 88.0 0.0
100.0 90.0 7.241670847918915E-5
100.0 92.0 0.0875910277569681
100.0 94.0 0.2097393400935367
100.0 96.0 0.2778366822503175
100.0 98.0 0.28421536162881295
100.0 100.0 0.24394119581989238
100.0 102.0 0.15254790866616358
100.0 104.0 0.05023509695605374
100.0 106.0 0.0
100.0 108.0 0.0
100.0 110.0 0.0
100.0 112.0 0.0
100.0 114.0 0.0
100.0 116.0 0.0
100.0 118.0 0.0
100.0 120.0 0.0
100.0 122.0 0.0
100.0 124.0 0.0
100.0 126.0 0.0
102.0 0.0 0.0
102.0 2.0 0.0
102.0 4.0 0.0
102.0 6.0 0.0
102.0 8.0 0.0
102.0 10.0 0.0
102.0 12.0 0.0
102.0 14.0 0.0
102.0 16.0 0.1665152656410095
102.0 18.0 0.37299997610743185
102.0 20.0 0.4608564436736444
102.0 22.0 0.46197109775919465
102.0 24.0 0.42786564500279894
102.0 26.0 0.3939236186846264
102.0 28.0 0.32583826996030324
102.0 30.0 0.20456961805253304
102.0 32.0 0.0717912440789485
102.0 34.0 0.002546334204900129
102.0 36.0 0.0
102.0 38.0 0.0
102.0 40.0 0.0
102.0 42.0 0.0
102.0 44.0 0.0
102.0 46.0 0.0
102.0 48.0 0.0
102.0 50.0 0.0
102.0 52.0 0.001068528231006494
102.0 54.0 0.09461172477280982
102.0 56.0 0.22350461015331902
102.0 58.0 0.3197728728193883
102.0 60.0 0.3808633434725582
102.0 62.0 0.40579466961164573
102.0 64.0 0.39344543871053134
102.0 66.0 0.33961056793823746
102.0 68.0 0.23848754152583088
102.0 70.0 0.09767228628183162
102.0 72.0 0.0
102.0 74.0 0.0
102.0 76.0 0.0
102.0 78.0 0.0
102.0 80.0 0.0
102.0 82.0 0.0
102.0 84.0 0.0
102.0 86.0 0.0
102.0 88.0 0.0
102.0 90.0 0.0
102.0 92.0 0.008660591910210071
102.0 94.0 0.11583804491593697
102.0 96.0 0.19306858650402323
102.0 98.0 0.22421883662745976
102.0 100.0 0.21282167270368976
102.0 102.0 0.159029661405239
102.0 104.0 0.08730572912639702
102.0 106.0 0.005617833885021378
102.0 108.0 0.0
102.0 110.0 0.0
102.0 112.0 0.0
102.0 114.0 0.0
102.0 116.0 0.0
102.0 118.0 0.0
102.0 120.0 0.0
102.0 122.0 0.0
102.0 124.0 0.0
102.0 126.0 0.0
104.0 0.0 0.0
104.0 2.0 0.0
104.0 4.0 0.0
104.0 6.0 0.0
104.0 8.0 0.0
104.0 10.0 0.0
104.0 12.0 0.0
104.0 14.0 0.0
104.0 16.0 0.1821397256694756
104.0 18.0 0.4010862144818652
104.0 20.0 0.4445147281902216
104.0 22.0 0.47992523161573875
104.0 24.0 0.38394415648151986
104.0 26.0 0.3123551307775971
104.0 28.0 0.2299374030894735
104.0 30.0 0.0825820011366518
104.0 32.0 0.016575219390606046
104.0 34.0 0.0
104.0 36.0 0.0
104.0 38.0 0.0
104.0 40.0 0.0
104.0 42.0 0.0
104.0 44.0 0.0
104.0 46.0 0.0
104.0 48.0 0.0
104.0 50.0 0.0
104.0 52.0 0.03888669674724692
104.0 54.0 0.16363117688049061
104.0 56.0 0.2724703457741789
104.0 58.0 0.35355184617352964
104.0 60.0 0.41280215803194503
104.0 62.0 0.525215918682793
104.0 64.0 0.5060072764354305
104.0 66.0 0.4132889154278913
104.0 68.0 0.24898772351713516
104.0 70.0 0.12005869224110362
104.0 72.0 0.0011047756542260337
104.0 74.0 0.0
104.0 76.0 0.0
104.0 78.0 0.0
104.0 80.0 0.0
104.0 82.0 0.0
104.0 84.0 0.0
104.0 86.0 0.0
104.0 88.0 0.0
104.0 90.0 0.0
104.0 92.0 0.0
104.0 94.0 0.0177421059433514
104.0 96.0 0.10990436031774158
104.0 98.0 0.17012668219124438
104.0 100.0 0.19625369693935937
104.0 102.0 0.1797647161061645
104.0 104.0 0.14897883382558122
104.0 106.0 0.07923945087226002
104.0 108.0 0.0
104.0 110.0 0.0
104.0 112.0 0.0
104.0 114.0 0.0
104.0 116.0 0.0
104.0 118.0 0.0
104.0 120.0 0.0
104.0 122.0 0.0
104.0 124.0 0.0
104.0 126.0 0.0
106.0 0.0 0.0
106.0 2.0 0.0
106.0 4.0 0.0
106.0 6.0 0.0
106.0 8.0 0.0
106.0 10.0 0.0
106.0 12.0 0.0
106.0 14.0 0.0
106.0 16.0 0.0
106.0 18.0 0.41157470760069087
106.0 20.0 0.457213167806078
106.0 22.0 0.4371875402984114
106.0 24.0 0.33532684558059134
106.0 26.0 0.2320156733914498
106.0 28.0 0.09976728136819478
106.0 30.0 0.0
106.0 32.0 0.0
106.0 34.0 0.0
106.0 36.0 0.0
106.0 38.0 0.0
106.0 40.0 0.0
106.0 42.0 0.0
106.0 44.0 0.0
106.0 46.0 0.0
106.0 48.0 0.0
106.0 50.0 0.009548934162536559
106.0 52.0 0.0993500283640325
106.0 54.0 0.20881188587327001
106.0 56.0 0.2991364407975829
106.0 58.0 0.36899266904589756
106.0 60.0 0.42183304612053935
106.0 62.0 0.551326024904016
106.0 64.0 0.5325582867638285
106.0 66.0 0.4617205667515687
106.0 68.0 0.29629750312658104
106.0 70.0 0.13048532243685942
106.0 72.0 0.007589388190254317
106.0 74.0 0.0
106.0 76.0 0.0
106.0 78.0 0.0
106.0 80.0 0.0
106.0 82.0 0.0
106.0 84.0 0.0
106.0 86.0 0.0
106.0 88.0 0.0
106.0 90.0 0.0
106.0 92.0 0.0
106.0 94.0 5.09100483560579E-4
106.0 96.0 0.038251777028724704
106.0 98.0 0.1333909061033565
106.0 100.0 0.19795625348861293
106.0 102.0 0.21452800880189168
106.0 104.0 0.22111136059129702
106.0 106.0 0.19933822149154287
106.0 108.0 0.09646698333100891
106.0 110.0 5.590728879808906E-4
106.0 112.0 0.0
106.0 114.0 0.0
106.0 116.0 0.0
106.0 118.0 0.0
106.0 120.0 0.0
106.0 122.0 0.0
106.0 124.0 0.0
106.0 126.0 0.0
108.0 0.0 0.0
108.0 2.0 0.0
108.0 4.0 0.0
108.0 6.0 0.0
108.0 8.0 0.0
108.0 10.0 0.0
108.0 12.0 0.0
108.0 14.0 0.0
108.0 16.0 0.0
108.0 18.0 0.0
108.0 20.0 0.417593950031266
108.0 22.0 0.37491699371338566
108.0 24.0 0.27576672902610333
108.0 26.0 0.10857457276156768
108.0 28.0 0.0
108.0 30.0 0.0
108.0 32.0 0.0
108.0 34.0 0.0
108.0 36.0 0.0
108.0 38.0 0.0
108.0 40.0 0.0
108.0 42.0 0.0
108.0 44.0 0.0
108.0 46.0 0.0
108.0 48.0 0.0
108.0 50.0 0.013229694560595827
108.0 52.0 0.13430134426975335
108.0 54.0 0.23290825479104768
108.0 56.0 0.30793840203805656
108.0 58.0 0.3690011861389935
108.0 60.0 0.4199371543698109
108.0 62.0 0.563755514800316
108.0 64.0 0.5422973496239105
108.0 66.0 0.48638077824379766
108.0 68.0 0.33165067683522415
108.0 70.0 0.12574289479282338
108.0 72.0 0.008069517343241926
108.0 74.0 0.0
108.0 76.0 0.0
108.0 78.0 0.0
108.0 80.0 0.0
108.0 82.0 0.0
108.0 84.0 0.0
108.0 86.0 0.0
108.0 88.0 0.0
108.0 90.0 0.0
108.0 92.0 0.0
108.0 94.0 0.0
108.0 96.0 0.02457752526834157
108.0 98.0 0.11734843917440947
108.0 100.0 0.21425271053225
108.0 102.0 0.25524656709765114
108.0 104.0 0.2807547524699638
108.0 106.0 0.3043470421927508
108.0 108.0 0.27880278842289924
108.0 110.0 0.0
108.0 112.0 0.0
108.0 114.0 0.0
108.0 116.0 0.0
108.0 118.0 0.0
108.0 120.0 0.0
108.0 122.0 0.0
108.0 124.0 0.0
108.0 126.0 0.0
110.0 0.0 0.0
110.0 2.0 0.0
110.0 4.0 0.0
110.0 6.0 0.0
110.0 8.0 0.0
110.0 10.0 0.0
110.0 12.0 0.0
110.0 14.0 0.0
110.0 16.0 0.0
110.0 18.0 0.0
110.0 20.0 0.0
110.0 22.0 0.3443404703030806
110.0 24.0 0.18925687180754983
110.0 26.0 0.037664223851816996
110.0 28.0 0.0
110.0 30.0 0.0
110.0 32.0 0.0
110.0 34.0 0.0
110.0 36.0 0.0
110.0 38.0 0.0
110.0 40.0 0.0
110.0 42.0 0.0
110.0 44.0 0.0
110.0 46.0 0.0
110.0 48.0 0.0021611226030452467
110.0 50.0 0.0429536754454865
110.0 52.0 0.1481348154720582
110.0 54.0 0.24331672262132234
110.0 56.0 0.3096138317308309
110.0 58.0 0.3633432494435915
110.0 60.0 0.4122252425562783
110.0 62.0 0.547795762852115
110.0 64.0 0.5360321714148961
110.0 66.0 0.5314337101976492
110.0 68.0 0.33821628515122715
110.0 70.0 0.12276920455916841
110.0 72.0 0.008422420847542514
110.0 74.0 0.0
110.0 76.0 0.0
110.0 78.0 0.0
110.0 80.0 0.0
110.0 82.0 0.0
110.0 84.0 0.0
110.0 86.0 0.0
110.0 88.0 0.0
110.0 90.0 0.0
110.0 92.0 0.0
110.0 94.0 0.0
110.0 96.0 0.026409705937198907
110.0 98.0 0.1400758994722249
110.0 100.0 0.25942588785249926
110.0 102.0 0.30978730878379
110.0 104.0 0.3367080648560545
110.0 106.0 0.36412854606254763
110.0 108.0 0.0
110.0 110.0 0.0
110.0 112.0 0.0
110.0 114.0 0.0
110.0 116.0 0.0
110.0 118.0 0.0
110.0 120.0 0.0
110.0 122.0 0.0
110.0 124.0 0.0
110.0 126.0 0.0
112.0 0.0 0.0
112.0 2.0 0.0
112.0 4.0 0.0
112.0 6.0 0.0
112.0 8.0 0.0
112.0 10.0 0.0
112.0 12.0 0.0
112.0 14.0 0.0
112.0 16.0 0.0
112.0 18.0 0.0
112.0 20.0 0.0
112.0 22.0 0.0
112.0 24.0 0.22229504780838713
112.0 26.0 0.022398775661342057
112.0 28.0 0.0
112.0 30.0 0.0
112.0 32.0 0.0
112.0 34.0 0.0
112.0 36.0 0.0
112.0 38.0 0.0
112.0 40.0 0.0
112.0 42.0 0.0
112.0 44.0 0.0
112.0 46.0 9.955627522553905E-4
112.0 48.0 0.016029414427936466
112.0 50.0 0.08386687721596764
112.0 52.0 0.16601631852001936
112.0 54.0 0.2346837185126384
112.0 56.0 0.3032127186881052
112.0 58.0 0.3932546237348163
112.0 60.0 0.45272815118649984
112.0 62.0 0.49577877311129886
112.0 64.0 0.5384712348670451
112.0 66.0 0.5258618861587704
112.0 68.0 0.3620113211188561
112.0 70.0 0.10369642120761331
112.0 72.0 0.00847759956522435
112.0 74.0 0.0
112.0 76.0 0.0
112.0 78.0 0.0
112.0 80.0 0.0
112.0 82.0 0.0
112.0 84.0 0.0
112.0 86.0 0.0
112.0 88.0 0.0
112.0 90.0 0.0
112.0 92.0 0.0
112.0 94.0 0.0
112.0 96.0 0.03828330861695473
112.0 98.0 0.1819613760927249
112.0 100.0 0.3102001649015981
112.0 102.0 0.35851941858438635
112.0 104.0 0.3549336853157956
112.0 106.0 0.0
112.0 108.0 0.0
112.0 110.0 0.0
112.0 112.0 0.0
112.0 114.0 0.0
112.0 116.0 0.0
112.0 118.0 0.0
112.0 120.0 0.0
112.0 122.0 0.0
112.0 124.0 0.0
112.0 126.0 0.0
114.0 0.0 0.0
114.0 2.0 0.0
114.0 4.0 0.0
114.0 6.0 0.0
114.0 8.0 0.0
114.0 10.0 0.0
114.0 12.0 0.0
114.0 14.0 0.0
114.0 16.0 0.0
114.0 18.0 0.0
114.0 20.0 0.0
114.0 22.0 0.0
114.0 24.0 0.0
114.0 26.0 0.09415626418407053
114.0 28.0 5.292386649849422E-4
114.0 30.0 0.0
114.0 32.0 0.0
114.0 34.0 0.0
114.0 36.0 0.0
114.0 38.0 0.0
114.0 40.0 0.0
114.0 42.0 0.0
114.0 44.0 9.774090135973813E-4
114.0 46.0 0.008751460675624025
114.0 48.0 0.033378962422932805
114.0 50.0 0.10047641923382912
114.0 52.0 0.19710815220467412
114.0 54.0 0.2932877511876415
114.0 56.0 0.36712405491528727
114.0 58.0 0.43108158155486814
114.0 60.0 0.4375823699074508
114.0 62.0 0.42551744766666705
114.0 64.0 0.49404656861921037
114.0 66.0 0.4951794034110753
114.0 68.0 0.34751998372374043
114.0 70.0 0.11874079903227876
114.0 72.0 4.5190325958011915E-4
114.0 74.0 0.0
114.0 76.0 0.0
114.0 78.0 0.0
114.0 80.0 0.0
114.0 82.0 0.0
114.0 84.0 0.0
114.0 86.0 0.0
114.0 88.0 0.0
114.0 90.0 0.0
114.0 92.0 0.0
114.0 94.0 9.946400191544302E-4
114.0 96.0 0.05786796827536642
114.0 98.0 0.23545417448767622
114.0 100.0 0.3415725389588414
114.0 102.0 0.0
114.0 104.0 0.0
114.0 106.0 0.0
114.0 108.0 0.0
114.0 110.0 0.0
114.0 112.0 0.0
114.0 114.0 0.0
114.0 116.0 0.0
114.0 118.0 0.0
114.0 120.0 0.0
114.0 122.0 0.0
114.0 124.0 0.0
114.0 126.0 0.0
116.0 0.0 0.0
116.0 2.0 0.0
116.0 4.0 0.0
116.0 6.0 0.0
116.0 8.0 0.0
116.0 10.0 0.0
116.0 12.0 0.0
116.0 14.0 0.0
116.0 16.0 0.0
116.0 18.0 0.0
116.0 20.0 0.0
116.0 22.0 0.0
116.0 24.0 0.0
116.0 26.0 0.0
116.0 28.0 0.0744766264304005
116.0 30.0 8.669830743887481E-4
116.0 32.0 0.0
116.0 34.0 0.0
116.0 36.0 0.0
116.0 38.0 0.0
116.0 40.0 0.0
116.0 42.0 5.03957451253761E-4
116.0 44.0 0.004429231588725079
116.0 46.0 0.01491787990523156
116.0 48.0 0.03760286711387017
116.0 50.0 0.0968091617951254
116.0 52.0 0.185001846702738
116.0 54.0 0.2739431793324759
116.0 56.0 0.3454940574970477
116.0 58.0 0.4116348537396462
116.0 60.0 0.454624483485897
116.0 62.0 0.44933484455122613
116.0 64.0 0.41369922198753656
116.0 66.0 0.44941880596300776
116.0 68.0 0.32298240715624066
116.0 70.0 0.10984566031728094
116.0 72.0 0.0
116.0 74.0 0.0
116.0 76.0 0.0
116.0 78.0 0.0
116.0 80.0 0.0
116.0 82.0 0.0
116.0 84.0 0.0
116.0 86.0 0.0
116.0 88.0 0.0
116.0 90.0 0.0
116.0 92.0 0.0
116.0 94.0 0.004231269409823004
116.0 96.0 0.0931351918286477
116.0 98.0 0.2697929934812556
116.0 100.0 0.0
116.0 102.0 0.0
116.0 104.0 0.0
116.0 106.0 0.0
116.0 108.0 0.0
116.0 110.0 0.0
116.0 112.0 0.0
116.0 114.0 0.0
116.0 116.0 0.0
116.0 118.0 0.0
116.0 120.0 0.0
116.0 122.0 0.0
116.0 124.0 0.0
116.0 126.0 0.0
118.0 0.0 0.0
118.0 2.0 0.0
118.0 4.0 0.0
118.0 6.0 0.0
118.0 8.0 0.0
118.0 10.0 0.0
118.0 12.0 0.0
118.0 14.0 0.0
118.0 16.0 0.0
118.0 18.0 0.0
118.0 20.0 0.0
118.0 22.0 0.0
118.0 24.0 0.0
118.0 26.0 0.0
118.0 28.0 0.0
118.0 30.0 0.0
118.0 32.0 0.04674785350574481
118.0 34.0 0.0
118.0 36.0 0.0
118.0 38.0 0.0
118.0 40.0 0.0
118.0 42.0 0.002834457588804268
118.0 44.0 0.011141234364348168
118.0 46.0 0.02050357811221518
118.0 48.0 0.039004895970962426
118.0 50.0 0.08397625844708663
118.0 52.0 0.1623172029170177
118.0 54.0 0.24668309456960472
118.0 56.0 0.3174432247991463
118.0 58.0 0.38915991596936556
118.0 60.0 0.4394592666105657
118.0 62.0 0.4526183968183375
118.0 64.0 0.4118784373087541
118.0 66.0 0.36262613407386185
118.0 68.0 0.2931820303376486
118.0 70.0 0.07801293710544531
118.0 72.0 0.0
118.0 74.0 0.0
118.0 76.0 0.0
118.0 78.0 0.0
118.0 80.0 0.0
118.0 82.0 0.0
118.0 84.0 0.0
118.0 86.0 0.0
118.0 88.0 0.0
118.0 90.0 0.0
118.0 92.0 0.0
118.0 94.0 0.01440978813891508
118.0 96.0 0.1350663907404051
118.0 98.0 0.0
118.0 100.0 0.0
118.0 102.0 0.0
118.0 104.0 0.0
118.0 106.0 0.0
118.0 108.0 0.0
118.0 110.0 0.0
118.0 112.0 0.0
118.0 114.0 0.0
118.0 116.0 0.0
118.0 118.0 0.0
118.0 120.0 0.0
118.0 122.0 0.0
118.0 124.0 0.0
118.0 126.0 0.0
120.0 0.0 0.0
120.0 2.0 0.0
120.0 4.0 0.0
120.0 6.0 0.0
120.0 8.0 0.0
120.0 10.0 0.0
120.0 12.0 0.0
120.0 14.0 0.0
120.0 16.0 0.0
120.0 18.0 0.0
120.0 20.0 0.0
120.0 22.0 0.0
120.0 24.0 0.0
120.0 26.0 0.0
120.0 28.0 0.0
120.0 30.0 0.0
120.0 32.0 0.0
120.0 34.0 0.0
120.0 36.0 0.031312869021689387
120.0 38.0 0.0
120.0 40.0 0.0
120.0 42.0 0.0
120.0 44.0 0.001396485501799892
120.0 46.0 0.009209983725554533
120.0 48.0 0.024273225836661933
120.0 50.0 0.055489778828589305
120.0 52.0 0.13009766403202713
120.0 54.0 0.2080821006888092
120.0 56.0 0.27742331332591785
120.0 58.0 0.3539364699071239
120.0 60.0 0.4131829394692212
120.0 62.0 0.43252283575707445
120.0 64.0 0.39468392788727047
120.0 66.0 0.3282326643887912
120.0 68.0 0.23363395420375369
120.0 70.0 0.055882059432378624
120.0 72.0 0.0
120.0 74.0 0.0
120.0 76.0 0.0
120.0 78.0 0.0
120.0 80.0 0.0
120.0 82.0 0.0
120.0 84.0 0.0
120.0 86.0 0.0
120.0 88.0 0.0
120.0 90.0 0.0
120.0 92.0 3.110543835703088E-4
120.0 94.0 0.0
120.0 96.0 0.0
120.0 98.0 0.0
120.0 100.0 0.0
120.0 102.0 0.0
120.0 104.0 0.0
120.0 106.0 0.0
120.0 108.0 0.0
120.0 110.0 0.0
120.0 112.0 0.0
120.0 114.0 0.0
120.0 116.0 0.0
120.0 118.0 0.0
120.0 120.0 0.0
120.0 122.0 0.0
120.0 124.0 0.0
120.0 126.0 0.0
122.0 0.0 0.0
122.0 2.0 0.0
122.0 4.0 0.0
122.0 6.0 0.0
122.0 8.0 0.0
122.0 10.0 0.0
122.0 12.0 0.0
122.0 14.0 0.0
122.0 16.0 0.0
122.0 18.0 0.0
122.0 20.0 0.0
122.0 22.0 0.0
122.0 24.0 0.0
122.0 26.0 0.0
122.0 28.0 0.0
122.0 30.0 0.0
122.0 32.0 0.0
122.0 34.0 0.0
122.0 36.0 0.0
122.0 38.0 0.0
122.0 40.0 0.0015600774165577477
122.0 42.0 0.0
122.0 44.0 0.0
122.0 46.0 0.0
122.0 48.0 0.006408672705344887
122.0 50.0 0.02093475720299312
122.0 52.0 0.0747702144786097
122.0 54.0 0.15378346152840425
122.0 56.0 0.22427660550784204
122.0 58.0 0.3053830126315632
122.0 60.0 0.37399583590406227
122.0 62.0 0.40108047686372883
122.0 64.0 0.37358277726775063
122.0 66.0 0.3014732675987382
122.0 68.0 0.18554966274377727
122.0 70.0 0.0387992325493966
122.0 72.0 0.0
122.0 74.0 0.0
122.0 76.0 0.0
122.0 78.0 0.0
122.0 80.0 0.0
122.0 82.0 0.0
122.0 84.0 0.0
122.0 86.0 0.0
122.0 88.0 0.0
122.0 90.0 0.0
122.0 92.0 0.0
122.0 94.0 0.0
122.0 96.0 0.0
122.0 98.0 0.0
122.0 100.0 0.0
122.0 102.0 0.0
122.0 104.0 0.0
122.0 106.0 0.0
122.0 108.0 0.0
122.0 110.0 0.0
122.0 112.0 0.0
122.0 114.0 0.0
122.0 116.0 0.0
122.0 118.0 0.0
122.0 120.0 0.0
122.0 122.0 0.0
122.0 124.0 0.0
122.0 126.0 0.0
124.0 0.0 0.0
124.0 2.0 0.0
124.0 4.0 0.0
124.0 6.0 0.0
124.0 8.0 0.0
124.0 10.0 0.0
124.0 12.0 0.0
124.0 14.0 0.0
124.0 16.0 0.0
124.0 18.0 0.0
124.0 20.0 0.0
124.0 22.0 0.0
124.0 24.0 0.0
124.0 26.0 0.0
124.0 28.0 0.0
124.0 30.0 0.0
124.0 32.0 0.0
124.0 34.0 0.0
124.0 36.0 0.0
124.0 38.0 0.0
124.0 40.0 0.0
124.0 42.0 0.0
124.0 44.0 0.0
124.0 46.0 0.0
124.0 48.0 0.0
124.0 50.0 0.0
124.0 52.0 0.0015178994693166722
124.0 54.0 0.046294863971287716
124.0 56.0 0.1530884252686461
124.0 58.0 0.23656710263484818
124.0 60.0 0.31573089559135104
124.0 62.0 0.34973298493260074
124.0 64.0 0.3354383095417741
124.0 66.0 0.26976604478385047
124.0 68.0 0.15538543483837156
124.0 70.0 0.024171215712183124
124.0 72.0 0.0
124.0 74.0 0.0
124.0 76.0 0.0
124.0 78.0 0.0
124.0 80.0 0.0
124.0 82.0 0.0
124.0 84.0 0.0
124.0 86.0 0.0
124.0 88.0 0.0
124.0 90.0 0.0
124.0 92.0 0.0
124.0 94.0 0.0
124.0 96.0 0.0
124.0 98.0 0.0
124.0 100.0 0.0
124.0 102.0 0.0
124.0 104.0 0.0
124.0 106.0 0.0
124.0 108.0 0.0
124.0 110.0 0.0
124.0 112.0 0.0
124.0 114.0 0.0
124.0 116.0 0.0
124.0 118.0 0.0
124.0 120.0 0.0
124.0 122.0 0.0
124.0 124.0 0.0
124.0 126.0 0.0
126.0 0.0 0.0
126.0 2.0 0.0
126.0 4.0 0.0
126.0 6.0 0.0
126.0 8.0 0.0
126.0 10.0 0.0
126.0 12.0 0.0
126.0 14.0 0.0
126.0 16.0 0.0
126.0 18.0 0.0
126.0 20.0 0.0
126.0 22.0 0.0
126.0 24.0 0.0
126.0 26.0 0.0
126.0 28.0 0.0
126.0 30.0 0.0
126.0 32.0 0.0
126.0 34.0 0.0
126.0 36.0 0.0
126.0 38.0 0.0
126.0 40.0 0.0
126.0 42.0 0.0
126.0 44.0 0.0
126.0 46.0 0.0
126.0 48.0 0.0
126.0 50.0 0.0
126.0 52.0 0.0
126.0 54.0 0.0
126.0 56.0 0.0
126.0 58.0 0.008138612837054715
126.0 60.0 0.09912302256405638
126.0 62.0 0.2129530592420723
126.0 64.0 0.2825238490152864
126.0 66.0 0.28244189838024
126.0 68.0 0.19529728309893282
126.0 70.0 0.03831683295092433
126.0 72.0 0.0
126.0 74.0 0.0
126.0 76.0 0.0
126.0 78.0 0.0
126.0 80.0 0.0
126.0 82.0 0.0
126.0 84.0 0.0
126.0 86.0 0.0
126.0 88.0 0.0
126.0 90.0 0.0
126.0 92.0 0.0
126.0 94.0 0.0
126.0 96.0 0.0
126.0 98.0 0.0
126.0 100.0 0.0
126.0 102.0 0.0
126.0 104.0 0.0
126.0 106.0 0.0
126.0 108.0 0.0
126.0 110.0 0.0
126.0 112.0 0.0
126.0 114.0 0.0
126.0 116.0 0.0
126.0 118.0 0.0
126.0 120.0 0.0
126.0 122.0 0.0
126.0 124.0 0.0
126.0 126.0 0.0
