0.0 0.0 0.0
0.0 2.0 0.0
0.0 4.0 0.0
0.0 6.0 0.0
0.0 8.0 0.0
0.0 10.0 0.0
0.0 12.0 0.0
0.0 14.0 0.0
0.0 16.0 0.0
0.0 18.0 0.0
0.0 20.0 0.0
0.0 22.0 0.0
0.0 24.0 0.0
0.0 26.0 0.0
0.0 28.0 0.0
0.0 30.0 0.0
0.0 32.0 0.0
0.0 34.0 0.0
0.0 36.0 0.0
0.0 38.0 0.0
0.0 40.0 0.0
0.0 42.0 0.0
0.0 44.0 0.0
0.0 46.0 0.0
0.0 48.0 0.0
0.0 50.0 0.0
0.0 52.0 0.0
0.0 54.0 0.0
0.0 56.0 0.0
0.0 58.0 0.0
0.0 60.0 0.0
0.0 62.0 0.0
0.0 64.0 0.0
0.0 66.0 0.0
0.0 68.0 0.0
0.0 70.0 0.0
0.0 72.0 0.0
0.0 74.0 0.0
0.0 76.0 0.0
0.0 78.0 0.0
0.0 80.0 0.0
0.0 82.0 0.0
0.0 84.0 0.0
0.0 86.0 0.0
0.0 88.0 0.0
0.0 90.0 0.0
0.0 92.0 0.0
0.0 94.0 0.0
0.0 96.0 0.0
0.0 98.0 0.0
0.0 100.0 0.0
0.0 102.0 0.0
0.0 104.0 0.0
0.0 106.0 0.0
0.0 108.0 0.0
0.0 110.0 0.0
0.0 112.0 0.0
0.0 114.0 0.0
0.0 116.0 0.0
0.0 118.0 0.0
0.0 120.0 0.0
0.0 122.0 0.0
0.0 124.0 0.0
0.0 126.0 0.0
2.0 0.0 0.0
2.0 2.0 0.0
2.0 4.0 0.0
2.0 6.0 0.0
2.0 8.0 0.0
2.0 10.0 0.0
2.0 12.0 0.0
2.0 14.0 0.0
2.0 16.0 0.0
2.0 18.0 0.0
2.0 20.0 0.0
2.0 22.0 0.0
2.0 24.0 0.0
2.0 26.0 0.0
2.0 28.0 0.0
2.0 30.0 0.0
2.0 32.0 0.0
2.0 34.0 0.0
2.0 36.0 0.0
2.0 38.0 0.0
2.0 40.0 0.0
2.0 42.0 0.0
2.0 44.0 0.0
2.0 46.0 0.0
2.0 48.0 0.11074488154347284
2.0 50.0 0.0
2.0 52.0 0.0
2.0 54.0 0.0
2.0 56.0 0.0
2.0 58.0 0.0
2.0 60.0 0.0
2.0 62.0 0.05844819012017405
2.0 64.0 0.22647761565751676
2.0 66.0 0.365566857816414
2.0 68.0 0.4189773703655824
2.0 70.0 0.45660848790296865
2.0 72.0 0.456363064237894
2.0 74.0 0.3757122075351644
2.0 76.0 0.21976509466840688
2.0 78.0 0.05674139128217056
2.0 80.0 0.0
2.0 82.0 0.0
2.0 84.0 0.0
2.0 86.0 0.0
2.0 88.0 0.0
2.0 90.0 0.0
2.0 92.0 0.0
2.0 94.0 0.0
2.0 96.0 0.0
2.0 98.0 0.0
2.0 100.0 0.0
2.0 102.0 0.0
2.0 104.0 0.0
2.0 106.0 0.0
2.0 108.0 0.0
2.0 110.0 0.0
2.0 112.0 0.0
2.0 114.0 0.0
2.0 116.0 0.0
2.0 118.0 0.0
2.0 120.0 0.0
2.0 122.0 0.0
2.0 124.0 0.0
2.0 126.0 0.0
4.0 0.0 0.0
4.0 2.0 0.0
4.0 4.0 0.0
4.0 6.0 0.0
4.0 8.0 0.0
4.0 10.0 0.0
4.0 12.0 0.0
4.0 14.0 0.0
4.0 16.0 0.0
4.0 18.0 0.0
4.0 20.0 0.0
4.0 22.0 0.0
4.0 24.0 0.0
4.0 26.0 0.0
4.0 28.0 0.0
4.0 30.0 0.0
4.0 32.0 0.0
4.0 34.0 0.0
4.0 36.0 0.0
4.0 38.0 0.0
4.0 40.0 0.0
4.0 42.0 0.0
4.0 44.0 0.0
4.0 46.0 0.0
4.0 48.0 0.0
4.0 50.0 0.0
4.0 52.0 0.0
4.0 54.0 0.0
4.0 56.0 0.0
4.0 58.0 6.872184598823555E-4
4.0 60.0 0.04479201502906551
4.0 62.0 0.13801438992933637
4.0 64.0 0.26465950787495884
4.0 66.0 0.3530830104585294
4.0 68.0 0.4063214387597694
4.0 70.0 0.4623332547883225
4.0 72.0 0.47897209871959506
4.0 74.0 0.3934617814256629
4.0 76.0 0.23093970326385352
4.0 78.0 0.06137752716411137
4.0 80.0 0.0
4.0 82.0 0.0
4.0 84.0 0.0
4.0 86.0 0.0
4.0 88.0 0.0
4.0 90.0 0.0
4.0 92.0 0.0
4.0 94.0 0.0
4.0 96.0 0.0
4.0 98.0 0.0
4.0 100.0 0.0
4.0 102.0 0.0
4.0 104.0 0.0
4.0 106.0 0.0
4.0 108.0 0.0
4.0 110.0 0.0
4.0 112.0 0.0
4.0 114.0 0.0
4.0 116.0 0.0
4.0 118.0 0.0
4.0 120.0 0.0
4.0 122.0 0.0
4.0 124.0 0.0
4.0 126.0 0.0
6.0 0.0 0.0
6.0 2.0 0.0
6.0 4.0 0.0
6.0 6.0 0.0
6.0 8.0 0.0
6.0 10.0 0.0
6.0 12.0 0.0
6.0 14.0 0.0
6.0 16.0 0.0
6.0 18.0 0.0
6.0 20.0 0.0
6.0 22.0 0.0
6.0 24.0 0.0
6.0 26.0 0.0
6.0 28.0 0.0
6.0 30.0 0.0
6.0 32.0 0.0
6.0 34.0 0.0
6.0 36.0 0.0
6.0 38.0 0.0
6.0 40.0 0.0
6.0 42.0 0.0
6.0 44.0 0.0
6.0 46.0 0.0
6.0 48.0 0.0
6.0 50.0 0.0
6.0 52.0 0.0
6.0 54.0 0.0
6.0 56.0 0.0
6.0 58.0 0.006335010274619718
6.0 60.0 0.05611890541286386
6.0 62.0 0.15583928259322746
6.0 64.0 0.27065107579305275
6.0 66.0 0.35432493982288366
6.0 68.0 0.39932893984722323
6.0 70.0 0.4734071066902528
6.0 72.0 0.4955190571120194
6.0 74.0 0.4084469361043728
6.0 76.0 0.23700122695265516
6.0 78.0 0.06332963415031465
6.0 80.0 0.0
6.0 82.0 0.0
6.0 84.0 0.0
6.0 86.0 0.0
6.0 88.0 0.0
6.0 90.0 0.0
6.0 92.0 0.0
6.0 94.0 0.0
6.0 96.0 0.0
6.0 98.0 0.0
6.0 100.0 0.0
6.0 102.0 0.0
6.0 104.0 0.0
6.0 106.0 0.0
6.0 108.0 0.0
6.0 110.0 0.0
6.0 112.0 0.0
6.0 114.0 0.0
6.0 116.0 0.0
6.0 118.0 0.0
6.0 120.0 0.0
6.0 122.0 0.0
6.0 124.0 0.0
6.0 126.0 0.0
8.0 0.0 0.0
8.0 2.0 0.0
8.0 4.0 0.0
8.0 6.0 0.0
8.0 8.0 0.0
8.0 10.0 0.0
8.0 12.0 0.0
8.0 14.0 0.0
8.0 16.0 0.0
8.0 18.0 0.0
8.0 20.0 0.0
8.0 22.0 0.0
8.0 24.0 0.0
8.0 26.0 0.0
8.0 28.0 0.0
8.0 30.0 0.0
8.0 32.0 0.0
8.0 34.0 0.0
8.0 36.0 0.0
8.0 38.0 0.0
8.0 40.0 0.0
8.0 42.0 0.0
8.0 44.0 0.0
8.0 46.0 0.0
8.0 48.0 0.0
8.0 50.0 0.0
8.0 52.0 0.0
8.0 54.0 0.0
8.0 56.0 0.0
8.0 58.0 0.01713903819565431
8.0 60.0 0.07127881494281947
8.0 62.0 0.18121641636832153
8.0 64.0 0.2811039214128832
8.0 66.0 0.35365717405406616
8.0 68.0 0.4120210426157868
8.0 70.0 0.5021786321254037
8.0 72.0 0.5022517694630376
8.0 74.0 0.42601436156300715
8.0 76.0 0.24170050916032892
8.0 78.0 0.06309765681443646
8.0 80.0 0.0
8.0 82.0 0.0
8.0 84.0 0.0
8.0 86.0 0.0
8.0 88.0 0.0
8.0 90.0 0.0
8.0 92.0 0.0
8.0 94.0 0.0
8.0 96.0 0.0
8.0 98.0 0.0
8.0 100.0 0.0
8.0 102.0 0.0
8.0 104.0 0.0
8.0 106.0 0.0
8.0 108.0 0.0
8.0 110.0 0.0
8.0 112.0 0.0
8.0 114.0 0.0
8.0 116.0 0.0
8.0 118.0 0.0
8.0 120.0 0.0
8.0 122.0 0.0
8.0 124.0 0.0
8.0 126.0 0.0
10.0 0.0 0.0
10.0 2.0 0.0
10.0 4.0 0.0
10.0 6.0 0.0
10.0 8.0 0.0
10.0 10.0 0.0
10.0 12.0 0.0
10.0 14.0 0.0
10.0 16.0 0.0
10.0 18.0 0.0
10.0 20.0 0.0
10.0 22.0 0.0
10.0 24.0 0.0
10.0 26.0 0.0
10.0 28.0 0.0
10.0 30.0 0.0
10.0 32.0 0.0
10.0 34.0 0.0
10.0 36.0 0.0
10.0 38.0 0.0
10.0 40.0 0.0
10.0 42.0 0.0
10.0 44.0 0.0
10.0 46.0 0.0
10.0 48.0 0.0
10.0 50.0 0.0
10.0 52.0 0.0
10.0 54.0 0.0
10.0 56.0 0.0012496879559610167
10.0 58.0 0.02679927917611379
10.0 60.0 0.08663160080200132
10.0 62.0 0.20934865658565394
10.0 64.0 0.27797514099680215
10.0 66.0 0.35170269956272326
10.0 68.0 0.42636869642875563
10.0 70.0 0.5138276410840122
10.0 72.0 0.507472480506863
10.0 74.0 0.44471825796596104
10.0 76.0 0.24548676735005767
10.0 78.0 0.06390749365616046
10.0 80.0 0.0
10.0 82.0 0.0
10.0 84.0 0.0
10.0 86.0 0.0
10.0 88.0 0.0
10.0 90.0 0.0
10.0 92.0 0.0
10.0 94.0 0.0
10.0 96.0 0.0
10.0 98.0 0.0
10.0 100.0 0.0
10.0 102.0 0.0
10.0 104.0 0.0
10.0 106.0 0.0
10.0 108.0 0.0
10.0 110.0 0.0
10.0 112.0 0.0
10.0 114.0 0.0
10.0 116.0 0.0
10.0 118.0 0.0
10.0 120.0 0.0
10.0 122.0 0.0
10.0 124.0 0.0
10.0 126.0 0.0
12.0 0.0 0.0
12.0 2.0 0.0
12.0 4.0 0.0
12.0 6.0 0.0
12.0 8.0 0.0
12.0 10.0 0.0
12.0 12.0 0.0
12.0 14.0 0.0
12.0 16.0 0.0
12.0 18.0 0.0
12.0 20.0 0.0
12.0 22.0 0.0
12.0 24.0 0.0
12.0 26.0 0.0
12.0 28.0 0.03875691702691277
12.0 30.0 0.25071208681014695
12.0 32.0 0.158212307461681
12.0 34.0 0.03181059350135194
12.0 36.0 0.0
12.0 38.0 0.0
12.0 40.0 0.0
12.0 42.0 0.0
12.0 44.0 0.0
12.0 46.0 0.0
12.0 48.0 0.0
12.0 50.0 0.0
12.0 52.0 0.0
12.0 54.0 0.0
12.0 56.0 0.006501051376300967
12.0 58.0 0.0377795436644393
12.0 60.0 0.1118927133156385
12.0 62.0 0.24240232843044943
12.0 64.0 0.31335028113227875
12.0 66.0 0.3456943833409641
12.0 68.0 0.4265625311488566
12.0 70.0 0.5162141239229926
12.0 72.0 0.5183124425715058
12.0 74.0 0.45275373295680127
12.0 76.0 0.25550711035613444
12.0 78.0 0.07339937824418882
12.0 80.0 0.0
12.0 82.0 0.0
12.0 84.0 0.0
12.0 86.0 0.0
12.0 88.0 0.0
12.0 90.0 0.0
12.0 92.0 0.0
12.0 94.0 0.0
12.0 96.0 0.0
12.0 98.0 0.0
12.0 100.0 0.0
12.0 102.0 0.0
12.0 104.0 0.0
12.0 106.0 0.0
12.0 108.0 0.0
12.0 110.0 0.0
12.0 112.0 0.0
12.0 114.0 0.0
12.0 116.0 0.0
12.0 118.0 0.0
12.0 120.0 0.0
12.0 122.0 0.0
12.0 124.0 0.0
12.0 126.0 0.0
14.0 0.0 0.0
14.0 2.0 0.0
14.0 4.0 0.0
14.0 6.0 0.0
14.0 8.0 0.0
14.0 10.0 0.0
14.0 12.0 0.0
14.0 14.0 0.0
14.0 16.0 0.0
14.0 18.0 0.0
14.0 20.0 0.0
14.0 22.0 0.0
14.0 24.0 0.3375571454408581
14.0 26.0 0.49997940842709504
14.0 28.0 0.44225518328004565
14.0 30.0 0.3378879750144618
14.0 32.0 0.1762571323656512
14.0 34.0 0.02114700499035184
14.0 36.0 0.0
14.0 38.0 0.0
14.0 40.0 0.0
14.0 42.0 0.0
14.0 44.0 0.0
14.0 46.0 0.0
14.0 48.0 0.0
14.0 50.0 0.0
14.0 52.0 0.0
14.0 54.0 0.0
14.0 56.0 0.015455760379275754
14.0 58.0 0.05265289908115786
14.0 60.0 0.13976296399708218
14.0 62.0 0.26254865950507167
14.0 64.0 0.33762178203327314
14.0 66.0 0.34828826332187807
14.0 68.0 0.40268798753065
14.0 70.0 0.4796205397491302
14.0 72.0 0.515211656755912
14.0 74.0 0.45311793413656537
14.0 76.0 0.26853842267268646
14.0 78.0 0.08451184437879404
14.0 80.0 0.0
14.0 82.0 0.0
14.0 84.0 0.0
14.0 86.0 0.0
14.0 88.0 0.0
14.0 90.0 0.0
14.0 92.0 0.0
14.0 94.0 0.0
14.0 96.0 0.0
14.0 98.0 0.0
14.0 100.0 0.0
14.0 102.0 0.0
14.0 104.0 0.0
14.0 106.0 0.0
14.0 108.0 0.0
14.0 110.0 0.0
14.0 112.0 0.0
14.0 114.0 0.0
14.0 116.0 0.0
14.0 118.0 0.0
14.0 120.0 0.0
14.0 122.0 0.0
14.0 124.0 0.0
14.0 126.0 0.0
16.0 0.0 0.0
16.0 2.0 0.0
16.0 4.0 0.0
16.0 6.0 0.0
16.0 8.0 0.0
16.0 10.0 0.0
16.0 12.0 0.0
16.0 14.0 0.0
16.0 16.0 0.0
16.0 18.0 0.0
16.0 20.0 0.0
16.0 22.0 0.42213508606291184
16.0 24.0 0.5387613086769253
16.0 26.0 0.503073341180159
16.0 28.0 0.44173299677577016
16.0 30.0 0.3582846115040908
16.0 32.0 0.18591964031502972
16.0 34.0 0.012983117021437363
16.0 36.0 0.0
16.0 38.0 0.0
16.0 40.0 0.0
16.0 42.0 0.0
16.0 44.0 0.0
16.0 46.0 0.0
16.0 48.0 0.0
16.0 50.0 0.0
16.0 52.0 0.0
16.0 54.0 0.0
16.0 56.0 0.026946491007013133
16.0 58.0 0.07240536046443113
16.0 60.0 0.16585493144978278
16.0 62.0 0.28015072772616173
16.0 64.0 0.3791937671452073
16.0 66.0 0.3554864997200026
16.0 68.0 0.40405802694263254
16.0 70.0 0.46071905309806854
16.0 72.0 0.507422392051529
16.0 74.0 0.4417596547561933
16.0 76.0 0.2800310885818007
16.0 78.0 0.0983223092985812
16.0 80.0 0.0
16.0 82.0 0.0
16.0 84.0 0.0
16.0 86.0 0.0
16.0 88.0 0.0
16.0 90.0 0.0
16.0 92.0 0.0
16.0 94.0 0.0
16.0 96.0 0.0
16.0 98.0 0.0
16.0 100.0 0.0
16.0 102.0 0.0
16.0 104.0 0.0
16.0 106.0 0.0
16.0 108.0 0.0
16.0 110.0 0.0
16.0 112.0 0.0
16.0 114.0 0.0
16.0 116.0 0.0
16.0 118.0 0.0
16.0 120.0 0.0
16.0 122.0 0.0
16.0 124.0 0.0
16.0 126.0 0.0
18.0 0.0 0.0
18.0 2.0 0.0
18.0 4.0 0.0
18.0 6.0 0.0
18.0 8.0 0.0
18.0 10.0 0.0
18.0 12.0 0.0
18.0 14.0 0.0
18.0 16.0 0.0
18.0 18.0 0.0
18.0 20.0 0.4563161026713065
18.0 22.0 0.5621300970368913
18.0 24.0 0.5239233318740406
18.0 26.0 0.48694049930439026
18.0 28.0 0.46702156774320014
18.0 30.0 0.39793758061424955
18.0 32.0 0.1791449264776567
18.0 34.0 0.016420958054407422
18.0 36.0 0.0
18.0 38.0 0.0
18.0 40.0 0.0
18.0 42.0 0.0
18.0 44.0 0.0
18.0 46.0 0.0
18.0 48.0 0.0
18.0 50.0 0.0
18.0 52.0 0.0
18.0 54.0 4.5248512219832527E-4
18.0 56.0 0.03728525495115865
18.0 58.0 0.09489353639571825
18.0 60.0 0.18310469628762083
18.0 62.0 0.29116332812191287
18.0 64.0 0.383982852181483
18.0 66.0 0.35731357323013363
18.0 68.0 0.3988980715678467
18.0 70.0 0.4333922553121227
18.0 72.0 0.484482870467869
18.0 74.0 0.4263006648055185
18.0 76.0 0.29061849225154746
18.0 78.0 0.11127399959160135
18.0 80.0 0.0
18.0 82.0 0.0
18.0 84.0 0.0
18.0 86.0 0.0
18.0 88.0 0.0
18.0 90.0 0.0
18.0 92.0 0.0
18.0 94.0 0.0
18.0 96.0 0.0
18.0 98.0 0.0
18.0 100.0 0.0
18.0 102.0 0.0
18.0 104.0 0.0
18.0 106.0 0.014624245715421508
18.0 108.0 0.0
18.0 110.0 0.0
18.0 112.0 0.0
18.0 114.0 0.0
18.0 116.0 0.0
18.0 118.0 0.0
18.0 120.0 0.0
18.0 122.0 0.0
18.0 124.0 0.0
18.0 126.0 0.0
20.0 0.0 0.0
20.0 2.0 0.0
20.0 4.0 0.0
20.0 6.0 0.0
20.0 8.0 0.0
20.0 10.0 0.0
20.0 12.0 0.0
20.0 14.0 0.0
20.0 16.0 0.0
20.0 18.0 0.47990539802489135
20.0 20.0 0.533630772603718
20.0 22.0 0.4869522464986275
20.0 24.0 0.47370411183248223
20.0 26.0 0.4610942721769881
20.0 28.0 0.46641978949542545
20.0 30.0 0.4248332750016917
20.0 32.0 0.22147943923681057
20.0 34.0 0.04210766126051276
20.0 36.0 0.0
20.0 38.0 0.0
20.0 40.0 0.0
20.0 42.0 0.0
20.0 44.0 0.0
20.0 46.0 0.0
20.0 48.0 0.0
20.0 50.0 0.0
20.0 52.0 0.0
20.0 54.0 0.0
20.0 56.0 0.03483903378832029
20.0 58.0 0.09514861350237559
20.0 60.0 0.18911307006408398
20.0 62.0 0.2933116959603354
20.0 64.0 0.3792321360267561
20.0 66.0 0.35310218045028274
20.0 68.0 0.38758734992044147
20.0 70.0 0.41975291882948623
20.0 72.0 0.4622343560123079
20.0 74.0 0.3847041535878481
20.0 76.0 0.2595199183271526
20.0 78.0 0.11544823211612025
20.0 80.0 0.008230769622745071
20.0 82.0 0.0
20.0 84.0 0.0
20.0 86.0 0.0
20.0 88.0 0.0
20.0 90.0 0.0
20.0 92.0 0.0
20.0 94.0 0.0
20.0 96.0 0.0
20.0 98.0 0.0
20.0 100.0 0.0
20.0 102.0 0.0
20.0 104.0 0.0
20.0 106.0 0.008619352681913979
20.0 108.0 0.06645411989165019
20.0 110.0 0.0
20.0 112.0 0.0
20.0 114.0 0.0
20.0 116.0 0.0
20.0 118.0 0.0
20.0 120.0 0.0
20.0 122.0 0.0
20.0 124.0 0.0
20.0 126.0 0.0
22.0 0.0 0.0
22.0 2.0 0.0
22.0 4.0 0.0
22.0 6.0 0.0
22.0 8.0 0.0
22.0 10.0 0.0
22.0 12.0 0.0
22.0 14.0 0.0
22.0 16.0 0.4626651245911548
22.0 18.0 0.4542862135891805
22.0 20.0 0.43545955967121147
22.0 22.0 0.4458101791211179
22.0 24.0 0.46049817591162806
22.0 26.0 0.46426033141786777
22.0 28.0 0.4430254754515834
22.0 30.0 0.40653590676804124
22.0 32.0 0.2793082818298836
22.0 34.0 0.09089699000133904
22.0 36.0 0.004324717163106693
22.0 38.0 0.0
22.0 40.0 0.0
22.0 42.0 0.0
22.0 44.0 0.0
22.0 46.0 0.0
22.0 48.0 0.0
22.0 50.0 0.0
22.0 52.0 0.0
22.0 54.0 0.0
22.0 56.0 0.020936304495711083
22.0 58.0 0.06945242387590526
22.0 60.0 0.16948177771951276
22.0 62.0 0.27692282218555797
22.0 64.0 0.3552601851540454
22.0 66.0 0.33465635640293145
22.0 68.0 0.36632075306550355
22.0 70.0 0.4153746367534041
22.0 72.0 0.4394434263141546
22.0 74.0 0.3725396803911932
22.0 76.0 0.25800822727083356
22.0 78.0 0.11398143790004585
22.0 80.0 0.018713346070063995
22.0 82.0 0.0
22.0 84.0 0.0
22.0 86.0 0.0
22.0 88.0 0.0
22.0 90.0 0.0
22.0 92.0 0.0
22.0 94.0 0.0
22.0 96.0 0.0
22.0 98.0 0.0
22.0 100.0 0.0
22.0 102.0 0.0
22.0 104.0 0.0
22.0 106.0 0.003526484599649516
22.0 108.0 0.04058418010301396
22.0 110.0 0.11252785421254773
22.0 112.0 0.0
22.0 114.0 0.0
22.0 116.0 0.0
22.0 118.0 0.0
22.0 120.0 0.0
22.0 122.0 0.0
22.0 124.0 0.0
22.0 126.0 0.0
24.0 0.0 0.0
24.0 2.0 0.0
24.0 4.0 0.0
24.0 6.0 0.0
24.0 8.0 0.0
24.0 10.0 0.0
24.0 12.0 0.0
24.0 14.0 0.3512514224046537
24.0 16.0 0.33889745986903114
24.0 18.0 0.3555773143024616
24.0 20.0 0.3949960800063789
24.0 22.0 0.4334498522569337
24.0 24.0 0.4598277332322746
24.0 26.0 0.4696058318187062
24.0 28.0 0.4554381733876132
24.0 30.0 0.4054719807943456
24.0 32.0 0.30431849497434355
24.0 34.0 0.1510911478133347
24.0 36.0 0.03806508750106419
24.0 38.0 0.0
24.0 40.0 0.0
24.0 42.0 0.0
24.0 44.0 0.0
24.0 46.0 0.0
24.0 48.0 0.0
24.0 50.0 0.0
24.0 52.0 0.0
24.0 54.0 0.0
24.0 56.0 0.0
24.0 58.0 0.03460304539180952
24.0 60.0 0.11011678013975569
24.0 62.0 0.22255760422126278
24.0 64.0 0.30438713428192626
24.0 66.0 0.30165252720085195
24.0 68.0 0.3319562970294211
24.0 70.0 0.3836472435064407
24.0 72.0 0.420039981548108
24.0 74.0 0.37408296030709404
24.0 76.0 0.256240214591621
24.0 78.0 0.10974453026569836
24.0 80.0 0.020282776983875667
24.0 82.0 0.0
24.0 84.0 0.0
24.0 86.0 0.0
24.0 88.0 0.0
24.0 90.0 0.0
24.0 92.0 0.0
24.0 94.0 0.0
24.0 96.0 0.0
24.0 98.0 0.0
24.0 100.0 0.0
24.0 102.0 0.0
24.0 104.0 0.0
24.0 106.0 0.0
24.0 108.0 0.014432603778830497
24.0 110.0 0.0634391483180316
24.0 112.0 0.14826554006912496
24.0 114.0 0.0
24.0 116.0 0.0
24.0 118.0 0.0
24.0 120.0 0.0
24.0 122.0 0.0
24.0 124.0 0.0
24.0 126.0 0.0
26.0 0.0 0.0
26.0 2.0 0.0
26.0 4.0 0.0
26.0 6.0 0.0
26.0 8.0 0.0
26.0 10.0 0.0
26.0 12.0 0.0
26.0 14.0 0.2790478821245344
26.0 16.0 0.28082762984630616
26.0 18.0 0.30276264071440573
26.0 20.0 0.3602423485860183
26.0 22.0 0.40503761215266615
26.0 24.0 0.4362361964627767
26.0 26.0 0.45165453445354253
26.0 28.0 0.44803045599561225
26.0 30.0 0.4159515481299509
26.0 32.0 0.34748491563632483
26.0 34.0 0.22956928368820487
26.0 36.0 0.10007016248713844
26.0 38.0 0.01685462396584943
26.0 40.0 0.0
26.0 42.0 0.0
26.0 44.0 0.0
26.0 46.0 0.0
26.0 48.0 0.0
26.0 50.0 0.0
26.0 52.0 0.0
26.0 54.0 0.0
26.0 56.0 0.0
26.0 58.0 0.0
26.0 60.0 0.020024159339638376
26.0 62.0 0.10808791807414068
26.0 64.0 0.21028374840402794
26.0 66.0 0.2437039218235717
26.0 68.0 0.27602840417178126
26.0 70.0 0.3147871731799734
26.0 72.0 0.36569947101533845
26.0 74.0 0.3286114254066115
26.0 76.0 0.21792576962418253
26.0 78.0 0.09170170719193295
26.0 80.0 0.020639530236267446
26.0 82.0 0.0
26.0 84.0 0.0
26.0 86.0 0.0
26.0 88.0 0.0
26.0 90.0 0.0
26.0 92.0 0.0
26.0 94.0 0.0
26.0 96.0 0.0
26.0 98.0 0.0
26.0 100.0 0.0
26.0 102.0 0.0
26.0 104.0 0.0
26.0 106.0 0.0
26.0 108.0 9.087659091903951E-4
26.0 110.0 0.03902478757070824
26.0 112.0 0.10309309315987895
26.0 114.0 0.18977952746892143
26.0 116.0 0.0
26.0 118.0 0.0
26.0 120.0 0.0
26.0 122.0 0.0
26.0 124.0 0.0
26.0 126.0 0.0
28.0 0.0 0.0
28.0 2.0 0.0
28.0 4.0 0.0
28.0 6.0 0.0
28.0 8.0 0.0
28.0 10.0 0.0
28.0 12.0 0.20903300126982252
28.0 14.0 0.1180126998031044
28.0 16.0 0.16819408074155315
28.0 18.0 0.24807702430312076
28.0 20.0 0.32006829114566854
28.0 22.0 0.37343779587750464
28.0 24.0 0.41795878582298857
28.0 26.0 0.45168107956304193
28.0 28.0 0.4662153985461403
28.0 30.0 0.45695205895260077
28.0 32.0 0.41342010980196736
28.0 34.0 0.3271195968853054
28.0 36.0 0.18170099994886799
28.0 38.0 0.0625042948529667
28.0 40.0 0.008020490750184331
28.0 42.0 0.0
28.0 44.0 0.0
28.0 46.0 0.0
28.0 48.0 0.0
28.0 50.0 0.0
28.0 52.0 0.0
28.0 54.0 0.0
28.0 56.0 0.0
28.0 58.0 0.0
28.0 60.0 0.0
28.0 62.0 0.0
28.0 64.0 0.043248851669465294
28.0 66.0 0.12836371331587745
28.0 68.0 0.18298569978658516
28.0 70.0 0.2091390667765953
28.0 72.0 0.24685098397693594
28.0 74.0 0.20641255303842343
28.0 76.0 0.13008193264520077
28.0 78.0 0.057035090200479914
28.0 80.0 0.011728602652924601
28.0 82.0 0.0
28.0 84.0 0.0
28.0 86.0 0.0
28.0 88.0 0.0
28.0 90.0 0.0
28.0 92.0 0.0
28.0 94.0 0.0
28.0 96.0 0.0
28.0 98.0 0.0
28.0 100.0 0.0
28.0 102.0 0.0
28.0 104.0 0.0
28.0 106.0 0.0
28.0 108.0 0.0
28.0 110.0 0.02668593574278942
28.0 112.0 0.07443910283737273
28.0 114.0 0.17122686699905534
28.0 116.0 0.26100177371255634
28.0 118.0 0.0
28.0 120.0 0.0
28.0 122.0 0.0
28.0 124.0 0.0
28.0 126.0 0.0
30.0 0.0 0.0
30.0 2.0 0.0
30.0 4.0 0.0
30.0 6.0 0.0
30.0 8.0 0.0
30.0 10.0 0.16510080663165594
30.0 12.0 0.029747864160455953
30.0 14.0 0.04580756709463154
30.0 16.0 0.09484551216069576
30.0 18.0 0.17413623902307082
30.0 20.0 0.2539496736134382
30.0 22.0 0.31011017655952783
30.0 24.0 0.35695705479134965
30.0 26.0 0.3974105782415607
30.0 28.0 0.4294436578647363
30.0 30.0 0.4393903045854434
30.0 32.0 0.4222412780419352
30.0 34.0 0.3737365391826671
30.0 36.0 0.2763702533044183
30.0 38.0 0.14439383855084376
30.0 40.0 0.05330770147422128
30.0 42.0 0.004499236681644512
30.0 44.0 0.0
30.0 46.0 0.0
30.0 48.0 0.0
30.0 50.0 0.0
30.0 52.0 0.0
30.0 54.0 0.0
30.0 56.0 0.0
30.0 58.0 0.0
30.0 60.0 0.0
30.0 62.0 0.0
30.0 64.0 0.0
30.0 66.0 0.0
30.0 68.0 0.04648385398319038
30.0 70.0 0.07953341925720069
30.0 72.0 0.09958938712649101
30.0 74.0 0.08083335011333227
30.0 76.0 0.05141306651818958
30.0 78.0 0.028758600085683202
30.0 80.0 0.004221358086736608
30.0 82.0 0.0
30.0 84.0 0.0
30.0 86.0 0.0
30.0 88.0 0.0
30.0 90.0 0.0
30.0 92.0 0.0
30.0 94.0 0.0
30.0 96.0 0.0
30.0 98.0 0.0
30.0 100.0 0.0
30.0 102.0 0.0
30.0 104.0 0.0
30.0 106.0 0.0
30.0 108.0 0.0
30.0 110.0 0.017003083456707292
30.0 112.0 0.05641992964629337
30.0 114.0 0.14808991751544423
30.0 116.0 0.2657352908976427
30.0 118.0 0.0
30.0 120.0 0.0
30.0 122.0 0.0
30.0 124.0 0.0
30.0 126.0 0.0
32.0 0.0 0.0
32.0 2.0 0.0
32.0 4.0 0.0
32.0 6.0 0.0
32.0 8.0 0.0
32.0 10.0 0.11880395109339471
32.0 12.0 0.0013844096860139829
32.0 14.0 0.013420186068466698
32.0 16.0 0.040640157880709994
32.0 18.0 0.1058109416204276
32.0 20.0 0.17103122273131524
32.0 22.0 0.2223680893376091
32.0 24.0 0.2717765500218674
32.0 26.0 0.3259037629234027
32.0 28.0 0.3731768046375678
32.0 30.0 0.4053503226774988
32.0 32.0 0.4152288043151217
32.0 34.0 0.395027982360435
32.0 36.0 0.33617004238337533
32.0 38.0 0.23351101479243394
32.0 40.0 0.1412985931391123
32.0 42.0 0.07544115155154611
32.0 44.0 0.02512827829949545
32.0 46.0 0.0
32.0 48.0 0.0
32.0 50.0 0.0
32.0 52.0 0.0
32.0 54.0 0.0
32.0 56.0 0.0
32.0 58.0 0.0
32.0 60.0 0.0
32.0 62.0 0.0
32.0 64.0 0.0
32.0 66.0 0.0
32.0 68.0 0.0
32.0 70.0 0.0
32.0 72.0 1.4050365663859453E-5
32.0 74.0 0.014180574041641282
32.0 76.0 0.033518879491785766
32.0 78.0 0.03479674359302487
32.0 80.0 0.014675866111865533
32.0 82.0 1.880268575947383E-4
32.0 84.0 0.0
32.0 86.0 0.0
32.0 88.0 0.0
32.0 90.0 0.0
32.0 92.0 0.0
32.0 94.0 0.0
32.0 96.0 0.0
32.0 98.0 0.0
32.0 100.0 0.0
32.0 102.0 0.0
32.0 104.0 0.0
32.0 106.0 0.0
32.0 108.0 0.0
32.0 110.0 0.018433931901685904
32.0 112.0 0.04449755451066606
32.0 114.0 0.11966959163324163
32.0 116.0 0.2527790338242744
32.0 118.0 0.32546742374452403
32.0 120.0 0.0
32.0 122.0 0.0
32.0 124.0 0.0
32.0 126.0 0.0
34.0 0.0 0.0
34.0 2.0 0.0
34.0 4.0 0.0
34.0 6.0 0.0
34.0 8.0 0.06636373709990777
34.0 10.0 0.0
34.0 12.0 0.0
34.0 14.0 0.0
34.0 16.0 0.005068030680251821
34.0 18.0 0.028307586711542192
34.0 20.0 0.0445238562051557
34.0 22.0 0.11109828134624593
34.0 24.0 0.1691039634590944
34.0 26.0 0.2283270673397071
34.0 28.0 0.28402684370407233
34.0 30.0 0.34539502422530277
34.0 32.0 0.3996593528247792
34.0 34.0 0.3952013060154546
34.0 36.0 0.339439854873439
34.0 38.0 0.2604429999435471
34.0 40.0 0.20231747807252198
34.0 42.0 0.14052204805147162
34.0 44.0 0.06988798040706005
34.0 46.0 0.023772619567130466
34.0 48.0 0.0
34.0 50.0 0.0
34.0 52.0 0.0
34.0 54.0 0.0
34.0 56.0 0.0
34.0 58.0 0.0
34.0 60.0 0.0
34.0 62.0 0.0
34.0 64.0 0.0
34.0 66.0 0.0
34.0 68.0 0.0
34.0 70.0 0.0
34.0 72.0 0.0
34.0 74.0 4.1269451543268835E-4
34.0 76.0 0.014825809987419654
34.0 78.0 0.031338817321774896
34.0 80.0 0.041659995388674306
34.0 82.0 0.03870465138861485
34.0 84.0 0.030889283477127962
34.0 86.0 0.021048197494530182
34.0 88.0 0.014797625579568091
34.0 90.0 0.016071986933096343
34.0 92.0 0.01959637569429057
34.0 94.0 0.01505751721438237
34.0 96.0 6.852643889322867E-5
34.0 98.0 0.0
34.0 100.0 0.0
34.0 102.0 0.0
34.0 104.0 0.0
34.0 106.0 0.0
34.0 108.0 3.4500365269693715E-5
34.0 110.0 0.011581976789746068
34.0 112.0 0.03325845093551475
34.0 114.0 0.08582739364442098
34.0 116.0 0.19949823340219397
34.0 118.0 0.2831553041352669
34.0 120.0 0.0
34.0 122.0 0.0
34.0 124.0 0.0
34.0 126.0 0.0
36.0 0.0 0.0
36.0 2.0 0.0
36.0 4.0 0.0
36.0 6.0 0.0
36.0 8.0 0.03805947995747842
36.0 10.0 0.0
36.0 12.0 0.0
36.0 14.0 0.0
36.0 16.0 0.0
36.0 18.0 0.0
36.0 20.0 0.011526490723402906
36.0 22.0 0.044385706731236076
36.0 24.0 0.09433083487930653
36.0 26.0 0.15791584886052568
36.0 28.0 0.23048085055764442
36.0 30.0 0.3354569983588606
36.0 32.0 0.37218646420047935
36.0 34.0 0.37795408165961364
36.0 36.0 0.31281953741647645
36.0 38.0 0.266186564877629
36.0 40.0 0.2258383039554912
36.0 42.0 0.17505227771827725
36.0 44.0 0.11596791245444153
36.0 46.0 0.057094446589416564
36.0 48.0 0.018595699594704154
36.0 50.0 0.0
36.0 52.0 0.0
36.0 54.0 0.0
36.0 56.0 0.0
36.0 58.0 0.0
36.0 60.0 0.0
36.0 62.0 0.0
36.0 64.0 0.0
36.0 66.0 0.0
36.0 68.0 0.0
36.0 70.0 0.0
36.0 72.0 0.0
36.0 74.0 0.0
36.0 76.0 0.009929459923807655
36.0 78.0 0.027493556794706307
36.0 80.0 0.04968806949108299
36.0 82.0 0.06336520923672105
36.0 84.0 0.07285828685259436
36.0 86.0 0.08111173770532004
36.0 88.0 0.0746056711497377
36.0 90.0 0.07939947722449654
36.0 92.0 0.09047452307951293
36.0 94.0 0.08502137317644352
36.0 96.0 0.04402086787263513
36.0 98.0 5.090136517742036E-4
36.0 100.0 0.0
36.0 102.0 0.0
36.0 104.0 0.0
36.0 106.0 0.0
36.0 108.0 0.0033312846421915334
36.0 110.0 0.006580036990777971
36.0 112.0 0.01922733284759099
36.0 114.0 0.042166052216499016
36.0 116.0 0.09766856061350053
36.0 118.0 0.17493471913786088
36.0 120.0 0.1999803753123415
36.0 122.0 0.0
36.0 124.0 0.0
36.0 126.0 0.0
38.0 0.0 0.0
38.0 2.0 0.0
38.0 4.0 0.0
38.0 6.0 0.018343646992364498
38.0 8.0 0.0
38.0 10.0 0.0
38.0 12.0 0.0
38.0 14.0 0.0
38.0 16.0 0.0
38.0 18.0 0.0
38.0 20.0 0.0
38.0 22.0 0.0018206876045620685
38.0 24.0 0.023194503466169997
38.0 26.0 0.09038518770568767
38.0 28.0 0.17531956019394843
38.0 30.0 0.27613999938110645
38.0 32.0 0.32385211798661745
38.0 34.0 0.34393799554498233
38.0 36.0 0.3005153528883445
38.0 38.0 0.2537857455949713
38.0 40.0 0.22296333800542745
38.0 42.0 0.17985581458453184
38.0 44.0 0.12857944879389074
38.0 46.0 0.07925971608683832
38.0 48.0 0.03537119715676803
38.0 50.0 0.007637617993760496
38.0 52.0 0.0
38.0 54.0 0.0
38.0 56.0 0.0
38.0 58.0 0.0
38.0 60.0 0.0
38.0 62.0 0.0
38.0 64.0 0.0
38.0 66.0 0.0
38.0 68.0 0.0
38.0 70.0 0.0
38.0 72.0 0.0
38.0 74.0 0.0
38.0 76.0 0.0046717173694562734
38.0 78.0 0.02430585965012012
38.0 80.0 0.048474307450334896
38.0 82.0 0.07702517976187234
38.0 84.0 0.10108876260260614
38.0 86.0 0.10817734296597366
38.0 88.0 0.12440101353084275
38.0 90.0 0.14332851435183433
38.0 92.0 0.16488251649980282
38.0 94.0 0.16460249507240798
38.0 96.0 0.11794875995928285
38.0 98.0 0.016300580388812394
38.0 100.0 0.0
38.0 102.0 0.0
38.0 104.0 0.0
38.0 106.0 6.224540975040857E-4
38.0 108.0 0.004849452288831474
38.0 110.0 0.00151290607736079
38.0 112.0 0.0010622334664975638
38.0 114.0 0.0013892905492379033
38.0 116.0 0.004146752757784671
38.0 118.0 0.01510119537637681
38.0 120.0 4.9348314591075476E-5
38.0 122.0 0.0
38.0 124.0 0.0
38.0 126.0 0.0
40.0 0.0 0.0
40.0 2.0 0.0
40.0 4.0 0.0
40.0 6.0 0.0
40.0 8.0 0.0
40.0 10.0 0.0
40.0 12.0 0.0
40.0 14.0 0.0
40.0 16.0 0.0
40.0 18.0 0.0
40.0 20.0 0.0
40.0 22.0 0.0
40.0 24.0 0.0066979241710855035
40.0 26.0 0.04665727189128933
40.0 28.0 0.12990840063631895
40.0 30.0 0.2060189978608681
40.0 32.0 0.26078513517877094
40.0 34.0 0.29482245495272025
40.0 36.0 0.2837599433875488
40.0 38.0 0.23148457381231502
40.0 40.0 0.19778775132395646
40.0 42.0 0.15678495169775528
40.0 44.0 0.1095500688041952
40.0 46.0 0.07137614436234653
40.0 48.0 0.04069572858329241
40.0 50.0 0.01624728896703993
40.0 52.0 0.0
40.0 54.0 0.0
40.0 56.0 0.0
40.0 58.0 0.0
40.0 60.0 0.0
40.0 62.0 0.0
40.0 64.0 0.0
40.0 66.0 0.0
40.0 68.0 0.0
40.0 70.0 0.0
40.0 72.0 0.0
40.0 74.0 0.0
40.0 76.0 5.511340111791262E-4
40.0 78.0 0.02020366719711537
40.0 80.0 0.04688961451281314
40.0 82.0 0.08293673260832778
40.0 84.0 0.11940912603776814
40.0 86.0 0.144627083742577
40.0 88.0 0.17518300744298532
40.0 90.0 0.20375980161237858
40.0 92.0 0.23094776510283543
40.0 94.0 0.23496480767845251
40.0 96.0 0.20523247125886634
40.0 98.0 0.10683613568796402
40.0 100.0 0.015334081273115587
40.0 102.0 0.0054291108315260225
40.0 104.0 0.006956157866724831
40.0 106.0 0.003888182265521622
40.0 108.0 0.0013936077730788861
40.0 110.0 8.531822153341998E-5
40.0 112.0 0.0
40.0 114.0 0.0
40.0 116.0 0.0
40.0 118.0 0.0
40.0 120.0 0.0
40.0 122.0 0.0
40.0 124.0 0.0
40.0 126.0 0.0
42.0 0.0 0.0
42.0 2.0 0.0
42.0 4.0 0.0
42.0 6.0 0.0
42.0 8.0 0.0
42.0 10.0 0.0
42.0 12.0 0.0
42.0 14.0 0.0
42.0 16.0 0.0
42.0 18.0 0.0
42.0 20.0 0.0
42.0 22.0 0.0
42.0 24.0 0.0
42.0 26.0 0.013814990121686035
42.0 28.0 0.07418563327515712
42.0 30.0 0.13195337877020918
42.0 32.0 0.18733263628946206
42.0 34.0 0.22661364780778293
42.0 36.0 0.2288677593002216
42.0 38.0 0.18934884088098522
42.0 40.0 0.158674166661593
42.0 42.0 0.10779185155759725
42.0 44.0 0.05866988144461264
42.0 46.0 0.055349367102792923
42.0 48.0 0.043724448752377416
42.0 50.0 0.027299687620335494
42.0 52.0 0.006648279951065233
42.0 54.0 0.0
42.0 56.0 0.0
42.0 58.0 0.0
42.0 60.0 0.0
42.0 62.0 0.0
42.0 64.0 0.0
42.0 66.0 0.0
42.0 68.0 0.0
42.0 70.0 0.0
42.0 72.0 0.0
42.0 74.0 0.0
42.0 76.0 0.0023216159487943217
42.0 78.0 0.020330039335343972
42.0 80.0 0.044630602804274576
42.0 82.0 0.08811696043002291
42.0 84.0 0.13216008619498545
42.0 86.0 0.17652357296021834
42.0 88.0 0.2262770157967742
42.0 90.0 0.26662181597592277
42.0 92.0 0.2891625317158753
42.0 94.0 0.2932151996298588
42.0 96.0 0.2825568219978489
42.0 98.0 0.22974026448893745
42.0 100.0 0.1248365749385759
42.0 102.0 0.04939798373946253
42.0 104.0 0.04240927981825743
42.0 106.0 0.021932278237925804
42.0 108.0 0.007621875452465589
42.0 110.0 0.0
42.0 112.0 0.0
42.0 114.0 0.0
42.0 116.0 0.0
42.0 118.0 0.0
42.0 120.0 0.0
42.0 122.0 0.0
42.0 124.0 0.0
42.0 126.0 0.0
44.0 0.0 0.0
44.0 2.0 0.0
44.0 4.0 0.0
44.0 6.0 0.0
44.0 8.0 0.0
44.0 10.0 0.0
44.0 12.0 0.0
44.0 14.0 0.0
44.0 16.0 0.0
44.0 18.0 0.0
44.0 20.0 0.0
44.0 22.0 0.0
44.0 24.0 0.0
44.0 26.0 7.665992974953033E-4
44.0 28.0 0.022676855172559813
44.0 30.0 0.05475963949256488
44.0 32.0 0.10598134412022547
44.0 34.0 0.14800681517364322
44.0 36.0 0.1557224078277499
44.0 38.0 0.13675123135688863
44.0 40.0 0.08920728805734068
44.0 42.0 0.030497475218930065
44.0 44.0 0.010110046492140782
44.0 46.0 0.04047077983653951
44.0 48.0 0.03893177463577916
44.0 50.0 0.035213211639317295
44.0 52.0 0.01682845027912537
44.0 54.0 0.0
44.0 56.0 0.0
44.0 58.0 0.0
44.0 60.0 0.0
44.0 62.0 0.0
44.0 64.0 0.0
44.0 66.0 0.0
44.0 68.0 0.0
44.0 70.0 0.0
44.0 72.0 0.0
44.0 74.0 0.0
44.0 76.0 0.006339564868800344
44.0 78.0 0.02382347068514958
44.0 80.0 0.043262648302589246
44.0 82.0 0.08260556775695475
44.0 84.0 0.13410876199589405
44.0 86.0 0.19350511415877478
44.0 88.0 0.2630058491499667
44.0 90.0 0.32062701370777275
44.0 92.0 0.3467455462271813
44.0 94.0 0.36297538265537094
44.0 96.0 0.3516991132311528
44.0 98.0 0.3185677610952191
44.0 100.0 0.2558072496272117
44.0 102.0 0.16449618460806037
44.0 104.0 0.08711936934230645
44.0 106.0 0.047394611797840436
44.0 108.0 0.02167580316387911
44.0 110.0 0.0043029372426823505
44.0 112.0 0.0
44.0 114.0 0.0
44.0 116.0 0.0
44.0 118.0 0.0
44.0 120.0 0.0
44.0 122.0 0.0
44.0 124.0 0.0
44.0 126.0 0.0
46.0 0.0 0.0
46.0 2.0 0.0
46.0 4.0 0.0
46.0 6.0 0.0
46.0 8.0 0.024580030038248615
46.0 10.0 0.03850400989206486
46.0 12.0 0.006278623579796908
46.0 14.0 0.0
46.0 16.0 0.0
46.0 18.0 0.0
46.0 20.0 0.0
46.0 22.0 0.0
46.0 24.0 0.0
46.0 26.0 0.0
46.0 28.0 0.0
46.0 30.0 0.005441681155145962
46.0 32.0 0.02911985269802142
46.0 34.0 0.06300827728276166
46.0 36.0 0.06694470456743197
46.0 38.0 0.03483318962558423
46.0 40.0 0.0011504483527979444
46.0 42.0 0.0
46.0 44.0 0.010172244700528566
46.0 46.0 0.02477626809852911
46.0 48.0 0.03533546155199028
46.0 50.0 0.0409688359436424
46.0 52.0 0.03620236151136401
46.0 54.0 0.002302725533249068
46.0 56.0 0.0
46.0 58.0 0.0
46.0 60.0 0.0
46.0 62.0 0.0
46.0 64.0 0.0
46.0 66.0 0.0
46.0 68.0 0.0
46.0 70.0 0.0
46.0 72.0 0.0
46.0 74.0 0.0
46.0 76.0 0.004204547542606693
46.0 78.0 0.014462788205214178
46.0 80.0 0.03157293762495967
46.0 82.0 0.06496343742623459
46.0 84.0 0.11940953431177888
46.0 86.0 0.1934090710204556
46.0 88.0 0.280410934296593
46.0 90.0 0.3558125459797917
46.0 92.0 0.39151238694283674
46.0 94.0 0.369784348373911
46.0 96.0 0.3658260622492187
46.0 98.0 0.3523740778146507
46.0 100.0 0.34489799869127347
46.0 102.0 0.28308974686883187
46.0 104.0 0.1795729227867808
46.0 106.0 0.08933191029978658
46.0 108.0 0.039338931444625115
46.0 110.0 0.008282895479533476
46.0 112.0 0.0
46.0 114.0 0.0
46.0 116.0 0.0
46.0 118.0 0.0
46.0 120.0 0.0
46.0 122.0 0.0
46.0 124.0 0.0
46.0 126.0 0.0
48.0 0.0 0.0
48.0 2.0 0.0
48.0 4.0 0.0527818734680038
48.0 6.0 0.14908015598127758
48.0 8.0 0.17222909398864816
48.0 10.0 0.12276933098386367
48.0 12.0 0.01641457862326299
48.0 14.0 0.0
48.0 16.0 0.0
48.0 18.0 0.0
48.0 20.0 0.0
48.0 22.0 0.0
48.0 24.0 0.0
48.0 26.0 0.0
48.0 28.0 0.0
48.0 30.0 0.0
48.0 32.0 0.0
48.0 34.0 0.007077652021366514
48.0 36.0 0.001269063612928787
48.0 38.0 0.0
48.0 40.0 0.0
48.0 42.0 0.0
48.0 44.0 0.008052625423096253
48.0 46.0 0.0169225764522922
48.0 48.0 0.0338517165208086
48.0 50.0 0.05488177761470892
48.0 52.0 0.05526672904993333
48.0 54.0 0.05058703665876924
48.0 56.0 0.01901238840891872
48.0 58.0 0.0
48.0 60.0 0.0
48.0 62.0 0.0
48.0 64.0 0.0
48.0 66.0 0.0
48.0 68.0 0.0
48.0 70.0 0.0
48.0 72.0 0.0
48.0 74.0 0.0
48.0 76.0 0.0
48.0 78.0 0.005587673447052157
48.0 80.0 0.018683325978518916
48.0 82.0 0.04764045390469442
48.0 84.0 0.09692446781572324
48.0 86.0 0.16959523447380012
48.0 88.0 0.2580504468439726
48.0 90.0 0.3406564703202584
48.0 92.0 0.38280293510515523
48.0 94.0 0.36213025097047064
48.0 96.0 0.36194225223544935
48.0 98.0 0.3629487265387434
48.0 100.0 0.4067099890651709
48.0 102.0 0.37042320590892164
48.0 104.0 0.28244256236744175
48.0 106.0 0.16720100934028315
48.0 108.0 0.08009391430535762
48.0 110.0 0.023169962550684185
48.0 112.0 0.0
48.0 114.0 0.0
48.0 116.0 0.0
48.0 118.0 0.0
48.0 120.0 0.0
48.0 122.0 0.0
48.0 124.0 0.0
48.0 126.0 0.0
50.0 0.0 0.0
50.0 2.0 0.0
50.0 4.0 0.16354870107230565
50.0 6.0 0.25660861457745515
50.0 8.0 0.25226373327615054
50.0 10.0 0.1730919623794138
50.0 12.0 0.036191189318706914
50.0 14.0 0.0
50.0 16.0 0.0
50.0 18.0 0.0
50.0 20.0 0.0
50.0 22.0 0.0
50.0 24.0 0.0
50.0 26.0 0.0
50.0 28.0 0.0
50.0 30.0 0.0
50.0 32.0 0.0
50.0 34.0 0.0
50.0 36.0 0.0
50.0 38.0 0.0
50.0 40.0 0.0
50.0 42.0 1.1529357249189934E-4
50.0 44.0 0.007031908078406462
50.0 46.0 0.01696353415823594
50.0 48.0 0.03671870648427945
50.0 50.0 0.049050941507669234
50.0 52.0 0.08334473699986426
50.0 54.0 0.11246962727091758
50.0 56.0 0.10406082531744605
50.0 58.0 0.06408229255636748
50.0 60.0 0.05283688715675138
50.0 62.0 0.043012832964019504
50.0 64.0 0.013206689360618168
50.0 66.0 4.521297390860813E-4
50.0 68.0 0.0
50.0 70.0 0.0
50.0 72.0 0.0
50.0 74.0 0.0
50.0 76.0 0.0
50.0 78.0 0.0011433574858222288
50.0 80.0 0.003601197275008318
50.0 82.0 0.023046646411663003
50.0 84.0 0.05981566128852469
50.0 86.0 0.11564303419528654
50.0 88.0 0.21003819907501922
50.0 90.0 0.3015396855779316
50.0 92.0 0.33639790514191525
50.0 94.0 0.3400408563908151
50.0 96.0 0.37348516929243775
50.0 98.0 0.38715040954732144
50.0 100.0 0.3783999068787494
50.0 102.0 0.39442804585644914
50.0 104.0 0.34948965326349474
50.0 106.0 0.24978900545690275
50.0 108.0 0.14036644981540594
50.0 110.0 0.05799384912960676
50.0 112.0 0.0010707777980053159
50.0 114.0 0.0
50.0 116.0 0.0
50.0 118.0 0.0
50.0 120.0 0.0
50.0 122.0 0.0
50.0 124.0 0.0
50.0 126.0 0.0
52.0 0.0 0.0
52.0 2.0 0.004768024787962255
52.0 4.0 0.2928206311957207
52.0 6.0 0.3559728670029152
52.0 8.0 0.3112089520363988
52.0 10.0 0.19202887809693056
52.0 12.0 0.05469490606889657
52.0 14.0 0.0
52.0 16.0 0.0
52.0 18.0 0.0
52.0 20.0 0.0
52.0 22.0 0.0
52.0 24.0 0.0
52.0 26.0 0.0
52.0 28.0 0.0
52.0 30.0 0.0
52.0 32.0 0.0
52.0 34.0 0.0
52.0 36.0 0.0
52.0 38.0 0.0
52.0 40.0 0.0
52.0 42.0 1.2121281949114606E-4
52.0 44.0 0.007756693578891419
52.0 46.0 0.01810186423448187
52.0 48.0 0.032518151081143275
52.0 50.0 0.05619052456221383
52.0 52.0 0.12328190933359857
52.0 54.0 0.19835749451574503
52.0 56.0 0.22457400438451158
52.0 58.0 0.19597304488687614
52.0 60.0 0.13941217207547374
52.0 62.0 0.11545348434946552
52.0 64.0 0.08144634575402694
52.0 66.0 0.03926887666332252
52.0 68.0 0.00246757359950375
52.0 70.0 0.0
52.0 72.0 0.0
52.0 74.0 0.0
52.0 76.0 0.0
52.0 78.0 0.0
52.0 80.0 0.0
52.0 82.0 0.0017218808429438255
52.0 84.0 0.015061466053424672
52.0 86.0 0.036048874354848916
52.0 88.0 0.11990818299102823
52.0 90.0 0.2221588889372966
52.0 92.0 0.27780608984541116
52.0 94.0 0.30313728407825363
52.0 96.0 0.3480418842428476
52.0 98.0 0.3735100190317631
52.0 100.0 0.3766318978767675
52.0 102.0 0.3769267646339733
52.0 104.0 0.39850905636327916
52.0 106.0 0.3080135937916856
52.0 108.0 0.19134773684327658
52.0 110.0 0.08944801027122047
52.0 112.0 0.012171891582684962
52.0 114.0 0.0
52.0 116.0 0.0
52.0 118.0 0.0
52.0 120.0 0.0
52.0 122.0 0.0
52.0 124.0 0.0
52.0 126.0 0.0
54.0 0.0 0.0
54.0 2.0 0.014247174509929584
54.0 4.0 0.3866757995629618
54.0 6.0 0.4355935790707158
54.0 8.0 0.37011505118473487
54.0 10.0 0.1944632159520403
54.0 12.0 0.055802233904204857
54.0 14.0 0.0
54.0 16.0 0.0
54.0 18.0 0.0
54.0 20.0 0.0
54.0 22.0 0.0
54.0 24.0 0.0
54.0 26.0 0.0
54.0 28.0 0.0
54.0 30.0 0.0
54.0 32.0 0.0
54.0 34.0 0.0
54.0 36.0 0.0
54.0 38.0 0.0
54.0 40.0 0.0
54.0 42.0 3.297946189690777E-5
54.0 44.0 0.005925973421071099
54.0 46.0 0.021900240761317646
54.0 48.0 0.03106081315110341
54.0 50.0 0.0714004996920818
54.0 52.0 0.18714566047168998
54.0 54.0 0.3041329226187007
54.0 56.0 0.3512562965271313
54.0 58.0 0.3305736833423352
54.0 60.0 0.24044137014323574
54.0 62.0 0.19711921873801497
54.0 64.0 0.14760236100362029
54.0 66.0 0.0864456987404018
54.0 68.0 0.022869859946957737
54.0 70.0 0.0
54.0 72.0 0.0
54.0 74.0 0.0
54.0 76.0 0.0
54.0 78.0 0.0
54.0 80.0 0.0
54.0 82.0 0.0
54.0 84.0 0.0
54.0 86.0 0.0
54.0 88.0 0.026861570530149526
54.0 90.0 0.12382456483339961
54.0 92.0 0.20763369370574744
54.0 94.0 0.256708803816542
54.0 96.0 0.31447401962111793
54.0 98.0 0.3521944336897576
54.0 100.0 0.3667571390637967
54.0 102.0 0.36762337991174826
54.0 104.0 0.3946138698374186
54.0 106.0 0.3208360480838468
54.0 108.0 0.2356629103877285
54.0 110.0 0.13437694123819638
54.0 112.0 0.026504678553312237
54.0 114.0 0.0
54.0 116.0 0.0
54.0 118.0 0.0
54.0 120.0 0.0
54.0 122.0 0.0
54.0 124.0 0.0
54.0 126.0 0.0
56.0 0.0 0.0
56.0 2.0 0.12260807046656515
56.0 4.0 0.5264561424657088
56.0 6.0 0.4809523035492281
56.0 8.0 0.37666514095271214
56.0 10.0 0.1944348588114052
56.0 12.0 0.05558534467899277
56.0 14.0 0.0
56.0 16.0 0.0
56.0 18.0 0.0
56.0 20.0 0.0
56.0 22.0 0.0
56.0 24.0 0.0
56.0 26.0 0.0
56.0 28.0 0.0
56.0 30.0 0.0
56.0 32.0 0.0
56.0 34.0 0.0
56.0 36.0 0.0
56.0 38.0 0.0
56.0 40.0 0.0
56.0 42.0 1.0921092749764687E-4
56.0 44.0 0.005044937825789857
56.0 46.0 0.02530859032739158
56.0 48.0 0.04088280040066267
56.0 50.0 0.10764694087961439
56.0 52.0 0.269455466144514
56.0 54.0 0.3984116676167703
56.0 56.0 0.4452114691138978
56.0 58.0 0.43802834898150267
56.0 60.0 0.3386791323937907
56.0 62.0 0.27854169014691654
56.0 64.0 0.22038185773524213
56.0 66.0 0.1432068326493898
56.0 68.0 0.059566785397105644
56.0 70.0 0.0
56.0 72.0 0.0
56.0 74.0 0.0
56.0 76.0 0.0
56.0 78.0 0.0
56.0 80.0 0.0
56.0 82.0 0.0
56.0 84.0 0.0
56.0 86.0 0.0
56.0 88.0 0.0
56.0 90.0 0.03288696180043735
56.0 92.0 0.13343752998840677
56.0 94.0 0.2121012712905852
56.0 96.0 0.2620484224225448
56.0 98.0 0.31612479891094303
56.0 100.0 0.34394686996671897
56.0 102.0 0.35134815715657436
56.0 104.0 0.3437726175921266
56.0 106.0 0.36057313589668816
56.0 108.0 0.2578076201384023
56.0 110.0 0.14331465797067117
56.0 112.0 0.03732942023656393
56.0 114.0 0.0
56.0 116.0 0.0
56.0 118.0 0.0
56.0 120.0 0.0
56.0 122.0 0.0
56.0 124.0 0.0
56.0 126.0 0.0
58.0 0.0 0.0
58.0 2.0 0.19032197667073017
58.0 4.0 0.5313961649619906
58.0 6.0 0.4939904272069154
58.0 8.0 0.3496574661822849
58.0 10.0 0.15374997136299406
58.0 12.0 0.03615368780066465
58.0 14.0 0.0
58.0 16.0 0.0
58.0 18.0 0.0
58.0 20.0 0.0
58.0 22.0 0.0
58.0 24.0 0.0
58.0 26.0 0.0
58.0 28.0 0.0
58.0 30.0 0.0
58.0 32.0 0.0
58.0 34.0 0.0
58.0 36.0 0.0
58.0 38.0 0.0
58.0 40.0 0.0
58.0 42.0 3.6408622423341803E-4
58.0 44.0 0.007907261215274424
58.0 46.0 0.029470563317567842
58.0 48.0 0.06014100376421253
58.0 50.0 0.17099489656970043
58.0 52.0 0.33215259005181086
58.0 54.0 0.4501076819839031
58.0 56.0 0.4960211755935963
58.0 58.0 0.4952730610900397
58.0 60.0 0.46937665119380356
58.0 62.0 0.3629021112888358
58.0 64.0 0.28972293576536184
58.0 66.0 0.1995558539982969
58.0 68.0 0.09053541136658828
58.0 70.0 0.00821020365163125
58.0 72.0 0.0
58.0 74.0 0.0
58.0 76.0 0.0
58.0 78.0 0.0
58.0 80.0 0.0
58.0 82.0 0.0
58.0 84.0 0.0
58.0 86.0 0.0
58.0 88.0 0.0
58.0 90.0 0.0
58.0 92.0 0.04448937647449334
58.0 94.0 0.14448997918290982
58.0 96.0 0.2316204444653576
58.0 98.0 0.29762856796081166
58.0 100.0 0.33977176576751217
58.0 102.0 0.35106898209482623
58.0 104.0 0.3375859304430748
58.0 106.0 0.3436328886289464
58.0 108.0 0.25364420702603035
58.0 110.0 0.14025818273150228
58.0 112.0 0.036641068820255904
58.0 114.0 0.0
58.0 116.0 0.0
58.0 118.0 0.0
58.0 120.0 0.0
58.0 122.0 0.0
58.0 124.0 0.0
58.0 126.0 0.0
60.0 0.0 0.0
60.0 2.0 0.252958347939412
60.0 4.0 0.5093671048647239
60.0 6.0 0.4475642825157289
60.0 8.0 0.2984493897475083
60.0 10.0 0.11120405250062171
60.0 12.0 0.02166207293070474
60.0 14.0 0.0
60.0 16.0 0.0
60.0 18.0 0.0
60.0 20.0 0.0
60.0 22.0 0.0
60.0 24.0 0.0
60.0 26.0 0.0
60.0 28.0 0.0
60.0 30.0 0.0
60.0 32.0 0.0
60.0 34.0 0.0
60.0 36.0 0.0
60.0 38.0 0.0
60.0 40.0 0.0
60.0 42.0 7.102167802079341E-5
60.0 44.0 0.009341101283393686
60.0 46.0 0.04040230258621303
60.0 48.0 0.08985242671014937
60.0 50.0 0.22979239011889976
60.0 52.0 0.3732561740924703
60.0 54.0 0.4730959627524813
60.0 56.0 0.5171931339875399
60.0 58.0 0.524560475483051
60.0 60.0 0.5064867718586775
60.0 62.0 0.4522397576812043
60.0 64.0 0.3467099710068235
60.0 66.0 0.24425356195955547
60.0 68.0 0.12407337817102322
60.0 70.0 0.03568920455297456
60.0 72.0 0.0
60.0 74.0 0.0
60.0 76.0 0.0
60.0 78.0 0.0
60.0 80.0 0.0
60.0 82.0 0.0
60.0 84.0 0.0
60.0 86.0 0.0
60.0 88.0 0.0
60.0 90.0 0.0
60.0 92.0 0.0050898708450906015
60.0 94.0 0.06199735878075973
60.0 96.0 0.15622661387992734
60.0 98.0 0.23641761515499982
60.0 100.0 0.299496170997635
60.0 102.0 0.32522138800353523
60.0 104.0 0.31886988144506684
60.0 106.0 0.28922556692313467
60.0 108.0 0.2611161126287573
60.0 110.0 0.12042870796183347
60.0 112.0 0.02859659726661221
60.0 114.0 0.0
60.0 116.0 0.0
60.0 118.0 0.0
60.0 120.0 0.0
60.0 122.0 0.0
60.0 124.0 0.0
60.0 126.0 0.0
62.0 0.0 0.0
62.0 2.0 0.3170498495841792
62.0 4.0 0.48598488121835065
62.0 6.0 0.39631485121973414
62.0 8.0 0.23468382137402613
62.0 10.0 0.07394692615816877
62.0 12.0 0.005222883339948054
62.0 14.0 0.0
62.0 16.0 0.0
62.0 18.0 0.0
62.0 20.0 0.0
62.0 22.0 0.0
62.0 24.0 0.0
62.0 26.0 0.0
62.0 28.0 0.0
62.0 30.0 0.0
62.0 32.0 0.0
62.0 34.0 0.0
62.0 36.0 0.0
62.0 38.0 0.0
62.0 40.0 0.0
62.0 42.0 0.0
62.0 44.0 0.006247254520962823
62.0 46.0 0.041820540270952805
62.0 48.0 0.13324918393421034
62.0 50.0 0.26861751156180697
62.0 52.0 0.38777655513091647
62.0 54.0 0.47567466619855264
62.0 56.0 0.5223586161329467
62.0 58.0 0.5364541392205692
62.0 60.0 0.5224061936762886
62.0 62.0 0.47493084293572047
62.0 64.0 0.3754697764466446
62.0 66.0 0.27284474260082897
62.0 68.0 0.1465673682327502
62.0 70.0 0.051954780039641886
62.0 72.0 0.0
62.0 74.0 0.0
62.0 76.0 0.0
62.0 78.0 0.0
62.0 80.0 0.0
62.0 82.0 0.0
62.0 84.0 0.0
62.0 86.0 0.0
62.0 88.0 0.0
62.0 90.0 0.0
62.0 92.0 0.0
62.0 94.0 0.01714026619693011
62.0 96.0 0.08090982764857045
62.0 98.0 0.16803412848557076
62.0 100.0 0.24112311563049094
62.0 102.0 0.28391896767856023
62.0 104.0 0.28568446693011595
62.0 106.0 0.2589676613092966
62.0 108.0 0.2242721598441774
62.0 110.0 0.10416535692763175
62.0 112.0 0.023286762342718977
62.0 114.0 0.0
62.0 116.0 0.0
62.0 118.0 0.0
62.0 120.0 0.0
62.0 122.0 0.0
62.0 124.0 0.0
62.0 126.0 0.0
64.0 0.0 0.0
64.0 2.0 0.36632846085234694
64.0 4.0 0.4719866322909534
64.0 6.0 0.3509055011889976
64.0 8.0 0.17106119231325212
64.0 10.0 0.040445640986114216
64.0 12.0 0.0
64.0 14.0 0.0
64.0 16.0 0.0
64.0 18.0 0.0
64.0 20.0 0.0
64.0 22.0 0.0
64.0 24.0 0.0
64.0 26.0 0.0
64.0 28.0 0.0
64.0 30.0 0.0
64.0 32.0 0.0
64.0 34.0 0.0
64.0 36.0 0.0
64.0 38.0 0.0
64.0 40.0 0.0
64.0 42.0 0.0
64.0 44.0 0.006241011902274485
64.0 46.0 0.047194017043092756
64.0 48.0 0.1489859737989449
64.0 50.0 0.27284795781239074
64.0 52.0 0.3839939497876827
64.0 54.0 0.4675113633660133
64.0 56.0 0.516241658606237
64.0 58.0 0.5334660922117299
64.0 60.0 0.5215973620864242
64.0 62.0 0.4788212208172126
64.0 64.0 0.39410491217634985
64.0 66.0 0.2816359505170105
64.0 68.0 0.1577437322866662
64.0 70.0 0.06360134593725232
64.0 72.0 0.0
64.0 74.0 0.0
64.0 76.0 0.0
64.0 78.0 0.0
64.0 80.0 0.0
64.0 82.0 0.0
64.0 84.0 0.0
64.0 86.0 0.0
64.0 88.0 0.0
64.0 90.0 0.0
64.0 92.0 0.0
64.0 94.0 0.0
64.0 96.0 0.03359269467630029
64.0 98.0 0.10180937571685907
64.0 100.0 0.17799710789507628
64.0 102.0 0.22500136224318693
64.0 104.0 0.23674626224571851
64.0 106.0 0.21717871141505626
64.0 108.0 0.16786046691514067
64.0 110.0 0.09582275172668915
64.0 112.0 0.021075969014060073
64.0 114.0 0.0
64.0 116.0 0.0
64.0 118.0 0.0
64.0 120.0 0.0
64.0 122.0 0.0
64.0 124.0 0.0
64.0 126.0 0.0
66.0 0.0 0.0
66.0 2.0 0.4140485105377971
66.0 4.0 0.4194260201496432
66.0 6.0 0.28719656524333487
66.0 8.0 0.1270016983120891
66.0 10.0 0.019162252682218123
66.0 12.0 0.0
66.0 14.0 0.0
66.0 16.0 0.0
66.0 18.0 0.0
66.0 20.0 0.0
66.0 22.0 0.0
66.0 24.0 0.0
66.0 26.0 0.0
66.0 28.0 0.0
66.0 30.0 0.0
66.0 32.0 0.0
66.0 34.0 0.0
66.0 36.0 0.0
66.0 38.0 0.0
66.0 40.0 0.0
66.0 42.0 0.0
66.0 44.0 0.015645440623328285
66.0 46.0 0.06241383050926575
66.0 48.0 0.16760532122952831
66.0 50.0 0.2788763671094569
66.0 52.0 0.37986023240181654
66.0 54.0 0.4596780533611167
66.0 56.0 0.5078203135862192
66.0 58.0 0.5249987188675661
66.0 60.0 0.5135245067087545
66.0 62.0 0.47252499968022693
66.0 64.0 0.38318014759539637
66.0 66.0 0.27324084642531865
66.0 68.0 0.15880306084132118
66.0 70.0 0.06530482068090153
66.0 72.0 4.6085617441560885E-4
66.0 74.0 0.0
66.0 76.0 0.0
66.0 78.0 0.0
66.0 80.0 0.0
66.0 82.0 0.0
66.0 84.0 0.0
66.0 86.0 0.0
66.0 88.0 0.0
66.0 90.0 0.0
66.0 92.0 0.0
66.0 94.0 0.0
66.0 96.0 0.01342092474497967
66.0 98.0 0.05562414504441368
66.0 100.0 0.11889688712169533
66.0 102.0 0.17130935714972284
66.0 104.0 0.18574665550788916
66.0 106.0 0.16809748508113098
66.0 108.0 0.13277315318995364
66.0 110.0 0.08001113924415766
66.0 112.0 0.02338189893197851
66.0 114.0 0.0
66.0 116.0 0.0
66.0 118.0 0.0
66.0 120.0 0.0
66.0 122.0 0.0
66.0 124.0 0.0
66.0 126.0 0.0018829106115656313
68.0 0.0 0.0
68.0 2.0 0.4283558403505548
68.0 4.0 0.36052047884727934
68.0 6.0 0.2318105629094244
68.0 8.0 0.09824908407236775
68.0 10.0 0.00893565370754062
68.0 12.0 0.0
68.0 14.0 0.0
68.0 16.0 0.0
68.0 18.0 0.0
68.0 20.0 0.0
68.0 22.0 0.0
68.0 24.0 0.0
68.0 26.0 0.0
68.0 28.0 0.0
68.0 30.0 0.0
68.0 32.0 0.0
68.0 34.0 0.0010967564285570134
68.0 36.0 0.0
68.0 38.0 0.0
68.0 40.0 0.0
68.0 42.0 0.0
68.0 44.0 0.015129359730335261
68.0 46.0 0.06225573449872338
68.0 48.0 0.16482769133858918
68.0 50.0 0.2727721192765562
68.0 52.0 0.3695314943022218
68.0 54.0 0.44681752099075456
68.0 56.0 0.49406733188838864
68.0 58.0 0.5104461543443798
68.0 60.0 0.4983829480715866
68.0 62.0 0.4569496601969773
68.0 64.0 0.36003300483034617
68.0 66.0 0.25610493174513477
68.0 68.0 0.14787504606405286
68.0 70.0 0.058553606217560415
68.0 72.0 0.0
68.0 74.0 0.0
68.0 76.0 0.0
68.0 78.0 0.0
68.0 80.0 0.0
68.0 82.0 0.0
68.0 84.0 0.0
68.0 86.0 0.0
68.0 88.0 0.0
68.0 90.0 0.0
68.0 92.0 0.0
68.0 94.0 0.0
68.0 96.0 0.0012626804467401674
68.0 98.0 0.0315580911383291
68.0 100.0 0.07653964112498314
68.0 102.0 0.11694384443385059
68.0 104.0 0.13363792596121052
68.0 106.0 0.12330234982161443
68.0 108.0 0.10210338158567972
68.0 110.0 0.06684622737035041
68.0 112.0 0.03060391213853088
68.0 114.0 0.005399118332735506
68.0 116.0 9.211860493430904E-5
68.0 118.0 0.0
68.0 120.0 0.0
68.0 122.0 0.001348275475780697
68.0 124.0 0.01816745409098525
68.0 126.0 0.09515393953672131
70.0 0.0 0.0
70.0 2.0 0.41670311472137667
70.0 4.0 0.2922923270886355
70.0 6.0 0.18149677718087665
70.0 8.0 0.07641180340299435
70.0 10.0 0.004683811001038304
70.0 12.0 0.0
70.0 14.0 0.0
70.0 16.0 0.0
70.0 18.0 0.0
70.0 20.0 0.0
70.0 22.0 0.0
70.0 24.0 0.0
70.0 26.0 0.0
70.0 28.0 0.0
70.0 30.0 0.0
70.0 32.0 0.001454028448427018
70.0 34.0 0.0
70.0 36.0 0.0
70.0 38.0 0.0
70.0 40.0 0.0
70.0 42.0 0.0
70.0 44.0 0.014773972173537486
70.0 46.0 0.05925764135415826
70.0 48.0 0.15550172310070284
70.0 50.0 0.2622023045735133
70.0 52.0 0.3572294268283798
70.0 54.0 0.43355516738910344
70.0 56.0 0.4802689110165404
70.0 58.0 0.4956594541017341
70.0 60.0 0.48206405895838184
70.0 62.0 0.4380487443195879
70.0 64.0 0.3290876514989852
70.0 66.0 0.23221962197730875
70.0 68.0 0.1287231004103194
70.0 70.0 0.045373773415840486
70.0 72.0 0.0
70.0 74.0 0.0
70.0 76.0 0.0
70.0 78.0 0.0
70.0 80.0 0.0
70.0 82.0 0.0
70.0 84.0 0.0
70.0 86.0 0.0
70.0 88.0 0.0
70.0 90.0 0.0
70.0 92.0 0.0
70.0 94.0 0.0
70.0 96.0 0.0
70.0 98.0 0.020536368331077453
70.0 100.0 0.05882474663301233
70.0 102.0 0.08225924758361743
70.0 104.0 0.08406287929511048
70.0 106.0 0.0758052474456192
70.0 108.0 0.07563678284864353
70.0 110.0 0.053681449498686466
70.0 112.0 0.03190502539460168
70.0 114.0 0.01607287417461184
70.0 116.0 0.007533723892498022
70.0 118.0 0.008045246619314765
70.0 120.0 0.013269236617371649
70.0 122.0 0.024247897998717242
70.0 124.0 0.06768071870440164
70.0 126.0 0.18117880411334777
72.0 0.0 0.0
72.0 2.0 0.36816719869589715
72.0 4.0 0.225142374384277
72.0 6.0 0.13655427350377355
72.0 8.0 0.05820090637435279
72.0 10.0 0.0022070737692649702
72.0 12.0 0.0
72.0 14.0 0.0
72.0 16.0 0.0
72.0 18.0 0.0
72.0 20.0 0.0
72.0 22.0 0.0
72.0 24.0 0.0
72.0 26.0 0.0
72.0 28.0 0.0
72.0 30.0 4.824770172860852E-4
72.0 32.0 0.005624751750365236
72.0 34.0 0.001883400849640245
72.0 36.0 3.648796251763309E-4
72.0 38.0 0.0
72.0 40.0 0.0
72.0 42.0 0.0
72.0 44.0 0.007293674043334811
72.0 46.0 0.046331495905205154
72.0 48.0 0.1356790435274749
72.0 50.0 0.2461611411039627
72.0 52.0 0.345526567487314
72.0 54.0 0.42051214876504767
72.0 56.0 0.46710142778326813
72.0 58.0 0.48220458700865115
72.0 60.0 0.46649869743927197
72.0 62.0 0.41499203246245986
72.0 64.0 0.2920834568103635
72.0 66.0 0.20154831144286467
72.0 68.0 0.10011693510697624
72.0 70.0 0.025491522922927414
72.0 72.0 0.0
72.0 74.0 0.0
72.0 76.0 0.0
72.0 78.0 0.0
72.0 80.0 0.0
72.0 82.0 0.0
72.0 84.0 0.0
72.0 86.0 0.0
72.0 88.0 0.0
72.0 90.0 0.0
72.0 92.0 0.0
72.0 94.0 0.0
72.0 96.0 0.0
72.0 98.0 0.018806757343499538
72.0 100.0 0.04679591961678837
72.0 102.0 0.0720176623133907
72.0 104.0 0.07876140359840961
72.0 106.0 0.06598128885488468
72.0 108.0 0.04944116106130276
72.0 110.0 0.0367130889149965
72.0 112.0 0.02804045552091818
72.0 114.0 0.023993650623936987
72.0 116.0 0.015252274539874135
72.0 118.0 0.020109614566070157
72.0 120.0 0.030535703636646514
72.0 122.0 0.04749543898193782
72.0 124.0 0.11966319044818274
72.0 126.0 0.2518038048640488
74.0 0.0 0.0
74.0 2.0 0.3009737314161825
74.0 4.0 0.16402818454368176
74.0 6.0 0.0936956313719266
74.0 8.0 0.025719621145027183
74.0 10.0 0.0
74.0 12.0 0.0
74.0 14.0 0.0
74.0 16.0 0.0
74.0 18.0 0.0
74.0 20.0 0.0
74.0 22.0 0.0
74.0 24.0 0.0
74.0 26.0 0.0
74.0 28.0 2.817077343483048E-4
74.0 30.0 0.003737247068175048
74.0 32.0 9.98051849957108E-4
74.0 34.0 0.0
74.0 36.0 0.0
74.0 38.0 0.0
74.0 40.0 0.0
74.0 42.0 0.0
74.0 44.0 2.4142527382522617E-4
74.0 46.0 0.029621356535317944
74.0 48.0 0.102938190520684
74.0 50.0 0.20940310803482365
74.0 52.0 0.31451785787093317
74.0 54.0 0.40661263784834384
74.0 56.0 0.45623073031989003
74.0 58.0 0.46996840974291704
74.0 60.0 0.4468933718642237
74.0 62.0 0.38227820894152326
74.0 64.0 0.2511758289310279
74.0 66.0 0.15916298148438338
74.0 68.0 0.06529974225014953
74.0 70.0 0.0023386424963587863
74.0 72.0 0.0
74.0 74.0 0.0
74.0 76.0 0.0
74.0 78.0 0.0
74.0 80.0 0.0
74.0 82.0 0.0
74.0 84.0 0.0
74.0 86.0 0.0
74.0 88.0 0.0
74.0 90.0 0.0
74.0 92.0 0.0
74.0 94.0 0.0
74.0 96.0 0.0
74.0 98.0 0.027918451826950522
74.0 100.0 0.05275950118085274
74.0 102.0 0.07001917604716945
74.0 104.0 0.06515436337877821
74.0 106.0 0.045241331202247013
74.0 108.0 0.029213664984937385
74.0 110.0 0.02015767789193686
74.0 112.0 0.018043007699869804
74.0 114.0 0.02157709011904407
74.0 116.0 0.017684535022353284
74.0 118.0 0.023898303861590378
74.0 120.0 0.03976244501054647
74.0 122.0 0.06215031669070428
74.0 124.0 0.15065180068221187
74.0 126.0 0.2848964819434432
76.0 0.0 0.0
76.0 2.0 0.21586753356464605
76.0 4.0 0.10089241720242033
76.0 6.0 0.03473153032774274
76.0 8.0 6.063804458227101E-4
76.0 10.0 0.0
76.0 12.0 0.0
76.0 14.0 0.0
76.0 16.0 0.0
76.0 18.0 0.0
76.0 20.0 1.9731834672696326E-4
76.0 22.0 0.0031907020400897255
76.0 24.0 0.002842826173788592
76.0 26.0 0.009598271388275858
76.0 28.0 0.006949620310145091
76.0 30.0 0.0033841102833116407
76.0 32.0 0.0
76.0 34.0 0.0
76.0 36.0 0.0
76.0 38.0 0.0
76.0 40.0 0.0
76.0 42.0 0.0
76.0 44.0 0.0
76.0 46.0 0.01704041909407656
76.0 48.0 0.07167434131286037
76.0 50.0 0.19731871056485215
76.0 52.0 0.31091628419186784
76.0 54.0 0.3894579374187049
76.0 56.0 0.4416242145836246
76.0 58.0 0.4482663572474472
76.0 60.0 0.41510765517636816
76.0 62.0 0.32970365549120767
76.0 64.0 0.20203859056804685
76.0 66.0 0.10311220016022087
76.0 68.0 0.026389172837685354
76.0 70.0 0.0
76.0 72.0 0.0
76.0 74.0 0.0
76.0 76.0 0.0
76.0 78.0 0.0
76.0 80.0 0.0
76.0 82.0 0.0
76.0 84.0 0.0
76.0 86.0 0.0
76.0 88.0 0.0
76.0 90.0 0.0
76.0 92.0 0.0
76.0 94.0 0.003559847287307197
76.0 96.0 0.014781936899052708
76.0 98.0 0.04865939644619891
76.0 100.0 0.07446957719008039
76.0 102.0 0.07224029362365758
76.0 104.0 0.05161419455647176
76.0 106.0 0.027559596545839355
76.0 108.0 0.010196917574023847
76.0 110.0 0.004512553389919561
76.0 112.0 0.005403204861691345
76.0 114.0 0.007974717888884994
76.0 116.0 0.0071070023394341755
76.0 118.0 0.015390683665474638
76.0 120.0 0.03648081480399015
76.0 122.0 0.06108296963442219
76.0 124.0 0.1450298113924069
76.0 126.0 0.0
78.0 0.0 0.0
78.0 2.0 0.07517415234872009
78.0 4.0 0.03580761303577857
78.0 6.0 0.0012162441633025041
78.0 8.0 0.0
78.0 10.0 0.0
78.0 12.0 0.0
78.0 14.0 0.0
78.0 16.0 0.0
78.0 18.0 0.0
78.0 20.0 0.013560440476156411
78.0 22.0 0.020251801767021616
78.0 24.0 0.02015632053303818
78.0 26.0 0.035240875151974056
78.0 28.0 0.022948942165134757
78.0 30.0 0.0027088595528614915
78.0 32.0 0.0
78.0 34.0 0.0
78.0 36.0 0.0
78.0 38.0 0.0
78.0 40.0 0.0
78.0 42.0 0.0
78.0 44.0 0.0
78.0 46.0 0.007777111217487235
78.0 48.0 0.06816009290878727
78.0 50.0 0.1836160707641277
78.0 52.0 0.28514296954985313
78.0 54.0 0.3610030297425744
78.0 56.0 0.4081177818278152
78.0 58.0 0.40369138130577653
78.0 60.0 0.357144729997926
78.0 62.0 0.23793709371478963
78.0 64.0 0.13736701588736977
78.0 66.0 0.04736978394762157
78.0 68.0 0.0
78.0 70.0 0.0
78.0 72.0 0.0
78.0 74.0 0.0
78.0 76.0 0.0
78.0 78.0 0.0
78.0 80.0 0.0
78.0 82.0 0.0
78.0 84.0 0.0
78.0 86.0 0.0
78.0 88.0 0.0
78.0 90.0 0.00593417132788602
78.0 92.0 0.03589102686799839
78.0 94.0 0.07302161413207463
78.0 96.0 0.08962953045544642
78.0 98.0 0.10196427210165522
78.0 100.0 0.09306440501139975
78.0 102.0 0.06582089397998753
78.0 104.0 0.024312800078231684
78.0 106.0 0.0018807128741332158
78.0 108.0 0.0
78.0 110.0 0.0
78.0 112.0 0.0
78.0 114.0 0.0
78.0 116.0 0.0
78.0 118.0 1.9254288687941366E-4
78.0 120.0 0.012953910111889738
78.0 122.0 0.03549581766099517
78.0 124.0 0.09347033393358983
78.0 126.0 0.0
80.0 0.0 0.0
80.0 2.0 0.0
80.0 4.0 0.011363424663432093
80.0 6.0 0.0
80.0 8.0 0.0
80.0 10.0 0.0
80.0 12.0 0.0
80.0 14.0 0.0
80.0 16.0 0.00423314922609002
80.0 18.0 0.016285955674314307
80.0 20.0 0.04881591803094468
80.0 22.0 0.07767148172395373
80.0 24.0 0.07851407768899352
80.0 26.0 0.08505404278237154
80.0 28.0 0.06020553892369129
80.0 30.0 0.007250473824408156
80.0 32.0 0.0
80.0 34.0 0.0
80.0 36.0 0.0
80.0 38.0 0.0
80.0 40.0 0.0
80.0 42.0 0.0
80.0 44.0 0.0
80.0 46.0 0.006412842388745086
80.0 48.0 0.05718191611440584
80.0 50.0 0.1629705659219669
80.0 52.0 0.2326089410741874
80.0 54.0 0.3076227759888752
80.0 56.0 0.33679008239841246
80.0 58.0 0.3213787539340042
80.0 60.0 0.25261989298942894
80.0 62.0 0.14798560347290524
80.0 64.0 0.06473820124438792
80.0 66.0 0.005822031606328569
80.0 68.0 0.0
80.0 70.0 0.0
80.0 72.0 0.0
80.0 74.0 0.0
80.0 76.0 0.0
80.0 78.0 0.0
80.0 80.0 0.0
80.0 82.0 0.0
80.0 84.0 0.0
80.0 86.0 8.953483897733644E-4
80.0 88.0 0.02527917905030085
80.0 90.0 0.09706113139996032
80.0 92.0 0.18044303494637762
80.0 94.0 0.18088268170208507
80.0 96.0 0.17943612595549072
80.0 98.0 0.1530456917989992
80.0 100.0 0.10938761180370644
80.0 102.0 0.05097663163809449
80.0 104.0 0.003522191014665463
80.0 106.0 0.0
80.0 108.0 0.0
80.0 110.0 0.0
80.0 112.0 0.0
80.0 114.0 0.0
80.0 116.0 0.0
80.0 118.0 0.0
80.0 120.0 0.0
80.0 122.0 0.0
80.0 124.0 0.030770745058617044
80.0 126.0 0.0
82.0 0.0 0.0
82.0 2.0 0.0
82.0 4.0 0.002082782725030315
82.0 6.0 0.0
82.0 8.0 0.0
82.0 10.0 0.0
82.0 12.0 0.0
82.0 14.0 0.0
82.0 16.0 0.02575588010448793
82.0 18.0 0.09749185048239199
82.0 20.0 0.15445848344989258
82.0 22.0 0.1887330283053625
82.0 24.0 0.17683977781709523
82.0 26.0 0.1570425004317689
82.0 28.0 0.11554684236100521
82.0 30.0 0.02834989266629141
82.0 32.0 0.0
82.0 34.0 0.0
82.0 36.0 0.0
82.0 38.0 0.0
82.0 40.0 0.0
82.0 42.0 0.0
82.0 44.0 0.0
82.0 46.0 0.0029172192288789696
82.0 48.0 0.042308465663889454
82.0 50.0 0.10005775967090752
82.0 52.0 0.16739700703513857
82.0 54.0 0.2165137650001444
82.0 56.0 0.23203586020657507
82.0 58.0 0.20446749895760463
82.0 60.0 0.12538287434439763
82.0 62.0 0.07306017579895942
82.0 64.0 0.014270343084355283
82.0 66.0 0.0
82.0 68.0 0.0
82.0 70.0 0.0
82.0 72.0 0.0
82.0 74.0 0.0
82.0 76.0 0.0
82.0 78.0 0.0
82.0 80.0 0.0010270252209969922
82.0 82.0 0.013091265497672285
82.0 84.0 0.04056047093162414
82.0 86.0 0.09342590873021672
82.0 88.0 0.20226779936716768
82.0 90.0 0.31360538276255695
82.0 92.0 0.36262195909173256
82.0 94.0 0.30141833957671255
82.0 96.0 0.2694443298599983
82.0 98.0 0.20940148725763597
82.0 100.0 0.12670994007817718
82.0 102.0 0.03785675892765204
82.0 104.0 9.249076979313888E-5
82.0 106.0 0.0
82.0 108.0 0.0
82.0 110.0 0.0
82.0 112.0 0.0
82.0 114.0 0.0
82.0 116.0 0.0
82.0 118.0 0.0
82.0 120.0 0.0
82.0 122.0 0.0
82.0 124.0 0.0
82.0 126.0 0.0
84.0 0.0 0.0
84.0 2.0 0.0
84.0 4.0 0.0
84.0 6.0 0.0
84.0 8.0 0.0
84.0 10.0 0.0
84.0 12.0 0.0
84.0 14.0 0.025771330266630935
84.0 16.0 0.11064144278518524
84.0 18.0 0.21375057262262864
84.0 20.0 0.2805116425590393
84.0 22.0 0.3049031415483083
84.0 24.0 0.28033546346048716
84.0 26.0 0.25181859411039825
84.0 28.0 0.2110545592075327
84.0 30.0 0.0868044995761138
84.0 32.0 0.002189638381086635
84.0 34.0 0.0
84.0 36.0 0.0
84.0 38.0 0.0
84.0 40.0 0.0
84.0 42.0 0.0
84.0 44.0 0.0
84.0 46.0 0.0
84.0 48.0 3.745365171182666E-4
84.0 50.0 0.02663523723773008
84.0 52.0 0.06449973893235303
84.0 54.0 0.10114903950008769
84.0 56.0 0.11219346983269161
84.0 58.0 0.08204578734707942
84.0 60.0 0.04332604579008548
84.0 62.0 0.012050113423060711
84.0 64.0 0.0
84.0 66.0 0.0
84.0 68.0 0.0
84.0 70.0 0.0
84.0 72.0 0.0
84.0 74.0 0.0
84.0 76.0 0.0
84.0 78.0 0.004239500267679414
84.0 80.0 0.028946233265695023
84.0 82.0 0.06687680186756081
84.0 84.0 0.1382526029008254
84.0 86.0 0.2421007578872695
84.0 88.0 0.36241997491597777
84.0 90.0 0.448975461823722
84.0 92.0 0.4783831982782711
84.0 94.0 0.457864939062109
84.0 96.0 0.34753591098194997
84.0 98.0 0.26582244911812464
84.0 100.0 0.15808929140632727
84.0 102.0 0.05231781904846885
84.0 104.0 0.0
84.0 106.0 0.0
84.0 108.0 0.0
84.0 110.0 0.0
84.0 112.0 0.0
84.0 114.0 0.0
84.0 116.0 0.0
84.0 118.0 0.0
84.0 120.0 0.0
84.0 122.0 0.0
84.0 124.0 0.0
84.0 126.0 0.0
86.0 0.0 0.0
86.0 2.0 0.0
86.0 4.0 0.0
86.0 6.0 0.0
86.0 8.0 0.0
86.0 10.0 0.0
86.0 12.0 0.0
86.0 14.0 0.049833555943828274
86.0 16.0 0.1960787062937723
86.0 18.0 0.3137410734411494
86.0 20.0 0.37822359039843517
86.0 22.0 0.36676489632227954
86.0 24.0 0.34679546845059545
86.0 26.0 0.32349900043648355
86.0 28.0 0.3065633504803568
86.0 30.0 0.15832073672253014
86.0 32.0 0.02417168640495686
86.0 34.0 0.0
86.0 36.0 0.0
86.0 38.0 0.0
86.0 40.0 0.0
86.0 42.0 0.0
86.0 44.0 0.0
86.0 46.0 0.0
86.0 48.0 0.0
86.0 50.0 0.0
86.0 52.0 0.010311494105862531
86.0 54.0 0.024156454353008134
86.0 56.0 0.027499138732689013
86.0 58.0 0.013907068220065988
86.0 60.0 0.003250948045435482
86.0 62.0 0.0014345502960647894
86.0 64.0 0.0
86.0 66.0 0.0
86.0 68.0 0.0
86.0 70.0 0.0
86.0 72.0 0.0
86.0 74.0 0.0
86.0 76.0 0.0013820272252033916
86.0 78.0 0.019114805445214444
86.0 80.0 0.05228766781001599
86.0 82.0 0.13001336775995045
86.0 84.0 0.21048024354107708
86.0 86.0 0.33284767543800925
86.0 88.0 0.42878490088101934
86.0 90.0 0.48634503098951765
86.0 92.0 0.49028677834246687
86.0 94.0 0.480124777632428
86.0 96.0 0.431912347450649
86.0 98.0 0.33545160418768427
86.0 100.0 0.18943842329624086
86.0 102.0 0.06790229961199658
86.0 104.0 0.0
86.0 106.0 0.0
86.0 108.0 0.0
86.0 110.0 0.0
86.0 112.0 0.0
86.0 114.0 0.0
86.0 116.0 0.0
86.0 118.0 0.0
86.0 120.0 0.0
86.0 122.0 0.0
86.0 124.0 0.0
86.0 126.0 0.0
88.0 0.0 0.0
88.0 2.0 0.0
88.0 4.0 0.0
88.0 6.0 0.0
88.0 8.0 0.0
88.0 10.0 0.0
88.0 12.0 0.0036397431847377698
88.0 14.0 0.09502703400453633
88.0 16.0 0.26571384545043214
88.0 18.0 0.3941681080799609
88.0 20.0 0.44678264678769913
88.0 22.0 0.4020053821602936
88.0 24.0 0.38362469354698564
88.0 26.0 0.3604087212052885
88.0 28.0 0.34642616923997166
88.0 30.0 0.2025674117711901
88.0 32.0 0.05495801890345578
88.0 34.0 0.0
88.0 36.0 0.0
88.0 38.0 0.0
88.0 40.0 0.0
88.0 42.0 0.0
88.0 44.0 0.0
88.0 46.0 0.0
88.0 48.0 0.0
88.0 50.0 0.0
88.0 52.0 0.0
88.0 54.0 3.058112793381827E-4
88.0 56.0 0.0018018786963082019
88.0 58.0 0.0
88.0 60.0 0.0
88.0 62.0 0.0014020190211052053
88.0 64.0 0.0
88.0 66.0 0.0
88.0 68.0 0.0
88.0 70.0 0.0
88.0 72.0 0.0
88.0 74.0 0.0020643929549377586
88.0 76.0 0.016159386707695903
88.0 78.0 0.0421900722099913
88.0 80.0 0.10937009421477022
88.0 82.0 0.15988702535619712
88.0 84.0 0.26748851663012346
88.0 86.0 0.39169561452657303
88.0 88.0 0.47609034272668627
88.0 90.0 0.4647786503575571
88.0 92.0 0.4508335153715164
88.0 94.0 0.4389896538254667
88.0 96.0 0.3978475587629664
88.0 98.0 0.3369049894161287
88.0 100.0 0.2419076704346538
88.0 102.0 0.08888085868499336
88.0 104.0 0.0
88.0 106.0 0.0
88.0 108.0 0.0
88.0 110.0 0.0
88.0 112.0 0.0
88.0 114.0 0.0
88.0 116.0 0.0
88.0 118.0 0.0
88.0 120.0 0.0
88.0 122.0 0.0
88.0 124.0 0.0
88.0 126.0 0.0
90.0 0.0 0.0
90.0 2.0 0.0
90.0 4.0 0.0
90.0 6.0 0.0
90.0 8.0 0.0
90.0 10.0 0.0
90.0 12.0 0.01830548937697059
90.0 14.0 0.15270252175668633
90.0 16.0 0.32154094644194536
90.0 18.0 0.44903130691083315
90.0 20.0 0.48474043867860045
90.0 22.0 0.42006418818862334
90.0 24.0 0.40512156870088184
90.0 26.0 0.37899287233726886
90.0 28.0 0.34050288792880373
90.0 30.0 0.21610409823802335
90.0 32.0 0.07451177573021024
90.0 34.0 0.0
90.0 36.0 0.0
90.0 38.0 0.0
90.0 40.0 0.0
90.0 42.0 0.0
90.0 44.0 0.0
90.0 46.0 0.0
90.0 48.0 0.0
90.0 50.0 0.0
90.0 52.0 0.0
90.0 54.0 0.0
90.0 56.0 0.0
90.0 58.0 0.0
90.0 60.0 3.7852242466017736E-4
90.0 62.0 0.0
90.0 64.0 0.0
90.0 66.0 0.0
90.0 68.0 0.0
90.0 70.0 0.0
90.0 72.0 0.0
90.0 74.0 0.0011612480969636818
90.0 76.0 0.01848239942552367
90.0 78.0 0.04814713139786908
90.0 80.0 0.1137585461513762
90.0 82.0 0.18615222864062672
90.0 84.0 0.2904361736022116
90.0 86.0 0.41487235525107385
90.0 88.0 0.4918227776169298
90.0 90.0 0.4808423372133066
90.0 92.0 0.44572771722853005
90.0 94.0 0.4322919521773669
90.0 96.0 0.3989353690236046
90.0 98.0 0.3910837067750257
90.0 100.0 0.2647473218515202
90.0 102.0 0.11079026024026985
90.0 104.0 0.0
90.0 106.0 0.0
90.0 108.0 0.0
90.0 110.0 0.0
90.0 112.0 0.0
90.0 114.0 0.0
90.0 116.0 0.0
90.0 118.0 0.0
90.0 120.0 0.0
90.0 122.0 0.0
90.0 124.0 0.0
90.0 126.0 0.0
92.0 0.0 0.0
92.0 2.0 0.0
92.0 4.0 0.0
92.0 6.0 0.0
92.0 8.0 0.0
92.0 10.0 0.0
92.0 12.0 0.00789267372459976
92.0 14.0 0.14621107738739655
92.0 16.0 0.33439569268847236
92.0 18.0 0.47349710503857123
92.0 20.0 0.5082451266680664
92.0 22.0 0.4229434478389904
92.0 24.0 0.4063524161075395
92.0 26.0 0.381890957142561
92.0 28.0 0.3350589950467027
92.0 30.0 0.20209290870372684
92.0 32.0 0.07109856681299802
92.0 34.0 0.0
92.0 36.0 0.0
92.0 38.0 0.0
92.0 40.0 0.0
92.0 42.0 0.0
92.0 44.0 0.0
92.0 46.0 0.0
92.0 48.0 0.0
92.0 50.0 0.0
92.0 52.0 0.0
92.0 54.0 0.0
92.0 56.0 0.0
92.0 58.0 7.966254852318492E-4
92.0 60.0 0.00389579925206366
92.0 62.0 9.051476600712148E-4
92.0 64.0 0.0
92.0 66.0 0.0
92.0 68.0 0.0
92.0 70.0 0.0
92.0 72.0 0.0
92.0 74.0 0.0
92.0 76.0 0.015690984853666767
92.0 78.0 0.047663895924861865
92.0 80.0 0.11266840428922603
92.0 82.0 0.1895498765949333
92.0 84.0 0.28830498200931115
92.0 86.0 0.4089661975952073
92.0 88.0 0.4744968419714761
92.0 90.0 0.4880237250147181
92.0 92.0 0.44283600459675787
92.0 94.0 0.4300401158362402
92.0 96.0 0.3963179804567613
92.0 98.0 0.35515329039082405
92.0 100.0 0.2829634236624178
92.0 102.0 0.11970997289442352
92.0 104.0 0.0
92.0 106.0 0.0
92.0 108.0 0.0
92.0 110.0 0.0
92.0 112.0 0.0
92.0 114.0 0.0
92.0 116.0 0.0
92.0 118.0 0.0
92.0 120.0 0.0
92.0 122.0 0.0
92.0 124.0 0.0
92.0 126.0 0.0
94.0 0.0 0.0
94.0 2.0 0.0
94.0 4.0 0.0
94.0 6.0 0.0
94.0 8.0 0.0
94.0 10.0 0.0
94.0 12.0 0.026467562699037207
94.0 14.0 0.20089977170828707
94.0 16.0 0.37168671001488063
94.0 18.0 0.49295896014423296
94.0 20.0 0.5308742278084178
94.0 22.0 0.44568464654350226
94.0 24.0 0.3947867515289066
94.0 26.0 0.36324859343123506
94.0 28.0 0.2945501909116618
94.0 30.0 0.18381501338006134
94.0 32.0 0.06307103599656629
94.0 34.0 0.0
94.0 36.0 0.0
94.0 38.0 0.0
94.0 40.0 0.0
94.0 42.0 0.0
94.0 44.0 0.0
94.0 46.0 0.0
94.0 48.0 0.0
94.0 50.0 0.0
94.0 52.0 0.0
94.0 54.0 0.0
94.0 56.0 0.0
94.0 58.0 0.005964333239771619
94.0 60.0 0.008004274680636308
94.0 62.0 0.0036340614284729902
94.0 64.0 2.6112033753843616E-4
94.0 66.0 0.0
94.0 68.0 0.0
94.0 70.0 0.0
94.0 72.0 0.0
94.0 74.0 0.0
94.0 76.0 0.005388664146701146
94.0 78.0 0.035294231270279565
94.0 80.0 0.08824964085575576
94.0 82.0 0.16646065810231783
94.0 84.0 0.2551631971233907
94.0 86.0 0.3615961440037044
94.0 88.0 0.42745848258012736
94.0 90.0 0.47355843886763105
94.0 92.0 0.4580162831008822
94.0 94.0 0.43166993717940877
94.0 96.0 0.3983406029858207
94.0 98.0 0.35128833497004014
94.0 100.0 0.27872312927794324
94.0 102.0 0.11986334198831088
94.0 104.0 0.0
94.0 106.0 0.0
94.0 108.0 0.0
94.0 110.0 0.0
94.0 112.0 0.0
94.0 114.0 0.0
94.0 116.0 0.0
94.0 118.0 0.0
94.0 120.0 0.0
94.0 122.0 0.0
94.0 124.0 0.0
94.0 126.0 0.0
96.0 0.0 0.0
96.0 2.0 0.0
96.0 4.0 0.0
96.0 6.0 0.0
96.0 8.0 0.0
96.0 10.0 0.0
96.0 12.0 0.002186477292056048
96.0 14.0 0.1665063183452632
96.0 16.0 0.3281593599315574
96.0 18.0 0.4325686202367219
96.0 20.0 0.4944672355445527
96.0 22.0 0.4572788786749731
96.0 24.0 0.3912675702500285
96.0 26.0 0.3400519505806674
96.0 28.0 0.262775489283007
96.0 30.0 0.14305211584906888
96.0 32.0 0.045357726079872394
96.0 34.0 0.0
96.0 36.0 0.0
96.0 38.0 0.0
96.0 40.0 0.0
96.0 42.0 0.0
96.0 44.0 0.0
96.0 46.0 0.0
96.0 48.0 0.0
96.0 50.0 0.0
96.0 52.0 0.0
96.0 54.0 0.0
96.0 56.0 0.0051002313641787525
96.0 58.0 0.016429593349393864
96.0 60.0 0.016795500604649294
96.0 62.0 0.006682412380945412
96.0 64.0 1.7441814745932532E-4
96.0 66.0 0.0
96.0 68.0 0.0
96.0 70.0 0.0
96.0 72.0 0.0
96.0 74.0 0.0
96.0 76.0 0.0
96.0 78.0 0.00375640077030001
96.0 80.0 0.037785327216634614
96.0 82.0 0.09728029700135186
96.0 84.0 0.20016238559081156
96.0 86.0 0.28578118751016107
96.0 88.0 0.35477756283051615
96.0 90.0 0.4185019118972897
96.0 92.0 0.4508693347521018
96.0 94.0 0.43436228282401285
96.0 96.0 0.3972047391878222
96.0 98.0 0.33677731834155794
96.0 100.0 0.2446133889650213
96.0 102.0 0.11812781113531778
96.0 104.0 7.379958419389251E-4
96.0 106.0 0.0
96.0 108.0 0.0
96.0 110.0 0.0
96.0 112.0 0.0
96.0 114.0 0.0
96.0 116.0 0.0
96.0 118.0 0.0
96.0 120.0 0.0
96.0 122.0 0.0
96.0 124.0 0.0
96.0 126.0 0.0
98.0 0.0 0.0
98.0 2.0 0.0
98.0 4.0 0.0
98.0 6.0 0.0
98.0 8.0 0.0
98.0 10.0 0.0
98.0 12.0 0.0
98.0 14.0 0.16261106522848423
98.0 16.0 0.3280054366408915
98.0 18.0 0.42538642304947394
98.0 20.0 0.4802080578834915
98.0 22.0 0.4465459123449634
98.0 24.0 0.3670901073097497
98.0 26.0 0.3058363313280202
98.0 28.0 0.22405317344644568
98.0 30.0 0.11011105689305113
98.0 32.0 0.026493170029921857
98.0 34.0 0.0
98.0 36.0 0.0
98.0 38.0 0.0
98.0 40.0 0.0
98.0 42.0 0.0
98.0 44.0 0.0
98.0 46.0 0.0
98.0 48.0 0.0
98.0 50.0 0.0
98.0 52.0 0.0
98.0 54.0 0.003223536937703561
98.0 56.0 0.025677075601239552
98.0 58.0 0.047270254202322705
98.0 60.0 0.043860475512502856
98.0 62.0 0.015682892948612016
98.0 64.0 0.0
98.0 66.0 0.0
98.0 68.0 0.0
98.0 70.0 0.0
98.0 72.0 0.0
98.0 74.0 0.0
98.0 76.0 0.0
98.0 78.0 0.0
98.0 80.0 0.0021464511852446757
98.0 82.0 0.03800717472205761
98.0 84.0 0.10314068292061217
98.0 86.0 0.20014898381583204
98.0 88.0 0.2720323553399326
98.0 90.0 0.3573636425283992
98.0 92.0 0.40191040492489316
98.0 94.0 0.4049558455992974
98.0 96.0 0.38721635248049685
98.0 98.0 0.3571404209257378
98.0 100.0 0.25131810363046897
98.0 102.0 0.11096507327041633
98.0 104.0 0.006960802317207037
98.0 106.0 0.0
98.0 108.0 0.0
98.0 110.0 0.0
98.0 112.0 0.0
98.0 114.0 0.0
98.0 116.0 0.0
98.0 118.0 0.0
98.0 120.0 0.0
98.0 122.0 0.0
98.0 124.0 0.0
98.0 126.0 0.0
100.0 0.0 0.0
100.0 2.0 0.0
100.0 4.0 0.0
100.0 6.0 0.0
100.0 8.0 0.0
100.0 10.0 0.0
100.0 12.0 0.0
100.0 14.0 0.15551942271807387
100.0 16.0 0.3433823452289353
100.0 18.0 0.4457995038231009
100.0 20.0 0.4609586181350111
100.0 22.0 0.4051538883515324
100.0 24.0 0.34608025990713065
100.0 26.0 0.2882799146019153
100.0 28.0 0.17475298456003255
100.0 30.0 0.06662966218780063
100.0 32.0 0.0
100.0 34.0 0.0
100.0 36.0 0.0
100.0 38.0 0.0
100.0 40.0 0.0
100.0 42.0 0.0
100.0 44.0 0.0
100.0 46.0 0.0
100.0 48.0 0.0
100.0 50.0 0.0
100.0 52.0 0.009680397296101704
100.0 54.0 0.06220744352582408
100.0 56.0 0.10213995796809648
100.0 58.0 0.109142599571546
100.0 60.0 0.08929347397346225
100.0 62.0 0.04877787188159108
100.0 64.0 0.004121971649725764
100.0 66.0 0.0
100.0 68.0 0.0
100.0 70.0 0.0
100.0 72.0 0.0
100.0 74.0 0.0
100.0 76.0 0.0
100.0 78.0 0.0
100.0 80.0 0.0
100.0 82.0 0.0050031878915639824
100.0 84.0 0.03560378164915504
100.0 86.0 0.09717513510449068
100.0 88.0 0.19912700552156817
100.0 90.0 0.266968984490674
100.0 92.0 0.3325936046722212
100.0 94.0 0.38024682200633664
100.0 96.0 0.396641073646191
100.0 98.0 0.3477546359116117
100.0 100.0 0.2413806788305433
100.0 102.0 0.10807776003924914
100.0 104.0 0.018299664774328525
100.0 106.0 0.0
100.0 108.0 0.0
100.0 110.0 0.0
100.0 112.0 0.0
100.0 114.0 0.0
100.0 116.0 0.0
100.0 118.0 0.0
100.0 120.0 0.0
100.0 122.0 0.0
100.0 124.0 0.0
100.0 126.0 0.0
102.0 0.0 0.0
102.0 2.0 0.0
102.0 4.0 0.0
102.0 6.0 0.0
102.0 8.0 0.0
102.0 10.0 0.0
102.0 12.0 0.0
102.0 14.0 0.005705567836820801
102.0 16.0 0.31704595241309397
102.0 18.0 0.43531680434888836
102.0 20.0 0.44454421760710106
102.0 22.0 0.3906533513169868
102.0 24.0 0.30851909993201443
102.0 26.0 0.2235438873714375
102.0 28.0 0.10461755438455166
102.0 30.0 0.020190607917894825
102.0 32.0 0.0
102.0 34.0 0.0
102.0 36.0 0.0
102.0 38.0 0.0
102.0 40.0 0.0
102.0 42.0 0.0
102.0 44.0 0.0
102.0 46.0 0.0
102.0 48.0 0.0
102.0 50.0 0.0168236847145228
102.0 52.0 0.09110921516950067
102.0 54.0 0.15323432676668855
102.0 56.0 0.18139348327515506
102.0 58.0 0.17893205056711922
102.0 60.0 0.15220761750426184
102.0 62.0 0.10421769473102611
102.0 64.0 0.04046695218071709
102.0 66.0 0.0018757403544945386
102.0 68.0 0.0
102.0 70.0 0.0
102.0 72.0 0.0
102.0 74.0 0.0
102.0 76.0 0.0
102.0 78.0 0.0
102.0 80.0 0.0
102.0 82.0 0.0
102.0 84.0 2.366472243638873E-4
102.0 86.0 0.026536215554080502
102.0 88.0 0.09746466073360956
102.0 90.0 0.16613137961971325
102.0 92.0 0.253759302029964
102.0 94.0 0.3377239713522883
102.0 96.0 0.3661841621354574
102.0 98.0 0.3261277385014609
102.0 100.0 0.24375132235643437
102.0 102.0 0.12199874266507137
102.0 104.0 0.039718058443110285
102.0 106.0 0.0
102.0 108.0 0.0
102.0 110.0 0.0
102.0 112.0 0.0
102.0 114.0 0.0
102.0 116.0 0.0
102.0 118.0 0.0
102.0 120.0 0.0
102.0 122.0 0.0
102.0 124.0 0.0
102.0 126.0 0.0
104.0 0.0 0.0
104.0 2.0 0.0
104.0 4.0 0.0
104.0 6.0 0.0
104.0 8.0 0.0
104.0 10.0 0.0
104.0 12.0 0.0
104.0 14.0 0.0
104.0 16.0 0.1043796605250466
104.0 18.0 0.42494658059555174
104.0 20.0 0.4123362046810479
104.0 22.0 0.3896567299634426
104.0 24.0 0.2590749716795591
104.0 26.0 0.14817748631628194
104.0 28.0 0.04134310459659788
104.0 30.0 0.0
104.0 32.0 0.0
104.0 34.0 0.0
104.0 36.0 0.0
104.0 38.0 0.0
104.0 40.0 0.0
104.0 42.0 0.0
104.0 44.0 0.0
104.0 46.0 0.0
104.0 48.0 0.008640906393607017
104.0 50.0 0.09682508117973154
104.0 52.0 0.17216730223231058
104.0 54.0 0.2220657000161249
104.0 56.0 0.24105032026016293
104.0 58.0 0.2328341155724666
104.0 60.0 0.20767630064289763
104.0 62.0 0.17188647136742016
104.0 64.0 0.06602865407007652
104.0 66.0 0.004066817255102266
104.0 68.0 0.0
104.0 70.0 0.0
104.0 72.0 0.0
104.0 74.0 0.0
104.0 76.0 0.0
104.0 78.0 0.0
104.0 80.0 0.0
104.0 82.0 0.0
104.0 84.0 0.0
104.0 86.0 0.0013254025449813038
104.0 88.0 0.012382579383643294
104.0 90.0 0.06343134308535651
104.0 92.0 0.1895010844220869
104.0 94.0 0.28135704766367475
104.0 96.0 0.31890705899301314
104.0 98.0 0.3092716195107673
104.0 100.0 0.25814903578729087
104.0 102.0 0.17243140162041484
104.0 104.0 0.08299684564275443
104.0 106.0 0.016380615015280802
104.0 108.0 0.0
104.0 110.0 0.0
104.0 112.0 0.0
104.0 114.0 0.0
104.0 116.0 0.0
104.0 118.0 0.0
104.0 120.0 0.0
104.0 122.0 0.0
104.0 124.0 0.0
104.0 126.0 0.0
106.0 0.0 0.0
106.0 2.0 0.0
106.0 4.0 0.0
106.0 6.0 0.0
106.0 8.0 0.0
106.0 10.0 0.0
106.0 12.0 0.0
106.0 14.0 0.0
106.0 16.0 0.0
106.0 18.0 0.2594229087830205
106.0 20.0 0.3880084865401989
106.0 22.0 0.33091590611836214
106.0 24.0 0.19390947859056784
106.0 26.0 0.06355515656914457
106.0 28.0 0.0012132879712294777
106.0 30.0 0.0
106.0 32.0 0.0
106.0 34.0 0.0
106.0 36.0 0.0
106.0 38.0 0.0
106.0 40.0 0.0
106.0 42.0 0.0
106.0 44.0 0.0
106.0 46.0 0.0
106.0 48.0 0.06090786376119655
106.0 50.0 0.16921283876467966
106.0 52.0 0.23176672882756555
106.0 54.0 0.27074746424789936
106.0 56.0 0.2821035311126347
106.0 58.0 0.27177199703643257
106.0 60.0 0.24677961625783454
106.0 62.0 0.23019600554604647
106.0 64.0 0.10631913987850407
106.0 66.0 0.023488567594702373
106.0 68.0 0.0
106.0 70.0 0.0
106.0 72.0 0.0
106.0 74.0 0.0
106.0 76.0 0.0
106.0 78.0 0.0
106.0 80.0 0.0
106.0 82.0 0.0
106.0 84.0 0.0
106.0 86.0 0.0
106.0 88.0 0.0
106.0 90.0 0.01560861851750285
106.0 92.0 0.10798088435257065
106.0 94.0 0.2008002745015902
106.0 96.0 0.2713497236382573
106.0 98.0 0.2985007146659737
106.0 100.0 0.2828891488547763
106.0 102.0 0.23354379204802275
106.0 104.0 0.1848329057535308
106.0 106.0 0.09806639545294725
106.0 108.0 0.008305274359493272
106.0 110.0 0.0
106.0 112.0 0.0
106.0 114.0 0.0
106.0 116.0 0.0
106.0 118.0 0.0
106.0 120.0 0.0
106.0 122.0 0.0
106.0 124.0 0.0
106.0 126.0 0.0
108.0 0.0 0.0
108.0 2.0 0.0
108.0 4.0 0.0
108.0 6.0 0.0
108.0 8.0 0.0
108.0 10.0 0.0
108.0 12.0 0.0
108.0 14.0 0.0
108.0 16.0 0.0
108.0 18.0 0.0
108.0 20.0 0.18468278692085596
108.0 22.0 0.21003723031762353
108.0 24.0 0.09734770774388096
108.0 26.0 0.004431665914172745
108.0 28.0 0.0
108.0 30.0 0.0
108.0 32.0 0.0
108.0 34.0 0.0
108.0 36.0 0.0
108.0 38.0 0.0
108.0 40.0 0.0
108.0 42.0 0.0
108.0 44.0 0.0013481450564122946
108.0 46.0 0.057848943579112966
108.0 48.0 0.17304703743313068
108.0 50.0 0.24868363426346818
108.0 52.0 0.26103643830335405
108.0 54.0 0.3000587571595437
108.0 56.0 0.30610332912330007
108.0 58.0 0.2947129165713585
108.0 60.0 0.27245441684250876
108.0 62.0 0.27667190405578496
108.0 64.0 0.14414383031895414
108.0 66.0 0.044544864127088996
108.0 68.0 0.0
108.0 70.0 0.0
108.0 72.0 0.0
108.0 74.0 0.0
108.0 76.0 0.0
108.0 78.0 0.0
108.0 80.0 0.0
108.0 82.0 0.0
108.0 84.0 0.0
108.0 86.0 0.0
108.0 88.0 0.0
108.0 90.0 0.0
108.0 92.0 0.04560647892411692
108.0 94.0 0.1271618410471036
108.0 96.0 0.24523019830323922
108.0 98.0 0.30156489273388454
108.0 100.0 0.31753062795812875
108.0 102.0 0.29510244720997064
108.0 104.0 0.27135338425045274
108.0 106.0 0.24524108792140006
108.0 108.0 0.1449897914932877
108.0 110.0 0.0
108.0 112.0 0.0
108.0 114.0 0.0
108.0 116.0 0.0
108.0 118.0 0.0
108.0 120.0 0.0
108.0 122.0 0.0
108.0 124.0 0.0
108.0 126.0 0.0
110.0 0.0 0.0
110.0 2.0 0.0
110.0 4.0 0.0
110.0 6.0 0.0
110.0 8.0 0.0
110.0 10.0 0.0
110.0 12.0 0.0
110.0 14.0 0.0
110.0 16.0 0.0
110.0 18.0 0.0
110.0 20.0 0.0
110.0 22.0 0.09473045922536362
110.0 24.0 0.015951915710032086
110.0 26.0 0.0
110.0 28.0 0.0
110.0 30.0 0.0
110.0 32.0 0.0
110.0 34.0 0.0
110.0 36.0 0.0
110.0 38.0 0.0
110.0 40.0 0.0
110.0 42.0 0.0
110.0 44.0 0.0379745965668686
110.0 46.0 0.1338064438929028
110.0 48.0 0.2410171018062973
110.0 50.0 0.31865202883470145
110.0 52.0 0.291785848773661
110.0 54.0 0.32016912347635085
110.0 56.0 0.32316732365068246
110.0 58.0 0.3087755414103392
110.0 60.0 0.2877964016653213
110.0 62.0 0.30091205236920743
110.0 64.0 0.1751562408083948
110.0 66.0 0.05858576248346265
110.0 68.0 0.0
110.0 70.0 0.0
110.0 72.0 0.0
110.0 74.0 0.0
110.0 76.0 0.0
110.0 78.0 0.0
110.0 80.0 0.0
110.0 82.0 0.0
110.0 84.0 0.0
110.0 86.0 0.0
110.0 88.0 0.0
110.0 90.0 0.0
110.0 92.0 0.01720833715201566
110.0 94.0 0.09856308842605778
110.0 96.0 0.23095581178690702
110.0 98.0 0.3185236061997519
110.0 100.0 0.3639568056767975
110.0 102.0 0.35858304352221476
110.0 104.0 0.34544857455508343
110.0 106.0 0.3372581568518927
110.0 108.0 0.0
110.0 110.0 0.0
110.0 112.0 0.0
110.0 114.0 0.0
110.0 116.0 0.0
110.0 118.0 0.0
110.0 120.0 0.0
110.0 122.0 0.0
110.0 124.0 0.0
110.0 126.0 0.0
112.0 0.0 0.0
112.0 2.0 0.0
112.0 4.0 0.0
112.0 6.0 0.0
112.0 8.0 0.0
112.0 10.0 0.0
112.0 12.0 0.0
112.0 14.0 0.0
112.0 16.0 0.0
112.0 18.0 0.0
112.0 20.0 0.0
112.0 22.0 0.0
112.0 24.0 0.06432601017663342
112.0 26.0 0.0
112.0 28.0 0.0
112.0 30.0 0.0
112.0 32.0 0.0
112.0 34.0 0.0
112.0 36.0 0.0
112.0 38.0 0.0
112.0 40.0 0.0
112.0 42.0 0.024934258881559136
112.0 44.0 0.08664385123360607
112.0 46.0 0.1912802327644684
112.0 48.0 0.2827815610349729
112.0 50.0 0.3556606016716129
112.0 52.0 0.35620803068445084
112.0 54.0 0.32845594752927054
112.0 56.0 0.3331496559215122
112.0 58.0 0.3541239007379713
112.0 60.0 0.3391923893422793
112.0 62.0 0.29318392805700383
112.0 64.0 0.20193124561126355
112.0 66.0 0.07622701908011953
112.0 68.0 0.0
112.0 70.0 0.0
112.0 72.0 0.0
112.0 74.0 0.0
112.0 76.0 0.0
112.0 78.0 0.0
112.0 80.0 0.0
112.0 82.0 0.0
112.0 84.0 0.0
112.0 86.0 0.0
112.0 88.0 0.0
112.0 90.0 0.0
112.0 92.0 1.9243052066146799E-4
112.0 94.0 0.0812585570130336
112.0 96.0 0.20965391263863617
112.0 98.0 0.33914502072500424
112.0 100.0 0.399789910903881
112.0 102.0 0.4053575471257989
112.0 104.0 0.3729461480814667
112.0 106.0 0.0
112.0 108.0 0.0
112.0 110.0 0.0
112.0 112.0 0.0
112.0 114.0 0.0
112.0 116.0 0.0
112.0 118.0 0.0
112.0 120.0 0.0
112.0 122.0 0.0
112.0 124.0 0.0
112.0 126.0 0.0
114.0 0.0 0.0
114.0 2.0 0.0
114.0 4.0 0.0
114.0 6.0 0.0
114.0 8.0 0.0
114.0 10.0 0.0
114.0 12.0 0.0
114.0 14.0 0.0
114.0 16.0 0.0
114.0 18.0 0.0
114.0 20.0 0.0
114.0 22.0 0.0
114.0 24.0 0.0
114.0 26.0 0.05902994744625164
114.0 28.0 0.0
114.0 30.0 0.0
114.0 32.0 0.0
114.0 34.0 0.0
114.0 36.0 0.0
114.0 38.0 0.0
114.0 40.0 0.008225333607577549
114.0 42.0 0.04963741384347823
114.0 44.0 0.12798430834154567
114.0 46.0 0.22235757363100916
114.0 48.0 0.3069765462736658
114.0 50.0 0.3750112601858051
114.0 52.0 0.423425316424996
114.0 54.0 0.44332105827232665
114.0 56.0 0.43055765822737
114.0 58.0 0.40525850559682103
114.0 60.0 0.3345884405300008
114.0 62.0 0.26006910904831865
114.0 64.0 0.20422273471736574
114.0 66.0 0.09242329863285849
114.0 68.0 0.0
114.0 70.0 0.0
114.0 72.0 0.0
114.0 74.0 0.0
114.0 76.0 0.0
114.0 78.0 0.0
114.0 80.0 0.0
114.0 82.0 0.0
114.0 84.0 0.0
114.0 86.0 0.0
114.0 88.0 0.0
114.0 90.0 0.0
114.0 92.0 0.0
114.0 94.0 0.054864956783253205
114.0 96.0 0.18424646700851446
114.0 98.0 0.3386373026911052
114.0 100.0 0.40151949226249695
114.0 102.0 0.0
114.0 104.0 0.0
114.0 106.0 0.0
114.0 108.0 0.0
114.0 110.0 0.0
114.0 112.0 0.0
114.0 114.0 0.0
114.0 116.0 0.0
114.0 118.0 0.0
114.0 120.0 0.0
114.0 122.0 0.0
114.0 124.0 0.0
114.0 126.0 0.0
116.0 0.0 0.0
116.0 2.0 0.0
116.0 4.0 0.0
116.0 6.0 0.0
116.0 8.0 0.0
116.0 10.0 0.0
116.0 12.0 0.0
116.0 14.0 0.0
116.0 16.0 0.0
116.0 18.0 0.0
116.0 20.0 0.0
116.0 22.0 0.0
116.0 24.0 0.0
116.0 26.0 0.0
116.0 28.0 0.056680472816298004
116.0 30.0 0.0
116.0 32.0 0.0
116.0 34.0 0.0
116.0 36.0 0.0
116.0 38.0 0.0
116.0 40.0 0.017116201782668632
116.0 42.0 0.06317984082370103
116.0 44.0 0.14739391976715513
116.0 46.0 0.23652049519654297
116.0 48.0 0.31795270129042913
116.0 50.0 0.38452071548104166
116.0 52.0 0.43174613523989347
116.0 54.0 0.44846819581902136
116.0 56.0 0.43601019291312415
116.0 58.0 0.41022846400051444
116.0 60.0 0.3614093029113974
116.0 62.0 0.27573622548722126
116.0 64.0 0.18402325532228248
116.0 66.0 0.09915915306622276
116.0 68.0 0.002622057736771382
116.0 70.0 0.0
116.0 72.0 0.0
116.0 74.0 0.0
116.0 76.0 0.0
116.0 78.0 0.0
116.0 80.0 0.0
116.0 82.0 0.0
116.0 84.0 0.0
116.0 86.0 0.0
116.0 88.0 0.0
116.0 90.0 0.0
116.0 92.0 0.0
116.0 94.0 0.031599543986997325
116.0 96.0 0.15303011110295603
116.0 98.0 0.30356255305211355
116.0 100.0 0.0
116.0 102.0 0.0
116.0 104.0 0.0
116.0 106.0 0.0
116.0 108.0 0.0
116.0 110.0 0.0
116.0 112.0 0.0
116.0 114.0 0.0
116.0 116.0 0.0
116.0 118.0 0.0
116.0 120.0 0.0
116.0 122.0 0.0
116.0 124.0 0.0
116.0 126.0 0.0
118.0 0.0 0.0
118.0 2.0 0.0
118.0 4.0 0.0
118.0 6.0 0.0
118.0 8.0 0.0
118.0 10.0 0.0
118.0 12.0 0.0
118.0 14.0 0.0
118.0 16.0 0.0
118.0 18.0 0.0
118.0 20.0 0.0
118.0 22.0 0.0
118.0 24.0 0.0
118.0 26.0 0.0
118.0 28.0 0.0
118.0 30.0 0.0
118.0 32.0 0.028836325942013744
118.0 34.0 0.0
118.0 36.0 0.0
118.0 38.0 0.0
118.0 40.0 0.01460751619572861
118.0 42.0 0.06685527351075932
118.0 44.0 0.1552586089611838
118.0 46.0 0.2352475475283918
118.0 48.0 0.3122483752662491
118.0 50.0 0.3821215606739707
118.0 52.0 0.43488739285209066
118.0 54.0 0.4530293773208412
118.0 56.0 0.44147945335762867
118.0 58.0 0.41556135572079994
118.0 60.0 0.366026754740106
118.0 62.0 0.28152619566456105
118.0 64.0 0.17439089752062378
118.0 66.0 0.08248638753285957
118.0 68.0 0.0035916328337865133
118.0 70.0 0.0
118.0 72.0 0.0
118.0 74.0 0.0
118.0 76.0 0.0
118.0 78.0 0.0
118.0 80.0 0.0
118.0 82.0 0.0
118.0 84.0 0.0
118.0 86.0 0.0
118.0 88.0 0.0
118.0 90.0 0.0
118.0 92.0 0.0
118.0 94.0 0.021119702244118143
118.0 96.0 0.12002619038390465
118.0 98.0 0.0
118.0 100.0 0.0
118.0 102.0 0.0
118.0 104.0 0.0
118.0 106.0 0.0
118.0 108.0 0.0
118.0 110.0 0.0
118.0 112.0 0.0
118.0 114.0 0.0
118.0 116.0 0.0
118.0 118.0 0.0
118.0 120.0 0.0
118.0 122.0 0.0
118.0 124.0 0.0
118.0 126.0 0.0
120.0 0.0 0.0
120.0 2.0 0.0
120.0 4.0 0.0
120.0 6.0 0.0
120.0 8.0 0.0
120.0 10.0 0.0
120.0 12.0 0.0
120.0 14.0 0.0
120.0 16.0 0.0
120.0 18.0 0.0
120.0 20.0 0.0
120.0 22.0 0.0
120.0 24.0 0.0
120.0 26.0 0.0
120.0 28.0 0.0
120.0 30.0 0.0
120.0 32.0 0.0
120.0 34.0 0.0
120.0 36.0 0.013387531997664735
120.0 38.0 0.0
120.0 40.0 0.0
120.0 42.0 0.03655443931432433
120.0 44.0 0.1152355150697393
120.0 46.0 0.21173978763784096
120.0 48.0 0.2942310155077424
120.0 50.0 0.36785852865289465
120.0 52.0 0.4271031141156509
120.0 54.0 0.45074698137141467
120.0 56.0 0.4402441013395441
120.0 58.0 0.4131006719620971
120.0 60.0 0.36231491601040605
120.0 62.0 0.2746650612511174
120.0 64.0 0.15976942159808286
120.0 66.0 0.07062378651531469
120.0 68.0 0.0034062139158356763
120.0 70.0 0.0
120.0 72.0 0.0
120.0 74.0 0.0
120.0 76.0 0.0
120.0 78.0 0.0
120.0 80.0 0.0
120.0 82.0 0.0
120.0 84.0 0.0
120.0 86.0 0.0
120.0 88.0 0.0
120.0 90.0 0.0
120.0 92.0 0.0
120.0 94.0 0.0
120.0 96.0 0.0
120.0 98.0 0.0
120.0 100.0 0.0
120.0 102.0 0.0
120.0 104.0 0.0
120.0 106.0 0.0
120.0 108.0 0.0
120.0 110.0 0.0
120.0 112.0 0.0
120.0 114.0 0.0
120.0 116.0 0.0
120.0 118.0 0.0
120.0 120.0 0.0
120.0 122.0 0.0
120.0 124.0 0.0
120.0 126.0 0.0
122.0 0.0 0.0
122.0 2.0 0.0
122.0 4.0 0.0
122.0 6.0 0.0
122.0 8.0 0.0
122.0 10.0 0.0
122.0 12.0 0.0
122.0 14.0 0.0
122.0 16.0 0.0
122.0 18.0 0.0
122.0 20.0 0.0
122.0 22.0 0.0
122.0 24.0 0.0
122.0 26.0 0.0
122.0 28.0 0.0
122.0 30.0 0.0
122.0 32.0 0.0
122.0 34.0 0.0
122.0 36.0 0.0
122.0 38.0 0.0
122.0 40.0 0.0
122.0 42.0 0.0021976398246186827
122.0 44.0 0.03900217939331924
122.0 46.0 0.12345309204119427
122.0 48.0 0.21264146819661067
122.0 50.0 0.3375892731775912
122.0 52.0 0.4022372673782934
122.0 54.0 0.4363779384692854
122.0 56.0 0.43099765717983857
122.0 58.0 0.4011671875780544
122.0 60.0 0.3504407520321875
122.0 62.0 0.262916889211014
122.0 64.0 0.14548165831081258
122.0 66.0 0.05551389663815928
122.0 68.0 0.0
122.0 70.0 0.0
122.0 72.0 0.0
122.0 74.0 0.0
122.0 76.0 0.0
122.0 78.0 0.0
122.0 80.0 0.0
122.0 82.0 0.0
122.0 84.0 0.0
122.0 86.0 0.0
122.0 88.0 0.0
122.0 90.0 0.0
122.0 92.0 0.0
122.0 94.0 0.0
122.0 96.0 0.0
122.0 98.0 0.0
122.0 100.0 0.0
122.0 102.0 0.0
122.0 104.0 0.0
122.0 106.0 0.0
122.0 108.0 0.0
122.0 110.0 0.0
122.0 112.0 0.0
122.0 114.0 0.0
122.0 116.0 0.0
122.0 118.0 0.0
122.0 120.0 0.0
122.0 122.0 0.0
122.0 124.0 0.0
122.0 126.0 0.0
124.0 0.0 0.0
124.0 2.0 0.0
124.0 4.0 0.0
124.0 6.0 0.0
124.0 8.0 0.0
124.0 10.0 0.0
124.0 12.0 0.0
124.0 14.0 0.0
124.0 16.0 0.0
124.0 18.0 0.0
124.0 20.0 0.0
124.0 22.0 0.0
124.0 24.0 0.0
124.0 26.0 0.0
124.0 28.0 0.0
124.0 30.0 0.0
124.0 32.0 0.0
124.0 34.0 0.0
124.0 36.0 0.0
124.0 38.0 0.0
124.0 40.0 0.0
124.0 42.0 0.0
124.0 44.0 0.0
124.0 46.0 0.0
124.0 48.0 0.028712210091143445
124.0 50.0 0.13033596122717192
124.0 52.0 0.2518510873404572
124.0 54.0 0.3477043498697492
124.0 56.0 0.3821478922099899
124.0 58.0 0.36943207323856525
124.0 60.0 0.3307229574253086
124.0 62.0 0.2562706852474378
124.0 64.0 0.14577754171019672
124.0 66.0 0.05422816927675114
124.0 68.0 0.0
124.0 70.0 0.0
124.0 72.0 0.0
124.0 74.0 0.0
124.0 76.0 0.0
124.0 78.0 0.0
124.0 80.0 0.0
124.0 82.0 0.0
124.0 84.0 0.0
124.0 86.0 0.0
124.0 88.0 0.0
124.0 90.0 0.0
124.0 92.0 0.0
124.0 94.0 0.0
124.0 96.0 0.0
124.0 98.0 0.0
124.0 100.0 0.0
124.0 102.0 0.0
124.0 104.0 0.0
124.0 106.0 0.0
124.0 108.0 0.0
124.0 110.0 0.0
124.0 112.0 0.0
124.0 114.0 0.0
124.0 116.0 0.0
124.0 118.0 0.0
124.0 120.0 0.0
124.0 122.0 0.0
124.0 124.0 0.0
124.0 126.0 0.0
126.0 0.0 0.0
126.0 2.0 0.0
126.0 4.0 0.0
126.0 6.0 0.0
126.0 8.0 0.0
126.0 10.0 0.0
126.0 12.0 0.0
126.0 14.0 0.0
126.0 16.0 0.0
126.0 18.0 0.0
126.0 20.0 0.0
126.0 22.0 0.0
126.0 24.0 0.0
126.0 26.0 0.0
126.0 28.0 0.0
126.0 30.0 0.0
126.0 32.0 0.0
126.0 34.0 0.0
126.0 36.0 0.0
126.0 38.0 0.0
126.0 40.0 0.0
126.0 42.0 0.0
126.0 44.0 0.0
126.0 46.0 0.0
126.0 48.0 0.0
126.0 50.0 0.0
126.0 52.0 0.0
126.0 54.0 0.0
126.0 56.0 0.051169741892825554
126.0 58.0 0.16050889035257798
126.0 60.0 0.23585503766970609
126.0 62.0 0.2498273549285701
126.0 64.0 0.21875359711632691
126.0 66.0 0.11879461772359153
126.0 68.0 0.023743164440036883
126.0 70.0 0.0
126.0 72.0 0.0
126.0 74.0 0.0
126.0 76.0 0.0
126.0 78.0 0.0
126.0 80.0 0.0
126.0 82.0 0.0
126.0 84.0 0.0
126.0 86.0 0.0
126.0 88.0 0.0
126.0 90.0 0.0
126.0 92.0 0.0
126.0 94.0 0.0
126.0 96.0 0.0
126.0 98.0 0.0
126.0 100.0 0.0
126.0 102.0 0.0
126.0 104.0 0.0
126.0 106.0 0.0
126.0 108.0 0.0
126.0 110.0 0.0
126.0 112.0 0.0
126.0 114.0 0.0
126.0 116.0 0.0
126.0 118.0 0.0
126.0 120.0 0.0
126.0 122.0 0.0
126.0 124.0 0.0
126.0 126.0 0.0
