0.0 0.0 0.0
0.0 2.0 0.0
0.0 4.0 0.0
0.0 6.0 0.0
0.0 8.0 0.0
0.0 10.0 0.0
0.0 12.0 0.0
0.0 14.0 0.0
0.0 16.0 0.0
0.0 18.0 0.0
0.0 20.0 0.0
0.0 22.0 0.0
0.0 24.0 0.0
0.0 26.0 0.0
0.0 28.0 0.0
0.0 30.0 0.0
0.0 32.0 0.0
0.0 34.0 0.0
0.0 36.0 0.0
0.0 38.0 0.0
0.0 40.0 0.0
0.0 42.0 0.0
0.0 44.0 0.0
0.0 46.0 0.0
0.0 48.0 0.0
0.0 50.0 0.0
0.0 52.0 0.0
0.0 54.0 0.0
0.0 56.0 0.0
0.0 58.0 0.0
0.0 60.0 0.0
0.0 62.0 0.0
0.0 64.0 0.0
0.0 66.0 0.0
0.0 68.0 0.0
0.0 70.0 0.0
0.0 72.0 0.0
0.0 74.0 0.0
0.0 76.0 0.0
0.0 78.0 0.0
0.0 80.0 0.0
0.0 82.0 0.0
0.0 84.0 0.0
0.0 86.0 0.0
0.0 88.0 0.0
0.0 90.0 0.0
0.0 92.0 0.0
0.0 94.0 0.0
0.0 96.0 0.0
0.0 98.0 0.0
0.0 100.0 0.0
0.0 102.0 0.0
0.0 104.0 0.0
0.0 106.0 0.0
0.0 108.0 0.0
0.0 110.0 0.0
0.0 112.0 0.0
0.0 114.0 0.0
0.0 116.0 0.0
0.0 118.0 0.0
0.0 120.0 0.0
0.0 122.0 0.0
0.0 124.0 0.0
0.0 126.0 0.0
2.0 0.0 0.0
2.0 2.0 0.0
2.0 4.0 0.0
2.0 6.0 0.0
2.0 8.0 0.0
2.0 10.0 0.0
2.0 12.0 0.0
2.0 14.0 0.0
2.0 16.0 0.0
2.0 18.0 0.0
2.0 20.0 0.0
2.0 22.0 0.0
2.0 24.0 0.0
2.0 26.0 0.0
2.0 28.0 0.0
2.0 30.0 0.0
2.0 32.0 0.0
2.0 34.0 0.0
2.0 36.0 0.0
2.0 38.0 0.0
2.0 40.0 0.0
2.0 42.0 0.0
2.0 44.0 0.0
2.0 46.0 0.0
2.0 48.0 0.023828720530128536
2.0 50.0 0.002145938997743874
2.0 52.0 0.0
2.0 54.0 0.0
2.0 56.0 0.0
2.0 58.0 0.0
2.0 60.0 0.0
2.0 62.0 0.0
2.0 64.0 0.0
2.0 66.0 0.0
2.0 68.0 0.02333860779463903
2.0 70.0 0.09646072628076581
2.0 72.0 0.15841768952281612
2.0 74.0 0.21622522371908773
2.0 76.0 0.2550903554601666
2.0 78.0 0.2575613518113918
2.0 80.0 0.0
2.0 82.0 0.0
2.0 84.0 0.0
2.0 86.0 0.0
2.0 88.0 0.0
2.0 90.0 0.0
2.0 92.0 0.0
2.0 94.0 0.0
2.0 96.0 0.0
2.0 98.0 0.0
2.0 100.0 0.0
2.0 102.0 0.0
2.0 104.0 0.0
2.0 106.0 0.0
2.0 108.0 0.0
2.0 110.0 0.0
2.0 112.0 0.0
2.0 114.0 0.0
2.0 116.0 0.0
2.0 118.0 0.0
2.0 120.0 0.0
2.0 122.0 0.0
2.0 124.0 0.0
2.0 126.0 0.0
4.0 0.0 0.0
4.0 2.0 0.0
4.0 4.0 0.0
4.0 6.0 0.0
4.0 8.0 0.0
4.0 10.0 0.0
4.0 12.0 0.0
4.0 14.0 0.0
4.0 16.0 0.0
4.0 18.0 0.0
4.0 20.0 0.0
4.0 22.0 0.0
4.0 24.0 0.0
4.0 26.0 0.0
4.0 28.0 0.0
4.0 30.0 0.0
4.0 32.0 0.0
4.0 34.0 0.0
4.0 36.0 0.0
4.0 38.0 0.0
4.0 40.0 0.0
4.0 42.0 0.22712955747182717
4.0 44.0 0.12257120904510473
4.0 46.0 0.06533874468114927
4.0 48.0 0.02181352100900122
4.0 50.0 7.063585105136412E-4
4.0 52.0 0.0
4.0 54.0 0.0
4.0 56.0 0.0
4.0 58.0 0.0
4.0 60.0 0.0
4.0 62.0 0.0
4.0 64.0 0.0
4.0 66.0 0.0
4.0 68.0 0.02016186936622266
4.0 70.0 0.08005216210074859
4.0 72.0 0.13502581605393124
4.0 74.0 0.19667685478081845
4.0 76.0 0.23706458204886374
4.0 78.0 0.2413536216102874
4.0 80.0 0.2127954820794522
4.0 82.0 0.19656118236473927
4.0 84.0 0.1406820128373711
4.0 86.0 0.0
4.0 88.0 0.0
4.0 90.0 0.0
4.0 92.0 0.0
4.0 94.0 0.0
4.0 96.0 0.0
4.0 98.0 0.0
4.0 100.0 0.0
4.0 102.0 0.0
4.0 104.0 0.0
4.0 106.0 0.0
4.0 108.0 0.0
4.0 110.0 0.0
4.0 112.0 0.0
4.0 114.0 0.0
4.0 116.0 0.0
4.0 118.0 0.0
4.0 120.0 0.0
4.0 122.0 0.0
4.0 124.0 0.0
4.0 126.0 0.0
6.0 0.0 0.0
6.0 2.0 0.0
6.0 4.0 0.0
6.0 6.0 0.0
6.0 8.0 0.0
6.0 10.0 0.0
6.0 12.0 0.0
6.0 14.0 0.0
6.0 16.0 0.0
6.0 18.0 0.0
6.0 20.0 0.0
6.0 22.0 0.0
6.0 24.0 0.0
6.0 26.0 0.0
6.0 28.0 0.0
6.0 30.0 0.0
6.0 32.0 0.0
6.0 34.0 0.0
6.0 36.0 0.0
6.0 38.0 0.023473312590205037
6.0 40.0 0.015408915188352463
6.0 42.0 0.04591953989434169
6.0 44.0 0.06718950631410539
6.0 46.0 0.04317910401518197
6.0 48.0 0.005412199179946883
6.0 50.0 0.0
6.0 52.0 0.0
6.0 54.0 0.0
6.0 56.0 0.0
6.0 58.0 0.0
6.0 60.0 0.0
6.0 62.0 0.0
6.0 64.0 0.0
6.0 66.0 0.0
6.0 68.0 0.020166973299487616
6.0 70.0 0.07462092593382215
6.0 72.0 0.11626282011549567
6.0 74.0 0.17701553290491848
6.0 76.0 0.2196712208264812
6.0 78.0 0.22635082573126378
6.0 80.0 0.1986237432832684
6.0 82.0 0.17883882145926133
6.0 84.0 0.1380971526230124
6.0 86.0 0.022955146550765596
6.0 88.0 0.0
6.0 90.0 0.0
6.0 92.0 0.0
6.0 94.0 0.0
6.0 96.0 0.0
6.0 98.0 0.0
6.0 100.0 0.0
6.0 102.0 0.0
6.0 104.0 0.0
6.0 106.0 0.0
6.0 108.0 0.0
6.0 110.0 0.0
6.0 112.0 0.0
6.0 114.0 0.0
6.0 116.0 0.0
6.0 118.0 0.0
6.0 120.0 0.0
6.0 122.0 0.0
6.0 124.0 0.0
6.0 126.0 0.0
8.0 0.0 0.0
8.0 2.0 0.0
8.0 4.0 0.0
8.0 6.0 0.0
8.0 8.0 0.0
8.0 10.0 0.0
8.0 12.0 0.0
8.0 14.0 0.0
8.0 16.0 0.0
8.0 18.0 0.0
8.0 20.0 0.0
8.0 22.0 0.0
8.0 24.0 0.0
8.0 26.0 0.0
8.0 28.0 0.0
8.0 30.0 0.0
8.0 32.0 0.0
8.0 34.0 0.0
8.0 36.0 0.0
8.0 38.0 0.06136958876457115
8.0 40.0 0.14218819697863497
8.0 42.0 0.1611694093631724
8.0 44.0 0.13495388971596686
8.0 46.0 0.08392216999438251
8.0 48.0 0.010604953542661425
8.0 50.0 0.0
8.0 52.0 0.0
8.0 54.0 0.0
8.0 56.0 0.0
8.0 58.0 0.0
8.0 60.0 0.0
8.0 62.0 0.0
8.0 64.0 0.0
8.0 66.0 0.0
8.0 68.0 0.021285664382997675
8.0 70.0 0.06404743012128229
8.0 72.0 0.10381458974963977
8.0 74.0 0.1554832955865119
8.0 76.0 0.1932537607279137
8.0 78.0 0.20259087307045395
8.0 80.0 0.1761676890135027
8.0 82.0 0.15398628969494663
8.0 84.0 0.12697077259565553
8.0 86.0 0.03195172542212451
8.0 88.0 0.0
8.0 90.0 0.0
8.0 92.0 0.0
8.0 94.0 0.0
8.0 96.0 0.0
8.0 98.0 0.0
8.0 100.0 0.0
8.0 102.0 0.0
8.0 104.0 0.0
8.0 106.0 0.0
8.0 108.0 0.0
8.0 110.0 0.0
8.0 112.0 0.0
8.0 114.0 0.0
8.0 116.0 0.0
8.0 118.0 0.0
8.0 120.0 0.0
8.0 122.0 0.0
8.0 124.0 0.0
8.0 126.0 0.0
10.0 0.0 0.0
10.0 2.0 0.0
10.0 4.0 0.0
10.0 6.0 0.0
10.0 8.0 0.0
10.0 10.0 0.0
10.0 12.0 0.0
10.0 14.0 0.0
10.0 16.0 0.0
10.0 18.0 0.0
10.0 20.0 0.0
10.0 22.0 0.0
10.0 24.0 0.0
10.0 26.0 0.0
10.0 28.0 0.0
10.0 30.0 0.0
10.0 32.0 0.0
10.0 34.0 0.047255344398787764
10.0 36.0 0.1692601206026049
10.0 38.0 0.23203858185800394
10.0 40.0 0.25923397214859506
10.0 42.0 0.22907094392889726
10.0 44.0 0.14911993148480182
10.0 46.0 0.09677492436408063
10.0 48.0 0.016316578041449353
10.0 50.0 0.0
10.0 52.0 0.0
10.0 54.0 0.0
10.0 56.0 0.0
10.0 58.0 0.0
10.0 60.0 0.0
10.0 62.0 0.0
10.0 64.0 0.0
10.0 66.0 0.0
10.0 68.0 0.016582152638481538
10.0 70.0 0.0537669896709077
10.0 72.0 0.0894035985198518
10.0 74.0 0.13322529730865865
10.0 76.0 0.15444914506197602
10.0 78.0 0.16713668213505528
10.0 80.0 0.14591918303256649
10.0 82.0 0.1340861836174647
10.0 84.0 0.11255794513954953
10.0 86.0 0.04340361717235521
10.0 88.0 0.0022894024459113103
10.0 90.0 0.0
10.0 92.0 0.0
10.0 94.0 0.0
10.0 96.0 0.0
10.0 98.0 0.0
10.0 100.0 0.0
10.0 102.0 0.0
10.0 104.0 0.0
10.0 106.0 0.0
10.0 108.0 0.0
10.0 110.0 0.0
10.0 112.0 0.0
10.0 114.0 0.0
10.0 116.0 0.0
10.0 118.0 0.0
10.0 120.0 0.0
10.0 122.0 0.0
10.0 124.0 0.0
10.0 126.0 0.0
12.0 0.0 0.0
12.0 2.0 0.0
12.0 4.0 0.0
12.0 6.0 0.0
12.0 8.0 0.0
12.0 10.0 0.0
12.0 12.0 0.0
12.0 14.0 0.0
12.0 16.0 0.0
12.0 18.0 0.0
12.0 20.0 0.0
12.0 22.0 0.0
12.0 24.0 0.0
12.0 26.0 0.0
12.0 28.0 0.0
12.0 30.0 0.0
12.0 32.0 0.03057899257557409
12.0 34.0 0.15280969988741777
12.0 36.0 0.2304560898341527
12.0 38.0 0.27408755687188585
12.0 40.0 0.25302207559138795
12.0 42.0 0.18131660982750922
12.0 44.0 0.1372806401171015
12.0 46.0 0.09025339087966823
12.0 48.0 0.013365175386299609
12.0 50.0 0.0
12.0 52.0 0.0
12.0 54.0 0.0
12.0 56.0 0.0
12.0 58.0 0.0
12.0 60.0 0.0
12.0 62.0 0.0
12.0 64.0 0.0
12.0 66.0 0.0
12.0 68.0 0.010878260932571618
12.0 70.0 0.040524212008308455
12.0 72.0 0.07168397412353475
12.0 74.0 0.09852773915716928
12.0 76.0 0.1260009823452957
12.0 78.0 0.14155550534614159
12.0 80.0 0.12416717549637564
12.0 82.0 0.10728934756841534
12.0 84.0 0.0913808936813823
12.0 86.0 0.05498621304144539
12.0 88.0 0.0021632987389265386
12.0 90.0 0.0
12.0 92.0 0.0
12.0 94.0 0.0
12.0 96.0 0.0
12.0 98.0 0.0
12.0 100.0 0.0
12.0 102.0 0.0
12.0 104.0 0.0
12.0 106.0 0.0
12.0 108.0 0.0
12.0 110.0 0.0
12.0 112.0 0.0
12.0 114.0 0.0
12.0 116.0 0.0
12.0 118.0 0.0
12.0 120.0 0.0
12.0 122.0 0.0
12.0 124.0 0.0
12.0 126.0 0.0
14.0 0.0 0.0
14.0 2.0 0.0
14.0 4.0 0.0
14.0 6.0 0.0
14.0 8.0 0.0
14.0 10.0 0.0
14.0 12.0 0.0
14.0 14.0 0.0
14.0 16.0 0.0
14.0 18.0 0.0
14.0 20.0 0.0
14.0 22.0 0.0
14.0 24.0 0.0
14.0 26.0 0.0
14.0 28.0 0.002750230273561361
14.0 30.0 0.06640852699515766
14.0 32.0 0.15770087129266838
14.0 34.0 0.23399061109359512
14.0 36.0 0.27473356735133486
14.0 38.0 0.25441497869618296
14.0 40.0 0.20947612838072835
14.0 42.0 0.1407023777530802
14.0 44.0 0.12943872506213652
14.0 46.0 0.06656646758192658
14.0 48.0 0.006049554901265017
14.0 50.0 0.0
14.0 52.0 0.0
14.0 54.0 0.0
14.0 56.0 0.0
14.0 58.0 0.0
14.0 60.0 0.0
14.0 62.0 0.0
14.0 64.0 0.0
14.0 66.0 0.0
14.0 68.0 0.0040353413540203656
14.0 70.0 0.0332338313565
14.0 72.0 0.051108493336244176
14.0 74.0 0.08432144447482832
14.0 76.0 0.10332066570952925
14.0 78.0 0.1156346606348043
14.0 80.0 0.10548917769641047
14.0 82.0 0.08455949142472492
14.0 84.0 0.07923330368009197
14.0 86.0 0.053672264839484056
14.0 88.0 0.003977300989673179
14.0 90.0 0.0
14.0 92.0 0.0
14.0 94.0 0.0
14.0 96.0 0.0
14.0 98.0 0.0
14.0 100.0 0.0
14.0 102.0 0.0
14.0 104.0 0.0
14.0 106.0 0.0
14.0 108.0 0.0
14.0 110.0 0.0
14.0 112.0 0.0
14.0 114.0 0.0
14.0 116.0 0.0
14.0 118.0 0.0
14.0 120.0 0.0
14.0 122.0 0.0
14.0 124.0 0.0
14.0 126.0 0.0
16.0 0.0 0.0
16.0 2.0 0.0
16.0 4.0 0.0
16.0 6.0 0.0
16.0 8.0 0.0
16.0 10.0 0.0
16.0 12.0 0.0
16.0 14.0 0.0
16.0 16.0 0.0
16.0 18.0 0.0
16.0 20.0 0.0
16.0 22.0 0.0
16.0 24.0 0.004695689499730119
16.0 26.0 0.005608521544424961
16.0 28.0 0.025272659760147215
16.0 30.0 0.07891611333590291
16.0 32.0 0.15217147331779837
16.0 34.0 0.19463253428383517
16.0 36.0 0.22766355061467414
16.0 38.0 0.20165036151683968
16.0 40.0 0.14583371847103663
16.0 42.0 0.14179674651707316
16.0 44.0 0.09842998015574626
16.0 46.0 0.08736835544816245
16.0 48.0 0.016705864101575468
16.0 50.0 0.0
16.0 52.0 0.0
16.0 54.0 0.0
16.0 56.0 0.0
16.0 58.0 0.0
16.0 60.0 0.0
16.0 62.0 0.0
16.0 64.0 0.0
16.0 66.0 0.0
16.0 68.0 0.0
16.0 70.0 0.018403418755152806
16.0 72.0 0.031654812700869873
16.0 74.0 0.06537702686342928
16.0 76.0 0.0960477299786826
16.0 78.0 0.10278464198085156
16.0 80.0 0.09976689845301318
16.0 82.0 0.07529949998189156
16.0 84.0 0.05677837998923949
16.0 86.0 0.04861901056073798
16.0 88.0 0.012717196645588354
16.0 90.0 0.0
16.0 92.0 0.0
16.0 94.0 0.0
16.0 96.0 0.0
16.0 98.0 0.0
16.0 100.0 0.0
16.0 102.0 0.0
16.0 104.0 0.0018058855957290277
16.0 106.0 0.0
16.0 108.0 0.0
16.0 110.0 0.0
16.0 112.0 0.0
16.0 114.0 0.0
16.0 116.0 0.0
16.0 118.0 0.0
16.0 120.0 0.0
16.0 122.0 0.0
16.0 124.0 0.0
16.0 126.0 0.0
18.0 0.0 0.0
18.0 2.0 0.0
18.0 4.0 0.0
18.0 6.0 0.0
18.0 8.0 0.0
18.0 10.0 0.0
18.0 12.0 0.0
18.0 14.0 0.0
18.0 16.0 0.0
18.0 18.0 0.0
18.0 20.0 0.0418710697696938
18.0 22.0 0.010452709751942341
18.0 24.0 3.71967077761922E-5
18.0 26.0 0.0
18.0 28.0 0.003590855085393691
18.0 30.0 0.008396739200853235
18.0 32.0 0.062175015055803674
18.0 34.0 0.12823535747454443
18.0 36.0 0.17211511963616022
18.0 38.0 0.1723961099180943
18.0 40.0 0.1290691006657387
18.0 42.0 0.13290340367028383
18.0 44.0 0.11344981247095605
18.0 46.0 0.07157648369460291
18.0 48.0 0.014830974854134359
18.0 50.0 0.0
18.0 52.0 0.0
18.0 54.0 0.0
18.0 56.0 0.0
18.0 58.0 0.0
18.0 60.0 0.0
18.0 62.0 0.0
18.0 64.0 0.0
18.0 66.0 0.0
18.0 68.0 0.0
18.0 70.0 0.00527284688436358
18.0 72.0 0.016700775957480544
18.0 74.0 0.05535963572736886
18.0 76.0 0.08906459584880755
18.0 78.0 0.09566535031171032
18.0 80.0 0.09609160466463922
18.0 82.0 0.08157947655598334
18.0 84.0 0.05101395320155782
18.0 86.0 0.03714860474987286
18.0 88.0 0.018151835636898116
18.0 90.0 0.0
18.0 92.0 0.0
18.0 94.0 0.0
18.0 96.0 0.0
18.0 98.0 0.0
18.0 100.0 0.0
18.0 102.0 0.0
18.0 104.0 0.02842135644197258
18.0 106.0 0.12190106679005204
18.0 108.0 0.0
18.0 110.0 0.0
18.0 112.0 0.0
18.0 114.0 0.0
18.0 116.0 0.0
18.0 118.0 0.0
18.0 120.0 0.0
18.0 122.0 0.0
18.0 124.0 0.0
18.0 126.0 0.0
20.0 0.0 0.0
20.0 2.0 0.0
20.0 4.0 0.0
20.0 6.0 0.0
20.0 8.0 0.0
20.0 10.0 0.0
20.0 12.0 0.0
20.0 14.0 0.0
20.0 16.0 0.0
20.0 18.0 0.11684797976055289
20.0 20.0 0.0
20.0 22.0 0.0
20.0 24.0 0.0
20.0 26.0 0.0
20.0 28.0 0.0
20.0 30.0 0.0
20.0 32.0 0.0
20.0 34.0 0.07198287360455258
20.0 36.0 0.1314095543739387
20.0 38.0 0.15502312119422237
20.0 40.0 0.12753856163474625
20.0 42.0 0.13198236193594753
20.0 44.0 0.1261323228648639
20.0 46.0 0.09677699958036327
20.0 48.0 0.022343836598239186
20.0 50.0 0.0
20.0 52.0 0.0
20.0 54.0 0.0
20.0 56.0 0.0
20.0 58.0 0.0
20.0 60.0 0.0
20.0 62.0 0.0
20.0 64.0 0.0
20.0 66.0 0.0
20.0 68.0 0.0
20.0 70.0 0.0
20.0 72.0 0.002721161127895269
20.0 74.0 0.023519775762496045
20.0 76.0 0.06135764574573721
20.0 78.0 0.0882758760464311
20.0 80.0 0.08510522089303012
20.0 82.0 0.07423412526833094
20.0 84.0 0.05366587281195745
20.0 86.0 0.029247546783863414
20.0 88.0 0.019236795977312635
20.0 90.0 2.9335280204368476E-5
20.0 92.0 0.0
20.0 94.0 0.0
20.0 96.0 0.0
20.0 98.0 0.0
20.0 100.0 0.0
20.0 102.0 0.004743824461243011
20.0 104.0 0.0769804940944995
20.0 106.0 0.19675159934400077
20.0 108.0 0.31521080773873084
20.0 110.0 0.0
20.0 112.0 0.0
20.0 114.0 0.0
20.0 116.0 0.0
20.0 118.0 0.0
20.0 120.0 0.0
20.0 122.0 0.0
20.0 124.0 0.0
20.0 126.0 0.0
22.0 0.0 0.0
22.0 2.0 0.0
22.0 4.0 0.0
22.0 6.0 0.0
22.0 8.0 0.0
22.0 10.0 0.0
22.0 12.0 0.0
22.0 14.0 0.0
22.0 16.0 0.13333077525732137
22.0 18.0 0.0
22.0 20.0 0.0
22.0 22.0 0.0
22.0 24.0 0.0
22.0 26.0 0.0
22.0 28.0 0.0
22.0 30.0 0.0
22.0 32.0 0.0
22.0 34.0 0.018688177482472573
22.0 36.0 0.08949062485898311
22.0 38.0 0.11709246895264218
22.0 40.0 0.13593150693137784
22.0 42.0 0.12776480082127015
22.0 44.0 0.11466294261831177
22.0 46.0 0.09874353350032672
22.0 48.0 0.07022380350544537
22.0 50.0 0.011236434379826325
22.0 52.0 0.0011896156302447967
22.0 54.0 0.01398163208798752
22.0 56.0 0.0
22.0 58.0 0.0
22.0 60.0 0.0
22.0 62.0 0.0
22.0 64.0 0.0
22.0 66.0 0.0
22.0 68.0 0.0
22.0 70.0 0.0
22.0 72.0 0.0
22.0 74.0 8.059027231050609E-4
22.0 76.0 0.020367817023781553
22.0 78.0 0.049920862099621925
22.0 80.0 0.06529479617942062
22.0 82.0 0.06396710047871698
22.0 84.0 0.05149902677640981
22.0 86.0 0.03281307386022873
22.0 88.0 0.022414847217413335
22.0 90.0 0.004041661502408206
22.0 92.0 0.0
22.0 94.0 0.0
22.0 96.0 0.0
22.0 98.0 0.0
22.0 100.0 0.006004113893707426
22.0 102.0 0.0687543576911425
22.0 104.0 0.14770360486905898
22.0 106.0 0.26104136719038745
22.0 108.0 0.37300119543578236
22.0 110.0 0.4568414665094678
22.0 112.0 0.0
22.0 114.0 0.0
22.0 116.0 0.0
22.0 118.0 0.0
22.0 120.0 0.0
22.0 122.0 0.0
22.0 124.0 0.0
22.0 126.0 0.0
24.0 0.0 0.0
24.0 2.0 0.0
24.0 4.0 0.0
24.0 6.0 0.0
24.0 8.0 0.0
24.0 10.0 0.0
24.0 12.0 0.0
24.0 14.0 0.08959452572480624
24.0 16.0 0.0
24.0 18.0 0.0
24.0 20.0 0.0
24.0 22.0 0.0
24.0 24.0 0.0
24.0 26.0 0.0
24.0 28.0 0.0
24.0 30.0 0.0
24.0 32.0 0.0
24.0 34.0 0.0
24.0 36.0 0.030839122843125122
24.0 38.0 0.07787133456298571
24.0 40.0 0.09032059029950067
24.0 42.0 0.10541019278490914
24.0 44.0 0.12169492538157085
24.0 46.0 0.12847641404058396
24.0 48.0 0.12194346609998737
24.0 50.0 0.09999218559280149
24.0 52.0 0.08316304881700433
24.0 54.0 0.10081342745862269
24.0 56.0 0.060675173267920816
24.0 58.0 0.004444775164516592
24.0 60.0 0.0
24.0 62.0 0.0
24.0 64.0 0.0
24.0 66.0 0.0
24.0 68.0 0.0
24.0 70.0 0.0
24.0 72.0 0.0
24.0 74.0 0.0
24.0 76.0 0.0
24.0 78.0 0.008375077574504857
24.0 80.0 0.020009407188959827
24.0 82.0 0.026964667451826796
24.0 84.0 0.02622138604280105
24.0 86.0 0.019827652110799083
24.0 88.0 0.014347450707539148
24.0 90.0 0.010901184819132997
24.0 92.0 6.897560558567463E-4
24.0 94.0 0.0
24.0 96.0 0.0
24.0 98.0 0.012493075591742493
24.0 100.0 0.08004659544383287
24.0 102.0 0.16540423917594474
24.0 104.0 0.23844951340802564
24.0 106.0 0.3136238104778644
24.0 108.0 0.42626324539370297
24.0 110.0 0.46491018667646394
24.0 112.0 0.3352915377205075
24.0 114.0 0.0
24.0 116.0 0.0
24.0 118.0 0.0
24.0 120.0 0.0
24.0 122.0 0.0
24.0 124.0 0.0
24.0 126.0 0.0
26.0 0.0 0.0
26.0 2.0 0.0
26.0 4.0 0.0
26.0 6.0 0.0
26.0 8.0 0.0
26.0 10.0 0.0
26.0 12.0 0.0
26.0 14.0 0.021865281767887244
26.0 16.0 0.0
26.0 18.0 0.0
26.0 20.0 0.0
26.0 22.0 0.0
26.0 24.0 0.0
26.0 26.0 0.0
26.0 28.0 0.0
26.0 30.0 0.0
26.0 32.0 0.0
26.0 34.0 0.0
26.0 36.0 0.0
26.0 38.0 0.01914931814039309
26.0 40.0 0.053250167379890356
26.0 42.0 0.08004370851673244
26.0 44.0 0.10804247276000602
26.0 46.0 0.13782341717933164
26.0 48.0 0.1670522961140413
26.0 50.0 0.18048786070258227
26.0 52.0 0.186810391667836
26.0 54.0 0.19564144788130747
26.0 56.0 0.1639564376510083
26.0 58.0 0.0645665947572657
26.0 60.0 3.534021978109769E-5
26.0 62.0 0.0
26.0 64.0 0.0
26.0 66.0 0.0
26.0 68.0 0.0
26.0 70.0 0.0
26.0 72.0 0.0
26.0 74.0 0.0
26.0 76.0 0.0
26.0 78.0 0.0
26.0 80.0 0.0
26.0 82.0 0.008012077620445429
26.0 84.0 0.014492462345399755
26.0 86.0 0.015269278165350406
26.0 88.0 0.020558683897899516
26.0 90.0 0.004608422191768955
26.0 92.0 3.0994513131643765E-4
26.0 94.0 0.0014598661555271855
26.0 96.0 0.016743664649945627
26.0 98.0 0.08013014078931757
26.0 100.0 0.1755769631716024
26.0 102.0 0.272602011364237
26.0 104.0 0.33920965925225754
26.0 106.0 0.388581709223314
26.0 108.0 0.4531788679765383
26.0 110.0 0.45851791475265946
26.0 112.0 0.31159348735193737
26.0 114.0 0.02998281227365238
26.0 116.0 0.0
26.0 118.0 0.0
26.0 120.0 0.0
26.0 122.0 0.0
26.0 124.0 0.0
26.0 126.0 0.0
28.0 0.0 0.0
28.0 2.0 0.0
28.0 4.0 0.0
28.0 6.0 0.0
28.0 8.0 0.0
28.0 10.0 0.0
28.0 12.0 0.0
28.0 14.0 0.0
28.0 16.0 0.0
28.0 18.0 0.0
28.0 20.0 0.0
28.0 22.0 0.0
28.0 24.0 0.0
28.0 26.0 0.0
28.0 28.0 0.0
28.0 30.0 0.0
28.0 32.0 0.0
28.0 34.0 0.0
28.0 36.0 0.0
28.0 38.0 0.0
28.0 40.0 0.010754692589613563
28.0 42.0 0.04378381347329957
28.0 44.0 0.08365934456163514
28.0 46.0 0.12716317635661192
28.0 48.0 0.1723685850788488
28.0 50.0 0.2523632603421467
28.0 52.0 0.27809952924068665
28.0 54.0 0.28493998877376864
28.0 56.0 0.26317675565545473
28.0 58.0 0.17719484602121674
28.0 60.0 0.018752245492499486
28.0 62.0 0.0
28.0 64.0 0.0
28.0 66.0 0.0
28.0 68.0 0.0
28.0 70.0 0.0
28.0 72.0 0.0
28.0 74.0 0.0
28.0 76.0 0.0
28.0 78.0 0.0
28.0 80.0 0.0
28.0 82.0 0.0
28.0 84.0 0.0013656095887135782
28.0 86.0 0.004655702593605117
28.0 88.0 0.009470678504710296
28.0 90.0 0.0010034786818504447
28.0 92.0 0.011560939781791478
28.0 94.0 0.04784182212273625
28.0 96.0 0.10474370034065424
28.0 98.0 0.1804696477375869
28.0 100.0 0.2812110716541445
28.0 102.0 0.37279132422713673
28.0 104.0 0.43140823002933226
28.0 106.0 0.4585264663205519
28.0 108.0 0.4602674825590662
28.0 110.0 0.4605656330960548
28.0 112.0 0.29731614010457025
28.0 114.0 0.02862583596522653
28.0 116.0 0.0
28.0 118.0 0.0
28.0 120.0 0.0
28.0 122.0 0.0
28.0 124.0 0.0
28.0 126.0 0.0
30.0 0.0 0.0
30.0 2.0 0.0
30.0 4.0 0.0
30.0 6.0 0.0
30.0 8.0 0.0
30.0 10.0 0.0
30.0 12.0 0.0
30.0 14.0 0.0
30.0 16.0 0.0
30.0 18.0 0.0
30.0 20.0 0.0
30.0 22.0 0.0
30.0 24.0 0.0
30.0 26.0 0.0
30.0 28.0 0.0
30.0 30.0 0.0
30.0 32.0 0.0
30.0 34.0 0.0
30.0 36.0 0.0
30.0 38.0 0.0
30.0 40.0 0.0
30.0 42.0 0.007913114636589934
30.0 44.0 0.05682132919060321
30.0 46.0 0.12805538670503594
30.0 48.0 0.22517898237008158
30.0 50.0 0.32756061429790123
30.0 52.0 0.373980169265055
30.0 54.0 0.3708366325810131
30.0 56.0 0.33505770197410767
30.0 58.0 0.26986049156022457
30.0 60.0 0.10496779360246135
30.0 62.0 0.003315222670386426
30.0 64.0 0.0
30.0 66.0 0.0
30.0 68.0 0.0
30.0 70.0 0.0
30.0 72.0 0.0
30.0 74.0 0.0
30.0 76.0 0.0
30.0 78.0 0.0
30.0 80.0 0.0
30.0 82.0 0.0
30.0 84.0 0.0
30.0 86.0 0.0
30.0 88.0 0.0011697132779592493
30.0 90.0 0.00346094380784437
30.0 92.0 0.029429578954645253
30.0 94.0 0.10082921198913529
30.0 96.0 0.1850625668846482
30.0 98.0 0.2683642601129365
30.0 100.0 0.358588909240944
30.0 102.0 0.44681093728800786
30.0 104.0 0.4996653802014827
30.0 106.0 0.5096965826401098
30.0 108.0 0.4805605019702994
30.0 110.0 0.40362324723327264
30.0 112.0 0.27918433606586673
30.0 114.0 0.026863745596717437
30.0 116.0 0.0
30.0 118.0 0.0
30.0 120.0 0.0
30.0 122.0 0.0
30.0 124.0 0.0
30.0 126.0 0.0
32.0 0.0 0.0
32.0 2.0 0.0
32.0 4.0 0.0
32.0 6.0 0.0
32.0 8.0 0.0
32.0 10.0 0.0
32.0 12.0 0.0
32.0 14.0 0.0
32.0 16.0 0.0
32.0 18.0 0.0
32.0 20.0 0.0
32.0 22.0 0.0
32.0 24.0 0.0
32.0 26.0 0.0
32.0 28.0 0.0
32.0 30.0 0.0
32.0 32.0 0.0
32.0 34.0 0.0
32.0 36.0 0.0
32.0 38.0 0.0
32.0 40.0 0.0
32.0 42.0 0.03945640474151583
32.0 44.0 0.08858060838493738
32.0 46.0 0.15243715414629674
32.0 48.0 0.28247998840664523
32.0 50.0 0.3926235128995501
32.0 52.0 0.4510877268942095
32.0 54.0 0.43662395799821024
32.0 56.0 0.3894331550170285
32.0 58.0 0.3356149199373754
32.0 60.0 0.19646612847962933
32.0 62.0 0.018408335983452623
32.0 64.0 0.0
32.0 66.0 0.0
32.0 68.0 0.0
32.0 70.0 0.0
32.0 72.0 0.0
32.0 74.0 0.0
32.0 76.0 0.0
32.0 78.0 0.0
32.0 80.0 0.0
32.0 82.0 0.0
32.0 84.0 0.0
32.0 86.0 0.0
32.0 88.0 0.0
32.0 90.0 0.001713248884058008
32.0 92.0 0.06164148548278956
32.0 94.0 0.14896291575945866
32.0 96.0 0.22943161845913265
32.0 98.0 0.3227298457648797
32.0 100.0 0.411385325108861
32.0 102.0 0.48773441621894786
32.0 104.0 0.5320673061143698
32.0 106.0 0.5213618363788531
32.0 108.0 0.44786076834670413
32.0 110.0 0.36805929570712465
32.0 112.0 0.26120718126784
32.0 114.0 0.024599562953181633
32.0 116.0 0.0
32.0 118.0 0.0
32.0 120.0 0.0
32.0 122.0 0.0
32.0 124.0 0.0
32.0 126.0 0.0
34.0 0.0 0.0
34.0 2.0 0.0
34.0 4.0 0.0
34.0 6.0 0.0
34.0 8.0 0.0
34.0 10.0 0.0
34.0 12.0 0.0
34.0 14.0 0.0
34.0 16.0 0.0
34.0 18.0 0.0
34.0 20.0 0.0
34.0 22.0 0.0
34.0 24.0 0.0
34.0 26.0 0.0
34.0 28.0 0.0
34.0 30.0 0.0
34.0 32.0 0.0
34.0 34.0 0.0
34.0 36.0 0.0
34.0 38.0 0.0
34.0 40.0 0.013302843177144053
34.0 42.0 0.045310082776072964
34.0 44.0 0.10051319449742863
34.0 46.0 0.17112951490746928
34.0 48.0 0.29757726808641816
34.0 50.0 0.39986210369839265
34.0 52.0 0.4506440073371229
34.0 54.0 0.46988339292127107
34.0 56.0 0.4537998101806861
34.0 58.0 0.3906265281869807
34.0 60.0 0.2581650743070041
34.0 62.0 0.060848443558587706
34.0 64.0 0.0
34.0 66.0 0.0
34.0 68.0 0.0
34.0 70.0 0.0
34.0 72.0 0.0
34.0 74.0 0.0
34.0 76.0 0.0
34.0 78.0 0.0
34.0 80.0 0.0
34.0 82.0 0.0
34.0 84.0 0.0
34.0 86.0 0.0
34.0 88.0 0.0
34.0 90.0 0.00902118703050886
34.0 92.0 0.07818740336373611
34.0 94.0 0.16123900699589785
34.0 96.0 0.2503537161224728
34.0 98.0 0.34259502209701337
34.0 100.0 0.42570152425678276
34.0 102.0 0.49277581259671893
34.0 104.0 0.4825861490210524
34.0 106.0 0.43327227642679117
34.0 108.0 0.3929499973472479
34.0 110.0 0.3847857796831238
34.0 112.0 0.23477568212540867
34.0 114.0 0.02170758762809334
34.0 116.0 0.0
34.0 118.0 0.0
34.0 120.0 0.0
34.0 122.0 0.0
34.0 124.0 0.0
34.0 126.0 0.0
36.0 0.0 0.0
36.0 2.0 0.0
36.0 4.0 0.0
36.0 6.0 0.0
36.0 8.0 0.0
36.0 10.0 0.0
36.0 12.0 0.0
36.0 14.0 0.0
36.0 16.0 0.0
36.0 18.0 0.0
36.0 20.0 0.0
36.0 22.0 0.0
36.0 24.0 0.0
36.0 26.0 0.0
36.0 28.0 0.0
36.0 30.0 0.0
36.0 32.0 0.0
36.0 34.0 0.0
36.0 36.0 0.0
36.0 38.0 0.0
36.0 40.0 0.011867071112485793
36.0 42.0 0.04745908819885463
36.0 44.0 0.10890339942703271
36.0 46.0 0.1833528052142822
36.0 48.0 0.26204103608954815
36.0 50.0 0.3965476524177758
36.0 52.0 0.45061663843572686
36.0 54.0 0.47161532421111113
36.0 56.0 0.467216711971715
36.0 58.0 0.4225057681700782
36.0 60.0 0.30135722008038274
36.0 62.0 0.0997096804094182
36.0 64.0 0.0037022564363640206
36.0 66.0 0.0
36.0 68.0 0.0
36.0 70.0 0.0
36.0 72.0 0.0
36.0 74.0 0.0
36.0 76.0 0.0
36.0 78.0 0.0
36.0 80.0 0.0
36.0 82.0 0.0
36.0 84.0 0.0
36.0 86.0 0.0
36.0 88.0 0.0
36.0 90.0 3.4335302818321656E-5
36.0 92.0 0.05685586451565811
36.0 94.0 0.14727103806488825
36.0 96.0 0.23853088069052453
36.0 98.0 0.32967166829661904
36.0 100.0 0.40177024712637266
36.0 102.0 0.4533220942586078
36.0 104.0 0.3868164274920216
36.0 106.0 0.37393165030673176
36.0 108.0 0.34435034352512156
36.0 110.0 0.3501156418341247
36.0 112.0 0.20834810071431328
36.0 114.0 0.019343676856686493
36.0 116.0 0.0
36.0 118.0 0.0
36.0 120.0 0.0
36.0 122.0 0.0
36.0 124.0 0.0
36.0 126.0 0.0
38.0 0.0 0.0
38.0 2.0 0.0
38.0 4.0 0.0
38.0 6.0 0.0
38.0 8.0 0.0
38.0 10.0 0.0
38.0 12.0 0.0
38.0 14.0 0.0
38.0 16.0 0.0
38.0 18.0 0.0
38.0 20.0 0.0
38.0 22.0 0.0
38.0 24.0 0.0
38.0 26.0 0.0
38.0 28.0 0.0
38.0 30.0 0.0
38.0 32.0 0.0
38.0 34.0 0.0
38.0 36.0 0.0
38.0 38.0 0.0
38.0 40.0 0.005471084094477688
38.0 42.0 0.038863260026779554
38.0 44.0 0.10338952364713089
38.0 46.0 0.1834857446638206
38.0 48.0 0.26588314922506956
38.0 50.0 0.3441733448456071
38.0 52.0 0.4694665033476935
38.0 54.0 0.5050781374113373
38.0 56.0 0.4985780384955456
38.0 58.0 0.44806950179097954
38.0 60.0 0.33426127319030247
38.0 62.0 0.13495510698679344
38.0 64.0 0.007097408481232324
38.0 66.0 0.0
38.0 68.0 0.0
38.0 70.0 0.0
38.0 72.0 0.0
38.0 74.0 0.0
38.0 76.0 0.0
38.0 78.0 0.0
38.0 80.0 0.0
38.0 82.0 0.0
38.0 84.0 0.0
38.0 86.0 0.0
38.0 88.0 0.0
38.0 90.0 0.0
38.0 92.0 0.02699238943881133
38.0 94.0 0.11471590045340464
38.0 96.0 0.20292911343715123
38.0 98.0 0.2814390819089842
38.0 100.0 0.35457060472979135
38.0 102.0 0.33175269872133323
38.0 104.0 0.3362085538579847
38.0 106.0 0.330817833526387
38.0 108.0 0.3033419612911456
38.0 110.0 0.3061862083143332
38.0 112.0 0.17354246412524452
38.0 114.0 0.014679063391466853
38.0 116.0 0.0
38.0 118.0 0.0
38.0 120.0 0.0
38.0 122.0 0.0
38.0 124.0 0.0
38.0 126.0 0.0
40.0 0.0 0.0
40.0 2.0 0.0
40.0 4.0 0.0
40.0 6.0 0.0
40.0 8.0 0.0
40.0 10.0 0.0
40.0 12.0 0.02546315860364319
40.0 14.0 0.08381209942673083
40.0 16.0 0.08855315815792197
40.0 18.0 0.011817880573830162
40.0 20.0 0.0
40.0 22.0 0.0
40.0 24.0 0.0
40.0 26.0 0.0
40.0 28.0 0.0
40.0 30.0 0.0
40.0 32.0 0.0
40.0 34.0 0.0
40.0 36.0 0.0
40.0 38.0 0.0
40.0 40.0 0.0
40.0 42.0 0.007755328314330723
40.0 44.0 0.07599870119756653
40.0 46.0 0.1713849817595862
40.0 48.0 0.26341313791331955
40.0 50.0 0.34368558537102917
40.0 52.0 0.430822029434275
40.0 54.0 0.5091486565487567
40.0 56.0 0.5160997914309353
40.0 58.0 0.4681063595804316
40.0 60.0 0.3616692711106125
40.0 62.0 0.18244320727309402
40.0 64.0 0.015582617816488856
40.0 66.0 0.0
40.0 68.0 0.0
40.0 70.0 0.0
40.0 72.0 0.0
40.0 74.0 0.0
40.0 76.0 0.0
40.0 78.0 0.0
40.0 80.0 0.0
40.0 82.0 0.0
40.0 84.0 0.0
40.0 86.0 0.0
40.0 88.0 0.0
40.0 90.0 0.0
40.0 92.0 0.0029192048716120095
40.0 94.0 0.05143295556896226
40.0 96.0 0.12246148844485687
40.0 98.0 0.18999200024811017
40.0 100.0 0.2684143671455544
40.0 102.0 0.2593620024314442
40.0 104.0 0.2838436755399433
40.0 106.0 0.2818934528693079
40.0 108.0 0.2582505677012736
40.0 110.0 0.2466941504420175
40.0 112.0 0.1350111557219243
40.0 114.0 0.011019899463954737
40.0 116.0 0.0
40.0 118.0 0.0
40.0 120.0 0.0
40.0 122.0 0.0
40.0 124.0 0.0
40.0 126.0 0.0
42.0 0.0 0.0
42.0 2.0 0.0
42.0 4.0 0.0
42.0 6.0 0.0
42.0 8.0 0.038530852058186925
42.0 10.0 0.17862514489984174
42.0 12.0 0.2797388612152094
42.0 14.0 0.34538741073897833
42.0 16.0 0.2209680583663811
42.0 18.0 0.02907178463056347
42.0 20.0 0.0
42.0 22.0 0.0
42.0 24.0 0.0
42.0 26.0 0.0
42.0 28.0 0.0
42.0 30.0 0.0
42.0 32.0 0.0
42.0 34.0 0.0
42.0 36.0 0.0
42.0 38.0 0.0
42.0 40.0 0.0
42.0 42.0 0.0
42.0 44.0 0.028376947849610923
42.0 46.0 0.15532406714874267
42.0 48.0 0.25465255846555596
42.0 50.0 0.33649338001875356
42.0 52.0 0.44009772455346213
42.0 54.0 0.5209989875590418
42.0 56.0 0.5275226544273373
42.0 58.0 0.4835321379714017
42.0 60.0 0.3840257504101718
42.0 62.0 0.22378080809716136
42.0 64.0 0.045427990152325126
42.0 66.0 0.0
42.0 68.0 0.0
42.0 70.0 0.0
42.0 72.0 0.0
42.0 74.0 0.0
42.0 76.0 0.0
42.0 78.0 0.0
42.0 80.0 0.0
42.0 82.0 0.0
42.0 84.0 0.0
42.0 86.0 0.0
42.0 88.0 0.0
42.0 90.0 0.0
42.0 92.0 0.0
42.0 94.0 0.0038676483004138514
42.0 96.0 0.03831139754843231
42.0 98.0 0.09193909590338066
42.0 100.0 0.15218692422697191
42.0 102.0 0.18943424495538688
42.0 104.0 0.21943429684954033
42.0 106.0 0.22461618950568885
42.0 108.0 0.2072348471563565
42.0 110.0 0.18263846516552498
42.0 112.0 0.10065910720724436
42.0 114.0 0.007817575761236135
42.0 116.0 0.0
42.0 118.0 0.0
42.0 120.0 0.0
42.0 122.0 0.0
42.0 124.0 0.0
42.0 126.0 0.0
44.0 0.0 0.0
44.0 2.0 0.0
44.0 4.0 0.0
44.0 6.0 0.05461044515819346
44.0 8.0 0.19593075414277694
44.0 10.0 0.32023318301379206
44.0 12.0 0.43670507478316867
44.0 14.0 0.47073019371460356
44.0 16.0 0.30563317970940307
44.0 18.0 0.05227166247901746
44.0 20.0 0.0
44.0 22.0 0.0
44.0 24.0 0.0
44.0 26.0 0.0
44.0 28.0 0.0
44.0 30.0 0.0
44.0 32.0 0.0
44.0 34.0 0.0
44.0 36.0 0.0
44.0 38.0 0.0
44.0 40.0 0.0
44.0 42.0 0.0
44.0 44.0 0.014229571365757263
44.0 46.0 0.14079396761180032
44.0 48.0 0.2434305434682251
44.0 50.0 0.32870755081113384
44.0 52.0 0.4507940301767297
44.0 54.0 0.5367234980918808
44.0 56.0 0.5427111727882622
44.0 58.0 0.4984292764138569
44.0 60.0 0.40270222388248417
44.0 62.0 0.25531335373508995
44.0 64.0 0.07833858478421918
44.0 66.0 0.003089522001226195
44.0 68.0 0.0
44.0 70.0 0.0
44.0 72.0 0.0
44.0 74.0 0.0
44.0 76.0 0.0
44.0 78.0 0.0
44.0 80.0 0.0
44.0 82.0 0.0
44.0 84.0 0.0
44.0 86.0 0.0
44.0 88.0 0.0
44.0 90.0 0.0
44.0 92.0 0.0
44.0 94.0 0.0
44.0 96.0 7.363592183023005E-4
44.0 98.0 0.019631472206572468
44.0 100.0 0.05928423344164554
44.0 102.0 0.101877254098106
44.0 104.0 0.12913432027454377
44.0 106.0 0.152196644697316
44.0 108.0 0.14508397979266024
44.0 110.0 0.12984519947047612
44.0 112.0 0.07288990495465673
44.0 114.0 0.009699007897239363
44.0 116.0 0.0
44.0 118.0 0.0
44.0 120.0 0.0
44.0 122.0 0.0
44.0 124.0 0.0
44.0 126.0 0.0
46.0 0.0 0.0
46.0 2.0 0.0
46.0 4.0 0.058626782547669974
46.0 6.0 0.2266197640598484
46.0 8.0 0.3229190419481974
46.0 10.0 0.4258637250221056
46.0 12.0 0.5452499700792469
46.0 14.0 0.54107219743531
46.0 16.0 0.3507020462643875
46.0 18.0 0.07468442453240164
46.0 20.0 2.4355927849174945E-4
46.0 22.0 0.0
46.0 24.0 0.0
46.0 26.0 0.0
46.0 28.0 0.0
46.0 30.0 0.0
46.0 32.0 0.0
46.0 34.0 0.0
46.0 36.0 0.0
46.0 38.0 0.0
46.0 40.0 0.0
46.0 42.0 0.0
46.0 44.0 0.01277438154914536
46.0 46.0 0.12498879884623698
46.0 48.0 0.22814551497932975
46.0 50.0 0.3151871757274463
46.0 52.0 0.4585937853847517
46.0 54.0 0.5478144322190711
46.0 56.0 0.5542814974541154
46.0 58.0 0.5132148310545722
46.0 60.0 0.4197502983467986
46.0 62.0 0.24352995320789686
46.0 64.0 0.09695752528794242
46.0 66.0 0.007739935725406739
46.0 68.0 0.0
46.0 70.0 0.0
46.0 72.0 0.0
46.0 74.0 0.0
46.0 76.0 0.0
46.0 78.0 0.0
46.0 80.0 0.0
46.0 82.0 0.0
46.0 84.0 0.0
46.0 86.0 0.0
46.0 88.0 0.0
46.0 90.0 0.0
46.0 92.0 0.0
46.0 94.0 0.0
46.0 96.0 2.4369944063259757E-4
46.0 98.0 0.008739469223421273
46.0 100.0 0.01959710545685826
46.0 102.0 0.029941000484316884
46.0 104.0 0.03684713194808935
46.0 106.0 0.04987131510948203
46.0 108.0 0.07108068040315849
46.0 110.0 0.06742787192166626
46.0 112.0 0.05179120636631126
46.0 114.0 0.022347612970953692
46.0 116.0 0.005856358122065646
46.0 118.0 0.0027167803384533346
46.0 120.0 0.002805648231140408
46.0 122.0 0.0
46.0 124.0 4.4476654291555254E-5
46.0 126.0 0.0
48.0 0.0 0.0
48.0 2.0 0.2107343299167439
48.0 4.0 0.30926290489511016
48.0 6.0 0.34535987549220665
48.0 8.0 0.4086049486107775
48.0 10.0 0.5351814433575942
48.0 12.0 0.5786741931563683
48.0 14.0 0.4733712219476283
48.0 16.0 0.314474346208726
48.0 18.0 0.09386290888893915
48.0 20.0 0.0029094373991756205
48.0 22.0 0.0
48.0 24.0 0.0
48.0 26.0 0.0
48.0 28.0 0.0
48.0 30.0 0.0
48.0 32.0 0.0
48.0 34.0 0.0
48.0 36.0 0.0
48.0 38.0 0.0
48.0 40.0 0.0
48.0 42.0 0.0
48.0 44.0 0.008853306225737016
48.0 46.0 0.10925977677279995
48.0 48.0 0.20975305790344903
48.0 50.0 0.3331785672773715
48.0 52.0 0.47966341479098623
48.0 54.0 0.5451027922933703
48.0 56.0 0.5594098893853435
48.0 58.0 0.5039085301036113
48.0 60.0 0.3564256931334902
48.0 62.0 0.24454677225114432
48.0 64.0 0.12366535906372565
48.0 66.0 0.018793685352625124
48.0 68.0 0.0
48.0 70.0 0.0
48.0 72.0 0.0
48.0 74.0 0.0
48.0 76.0 0.0
48.0 78.0 0.0
48.0 80.0 0.0
48.0 82.0 0.0
48.0 84.0 0.0
48.0 86.0 0.0
48.0 88.0 0.0
48.0 90.0 0.0
48.0 92.0 0.0
48.0 94.0 0.0
48.0 96.0 0.006066503568405778
48.0 98.0 0.012234515163907798
48.0 100.0 0.012822930083394845
48.0 102.0 0.012072616990066039
48.0 104.0 0.013033477900506208
48.0 106.0 0.011828998062777535
48.0 108.0 0.016828908530699332
48.0 110.0 0.02577632650432547
48.0 112.0 0.03344327096408936
48.0 114.0 0.0325113306093504
48.0 116.0 0.0342435404451528
48.0 118.0 0.045464667499858426
48.0 120.0 0.06679822224648248
48.0 122.0 0.08519398538464344
48.0 124.0 0.13116301996804328
48.0 126.0 0.0
50.0 0.0 0.0
50.0 2.0 0.391916592050155
50.0 4.0 0.41051294960540585
50.0 6.0 0.41904500977672593
50.0 8.0 0.4528611925118282
50.0 10.0 0.5648068220085117
50.0 12.0 0.5233821774819103
50.0 14.0 0.40479319712545764
50.0 16.0 0.29341619563689997
50.0 18.0 0.11501425134713517
50.0 20.0 0.006839816552880631
50.0 22.0 0.0
50.0 24.0 0.0
50.0 26.0 0.0
50.0 28.0 0.0
50.0 30.0 0.0
50.0 32.0 0.0
50.0 34.0 0.0
50.0 36.0 0.0
50.0 38.0 0.0
50.0 40.0 0.0
50.0 42.0 0.0
50.0 44.0 0.007422160149472615
50.0 46.0 0.09599684567704465
50.0 48.0 0.1968125674011588
50.0 50.0 0.34643429707025103
50.0 52.0 0.46104218866668933
50.0 54.0 0.5381467659597977
50.0 56.0 0.5547352500303283
50.0 58.0 0.49710493739506273
50.0 60.0 0.33786776599977136
50.0 62.0 0.23235166811573035
50.0 64.0 0.1323179771433384
50.0 66.0 0.034260181972677425
50.0 68.0 0.001003945213305714
50.0 70.0 0.0
50.0 72.0 0.0
50.0 74.0 0.0
50.0 76.0 0.0
50.0 78.0 0.0
50.0 80.0 0.0
50.0 82.0 0.0
50.0 84.0 0.0
50.0 86.0 0.0
50.0 88.0 0.0
50.0 90.0 0.0
50.0 92.0 0.0
50.0 94.0 6.351639187532374E-4
50.0 96.0 0.003296159759754683
50.0 98.0 0.004582455463784901
50.0 100.0 0.003969030873286141
50.0 102.0 0.004781948851287258
50.0 104.0 0.001413438771988268
50.0 106.0 0.001157288643243537
50.0 108.0 0.009779176670389978
50.0 110.0 0.016882709774012666
50.0 112.0 0.024371807906515084
50.0 114.0 0.03569152909342217
50.0 116.0 0.051558693354275244
50.0 118.0 0.08607737019753824
50.0 120.0 0.1317232594964222
50.0 122.0 0.17552981066468162
50.0 124.0 0.257572480201967
50.0 126.0 0.0
52.0 0.0 0.0
52.0 2.0 0.4730274502285234
52.0 4.0 0.48727009832039414
52.0 6.0 0.4597539320840662
52.0 8.0 0.46240819714487796
52.0 10.0 0.47869010670448336
52.0 12.0 0.4453204270686881
52.0 14.0 0.3490185163622775
52.0 16.0 0.26269079177831095
52.0 18.0 0.1224670471767132
52.0 20.0 0.010502958034976218
52.0 22.0 0.0
52.0 24.0 0.0
52.0 26.0 0.0
52.0 28.0 0.0
52.0 30.0 0.0
52.0 32.0 0.0
52.0 34.0 0.0
52.0 36.0 0.0
52.0 38.0 0.0
52.0 40.0 0.0
52.0 42.0 0.0
52.0 44.0 0.008953752280114998
52.0 46.0 0.08296565248630965
52.0 48.0 0.1871522474554801
52.0 50.0 0.3085183605078253
52.0 52.0 0.4372340356183246
52.0 54.0 0.5147373600390805
52.0 56.0 0.5231625866114009
52.0 58.0 0.46548110507541
52.0 60.0 0.3041966566931747
52.0 62.0 0.21204502552978152
52.0 64.0 0.12762584880365987
52.0 66.0 0.0387662442425372
52.0 68.0 0.001499180747192773
52.0 70.0 0.0
52.0 72.0 0.0
52.0 74.0 0.0
52.0 76.0 0.0
52.0 78.0 0.0
52.0 80.0 0.0
52.0 82.0 0.0
52.0 84.0 0.0
52.0 86.0 0.0
52.0 88.0 0.0
52.0 90.0 0.0
52.0 92.0 0.0
52.0 94.0 0.014282786659153833
52.0 96.0 0.013099003299768664
52.0 98.0 0.007695713895406455
52.0 100.0 0.0019511557776125037
52.0 102.0 0.0
52.0 104.0 0.0
52.0 106.0 0.0
52.0 108.0 0.0
52.0 110.0 0.0025478582087836584
52.0 112.0 0.01090133568318323
52.0 114.0 0.026989667078286057
52.0 116.0 0.05057512646524325
52.0 118.0 0.09445589829937982
52.0 120.0 0.14526040801824253
52.0 122.0 0.20379562378292873
52.0 124.0 0.30498861150566436
52.0 126.0 0.0
54.0 0.0 0.0
54.0 2.0 0.5090255567624471
54.0 4.0 0.5041969972382809
54.0 6.0 0.4743708150691886
54.0 8.0 0.47643123134979276
54.0 10.0 0.42060810982013463
54.0 12.0 0.3606948625359723
54.0 14.0 0.30308188434912003
54.0 16.0 0.2276099359519338
54.0 18.0 0.11033047431976718
54.0 20.0 0.009235428168393442
54.0 22.0 0.0
54.0 24.0 0.0
54.0 26.0 0.0
54.0 28.0 0.0
54.0 30.0 0.0
54.0 32.0 0.0
54.0 34.0 0.0
54.0 36.0 0.0
54.0 38.0 0.0
54.0 40.0 0.0
54.0 42.0 0.0
54.0 44.0 0.00970987843310536
54.0 46.0 0.0692234132063758
54.0 48.0 0.1423070090809847
54.0 50.0 0.24667588636690577
54.0 52.0 0.3754365388336587
54.0 54.0 0.4492817277977388
54.0 56.0 0.45181897847736635
54.0 58.0 0.3873863702104216
54.0 60.0 0.2504687020376007
54.0 62.0 0.1781389546708476
54.0 64.0 0.10465277925051357
54.0 66.0 0.023050510096087305
54.0 68.0 0.0
54.0 70.0 0.0
54.0 72.0 0.0
54.0 74.0 0.0
54.0 76.0 0.0
54.0 78.0 0.0
54.0 80.0 0.0
54.0 82.0 0.0
54.0 84.0 0.0
54.0 86.0 0.0
54.0 88.0 0.011560769962452859
54.0 90.0 0.03737723317684631
54.0 92.0 0.05036897943541859
54.0 94.0 0.05836855187573322
54.0 96.0 0.03522499811112021
54.0 98.0 0.011841509635643411
54.0 100.0 0.0
54.0 102.0 0.0
54.0 104.0 0.0
54.0 106.0 0.0
54.0 108.0 0.0
54.0 110.0 0.0
54.0 112.0 0.0
54.0 114.0 0.003002226391850368
54.0 116.0 0.023572714572397457
54.0 118.0 0.062143712381160794
54.0 120.0 0.1213188162283962
54.0 122.0 0.19122429721300083
54.0 124.0 0.30949978213739554
54.0 126.0 0.4284855741819545
56.0 0.0 0.0
56.0 2.0 0.5199820452733107
56.0 4.0 0.4104950806462932
56.0 6.0 0.3334987194018362
56.0 8.0 0.3287801415764828
56.0 10.0 0.29625133148769517
56.0 12.0 0.2738388225416062
56.0 14.0 0.22760487076276134
56.0 16.0 0.17070549732524545
56.0 18.0 0.08784000861356055
56.0 20.0 0.005075644145900022
56.0 22.0 0.0
56.0 24.0 0.0
56.0 26.0 0.0
56.0 28.0 0.0
56.0 30.0 0.0
56.0 32.0 0.0
56.0 34.0 0.0
56.0 36.0 0.0
56.0 38.0 0.0
56.0 40.0 0.0
56.0 42.0 0.0
56.0 44.0 0.011707050089845407
56.0 46.0 0.05015196554708631
56.0 48.0 0.0898203386611669
56.0 50.0 0.16124169030027896
56.0 52.0 0.26712639522451265
56.0 54.0 0.3353951846167607
56.0 56.0 0.3292087816490053
56.0 58.0 0.27297630088406943
56.0 60.0 0.17279228241542746
56.0 62.0 0.13095216166363535
56.0 64.0 0.0683813018056434
56.0 66.0 0.008369896253714131
56.0 68.0 0.0
56.0 70.0 0.0
56.0 72.0 0.0
56.0 74.0 0.0
56.0 76.0 0.0
56.0 78.0 0.0
56.0 80.0 0.0
56.0 82.0 0.0
56.0 84.0 0.032164197681963234
56.0 86.0 0.10071597038000163
56.0 88.0 0.15733260433711155
56.0 90.0 0.18821554955224507
56.0 92.0 0.17786556520287736
56.0 94.0 0.12094124602301853
56.0 96.0 0.05474197208584359
56.0 98.0 0.0056029349395376625
56.0 100.0 0.0
56.0 102.0 0.0
56.0 104.0 0.0
56.0 106.0 0.0
56.0 108.0 0.0
56.0 110.0 0.0
56.0 112.0 0.0
56.0 114.0 0.0
56.0 116.0 0.0
56.0 118.0 0.013874781049381371
56.0 120.0 0.06876926761353956
56.0 122.0 0.1475647413225553
56.0 124.0 0.25459088888178255
56.0 126.0 0.38452143117125276
58.0 0.0 0.0
58.0 2.0 0.44506479916410613
58.0 4.0 0.29092588908667333
58.0 6.0 0.23360210801061496
58.0 8.0 0.1929820623341076
58.0 10.0 0.2054635173571933
58.0 12.0 0.19414818011024804
58.0 14.0 0.17473027724979692
58.0 16.0 0.13299322709057462
58.0 18.0 0.05108819979918718
58.0 20.0 0.001567092793500603
58.0 22.0 0.0
58.0 24.0 0.0
58.0 26.0 0.0
58.0 28.0 0.0
58.0 30.0 0.0
58.0 32.0 0.0
58.0 34.0 0.0
58.0 36.0 0.0
58.0 38.0 0.0
58.0 40.0 0.0
58.0 42.0 4.92240059111294E-4
58.0 44.0 0.014465255508143905
58.0 46.0 0.03628453939828312
58.0 48.0 0.039335023266685476
58.0 50.0 0.07509713050523247
58.0 52.0 0.1487651334868116
58.0 54.0 0.20232223953517367
58.0 56.0 0.19971618982403108
58.0 58.0 0.15490375368743414
58.0 60.0 0.0897224213270758
58.0 62.0 0.04192949616200215
58.0 64.0 0.015834263928196087
58.0 66.0 1.441236980818899E-4
58.0 68.0 0.0
58.0 70.0 0.0
58.0 72.0 0.0
58.0 74.0 0.0
58.0 76.0 0.0
58.0 78.0 0.0
58.0 80.0 0.0034582833133786407
58.0 82.0 0.06090261950957342
58.0 84.0 0.1296753873261787
58.0 86.0 0.22807132951155554
58.0 88.0 0.28150672207104843
58.0 90.0 0.30589230343780477
58.0 92.0 0.28250154935596056
58.0 94.0 0.2180465981392735
58.0 96.0 0.11929094858086242
58.0 98.0 0.014544945425364698
58.0 100.0 0.0
58.0 102.0 0.0
58.0 104.0 0.0
58.0 106.0 0.0
58.0 108.0 0.0
58.0 110.0 0.0
58.0 112.0 0.0
58.0 114.0 0.0
58.0 116.0 0.0
58.0 118.0 0.0
58.0 120.0 0.017835258957749702
58.0 122.0 0.08412795948458751
58.0 124.0 0.18117894002152504
58.0 126.0 0.30518202929039806
60.0 0.0 0.0
60.0 2.0 0.3244955568557349
60.0 4.0 0.14805214868881836
60.0 6.0 0.1020311826218769
60.0 8.0 0.07458350379930491
60.0 10.0 0.09380383066997917
60.0 12.0 0.1278979825892473
60.0 14.0 0.12654374405098442
60.0 16.0 0.09184188344989595
60.0 18.0 0.018866617592655708
60.0 20.0 0.0
60.0 22.0 0.0
60.0 24.0 0.0
60.0 26.0 0.0
60.0 28.0 0.0
60.0 30.0 0.0
60.0 32.0 0.0
60.0 34.0 0.0
60.0 36.0 0.0
60.0 38.0 0.0
60.0 40.0 2.790041311034848E-4
60.0 42.0 0.005193568247047391
60.0 44.0 0.012771810162778221
60.0 46.0 0.02541684800594939
60.0 48.0 0.01382695037847538
60.0 50.0 0.022665677797752557
60.0 52.0 0.05048832212590215
60.0 54.0 0.08204449807808832
60.0 56.0 0.07937302706373343
60.0 58.0 0.052697673332318985
60.0 60.0 0.01731032530191842
60.0 62.0 0.0
60.0 64.0 0.0
60.0 66.0 0.0
60.0 68.0 0.0
60.0 70.0 0.0
60.0 72.0 0.0
60.0 74.0 0.0
60.0 76.0 0.0
60.0 78.0 0.0064737661058176695
60.0 80.0 0.0635979130840177
60.0 82.0 0.1402557993804568
60.0 84.0 0.20711973171407985
60.0 86.0 0.3287133645929104
60.0 88.0 0.37906665078817975
60.0 90.0 0.3925919916301797
60.0 92.0 0.36111107394921765
60.0 94.0 0.288519227615839
60.0 96.0 0.17110366950893777
60.0 98.0 0.02532380385581283
60.0 100.0 0.0
60.0 102.0 0.0
60.0 104.0 0.0
60.0 106.0 0.0
60.0 108.0 0.0
60.0 110.0 0.0
60.0 112.0 0.0
60.0 114.0 0.0
60.0 116.0 0.0
60.0 118.0 0.0
60.0 120.0 0.0
60.0 122.0 0.0224448192331886
60.0 124.0 0.08479162640033074
60.0 126.0 0.2126380256883104
62.0 0.0 0.0
62.0 2.0 0.20901971635150943
62.0 4.0 0.035263717096711084
62.0 6.0 0.008144843442697365
62.0 8.0 0.0
62.0 10.0 0.009180897597796354
62.0 12.0 0.07223465189698891
62.0 14.0 0.07987650673127718
62.0 16.0 0.0440561222257956
62.0 18.0 0.0033068747390807836
62.0 20.0 0.0
62.0 22.0 0.0
62.0 24.0 0.0
62.0 26.0 0.0
62.0 28.0 0.0
62.0 30.0 0.0
62.0 32.0 0.0
62.0 34.0 0.0
62.0 36.0 0.0
62.0 38.0 0.0038519030348021124
62.0 40.0 0.00538972439771659
62.0 42.0 0.005421855991211858
62.0 44.0 0.0058021475010970325
62.0 46.0 0.007902803241254043
62.0 48.0 0.012782573013851585
62.0 50.0 0.001089979554284844
62.0 52.0 0.0
62.0 54.0 0.0012027665564135089
62.0 56.0 0.0
62.0 58.0 0.0
62.0 60.0 0.0
62.0 62.0 0.0
62.0 64.0 0.0
62.0 66.0 0.0
62.0 68.0 0.0
62.0 70.0 0.0
62.0 72.0 0.0
62.0 74.0 0.0
62.0 76.0 0.008637969527427647
62.0 78.0 0.06071088523756679
62.0 80.0 0.14808961737090473
62.0 82.0 0.24164473054404703
62.0 84.0 0.3266085099333982
62.0 86.0 0.3915784032998904
62.0 88.0 0.4302190418495449
62.0 90.0 0.43872316239657655
62.0 92.0 0.4110670590321699
62.0 94.0 0.33928415659488276
62.0 96.0 0.21476713560131935
62.0 98.0 0.03938816872797889
62.0 100.0 0.0
62.0 102.0 0.0
62.0 104.0 0.0
62.0 106.0 0.0
62.0 108.0 0.0
62.0 110.0 0.0
62.0 112.0 0.0
62.0 114.0 0.0
62.0 116.0 0.0
62.0 118.0 0.0
62.0 120.0 0.0
62.0 122.0 0.0
62.0 124.0 0.01891449728209245
62.0 126.0 0.14706724795178985
64.0 0.0 0.0
64.0 2.0 0.12182547511937229
64.0 4.0 0.0
64.0 6.0 0.0
64.0 8.0 0.0
64.0 10.0 0.0
64.0 12.0 0.024444744267606195
64.0 14.0 0.03355183401161832
64.0 16.0 0.011930767385748052
64.0 18.0 0.0
64.0 20.0 0.0
64.0 22.0 0.0
64.0 24.0 0.0
64.0 26.0 0.0
64.0 28.0 0.0
64.0 30.0 0.0
64.0 32.0 0.0
64.0 34.0 0.005852048368436023
64.0 36.0 0.03973668806022135
64.0 38.0 0.04310120947716101
64.0 40.0 0.0291687865660139
64.0 42.0 0.014339695151910218
64.0 44.0 0.0024262582862326163
64.0 46.0 0.0
64.0 48.0 0.0
64.0 50.0 0.0
64.0 52.0 0.0
64.0 54.0 0.0
64.0 56.0 0.0
64.0 58.0 0.0
64.0 60.0 0.0
64.0 62.0 0.0
64.0 64.0 0.0
64.0 66.0 0.0
64.0 68.0 0.0
64.0 70.0 0.0
64.0 72.0 0.0
64.0 74.0 0.004999493214450004
64.0 76.0 0.032429407809677076
64.0 78.0 0.10906449514452139
64.0 80.0 0.20350567666151306
64.0 82.0 0.2996840814962121
64.0 84.0 0.3832784123823869
64.0 86.0 0.45769774748997727
64.0 88.0 0.5022619837515271
64.0 90.0 0.5014593413894678
64.0 92.0 0.46293466129988997
64.0 94.0 0.380812448391727
64.0 96.0 0.24892969019028144
64.0 98.0 0.05540484472053198
64.0 100.0 0.0
64.0 102.0 0.0
64.0 104.0 0.0
64.0 106.0 0.0
64.0 108.0 0.0
64.0 110.0 0.0
64.0 112.0 0.0
64.0 114.0 0.0
64.0 116.0 0.0
64.0 118.0 0.0
64.0 120.0 0.0
64.0 122.0 0.0
64.0 124.0 0.0
64.0 126.0 0.09956249023868112
66.0 0.0 0.0
66.0 2.0 0.06884796372094303
66.0 4.0 0.0
66.0 6.0 0.0
66.0 8.0 0.0
66.0 10.0 0.0
66.0 12.0 0.0
66.0 14.0 9.495989418324633E-4
66.0 16.0 0.0
66.0 18.0 0.0
66.0 20.0 0.0
66.0 22.0 0.0
66.0 24.0 0.0
66.0 26.0 0.0
66.0 28.0 0.002239841709643338
66.0 30.0 0.0383656119784502
66.0 32.0 0.08982738272749276
66.0 34.0 0.13401052205438366
66.0 36.0 0.14760785377907945
66.0 38.0 0.137581254120047
66.0 40.0 0.1097098764610913
66.0 42.0 0.06745980782652389
66.0 44.0 0.01839373431720695
66.0 46.0 0.0
66.0 48.0 0.0
66.0 50.0 0.0
66.0 52.0 0.0
66.0 54.0 0.0
66.0 56.0 0.0
66.0 58.0 0.0
66.0 60.0 0.0
66.0 62.0 0.0
66.0 64.0 0.0
66.0 66.0 0.0
66.0 68.0 0.0
66.0 70.0 0.0
66.0 72.0 0.0031538277087173154
66.0 74.0 0.016369667720847
66.0 76.0 0.060941669682785325
66.0 78.0 0.13777332031578507
66.0 80.0 0.23195789495013822
66.0 82.0 0.33659982097947355
66.0 84.0 0.4365839048709345
66.0 86.0 0.5078461863353964
66.0 88.0 0.5413881371914432
66.0 90.0 0.5361034866284802
66.0 92.0 0.49533742816195137
66.0 94.0 0.4091899729202692
66.0 96.0 0.26582432072860956
66.0 98.0 0.06938815247840298
66.0 100.0 0.0
66.0 102.0 0.0
66.0 104.0 0.0
66.0 106.0 0.0
66.0 108.0 0.0
66.0 110.0 0.0
66.0 112.0 0.0
66.0 114.0 0.0
66.0 116.0 0.0
66.0 118.0 0.0
66.0 120.0 0.0
66.0 122.0 0.0
66.0 124.0 0.0
66.0 126.0 0.05551904167338969
68.0 0.0 0.0
68.0 2.0 0.04147238824445723
68.0 4.0 0.0
68.0 6.0 0.0
68.0 8.0 0.0
68.0 10.0 0.0
68.0 12.0 0.0
68.0 14.0 0.0
68.0 16.0 0.0
68.0 18.0 0.0
68.0 20.0 0.0
68.0 22.0 0.0
68.0 24.0 0.004096145851438843
68.0 26.0 0.013351573035189385
68.0 28.0 0.07599304922315428
68.0 30.0 0.15684979917158962
68.0 32.0 0.20538318462198593
68.0 34.0 0.2260866056296622
68.0 36.0 0.23621348590807464
68.0 38.0 0.22294601960422178
68.0 40.0 0.19586334581866294
68.0 42.0 0.11849101003032803
68.0 44.0 0.032391591186412834
68.0 46.0 3.661856518639357E-4
68.0 48.0 0.0
68.0 50.0 0.0
68.0 52.0 0.0
68.0 54.0 0.0
68.0 56.0 0.0
68.0 58.0 0.0
68.0 60.0 0.0
68.0 62.0 0.0
68.0 64.0 0.0
68.0 66.0 0.0
68.0 68.0 0.0
68.0 70.0 0.0
68.0 72.0 0.004471006343922265
68.0 74.0 0.02008536787275693
68.0 76.0 0.07018681643409194
68.0 78.0 0.15167554397369246
68.0 80.0 0.25645854728882805
68.0 82.0 0.3649902890263758
68.0 84.0 0.4579971119529385
68.0 86.0 0.5356466211965624
68.0 88.0 0.5636590068961386
68.0 90.0 0.5562309052516966
68.0 92.0 0.5143053909232643
68.0 94.0 0.42548246132186046
68.0 96.0 0.2730761314345182
68.0 98.0 0.07650216560580277
68.0 100.0 0.0019156089052085106
68.0 102.0 0.0
68.0 104.0 0.0
68.0 106.0 0.0
68.0 108.0 0.0
68.0 110.0 0.0
68.0 112.0 0.0
68.0 114.0 0.0
68.0 116.0 0.0
68.0 118.0 0.0
68.0 120.0 0.0
68.0 122.0 0.0
68.0 124.0 0.0
68.0 126.0 0.004370077322666442
70.0 0.0 0.0
70.0 2.0 0.01576861415967323
70.0 4.0 0.0
70.0 6.0 0.0
70.0 8.0 0.0
70.0 10.0 0.0
70.0 12.0 0.0
70.0 14.0 0.0
70.0 16.0 0.0
70.0 18.0 0.0
70.0 20.0 0.0
70.0 22.0 0.0
70.0 24.0 0.011320341376485965
70.0 26.0 0.07126105950457516
70.0 28.0 0.16593593418761848
70.0 30.0 0.24916234622569236
70.0 32.0 0.2780145257194655
70.0 34.0 0.3140181960206903
70.0 36.0 0.3235477179071771
70.0 38.0 0.3063897362410624
70.0 40.0 0.2573229278865608
70.0 42.0 0.16896189795577046
70.0 44.0 0.055055398243285265
70.0 46.0 0.002149148972694062
70.0 48.0 0.0
70.0 50.0 0.0
70.0 52.0 0.0
70.0 54.0 0.0
70.0 56.0 0.0
70.0 58.0 0.0
70.0 60.0 0.0
70.0 62.0 0.0
70.0 64.0 0.0
70.0 66.0 0.0
70.0 68.0 0.0
70.0 70.0 0.0
70.0 72.0 0.002344876468801465
70.0 74.0 0.018143211086695137
70.0 76.0 0.06337302540767252
70.0 78.0 0.1423080851520017
70.0 80.0 0.2491945567323016
70.0 82.0 0.3600106336946733
70.0 84.0 0.4580692161141326
70.0 86.0 0.5423153632843664
70.0 88.0 0.5723568874876553
70.0 90.0 0.565486051825308
70.0 92.0 0.5237788523442947
70.0 94.0 0.43513767511379803
70.0 96.0 0.2787701027342462
70.0 98.0 0.085013407313631
70.0 100.0 0.0031506976565381793
70.0 102.0 0.0
70.0 104.0 0.0
70.0 106.0 0.0
70.0 108.0 0.0
70.0 110.0 0.0
70.0 112.0 0.0
70.0 114.0 0.0
70.0 116.0 0.0
70.0 118.0 0.0
70.0 120.0 0.0
70.0 122.0 0.0
70.0 124.0 0.0
70.0 126.0 0.0
72.0 0.0 0.0
72.0 2.0 0.0014911742257871317
72.0 4.0 0.020961005003865368
72.0 6.0 0.02556075591745321
72.0 8.0 0.016686838978038375
72.0 10.0 0.005270941668941432
72.0 12.0 0.0
72.0 14.0 0.0
72.0 16.0 0.0
72.0 18.0 0.0
72.0 20.0 0.0
72.0 22.0 0.0
72.0 24.0 0.01838284208612843
72.0 26.0 0.1215424824727694
72.0 28.0 0.2462461250644996
72.0 30.0 0.3144637354537686
72.0 32.0 0.3362300537886494
72.0 34.0 0.37408124936864334
72.0 36.0 0.3859093991673918
72.0 38.0 0.37517137113180193
72.0 40.0 0.31128408040625183
72.0 42.0 0.2062432673652662
72.0 44.0 0.06485612026151606
72.0 46.0 0.002863818576145358
72.0 48.0 0.0
72.0 50.0 0.0
72.0 52.0 0.0
72.0 54.0 0.0
72.0 56.0 0.0
72.0 58.0 0.0
72.0 60.0 0.0
72.0 62.0 0.0
72.0 64.0 0.0
72.0 66.0 0.0
72.0 68.0 0.0
72.0 70.0 0.0
72.0 72.0 0.0
72.0 74.0 0.010182701109086307
72.0 76.0 0.043204396567458274
72.0 78.0 0.1171800602459336
72.0 80.0 0.2252960593821001
72.0 82.0 0.33967855973840994
72.0 84.0 0.4349453220808916
72.0 86.0 0.5184695714470375
72.0 88.0 0.5707319240333435
72.0 90.0 0.5670556274023498
72.0 92.0 0.5262274937635107
72.0 94.0 0.4396435832934173
72.0 96.0 0.28265577846957024
72.0 98.0 0.0974047276179515
72.0 100.0 0.005548131992737514
72.0 102.0 0.0
72.0 104.0 0.0
72.0 106.0 0.0
72.0 108.0 0.0
72.0 110.0 0.0
72.0 112.0 0.0
72.0 114.0 0.0
72.0 116.0 0.0
72.0 118.0 0.0
72.0 120.0 0.0
72.0 122.0 0.0
72.0 124.0 0.0
72.0 126.0 0.0
74.0 0.0 0.0
74.0 2.0 0.0
74.0 4.0 0.05450563399954323
74.0 6.0 0.058570283751992754
74.0 8.0 0.035082127329575725
74.0 10.0 0.005624963054743926
74.0 12.0 0.0
74.0 14.0 0.0
74.0 16.0 0.0
74.0 18.0 0.0
74.0 20.0 0.0
74.0 22.0 0.0
74.0 24.0 0.03531796675997425
74.0 26.0 0.16696700061753111
74.0 28.0 0.272694260559167
74.0 30.0 0.3565836677827167
74.0 32.0 0.41055019554637345
74.0 34.0 0.41465301730552806
74.0 36.0 0.4272179549166694
74.0 38.0 0.4206888495243449
74.0 40.0 0.3550662686203345
74.0 42.0 0.23970879462540853
74.0 44.0 0.07261529876748955
74.0 46.0 0.0027211916919074267
74.0 48.0 0.0
74.0 50.0 0.0
74.0 52.0 0.0
74.0 54.0 0.0
74.0 56.0 0.0
74.0 58.0 0.0
74.0 60.0 0.0
74.0 62.0 0.0
74.0 64.0 0.0
74.0 66.0 0.0
74.0 68.0 0.0
74.0 70.0 0.0
74.0 72.0 0.0
74.0 74.0 0.0017455063254597843
74.0 76.0 0.023563272163740965
74.0 78.0 0.08663476226498024
74.0 80.0 0.17961946309615742
74.0 82.0 0.2869848330309955
74.0 84.0 0.38301472719131935
74.0 86.0 0.477996267075606
74.0 88.0 0.5373525459489822
74.0 90.0 0.5388525522335307
74.0 92.0 0.5027660199122999
74.0 94.0 0.42554149408215963
74.0 96.0 0.28445792375860296
74.0 98.0 0.11584961196634735
74.0 100.0 0.011331828512534975
74.0 102.0 0.0
74.0 104.0 0.0
74.0 106.0 0.0
74.0 108.0 0.0
74.0 110.0 0.0
74.0 112.0 0.0
74.0 114.0 0.0
74.0 116.0 0.0
74.0 118.0 0.0
74.0 120.0 0.0
74.0 122.0 0.0
74.0 124.0 0.0
74.0 126.0 0.0
76.0 0.0 0.0
76.0 2.0 0.0
76.0 4.0 0.06380022550062296
76.0 6.0 0.0684963449583446
76.0 8.0 0.03642295257492201
76.0 10.0 0.0
76.0 12.0 0.0
76.0 14.0 0.0
76.0 16.0 0.0
76.0 18.0 0.0
76.0 20.0 0.0
76.0 22.0 0.0
76.0 24.0 0.04694054453239933
76.0 26.0 0.18250337100910166
76.0 28.0 0.3186216230992955
76.0 30.0 0.4130356900123197
76.0 32.0 0.47672434222741084
76.0 34.0 0.5150083624958314
76.0 36.0 0.5034377479378196
76.0 38.0 0.46517699934765194
76.0 40.0 0.39205451732503377
76.0 42.0 0.2622112204042885
76.0 44.0 0.08206457245511051
76.0 46.0 0.0030978518478993323
76.0 48.0 0.0
76.0 50.0 0.0
76.0 52.0 0.0
76.0 54.0 0.0
76.0 56.0 0.0
76.0 58.0 0.0
76.0 60.0 0.0
76.0 62.0 0.0
76.0 64.0 0.0
76.0 66.0 0.0
76.0 68.0 0.0
76.0 70.0 0.0
76.0 72.0 0.0
76.0 74.0 0.0
76.0 76.0 0.008845605780204003
76.0 78.0 0.04560301481766831
76.0 80.0 0.11821926183957097
76.0 82.0 0.19890890559426097
76.0 84.0 0.31573557672288816
76.0 86.0 0.4182737591651228
76.0 88.0 0.4763696273709854
76.0 90.0 0.49067472998908235
76.0 92.0 0.4641411298306927
76.0 94.0 0.4012631816526957
76.0 96.0 0.287194206222226
76.0 98.0 0.14672010187114157
76.0 100.0 0.04133434022602918
76.0 102.0 8.545221812062104E-4
76.0 104.0 0.0
76.0 106.0 0.0
76.0 108.0 0.0
76.0 110.0 0.0
76.0 112.0 0.0
76.0 114.0 0.0
76.0 116.0 0.0
76.0 118.0 0.0
76.0 120.0 0.0
76.0 122.0 0.0
76.0 124.0 0.0
76.0 126.0 0.0
78.0 0.0 0.0
78.0 2.0 0.0
78.0 4.0 0.002295257688261306
78.0 6.0 0.0197596191797617
78.0 8.0 0.00826252741778989
78.0 10.0 0.0
78.0 12.0 0.0
78.0 14.0 0.0
78.0 16.0 0.0
78.0 18.0 0.0
78.0 20.0 0.0
78.0 22.0 0.0
78.0 24.0 0.04983079380654118
78.0 26.0 0.20440921496351824
78.0 28.0 0.3494372109647296
78.0 30.0 0.4615543010838607
78.0 32.0 0.5367120199951282
78.0 34.0 0.5549750746272176
78.0 36.0 0.5390229442835166
78.0 38.0 0.497827149825848
78.0 40.0 0.41890345533645745
78.0 42.0 0.27962578323009857
78.0 44.0 0.09217697899848985
78.0 46.0 0.003835575903607235
78.0 48.0 0.0
78.0 50.0 0.0
78.0 52.0 0.0
78.0 54.0 0.0
78.0 56.0 0.0
78.0 58.0 0.0
78.0 60.0 0.0
78.0 62.0 0.0
78.0 64.0 0.0
78.0 66.0 0.0
78.0 68.0 0.0
78.0 70.0 0.0
78.0 72.0 0.0
78.0 74.0 0.0
78.0 76.0 1.6241126918587566E-4
78.0 78.0 0.014545341543083906
78.0 80.0 0.05633181984244576
78.0 82.0 0.12165367148329569
78.0 84.0 0.21863260888645
78.0 86.0 0.31918680590374365
78.0 88.0 0.395267916096796
78.0 90.0 0.4271156070211246
78.0 92.0 0.4152892443133464
78.0 94.0 0.3697756036973204
78.0 96.0 0.2623404763218374
78.0 98.0 0.16897365856252985
78.0 100.0 0.08128287369471486
78.0 102.0 0.015405218945081615
78.0 104.0 0.0
78.0 106.0 0.0
78.0 108.0 0.0
78.0 110.0 0.0
78.0 112.0 0.0
78.0 114.0 0.0
78.0 116.0 0.0
78.0 118.0 0.0
78.0 120.0 0.0
78.0 122.0 0.0
78.0 124.0 0.0
78.0 126.0 0.0
80.0 0.0 0.0
80.0 2.0 0.0
80.0 4.0 0.0
80.0 6.0 0.0
80.0 8.0 0.0
80.0 10.0 0.0
80.0 12.0 0.0
80.0 14.0 0.0
80.0 16.0 0.0
80.0 18.0 0.0
80.0 20.0 0.0
80.0 22.0 0.0
80.0 24.0 0.03613905244982024
80.0 26.0 0.20218376632622517
80.0 28.0 0.35905648902344844
80.0 30.0 0.5165868697039303
80.0 32.0 0.5854117604591447
80.0 34.0 0.5891095016622184
80.0 36.0 0.5666181299056253
80.0 38.0 0.5194124480922444
80.0 40.0 0.4351588850056474
80.0 42.0 0.2883418530809942
80.0 44.0 0.0890492290357427
80.0 46.0 0.0027544062496493997
80.0 48.0 0.0
80.0 50.0 0.0
80.0 52.0 0.0
80.0 54.0 0.0
80.0 56.0 0.0
80.0 58.0 0.0
80.0 60.0 0.0
80.0 62.0 0.0
80.0 64.0 0.0
80.0 66.0 0.0
80.0 68.0 0.0
80.0 70.0 0.0
80.0 72.0 0.0
80.0 74.0 0.0
80.0 76.0 1.0463247236106755E-4
80.0 78.0 0.015154517037739767
80.0 80.0 0.03267159865423234
80.0 82.0 0.07306466116662748
80.0 84.0 0.11695778605786405
80.0 86.0 0.18379758614078204
80.0 88.0 0.2722539879564321
80.0 90.0 0.33411243109611083
80.0 92.0 0.34561925464977544
80.0 94.0 0.2661575844906679
80.0 96.0 0.22079097028084183
80.0 98.0 0.16932153048107104
80.0 100.0 0.11911707549417287
80.0 102.0 0.07247103353814392
80.0 104.0 0.03011868128416365
80.0 106.0 0.007589580041467817
80.0 108.0 2.0064564181743934E-4
80.0 110.0 0.0
80.0 112.0 0.0
80.0 114.0 0.0
80.0 116.0 0.0
80.0 118.0 0.0
80.0 120.0 0.0
80.0 122.0 0.0
80.0 124.0 0.0
80.0 126.0 0.0
82.0 0.0 0.0
82.0 2.0 0.0
82.0 4.0 0.0
82.0 6.0 0.0
82.0 8.0 0.0
82.0 10.0 0.0
82.0 12.0 0.0
82.0 14.0 0.0
82.0 16.0 0.0
82.0 18.0 0.0
82.0 20.0 0.0
82.0 22.0 0.0
82.0 24.0 4.015196038630569E-4
82.0 26.0 0.1617279095774671
82.0 28.0 0.34589445761708054
82.0 30.0 0.4821298072371325
82.0 32.0 0.5705911024994722
82.0 34.0 0.597565077314457
82.0 36.0 0.5740681169585884
82.0 38.0 0.5227936171672495
82.0 40.0 0.4360171939423548
82.0 42.0 0.28506558943147425
82.0 44.0 0.07961358886069815
82.0 46.0 0.005091387101572661
82.0 48.0 0.0
82.0 50.0 0.0
82.0 52.0 0.0
82.0 54.0 0.0
82.0 56.0 0.0
82.0 58.0 0.0
82.0 60.0 0.0
82.0 62.0 0.0
82.0 64.0 0.0
82.0 66.0 0.0
82.0 68.0 0.0
82.0 70.0 0.0
82.0 72.0 0.0
82.0 74.0 0.0
82.0 76.0 0.0032522633824643046
82.0 78.0 0.004938451499298708
82.0 80.0 0.010057734420451329
82.0 82.0 0.015681951450543814
82.0 84.0 0.022571288983262817
82.0 86.0 0.028886270255994426
82.0 88.0 0.04267563554417008
82.0 90.0 0.10483171432466043
82.0 92.0 0.14978438199311894
82.0 94.0 0.15182600135004296
82.0 96.0 0.1583836435662813
82.0 98.0 0.14547099003297015
82.0 100.0 0.13382040509069767
82.0 102.0 0.12639503131383736
82.0 104.0 0.1183643918196488
82.0 106.0 0.101453301277267
82.0 108.0 0.08247839849012836
82.0 110.0 0.058263281498682574
82.0 112.0 0.029317733595501435
82.0 114.0 0.006386902768748045
82.0 116.0 0.0
82.0 118.0 0.0
82.0 120.0 0.0
82.0 122.0 0.0
82.0 124.0 0.0
82.0 126.0 0.0
84.0 0.0 0.0
84.0 2.0 0.0
84.0 4.0 0.0
84.0 6.0 0.0
84.0 8.0 0.0
84.0 10.0 0.0
84.0 12.0 0.0
84.0 14.0 0.0
84.0 16.0 0.0
84.0 18.0 0.0
84.0 20.0 0.0
84.0 22.0 0.0
84.0 24.0 0.0
84.0 26.0 0.10386959301339922
84.0 28.0 0.30611231845893533
84.0 30.0 0.46302443541407073
84.0 32.0 0.5678680457318646
84.0 34.0 0.6004349490683808
84.0 36.0 0.5716878134352158
84.0 38.0 0.507063450557177
84.0 40.0 0.3509976023743731
84.0 42.0 0.21973992189441227
84.0 44.0 0.08772165957109844
84.0 46.0 0.006897730385197683
84.0 48.0 0.0
84.0 50.0 0.0
84.0 52.0 0.0
84.0 54.0 0.0
84.0 56.0 0.0
84.0 58.0 0.0
84.0 60.0 0.0
84.0 62.0 0.0
84.0 64.0 0.0
84.0 66.0 0.0
84.0 68.0 0.0
84.0 70.0 0.003023816971273101
84.0 72.0 0.0026272656054083785
84.0 74.0 0.0025247551540848504
84.0 76.0 0.0
84.0 78.0 0.0
84.0 80.0 0.0
84.0 82.0 0.0
84.0 84.0 0.0
84.0 86.0 0.0
84.0 88.0 0.0
84.0 90.0 0.0
84.0 92.0 0.012838869822862822
84.0 94.0 0.0335275454379973
84.0 96.0 0.07734457646910049
84.0 98.0 0.11500666267696008
84.0 100.0 0.13741438838783346
84.0 102.0 0.16109435167969624
84.0 104.0 0.1821828697001616
84.0 106.0 0.19196251963406952
84.0 108.0 0.1878023458516677
84.0 110.0 0.17284392191826137
84.0 112.0 0.14502061649325895
84.0 114.0 0.10907358989933762
84.0 116.0 0.0629415315428258
84.0 118.0 0.004595830683736348
84.0 120.0 0.0
84.0 122.0 0.0
84.0 124.0 0.0
84.0 126.0 0.0
86.0 0.0 0.0
86.0 2.0 0.0
86.0 4.0 0.0
86.0 6.0 0.0
86.0 8.0 0.0
86.0 10.0 0.0
86.0 12.0 0.0
86.0 14.0 0.0
86.0 16.0 0.0
86.0 18.0 0.0
86.0 20.0 0.0
86.0 22.0 0.0
86.0 24.0 0.0
86.0 26.0 0.052878828436177826
86.0 28.0 0.21245533243357337
86.0 30.0 0.3809378631752482
86.0 32.0 0.5055340826249031
86.0 34.0 0.559455202678372
86.0 36.0 0.4949333173250497
86.0 38.0 0.3989723461373476
86.0 40.0 0.3377846470584827
86.0 42.0 0.21859052899448184
86.0 44.0 0.06689506397413941
86.0 46.0 0.0061072961764155045
86.0 48.0 0.0
86.0 50.0 0.0
86.0 52.0 0.0
86.0 54.0 0.0
86.0 56.0 0.0
86.0 58.0 0.0
86.0 60.0 0.0
86.0 62.0 0.0
86.0 64.0 0.0023372536630577407
86.0 66.0 0.0497885452461028
86.0 68.0 0.07196597052912954
86.0 70.0 0.060677250244437646
86.0 72.0 0.02472970406025773
86.0 74.0 0.0
86.0 76.0 0.0
86.0 78.0 0.0
86.0 80.0 0.0
86.0 82.0 0.0
86.0 84.0 0.0
86.0 86.0 0.0
86.0 88.0 0.0
86.0 90.0 0.0
86.0 92.0 0.0
86.0 94.0 0.00743404074159178
86.0 96.0 0.0322813978264706
86.0 98.0 0.07254609934392327
86.0 100.0 0.11649701611855989
86.0 102.0 0.16692108884001244
86.0 104.0 0.21337710164816037
86.0 106.0 0.261740308854808
86.0 108.0 0.27809471823524184
86.0 110.0 0.2660971842892027
86.0 112.0 0.2404572106309845
86.0 114.0 0.20165951459650786
86.0 116.0 0.1687765232779531
86.0 118.0 0.0646551668578576
86.0 120.0 0.0024218651107071974
86.0 122.0 0.0
86.0 124.0 0.0
86.0 126.0 0.0
88.0 0.0 0.0
88.0 2.0 0.0
88.0 4.0 0.0
88.0 6.0 0.0
88.0 8.0 0.0
88.0 10.0 0.0
88.0 12.0 0.0
88.0 14.0 0.0
88.0 16.0 0.0
88.0 18.0 0.0
88.0 20.0 0.0
88.0 22.0 0.0
88.0 24.0 0.0
88.0 26.0 0.015953274772649392
88.0 28.0 0.10015596937886206
88.0 30.0 0.2415614827263662
88.0 32.0 0.3674799553175539
88.0 34.0 0.4432921819494391
88.0 36.0 0.45491073517383424
88.0 38.0 0.4104324062669562
88.0 40.0 0.2938276577839977
88.0 42.0 0.16588978219853417
88.0 44.0 0.058683682907112115
88.0 46.0 0.0026113091840730377
88.0 48.0 0.0
88.0 50.0 0.0
88.0 52.0 0.0
88.0 54.0 0.0
88.0 56.0 0.0
88.0 58.0 0.0
88.0 60.0 0.0
88.0 62.0 0.04206405437047397
88.0 64.0 0.1376285371587659
88.0 66.0 0.18180246108077336
88.0 68.0 0.19824701974916856
88.0 70.0 0.13630053114099483
88.0 72.0 0.0440444930726017
88.0 74.0 0.00570763336388317
88.0 76.0 0.0
88.0 78.0 0.0
88.0 80.0 0.0
88.0 82.0 0.0
88.0 84.0 0.0
88.0 86.0 0.0
88.0 88.0 0.0
88.0 90.0 0.0
88.0 92.0 0.0
88.0 94.0 0.0
88.0 96.0 0.01014596615636329
88.0 98.0 0.052797295548339895
88.0 100.0 0.1024856803434659
88.0 102.0 0.15887696210446903
88.0 104.0 0.2181374033587176
88.0 106.0 0.27611271247841784
88.0 108.0 0.31399221626506163
88.0 110.0 0.32174065327758855
88.0 112.0 0.30480865244318417
88.0 114.0 0.2700329152364286
88.0 116.0 0.23764949055478257
88.0 118.0 0.1434519069554945
88.0 120.0 0.02343672582241517
88.0 122.0 0.0
88.0 124.0 0.0
88.0 126.0 0.0
90.0 0.0 0.0
90.0 2.0 0.0
90.0 4.0 0.0
90.0 6.0 0.0
90.0 8.0 0.0
90.0 10.0 0.0
90.0 12.0 0.0
90.0 14.0 0.0
90.0 16.0 0.0
90.0 18.0 0.0
90.0 20.0 0.0
90.0 22.0 0.0
90.0 24.0 0.0
90.0 26.0 0.001085467403762118
90.0 28.0 0.035730430544891646
90.0 30.0 0.13072470153453453
90.0 32.0 0.22903977925317523
90.0 34.0 0.3013580026020746
90.0 36.0 0.3387375927353638
90.0 38.0 0.3199601791098423
90.0 40.0 0.24957382679545512
90.0 42.0 0.12843770913436553
90.0 44.0 0.010891969218070471
90.0 46.0 0.0
90.0 48.0 0.0
90.0 50.0 0.0
90.0 52.0 0.0
90.0 54.0 0.0
90.0 56.0 0.0
90.0 58.0 0.0
90.0 60.0 0.08943415323363724
90.0 62.0 0.20854696690213878
90.0 64.0 0.2825378484006734
90.0 66.0 0.33567201239339056
90.0 68.0 0.31939363978459673
90.0 70.0 0.23061890754676476
90.0 72.0 0.09449943339450506
90.0 74.0 0.013583739523930783
90.0 76.0 6.933585352069979E-4
90.0 78.0 0.0
90.0 80.0 0.0
90.0 82.0 0.0
90.0 84.0 0.0
90.0 86.0 0.0
90.0 88.0 0.0
90.0 90.0 0.0
90.0 92.0 0.0
90.0 94.0 0.0
90.0 96.0 4.5542509769099323E-4
90.0 98.0 0.028845367155540074
90.0 100.0 0.0705092051621782
90.0 102.0 0.1349675924828808
90.0 104.0 0.19958981904391251
90.0 106.0 0.2700004105486606
90.0 108.0 0.3181421658374632
90.0 110.0 0.3405527424199221
90.0 112.0 0.33465098731419124
90.0 114.0 0.3083424542867666
90.0 116.0 0.26090209109130585
90.0 118.0 0.2126306603041955
90.0 120.0 0.07414441454956826
90.0 122.0 0.0
90.0 124.0 0.0
90.0 126.0 0.0
92.0 0.0 0.0
92.0 2.0 0.0
92.0 4.0 0.0
92.0 6.0 0.0
92.0 8.0 6.092905310955438E-4
92.0 10.0 0.0
92.0 12.0 0.0
92.0 14.0 0.0
92.0 16.0 0.0
92.0 18.0 0.0
92.0 20.0 0.0
92.0 22.0 0.0
92.0 24.0 0.0
92.0 26.0 0.0
92.0 28.0 6.503226607614337E-4
92.0 30.0 0.049162768331779655
92.0 32.0 0.1292613226514213
92.0 34.0 0.20041541045089065
92.0 36.0 0.2455614182069931
92.0 38.0 0.23118552834021397
92.0 40.0 0.15763381154294812
92.0 42.0 0.04128719780553062
92.0 44.0 0.0
92.0 46.0 0.0
92.0 48.0 0.0
92.0 50.0 0.0
92.0 52.0 0.0
92.0 54.0 0.0
92.0 56.0 0.0
92.0 58.0 0.08647728510930221
92.0 60.0 0.2278864700539955
92.0 62.0 0.3281611814631246
92.0 64.0 0.39077382814492884
92.0 66.0 0.45348343413782505
92.0 68.0 0.43194685259202664
92.0 70.0 0.358636370170239
92.0 72.0 0.1994198503953418
92.0 74.0 0.038858162468877654
92.0 76.0 0.003123915647878534
92.0 78.0 0.0
92.0 80.0 0.0
92.0 82.0 0.0
92.0 84.0 0.0
92.0 86.0 0.0
92.0 88.0 0.0
92.0 90.0 0.0
92.0 92.0 0.0
92.0 94.0 0.0
92.0 96.0 0.0
92.0 98.0 0.009902790182031539
92.0 100.0 0.03301536116392696
92.0 102.0 0.0918799769321453
92.0 104.0 0.17785443086133076
92.0 106.0 0.24013871520941646
92.0 108.0 0.2942378559325925
92.0 110.0 0.3289524169540438
92.0 112.0 0.3364519661462862
92.0 114.0 0.3196517929342668
92.0 116.0 0.2809561650188051
92.0 118.0 0.24138117205842538
92.0 120.0 0.12301515664444179
92.0 122.0 0.0
92.0 124.0 0.0
92.0 126.0 0.0
94.0 0.0 0.0
94.0 2.0 0.0
94.0 4.0 0.0
94.0 6.0 0.0
94.0 8.0 0.0067130470704828615
94.0 10.0 0.0
94.0 12.0 0.0
94.0 14.0 0.0
94.0 16.0 0.0
94.0 18.0 0.0
94.0 20.0 0.0
94.0 22.0 0.0
94.0 24.0 0.0
94.0 26.0 0.0
94.0 28.0 0.0047839971111180634
94.0 30.0 0.02050452896572472
94.0 32.0 0.07330465742209787
94.0 34.0 0.13265645845123156
94.0 36.0 0.16771433683833348
94.0 38.0 0.1361180295146769
94.0 40.0 0.05162144047201702
94.0 42.0 0.0
94.0 44.0 0.0
94.0 46.0 0.0
94.0 48.0 0.0
94.0 50.0 0.0
94.0 52.0 0.0
94.0 54.0 0.0
94.0 56.0 0.03963380568472393
94.0 58.0 0.18669805276189297
94.0 60.0 0.31519846814217223
94.0 62.0 0.40628052136723297
94.0 64.0 0.4634339276616511
94.0 66.0 0.5195569503541497
94.0 68.0 0.5101024079028613
94.0 70.0 0.4647332843717929
94.0 72.0 0.32599049312973655
94.0 74.0 0.09250964365691083
94.0 76.0 0.0056132929491127075
94.0 78.0 0.0
94.0 80.0 0.0
94.0 82.0 0.0
94.0 84.0 0.0
94.0 86.0 0.0
94.0 88.0 0.0
94.0 90.0 0.0
94.0 92.0 0.0
94.0 94.0 0.0
94.0 96.0 0.0
94.0 98.0 0.0
94.0 100.0 0.010852271552216193
94.0 102.0 0.05186927010991369
94.0 104.0 0.13046519170181664
94.0 106.0 0.1964887411601455
94.0 108.0 0.24367745572718721
94.0 110.0 0.29030496759211505
94.0 112.0 0.3122828159729802
94.0 114.0 0.3092028335516071
94.0 116.0 0.306321355069965
94.0 118.0 0.23182395645109688
94.0 120.0 0.0
94.0 122.0 0.0
94.0 124.0 0.0
94.0 126.0 0.0
96.0 0.0 0.0
96.0 2.0 0.0
96.0 4.0 0.0
96.0 6.0 0.0
96.0 8.0 0.0
96.0 10.0 0.027796688734718595
96.0 12.0 0.0
96.0 14.0 0.0
96.0 16.0 0.0
96.0 18.0 0.0
96.0 20.0 0.0
96.0 22.0 0.0
96.0 24.0 0.0
96.0 26.0 0.0
96.0 28.0 0.0
96.0 30.0 0.013439921927635476
96.0 32.0 0.05141236603484997
96.0 34.0 0.09853277482087107
96.0 36.0 0.11053096778148637
96.0 38.0 0.05264156476453389
96.0 40.0 0.0014998016203620651
96.0 42.0 0.0
96.0 44.0 0.0
96.0 46.0 0.0
96.0 48.0 0.0
96.0 50.0 0.0
96.0 52.0 0.0
96.0 54.0 0.0
96.0 56.0 0.0855456009520617
96.0 58.0 0.23609103166355752
96.0 60.0 0.35993562768381904
96.0 62.0 0.4498409455821581
96.0 64.0 0.5072570568668932
96.0 66.0 0.54127331655311
96.0 68.0 0.5442777830341317
96.0 70.0 0.5188715537770097
96.0 72.0 0.4147426371579988
96.0 74.0 0.214453206736309
96.0 76.0 0.01926829062980807
96.0 78.0 0.0
96.0 80.0 0.0
96.0 82.0 0.0
96.0 84.0 0.0
96.0 86.0 0.0
96.0 88.0 0.0
96.0 90.0 0.0
96.0 92.0 0.0
96.0 94.0 0.0
96.0 96.0 0.0
96.0 98.0 0.0
96.0 100.0 0.002789268489487332
96.0 102.0 0.02211805816220731
96.0 104.0 0.08729678241355569
96.0 106.0 0.1597333923838353
96.0 108.0 0.21216114152402463
96.0 110.0 0.24545745090775437
96.0 112.0 0.2824898649664345
96.0 114.0 0.2924104900694589
96.0 116.0 0.2935036874459896
96.0 118.0 0.2289830937642722
96.0 120.0 0.0
96.0 122.0 0.0
96.0 124.0 0.0
96.0 126.0 0.0
98.0 0.0 0.0
98.0 2.0 0.0
98.0 4.0 0.0
98.0 6.0 0.0
98.0 8.0 0.0
98.0 10.0 0.0
98.0 12.0 0.031242773002178762
98.0 14.0 0.0
98.0 16.0 0.0
98.0 18.0 0.0
98.0 20.0 0.0
98.0 22.0 0.0
98.0 24.0 0.0
98.0 26.0 0.0
98.0 28.0 0.0016764426619185356
98.0 30.0 0.017311810710386986
98.0 32.0 0.0486792911710855
98.0 34.0 0.08345750074664371
98.0 36.0 0.07133373833759267
98.0 38.0 0.017549793000994702
98.0 40.0 0.0
98.0 42.0 0.0
98.0 44.0 0.0
98.0 46.0 0.0
98.0 48.0 0.0
98.0 50.0 0.0
98.0 52.0 0.0
98.0 54.0 3.232022648197267E-4
98.0 56.0 0.08849852438531565
98.0 58.0 0.23858985828696633
98.0 60.0 0.3656716239437778
98.0 62.0 0.4611130516333415
98.0 64.0 0.5238749756879572
98.0 66.0 0.549895034080702
98.0 68.0 0.5565326355016154
98.0 70.0 0.5272780739074031
98.0 72.0 0.48798043310861555
98.0 74.0 0.31716048795175095
98.0 76.0 0.06199366849613672
98.0 78.0 0.0
98.0 80.0 0.0
98.0 82.0 0.0
98.0 84.0 0.0
98.0 86.0 0.0
98.0 88.0 0.0
98.0 90.0 0.0
98.0 92.0 0.0
98.0 94.0 0.0
98.0 96.0 0.0
98.0 98.0 0.0
98.0 100.0 0.0
98.0 102.0 0.003861661970237812
98.0 104.0 0.05365686923504912
98.0 106.0 0.1203373608387928
98.0 108.0 0.16924984609572788
98.0 110.0 0.20269536581086378
98.0 112.0 0.2507255211697235
98.0 114.0 0.2707875203632335
98.0 116.0 0.27897669753405835
98.0 118.0 0.0
98.0 120.0 0.0
98.0 122.0 0.0
98.0 124.0 0.0
98.0 126.0 0.0
100.0 0.0 0.0
100.0 2.0 0.0
100.0 4.0 0.0
100.0 6.0 0.0
100.0 8.0 0.0
100.0 10.0 0.0
100.0 12.0 0.05842691516388925
100.0 14.0 0.0
100.0 16.0 0.0
100.0 18.0 0.0
100.0 20.0 0.0
100.0 22.0 0.0
100.0 24.0 0.0
100.0 26.0 0.0
100.0 28.0 5.171676086597666E-4
100.0 30.0 0.0157769672821645
100.0 32.0 0.045402253071022025
100.0 34.0 0.08650226555146123
100.0 36.0 0.046814365014663524
100.0 38.0 0.0026381446918296142
100.0 40.0 0.0
100.0 42.0 0.0
100.0 44.0 0.0
100.0 46.0 0.0
100.0 48.0 0.0
100.0 50.0 0.0
100.0 52.0 0.0
100.0 54.0 0.0
100.0 56.0 0.06312589331162877
100.0 58.0 0.20005556662363067
100.0 60.0 0.331858257046156
100.0 62.0 0.43691287490623676
100.0 64.0 0.5057233994056319
100.0 66.0 0.5250081225147234
100.0 68.0 0.5372750445138669
100.0 70.0 0.5183218592524506
100.0 72.0 0.5279434541533367
100.0 74.0 0.3983859710225845
100.0 76.0 0.14178337193994417
100.0 78.0 0.004898385723169324
100.0 80.0 0.0
100.0 82.0 0.0
100.0 84.0 0.0
100.0 86.0 0.0
100.0 88.0 0.0
100.0 90.0 0.0
100.0 92.0 0.0
100.0 94.0 0.0
100.0 96.0 0.0
100.0 98.0 0.0
100.0 100.0 0.0
100.0 102.0 0.0
100.0 104.0 0.02796481484788163
100.0 106.0 0.1033655600085629
100.0 108.0 0.14669683600501854
100.0 110.0 0.18191451407902579
100.0 112.0 0.23515834723511964
100.0 114.0 0.25725449379377796
100.0 116.0 0.0
100.0 118.0 0.0
100.0 120.0 0.0
100.0 122.0 0.0
100.0 124.0 0.0
100.0 126.0 0.0
102.0 0.0 0.0
102.0 2.0 0.0
102.0 4.0 0.0
102.0 6.0 0.0
102.0 8.0 0.0
102.0 10.0 0.0
102.0 12.0 0.0
102.0 14.0 0.10533144774695676
102.0 16.0 0.0
102.0 18.0 0.0
102.0 20.0 0.0
102.0 22.0 0.0
102.0 24.0 0.0
102.0 26.0 0.003539126583662996
102.0 28.0 0.017454020012176035
102.0 30.0 0.05022303891067953
102.0 32.0 0.0860891872302767
102.0 34.0 0.10060328168062316
102.0 36.0 0.04673005494535037
102.0 38.0 0.0
102.0 40.0 0.0
102.0 42.0 0.0
102.0 44.0 0.0
102.0 46.0 0.0
102.0 48.0 0.0
102.0 50.0 0.0
102.0 52.0 0.0
102.0 54.0 0.0
102.0 56.0 0.0309604257327641
102.0 58.0 0.1444581882944739
102.0 60.0 0.26795460662633636
102.0 62.0 0.3752060595887858
102.0 64.0 0.4557888301703669
102.0 66.0 0.5071107794332638
102.0 68.0 0.5295220133583743
102.0 70.0 0.5218889647498498
102.0 72.0 0.5287337992904576
102.0 74.0 0.45863954720150946
102.0 76.0 0.24388575630879342
102.0 78.0 0.018703761004108397
102.0 80.0 0.0
102.0 82.0 0.0
102.0 84.0 0.0
102.0 86.0 0.0
102.0 88.0 0.0
102.0 90.0 0.0
102.0 92.0 0.0
102.0 94.0 0.0
102.0 96.0 0.0
102.0 98.0 0.0
102.0 100.0 0.0
102.0 102.0 0.0
102.0 104.0 0.012423013402622229
102.0 106.0 0.09018079097619212
102.0 108.0 0.14499198167135016
102.0 110.0 0.18692221302451326
102.0 112.0 0.23737659775987432
102.0 114.0 0.0
102.0 116.0 0.0
102.0 118.0 0.0
102.0 120.0 0.0
102.0 122.0 0.0
102.0 124.0 0.0
102.0 126.0 0.0
104.0 0.0 0.0
104.0 2.0 0.0
104.0 4.0 0.0
104.0 6.0 0.0
104.0 8.0 0.0
104.0 10.0 0.0
104.0 12.0 0.0
104.0 14.0 0.0
104.0 16.0 0.1632301308646197
104.0 18.0 0.005836782972577983
104.0 20.0 0.0
104.0 22.0 0.0
104.0 24.0 0.004402516897357687
104.0 26.0 0.05727641154962513
104.0 28.0 0.06922676603977136
104.0 30.0 0.09068629862275322
104.0 32.0 0.13309165430114922
104.0 34.0 0.12817622280580407
104.0 36.0 0.04099627657667754
104.0 38.0 0.0
104.0 40.0 0.0
104.0 42.0 0.0
104.0 44.0 0.0
104.0 46.0 0.0
104.0 48.0 0.0
104.0 50.0 0.0
104.0 52.0 0.0
104.0 54.0 0.0
104.0 56.0 0.009324705816774562
104.0 58.0 0.08764371875041793
104.0 60.0 0.20567111035714092
104.0 62.0 0.3892450414487845
104.0 64.0 0.4890469586392375
104.0 66.0 0.5245915653325814
104.0 68.0 0.4800135265243788
104.0 70.0 0.4932276735924832
104.0 72.0 0.5518300658768897
104.0 74.0 0.49373483645456856
104.0 76.0 0.3468196632914486
104.0 78.0 0.048584972969344685
104.0 80.0 0.0
104.0 82.0 0.0
104.0 84.0 0.0
104.0 86.0 0.0
104.0 88.0 0.0
104.0 90.0 0.0
104.0 92.0 0.0
104.0 94.0 0.0
104.0 96.0 0.0
104.0 98.0 0.0
104.0 100.0 0.0
104.0 102.0 0.0
104.0 104.0 0.0012870034829736779
104.0 106.0 0.0638860153304407
104.0 108.0 0.14973686228435953
104.0 110.0 0.20396836129633344
104.0 112.0 0.2513802812591499
104.0 114.0 0.0
104.0 116.0 0.0
104.0 118.0 0.0
104.0 120.0 0.0
104.0 122.0 0.0
104.0 124.0 0.0
104.0 126.0 0.0
106.0 0.0 0.0
106.0 2.0 0.0
106.0 4.0 0.0
106.0 6.0 0.0
106.0 8.0 0.0
106.0 10.0 0.0
106.0 12.0 0.0
106.0 14.0 0.0
106.0 16.0 0.0
106.0 18.0 0.18168454702084358
106.0 20.0 0.009090281644679486
106.0 22.0 0.01611471349652759
106.0 24.0 0.035726205847521945
106.0 26.0 0.10295424408577503
106.0 28.0 0.14142894022115343
106.0 30.0 0.156516600209387
106.0 32.0 0.1704804358925385
106.0 34.0 0.14142419903252365
106.0 36.0 0.05120079905944325
106.0 38.0 0.0
106.0 40.0 0.0
106.0 42.0 0.0
106.0 44.0 0.0
106.0 46.0 0.0
106.0 48.0 0.0
106.0 50.0 0.0
106.0 52.0 0.0
106.0 54.0 0.0
106.0 56.0 9.390807023798858E-4
106.0 58.0 0.04571099580092916
106.0 60.0 0.1458763233471335
106.0 62.0 0.31969262368744883
106.0 64.0 0.43199768534704935
106.0 66.0 0.5150400396770782
106.0 68.0 0.5068238535919232
106.0 70.0 0.4832910687208342
106.0 72.0 0.5235247422468607
106.0 74.0 0.5075659790393697
106.0 76.0 0.42180800896093
106.0 78.0 0.135348855242473
106.0 80.0 0.003967398460928696
106.0 82.0 0.0
106.0 84.0 0.0
106.0 86.0 0.0
106.0 88.0 0.0
106.0 90.0 0.0
106.0 92.0 0.0
106.0 94.0 0.0
106.0 96.0 0.0
106.0 98.0 0.0
106.0 100.0 0.0
106.0 102.0 0.0
106.0 104.0 0.0
106.0 106.0 0.0441458234187293
106.0 108.0 0.14566723755400304
106.0 110.0 0.22643032968308663
106.0 112.0 0.0
106.0 114.0 0.0
106.0 116.0 0.0
106.0 118.0 0.0
106.0 120.0 0.0
106.0 122.0 0.0
106.0 124.0 0.0
106.0 126.0 0.0
108.0 0.0 0.0
108.0 2.0 0.0
108.0 4.0 0.0
108.0 6.0 0.0
108.0 8.0 0.0
108.0 10.0 0.0
108.0 12.0 0.0
108.0 14.0 0.0
108.0 16.0 0.0
108.0 18.0 0.0
108.0 20.0 0.22663871341100775
108.0 22.0 0.10263336740774187
108.0 24.0 0.14867222099222918
108.0 26.0 0.1760598963070852
108.0 28.0 0.18524384848956776
108.0 30.0 0.22089593884416212
108.0 32.0 0.2142791362631918
108.0 34.0 0.1666811284782207
108.0 36.0 0.07011501076911344
108.0 38.0 0.002369715229743673
108.0 40.0 0.0
108.0 42.0 0.0
108.0 44.0 0.0
108.0 46.0 0.0
108.0 48.0 0.0
108.0 50.0 0.0
108.0 52.0 0.0
108.0 54.0 0.0
108.0 56.0 0.0
108.0 58.0 0.0182245472079841
108.0 60.0 0.09655421279331183
108.0 62.0 0.24093621279648036
108.0 64.0 0.3609833600268339
108.0 66.0 0.47883964510266547
108.0 68.0 0.5204696787272668
108.0 70.0 0.47460803464767626
108.0 72.0 0.4731019841572546
108.0 74.0 0.5129059422601905
108.0 76.0 0.45340079660902655
108.0 78.0 0.24782653153302422
108.0 80.0 0.020293631138935304
108.0 82.0 0.0
108.0 84.0 0.0
108.0 86.0 0.0
108.0 88.0 0.0
108.0 90.0 0.0
108.0 92.0 0.0
108.0 94.0 0.0
108.0 96.0 0.0
108.0 98.0 0.0
108.0 100.0 0.0
108.0 102.0 0.0
108.0 104.0 0.0
108.0 106.0 0.013943660609491362
108.0 108.0 0.12166823803721244
108.0 110.0 0.0
108.0 112.0 0.0
108.0 114.0 0.0
108.0 116.0 0.0
108.0 118.0 0.0
108.0 120.0 0.0
108.0 122.0 0.0
108.0 124.0 0.0
108.0 126.0 0.0
110.0 0.0 0.0
110.0 2.0 0.0
110.0 4.0 0.0
110.0 6.0 0.0
110.0 8.0 0.0
110.0 10.0 0.0
110.0 12.0 0.0
110.0 14.0 0.0
110.0 16.0 0.0
110.0 18.0 0.0
110.0 20.0 0.0
110.0 22.0 0.2429831985957227
110.0 24.0 0.2326954810170685
110.0 26.0 0.2628720428463414
110.0 28.0 0.28487586624359673
110.0 30.0 0.28939077127675167
110.0 32.0 0.2671759283980033
110.0 34.0 0.1903702636855781
110.0 36.0 0.10380137222950954
110.0 38.0 0.0036560778469174435
110.0 40.0 0.0
110.0 42.0 0.0
110.0 44.0 0.0
110.0 46.0 0.0
110.0 48.0 0.0
110.0 50.0 0.0
110.0 52.0 0.0
110.0 54.0 0.0
110.0 56.0 0.0
110.0 58.0 0.004635054070139432
110.0 60.0 0.05193925981540896
110.0 62.0 0.15754873617177206
110.0 64.0 0.282459292004376
110.0 66.0 0.455729254371762
110.0 68.0 0.49444239478230617
110.0 70.0 0.45746000950809734
110.0 72.0 0.45921389326849366
110.0 74.0 0.4873416719720877
110.0 76.0 0.46791678447992524
110.0 78.0 0.3305286213691953
110.0 80.0 0.0629732425362088
110.0 82.0 0.0
110.0 84.0 0.0
110.0 86.0 0.0
110.0 88.0 0.0
110.0 90.0 0.0
110.0 92.0 0.0
110.0 94.0 0.0
110.0 96.0 0.0
110.0 98.0 0.0
110.0 100.0 0.0
110.0 102.0 0.0
110.0 104.0 0.0
110.0 106.0 0.0
110.0 108.0 0.0
110.0 110.0 0.0
110.0 112.0 0.0
110.0 114.0 0.0
110.0 116.0 0.0
110.0 118.0 0.0
110.0 120.0 0.0
110.0 122.0 0.0
110.0 124.0 0.0
110.0 126.0 0.0
112.0 0.0 0.0
112.0 2.0 0.0
112.0 4.0 0.0
112.0 6.0 0.0
112.0 8.0 0.0
112.0 10.0 0.0
112.0 12.0 0.0
112.0 14.0 0.0
112.0 16.0 0.0
112.0 18.0 0.0
112.0 20.0 0.0
112.0 22.0 0.0
112.0 24.0 0.24259006586590115
112.0 26.0 0.3138794862235949
112.0 28.0 0.33086429750123714
112.0 30.0 0.3344305688619702
112.0 32.0 0.30613154912849727
112.0 34.0 0.22774619444377442
112.0 36.0 0.12423729838143222
112.0 38.0 0.01125868521485574
112.0 40.0 0.0
112.0 42.0 0.0
112.0 44.0 0.0
112.0 46.0 0.0
112.0 48.0 0.0
112.0 50.0 0.0
112.0 52.0 0.0
112.0 54.0 0.0
112.0 56.0 0.0
112.0 58.0 0.0
112.0 60.0 0.014706152653129361
112.0 62.0 0.08471977546140146
112.0 64.0 0.20480809144919185
112.0 66.0 0.37221878464720404
112.0 68.0 0.4900534509687657
112.0 70.0 0.4555015205793782
112.0 72.0 0.4288364338377733
112.0 74.0 0.46046896219825634
112.0 76.0 0.46868464744394167
112.0 78.0 0.37556221583513477
112.0 80.0 0.13060760201888233
112.0 82.0 0.004084201708868622
112.0 84.0 0.0
112.0 86.0 0.0
112.0 88.0 0.0
112.0 90.0 0.0
112.0 92.0 0.0
112.0 94.0 0.0
112.0 96.0 0.0
112.0 98.0 0.0
112.0 100.0 0.0
112.0 102.0 0.0
112.0 104.0 0.0
112.0 106.0 0.0
112.0 108.0 0.0
112.0 110.0 0.0
112.0 112.0 0.0
112.0 114.0 0.0
112.0 116.0 0.0
112.0 118.0 0.0
112.0 120.0 0.0
112.0 122.0 0.0
112.0 124.0 0.0
112.0 126.0 0.0
114.0 0.0 0.0
114.0 2.0 0.0
114.0 4.0 0.0
114.0 6.0 0.0
114.0 8.0 0.0
114.0 10.0 0.0
114.0 12.0 0.0
114.0 14.0 0.0
114.0 16.0 0.0
114.0 18.0 0.0
114.0 20.0 0.0
114.0 22.0 0.0
114.0 24.0 0.0
114.0 26.0 0.24562756756998536
114.0 28.0 0.35210291158824597
114.0 30.0 0.34307582030487477
114.0 32.0 0.31962537328633345
114.0 34.0 0.2578732821016257
114.0 36.0 0.15894102547345776
114.0 38.0 0.02138591790860571
114.0 40.0 0.0
114.0 42.0 0.0
114.0 44.0 0.0
114.0 46.0 0.0
114.0 48.0 0.0
114.0 50.0 0.0
114.0 52.0 0.0
114.0 54.0 0.0
114.0 56.0 0.0
114.0 58.0 0.0
114.0 60.0 0.0
114.0 62.0 0.0162339050575794
114.0 64.0 0.11807854304219789
114.0 66.0 0.26557852695360423
114.0 68.0 0.40731123594556023
114.0 70.0 0.4888082147813025
114.0 72.0 0.4090092488415403
114.0 74.0 0.4067566871940606
114.0 76.0 0.4535729843858575
114.0 78.0 0.3882319279135537
114.0 80.0 0.19924542901453957
114.0 82.0 0.011447404266382563
114.0 84.0 0.0
114.0 86.0 0.0
114.0 88.0 0.0
114.0 90.0 0.0
114.0 92.0 0.0
114.0 94.0 0.0
114.0 96.0 0.0
114.0 98.0 0.0
114.0 100.0 0.0
114.0 102.0 0.0
114.0 104.0 0.0
114.0 106.0 0.0
114.0 108.0 0.0
114.0 110.0 0.0
114.0 112.0 0.0
114.0 114.0 0.0
114.0 116.0 0.0
114.0 118.0 0.0
114.0 120.0 0.0
114.0 122.0 0.0
114.0 124.0 0.0
114.0 126.0 0.0
116.0 0.0 0.0
116.0 2.0 0.0
116.0 4.0 0.0
116.0 6.0 0.0
116.0 8.0 0.0
116.0 10.0 0.0
116.0 12.0 0.0
116.0 14.0 0.0
116.0 16.0 0.0
116.0 18.0 0.0
116.0 20.0 0.0
116.0 22.0 0.0
116.0 24.0 0.0
116.0 26.0 0.0
116.0 28.0 0.18232546533269745
116.0 30.0 0.36748577772419616
116.0 32.0 0.34034027153618535
116.0 34.0 0.2923920932785424
116.0 36.0 0.2254663279154292
116.0 38.0 0.05715373912623776
116.0 40.0 0.003081738510817193
116.0 42.0 0.0
116.0 44.0 0.0
116.0 46.0 0.0
116.0 48.0 0.0
116.0 50.0 0.0
116.0 52.0 0.0
116.0 54.0 0.0
116.0 56.0 0.0
116.0 58.0 0.0
116.0 60.0 0.0
116.0 62.0 0.0
116.0 64.0 0.028338597109857627
116.0 66.0 0.15751832448113887
116.0 68.0 0.30920152875167983
116.0 70.0 0.4224790474374092
116.0 72.0 0.4171344954684774
116.0 74.0 0.4021348712705864
116.0 76.0 0.38324294171275125
116.0 78.0 0.3923350960661755
116.0 80.0 0.24961500543961035
116.0 82.0 0.024157160699827873
116.0 84.0 0.0
116.0 86.0 0.0
116.0 88.0 0.0
116.0 90.0 0.0
116.0 92.0 0.0
116.0 94.0 0.0
116.0 96.0 0.0
116.0 98.0 0.0
116.0 100.0 0.0
116.0 102.0 0.0
116.0 104.0 0.0
116.0 106.0 0.0
116.0 108.0 0.0
116.0 110.0 0.0
116.0 112.0 0.0
116.0 114.0 0.0
116.0 116.0 0.0
116.0 118.0 0.0
116.0 120.0 0.0
116.0 122.0 0.0
116.0 124.0 0.0
116.0 126.0 0.0
118.0 0.0 0.0
118.0 2.0 0.0
118.0 4.0 0.0
118.0 6.0 0.0
118.0 8.0 0.0
118.0 10.0 0.0
118.0 12.0 0.0
118.0 14.0 0.0
118.0 16.0 0.0
118.0 18.0 0.0
118.0 20.0 0.0
118.0 22.0 0.0
118.0 24.0 0.0
118.0 26.0 0.0
118.0 28.0 0.0
118.0 30.0 0.0
118.0 32.0 0.16252965589090995
118.0 34.0 0.3650348091526639
118.0 36.0 0.3041217336437999
118.0 38.0 0.1721318174118249
118.0 40.0 0.03377675325451488
118.0 42.0 0.0
118.0 44.0 0.0
118.0 46.0 0.0
118.0 48.0 0.0
118.0 50.0 0.0
118.0 52.0 0.0
118.0 54.0 0.0
118.0 56.0 0.0
118.0 58.0 0.0
118.0 60.0 0.0
118.0 62.0 0.0
118.0 64.0 0.0
118.0 66.0 0.04789638499806983
118.0 68.0 0.19175648865468897
118.0 70.0 0.3317785268778897
118.0 72.0 0.3613169768140867
118.0 74.0 0.3965616213916853
118.0 76.0 0.3898988962171177
118.0 78.0 0.3607628764721497
118.0 80.0 0.2850731313749473
118.0 82.0 0.07302089442780679
118.0 84.0 0.0024650424639824716
118.0 86.0 0.0
118.0 88.0 0.0
118.0 90.0 0.0
118.0 92.0 0.0
118.0 94.0 0.0
118.0 96.0 0.0
118.0 98.0 0.0
118.0 100.0 0.0
118.0 102.0 0.0
118.0 104.0 0.0
118.0 106.0 0.0
118.0 108.0 0.0
118.0 110.0 0.0
118.0 112.0 0.0
118.0 114.0 0.0
118.0 116.0 0.0
118.0 118.0 0.0
118.0 120.0 0.0
118.0 122.0 0.0
118.0 124.0 0.0
118.0 126.0 0.0
120.0 0.0 0.0
120.0 2.0 0.0
120.0 4.0 0.0
120.0 6.0 0.0
120.0 8.0 0.0
120.0 10.0 0.0
120.0 12.0 0.0
120.0 14.0 0.0
120.0 16.0 0.0
120.0 18.0 0.0
120.0 20.0 0.0
120.0 22.0 0.0
120.0 24.0 0.0
120.0 26.0 0.0
120.0 28.0 0.0
120.0 30.0 0.0
120.0 32.0 0.0
120.0 34.0 0.0
120.0 36.0 0.09644135967591039
120.0 38.0 0.22601013246381008
120.0 40.0 0.1088768654942786
120.0 42.0 0.022709111580558522
120.0 44.0 0.0
120.0 46.0 0.0
120.0 48.0 0.0
120.0 50.0 0.0
120.0 52.0 0.0
120.0 54.0 0.0
120.0 56.0 0.0
120.0 58.0 0.0
120.0 60.0 0.0
120.0 62.0 0.0
120.0 64.0 0.0
120.0 66.0 0.0
120.0 68.0 0.06570635366998451
120.0 70.0 0.20904463026736522
120.0 72.0 0.30261653785194803
120.0 74.0 0.35782859268362627
120.0 76.0 0.3676109778062126
120.0 78.0 0.3338954016852152
120.0 80.0 0.2986246352462954
120.0 82.0 0.15506053233237982
120.0 84.0 0.013214144894171971
120.0 86.0 0.0
120.0 88.0 0.0
120.0 90.0 0.0
120.0 92.0 0.0
120.0 94.0 0.0
120.0 96.0 0.0
120.0 98.0 0.0
120.0 100.0 0.0
120.0 102.0 0.0
120.0 104.0 0.0
120.0 106.0 0.0
120.0 108.0 0.0
120.0 110.0 0.0
120.0 112.0 0.0
120.0 114.0 0.0
120.0 116.0 0.0
120.0 118.0 0.0
120.0 120.0 0.0
120.0 122.0 0.0
120.0 124.0 0.0
120.0 126.0 0.0
122.0 0.0 0.0
122.0 2.0 0.0
122.0 4.0 0.0
122.0 6.0 0.0
122.0 8.0 0.0
122.0 10.0 0.0
122.0 12.0 0.0
122.0 14.0 0.0
122.0 16.0 0.0
122.0 18.0 0.0
122.0 20.0 0.0
122.0 22.0 0.0
122.0 24.0 0.0
122.0 26.0 0.0
122.0 28.0 0.0
122.0 30.0 0.0
122.0 32.0 0.0
122.0 34.0 0.0
122.0 36.0 0.0
122.0 38.0 0.0
122.0 40.0 0.0
122.0 42.0 0.0
122.0 44.0 0.0
122.0 46.0 0.0
122.0 48.0 0.0
122.0 50.0 0.0
122.0 52.0 0.0
122.0 54.0 0.0
122.0 56.0 0.0
122.0 58.0 0.0
122.0 60.0 0.0
122.0 62.0 0.0
122.0 64.0 0.0
122.0 66.0 0.0
122.0 68.0 0.0015178241619830818
122.0 70.0 0.10364216032131025
122.0 72.0 0.22548150975418865
122.0 74.0 0.29651629993845935
122.0 76.0 0.3228211468144841
122.0 78.0 0.3091975404137886
122.0 80.0 0.30070740688364705
122.0 82.0 0.2100176745067219
122.0 84.0 0.08032026033137728
122.0 86.0 0.003130215102715436
122.0 88.0 0.0
122.0 90.0 0.0
122.0 92.0 0.0
122.0 94.0 0.0
122.0 96.0 0.0
122.0 98.0 0.0
122.0 100.0 0.0
122.0 102.0 0.0
122.0 104.0 0.0
122.0 106.0 0.0
122.0 108.0 0.0
122.0 110.0 0.0
122.0 112.0 0.0
122.0 114.0 0.0
122.0 116.0 0.0
122.0 118.0 0.0
122.0 120.0 0.0
122.0 122.0 0.0
122.0 124.0 0.0
122.0 126.0 0.0
124.0 0.0 0.0
124.0 2.0 0.0
124.0 4.0 0.0
124.0 6.0 0.0
124.0 8.0 0.0
124.0 10.0 0.0
124.0 12.0 0.0
124.0 14.0 0.0
124.0 16.0 0.0
124.0 18.0 0.0
124.0 20.0 0.0
124.0 22.0 0.0
124.0 24.0 0.0
124.0 26.0 0.0
124.0 28.0 0.0
124.0 30.0 0.0
124.0 32.0 0.0
124.0 34.0 0.0
124.0 36.0 0.0
124.0 38.0 0.0
124.0 40.0 0.0
124.0 42.0 0.0
124.0 44.0 0.0
124.0 46.0 0.0
124.0 48.0 0.0
124.0 50.0 0.0
124.0 52.0 0.0
124.0 54.0 0.0
124.0 56.0 0.0
124.0 58.0 0.0
124.0 60.0 0.0
124.0 62.0 0.0
124.0 64.0 0.0
124.0 66.0 0.0
124.0 68.0 0.0
124.0 70.0 0.02973874005704642
124.0 72.0 0.15810646956308186
124.0 74.0 0.24592994047513192
124.0 76.0 0.2890398915024427
124.0 78.0 0.29233905423274203
124.0 80.0 0.2865744964396582
124.0 82.0 0.25324168198706404
124.0 84.0 0.0
124.0 86.0 0.0
124.0 88.0 0.0
124.0 90.0 0.0
124.0 92.0 0.0
124.0 94.0 0.0
124.0 96.0 0.0
124.0 98.0 0.0
124.0 100.0 0.0
124.0 102.0 0.0
124.0 104.0 0.0
124.0 106.0 0.0
124.0 108.0 0.0
124.0 110.0 0.0
124.0 112.0 0.0
124.0 114.0 0.0
124.0 116.0 0.0
124.0 118.0 0.0
124.0 120.0 0.0
124.0 122.0 0.0
124.0 124.0 0.0
124.0 126.0 0.0
126.0 0.0 0.0
126.0 2.0 0.0
126.0 4.0 0.0
126.0 6.0 0.0
126.0 8.0 0.0
126.0 10.0 0.0
126.0 12.0 0.0
126.0 14.0 0.0
126.0 16.0 0.0
126.0 18.0 0.0
126.0 20.0 0.0
126.0 22.0 0.0
126.0 24.0 0.0
126.0 26.0 0.0
126.0 28.0 0.0
126.0 30.0 0.0
126.0 32.0 0.0
126.0 34.0 0.0
126.0 36.0 0.0
126.0 38.0 0.0
126.0 40.0 0.0
126.0 42.0 0.0
126.0 44.0 0.0
126.0 46.0 0.0
126.0 48.0 0.0
126.0 50.0 0.0
126.0 52.0 0.0
126.0 54.0 0.04102977152097194
126.0 56.0 0.0
126.0 58.0 0.0
126.0 60.0 0.0
126.0 62.0 0.0
126.0 64.0 0.0
126.0 66.0 0.0
126.0 68.0 0.0
126.0 70.0 0.016900220592979086
126.0 72.0 0.1127289728321758
126.0 74.0 0.20430708042567414
126.0 76.0 0.0
126.0 78.0 0.0
126.0 80.0 0.0
126.0 82.0 0.0
126.0 84.0 0.0
126.0 86.0 0.0
126.0 88.0 0.0
126.0 90.0 0.0
126.0 92.0 0.0
126.0 94.0 0.0
126.0 96.0 0.0
126.0 98.0 0.0
126.0 100.0 0.0
126.0 102.0 0.0
126.0 104.0 0.0
126.0 106.0 0.0
126.0 108.0 0.0
126.0 110.0 0.0
126.0 112.0 0.0
126.0 114.0 0.0
126.0 116.0 0.0
126.0 118.0 0.0
126.0 120.0 0.0
126.0 122.0 0.0
126.0 124.0 0.0
126.0 126.0 0.0
