0.0 0.0 0.0
0.0 2.0 0.0
0.0 4.0 0.0
0.0 6.0 0.0
0.0 8.0 0.0
0.0 10.0 0.0
0.0 12.0 0.0
0.0 14.0 0.0
0.0 16.0 0.0
0.0 18.0 0.0
0.0 20.0 0.0
0.0 22.0 0.0
0.0 24.0 0.0
0.0 26.0 0.0
0.0 28.0 0.0
0.0 30.0 0.0
0.0 32.0 0.0
0.0 34.0 0.0
0.0 36.0 0.0
0.0 38.0 0.0
0.0 40.0 0.0
0.0 42.0 0.0
0.0 44.0 0.0
0.0 46.0 0.0
0.0 48.0 0.0
0.0 50.0 0.0
0.0 52.0 0.0
0.0 54.0 0.0
0.0 56.0 0.0
0.0 58.0 0.0
0.0 60.0 0.0
0.0 62.0 0.0
0.0 64.0 0.0
0.0 66.0 0.0
0.0 68.0 0.0
0.0 70.0 0.0
0.0 72.0 0.0
0.0 74.0 0.0
0.0 76.0 0.0
0.0 78.0 0.0
0.0 80.0 0.0
0.0 82.0 0.0
0.0 84.0 0.0
0.0 86.0 0.0
0.0 88.0 0.0
0.0 90.0 0.0
0.0 92.0 0.0
0.0 94.0 0.0
0.0 96.0 0.0
0.0 98.0 0.0
0.0 100.0 0.0
0.0 102.0 0.0
0.0 104.0 0.0
0.0 106.0 0.0
0.0 108.0 0.0
0.0 110.0 0.0
0.0 112.0 0.0
0.0 114.0 0.0
0.0 116.0 0.0
0.0 118.0 0.0
0.0 120.0 0.0
0.0 122.0 0.0
0.0 124.0 0.0
0.0 126.0 0.0
2.0 0.0 0.0
2.0 2.0 0.0
2.0 4.0 0.0
2.0 6.0 0.0
2.0 8.0 0.0
2.0 10.0 0.0
2.0 12.0 0.0
2.0 14.0 0.0
2.0 16.0 0.0
2.0 18.0 0.0
2.0 20.0 0.0
2.0 22.0 0.0
2.0 24.0 0.0
2.0 26.0 0.0
2.0 28.0 0.0
2.0 30.0 0.0
2.0 32.0 0.0
2.0 34.0 0.0
2.0 36.0 0.0
2.0 38.0 0.0
2.0 40.0 0.0
2.0 42.0 0.0
2.0 44.0 0.0
2.0 46.0 0.0
2.0 48.0 0.02435653263082241
2.0 50.0 0.0
2.0 52.0 0.0
2.0 54.0 0.0
2.0 56.0 0.0
2.0 58.0 0.0
2.0 60.0 0.0729831244236636
2.0 62.0 0.2545427492682866
2.0 64.0 0.3824153582611567
2.0 66.0 0.4483327671056969
2.0 68.0 0.4346975221850833
2.0 70.0 0.40390084571490087
2.0 72.0 0.3031013889653085
2.0 74.0 0.09634408543095786
2.0 76.0 0.00189944542506482
2.0 78.0 0.0
2.0 80.0 0.0
2.0 82.0 0.0
2.0 84.0 0.0
2.0 86.0 0.0
2.0 88.0 0.0
2.0 90.0 0.0
2.0 92.0 0.0
2.0 94.0 0.0
2.0 96.0 0.0
2.0 98.0 0.0
2.0 100.0 0.0
2.0 102.0 0.0
2.0 104.0 0.0
2.0 106.0 0.0
2.0 108.0 0.0
2.0 110.0 0.0
2.0 112.0 0.0
2.0 114.0 0.0
2.0 116.0 0.0
2.0 118.0 0.0
2.0 120.0 0.0
2.0 122.0 0.0
2.0 124.0 0.0
2.0 126.0 0.0
4.0 0.0 0.0
4.0 2.0 0.0
4.0 4.0 0.0
4.0 6.0 0.0
4.0 8.0 0.0
4.0 10.0 0.0
4.0 12.0 0.0
4.0 14.0 0.0
4.0 16.0 0.0
4.0 18.0 0.0
4.0 20.0 0.0
4.0 22.0 0.0
4.0 24.0 0.0
4.0 26.0 0.0
4.0 28.0 0.0
4.0 30.0 0.0
4.0 32.0 0.0
4.0 34.0 0.0
4.0 36.0 0.0
4.0 38.0 0.0
4.0 40.0 0.0
4.0 42.0 0.0
4.0 44.0 0.0
4.0 46.0 0.0
4.0 48.0 0.0
4.0 50.0 0.0
4.0 52.0 0.0
4.0 54.0 0.0
4.0 56.0 0.0
4.0 58.0 0.02457476350090146
4.0 60.0 0.1381754064153708
4.0 62.0 0.2694309232219196
4.0 64.0 0.350194590025033
4.0 66.0 0.40693898708603166
4.0 68.0 0.41630046023733347
4.0 70.0 0.41209791598408246
4.0 72.0 0.32917491125157156
4.0 74.0 0.11222192798559366
4.0 76.0 0.004439505709344697
4.0 78.0 0.0
4.0 80.0 0.0
4.0 82.0 0.0
4.0 84.0 0.0
4.0 86.0 0.0
4.0 88.0 0.0
4.0 90.0 0.0
4.0 92.0 0.0
4.0 94.0 0.0
4.0 96.0 0.0
4.0 98.0 0.0
4.0 100.0 0.0
4.0 102.0 0.0
4.0 104.0 0.0
4.0 106.0 0.0
4.0 108.0 0.0
4.0 110.0 0.0
4.0 112.0 0.0
4.0 114.0 0.0
4.0 116.0 0.0
4.0 118.0 0.0
4.0 120.0 0.0
4.0 122.0 0.0
4.0 124.0 0.0
4.0 126.0 0.0
6.0 0.0 0.0
6.0 2.0 0.0
6.0 4.0 0.0
6.0 6.0 0.0
6.0 8.0 0.0
6.0 10.0 0.0
6.0 12.0 0.0
6.0 14.0 0.0
6.0 16.0 0.0
6.0 18.0 0.0
6.0 20.0 0.0
6.0 22.0 0.0
6.0 24.0 0.0
6.0 26.0 0.0
6.0 28.0 0.0
6.0 30.0 0.0
6.0 32.0 0.0
6.0 34.0 0.0
6.0 36.0 0.0
6.0 38.0 0.0
6.0 40.0 0.0
6.0 42.0 0.0
6.0 44.0 0.0
6.0 46.0 0.0
6.0 48.0 0.0
6.0 50.0 0.0
6.0 52.0 0.0
6.0 54.0 0.0
6.0 56.0 0.0
6.0 58.0 0.04653019298233114
6.0 60.0 0.17589077569629308
6.0 62.0 0.30137334631654683
6.0 64.0 0.36634074952879225
6.0 66.0 0.4171427827440897
6.0 68.0 0.41870939128081214
6.0 70.0 0.4347221043843547
6.0 72.0 0.35584699210742726
6.0 74.0 0.12665592023854397
6.0 76.0 0.007463631891262284
6.0 78.0 0.0
6.0 80.0 0.0
6.0 82.0 0.0
6.0 84.0 0.0
6.0 86.0 0.0
6.0 88.0 0.0
6.0 90.0 0.0
6.0 92.0 0.0
6.0 94.0 0.0
6.0 96.0 0.0
6.0 98.0 0.0
6.0 100.0 0.0
6.0 102.0 0.0
6.0 104.0 0.0
6.0 106.0 0.0
6.0 108.0 0.0
6.0 110.0 0.0
6.0 112.0 0.0
6.0 114.0 0.0
6.0 116.0 0.0
6.0 118.0 0.0
6.0 120.0 0.0
6.0 122.0 0.0
6.0 124.0 0.0
6.0 126.0 0.0
8.0 0.0 0.0
8.0 2.0 0.0
8.0 4.0 0.0
8.0 6.0 0.0
8.0 8.0 0.0
8.0 10.0 0.0
8.0 12.0 0.0
8.0 14.0 0.0
8.0 16.0 0.0
8.0 18.0 0.0
8.0 20.0 0.0
8.0 22.0 0.0
8.0 24.0 0.0
8.0 26.0 0.0
8.0 28.0 0.0
8.0 30.0 0.0
8.0 32.0 0.0
8.0 34.0 0.0
8.0 36.0 0.0
8.0 38.0 0.0
8.0 40.0 0.0
8.0 42.0 0.0
8.0 44.0 0.0
8.0 46.0 0.0
8.0 48.0 0.0
8.0 50.0 0.0
8.0 52.0 0.0
8.0 54.0 0.0
8.0 56.0 0.0023411695252924633
8.0 58.0 0.07740907988672298
8.0 60.0 0.22371800841942255
8.0 62.0 0.3433758589694329
8.0 64.0 0.3916566829886392
8.0 66.0 0.42592591942959285
8.0 68.0 0.44125762341495595
8.0 70.0 0.47468723206779256
8.0 72.0 0.3786280781784133
8.0 74.0 0.14358437969621154
8.0 76.0 0.010964534848220492
8.0 78.0 0.0
8.0 80.0 0.0
8.0 82.0 0.0
8.0 84.0 0.0
8.0 86.0 0.0
8.0 88.0 0.0
8.0 90.0 0.0
8.0 92.0 0.0
8.0 94.0 0.0
8.0 96.0 0.0
8.0 98.0 0.0
8.0 100.0 0.0
8.0 102.0 0.0
8.0 104.0 0.0
8.0 106.0 0.0
8.0 108.0 0.0
8.0 110.0 0.0
8.0 112.0 0.0
8.0 114.0 0.0
8.0 116.0 0.0
8.0 118.0 0.0
8.0 120.0 0.0
8.0 122.0 0.0
8.0 124.0 0.0
8.0 126.0 0.0
10.0 0.0 0.0
10.0 2.0 0.0
10.0 4.0 0.0
10.0 6.0 0.0
10.0 8.0 0.0
10.0 10.0 0.0
10.0 12.0 0.0
10.0 14.0 0.0
10.0 16.0 0.0
10.0 18.0 0.0
10.0 20.0 0.0
10.0 22.0 0.0
10.0 24.0 0.0
10.0 26.0 0.0
10.0 28.0 0.0
10.0 30.0 0.10410877508049583
10.0 32.0 0.2165660153368452
10.0 34.0 0.10163663814866147
10.0 36.0 0.009287005195228662
10.0 38.0 0.0
10.0 40.0 0.0
10.0 42.0 0.0
10.0 44.0 0.0
10.0 46.0 0.0
10.0 48.0 0.0
10.0 50.0 0.0
10.0 52.0 0.0
10.0 54.0 0.0
10.0 56.0 0.018217963104976077
10.0 58.0 0.11437095082542977
10.0 60.0 0.27046155612546713
10.0 62.0 0.39278124807258097
10.0 64.0 0.40635939832007834
10.0 66.0 0.4303606292462938
10.0 68.0 0.4656699099594168
10.0 70.0 0.498500164768062
10.0 72.0 0.39918374121740663
10.0 74.0 0.16406206987093813
10.0 76.0 0.01537870936076812
10.0 78.0 0.0
10.0 80.0 0.0
10.0 82.0 0.0
10.0 84.0 0.0
10.0 86.0 0.0
10.0 88.0 0.0
10.0 90.0 0.0
10.0 92.0 0.0
10.0 94.0 0.0
10.0 96.0 0.0
10.0 98.0 0.0
10.0 100.0 0.0
10.0 102.0 0.0
10.0 104.0 0.0
10.0 106.0 0.0
10.0 108.0 0.0
10.0 110.0 0.0
10.0 112.0 0.0
10.0 114.0 0.0
10.0 116.0 0.0
10.0 118.0 0.0
10.0 120.0 0.0
10.0 122.0 0.0
10.0 124.0 0.0
10.0 126.0 0.0
12.0 0.0 0.0
12.0 2.0 0.0
12.0 4.0 0.0
12.0 6.0 0.0
12.0 8.0 0.0
12.0 10.0 0.0
12.0 12.0 0.0
12.0 14.0 0.0
12.0 16.0 0.0
12.0 18.0 0.0
12.0 20.0 0.0
12.0 22.0 0.0
12.0 24.0 0.0
12.0 26.0 0.0
12.0 28.0 0.2451162415135717
12.0 30.0 0.3975064839131859
12.0 32.0 0.24156631243361185
12.0 34.0 0.08936286660409304
12.0 36.0 0.0012485394875930836
12.0 38.0 0.0
12.0 40.0 0.0
12.0 42.0 0.0
12.0 44.0 0.0
12.0 46.0 0.0
12.0 48.0 0.0
12.0 50.0 0.0
12.0 52.0 0.0
12.0 54.0 0.0
12.0 56.0 0.0462786399988731
12.0 58.0 0.1634140823135591
12.0 60.0 0.31818549939678703
12.0 62.0 0.44431797817655827
12.0 64.0 0.4632276332161737
12.0 66.0 0.4338244221579204
12.0 68.0 0.4755182208006665
12.0 70.0 0.5120891682223895
12.0 72.0 0.42254349467232943
12.0 74.0 0.18429085168704332
12.0 76.0 0.025858455745714288
12.0 78.0 0.0
12.0 80.0 0.0
12.0 82.0 0.0
12.0 84.0 0.0
12.0 86.0 0.0
12.0 88.0 0.0
12.0 90.0 0.0
12.0 92.0 0.0
12.0 94.0 0.0
12.0 96.0 0.0
12.0 98.0 0.0
12.0 100.0 0.0
12.0 102.0 0.0
12.0 104.0 0.0
12.0 106.0 0.0
12.0 108.0 0.0
12.0 110.0 0.0
12.0 112.0 0.0
12.0 114.0 0.0
12.0 116.0 0.0
12.0 118.0 0.0
12.0 120.0 0.0
12.0 122.0 0.0
12.0 124.0 0.0
12.0 126.0 0.0
14.0 0.0 0.0
14.0 2.0 0.0
14.0 4.0 0.0
14.0 6.0 0.0
14.0 8.0 0.0
14.0 10.0 0.0
14.0 12.0 0.0
14.0 14.0 0.0
14.0 16.0 0.0
14.0 18.0 0.0
14.0 20.0 0.0
14.0 22.0 0.0
14.0 24.0 0.4107331570172493
14.0 26.0 0.5086564319385931
14.0 28.0 0.42472515268517586
14.0 30.0 0.30001239479924113
14.0 32.0 0.13067782120550855
14.0 34.0 0.009465399277207536
14.0 36.0 0.0
14.0 38.0 0.0
14.0 40.0 0.0
14.0 42.0 0.0
14.0 44.0 0.0
14.0 46.0 0.0
14.0 48.0 0.0
14.0 50.0 0.0
14.0 52.0 0.0
14.0 54.0 0.0011824593899008237
14.0 56.0 0.08186943352122612
14.0 58.0 0.2215054517518886
14.0 60.0 0.36243110722489624
14.0 62.0 0.47542517653995314
14.0 64.0 0.5007461308550117
14.0 66.0 0.4469657451601203
14.0 68.0 0.4605661623458894
14.0 70.0 0.4864542246339166
14.0 72.0 0.4322761262078218
14.0 74.0 0.2007830315040939
14.0 76.0 0.038134636048959475
14.0 78.0 0.0
14.0 80.0 0.0
14.0 82.0 0.0
14.0 84.0 0.0
14.0 86.0 0.0
14.0 88.0 0.0
14.0 90.0 0.0
14.0 92.0 0.0
14.0 94.0 0.0
14.0 96.0 0.0
14.0 98.0 0.0
14.0 100.0 0.0
14.0 102.0 0.01891862336916118
14.0 104.0 0.0
14.0 106.0 0.0
14.0 108.0 0.0
14.0 110.0 0.0
14.0 112.0 0.0
14.0 114.0 0.0
14.0 116.0 0.0
14.0 118.0 0.0
14.0 120.0 0.0
14.0 122.0 0.0
14.0 124.0 0.0
14.0 126.0 0.0
16.0 0.0 0.0
16.0 2.0 0.0
16.0 4.0 0.0
16.0 6.0 0.0
16.0 8.0 0.0
16.0 10.0 0.0
16.0 12.0 0.0
16.0 14.0 0.0
16.0 16.0 0.0
16.0 18.0 0.0
16.0 20.0 0.0
16.0 22.0 0.4508095811749639
16.0 24.0 0.5317467218751077
16.0 26.0 0.4736835649512599
16.0 28.0 0.38540426677488493
16.0 30.0 0.2653204317976449
16.0 32.0 0.08040760725871672
16.0 34.0 0.0
16.0 36.0 0.0
16.0 38.0 0.0
16.0 40.0 0.0
16.0 42.0 0.0
16.0 44.0 0.0
16.0 46.0 0.0
16.0 48.0 0.0
16.0 50.0 0.0
16.0 52.0 0.0
16.0 54.0 0.015864422006534193
16.0 56.0 0.11813253455798639
16.0 58.0 0.2722852075401572
16.0 60.0 0.40081005136369724
16.0 62.0 0.502109310024215
16.0 64.0 0.5566557542560927
16.0 66.0 0.46809500917895114
16.0 68.0 0.4721038231945088
16.0 70.0 0.4776101344118728
16.0 72.0 0.43612770699753806
16.0 74.0 0.21385118591502916
16.0 76.0 0.04923011300093
16.0 78.0 0.0
16.0 80.0 0.0
16.0 82.0 0.0
16.0 84.0 0.0
16.0 86.0 0.0
16.0 88.0 0.0
16.0 90.0 0.0
16.0 92.0 0.0
16.0 94.0 0.0
16.0 96.0 0.0
16.0 98.0 0.0
16.0 100.0 0.0
16.0 102.0 0.006826598364429822
16.0 104.0 0.04479847646003742
16.0 106.0 0.0
16.0 108.0 0.0
16.0 110.0 0.0
16.0 112.0 0.0
16.0 114.0 0.0
16.0 116.0 0.0
16.0 118.0 0.0
16.0 120.0 0.0
16.0 122.0 0.0
16.0 124.0 0.0
16.0 126.0 0.0
18.0 0.0 0.0
18.0 2.0 0.0
18.0 4.0 0.0
18.0 6.0 0.0
18.0 8.0 0.0
18.0 10.0 0.0
18.0 12.0 0.0
18.0 14.0 0.0
18.0 16.0 0.0
18.0 18.0 0.0
18.0 20.0 0.46410498159875463
18.0 22.0 0.5552694416503577
18.0 24.0 0.5002225128906513
18.0 26.0 0.438407559257239
18.0 28.0 0.37761219416351127
18.0 30.0 0.23757958237656673
18.0 32.0 0.04997136107384501
18.0 34.0 0.0
18.0 36.0 0.0
18.0 38.0 0.0
18.0 40.0 0.0
18.0 42.0 0.0
18.0 44.0 0.0
18.0 46.0 0.0
18.0 48.0 0.0
18.0 50.0 0.0
18.0 52.0 0.0
18.0 54.0 0.03839481661656812
18.0 56.0 0.15689342323520392
18.0 58.0 0.31667144561555644
18.0 60.0 0.43514920936638696
18.0 62.0 0.5248818804990476
18.0 64.0 0.5719073343243445
18.0 66.0 0.48123081274442914
18.0 68.0 0.4776816084306517
18.0 70.0 0.46070747177797866
18.0 72.0 0.4266428781192518
18.0 74.0 0.21922354019066773
18.0 76.0 0.061035689330071384
18.0 78.0 0.0
18.0 80.0 0.0
18.0 82.0 0.0
18.0 84.0 0.0
18.0 86.0 0.0
18.0 88.0 0.0
18.0 90.0 0.0
18.0 92.0 0.0
18.0 94.0 0.0
18.0 96.0 0.0
18.0 98.0 0.0
18.0 100.0 0.0
18.0 102.0 0.0
18.0 104.0 0.020090718966519764
18.0 106.0 0.05713017728230363
18.0 108.0 0.0
18.0 110.0 0.0
18.0 112.0 0.0
18.0 114.0 0.0
18.0 116.0 0.0
18.0 118.0 0.0
18.0 120.0 0.0
18.0 122.0 0.0
18.0 124.0 0.0
18.0 126.0 0.0
20.0 0.0 0.0
20.0 2.0 0.0
20.0 4.0 0.0
20.0 6.0 0.0
20.0 8.0 0.0
20.0 10.0 0.0
20.0 12.0 0.0
20.0 14.0 0.0
20.0 16.0 0.0
20.0 18.0 0.4770967378427977
20.0 20.0 0.5367127581386223
20.0 22.0 0.4806723844569252
20.0 24.0 0.4483854249149994
20.0 26.0 0.405966822269415
20.0 28.0 0.3589513292226583
20.0 30.0 0.21600205929171065
20.0 32.0 0.04845590354163815
20.0 34.0 0.0
20.0 36.0 0.0
20.0 38.0 0.0
20.0 40.0 0.0
20.0 42.0 0.0
20.0 44.0 0.0
20.0 46.0 0.0
20.0 48.0 0.0
20.0 50.0 0.0
20.0 52.0 0.0
20.0 54.0 0.05037593979077671
20.0 56.0 0.18456061620711026
20.0 58.0 0.3468978924320909
20.0 60.0 0.46192989894274605
20.0 62.0 0.5427442873720858
20.0 64.0 0.5813336524111362
20.0 66.0 0.4905903442647226
20.0 68.0 0.47919501171793605
20.0 70.0 0.4591984525305755
20.0 72.0 0.41713073648237936
20.0 74.0 0.21055382933932046
20.0 76.0 0.05912912352020357
20.0 78.0 0.0
20.0 80.0 0.0
20.0 82.0 0.0
20.0 84.0 0.0
20.0 86.0 0.0
20.0 88.0 0.0
20.0 90.0 0.0
20.0 92.0 0.0
20.0 94.0 0.0
20.0 96.0 0.0
20.0 98.0 0.0
20.0 100.0 0.0
20.0 102.0 0.0
20.0 104.0 0.004286115916373329
20.0 106.0 0.03639255287257014
20.0 108.0 0.07980314188802372
20.0 110.0 0.0
20.0 112.0 0.0
20.0 114.0 0.0
20.0 116.0 0.0
20.0 118.0 0.0
20.0 120.0 0.0
20.0 122.0 0.0
20.0 124.0 0.0
20.0 126.0 0.0
22.0 0.0 0.0
22.0 2.0 0.0
22.0 4.0 0.0
22.0 6.0 0.0
22.0 8.0 0.0
22.0 10.0 0.0
22.0 12.0 0.0
22.0 14.0 0.0
22.0 16.0 0.44873938367296984
22.0 18.0 0.4797640138908061
22.0 20.0 0.45755315593415635
22.0 22.0 0.45271772641473856
22.0 24.0 0.44198742378345707
22.0 26.0 0.4091948690148513
22.0 28.0 0.33716405636611685
22.0 30.0 0.20595968096038472
22.0 32.0 0.0618883932995948
22.0 34.0 0.0
22.0 36.0 0.0
22.0 38.0 0.0
22.0 40.0 0.0
22.0 42.0 0.0
22.0 44.0 0.0
22.0 46.0 0.0
22.0 48.0 0.0
22.0 50.0 0.0
22.0 52.0 0.0
22.0 54.0 0.05580644757949423
22.0 56.0 0.21043536686678663
22.0 58.0 0.37257625794656835
22.0 60.0 0.482778934451374
22.0 62.0 0.5578455200576085
22.0 64.0 0.5815264421397269
22.0 66.0 0.48853930953442193
22.0 68.0 0.4737014003935241
22.0 70.0 0.4706099209030321
22.0 72.0 0.40864830785646805
22.0 74.0 0.2076556208325945
22.0 76.0 0.06061401573774083
22.0 78.0 0.0
22.0 80.0 0.0
22.0 82.0 0.0
22.0 84.0 0.0
22.0 86.0 0.0
22.0 88.0 0.0
22.0 90.0 0.0
22.0 92.0 0.0
22.0 94.0 0.0
22.0 96.0 0.0
22.0 98.0 0.0
22.0 100.0 0.0
22.0 102.0 0.0
22.0 104.0 0.0
22.0 106.0 0.02044870388923062
22.0 108.0 0.04818412508225987
22.0 110.0 0.07768898648656826
22.0 112.0 0.0
22.0 114.0 0.0
22.0 116.0 0.0
22.0 118.0 0.0
22.0 120.0 0.0
22.0 122.0 0.0
22.0 124.0 0.0
22.0 126.0 0.0
24.0 0.0 0.0
24.0 2.0 0.0
24.0 4.0 0.0
24.0 6.0 0.0
24.0 8.0 0.0
24.0 10.0 0.0
24.0 12.0 0.0
24.0 14.0 0.332631807762507
24.0 16.0 0.40100871774123514
24.0 18.0 0.419368132726998
24.0 20.0 0.44533989460124684
24.0 22.0 0.4616929079566103
24.0 24.0 0.4559303256012479
24.0 26.0 0.42212824814885425
24.0 28.0 0.349768267448142
24.0 30.0 0.22089380151135563
24.0 32.0 0.07568224756939071
24.0 34.0 0.0016595034919524672
24.0 36.0 0.0
24.0 38.0 0.0
24.0 40.0 0.0
24.0 42.0 0.0
24.0 44.0 0.0
24.0 46.0 0.0
24.0 48.0 0.0
24.0 50.0 0.0
24.0 52.0 0.0
24.0 54.0 0.041155135256907074
24.0 56.0 0.19440881981840707
24.0 58.0 0.3720139174981911
24.0 60.0 0.48749525334798455
24.0 62.0 0.5632381128961147
24.0 64.0 0.5734638085846896
24.0 66.0 0.4804853739143837
24.0 68.0 0.46142265999261123
24.0 70.0 0.46087475917710735
24.0 72.0 0.40756705020884737
24.0 74.0 0.2058055522482867
24.0 76.0 0.05779241260856347
24.0 78.0 0.0
24.0 80.0 0.0
24.0 82.0 0.0
24.0 84.0 0.0
24.0 86.0 0.0
24.0 88.0 0.0
24.0 90.0 0.0
24.0 92.0 0.0
24.0 94.0 0.0
24.0 96.0 0.0
24.0 98.0 0.0
24.0 100.0 0.0
24.0 102.0 0.0
24.0 104.0 0.0
24.0 106.0 0.003487606193853805
24.0 108.0 0.01937940226130753
24.0 110.0 0.044325884776696856
24.0 112.0 0.0843874933075917
24.0 114.0 0.0
24.0 116.0 0.0
24.0 118.0 0.0
24.0 120.0 0.0
24.0 122.0 0.0
24.0 124.0 0.0
24.0 126.0 0.0
26.0 0.0 0.0
26.0 2.0 0.0
26.0 4.0 0.0
26.0 6.0 0.0
26.0 8.0 0.0
26.0 10.0 0.0
26.0 12.0 0.0
26.0 14.0 0.3010711113292852
26.0 16.0 0.4057067562931487
26.0 18.0 0.41593777473062593
26.0 20.0 0.44929694507986967
26.0 22.0 0.46462724658602234
26.0 24.0 0.45790337705925666
26.0 26.0 0.42425867105132364
26.0 28.0 0.35742376676270804
26.0 30.0 0.24390934450131527
26.0 32.0 0.09769871391377011
26.0 34.0 0.012607573662598489
26.0 36.0 0.0
26.0 38.0 0.0
26.0 40.0 0.0
26.0 42.0 0.0
26.0 44.0 0.0
26.0 46.0 0.0
26.0 48.0 0.0
26.0 50.0 0.0
26.0 52.0 0.0
26.0 54.0 0.0158179940053917
26.0 56.0 0.15383644195670754
26.0 58.0 0.3407191915191843
26.0 60.0 0.46722079467164007
26.0 62.0 0.5479491871036165
26.0 64.0 0.5587367801155122
26.0 66.0 0.46802628233678806
26.0 68.0 0.4389897425171155
26.0 70.0 0.4220400751738607
26.0 72.0 0.3830529247227918
26.0 74.0 0.18479858124141593
26.0 76.0 0.043054751696422235
26.0 78.0 0.0
26.0 80.0 0.0
26.0 82.0 0.0
26.0 84.0 0.0
26.0 86.0 0.0
26.0 88.0 0.0
26.0 90.0 0.0
26.0 92.0 0.0
26.0 94.0 0.0
26.0 96.0 0.0
26.0 98.0 0.0
26.0 100.0 0.0
26.0 102.0 0.0
26.0 104.0 0.0
26.0 106.0 0.0
26.0 108.0 0.004330048076350473
26.0 110.0 0.028095556659177612
26.0 112.0 0.07126543763716318
26.0 114.0 0.12904863346177475
26.0 116.0 0.0
26.0 118.0 0.0
26.0 120.0 0.0
26.0 122.0 0.0
26.0 124.0 0.0
26.0 126.0 0.0
28.0 0.0 0.0
28.0 2.0 0.0
28.0 4.0 0.0
28.0 6.0 0.0
28.0 8.0 0.0
28.0 10.0 0.0
28.0 12.0 0.27037027829416393
28.0 14.0 0.2825927737858767
28.0 16.0 0.32894121689544303
28.0 18.0 0.39887106385711607
28.0 20.0 0.44385871343549504
28.0 22.0 0.46226838787875185
28.0 24.0 0.46424092850044035
28.0 26.0 0.4450880515661702
28.0 28.0 0.39153052660518134
28.0 30.0 0.28997808502435424
28.0 32.0 0.13348110172796926
28.0 34.0 0.030727660978461583
28.0 36.0 0.0
28.0 38.0 0.0
28.0 40.0 0.0
28.0 42.0 0.0
28.0 44.0 0.0
28.0 46.0 0.0
28.0 48.0 0.0
28.0 50.0 0.0
28.0 52.0 0.0
28.0 54.0 0.0
28.0 56.0 0.09103885903234532
28.0 58.0 0.25936176739044725
28.0 60.0 0.40206063533750774
28.0 62.0 0.49047613255174993
28.0 64.0 0.5294208870886518
28.0 66.0 0.444834095266563
28.0 68.0 0.3969772988799157
28.0 70.0 0.35305903494982344
28.0 72.0 0.31018788964621624
28.0 74.0 0.13624634262978969
28.0 76.0 0.021940801026960954
28.0 78.0 0.0
28.0 80.0 0.0
28.0 82.0 0.0
28.0 84.0 0.0
28.0 86.0 0.0
28.0 88.0 0.0
28.0 90.0 0.0
28.0 92.0 0.0
28.0 94.0 0.0
28.0 96.0 0.0
28.0 98.0 0.0
28.0 100.0 0.0
28.0 102.0 0.0
28.0 104.0 0.0
28.0 106.0 0.0
28.0 108.0 0.0
28.0 110.0 0.020207129054717592
28.0 112.0 0.05510727843231993
28.0 114.0 0.12826657452699428
28.0 116.0 0.224958841691734
28.0 118.0 0.0
28.0 120.0 0.0
28.0 122.0 0.0
28.0 124.0 0.0
28.0 126.0 0.0
30.0 0.0 0.0
30.0 2.0 0.0
30.0 4.0 0.0
30.0 6.0 0.0
30.0 8.0 0.0
30.0 10.0 0.2453399464172048
30.0 12.0 0.18035570258977626
30.0 14.0 0.2109698731964367
30.0 16.0 0.3043203896958774
30.0 18.0 0.375490145127331
30.0 20.0 0.4030415094927244
30.0 22.0 0.42277747286533257
30.0 24.0 0.4280368035461613
30.0 26.0 0.41525790704849946
30.0 28.0 0.3805710199296177
30.0 30.0 0.3040982635327311
30.0 32.0 0.16914762308039585
30.0 34.0 0.052313659772379555
30.0 36.0 0.0
30.0 38.0 0.0
30.0 40.0 0.0
30.0 42.0 0.0
30.0 44.0 0.0
30.0 46.0 0.0
30.0 48.0 0.0
30.0 50.0 0.0
30.0 52.0 0.0
30.0 54.0 0.0
30.0 56.0 0.027371162401176985
30.0 58.0 0.13093675093355744
30.0 60.0 0.2613256562624986
30.0 62.0 0.3605126804785348
30.0 64.0 0.4161578452742734
30.0 66.0 0.383712558800221
30.0 68.0 0.3225038427623033
30.0 70.0 0.2677774554220901
30.0 72.0 0.19514885592763218
30.0 74.0 0.079845455939124
30.0 76.0 0.005053529622606147
30.0 78.0 0.0
30.0 80.0 0.0
30.0 82.0 0.0
30.0 84.0 0.0
30.0 86.0 0.0
30.0 88.0 0.0
30.0 90.0 0.0
30.0 92.0 0.0
30.0 94.0 0.0
30.0 96.0 0.0
30.0 98.0 0.0
30.0 100.0 0.0
30.0 102.0 0.0
30.0 104.0 0.0
30.0 106.0 0.0
30.0 108.0 0.0
30.0 110.0 0.012593652479017406
30.0 112.0 0.04269188839334562
30.0 114.0 0.12244715627399043
30.0 116.0 0.23852136079271744
30.0 118.0 0.0
30.0 120.0 0.0
30.0 122.0 0.0
30.0 124.0 0.0
30.0 126.0 0.0
32.0 0.0 0.0
32.0 2.0 0.0
32.0 4.0 0.0
32.0 6.0 0.0
32.0 8.0 0.0
32.0 10.0 0.21336851895039996
32.0 12.0 0.12856632433306459
32.0 14.0 0.16188647291483602
32.0 16.0 0.2282762207454215
32.0 18.0 0.29045267901091876
32.0 20.0 0.32824507491884186
32.0 22.0 0.357036722208391
32.0 24.0 0.3687824594867804
32.0 26.0 0.37068419710117073
32.0 28.0 0.35194152312067595
32.0 30.0 0.30331211811716435
32.0 32.0 0.20265493933068554
32.0 34.0 0.07349044881581479
32.0 36.0 0.0072759268854742905
32.0 38.0 0.0
32.0 40.0 0.0
32.0 42.0 0.0
32.0 44.0 0.0
32.0 46.0 0.0
32.0 48.0 0.0
32.0 50.0 0.0
32.0 52.0 0.0
32.0 54.0 0.0
32.0 56.0 0.0
32.0 58.0 0.024987854570633253
32.0 60.0 0.09203734408905719
32.0 62.0 0.1651217484257358
32.0 64.0 0.22212235980183756
32.0 66.0 0.2300374833050466
32.0 68.0 0.20033142577214794
32.0 70.0 0.1633575797932775
32.0 72.0 0.09843840744262855
32.0 74.0 0.03230008136835052
32.0 76.0 0.0019496888327728296
32.0 78.0 0.0
32.0 80.0 0.0
32.0 82.0 0.0
32.0 84.0 0.0
32.0 86.0 0.0
32.0 88.0 0.0
32.0 90.0 0.0
32.0 92.0 0.0
32.0 94.0 2.8030072435985534E-4
32.0 96.0 0.007473627247243421
32.0 98.0 0.0
32.0 100.0 0.0
32.0 102.0 0.0
32.0 104.0 0.0
32.0 106.0 0.0
32.0 108.0 0.0
32.0 110.0 0.015899714583098492
32.0 112.0 0.0335715278673256
32.0 114.0 0.10492883864283725
32.0 116.0 0.22771461889611067
32.0 118.0 0.3125377112752507
32.0 120.0 0.0
32.0 122.0 0.0
32.0 124.0 0.0
32.0 126.0 0.0
34.0 0.0 0.0
34.0 2.0 0.0
34.0 4.0 0.0
34.0 6.0 0.0
34.0 8.0 0.1478371479145983
34.0 10.0 0.018417477011781355
34.0 12.0 0.04069037712168605
34.0 14.0 0.0805437943358988
34.0 16.0 0.1365353363155949
34.0 18.0 0.19682139933009155
34.0 20.0 0.21237651472927457
34.0 22.0 0.24005205245187977
34.0 24.0 0.273041757821264
34.0 26.0 0.2901982449406748
34.0 28.0 0.2886187834718404
34.0 30.0 0.27754119812176387
34.0 32.0 0.22293890138455572
34.0 34.0 0.10037002036022225
34.0 36.0 0.023579040609705056
34.0 38.0 4.281711707278104E-4
34.0 40.0 0.0
34.0 42.0 0.0
34.0 44.0 0.0
34.0 46.0 0.0
34.0 48.0 0.0
34.0 50.0 0.0
34.0 52.0 0.0
34.0 54.0 0.0
34.0 56.0 0.0
34.0 58.0 0.0
34.0 60.0 0.0
34.0 62.0 0.006476833048208338
34.0 64.0 0.025848043018181038
34.0 66.0 0.04576830095365955
34.0 68.0 0.05173591687429004
34.0 70.0 0.06574979792900526
34.0 72.0 0.03525976340180862
34.0 74.0 0.0034614443759631284
34.0 76.0 0.0
34.0 78.0 0.0
34.0 80.0 0.0
34.0 82.0 0.0
34.0 84.0 0.0
34.0 86.0 0.0
34.0 88.0 0.0
34.0 90.0 0.0
34.0 92.0 0.011077453847859327
34.0 94.0 0.03875016434856043
34.0 96.0 0.0479652642098533
34.0 98.0 0.006017565995110723
34.0 100.0 0.0
34.0 102.0 0.0
34.0 104.0 0.0
34.0 106.0 0.0
34.0 108.0 9.206432123263623E-4
34.0 110.0 0.010270518270265275
34.0 112.0 0.025417679484856247
34.0 114.0 0.07380637823543539
34.0 116.0 0.17082139377266928
34.0 118.0 0.26101315080115756
34.0 120.0 0.0
34.0 122.0 0.0
34.0 124.0 0.0
34.0 126.0 0.0
36.0 0.0 0.0
36.0 2.0 0.0
36.0 4.0 0.0
36.0 6.0 0.0
36.0 8.0 0.04652706829013186
36.0 10.0 0.0
36.0 12.0 7.408523976358865E-4
36.0 14.0 0.021323967390937306
36.0 16.0 0.058690710080517634
36.0 18.0 0.10009337519895602
36.0 20.0 0.12156117087013461
36.0 22.0 0.1713071990697714
36.0 24.0 0.20603090869216714
36.0 26.0 0.23491176685860105
36.0 28.0 0.2574586502475459
36.0 30.0 0.2867147499485731
36.0 32.0 0.2262970340751432
36.0 34.0 0.1262348339628933
36.0 36.0 0.0457568566406514
36.0 38.0 0.01951587806989994
36.0 40.0 0.001141132903470789
36.0 42.0 0.0
36.0 44.0 0.0
36.0 46.0 0.0
36.0 48.0 0.0
36.0 50.0 0.0
36.0 52.0 0.0
36.0 54.0 0.0
36.0 56.0 0.0
36.0 58.0 0.0
36.0 60.0 0.0
36.0 62.0 0.0
36.0 64.0 0.0
36.0 66.0 0.0
36.0 68.0 0.0
36.0 70.0 0.0
36.0 72.0 0.0
36.0 74.0 0.0
36.0 76.0 0.0
36.0 78.0 0.0
36.0 80.0 0.0
36.0 82.0 0.0
36.0 84.0 0.0
36.0 86.0 0.0
36.0 88.0 0.0
36.0 90.0 0.01979286704135824
36.0 92.0 0.06335320738999776
36.0 94.0 0.11151673851912679
36.0 96.0 0.11950903043897702
36.0 98.0 0.06769754046508687
36.0 100.0 0.0017224586148815151
36.0 102.0 0.0
36.0 104.0 1.6106414214990138E-4
36.0 106.0 0.0010720456038627632
36.0 108.0 0.006329174796183899
36.0 110.0 0.005219297242430855
36.0 112.0 0.011202097645032072
36.0 114.0 0.024888803335268394
36.0 116.0 0.06619788228982776
36.0 118.0 0.13059711693325135
36.0 120.0 0.1626865375443861
36.0 122.0 0.0
36.0 124.0 0.0
36.0 126.0 0.0
38.0 0.0 0.0
38.0 2.0 0.0
38.0 4.0 0.0
38.0 6.0 0.012370581021317198
38.0 8.0 0.0
38.0 10.0 0.0
38.0 12.0 0.0
38.0 14.0 0.0
38.0 16.0 0.005317506754907592
38.0 18.0 0.010373502726496953
38.0 20.0 0.02594649731603986
38.0 22.0 0.09203877499842282
38.0 24.0 0.1350773240770999
38.0 26.0 0.18467933828267988
38.0 28.0 0.2230366860128423
38.0 30.0 0.2593347634854149
38.0 32.0 0.2132514985797943
38.0 34.0 0.1324768187159404
38.0 36.0 0.05312386646408732
38.0 38.0 0.02929155757531828
38.0 40.0 0.007324265337491622
38.0 42.0 0.0
38.0 44.0 0.0
38.0 46.0 0.0
38.0 48.0 0.0
38.0 50.0 0.0
38.0 52.0 0.0
38.0 54.0 0.0
38.0 56.0 0.0
38.0 58.0 0.0
38.0 60.0 0.0
38.0 62.0 0.0
38.0 64.0 0.0
38.0 66.0 0.0
38.0 68.0 0.0
38.0 70.0 0.0
38.0 72.0 0.0
38.0 74.0 0.0
38.0 76.0 0.0
38.0 78.0 0.0
38.0 80.0 3.542666503783413E-4
38.0 82.0 0.002486740714971431
38.0 84.0 0.006869467427709916
38.0 86.0 0.007457736545229574
38.0 88.0 0.03261762066080523
38.0 90.0 0.08166441713981454
38.0 92.0 0.15507442792352957
38.0 94.0 0.20365674116392693
38.0 96.0 0.20943765380366805
38.0 98.0 0.1472223059588492
38.0 100.0 0.054343509674345175
38.0 102.0 0.013131087534826539
38.0 104.0 0.019435127779574648
38.0 106.0 0.00900639803869868
38.0 108.0 0.008326643986587163
38.0 110.0 1.4058161718804427E-4
38.0 112.0 0.0
38.0 114.0 0.0
38.0 116.0 0.0
38.0 118.0 0.0
38.0 120.0 0.0
38.0 122.0 0.0
38.0 124.0 0.0
38.0 126.0 0.0
40.0 0.0 0.0
40.0 2.0 0.0
40.0 4.0 0.0
40.0 6.0 0.0
40.0 8.0 0.0
40.0 10.0 0.0
40.0 12.0 0.0
40.0 14.0 0.0
40.0 16.0 0.0
40.0 18.0 0.0
40.0 20.0 0.0
40.0 22.0 0.003652649325860727
40.0 24.0 0.05941306862606016
40.0 26.0 0.1449413699897867
40.0 28.0 0.19560830280053207
40.0 30.0 0.22303843807315146
40.0 32.0 0.18815537142125502
40.0 34.0 0.12557699782071965
40.0 36.0 0.046595015243587216
40.0 38.0 0.01308748023919312
40.0 40.0 0.0024162691286164183
40.0 42.0 0.0
40.0 44.0 0.0
40.0 46.0 0.0
40.0 48.0 0.0
40.0 50.0 0.0
40.0 52.0 0.0
40.0 54.0 0.0
40.0 56.0 0.0
40.0 58.0 0.0
40.0 60.0 0.0
40.0 62.0 0.0
40.0 64.0 0.0
40.0 66.0 0.0
40.0 68.0 0.0
40.0 70.0 0.0
40.0 72.0 0.0
40.0 74.0 0.0
40.0 76.0 0.0
40.0 78.0 6.055241358497422E-4
40.0 80.0 0.007048579139736826
40.0 82.0 0.01653234274892044
40.0 84.0 0.028303370232713555
40.0 86.0 0.044737014663218326
40.0 88.0 0.09521047165216369
40.0 90.0 0.1678115773886604
40.0 92.0 0.24134460024147633
40.0 94.0 0.287637007377238
40.0 96.0 0.306070783361094
40.0 98.0 0.25140494669664776
40.0 100.0 0.1525925987245901
40.0 102.0 0.07466648587787496
40.0 104.0 0.05888462640099332
40.0 106.0 0.0345869830893445
40.0 108.0 0.009858353719769055
40.0 110.0 2.173728715197192E-4
40.0 112.0 0.0
40.0 114.0 0.0
40.0 116.0 0.0
40.0 118.0 0.0
40.0 120.0 0.0
40.0 122.0 0.0
40.0 124.0 0.0
40.0 126.0 0.0
42.0 0.0 0.0
42.0 2.0 0.0
42.0 4.0 0.0
42.0 6.0 0.0
42.0 8.0 0.0
42.0 10.0 0.0
42.0 12.0 0.0
42.0 14.0 0.0
42.0 16.0 0.0
42.0 18.0 0.0
42.0 20.0 0.0
42.0 22.0 0.0
42.0 24.0 0.0168601238084042
42.0 26.0 0.09800393247609653
42.0 28.0 0.1590745615618708
42.0 30.0 0.17855690935899934
42.0 32.0 0.15454139145026627
42.0 34.0 0.10250489539577379
42.0 36.0 0.03022129450238842
42.0 38.0 0.0035387184467899676
42.0 40.0 0.0
42.0 42.0 0.0
42.0 44.0 0.0
42.0 46.0 0.0
42.0 48.0 0.0
42.0 50.0 0.0
42.0 52.0 0.0
42.0 54.0 0.0
42.0 56.0 0.0
42.0 58.0 0.0
42.0 60.0 0.0
42.0 62.0 0.0
42.0 64.0 0.0
42.0 66.0 0.0
42.0 68.0 0.0
42.0 70.0 0.0
42.0 72.0 0.0
42.0 74.0 0.0
42.0 76.0 0.0
42.0 78.0 0.003129907453968886
42.0 80.0 0.012231971551803465
42.0 82.0 0.028170913852306023
42.0 84.0 0.04742496034978969
42.0 86.0 0.09192068503414319
42.0 88.0 0.17189447754026432
42.0 90.0 0.25735027888113543
42.0 92.0 0.3208319944526119
42.0 94.0 0.3596028767271043
42.0 96.0 0.38159760617078126
42.0 98.0 0.3650498891639062
42.0 100.0 0.28015939676076257
42.0 102.0 0.16493868415639412
42.0 104.0 0.10151632563198004
42.0 106.0 0.05157752549244865
42.0 108.0 0.015799048282740827
42.0 110.0 9.802247015106562E-4
42.0 112.0 0.0
42.0 114.0 0.0
42.0 116.0 0.0
42.0 118.0 0.0
42.0 120.0 0.0
42.0 122.0 0.0
42.0 124.0 0.0
42.0 126.0 0.0
44.0 0.0 0.0
44.0 2.0 0.0
44.0 4.0 0.0
44.0 6.0 0.0
44.0 8.0 0.0
44.0 10.0 0.0
44.0 12.0 0.0
44.0 14.0 0.0
44.0 16.0 0.0
44.0 18.0 0.0
44.0 20.0 0.0
44.0 22.0 0.0
44.0 24.0 0.005909740989247676
44.0 26.0 0.06796938677467339
44.0 28.0 0.1254382558494615
44.0 30.0 0.1308233079244101
44.0 32.0 0.1081611913538984
44.0 34.0 0.06371225857550988
44.0 36.0 0.010102491497735122
44.0 38.0 0.0
44.0 40.0 0.0
44.0 42.0 0.0
44.0 44.0 0.0
44.0 46.0 0.0
44.0 48.0 0.0
44.0 50.0 0.0
44.0 52.0 4.967531704350795E-5
44.0 54.0 0.0
44.0 56.0 0.0
44.0 58.0 0.0
44.0 60.0 0.0
44.0 62.0 0.0
44.0 64.0 0.0
44.0 66.0 0.0
44.0 68.0 0.0
44.0 70.0 0.0
44.0 72.0 0.0
44.0 74.0 0.0
44.0 76.0 4.7370745704221876E-4
44.0 78.0 0.0048477896578020185
44.0 80.0 0.01193225158676603
44.0 82.0 0.030963606244686956
44.0 84.0 0.06519728413951904
44.0 86.0 0.12950418484500148
44.0 88.0 0.2348121694945964
44.0 90.0 0.3391474698216681
44.0 92.0 0.40125537868189304
44.0 94.0 0.44597829027646113
44.0 96.0 0.45537995260832337
44.0 98.0 0.43743714235133885
44.0 100.0 0.3819690212832849
44.0 102.0 0.28266735450930114
44.0 104.0 0.16127918693214024
44.0 106.0 0.07313159910668902
44.0 108.0 0.02618017521019031
44.0 110.0 0.003102120786319261
44.0 112.0 0.0
44.0 114.0 0.0
44.0 116.0 0.0
44.0 118.0 0.0
44.0 120.0 0.0
44.0 122.0 0.0
44.0 124.0 0.0
44.0 126.0 0.0
46.0 0.0 0.0
46.0 2.0 0.0
46.0 4.0 0.0
46.0 6.0 0.0
46.0 8.0 0.0
46.0 10.0 0.0
46.0 12.0 0.0
46.0 14.0 0.0
46.0 16.0 0.0
46.0 18.0 0.0
46.0 20.0 0.0
46.0 22.0 0.0
46.0 24.0 0.0
46.0 26.0 0.03858367957814266
46.0 28.0 0.08323575974522596
46.0 30.0 0.07541568400907904
46.0 32.0 0.05509412630512148
46.0 34.0 0.01406608769592813
46.0 36.0 0.0
46.0 38.0 0.0
46.0 40.0 0.0
46.0 42.0 0.0
46.0 44.0 0.0
46.0 46.0 0.0
46.0 48.0 0.0
46.0 50.0 0.007129374348709917
46.0 52.0 0.012783724142080448
46.0 54.0 0.013672253308124554
46.0 56.0 0.006870194914993134
46.0 58.0 0.0
46.0 60.0 0.0
46.0 62.0 0.0
46.0 64.0 0.0
46.0 66.0 0.0
46.0 68.0 0.0
46.0 70.0 0.0
46.0 72.0 0.0
46.0 74.0 0.0
46.0 76.0 0.0
46.0 78.0 3.099255823716283E-4
46.0 80.0 0.005801646275771402
46.0 82.0 0.025211352092136916
46.0 84.0 0.06338057852982025
46.0 86.0 0.1488739468541954
46.0 88.0 0.2800968844510943
46.0 90.0 0.4005209988645419
46.0 92.0 0.4653453789349424
46.0 94.0 0.4563392046841894
46.0 96.0 0.4594216503922131
46.0 98.0 0.45200145093936284
46.0 100.0 0.4504807587209619
46.0 102.0 0.3793286292506762
46.0 104.0 0.24694959907625458
46.0 106.0 0.11319323911081637
46.0 108.0 0.037538665600527675
46.0 110.0 0.003605257708290368
46.0 112.0 0.0
46.0 114.0 0.0
46.0 116.0 0.0
46.0 118.0 0.0
46.0 120.0 0.0
46.0 122.0 0.0
46.0 124.0 0.0
46.0 126.0 0.0
48.0 0.0 0.0
48.0 2.0 0.0
48.0 4.0 0.0
48.0 6.0 0.0
48.0 8.0 0.0
48.0 10.0 0.0
48.0 12.0 0.0
48.0 14.0 0.0
48.0 16.0 0.0
48.0 18.0 0.0
48.0 20.0 0.0
48.0 22.0 0.0
48.0 24.0 0.0
48.0 26.0 0.015688377427730535
48.0 28.0 0.040195625249384935
48.0 30.0 0.02163599445859778
48.0 32.0 0.0016322777293472244
48.0 34.0 0.0
48.0 36.0 0.0
48.0 38.0 0.0
48.0 40.0 0.0
48.0 42.0 0.0
48.0 44.0 0.0
48.0 46.0 2.8496549695895447E-5
48.0 48.0 0.009068171431848479
48.0 50.0 0.03070438323520336
48.0 52.0 0.04510704641723687
48.0 54.0 0.06487878186629477
48.0 56.0 0.05909751435896781
48.0 58.0 0.03250122850562489
48.0 60.0 0.027730145039401886
48.0 62.0 0.006656552983334062
48.0 64.0 0.0
48.0 66.0 0.0
48.0 68.0 0.0
48.0 70.0 0.0
48.0 72.0 0.0
48.0 74.0 0.0
48.0 76.0 0.0
48.0 78.0 0.0
48.0 80.0 3.6506780164142637E-4
48.0 82.0 0.019664847672882547
48.0 84.0 0.05837247428519506
48.0 86.0 0.15014553847198214
48.0 88.0 0.28276474213772146
48.0 90.0 0.40363454063835275
48.0 92.0 0.4678145010165045
48.0 94.0 0.44940664648253925
48.0 96.0 0.44833063899597353
48.0 98.0 0.44942875735910665
48.0 100.0 0.49574901730401466
48.0 102.0 0.4468158201147147
48.0 104.0 0.3286318840181542
48.0 106.0 0.17025088556654033
48.0 108.0 0.062116685976806946
48.0 110.0 0.007025998301718697
48.0 112.0 0.0
48.0 114.0 0.0
48.0 116.0 0.0
48.0 118.0 0.0
48.0 120.0 0.0
48.0 122.0 0.0
48.0 124.0 0.0
48.0 126.0 0.0
50.0 0.0 0.0
50.0 2.0 0.0
50.0 4.0 0.0
50.0 6.0 0.0013747606343934972
50.0 8.0 0.007167920135983296
50.0 10.0 8.269936774220588E-4
50.0 12.0 0.0
50.0 14.0 0.0
50.0 16.0 0.0
50.0 18.0 0.0
50.0 20.0 0.0
50.0 22.0 0.0
50.0 24.0 0.0
50.0 26.0 0.0
50.0 28.0 0.008481686679201314
50.0 30.0 8.59997972800034E-4
50.0 32.0 0.0
50.0 34.0 0.0
50.0 36.0 0.0
50.0 38.0 0.0
50.0 40.0 0.0
50.0 42.0 0.0
50.0 44.0 0.0
50.0 46.0 0.006489588938857167
50.0 48.0 0.03163304275771027
50.0 50.0 0.05440000085522396
50.0 52.0 0.10800311836841382
50.0 54.0 0.15307661801929934
50.0 56.0 0.15501585757957162
50.0 58.0 0.1152984369785733
50.0 60.0 0.08485209128149894
50.0 62.0 0.0654189315412924
50.0 64.0 0.02887244955019
50.0 66.0 0.0010122732217175436
50.0 68.0 0.0
50.0 70.0 0.0
50.0 72.0 0.0
50.0 74.0 0.0
50.0 76.0 0.0
50.0 78.0 0.0
50.0 80.0 0.0
50.0 82.0 0.006116051545910522
50.0 84.0 0.043502336502167664
50.0 86.0 0.12040031854895006
50.0 88.0 0.2615564394277904
50.0 90.0 0.391271009852024
50.0 92.0 0.4351553104489005
50.0 94.0 0.4322164526808063
50.0 96.0 0.4673427782146256
50.0 98.0 0.47603862548111914
50.0 100.0 0.4561195621352036
50.0 102.0 0.4571768396947013
50.0 104.0 0.37992656549692233
50.0 106.0 0.22795793148806073
50.0 108.0 0.09738693556464412
50.0 110.0 0.020700635239031855
50.0 112.0 0.0
50.0 114.0 0.0
50.0 116.0 0.0
50.0 118.0 0.0
50.0 120.0 0.0
50.0 122.0 0.0
50.0 124.0 0.0
50.0 126.0 0.0
52.0 0.0 0.0
52.0 2.0 0.0
52.0 4.0 0.0034253105364024203
52.0 6.0 0.046782719650736
52.0 8.0 0.03198972621584044
52.0 10.0 0.003520023426094898
52.0 12.0 0.0
52.0 14.0 0.0
52.0 16.0 0.0
52.0 18.0 0.0
52.0 20.0 0.0
52.0 22.0 0.0
52.0 24.0 0.0
52.0 26.0 0.0
52.0 28.0 0.0019126472477748423
52.0 30.0 0.0
52.0 32.0 0.0
52.0 34.0 0.0
52.0 36.0 0.0
52.0 38.0 0.0
52.0 40.0 0.0
52.0 42.0 0.0
52.0 44.0 0.002579719260003959
52.0 46.0 0.02072495788794956
52.0 48.0 0.053681740080447314
52.0 50.0 0.10654322856232158
52.0 52.0 0.1969480882856316
52.0 54.0 0.2735545744382747
52.0 56.0 0.2881821830105296
52.0 58.0 0.24140703220967527
52.0 60.0 0.1584203410813982
52.0 62.0 0.11918228961056766
52.0 64.0 0.07463233602412918
52.0 66.0 0.022289613941574044
52.0 68.0 1.3177198114142205E-4
52.0 70.0 0.0
52.0 72.0 0.0
52.0 74.0 0.0
52.0 76.0 0.0
52.0 78.0 0.0
52.0 80.0 0.0
52.0 82.0 0.0
52.0 84.0 0.014980906482865597
52.0 86.0 0.06460495154572973
52.0 88.0 0.1972514310483319
52.0 90.0 0.3372815857000195
52.0 92.0 0.3935716491724894
52.0 94.0 0.40227838565699564
52.0 96.0 0.44488341762009004
52.0 98.0 0.46126691770690503
52.0 100.0 0.4495318939634052
52.0 102.0 0.4301843529962319
52.0 104.0 0.4185092161603066
52.0 106.0 0.27206959733156805
52.0 108.0 0.12483382995912208
52.0 110.0 0.03104574379374998
52.0 112.0 0.0
52.0 114.0 0.0
52.0 116.0 0.0
52.0 118.0 0.0
52.0 120.0 0.0
52.0 122.0 0.0
52.0 124.0 0.0
52.0 126.0 0.0
54.0 0.0 0.0
54.0 2.0 0.0
54.0 4.0 0.03272002842859106
54.0 6.0 0.09060076373704497
54.0 8.0 0.03959002575010576
54.0 10.0 2.1419158140167333E-4
54.0 12.0 0.0
54.0 14.0 0.0
54.0 16.0 0.0
54.0 18.0 0.0
54.0 20.0 0.0
54.0 22.0 0.0
54.0 24.0 0.0
54.0 26.0 0.0
54.0 28.0 0.0
54.0 30.0 0.0
54.0 32.0 0.0
54.0 34.0 0.0
54.0 36.0 0.0
54.0 38.0 0.0
54.0 40.0 0.0
54.0 42.0 0.0
54.0 44.0 0.006828241735117601
54.0 46.0 0.03992404216243392
54.0 48.0 0.07920713113434343
54.0 50.0 0.1756217573242922
54.0 52.0 0.30991714603090625
54.0 54.0 0.4027343332376822
54.0 56.0 0.4187337280550958
54.0 58.0 0.36598647781235055
54.0 60.0 0.24493220163271676
54.0 62.0 0.18100107144841923
54.0 64.0 0.11362882028028433
54.0 66.0 0.03995017279079958
54.0 68.0 0.0030756921746206904
54.0 70.0 0.0
54.0 72.0 0.0
54.0 74.0 0.0
54.0 76.0 0.0
54.0 78.0 0.0
54.0 80.0 0.0
54.0 82.0 0.0
54.0 84.0 0.0
54.0 86.0 0.016668901365200498
54.0 88.0 0.11557450102871823
54.0 90.0 0.2578163056631729
54.0 92.0 0.34162447968327375
54.0 94.0 0.3666687957603738
54.0 96.0 0.41830011469967604
54.0 98.0 0.44297369580264623
54.0 100.0 0.4392102538677361
54.0 102.0 0.41701035940450987
54.0 104.0 0.40959398073949854
54.0 106.0 0.282454542567216
54.0 108.0 0.13955115359359826
54.0 110.0 0.04583817241936452
54.0 112.0 0.0
54.0 114.0 0.0
54.0 116.0 0.0
54.0 118.0 0.0
54.0 120.0 0.0
54.0 122.0 0.0
54.0 124.0 0.0
54.0 126.0 0.0
56.0 0.0 0.0
56.0 2.0 0.02299115756484846
56.0 4.0 0.21723069530757125
56.0 6.0 0.18335842279292394
56.0 8.0 0.07583176981699677
56.0 10.0 0.009881797360319924
56.0 12.0 1.9678364004228495E-4
56.0 14.0 0.0
56.0 16.0 0.0
56.0 18.0 0.0
56.0 20.0 0.0
56.0 22.0 0.0
56.0 24.0 0.0
56.0 26.0 0.0
56.0 28.0 0.0
56.0 30.0 0.0
56.0 32.0 0.0
56.0 34.0 0.0
56.0 36.0 0.0
56.0 38.0 0.0
56.0 40.0 0.0
56.0 42.0 0.0
56.0 44.0 0.012910902341136074
56.0 46.0 0.06118047654958669
56.0 48.0 0.12931219280129
56.0 50.0 0.25921563539798315
56.0 52.0 0.4094478126323746
56.0 54.0 0.49508542311474096
56.0 56.0 0.5041375608594041
56.0 58.0 0.46192638485956533
56.0 60.0 0.32839660373411084
56.0 62.0 0.24090797236840336
56.0 64.0 0.1536816546755753
56.0 66.0 0.05976863663484217
56.0 68.0 0.008501172807972749
56.0 70.0 0.0
56.0 72.0 0.0
56.0 74.0 0.0
56.0 76.0 0.0
56.0 78.0 0.0
56.0 80.0 0.0
56.0 82.0 0.0
56.0 84.0 0.0
56.0 86.0 0.0
56.0 88.0 0.040033043652143246
56.0 90.0 0.16959658306647987
56.0 92.0 0.2936880624147039
56.0 94.0 0.3568631227517078
56.0 96.0 0.3827635923655421
56.0 98.0 0.41851044149350186
56.0 100.0 0.42324307810488443
56.0 102.0 0.40224356826663515
56.0 104.0 0.3582329715783424
56.0 106.0 0.31375359367365757
56.0 108.0 0.14989186683897035
56.0 110.0 0.04436997893675198
56.0 112.0 0.0
56.0 114.0 0.0
56.0 116.0 0.0
56.0 118.0 0.0
56.0 120.0 0.0
56.0 122.0 0.0
56.0 124.0 0.0
56.0 126.0 0.0
58.0 0.0 0.0
58.0 2.0 0.037633935350539334
58.0 4.0 0.25346366877148935
58.0 6.0 0.19381255926823615
58.0 8.0 0.06368977681630554
58.0 10.0 0.01233981429454649
58.0 12.0 0.0
58.0 14.0 0.0
58.0 16.0 0.0
58.0 18.0 0.0
58.0 20.0 0.0
58.0 22.0 0.0
58.0 24.0 0.0
58.0 26.0 0.0
58.0 28.0 0.0
58.0 30.0 0.0
58.0 32.0 0.0
58.0 34.0 0.0
58.0 36.0 0.0
58.0 38.0 0.0
58.0 40.0 0.0
58.0 42.0 7.746814644092628E-4
58.0 44.0 0.024183413409221078
58.0 46.0 0.08952732314042067
58.0 48.0 0.1853105873846126
58.0 50.0 0.3354376378807724
58.0 52.0 0.46289398328132125
58.0 54.0 0.5352266814399894
58.0 56.0 0.5437204549041816
58.0 58.0 0.5081201617573097
58.0 60.0 0.44084892932883846
58.0 62.0 0.29661243897057454
58.0 64.0 0.1849967434647701
58.0 66.0 0.07652021487548732
58.0 68.0 0.013128586313433957
58.0 70.0 0.0
58.0 72.0 0.0
58.0 74.0 0.0
58.0 76.0 0.0
58.0 78.0 0.0
58.0 80.0 0.0
58.0 82.0 0.0
58.0 84.0 0.0
58.0 86.0 0.0
58.0 88.0 3.81298501605707E-4
58.0 90.0 0.08151209596590263
58.0 92.0 0.20634210846659742
58.0 94.0 0.30580521762591634
58.0 96.0 0.37465474483050737
58.0 98.0 0.4166648228720904
58.0 100.0 0.4303645627752326
58.0 102.0 0.4089811879565581
58.0 104.0 0.3555339861860525
58.0 106.0 0.3006039810726175
58.0 108.0 0.14304342068464493
58.0 110.0 0.04150234082627889
58.0 112.0 0.0
58.0 114.0 0.0
58.0 116.0 0.0
58.0 118.0 0.0
58.0 120.0 0.0
58.0 122.0 0.0
58.0 124.0 0.0
58.0 126.0 0.0
60.0 0.0 0.0
60.0 2.0 0.056891647851216864
60.0 4.0 0.2604836208116511
60.0 6.0 0.1807736298060055
60.0 8.0 0.04997459868609713
60.0 10.0 0.00179892868764352
60.0 12.0 0.0
60.0 14.0 0.0
60.0 16.0 0.0
60.0 18.0 0.0
60.0 20.0 0.0
60.0 22.0 0.0
60.0 24.0 0.0
60.0 26.0 0.0
60.0 28.0 0.0
60.0 30.0 0.0
60.0 32.0 0.0
60.0 34.0 0.0
60.0 36.0 0.0
60.0 38.0 0.0
60.0 40.0 0.0
60.0 42.0 0.0013810084500917093
60.0 44.0 0.03166456532900681
60.0 46.0 0.11601279297420043
60.0 48.0 0.2373632623704385
60.0 50.0 0.38055650583616424
60.0 52.0 0.4891494789515574
60.0 54.0 0.5471529289337473
60.0 56.0 0.5557128013278135
60.0 58.0 0.528008883742679
60.0 60.0 0.4670770702581331
60.0 62.0 0.3521888794370889
60.0 64.0 0.20565056197962905
60.0 66.0 0.08679118518075939
60.0 68.0 0.017228295498900998
60.0 70.0 0.0
60.0 72.0 0.0
60.0 74.0 0.0
60.0 76.0 0.0
60.0 78.0 0.0
60.0 80.0 0.0
60.0 82.0 0.0
60.0 84.0 0.0
60.0 86.0 0.0
60.0 88.0 0.0
60.0 90.0 0.026676738217985132
60.0 92.0 0.12156832194223398
60.0 94.0 0.22739415402993454
60.0 96.0 0.30871871884957214
60.0 98.0 0.3681925337293039
60.0 100.0 0.40520579418975694
60.0 102.0 0.3949060440535313
60.0 104.0 0.3448057687510324
60.0 106.0 0.2611353555576598
60.0 108.0 0.140945596679554
60.0 110.0 0.030476528292853966
60.0 112.0 0.0
60.0 114.0 0.0
60.0 116.0 0.0
60.0 118.0 0.0
60.0 120.0 0.0
60.0 122.0 0.0
60.0 124.0 0.0
60.0 126.0 0.0
62.0 0.0 0.0
62.0 2.0 0.08126050808481515
62.0 4.0 0.25966703628002114
62.0 6.0 0.16063788193646902
62.0 8.0 0.035017907868513554
62.0 10.0 0.0
62.0 12.0 0.0
62.0 14.0 0.0
62.0 16.0 0.0
62.0 18.0 0.0
62.0 20.0 0.0
62.0 22.0 0.0
62.0 24.0 0.0
62.0 26.0 0.0
62.0 28.0 0.0
62.0 30.0 0.0
62.0 32.0 0.0
62.0 34.0 0.0
62.0 36.0 0.0
62.0 38.0 0.0
62.0 40.0 0.0
62.0 42.0 0.0
62.0 44.0 0.03190092965691842
62.0 46.0 0.12004137870861013
62.0 48.0 0.24482311515454747
62.0 50.0 0.39938481694650574
62.0 52.0 0.4905336656962589
62.0 54.0 0.540692353619133
62.0 56.0 0.5524825392100737
62.0 58.0 0.5301226304880776
62.0 60.0 0.4702089100314455
62.0 62.0 0.35754139863812123
62.0 64.0 0.2049325709186766
62.0 66.0 0.08475991923587124
62.0 68.0 0.016765267308635815
62.0 70.0 0.0
62.0 72.0 0.0
62.0 74.0 0.0
62.0 76.0 0.0
62.0 78.0 0.0
62.0 80.0 0.0
62.0 82.0 0.0
62.0 84.0 0.0
62.0 86.0 0.0
62.0 88.0 0.0
62.0 90.0 0.004508242982897536
62.0 92.0 0.059719159882656275
62.0 94.0 0.1520649556769967
62.0 96.0 0.24128107994567669
62.0 98.0 0.31469980209879517
62.0 100.0 0.361927233289779
62.0 102.0 0.36943879629163145
62.0 104.0 0.3243799671209838
62.0 106.0 0.24230012664984993
62.0 108.0 0.1264751948026208
62.0 110.0 0.0234769112082536
62.0 112.0 0.0
62.0 114.0 0.0
62.0 116.0 0.0
62.0 118.0 0.0
62.0 120.0 0.0
62.0 122.0 0.0
62.0 124.0 0.0
62.0 126.0 0.0
64.0 0.0 0.0
64.0 2.0 0.12663660035756574
64.0 4.0 0.25088950618327627
64.0 6.0 0.12343811545141
64.0 8.0 0.016717788050892725
64.0 10.0 0.0
64.0 12.0 0.0
64.0 14.0 0.0
64.0 16.0 0.0
64.0 18.0 0.0
64.0 20.0 0.0
64.0 22.0 0.0
64.0 24.0 0.0
64.0 26.0 0.0
64.0 28.0 0.0
64.0 30.0 0.0
64.0 32.0 0.0
64.0 34.0 0.0
64.0 36.0 0.0
64.0 38.0 0.0
64.0 40.0 0.0
64.0 42.0 0.0
64.0 44.0 0.03553246539665003
64.0 46.0 0.13565924324471676
64.0 48.0 0.2652989446001233
64.0 50.0 0.38459732212166026
64.0 52.0 0.4741210054100044
64.0 54.0 0.5238223297478263
64.0 56.0 0.5373709346994322
64.0 58.0 0.5163709336351101
64.0 60.0 0.45571502333997677
64.0 62.0 0.34474416992589635
64.0 64.0 0.1955685170338942
64.0 66.0 0.07622788522634515
64.0 68.0 0.01523790319728049
64.0 70.0 0.0
64.0 72.0 0.0
64.0 74.0 0.0
64.0 76.0 0.0
64.0 78.0 0.0
64.0 80.0 0.0
64.0 82.0 0.0
64.0 84.0 0.0
64.0 86.0 0.0
64.0 88.0 0.0
64.0 90.0 0.0
64.0 92.0 0.016335079829165097
64.0 94.0 0.08340657793007251
64.0 96.0 0.17646728918669352
64.0 98.0 0.2585555718049352
64.0 100.0 0.31432588365186714
64.0 102.0 0.32423809348930843
64.0 104.0 0.28928328585076857
64.0 106.0 0.21670330097442322
64.0 108.0 0.1092901755796762
64.0 110.0 0.020818801274839944
64.0 112.0 0.0
64.0 114.0 0.0
64.0 116.0 0.0
64.0 118.0 0.0
64.0 120.0 0.0
64.0 122.0 0.0
64.0 124.0 0.0
64.0 126.0 0.0
66.0 0.0 0.0
66.0 2.0 0.1744523623822577
66.0 4.0 0.21872521680808302
66.0 6.0 0.10383904941142015
66.0 8.0 0.012691981344463926
66.0 10.0 0.0
66.0 12.0 0.0
66.0 14.0 0.0
66.0 16.0 0.0
66.0 18.0 0.0
66.0 20.0 0.0
66.0 22.0 0.0
66.0 24.0 0.002676724595542451
66.0 26.0 1.1566161942923737E-5
66.0 28.0 0.0
66.0 30.0 0.0
66.0 32.0 0.0
66.0 34.0 0.0
66.0 36.0 0.0
66.0 38.0 0.0
66.0 40.0 0.0
66.0 42.0 0.0031640016147708055
66.0 44.0 0.05026883432454284
66.0 46.0 0.15269356915503435
66.0 48.0 0.2721022464274351
66.0 50.0 0.38225547904656865
66.0 52.0 0.46156430789475844
66.0 54.0 0.5074088250009212
66.0 56.0 0.5189631581419364
66.0 58.0 0.49522138157836487
66.0 60.0 0.43088720746348025
66.0 62.0 0.31724221176893047
66.0 64.0 0.16933817397090636
66.0 66.0 0.06323392922079853
66.0 68.0 0.01122547097097574
66.0 70.0 0.0
66.0 72.0 0.0
66.0 74.0 0.0
66.0 76.0 0.0
66.0 78.0 0.0
66.0 80.0 0.0
66.0 82.0 0.0
66.0 84.0 0.0
66.0 86.0 0.0
66.0 88.0 0.0
66.0 90.0 0.0
66.0 92.0 7.836534357867176E-4
66.0 94.0 0.04437645748018512
66.0 96.0 0.11797447914364416
66.0 98.0 0.20059949299178956
66.0 100.0 0.2644908514317121
66.0 102.0 0.282327027821776
66.0 104.0 0.25156760775346815
66.0 106.0 0.18454066600396238
66.0 108.0 0.09894879270845758
66.0 110.0 0.016517265641752342
66.0 112.0 0.0
66.0 114.0 0.0
66.0 116.0 0.0
66.0 118.0 0.0
66.0 120.0 0.0
66.0 122.0 0.0
66.0 124.0 0.0
66.0 126.0 0.0
68.0 0.0 0.0
68.0 2.0 0.20981348486566576
68.0 4.0 0.19899493186601105
68.0 6.0 0.09706373626199266
68.0 8.0 0.012888658177947815
68.0 10.0 0.0
68.0 12.0 0.0
68.0 14.0 0.0
68.0 16.0 0.0
68.0 18.0 0.0
68.0 20.0 8.497300496012935E-4
68.0 22.0 0.01929162641979853
68.0 24.0 0.026287989868417638
68.0 26.0 0.0051737598524706436
68.0 28.0 0.0
68.0 30.0 0.0
68.0 32.0 0.0
68.0 34.0 0.0
68.0 36.0 0.0
68.0 38.0 0.0
68.0 40.0 0.0
68.0 42.0 0.002157741807892601
68.0 44.0 0.05015695033115012
68.0 46.0 0.1545889494926217
68.0 48.0 0.2728003860882014
68.0 50.0 0.3699558061415816
68.0 52.0 0.44125280537450284
68.0 54.0 0.48457641229167864
68.0 56.0 0.49377363582499306
68.0 58.0 0.46598934855932966
68.0 60.0 0.3963466876308472
68.0 62.0 0.27756321126843764
68.0 64.0 0.13425405954449512
68.0 66.0 0.04766189958835642
68.0 68.0 0.0050385692813797985
68.0 70.0 0.0
68.0 72.0 0.0
68.0 74.0 0.0
68.0 76.0 0.0
68.0 78.0 0.0
68.0 80.0 0.0
68.0 82.0 0.0
68.0 84.0 0.0
68.0 86.0 0.0
68.0 88.0 0.0
68.0 90.0 0.0
68.0 92.0 0.0
68.0 94.0 0.021708573155999444
68.0 96.0 0.07190621701667901
68.0 98.0 0.13748409873048367
68.0 100.0 0.21375863966479602
68.0 102.0 0.22615589136207345
68.0 104.0 0.2038425001853299
68.0 106.0 0.15181979304256696
68.0 108.0 0.08996109316992794
68.0 110.0 0.021807559552452675
68.0 112.0 0.0
68.0 114.0 0.0
68.0 116.0 0.0
68.0 118.0 0.0
68.0 120.0 0.0
68.0 122.0 0.0
68.0 124.0 0.0
68.0 126.0 0.03675245937753396
70.0 0.0 0.0
70.0 2.0 0.22431860008306972
70.0 4.0 0.18162312704782924
70.0 6.0 0.09434410335835901
70.0 8.0 0.013930191600893036
70.0 10.0 0.0
70.0 12.0 0.0
70.0 14.0 0.0
70.0 16.0 0.0
70.0 18.0 0.0
70.0 20.0 0.004949000410973033
70.0 22.0 0.02350276959553249
70.0 24.0 0.028399160334517535
70.0 26.0 0.009584644342221114
70.0 28.0 0.0
70.0 30.0 0.0
70.0 32.0 0.0
70.0 34.0 0.0
70.0 36.0 0.0
70.0 38.0 0.0
70.0 40.0 0.0
70.0 42.0 0.004781889825199197
70.0 44.0 0.04620314845360218
70.0 46.0 0.13958207852874252
70.0 48.0 0.2517675529303344
70.0 50.0 0.3485178087280314
70.0 52.0 0.4182988751570724
70.0 54.0 0.46032260083594423
70.0 56.0 0.4671097143031144
70.0 58.0 0.43473661908485534
70.0 60.0 0.3585394435186568
70.0 62.0 0.23242456969742867
70.0 64.0 0.09790070483928226
70.0 66.0 0.03146515700180954
70.0 68.0 2.1169758164831884E-4
70.0 70.0 0.0
70.0 72.0 0.0
70.0 74.0 0.0
70.0 76.0 0.0
70.0 78.0 0.0
70.0 80.0 0.0
70.0 82.0 0.0
70.0 84.0 0.0
70.0 86.0 0.0
70.0 88.0 0.0
70.0 90.0 0.0
70.0 92.0 0.0
70.0 94.0 0.012419958535860427
70.0 96.0 0.046961075475736976
70.0 98.0 0.10193093647512502
70.0 100.0 0.16141071394391177
70.0 102.0 0.19355065295822146
70.0 104.0 0.16177664269569164
70.0 106.0 0.11331944747315731
70.0 108.0 0.07867564132106514
70.0 110.0 0.03289098936080486
70.0 112.0 0.004410486387698589
70.0 114.0 0.0
70.0 116.0 0.0
70.0 118.0 0.0
70.0 120.0 0.0
70.0 122.0 0.0
70.0 124.0 0.006740381519183956
70.0 126.0 0.09974222791472592
72.0 0.0 0.0
72.0 2.0 0.23447923963214765
72.0 4.0 0.16360330321042113
72.0 6.0 0.0933706520825614
72.0 8.0 0.028554694048855567
72.0 10.0 0.0
72.0 12.0 0.0
72.0 14.0 0.0
72.0 16.0 0.0
72.0 18.0 0.0
72.0 20.0 0.010701951264388608
72.0 22.0 0.016761880870590423
72.0 24.0 0.013323363408366205
72.0 26.0 0.0029008499704848076
72.0 28.0 0.0
72.0 30.0 0.0
72.0 32.0 6.016268814329736E-4
72.0 34.0 0.0
72.0 36.0 0.0
72.0 38.0 0.0
72.0 40.0 0.0
72.0 42.0 0.001808853082797373
72.0 44.0 0.032044613076622715
72.0 46.0 0.11334367182606918
72.0 48.0 0.2180113542887936
72.0 50.0 0.31838181235765567
72.0 52.0 0.39592863281873186
72.0 54.0 0.4353069333682744
72.0 56.0 0.4396757117025057
72.0 58.0 0.4018248505216107
72.0 60.0 0.31613774278757445
72.0 62.0 0.1762065269174
72.0 64.0 0.06376186247166915
72.0 66.0 0.015430784622585805
72.0 68.0 0.0
72.0 70.0 0.0
72.0 72.0 0.0
72.0 74.0 0.0
72.0 76.0 0.0
72.0 78.0 0.0
72.0 80.0 0.0
72.0 82.0 0.0
72.0 84.0 0.0
72.0 86.0 0.0
72.0 88.0 0.0
72.0 90.0 0.0
72.0 92.0 0.0
72.0 94.0 0.008484070804225629
72.0 96.0 0.03137026834807375
72.0 98.0 0.07756517993522435
72.0 100.0 0.1251695390128492
72.0 102.0 0.1409458650618409
72.0 104.0 0.12811060140130384
72.0 106.0 0.09610660007544254
72.0 108.0 0.06165259121364235
72.0 110.0 0.03245842758293594
72.0 112.0 0.016956020863803187
72.0 114.0 0.010526506154641749
72.0 116.0 0.00281796103392474
72.0 118.0 0.005161212217693885
72.0 120.0 0.01091713269182189
72.0 122.0 0.018757743656944544
72.0 124.0 0.050794012466303266
72.0 126.0 0.15955901270438896
74.0 0.0 0.0
74.0 2.0 0.22469012344669106
74.0 4.0 0.14595370092823537
74.0 6.0 0.08691817151827164
74.0 8.0 0.027500417927525892
74.0 10.0 0.0
74.0 12.0 0.0
74.0 14.0 0.0
74.0 16.0 0.0
74.0 18.0 3.5745040551159406E-5
74.0 20.0 0.005460729283334898
74.0 22.0 0.011048545777368794
74.0 24.0 0.00601178476546695
74.0 26.0 0.0
74.0 28.0 0.0
74.0 30.0 0.0
74.0 32.0 0.0
74.0 34.0 0.0
74.0 36.0 0.0
74.0 38.0 0.0
74.0 40.0 0.0
74.0 42.0 0.0
74.0 44.0 0.014647505351050803
74.0 46.0 0.07988239547809399
74.0 48.0 0.18120267346538899
74.0 50.0 0.27204858511035057
74.0 52.0 0.3513368486875362
74.0 54.0 0.40885556480585467
74.0 56.0 0.41200588190058546
74.0 58.0 0.3658835327640122
74.0 60.0 0.2637330863865059
74.0 62.0 0.1161683304743697
74.0 64.0 0.032009407645279396
74.0 66.0 0.0017051425126397594
74.0 68.0 0.0
74.0 70.0 0.0
74.0 72.0 0.0
74.0 74.0 0.0
74.0 76.0 0.0
74.0 78.0 0.0
74.0 80.0 0.0
74.0 82.0 0.0
74.0 84.0 0.0
74.0 86.0 0.0
74.0 88.0 0.0
74.0 90.0 0.0
74.0 92.0 0.0032948704850291085
74.0 94.0 0.018980673726357474
74.0 96.0 0.03430790971368242
74.0 98.0 0.07045270994166401
74.0 100.0 0.10495884339029593
74.0 102.0 0.11070012494788473
74.0 104.0 0.0952832663394898
74.0 106.0 0.06710195826840266
74.0 108.0 0.040035278985606874
74.0 110.0 0.02479210561049733
74.0 112.0 0.021804124366466057
74.0 114.0 0.024040782498553428
74.0 116.0 0.01919903470302137
74.0 118.0 0.025051016582145817
74.0 120.0 0.039317739709139134
74.0 122.0 0.05553016278626996
74.0 124.0 0.11054486822360678
74.0 126.0 0.21490392999366129
76.0 0.0 0.0
76.0 2.0 0.20127199716966362
76.0 4.0 0.12138814499066312
76.0 6.0 0.062363900201993124
76.0 8.0 0.0068124906629371046
76.0 10.0 0.0
76.0 12.0 0.0
76.0 14.0 0.0
76.0 16.0 2.3718708584542116E-4
76.0 18.0 0.002688634524138983
76.0 20.0 0.013962255757881702
76.0 22.0 0.013580481351830447
76.0 24.0 0.0022831306586946934
76.0 26.0 0.0021849682099394975
76.0 28.0 0.0
76.0 30.0 0.0
76.0 32.0 0.0
76.0 34.0 0.0
76.0 36.0 0.0
76.0 38.0 0.0
76.0 40.0 0.0
76.0 42.0 0.0
76.0 44.0 0.005638287597691627
76.0 46.0 0.055378413293367325
76.0 48.0 0.14207466485621337
76.0 50.0 0.24594816862012447
76.0 52.0 0.33780614444842144
76.0 54.0 0.37897642283607286
76.0 56.0 0.3783489281798862
76.0 58.0 0.31950888095855196
76.0 60.0 0.20122194466823765
76.0 62.0 0.06788707365537776
76.0 64.0 0.012946388530650799
76.0 66.0 0.0
76.0 68.0 0.0
76.0 70.0 0.0
76.0 72.0 0.0
76.0 74.0 0.0
76.0 76.0 0.0
76.0 78.0 0.0
76.0 80.0 0.0
76.0 82.0 0.0
76.0 84.0 0.0
76.0 86.0 0.0
76.0 88.0 0.0
76.0 90.0 0.014379400479816002
76.0 92.0 0.03637808846959514
76.0 94.0 0.05367110854463889
76.0 96.0 0.0553505493828039
76.0 98.0 0.07656714930489679
76.0 100.0 0.08856798481016505
76.0 102.0 0.0778999778926296
76.0 104.0 0.05609253610054252
76.0 106.0 0.03408627294136072
76.0 108.0 0.018897725937114817
76.0 110.0 0.014429170012718798
76.0 112.0 0.01735362067936404
76.0 114.0 0.02680578957235322
76.0 116.0 0.02648255809982285
76.0 118.0 0.038663699247871455
76.0 120.0 0.06267599646532328
76.0 122.0 0.09251612031002159
76.0 124.0 0.15890836280184203
76.0 126.0 0.0
78.0 0.0 0.0
78.0 2.0 0.13416802734783004
78.0 4.0 0.08781333431396948
78.0 6.0 0.022360502745633257
78.0 8.0 0.0
78.0 10.0 0.0
78.0 12.0 0.0
78.0 14.0 0.0
78.0 16.0 0.013334575971851696
78.0 18.0 0.017672557454374516
78.0 20.0 0.03996506961127718
78.0 22.0 0.029726951887451444
78.0 24.0 0.0025757016572997746
78.0 26.0 0.005213984082433625
78.0 28.0 0.0
78.0 30.0 0.0
78.0 32.0 0.0
78.0 34.0 0.0
78.0 36.0 0.0
78.0 38.0 0.0
78.0 40.0 0.0
78.0 42.0 0.0
78.0 44.0 0.0026527015599236876
78.0 46.0 0.04057766708238801
78.0 48.0 0.12712642406473385
78.0 50.0 0.22848319081458424
78.0 52.0 0.30606045920800895
78.0 54.0 0.3388851654537001
78.0 56.0 0.3273040014352678
78.0 58.0 0.2528562234699203
78.0 60.0 0.12149255494110861
78.0 62.0 0.023997262738531294
78.0 64.0 0.0
78.0 66.0 0.0
78.0 68.0 0.0
78.0 70.0 0.0
78.0 72.0 0.0
78.0 74.0 0.0
78.0 76.0 0.0
78.0 78.0 0.0
78.0 80.0 0.0
78.0 82.0 0.0
78.0 84.0 0.0
78.0 86.0 0.005499325466976843
78.0 88.0 0.03738912835847479
78.0 90.0 0.08364108102715649
78.0 92.0 0.11901823848348501
78.0 94.0 0.12591938614966966
78.0 96.0 0.09919040663138122
78.0 98.0 0.08414661841437543
78.0 100.0 0.06007074664190926
78.0 102.0 0.02918953740238327
78.0 104.0 0.006260885890543663
78.0 106.0 0.0011787243787534766
78.0 108.0 0.0
78.0 110.0 0.0
78.0 112.0 0.002533531415271334
78.0 114.0 0.007770153424014957
78.0 116.0 0.015599834806132614
78.0 118.0 0.02970968448333777
78.0 120.0 0.05955638724041821
78.0 122.0 0.09892754481452636
78.0 124.0 0.16541517525624697
78.0 126.0 0.0
80.0 0.0 0.0
80.0 2.0 0.0
80.0 4.0 0.011666083245766332
80.0 6.0 0.0
80.0 8.0 0.0
80.0 10.0 0.0
80.0 12.0 0.0
80.0 14.0 0.01938476479037743
80.0 16.0 0.06999985325375167
80.0 18.0 0.08589395457409194
80.0 20.0 0.09771659761730885
80.0 22.0 0.0711256919905761
80.0 24.0 0.012769321107693283
80.0 26.0 0.0021991331441939535
80.0 28.0 0.0
80.0 30.0 0.0
80.0 32.0 0.0
80.0 34.0 0.0
80.0 36.0 0.0
80.0 38.0 0.0
80.0 40.0 0.0
80.0 42.0 0.0
80.0 44.0 0.0
80.0 46.0 0.03165866521796893
80.0 48.0 0.11763824912062439
80.0 50.0 0.21308215907728253
80.0 52.0 0.2539611059440769
80.0 54.0 0.27904402568364506
80.0 56.0 0.2467868851783472
80.0 58.0 0.1648583107956618
80.0 60.0 0.05051119162376317
80.0 62.0 0.006203530565921707
80.0 64.0 0.0
80.0 66.0 0.0
80.0 68.0 0.0
80.0 70.0 0.0
80.0 72.0 0.0
80.0 74.0 0.0
80.0 76.0 0.0
80.0 78.0 0.0
80.0 80.0 0.0
80.0 82.0 0.011131950156500677
80.0 84.0 0.02340368905049243
80.0 86.0 0.06007853638354332
80.0 88.0 0.12081320099325173
80.0 90.0 0.19902081727860776
80.0 92.0 0.22275686837519806
80.0 94.0 0.16777699722840667
80.0 96.0 0.12649307275618263
80.0 98.0 0.07135023027852985
80.0 100.0 0.01508429478272679
80.0 102.0 0.0
80.0 104.0 0.0
80.0 106.0 0.0
80.0 108.0 0.0
80.0 110.0 0.0
80.0 112.0 0.0
80.0 114.0 0.0
80.0 116.0 0.0
80.0 118.0 0.003885677100365737
80.0 120.0 0.0244972227941293
80.0 122.0 0.05741702461111984
80.0 124.0 0.11703425533303537
80.0 126.0 0.0
82.0 0.0 0.0
82.0 2.0 0.0
82.0 4.0 0.007727189913385838
82.0 6.0 0.0
82.0 8.0 0.0
82.0 10.0 0.0
82.0 12.0 0.00839727639121737
82.0 14.0 0.08638051902043713
82.0 16.0 0.1672480237772641
82.0 18.0 0.2161086976807568
82.0 20.0 0.19885662901375914
82.0 22.0 0.13521395734424
82.0 24.0 0.030695295265044106
82.0 26.0 0.0
82.0 28.0 0.0
82.0 30.0 0.0
82.0 32.0 0.0
82.0 34.0 0.0
82.0 36.0 0.0
82.0 38.0 0.0
82.0 40.0 0.0
82.0 42.0 0.0
82.0 44.0 0.0
82.0 46.0 0.04255682221897394
82.0 48.0 0.12026686000089333
82.0 50.0 0.17379671045908082
82.0 52.0 0.20364501114440461
82.0 54.0 0.197863960460172
82.0 56.0 0.15569623860145929
82.0 58.0 0.07811494508809529
82.0 60.0 0.007034066027856729
82.0 62.0 0.0
82.0 64.0 0.0
82.0 66.0 0.0
82.0 68.0 0.0
82.0 70.0 0.0
82.0 72.0 0.0
82.0 74.0 0.0
82.0 76.0 0.0
82.0 78.0 0.0026501597312206322
82.0 80.0 0.02358411833118329
82.0 82.0 0.05615392014874243
82.0 84.0 0.10743678540293938
82.0 86.0 0.17913844725045105
82.0 88.0 0.2758839822860963
82.0 90.0 0.3357924526160949
82.0 92.0 0.32384381688250646
82.0 94.0 0.22181417970450548
82.0 96.0 0.14699608193759459
82.0 98.0 0.051836112971652304
82.0 100.0 0.005309949742342632
82.0 102.0 0.0
82.0 104.0 0.0
82.0 106.0 0.0
82.0 108.0 0.0
82.0 110.0 0.0
82.0 112.0 0.0
82.0 114.0 0.0
82.0 116.0 0.0
82.0 118.0 0.0
82.0 120.0 0.0
82.0 122.0 0.0022162844541821548
82.0 124.0 0.05764277628001685
82.0 126.0 0.0
84.0 0.0 0.0
84.0 2.0 0.0
84.0 4.0 0.0036144268543559306
84.0 6.0 0.0
84.0 8.0 0.0
84.0 10.0 0.0
84.0 12.0 0.0694690581925954
84.0 14.0 0.2148036882039833
84.0 16.0 0.3209955648089871
84.0 18.0 0.3403762720182392
84.0 20.0 0.3037809373175983
84.0 22.0 0.20878929112455805
84.0 24.0 0.08925284814357838
84.0 26.0 0.012059640686593964
84.0 28.0 0.0
84.0 30.0 0.0
84.0 32.0 0.0
84.0 34.0 0.0
84.0 36.0 0.0
84.0 38.0 0.0
84.0 40.0 0.0
84.0 42.0 0.0
84.0 44.0 0.001616158939304149
84.0 46.0 0.036127753880218084
84.0 48.0 0.09350773074057545
84.0 50.0 0.11704277863625513
84.0 52.0 0.1331797947975357
84.0 54.0 0.11373622527155845
84.0 56.0 0.07281119605032003
84.0 58.0 0.025490340144852353
84.0 60.0 0.0
84.0 62.0 0.0
84.0 64.0 0.0
84.0 66.0 0.0
84.0 68.0 0.0
84.0 70.0 0.0
84.0 72.0 0.0
84.0 74.0 0.003009381298508283
84.0 76.0 0.01422357589240112
84.0 78.0 0.03697193810426458
84.0 80.0 0.07653404429691724
84.0 82.0 0.13105805607625778
84.0 84.0 0.19267010009544205
84.0 86.0 0.27836523043883865
84.0 88.0 0.36596624764532804
84.0 90.0 0.413239337628409
84.0 92.0 0.3965215845709685
84.0 94.0 0.3150895040310594
84.0 96.0 0.1757309877732094
84.0 98.0 0.06683667554117981
84.0 100.0 0.010182768444485011
84.0 102.0 0.0
84.0 104.0 0.0
84.0 106.0 0.0
84.0 108.0 0.0
84.0 110.0 0.0
84.0 112.0 0.0
84.0 114.0 0.0
84.0 116.0 0.0
84.0 118.0 0.0
84.0 120.0 0.0
84.0 122.0 0.0
84.0 124.0 0.0
84.0 126.0 0.0
86.0 0.0 0.0
86.0 2.0 0.0
86.0 4.0 0.0
86.0 6.0 0.0
86.0 8.0 0.0
86.0 10.0 0.010784760659698174
86.0 12.0 0.12054022318573065
86.0 14.0 0.27311092718954416
86.0 16.0 0.3816825969350324
86.0 18.0 0.4188435816554659
86.0 20.0 0.3808055543812805
86.0 22.0 0.26508707458851016
86.0 24.0 0.15069079635100904
86.0 26.0 0.037466322645804837
86.0 28.0 0.0
86.0 30.0 0.0
86.0 32.0 0.0
86.0 34.0 0.0
86.0 36.0 0.0
86.0 38.0 0.0
86.0 40.0 0.0
86.0 42.0 0.0
86.0 44.0 0.0
86.0 46.0 0.023509525772402725
86.0 48.0 0.04713249942289726
86.0 50.0 0.064104719040646
86.0 52.0 0.07926119040466267
86.0 54.0 0.05870275047762089
86.0 56.0 0.030854359218452896
86.0 58.0 0.009023513172865823
86.0 60.0 0.001637959217770976
86.0 62.0 0.0026560910510508573
86.0 64.0 0.004549831487323558
86.0 66.0 0.0028153893530982396
86.0 68.0 0.002297800554909591
86.0 70.0 0.00456482161329739
86.0 72.0 0.011156822568577134
86.0 74.0 0.025284489475055242
86.0 76.0 0.046394237507971926
86.0 78.0 0.07917940973535317
86.0 80.0 0.11634285393791982
86.0 82.0 0.18120923283676738
86.0 84.0 0.24619622205725333
86.0 86.0 0.3361581248765779
86.0 88.0 0.40018816760983045
86.0 90.0 0.42621617870683154
86.0 92.0 0.3945418033370735
86.0 94.0 0.33472148304086496
86.0 96.0 0.22075568622532601
86.0 98.0 0.0874319885565397
86.0 100.0 0.013838255323997762
86.0 102.0 0.0
86.0 104.0 0.0
86.0 106.0 0.0
86.0 108.0 0.0
86.0 110.0 0.0
86.0 112.0 0.0
86.0 114.0 0.0
86.0 116.0 0.0
86.0 118.0 0.0
86.0 120.0 0.0
86.0 122.0 0.0
86.0 124.0 0.0
86.0 126.0 0.0
88.0 0.0 0.0
88.0 2.0 0.0
88.0 4.0 0.0
88.0 6.0 0.0
88.0 8.0 0.0
88.0 10.0 0.04380796843762826
88.0 12.0 0.18882129275883228
88.0 14.0 0.3297595042019077
88.0 16.0 0.4340487235732567
88.0 18.0 0.48165215373034526
88.0 20.0 0.4325620962782471
88.0 22.0 0.29262185715193895
88.0 24.0 0.17843922116080624
88.0 26.0 0.05467176892154624
88.0 28.0 0.0011190963429418398
88.0 30.0 0.0
88.0 32.0 0.0
88.0 34.0 0.0
88.0 36.0 0.0
88.0 38.0 0.0
88.0 40.0 0.0
88.0 42.0 0.0
88.0 44.0 0.0
88.0 46.0 7.858244996581554E-5
88.0 48.0 0.01652091392280866
88.0 50.0 0.03586290937889081
88.0 52.0 0.04321845279535716
88.0 54.0 0.03281992114644198
88.0 56.0 0.018983608685540818
88.0 58.0 0.007750710184114583
88.0 60.0 0.0035303884775517245
88.0 62.0 0.013014227139916382
88.0 64.0 0.017752426249606917
88.0 66.0 0.0193016637887783
88.0 68.0 0.012795398054785167
88.0 70.0 0.005223079999956275
88.0 72.0 0.013590624898825737
88.0 74.0 0.06053664896748443
88.0 76.0 0.09701334060489718
88.0 78.0 0.12365183661993129
88.0 80.0 0.18596336820974843
88.0 82.0 0.2196763973549168
88.0 84.0 0.2881774231849578
88.0 86.0 0.37105125887713863
88.0 88.0 0.4224785155352246
88.0 90.0 0.3893212405463656
88.0 92.0 0.35106859383907024
88.0 94.0 0.29841054520558147
88.0 96.0 0.20909841977943988
88.0 98.0 0.09789256580061424
88.0 100.0 0.030490445221974746
88.0 102.0 0.0
88.0 104.0 0.0
88.0 106.0 0.0
88.0 108.0 0.0
88.0 110.0 0.0
88.0 112.0 0.0
88.0 114.0 0.0
88.0 116.0 0.0
88.0 118.0 0.0
88.0 120.0 0.0
88.0 122.0 0.0
88.0 124.0 0.0
88.0 126.0 0.0
90.0 0.0 0.0
90.0 2.0 0.0
90.0 4.0 0.0
90.0 6.0 0.0
90.0 8.0 0.002205113286640059
90.0 10.0 0.09745776301365666
90.0 12.0 0.2526894046342025
90.0 14.0 0.3856842824723916
90.0 16.0 0.47842070429638284
90.0 18.0 0.5216427485490206
90.0 20.0 0.4595746784813977
90.0 22.0 0.30369795162004776
90.0 24.0 0.18566855143904326
90.0 26.0 0.05999940528011822
90.0 28.0 0.002156419962185445
90.0 30.0 0.0
90.0 32.0 0.0
90.0 34.0 0.0
90.0 36.0 0.0
90.0 38.0 0.0
90.0 40.0 0.0
90.0 42.0 0.0
90.0 44.0 0.0
90.0 46.0 0.0
90.0 48.0 0.0
90.0 50.0 0.009207741314235903
90.0 52.0 0.016388721621878186
90.0 54.0 0.018256876306315364
90.0 56.0 0.016585289380800287
90.0 58.0 0.013696957811741092
90.0 60.0 0.01566165968286337
90.0 62.0 0.022125340131035797
90.0 64.0 0.027642566673576317
90.0 66.0 0.022980615932634552
90.0 68.0 0.008937584895539936
90.0 70.0 4.4367573463290375E-4
90.0 72.0 0.007968172935804213
90.0 74.0 0.06364417376686084
90.0 76.0 0.11639783126732724
90.0 78.0 0.1419830951501475
90.0 80.0 0.18094498622388036
90.0 82.0 0.24506558571363204
90.0 84.0 0.3006053708654291
90.0 86.0 0.3775368438802052
90.0 88.0 0.4210419356824693
90.0 90.0 0.38919118912310463
90.0 92.0 0.3394941319502392
90.0 94.0 0.29404234920477784
90.0 96.0 0.21654060614054194
90.0 98.0 0.12632620432366953
90.0 100.0 0.04092871843676819
90.0 102.0 0.0
90.0 104.0 0.0
90.0 106.0 0.0
90.0 108.0 0.0
90.0 110.0 0.0
90.0 112.0 0.0
90.0 114.0 0.0
90.0 116.0 0.0
90.0 118.0 0.0
90.0 120.0 0.0
90.0 122.0 0.0
90.0 124.0 0.0
90.0 126.0 0.0
92.0 0.0 0.0
92.0 2.0 0.0
92.0 4.0 0.0
92.0 6.0 0.0
92.0 8.0 0.0
92.0 10.0 0.10037623645902581
92.0 12.0 0.2643662684026287
92.0 14.0 0.3923934667358931
92.0 16.0 0.4988814452158647
92.0 18.0 0.5473956696613071
92.0 20.0 0.48169987220020305
92.0 22.0 0.3061372351744775
92.0 24.0 0.18286863075555118
92.0 26.0 0.060121761961756004
92.0 28.0 0.001995377863604813
92.0 30.0 0.0
92.0 32.0 0.0
92.0 34.0 0.0
92.0 36.0 0.0
92.0 38.0 0.0
92.0 40.0 0.0
92.0 42.0 0.0
92.0 44.0 0.0
92.0 46.0 0.0
92.0 48.0 0.0
92.0 50.0 0.0
92.0 52.0 0.0
92.0 54.0 0.00601378970603778
92.0 56.0 0.010915978652137571
92.0 58.0 0.020365167986461975
92.0 60.0 0.03219211230621051
92.0 62.0 0.040121507057506604
92.0 64.0 0.0475567663815586
92.0 66.0 0.018215747482896456
92.0 68.0 0.0025733150848614703
92.0 70.0 0.0
92.0 72.0 8.11150548923001E-5
92.0 74.0 0.04945458363725876
92.0 76.0 0.11731876308475726
92.0 78.0 0.14677592397418285
92.0 80.0 0.18113183130193425
92.0 82.0 0.24209375676330028
92.0 84.0 0.29125279731406895
92.0 86.0 0.36199886633349765
92.0 88.0 0.39418958271476195
92.0 90.0 0.38477138864893495
92.0 92.0 0.3320842437659299
92.0 94.0 0.29112098441346684
92.0 96.0 0.2167830247662055
92.0 98.0 0.11612446157005502
92.0 100.0 0.047405884455455925
92.0 102.0 0.0
92.0 104.0 0.0
92.0 106.0 0.0
92.0 108.0 0.0
92.0 110.0 0.0
92.0 112.0 0.0
92.0 114.0 0.0
92.0 116.0 0.0
92.0 118.0 0.0
92.0 120.0 0.0
92.0 122.0 0.0
92.0 124.0 0.0
92.0 126.0 0.0
94.0 0.0 0.0
94.0 2.0 0.0
94.0 4.0 0.0
94.0 6.0 0.0
94.0 8.0 0.002292635483487851
94.0 10.0 0.16970243774110969
94.0 12.0 0.33135888699547206
94.0 14.0 0.44111327033824305
94.0 16.0 0.5239802475974774
94.0 18.0 0.5570586208144549
94.0 20.0 0.4987572304088072
94.0 22.0 0.3195095698429601
94.0 24.0 0.16756170084509178
94.0 26.0 0.05293000873414703
94.0 28.0 0.0012269878611873275
94.0 30.0 0.0
94.0 32.0 0.0
94.0 34.0 0.0
94.0 36.0 0.0
94.0 38.0 0.0
94.0 40.0 0.0
94.0 42.0 0.0
94.0 44.0 0.0
94.0 46.0 0.0
94.0 48.0 0.0
94.0 50.0 0.0
94.0 52.0 0.0014322818837784659
94.0 54.0 0.012595315310379137
94.0 56.0 0.025394922793522845
94.0 58.0 0.03730769012695368
94.0 60.0 0.04804854780444595
94.0 62.0 0.054115584522727446
94.0 64.0 0.05982094223702766
94.0 66.0 0.0211671083486053
94.0 68.0 2.048071233806961E-4
94.0 70.0 0.0
94.0 72.0 0.0
94.0 74.0 0.01370670458675892
94.0 76.0 0.08624580718169744
94.0 78.0 0.12882873887182272
94.0 80.0 0.1570946561498751
94.0 82.0 0.21145569886917226
94.0 84.0 0.25405567165061516
94.0 86.0 0.31471942169421
94.0 88.0 0.35105703821715895
94.0 90.0 0.3700609642414034
94.0 92.0 0.33555703271554566
94.0 94.0 0.28705846788613826
94.0 96.0 0.2152028513970655
94.0 98.0 0.11914171340397169
94.0 100.0 0.05209746775495117
94.0 102.0 0.0
94.0 104.0 0.0
94.0 106.0 0.0
94.0 108.0 0.0
94.0 110.0 0.0
94.0 112.0 0.0
94.0 114.0 0.0
94.0 116.0 0.0
94.0 118.0 0.0
94.0 120.0 0.0
94.0 122.0 0.0
94.0 124.0 0.0
94.0 126.0 0.0
96.0 0.0 0.0
96.0 2.0 0.0
96.0 4.0 0.0
96.0 6.0 0.0
96.0 8.0 0.0
96.0 10.0 0.03869261451366588
96.0 12.0 0.33204227943951936
96.0 14.0 0.4420333529208351
96.0 16.0 0.4995387369796412
96.0 18.0 0.5094127451419271
96.0 20.0 0.474039774266288
96.0 22.0 0.3295437532590431
96.0 24.0 0.15577554767561183
96.0 26.0 0.042571483373072184
96.0 28.0 0.0
96.0 30.0 0.0
96.0 32.0 0.0
96.0 34.0 0.0
96.0 36.0 0.0
96.0 38.0 0.0
96.0 40.0 0.0
96.0 42.0 0.0
96.0 44.0 0.0
96.0 46.0 0.0
96.0 48.0 0.0
96.0 50.0 0.0
96.0 52.0 0.013472948068765445
96.0 54.0 0.035434930111357725
96.0 56.0 0.054393822252653906
96.0 58.0 0.06503043665209746
96.0 60.0 0.06667672092491528
96.0 62.0 0.05863322794845979
96.0 64.0 0.05448198148370582
96.0 66.0 0.02059278997599542
96.0 68.0 0.0
96.0 70.0 0.0
96.0 72.0 0.0
96.0 74.0 0.0
96.0 76.0 0.005317598312707821
96.0 78.0 0.054700536091382757
96.0 80.0 0.0962468151531965
96.0 82.0 0.12839574841391552
96.0 84.0 0.19660934396915844
96.0 86.0 0.24930538454379877
96.0 88.0 0.29303870976228885
96.0 90.0 0.3295440970154984
96.0 92.0 0.33290084981616663
96.0 94.0 0.2855012379455359
96.0 96.0 0.2105057363516258
96.0 98.0 0.1140476939999675
96.0 100.0 0.043911286178523
96.0 102.0 0.0
96.0 104.0 0.0
96.0 106.0 0.0
96.0 108.0 0.0
96.0 110.0 0.0
96.0 112.0 0.0
96.0 114.0 0.0
96.0 116.0 0.0
96.0 118.0 0.0
96.0 120.0 0.0
96.0 122.0 0.0
96.0 124.0 0.0
96.0 126.0 0.0
98.0 0.0 0.0
98.0 2.0 0.0
98.0 4.0 0.0
98.0 6.0 0.0
98.0 8.0 0.0
98.0 10.0 0.0
98.0 12.0 0.2005551501226189
98.0 14.0 0.4747075643338094
98.0 16.0 0.5190819806906332
98.0 18.0 0.5215075315212353
98.0 20.0 0.477524652404421
98.0 22.0 0.33475532174760464
98.0 24.0 0.15335411757386153
98.0 26.0 0.03879328849481883
98.0 28.0 0.0
98.0 30.0 0.0
98.0 32.0 0.0
98.0 34.0 0.0
98.0 36.0 0.0
98.0 38.0 0.0
98.0 40.0 0.0
98.0 42.0 0.0
98.0 44.0 0.0
98.0 46.0 0.0
98.0 48.0 0.0
98.0 50.0 0.016983129067170383
98.0 52.0 0.054082781661049316
98.0 54.0 0.0882630012280053
98.0 56.0 0.1004248887023083
98.0 58.0 0.09459765132470478
98.0 60.0 0.07794154644453309
98.0 62.0 0.05373128994293561
98.0 64.0 0.032141872402767134
98.0 66.0 0.006178313763658923
98.0 68.0 0.0
98.0 70.0 0.0
98.0 72.0 0.0
98.0 74.0 0.0
98.0 76.0 0.0
98.0 78.0 0.0
98.0 80.0 0.006332692295878008
98.0 82.0 0.06045596689030878
98.0 84.0 0.10505170262352187
98.0 86.0 0.1727712239696573
98.0 88.0 0.22388510223550484
98.0 90.0 0.28115564874386845
98.0 92.0 0.2997695760180065
98.0 94.0 0.2749241936711486
98.0 96.0 0.2135756032547955
98.0 98.0 0.12376049870054369
98.0 100.0 0.04478591373609563
98.0 102.0 0.0
98.0 104.0 0.0
98.0 106.0 0.0
98.0 108.0 0.0
98.0 110.0 0.0
98.0 112.0 0.0
98.0 114.0 0.0
98.0 116.0 0.0
98.0 118.0 0.0
98.0 120.0 0.0
98.0 122.0 0.0
98.0 124.0 0.0
98.0 126.0 0.0
100.0 0.0 0.0
100.0 2.0 0.0
100.0 4.0 0.0
100.0 6.0 0.0
100.0 8.0 0.0
100.0 10.0 0.0
100.0 12.0 0.13768711067198425
100.0 14.0 0.49377026904440396
100.0 16.0 0.5365430982754656
100.0 18.0 0.5390993109047335
100.0 20.0 0.4547439351489914
100.0 22.0 0.2995985534781343
100.0 24.0 0.13569719414064565
100.0 26.0 0.033378912367851614
100.0 28.0 0.0
100.0 30.0 0.0
100.0 32.0 0.0
100.0 34.0 0.0
100.0 36.0 0.0
100.0 38.0 0.0
100.0 40.0 0.0
100.0 42.0 0.0
100.0 44.0 0.0
100.0 46.0 0.0
100.0 48.0 0.0087700920724755
100.0 50.0 0.08270747859556273
100.0 52.0 0.13477200443125661
100.0 54.0 0.16052389389995506
100.0 56.0 0.157121595340296
100.0 58.0 0.13108794072949018
100.0 60.0 0.09136477946317241
100.0 62.0 0.04616351577464
100.0 64.0 0.008714577102887219
100.0 66.0 0.0
100.0 68.0 0.0
100.0 70.0 0.0
100.0 72.0 0.0
100.0 74.0 0.0
100.0 76.0 0.0
100.0 78.0 0.0
100.0 80.0 0.0
100.0 82.0 0.004493694753402879
100.0 84.0 0.04231536074534495
100.0 86.0 0.09147855783615033
100.0 88.0 0.16434191154862376
100.0 90.0 0.2108061207028045
100.0 92.0 0.2540754165518527
100.0 94.0 0.2691977165683028
100.0 96.0 0.22596874898752795
100.0 98.0 0.11898633732542734
100.0 100.0 0.03895588564701571
100.0 102.0 0.0
100.0 104.0 0.0
100.0 106.0 0.0
100.0 108.0 0.0
100.0 110.0 0.0
100.0 112.0 0.0
100.0 114.0 0.0
100.0 116.0 0.0
100.0 118.0 0.0
100.0 120.0 0.0
100.0 122.0 0.0
100.0 124.0 0.0
100.0 126.0 0.0
102.0 0.0 0.0
102.0 2.0 0.0
102.0 4.0 0.0
102.0 6.0 0.0
102.0 8.0 0.0
102.0 10.0 0.0
102.0 12.0 0.0
102.0 14.0 0.23917035909156273
102.0 16.0 0.565583478213118
102.0 18.0 0.5606779208308288
102.0 20.0 0.46581520841802
102.0 22.0 0.30432300516324196
102.0 24.0 0.11724726452361904
102.0 26.0 0.018451737654135828
102.0 28.0 0.0
102.0 30.0 0.0
102.0 32.0 0.0
102.0 34.0 0.0
102.0 36.0 0.0
102.0 38.0 0.0
102.0 40.0 0.0
102.0 42.0 0.0
102.0 44.0 0.0
102.0 46.0 0.0023630198993516167
102.0 48.0 0.06761155266585261
102.0 50.0 0.15795533993159952
102.0 52.0 0.20488842480505953
102.0 54.0 0.22330647022572567
102.0 56.0 0.21096808504342013
102.0 58.0 0.17386203181251478
102.0 60.0 0.12147612739475466
102.0 62.0 0.060394697169639744
102.0 64.0 0.014775375583931938
102.0 66.0 0.0
102.0 68.0 0.0
102.0 70.0 0.0
102.0 72.0 0.0
102.0 74.0 0.0
102.0 76.0 0.0
102.0 78.0 0.0
102.0 80.0 0.0
102.0 82.0 0.0
102.0 84.0 0.0
102.0 86.0 0.03169649169254557
102.0 88.0 0.09377710898805897
102.0 90.0 0.14443310534961876
102.0 92.0 0.20716708930773495
102.0 94.0 0.2524028623995253
102.0 96.0 0.2227852028748869
102.0 98.0 0.12035174602189203
102.0 100.0 0.03915575130405187
102.0 102.0 0.0
102.0 104.0 0.0
102.0 106.0 0.0
102.0 108.0 0.0
102.0 110.0 0.0
102.0 112.0 0.0
102.0 114.0 0.0
102.0 116.0 0.0
102.0 118.0 0.0
102.0 120.0 0.0
102.0 122.0 0.0
102.0 124.0 0.0
102.0 126.0 0.0
104.0 0.0 0.0
104.0 2.0 0.0
104.0 4.0 0.0
104.0 6.0 0.0
104.0 8.0 0.0
104.0 10.0 0.0
104.0 12.0 0.0
104.0 14.0 0.0
104.0 16.0 0.29602678049500175
104.0 18.0 0.5738252207885278
104.0 20.0 0.4609525179938138
104.0 22.0 0.32751163531341104
104.0 24.0 0.10596449997034861
104.0 26.0 0.010774522092495095
104.0 28.0 0.0
104.0 30.0 0.0
104.0 32.0 0.0
104.0 34.0 0.0
104.0 36.0 0.0
104.0 38.0 0.0
104.0 40.0 0.0
104.0 42.0 0.0
104.0 44.0 6.525971967661411E-4
104.0 46.0 0.07024170747122362
104.0 48.0 0.15469832185455057
104.0 50.0 0.22092049566187075
104.0 52.0 0.25783829209622955
104.0 54.0 0.26942092793888783
104.0 56.0 0.25066101939464364
104.0 58.0 0.2070068733192838
104.0 60.0 0.1506929027558576
104.0 62.0 0.07045360105670939
104.0 64.0 0.009957642471733471
104.0 66.0 0.0
104.0 68.0 0.0
104.0 70.0 0.0
104.0 72.0 0.0
104.0 74.0 0.0
104.0 76.0 0.0
104.0 78.0 0.0
104.0 80.0 0.0
104.0 82.0 0.0
104.0 84.0 0.0
104.0 86.0 0.006595091837112267
104.0 88.0 0.03424453857094306
104.0 90.0 0.07665532167847446
104.0 92.0 0.1736562846593248
104.0 94.0 0.22926086223409983
104.0 96.0 0.217112960808682
104.0 98.0 0.14637055336423793
104.0 100.0 0.053942289734547226
104.0 102.0 0.006992449793141737
104.0 104.0 0.0
104.0 106.0 0.0
104.0 108.0 0.0
104.0 110.0 0.0
104.0 112.0 0.0
104.0 114.0 0.0
104.0 116.0 0.0
104.0 118.0 0.0
104.0 120.0 0.0
104.0 122.0 0.0
104.0 124.0 0.0
104.0 126.0 0.0
106.0 0.0 0.0
106.0 2.0 0.0
106.0 4.0 0.0
106.0 6.0 0.0
106.0 8.0 0.0
106.0 10.0 0.0
106.0 12.0 0.0
106.0 14.0 0.0
106.0 16.0 0.0
106.0 18.0 0.31532573173284767
106.0 20.0 0.4405496255268457
106.0 22.0 0.2969054344661113
106.0 24.0 0.07721262443830333
106.0 26.0 9.973436190927186E-4
106.0 28.0 0.0
106.0 30.0 0.0
106.0 32.0 0.0
106.0 34.0 0.0
106.0 36.0 0.0
106.0 38.0 0.0
106.0 40.0 0.0
106.0 42.0 0.0
106.0 44.0 0.05060473490663731
106.0 46.0 0.1626469839904404
106.0 48.0 0.21900963563225426
106.0 50.0 0.26671289355255995
106.0 52.0 0.29711370380186125
106.0 54.0 0.30141516463448875
106.0 56.0 0.277841283051733
106.0 58.0 0.2321821913174491
106.0 60.0 0.17284824821422073
106.0 62.0 0.08944531647727798
106.0 64.0 0.014160339566767344
106.0 66.0 0.0
106.0 68.0 0.0
106.0 70.0 0.0
106.0 72.0 0.0
106.0 74.0 0.0
106.0 76.0 0.0
106.0 78.0 0.0
106.0 80.0 0.0
106.0 82.0 0.0
106.0 84.0 0.0
106.0 86.0 0.0
106.0 88.0 0.005795763232294952
106.0 90.0 0.033839766595722964
106.0 92.0 0.13063391607631883
106.0 94.0 0.1890469968915548
106.0 96.0 0.21183013227304337
106.0 98.0 0.183511722748355
106.0 100.0 0.12581177518264697
106.0 102.0 0.05394467175308365
106.0 104.0 0.01090395825406539
106.0 106.0 0.0
106.0 108.0 0.0
106.0 110.0 0.0
106.0 112.0 0.0
106.0 114.0 0.0
106.0 116.0 0.0
106.0 118.0 0.0
106.0 120.0 0.0
106.0 122.0 0.0
106.0 124.0 0.0
106.0 126.0 0.0
108.0 0.0 0.0
108.0 2.0 0.0
108.0 4.0 0.0
108.0 6.0 0.0
108.0 8.0 0.0
108.0 10.0 0.0
108.0 12.0 0.0
108.0 14.0 0.0
108.0 16.0 0.0
108.0 18.0 0.0
108.0 20.0 0.13514533867745093
108.0 22.0 0.17500319854753865
108.0 24.0 0.03314262775027575
108.0 26.0 0.0
108.0 28.0 0.0
108.0 30.0 0.0
108.0 32.0 0.0
108.0 34.0 0.0
108.0 36.0 0.0
108.0 38.0 0.0
108.0 40.0 0.0
108.0 42.0 0.03191914141952211
108.0 44.0 0.12423773317763133
108.0 46.0 0.23624198689995404
108.0 48.0 0.32734406268508126
108.0 50.0 0.3559769537430366
108.0 52.0 0.310405929251005
108.0 54.0 0.31905009938389867
108.0 56.0 0.2929783584469479
108.0 58.0 0.24685634689274427
108.0 60.0 0.187986479362374
108.0 62.0 0.10455416491205151
108.0 64.0 0.018456785842208476
108.0 66.0 0.0
108.0 68.0 0.0
108.0 70.0 0.0
108.0 72.0 0.0
108.0 74.0 0.0
108.0 76.0 0.0
108.0 78.0 0.0
108.0 80.0 0.0
108.0 82.0 0.0
108.0 84.0 0.0
108.0 86.0 0.0
108.0 88.0 0.0022895127511767008
108.0 90.0 0.020101218347440535
108.0 92.0 0.08363951575151872
108.0 94.0 0.1590294383607683
108.0 96.0 0.22801062113808268
108.0 98.0 0.22937902782868655
108.0 100.0 0.20144830538824632
108.0 102.0 0.154158546699834
108.0 104.0 0.12733613877127126
108.0 106.0 0.09011208634729607
108.0 108.0 0.00973062060178616
108.0 110.0 0.0
108.0 112.0 0.0
108.0 114.0 0.0
108.0 116.0 0.0
108.0 118.0 0.0
108.0 120.0 0.0
108.0 122.0 0.0
108.0 124.0 0.0
108.0 126.0 0.0
110.0 0.0 0.0
110.0 2.0 0.0
110.0 4.0 0.0
110.0 6.0 0.0
110.0 8.0 0.0
110.0 10.0 0.0
110.0 12.0 0.0
110.0 14.0 0.0
110.0 16.0 0.0
110.0 18.0 0.0
110.0 20.0 0.0
110.0 22.0 0.005720319960670353
110.0 24.0 0.001963010550369169
110.0 26.0 0.0
110.0 28.0 0.0
110.0 30.0 0.0
110.0 32.0 0.0
110.0 34.0 0.0
110.0 36.0 0.0
110.0 38.0 0.0
110.0 40.0 0.005292112392632481
110.0 42.0 0.06774698425832827
110.0 44.0 0.1783851550458004
110.0 46.0 0.28449464003246466
110.0 48.0 0.3657126244889704
110.0 50.0 0.40895454449563057
110.0 52.0 0.3347063161532717
110.0 54.0 0.3317993117894706
110.0 56.0 0.3039024518057588
110.0 58.0 0.2546493700964785
110.0 60.0 0.19487492883152402
110.0 62.0 0.11281789915200374
110.0 64.0 0.024961140572770015
110.0 66.0 0.0
110.0 68.0 0.0
110.0 70.0 0.0
110.0 72.0 0.0
110.0 74.0 0.0
110.0 76.0 0.0
110.0 78.0 0.0
110.0 80.0 0.0
110.0 82.0 0.0
110.0 84.0 0.0
110.0 86.0 0.0
110.0 88.0 0.0011447448386471264
110.0 90.0 0.010936024863130526
110.0 92.0 0.07053854493861707
110.0 94.0 0.16042318442885747
110.0 96.0 0.25720916796388366
110.0 98.0 0.29121684845464374
110.0 100.0 0.29184631550077805
110.0 102.0 0.26208661297854996
110.0 104.0 0.24065597347686862
110.0 106.0 0.23058150762867988
110.0 108.0 0.0
110.0 110.0 0.0
110.0 112.0 0.0
110.0 114.0 0.0
110.0 116.0 0.0
110.0 118.0 0.0
110.0 120.0 0.0
110.0 122.0 0.0
110.0 124.0 0.0
110.0 126.0 0.0
112.0 0.0 0.0
112.0 2.0 0.0
112.0 4.0 0.0
112.0 6.0 0.0
112.0 8.0 0.0
112.0 10.0 0.0
112.0 12.0 0.0
112.0 14.0 0.0
112.0 16.0 0.0
112.0 18.0 0.0
112.0 20.0 0.0
112.0 22.0 0.0
112.0 24.0 0.03074519174629763
112.0 26.0 0.0
112.0 28.0 0.0
112.0 30.0 0.0
112.0 32.0 0.0
112.0 34.0 0.0
112.0 36.0 0.0
112.0 38.0 0.0
112.0 40.0 0.029964432701385452
112.0 42.0 0.10696050537681517
112.0 44.0 0.21501768744760807
112.0 46.0 0.31013439536561965
112.0 48.0 0.382327027155364
112.0 50.0 0.42919242853733436
112.0 52.0 0.3963523313242912
112.0 54.0 0.33591228328680783
112.0 56.0 0.3091601943936504
112.0 58.0 0.28941631959691766
112.0 60.0 0.2241797713677125
112.0 62.0 0.11262026829710843
112.0 64.0 0.029593104787335203
112.0 66.0 0.0
112.0 68.0 0.0
112.0 70.0 0.0
112.0 72.0 0.0
112.0 74.0 0.0
112.0 76.0 0.0
112.0 78.0 0.0
112.0 80.0 0.0
112.0 82.0 0.0
112.0 84.0 0.0
112.0 86.0 0.0
112.0 88.0 0.0
112.0 90.0 0.014893414901086267
112.0 92.0 0.06107666708986234
112.0 94.0 0.16421672196580744
112.0 96.0 0.28484010109505964
112.0 98.0 0.3564645946353271
112.0 100.0 0.36772731732931496
112.0 102.0 0.3464277872546187
112.0 104.0 0.30489011894653245
112.0 106.0 0.0
112.0 108.0 0.0
112.0 110.0 0.0
112.0 112.0 0.0
112.0 114.0 0.0
112.0 116.0 0.0
112.0 118.0 0.0
112.0 120.0 0.0
112.0 122.0 0.0
112.0 124.0 0.0
112.0 126.0 0.0
114.0 0.0 0.0
114.0 2.0 0.0
114.0 4.0 0.0
114.0 6.0 0.0
114.0 8.0 0.0
114.0 10.0 0.0
114.0 12.0 0.0
114.0 14.0 0.0
114.0 16.0 0.0
114.0 18.0 0.0
114.0 20.0 0.0
114.0 22.0 0.0
114.0 24.0 0.0
114.0 26.0 0.048001425702665766
114.0 28.0 0.0
114.0 30.0 0.0
114.0 32.0 0.0
114.0 34.0 0.0
114.0 36.0 0.0
114.0 38.0 0.0
114.0 40.0 0.04213661963764475
114.0 42.0 0.12988548252660015
114.0 44.0 0.230701169248541
114.0 46.0 0.3193767041187782
114.0 48.0 0.38967910721573246
114.0 50.0 0.4366707766907765
114.0 52.0 0.45870812419979506
114.0 54.0 0.4464969996346065
114.0 56.0 0.39262479388488974
114.0 58.0 0.3136940287536212
114.0 60.0 0.19461455175384004
114.0 62.0 0.09152501984667405
114.0 64.0 0.029404669772933923
114.0 66.0 0.0
114.0 68.0 0.0
114.0 70.0 0.0
114.0 72.0 0.0
114.0 74.0 0.0
114.0 76.0 0.0
114.0 78.0 0.0
114.0 80.0 0.0
114.0 82.0 0.0
114.0 84.0 0.0
114.0 86.0 0.0
114.0 88.0 0.0
114.0 90.0 0.022951097266467765
114.0 92.0 0.05707571651571867
114.0 94.0 0.1704565502875233
114.0 96.0 0.3159732261760786
114.0 98.0 0.399662842918113
114.0 100.0 0.40535877766028583
114.0 102.0 0.0
114.0 104.0 0.0
114.0 106.0 0.0
114.0 108.0 0.0
114.0 110.0 0.0
114.0 112.0 0.0
114.0 114.0 0.0
114.0 116.0 0.0
114.0 118.0 0.0
114.0 120.0 0.0
114.0 122.0 0.0
114.0 124.0 0.0
114.0 126.0 0.0
116.0 0.0 0.0
116.0 2.0 0.0
116.0 4.0 0.0
116.0 6.0 0.0
116.0 8.0 0.0
116.0 10.0 0.0
116.0 12.0 0.0
116.0 14.0 0.0
116.0 16.0 0.0
116.0 18.0 0.0
116.0 20.0 0.0
116.0 22.0 0.0
116.0 24.0 0.0
116.0 26.0 0.0
116.0 28.0 0.08872329691797089
116.0 30.0 0.0
116.0 32.0 0.0
116.0 34.0 0.0
116.0 36.0 0.0
116.0 38.0 0.0
116.0 40.0 0.04828903412638039
116.0 42.0 0.13750668227038734
116.0 44.0 0.23476929836959218
116.0 46.0 0.3197993645468546
116.0 48.0 0.3896497407442201
116.0 50.0 0.4382298103740771
116.0 52.0 0.4617422392723341
116.0 54.0 0.4481627703733167
116.0 56.0 0.39404849028086614
116.0 58.0 0.3109621693199887
116.0 60.0 0.19076663690500392
116.0 62.0 0.07352013809578765
116.0 64.0 0.018736461348450334
116.0 66.0 0.0
116.0 68.0 0.0
116.0 70.0 0.0
116.0 72.0 0.0
116.0 74.0 0.0
116.0 76.0 0.0
116.0 78.0 0.0
116.0 80.0 0.0
116.0 82.0 0.0
116.0 84.0 0.0
116.0 86.0 0.0
116.0 88.0 9.701672723851376E-4
116.0 90.0 0.031879683202289226
116.0 92.0 0.06519248625973233
116.0 94.0 0.17702234143130524
116.0 96.0 0.3256801773776053
116.0 98.0 0.39517640382862557
116.0 100.0 0.0
116.0 102.0 0.0
116.0 104.0 0.0
116.0 106.0 0.0
116.0 108.0 0.0
116.0 110.0 0.0
116.0 112.0 0.0
116.0 114.0 0.0
116.0 116.0 0.0
116.0 118.0 0.0
116.0 120.0 0.0
116.0 122.0 0.0
116.0 124.0 0.0
116.0 126.0 0.0
118.0 0.0 0.0
118.0 2.0 0.0
118.0 4.0 0.0
118.0 6.0 0.0
118.0 8.0 0.0
118.0 10.0 0.0
118.0 12.0 0.0
118.0 14.0 0.0
118.0 16.0 0.0
118.0 18.0 0.0
118.0 20.0 0.0
118.0 22.0 0.0
118.0 24.0 0.0
118.0 26.0 0.0
118.0 28.0 0.0
118.0 30.0 0.0
118.0 32.0 0.05499224169087918
118.0 34.0 0.0
118.0 36.0 0.0
118.0 38.0 0.0
118.0 40.0 0.04160805466204802
118.0 42.0 0.12601344224148894
118.0 44.0 0.22515004924950766
118.0 46.0 0.30460271254580623
118.0 48.0 0.3737210925147985
118.0 50.0 0.4295459449350414
118.0 52.0 0.4613992990127582
118.0 54.0 0.4504400573393102
118.0 56.0 0.39554309425942424
118.0 58.0 0.3057539052177218
118.0 60.0 0.17552363313178607
118.0 62.0 0.06182610957334488
118.0 64.0 0.004048097207875463
118.0 66.0 0.0
118.0 68.0 0.0
118.0 70.0 0.0
118.0 72.0 0.0
118.0 74.0 0.0
118.0 76.0 0.0
118.0 78.0 0.0
118.0 80.0 0.0
118.0 82.0 0.0
118.0 84.0 0.0
118.0 86.0 0.0
118.0 88.0 0.004337541989444047
118.0 90.0 0.042400329635615706
118.0 92.0 0.08144002468515851
118.0 94.0 0.18426560227090624
118.0 96.0 0.3050447971016778
118.0 98.0 0.0
118.0 100.0 0.0
118.0 102.0 0.0
118.0 104.0 0.0
118.0 106.0 0.0
118.0 108.0 0.0
118.0 110.0 0.0
118.0 112.0 0.0
118.0 114.0 0.0
118.0 116.0 0.0
118.0 118.0 0.0
118.0 120.0 0.0
118.0 122.0 0.0
118.0 124.0 0.0
118.0 126.0 0.0
120.0 0.0 0.0
120.0 2.0 0.0
120.0 4.0 0.0
120.0 6.0 0.0
120.0 8.0 0.0
120.0 10.0 0.0
120.0 12.0 0.0
120.0 14.0 0.0
120.0 16.0 0.0
120.0 18.0 0.0
120.0 20.0 0.0
120.0 22.0 0.0
120.0 24.0 0.0
120.0 26.0 0.0
120.0 28.0 0.0
120.0 30.0 0.0
120.0 32.0 0.0
120.0 34.0 0.0
120.0 36.0 0.06125283705421214
120.0 38.0 0.0
120.0 40.0 0.014065638003691613
120.0 42.0 0.08883844591983166
120.0 44.0 0.18780037560449292
120.0 46.0 0.2808201392908185
120.0 48.0 0.35439806953757724
120.0 50.0 0.4137732009368709
120.0 52.0 0.45254593293976514
120.0 54.0 0.4476217253870198
120.0 56.0 0.39215610475941465
120.0 58.0 0.29396434845753594
120.0 60.0 0.1538303976688279
120.0 62.0 0.049828592223919804
120.0 64.0 0.0
120.0 66.0 0.0
120.0 68.0 0.0
120.0 70.0 0.0
120.0 72.0 0.0
120.0 74.0 0.0
120.0 76.0 0.0
120.0 78.0 0.0
120.0 80.0 0.0
120.0 82.0 0.0
120.0 84.0 0.0
120.0 86.0 0.0
120.0 88.0 0.007701073676807156
120.0 90.0 0.04696408542576059
120.0 92.0 0.10345097972603166
120.0 94.0 0.0
120.0 96.0 0.0
120.0 98.0 0.0
120.0 100.0 0.0
120.0 102.0 0.0
120.0 104.0 0.0
120.0 106.0 0.0
120.0 108.0 0.0
120.0 110.0 0.0
120.0 112.0 0.0
120.0 114.0 0.0
120.0 116.0 0.0
120.0 118.0 0.0
120.0 120.0 0.0
120.0 122.0 0.0
120.0 124.0 0.0
120.0 126.0 0.0
122.0 0.0 0.0
122.0 2.0 0.0
122.0 4.0 0.0
122.0 6.0 0.0
122.0 8.0 0.0
122.0 10.0 0.0
122.0 12.0 0.0
122.0 14.0 0.0
122.0 16.0 0.0
122.0 18.0 0.0
122.0 20.0 0.0
122.0 22.0 0.0
122.0 24.0 0.0
122.0 26.0 0.0
122.0 28.0 0.0
122.0 30.0 0.0
122.0 32.0 0.0
122.0 34.0 0.0
122.0 36.0 0.0
122.0 38.0 0.0
122.0 40.0 0.06674286599660215
122.0 42.0 0.06580969007330703
122.0 44.0 0.14003367851292461
122.0 46.0 0.20883041296497853
122.0 48.0 0.2820342725820915
122.0 50.0 0.397419253105141
122.0 52.0 0.43633279105243505
122.0 54.0 0.4392730155528892
122.0 56.0 0.38637567847071375
122.0 58.0 0.2810207268087444
122.0 60.0 0.1386279096310207
122.0 62.0 0.04112381299483752
122.0 64.0 0.0
122.0 66.0 0.0
122.0 68.0 0.0
122.0 70.0 0.0
122.0 72.0 0.0
122.0 74.0 0.0
122.0 76.0 0.0
122.0 78.0 0.0
122.0 80.0 0.0
122.0 82.0 0.0
122.0 84.0 0.0
122.0 86.0 0.0
122.0 88.0 0.011406210600439464
122.0 90.0 0.0
122.0 92.0 0.0
122.0 94.0 0.0
122.0 96.0 0.0
122.0 98.0 0.0
122.0 100.0 0.0
122.0 102.0 0.0
122.0 104.0 0.0
122.0 106.0 0.0
122.0 108.0 0.0
122.0 110.0 0.0
122.0 112.0 0.0
122.0 114.0 0.0
122.0 116.0 0.0
122.0 118.0 0.0
122.0 120.0 0.0
122.0 122.0 0.0
122.0 124.0 0.0
122.0 126.0 0.0
124.0 0.0 0.0
124.0 2.0 0.0
124.0 4.0 0.0
124.0 6.0 0.0
124.0 8.0 0.0
124.0 10.0 0.0
124.0 12.0 0.0
124.0 14.0 0.0
124.0 16.0 0.0
124.0 18.0 0.0
124.0 20.0 0.0
124.0 22.0 0.0
124.0 24.0 0.0
124.0 26.0 0.0
124.0 28.0 0.0
124.0 30.0 0.0
124.0 32.0 0.0
124.0 34.0 0.0
124.0 36.0 0.0
124.0 38.0 0.0
124.0 40.0 0.0
124.0 42.0 0.0
124.0 44.0 0.0
124.0 46.0 0.0966241967956143
124.0 48.0 0.1891091666025486
124.0 50.0 0.24707396783981903
124.0 52.0 0.3554229794104116
124.0 54.0 0.40611250217062
124.0 56.0 0.3865508610910093
124.0 58.0 0.297956373973519
124.0 60.0 0.16559870805890933
124.0 62.0 0.05157669838939425
124.0 64.0 0.0
124.0 66.0 0.0
124.0 68.0 0.0
124.0 70.0 0.0
124.0 72.0 0.0
124.0 74.0 0.0
124.0 76.0 0.0
124.0 78.0 0.0
124.0 80.0 0.0
124.0 82.0 0.0
124.0 84.0 0.0
124.0 86.0 0.0
124.0 88.0 0.0
124.0 90.0 0.0
124.0 92.0 0.0
124.0 94.0 0.0
124.0 96.0 0.0
124.0 98.0 0.0
124.0 100.0 0.0
124.0 102.0 0.0
124.0 104.0 0.0
124.0 106.0 0.0
124.0 108.0 0.0
124.0 110.0 0.0
124.0 112.0 0.0
124.0 114.0 0.0
124.0 116.0 0.0
124.0 118.0 0.0
124.0 120.0 0.0
124.0 122.0 0.0
124.0 124.0 0.0
124.0 126.0 0.0
126.0 0.0 0.0
126.0 2.0 0.0
126.0 4.0 0.0
126.0 6.0 0.0
126.0 8.0 0.0
126.0 10.0 0.0
126.0 12.0 0.0
126.0 14.0 0.0
126.0 16.0 0.0
126.0 18.0 0.0
126.0 20.0 0.0
126.0 22.0 0.0
126.0 24.0 0.0
126.0 26.0 0.0
126.0 28.0 0.0
126.0 30.0 0.0
126.0 32.0 0.0
126.0 34.0 0.0
126.0 36.0 0.0
126.0 38.0 0.0
126.0 40.0 0.0
126.0 42.0 0.0
126.0 44.0 0.0
126.0 46.0 0.0
126.0 48.0 0.0
126.0 50.0 0.0
126.0 52.0 0.0
126.0 54.0 0.12981540025810068
126.0 56.0 0.2948694784968059
126.0 58.0 0.3046804436125243
126.0 60.0 0.31769008490338085
126.0 62.0 0.22946535230472084
126.0 64.0 0.08162405425873892
126.0 66.0 0.006416794585638818
126.0 68.0 0.0
126.0 70.0 0.0
126.0 72.0 0.0
126.0 74.0 0.0
126.0 76.0 0.0
126.0 78.0 0.0
126.0 80.0 0.0
126.0 82.0 0.0
126.0 84.0 0.0
126.0 86.0 0.0
126.0 88.0 0.0
126.0 90.0 0.0
126.0 92.0 0.0
126.0 94.0 0.0
126.0 96.0 0.0
126.0 98.0 0.0
126.0 100.0 0.0
126.0 102.0 0.0
126.0 104.0 0.0
126.0 106.0 0.0
126.0 108.0 0.0
126.0 110.0 0.0
126.0 112.0 0.0
126.0 114.0 0.0
126.0 116.0 0.0
126.0 118.0 0.0
126.0 120.0 0.0
126.0 122.0 0.0
126.0 124.0 0.0
126.0 126.0 0.0
