0.0 0.0 0.0
0.0 2.0 0.0
0.0 4.0 0.0
0.0 6.0 0.0
0.0 8.0 0.0
0.0 10.0 0.0
0.0 12.0 0.0
0.0 14.0 0.0
0.0 16.0 0.0
0.0 18.0 0.0
0.0 20.0 0.0
0.0 22.0 0.0
0.0 24.0 0.0
0.0 26.0 0.0
0.0 28.0 0.0
0.0 30.0 0.0
0.0 32.0 0.0
0.0 34.0 0.0
0.0 36.0 0.0
0.0 38.0 0.0
0.0 40.0 0.0
0.0 42.0 0.0
0.0 44.0 0.0
0.0 46.0 0.0
0.0 48.0 0.0
0.0 50.0 0.0
0.0 52.0 0.0
0.0 54.0 0.0
0.0 56.0 0.0
0.0 58.0 0.0
0.0 60.0 0.0
0.0 62.0 0.0
0.0 64.0 0.0
0.0 66.0 0.0
0.0 68.0 0.0
0.0 70.0 0.0
0.0 72.0 0.0
0.0 74.0 0.0
0.0 76.0 0.0
0.0 78.0 0.0
0.0 80.0 0.0
0.0 82.0 0.0
0.0 84.0 0.0
0.0 86.0 0.0
0.0 88.0 0.0
0.0 90.0 0.0
0.0 92.0 0.0
0.0 94.0 0.0
0.0 96.0 0.0
0.0 98.0 0.0
0.0 100.0 0.0
0.0 102.0 0.0
0.0 104.0 0.0
0.0 106.0 0.0
0.0 108.0 0.0
0.0 110.0 0.0
0.0 112.0 0.0
0.0 114.0 0.0
0.0 116.0 0.0
0.0 118.0 0.0
0.0 120.0 0.0
0.0 122.0 0.0
0.0 124.0 0.0
0.0 126.0 0.0
2.0 0.0 0.0
2.0 2.0 0.0
2.0 4.0 0.0
2.0 6.0 0.0
2.0 8.0 0.0
2.0 10.0 0.0
2.0 12.0 0.0
2.0 14.0 0.0
2.0 16.0 0.0
2.0 18.0 0.0
2.0 20.0 0.0
2.0 22.0 0.0
2.0 24.0 0.0
2.0 26.0 0.0
2.0 28.0 0.0
2.0 30.0 0.0
2.0 32.0 0.0
2.0 34.0 0.0
2.0 36.0 0.0
2.0 38.0 0.0
2.0 40.0 0.0
2.0 42.0 0.0
2.0 44.0 0.0
2.0 46.0 0.0
2.0 48.0 0.0
2.0 50.0 0.0
2.0 52.0 0.047352219816108244
2.0 54.0 0.1884665152131464
2.0 56.0 0.36573864183445987
2.0 58.0 0.49428039487020703
2.0 60.0 0.5229040734403991
2.0 62.0 0.49033469058723794
2.0 64.0 0.3765605411773301
2.0 66.0 0.19366195141921197
2.0 68.0 0.00527904969910711
2.0 70.0 0.0
2.0 72.0 0.0
2.0 74.0 0.0
2.0 76.0 0.0
2.0 78.0 0.0
2.0 80.0 0.0
2.0 82.0 0.0
2.0 84.0 0.0
2.0 86.0 0.0
2.0 88.0 0.0
2.0 90.0 0.0
2.0 92.0 0.0
2.0 94.0 0.0
2.0 96.0 0.0
2.0 98.0 0.0
2.0 100.0 0.0
2.0 102.0 0.0
2.0 104.0 0.0
2.0 106.0 0.0
2.0 108.0 0.0
2.0 110.0 0.0
2.0 112.0 0.0
2.0 114.0 0.0
2.0 116.0 0.0
2.0 118.0 0.0
2.0 120.0 0.0
2.0 122.0 0.0
2.0 124.0 0.0
2.0 126.0 0.0
4.0 0.0 0.0
4.0 2.0 0.0
4.0 4.0 0.0
4.0 6.0 0.0
4.0 8.0 0.0
4.0 10.0 0.0
4.0 12.0 0.0
4.0 14.0 0.0
4.0 16.0 0.0
4.0 18.0 0.0
4.0 20.0 0.0
4.0 22.0 0.0
4.0 24.0 0.0
4.0 26.0 0.0
4.0 28.0 0.0
4.0 30.0 0.0
4.0 32.0 0.0
4.0 34.0 0.0
4.0 36.0 0.0
4.0 38.0 0.0
4.0 40.0 0.0
4.0 42.0 0.0
4.0 44.0 0.0
4.0 46.0 0.0
4.0 48.0 9.094858166381927E-4
4.0 50.0 0.06194216673887717
4.0 52.0 0.1842094039392214
4.0 54.0 0.33595959822034765
4.0 56.0 0.44502686179642437
4.0 58.0 0.5116604971187905
4.0 60.0 0.5108965730779064
4.0 62.0 0.41454327279720665
4.0 64.0 0.2918619630101787
4.0 66.0 0.1614790401544475
4.0 68.0 0.006440380135994273
4.0 70.0 0.0
4.0 72.0 0.0
4.0 74.0 0.0
4.0 76.0 0.0
4.0 78.0 0.0
4.0 80.0 0.0
4.0 82.0 0.0
4.0 84.0 0.0
4.0 86.0 0.0
4.0 88.0 0.0
4.0 90.0 0.0
4.0 92.0 0.0
4.0 94.0 0.0
4.0 96.0 0.0
4.0 98.0 0.0
4.0 100.0 0.0
4.0 102.0 0.0
4.0 104.0 0.0
4.0 106.0 0.0
4.0 108.0 0.0
4.0 110.0 0.0
4.0 112.0 0.0
4.0 114.0 0.0
4.0 116.0 0.0
4.0 118.0 0.0
4.0 120.0 0.0
4.0 122.0 0.0
4.0 124.0 0.0
4.0 126.0 0.0
6.0 0.0 0.0
6.0 2.0 0.0
6.0 4.0 0.0
6.0 6.0 0.0
6.0 8.0 0.0
6.0 10.0 0.0
6.0 12.0 0.0
6.0 14.0 0.0
6.0 16.0 0.0
6.0 18.0 0.0
6.0 20.0 0.0
6.0 22.0 0.0
6.0 24.0 0.0
6.0 26.0 0.0
6.0 28.0 0.0
6.0 30.0 0.0
6.0 32.0 0.0
6.0 34.0 0.0
6.0 36.0 0.0
6.0 38.0 0.0
6.0 40.0 0.0012436456161571386
6.0 42.0 0.007050412456273212
6.0 44.0 0.00874201376939444
6.0 46.0 0.01657254424451854
6.0 48.0 0.060901658889765065
6.0 50.0 0.13973918667688795
6.0 52.0 0.25960221120690313
6.0 54.0 0.4012865642440224
6.0 56.0 0.4976109494812031
6.0 58.0 0.54155734360886
6.0 60.0 0.5234356473210195
6.0 62.0 0.41880214168638946
6.0 64.0 0.28564230218122333
6.0 66.0 0.15295138195614197
6.0 68.0 0.007586343793577147
6.0 70.0 0.0
6.0 72.0 0.0
6.0 74.0 0.0
6.0 76.0 0.0
6.0 78.0 0.0
6.0 80.0 0.0
6.0 82.0 0.0
6.0 84.0 0.0
6.0 86.0 0.0
6.0 88.0 0.005146020972930771
6.0 90.0 0.20059423370502624
6.0 92.0 0.0
6.0 94.0 0.0
6.0 96.0 0.0
6.0 98.0 0.0
6.0 100.0 0.0
6.0 102.0 0.0
6.0 104.0 0.0
6.0 106.0 0.0
6.0 108.0 0.0
6.0 110.0 0.0
6.0 112.0 0.0
6.0 114.0 0.0
6.0 116.0 0.0
6.0 118.0 0.0
6.0 120.0 0.0
6.0 122.0 0.0
6.0 124.0 0.0
6.0 126.0 0.0
8.0 0.0 0.0
8.0 2.0 0.0
8.0 4.0 0.0
8.0 6.0 0.0
8.0 8.0 0.0
8.0 10.0 0.0
8.0 12.0 0.0
8.0 14.0 0.0
8.0 16.0 0.0
8.0 18.0 0.0
8.0 20.0 0.0
8.0 22.0 0.0
8.0 24.0 0.0
8.0 26.0 0.0
8.0 28.0 0.0
8.0 30.0 0.0
8.0 32.0 0.0
8.0 34.0 0.3081873138906573
8.0 36.0 0.11923705652658112
8.0 38.0 0.039244367763440396
8.0 40.0 0.008292691783984403
8.0 42.0 0.0
8.0 44.0 0.0
8.0 46.0 0.010113967662705404
8.0 48.0 0.07359706147213148
8.0 50.0 0.1815311231069291
8.0 52.0 0.3070746825057165
8.0 54.0 0.42971948296708784
8.0 56.0 0.5197784805665253
8.0 58.0 0.5518028417649175
8.0 60.0 0.5272789068078882
8.0 62.0 0.42858444315456784
8.0 64.0 0.2820119314380385
8.0 66.0 0.1427547309743697
8.0 68.0 0.008559875836169682
8.0 70.0 0.0
8.0 72.0 0.0
8.0 74.0 0.0
8.0 76.0 0.0
8.0 78.0 0.0
8.0 80.0 0.0
8.0 82.0 0.0
8.0 84.0 0.0
8.0 86.0 0.0
8.0 88.0 0.0
8.0 90.0 0.1137331379509353
8.0 92.0 0.32557973209685137
8.0 94.0 0.42401910760505407
8.0 96.0 0.0
8.0 98.0 0.0
8.0 100.0 0.0
8.0 102.0 0.0
8.0 104.0 0.0
8.0 106.0 0.0
8.0 108.0 0.0
8.0 110.0 0.0
8.0 112.0 0.0
8.0 114.0 0.0
8.0 116.0 0.0
8.0 118.0 0.0
8.0 120.0 0.0
8.0 122.0 0.0
8.0 124.0 0.0
8.0 126.0 0.0
10.0 0.0 0.0
10.0 2.0 0.0
10.0 4.0 0.0
10.0 6.0 0.0
10.0 8.0 0.0
10.0 10.0 0.0
10.0 12.0 0.0
10.0 14.0 0.0
10.0 16.0 0.0
10.0 18.0 0.0
10.0 20.0 0.0
10.0 22.0 0.0
10.0 24.0 0.0
10.0 26.0 0.0
10.0 28.0 0.0
10.0 30.0 0.38442519084617804
10.0 32.0 0.14181208670515275
10.0 34.0 0.05794999990208912
10.0 36.0 0.02304391434499263
10.0 38.0 6.332983963200791E-4
10.0 40.0 0.0
10.0 42.0 0.0
10.0 44.0 0.0
10.0 46.0 0.011345302504900331
10.0 48.0 0.09219640502893894
10.0 50.0 0.2138532113586896
10.0 52.0 0.3473144031697495
10.0 54.0 0.4598219990162946
10.0 56.0 0.5379867327780525
10.0 58.0 0.5580823769524879
10.0 60.0 0.5276650101548351
10.0 62.0 0.44068577242242685
10.0 64.0 0.26018915058370146
10.0 66.0 0.13951900864496095
10.0 68.0 0.007486204139945333
10.0 70.0 0.0
10.0 72.0 0.0
10.0 74.0 0.0
10.0 76.0 0.0
10.0 78.0 0.0
10.0 80.0 0.0
10.0 82.0 0.0
10.0 84.0 0.0
10.0 86.0 0.0
10.0 88.0 0.0
10.0 90.0 0.05795247585460184
10.0 92.0 0.2777030528827697
10.0 94.0 0.39865813253023835
10.0 96.0 0.4460854577052206
10.0 98.0 0.0
10.0 100.0 0.0
10.0 102.0 0.0
10.0 104.0 0.0
10.0 106.0 0.0
10.0 108.0 0.0
10.0 110.0 0.0
10.0 112.0 0.0
10.0 114.0 0.0
10.0 116.0 0.0
10.0 118.0 0.0
10.0 120.0 0.0
10.0 122.0 0.0
10.0 124.0 0.0
10.0 126.0 0.0
12.0 0.0 0.0
12.0 2.0 0.0
12.0 4.0 0.0
12.0 6.0 0.0
12.0 8.0 0.0
12.0 10.0 0.0
12.0 12.0 0.0
12.0 14.0 0.0
12.0 16.0 0.0
12.0 18.0 0.0
12.0 20.0 0.0
12.0 22.0 0.0
12.0 24.0 0.0
12.0 26.0 0.0
12.0 28.0 0.33761843738250735
12.0 30.0 0.0484884783872675
12.0 32.0 0.008435129301714426
12.0 34.0 0.007188610196211416
12.0 36.0 0.0
12.0 38.0 0.0
12.0 40.0 0.0
12.0 42.0 0.0
12.0 44.0 0.0
12.0 46.0 0.014527609253578105
12.0 48.0 0.10656817509366101
12.0 50.0 0.23797778662884816
12.0 52.0 0.3787599666593169
12.0 54.0 0.48654774683333196
12.0 56.0 0.5541714674298157
12.0 58.0 0.5618129987310195
12.0 60.0 0.5255520496572946
12.0 62.0 0.4488242164536098
12.0 64.0 0.2657678508241209
12.0 66.0 0.12029617584370687
12.0 68.0 0.004652833169137394
12.0 70.0 0.0
12.0 72.0 0.0
12.0 74.0 0.0
12.0 76.0 0.0
12.0 78.0 0.0
12.0 80.0 0.0
12.0 82.0 0.0
12.0 84.0 0.0
12.0 86.0 0.0
12.0 88.0 0.0
12.0 90.0 0.031666318466076815
12.0 92.0 0.25691756372363056
12.0 94.0 0.3948926828435822
12.0 96.0 0.45351373789618005
12.0 98.0 0.4610496908921644
12.0 100.0 0.4241274826454531
12.0 102.0 0.0
12.0 104.0 0.0
12.0 106.0 0.0
12.0 108.0 0.0
12.0 110.0 0.0
12.0 112.0 0.0
12.0 114.0 0.0
12.0 116.0 0.0
12.0 118.0 0.0
12.0 120.0 0.0
12.0 122.0 0.0
12.0 124.0 0.0
12.0 126.0 0.0
14.0 0.0 0.0
14.0 2.0 0.0
14.0 4.0 0.0
14.0 6.0 0.0
14.0 8.0 0.0
14.0 10.0 0.0
14.0 12.0 0.0
14.0 14.0 0.0
14.0 16.0 0.0
14.0 18.0 0.0
14.0 20.0 0.0
14.0 22.0 0.0
14.0 24.0 0.1678196412210494
14.0 26.0 0.0
14.0 28.0 0.0
14.0 30.0 0.0
14.0 32.0 0.0
14.0 34.0 0.0
14.0 36.0 0.0
14.0 38.0 0.0
14.0 40.0 0.0
14.0 42.0 0.0
14.0 44.0 0.0
14.0 46.0 0.0030468127909036246
14.0 48.0 0.10300479533613227
14.0 50.0 0.23908334372802456
14.0 52.0 0.37174592858411887
14.0 54.0 0.4768180807947069
14.0 56.0 0.5459076581230877
14.0 58.0 0.5547252515599413
14.0 60.0 0.5149870484913305
14.0 62.0 0.43199860201038914
14.0 64.0 0.2543366159841053
14.0 66.0 0.100565325119722
14.0 68.0 8.51103209815236E-4
14.0 70.0 0.0
14.0 72.0 0.0
14.0 74.0 0.0
14.0 76.0 0.0
14.0 78.0 0.0
14.0 80.0 0.0
14.0 82.0 0.0
14.0 84.0 0.0
14.0 86.0 0.0
14.0 88.0 0.0
14.0 90.0 0.031665610686466984
14.0 92.0 0.2563162723422263
14.0 94.0 0.39992941451012604
14.0 96.0 0.4613497535474038
14.0 98.0 0.4735555664942694
14.0 100.0 0.4456439335040516
14.0 102.0 0.38252706449943846
14.0 104.0 0.0
14.0 106.0 0.0
14.0 108.0 0.0
14.0 110.0 0.0
14.0 112.0 0.0
14.0 114.0 0.0
14.0 116.0 0.0
14.0 118.0 0.0
14.0 120.0 0.0
14.0 122.0 0.0
14.0 124.0 0.0
14.0 126.0 0.0
16.0 0.0 0.0
16.0 2.0 0.0
16.0 4.0 0.0
16.0 6.0 0.0
16.0 8.0 0.0
16.0 10.0 0.0
16.0 12.0 0.0
16.0 14.0 0.0
16.0 16.0 0.0
16.0 18.0 0.0
16.0 20.0 0.0
16.0 22.0 0.08766368181527805
16.0 24.0 0.0
16.0 26.0 0.0
16.0 28.0 0.0
16.0 30.0 0.0
16.0 32.0 0.0
16.0 34.0 0.0
16.0 36.0 0.0
16.0 38.0 0.0
16.0 40.0 0.0
16.0 42.0 0.0
16.0 44.0 0.0
16.0 46.0 0.038629507100746405
16.0 48.0 0.1298930735846233
16.0 50.0 0.26083885747512076
16.0 52.0 0.39071970103038073
16.0 54.0 0.45678423265375206
16.0 56.0 0.5122092529481638
16.0 58.0 0.5342485210076345
16.0 60.0 0.4964407969737467
16.0 62.0 0.40715027939060694
16.0 64.0 0.25018848986215764
16.0 66.0 0.07146230566702715
16.0 68.0 0.0
16.0 70.0 0.0
16.0 72.0 0.0
16.0 74.0 0.0
16.0 76.0 0.0
16.0 78.0 0.0
16.0 80.0 0.0
16.0 82.0 0.0
16.0 84.0 0.0
16.0 86.0 0.0
16.0 88.0 0.0
16.0 90.0 0.04654563096371064
16.0 92.0 0.2436619983645656
16.0 94.0 0.3761186184700787
16.0 96.0 0.4477490866323231
16.0 98.0 0.46667437959974456
16.0 100.0 0.4471796095043347
16.0 102.0 0.38303363929024375
16.0 104.0 0.33127403058573723
16.0 106.0 0.0
16.0 108.0 0.0
16.0 110.0 0.0
16.0 112.0 0.0
16.0 114.0 0.0
16.0 116.0 0.0
16.0 118.0 0.0
16.0 120.0 0.0
16.0 122.0 0.0
16.0 124.0 0.0
16.0 126.0 0.0
18.0 0.0 0.0
18.0 2.0 0.0
18.0 4.0 0.0
18.0 6.0 0.0
18.0 8.0 0.0
18.0 10.0 0.0
18.0 12.0 0.0
18.0 14.0 0.0
18.0 16.0 0.0
18.0 18.0 0.0
18.0 20.0 0.03346962409001924
18.0 22.0 0.0
18.0 24.0 0.0
18.0 26.0 0.0
18.0 28.0 0.0
18.0 30.0 0.0
18.0 32.0 0.0
18.0 34.0 0.0
18.0 36.0 0.0
18.0 38.0 0.0
18.0 40.0 0.0
18.0 42.0 0.0
18.0 44.0 0.0
18.0 46.0 0.01565197106949565
18.0 48.0 0.11957992205452872
18.0 50.0 0.26157946989369685
18.0 52.0 0.39053802372002616
18.0 54.0 0.4290677534172665
18.0 56.0 0.4842909200104413
18.0 58.0 0.5184226915602982
18.0 60.0 0.4744403247571278
18.0 62.0 0.3746773182042853
18.0 64.0 0.21231872387114112
18.0 66.0 0.048935901515925445
18.0 68.0 0.0
18.0 70.0 0.0
18.0 72.0 0.0
18.0 74.0 0.0
18.0 76.0 0.0
18.0 78.0 0.0
18.0 80.0 0.0
18.0 82.0 0.0
18.0 84.0 0.0
18.0 86.0 0.0
18.0 88.0 0.0
18.0 90.0 0.0714972571683087
18.0 92.0 0.27473293575795216
18.0 94.0 0.4103069687332488
18.0 96.0 0.47022500650263255
18.0 98.0 0.4808938228146861
18.0 100.0 0.4614705326080384
18.0 102.0 0.397547600744224
18.0 104.0 0.3040561580188604
18.0 106.0 0.20664578802701217
18.0 108.0 0.0
18.0 110.0 0.0
18.0 112.0 0.0
18.0 114.0 0.0
18.0 116.0 0.0
18.0 118.0 0.0
18.0 120.0 0.0
18.0 122.0 0.0
18.0 124.0 0.0
18.0 126.0 0.0
20.0 0.0 0.0
20.0 2.0 0.0
20.0 4.0 0.0
20.0 6.0 0.0
20.0 8.0 0.0
20.0 10.0 0.0
20.0 12.0 0.0
20.0 14.0 0.0
20.0 16.0 0.0
20.0 18.0 0.0015508884602035526
20.0 20.0 0.0
20.0 22.0 0.0
20.0 24.0 0.0
20.0 26.0 0.0
20.0 28.0 0.0
20.0 30.0 0.0
20.0 32.0 0.0
20.0 34.0 0.0
20.0 36.0 0.0
20.0 38.0 0.0
20.0 40.0 0.0
20.0 42.0 0.0
20.0 44.0 0.0038179675574146984
20.0 46.0 0.0419695262654776
20.0 48.0 0.10389461162368337
20.0 50.0 0.2232274638670327
20.0 52.0 0.3517591634946966
20.0 54.0 0.42136293811226966
20.0 56.0 0.4691161714628988
20.0 58.0 0.4960777001663739
20.0 60.0 0.4450036948377371
20.0 62.0 0.33591042132385995
20.0 64.0 0.1695207475491752
20.0 66.0 0.028754666100717714
20.0 68.0 0.0
20.0 70.0 0.0
20.0 72.0 0.0
20.0 74.0 0.0
20.0 76.0 0.0
20.0 78.0 0.0
20.0 80.0 0.0
20.0 82.0 0.0
20.0 84.0 0.0
20.0 86.0 0.0
20.0 88.0 0.0
20.0 90.0 0.1099796575320799
20.0 92.0 0.30491323214439325
20.0 94.0 0.43126179870995424
20.0 96.0 0.47831099903917523
20.0 98.0 0.4825474599356759
20.0 100.0 0.46070174613617176
20.0 102.0 0.39900855211471137
20.0 104.0 0.29701330563737205
20.0 106.0 0.20221620368713888
20.0 108.0 0.006066238889335204
20.0 110.0 0.0
20.0 112.0 0.0
20.0 114.0 0.0
20.0 116.0 0.0
20.0 118.0 0.0
20.0 120.0 0.0
20.0 122.0 0.0
20.0 124.0 0.0
20.0 126.0 0.0
22.0 0.0 0.0
22.0 2.0 0.0
22.0 4.0 0.0
22.0 6.0 0.0
22.0 8.0 0.0
22.0 10.0 0.0
22.0 12.0 0.0
22.0 14.0 0.0
22.0 16.0 0.0
22.0 18.0 0.0
22.0 20.0 0.0
22.0 22.0 0.0
22.0 24.0 0.0
22.0 26.0 0.0
22.0 28.0 0.0
22.0 30.0 0.0
22.0 32.0 0.0
22.0 34.0 0.0
22.0 36.0 0.0
22.0 38.0 0.0
22.0 40.0 0.0
22.0 42.0 0.0
22.0 44.0 0.0
22.0 46.0 0.022567305757872316
22.0 48.0 0.0929648514038756
22.0 50.0 0.2015692464638218
22.0 52.0 0.318656344184478
22.0 54.0 0.41826115178729134
22.0 56.0 0.47358484815688257
22.0 58.0 0.4758647974798434
22.0 60.0 0.40982685089993737
22.0 62.0 0.2899304377628529
22.0 64.0 0.11855695795680248
22.0 66.0 0.013626494250736818
22.0 68.0 0.0
22.0 70.0 0.0
22.0 72.0 0.0
22.0 74.0 0.0
22.0 76.0 0.0
22.0 78.0 0.0
22.0 80.0 0.0
22.0 82.0 0.0
22.0 84.0 0.0
22.0 86.0 0.0
22.0 88.0 0.0022936734601639946
22.0 90.0 0.15004770363843106
22.0 92.0 0.3327219223050117
22.0 94.0 0.43339905190104006
22.0 96.0 0.4746170312549391
22.0 98.0 0.47714297721524823
22.0 100.0 0.4529089371745659
22.0 102.0 0.3918280980249595
22.0 104.0 0.2831582174471527
22.0 106.0 0.18437063190553593
22.0 108.0 0.014209134240870377
22.0 110.0 0.0
22.0 112.0 0.0
22.0 114.0 0.0
22.0 116.0 0.0
22.0 118.0 0.0
22.0 120.0 0.0
22.0 122.0 0.0
22.0 124.0 0.0
22.0 126.0 0.0
24.0 0.0 0.0
24.0 2.0 0.0
24.0 4.0 0.0
24.0 6.0 0.0
24.0 8.0 0.0
24.0 10.0 0.0
24.0 12.0 0.0
24.0 14.0 0.0
24.0 16.0 0.0
24.0 18.0 0.0
24.0 20.0 0.0
24.0 22.0 0.0
24.0 24.0 0.0
24.0 26.0 0.0
24.0 28.0 0.0
24.0 30.0 0.0
24.0 32.0 0.0
24.0 34.0 0.0
24.0 36.0 0.0
24.0 38.0 0.0
24.0 40.0 0.0
24.0 42.0 0.0
24.0 44.0 0.004804336175227333
24.0 46.0 0.03209754676740242
24.0 48.0 0.07902108740567236
24.0 50.0 0.1560528988145979
24.0 52.0 0.26212664369445643
24.0 54.0 0.3690024371953775
24.0 56.0 0.42123856928312103
24.0 58.0 0.43021483532413396
24.0 60.0 0.3597326222837107
24.0 62.0 0.22950116505938442
24.0 64.0 0.062447369719640496
24.0 66.0 0.002150655628945949
24.0 68.0 0.0
24.0 70.0 0.0
24.0 72.0 0.0
24.0 74.0 0.0
24.0 76.0 0.0
24.0 78.0 0.0
24.0 80.0 0.0
24.0 82.0 0.0
24.0 84.0 0.0
24.0 86.0 0.0
24.0 88.0 0.010124217116386086
24.0 90.0 0.1572655810165418
24.0 92.0 0.31425221993066516
24.0 94.0 0.4126900238398236
24.0 96.0 0.4532148204914607
24.0 98.0 0.45472406204866983
24.0 100.0 0.4312162976561496
24.0 102.0 0.3701005267037851
24.0 104.0 0.2594976607300526
24.0 106.0 0.15240183596124027
24.0 108.0 0.01724211429923252
24.0 110.0 0.0
24.0 112.0 0.0
24.0 114.0 0.0
24.0 116.0 0.0
24.0 118.0 0.0
24.0 120.0 0.0
24.0 122.0 0.0
24.0 124.0 0.0
24.0 126.0 0.0
26.0 0.0 0.0
26.0 2.0 0.0
26.0 4.0 0.0
26.0 6.0 0.0
26.0 8.0 0.0
26.0 10.0 0.0
26.0 12.0 0.0
26.0 14.0 0.0
26.0 16.0 0.0
26.0 18.0 0.0
26.0 20.0 0.0
26.0 22.0 0.0
26.0 24.0 0.0
26.0 26.0 0.0
26.0 28.0 0.0
26.0 30.0 0.0
26.0 32.0 0.0
26.0 34.0 0.0
26.0 36.0 0.0
26.0 38.0 0.0
26.0 40.0 0.0
26.0 42.0 0.0
26.0 44.0 3.9255310823439235E-5
26.0 46.0 0.011821495871439198
26.0 48.0 0.054399936242521006
26.0 50.0 0.08773948559793869
26.0 52.0 0.18241676738390264
26.0 54.0 0.2832139423416668
26.0 56.0 0.34687130182788306
26.0 58.0 0.3625953246489457
26.0 60.0 0.2897319722476661
26.0 62.0 0.15613446093586036
26.0 64.0 0.009985854980524742
26.0 66.0 0.0
26.0 68.0 0.0
26.0 70.0 0.0
26.0 72.0 0.0
26.0 74.0 0.0
26.0 76.0 0.0
26.0 78.0 0.0
26.0 80.0 0.0
26.0 82.0 0.0
26.0 84.0 0.0
26.0 86.0 0.0
26.0 88.0 0.03349348643768125
26.0 90.0 0.14225231600073715
26.0 92.0 0.27292675044375864
26.0 94.0 0.37122011972649505
26.0 96.0 0.4152410755288174
26.0 98.0 0.41809419564318406
26.0 100.0 0.3945055271861917
26.0 102.0 0.33211701653242526
26.0 104.0 0.2213163568675297
26.0 106.0 0.12097140530842243
26.0 108.0 0.010907449206579703
26.0 110.0 0.0
26.0 112.0 0.0
26.0 114.0 0.0
26.0 116.0 0.0
26.0 118.0 0.0
26.0 120.0 0.0
26.0 122.0 0.0
26.0 124.0 0.0
26.0 126.0 0.0
28.0 0.0 0.0
28.0 2.0 0.0
28.0 4.0 0.0
28.0 6.0 0.0
28.0 8.0 0.0
28.0 10.0 0.0
28.0 12.0 0.0
28.0 14.0 0.0
28.0 16.0 0.0
28.0 18.0 0.0
28.0 20.0 0.0
28.0 22.0 0.0
28.0 24.0 0.0
28.0 26.0 0.0
28.0 28.0 0.0
28.0 30.0 0.0
28.0 32.0 0.0
28.0 34.0 0.0
28.0 36.0 0.0
28.0 38.0 0.0
28.0 40.0 0.0
28.0 42.0 0.0
28.0 44.0 0.0
28.0 46.0 0.0
28.0 48.0 0.008083937276724996
28.0 50.0 0.019856824396703873
28.0 52.0 0.06935329742092154
28.0 54.0 0.168332720132679
28.0 56.0 0.2365335223858701
28.0 58.0 0.25591861596799814
28.0 60.0 0.1942025358740758
28.0 62.0 0.0767109966782968
28.0 64.0 0.001616994545176672
28.0 66.0 0.0
28.0 68.0 0.0
28.0 70.0 0.0
28.0 72.0 0.0
28.0 74.0 0.0
28.0 76.0 0.0
28.0 78.0 0.0
28.0 80.0 0.0
28.0 82.0 0.0
28.0 84.0 0.0
28.0 86.0 6.776025582901475E-4
28.0 88.0 0.03069144283163137
28.0 90.0 0.09787762008989866
28.0 92.0 0.21369949549067213
28.0 94.0 0.3069186265917781
28.0 96.0 0.34956422900612427
28.0 98.0 0.35285923863813856
28.0 100.0 0.33213693618908985
28.0 102.0 0.2745850676143346
28.0 104.0 0.1742937014174043
28.0 106.0 0.07084495899880967
28.0 108.0 8.831784091995568E-4
28.0 110.0 0.0
28.0 112.0 0.0
28.0 114.0 0.0
28.0 116.0 0.0
28.0 118.0 0.0
28.0 120.0 0.0
28.0 122.0 0.0
28.0 124.0 0.0
28.0 126.0 0.0
30.0 0.0 0.0
30.0 2.0 0.0
30.0 4.0 0.0
30.0 6.0 0.0
30.0 8.0 0.0
30.0 10.0 0.0
30.0 12.0 0.0
30.0 14.0 0.0166443068731808
30.0 16.0 0.01762224118574527
30.0 18.0 0.0
30.0 20.0 0.0
30.0 22.0 0.0
30.0 24.0 0.0
30.0 26.0 0.0
30.0 28.0 0.0
30.0 30.0 0.0
30.0 32.0 0.0
30.0 34.0 0.0
30.0 36.0 0.0
30.0 38.0 0.0
30.0 40.0 0.0
30.0 42.0 0.0
30.0 44.0 0.0
30.0 46.0 0.0
30.0 48.0 0.0
30.0 50.0 0.0
30.0 52.0 0.0
30.0 54.0 0.043086791521381694
30.0 56.0 0.11116911156741688
30.0 58.0 0.12070092638322767
30.0 60.0 0.08003848935548129
30.0 62.0 0.02482605608015591
30.0 64.0 0.0
30.0 66.0 0.0
30.0 68.0 0.0
30.0 70.0 0.0
30.0 72.0 0.0
30.0 74.0 0.0
30.0 76.0 0.0
30.0 78.0 0.0
30.0 80.0 0.0
30.0 82.0 0.0
30.0 84.0 0.0
30.0 86.0 0.0026730198764664172
30.0 88.0 0.019858534921539484
30.0 90.0 0.06389851655353883
30.0 92.0 0.14722287056771266
30.0 94.0 0.22391002816872244
30.0 96.0 0.268298812226011
30.0 98.0 0.2797123300590299
30.0 100.0 0.25597569902402684
30.0 102.0 0.2046368852401026
30.0 104.0 0.11952099854178627
30.0 106.0 0.020349978705829847
30.0 108.0 0.0
30.0 110.0 0.0
30.0 112.0 0.0
30.0 114.0 0.0
30.0 116.0 0.0
30.0 118.0 0.0
30.0 120.0 0.0
30.0 122.0 0.0
30.0 124.0 0.0
30.0 126.0 0.0
32.0 0.0 0.0
32.0 2.0 0.0
32.0 4.0 0.0
32.0 6.0 0.0
32.0 8.0 0.0
32.0 10.0 0.0
32.0 12.0 0.017222776747999085
32.0 14.0 0.06679889751368749
32.0 16.0 0.06007466177666607
32.0 18.0 0.005223739103754257
32.0 20.0 0.0
32.0 22.0 0.0
32.0 24.0 0.0
32.0 26.0 0.0
32.0 28.0 0.0
32.0 30.0 0.0
32.0 32.0 0.0
32.0 34.0 0.0
32.0 36.0 0.0
32.0 38.0 0.0
32.0 40.0 0.0
32.0 42.0 0.0
32.0 44.0 0.0
32.0 46.0 0.0
32.0 48.0 0.0
32.0 50.0 0.0
32.0 52.0 0.0
32.0 54.0 0.001009800697963497
32.0 56.0 0.02561873174815334
32.0 58.0 0.03872880457406674
32.0 60.0 0.027760150797544583
32.0 62.0 0.007650507240693149
32.0 64.0 0.0
32.0 66.0 0.0
32.0 68.0 0.0
32.0 70.0 0.0
32.0 72.0 0.0
32.0 74.0 0.0
32.0 76.0 0.0
32.0 78.0 0.003381743350136995
32.0 80.0 0.004487403827226534
32.0 82.0 0.003932795007304113
32.0 84.0 0.002493351107806873
32.0 86.0 0.0019502134024259002
32.0 88.0 0.005230987729568773
32.0 90.0 0.026036336658813688
32.0 92.0 0.09264621829386306
32.0 94.0 0.15849548080717554
32.0 96.0 0.19545835012268098
32.0 98.0 0.19780875146237298
32.0 100.0 0.16089651382738449
32.0 102.0 0.10925184823414152
32.0 104.0 0.04234134081357121
32.0 106.0 0.0027159759171176776
32.0 108.0 0.0015780949991604607
32.0 110.0 0.005899822248360678
32.0 112.0 0.0027191183029136676
32.0 114.0 0.0
32.0 116.0 0.0
32.0 118.0 0.0
32.0 120.0 0.0
32.0 122.0 0.0
32.0 124.0 0.0
32.0 126.0 0.0
34.0 0.0 0.0
34.0 2.0 0.0
34.0 4.0 0.0
34.0 6.0 0.0
34.0 8.0 0.007989951975575862
34.0 10.0 0.10025790358396353
34.0 12.0 0.1651194602072804
34.0 14.0 0.16088667500551748
34.0 16.0 0.08506850884505225
34.0 18.0 0.004410341939903308
34.0 20.0 0.0
34.0 22.0 0.0
34.0 24.0 0.0
34.0 26.0 0.0
34.0 28.0 0.0
34.0 30.0 0.0
34.0 32.0 0.0
34.0 34.0 0.0
34.0 36.0 0.0
34.0 38.0 0.0
34.0 40.0 0.002814801648811649
34.0 42.0 0.0010650597166196837
34.0 44.0 0.0
34.0 46.0 0.0
34.0 48.0 0.0
34.0 50.0 0.0
34.0 52.0 0.0
34.0 54.0 0.0
34.0 56.0 0.001989510277689387
34.0 58.0 0.008831426123367266
34.0 60.0 0.003175406611542319
34.0 62.0 0.0
34.0 64.0 0.0
34.0 66.0 0.0
34.0 68.0 0.0
34.0 70.0 0.004172461240757825
34.0 72.0 0.0076461442502563
34.0 74.0 0.014112641124320252
34.0 76.0 0.02927156442645767
34.0 78.0 0.043280326902962483
34.0 80.0 0.04521051684260296
34.0 82.0 0.036463765229212866
34.0 84.0 0.025972508068231124
34.0 86.0 0.01723577887937484
34.0 88.0 0.013362400260118881
34.0 90.0 0.0185683554403573
34.0 92.0 0.04616922345720742
34.0 94.0 0.08634562969075459
34.0 96.0 0.10840574348549442
34.0 98.0 0.08660859102708711
34.0 100.0 0.045042248514364565
34.0 102.0 0.016958589085583713
34.0 104.0 0.0021695477767246065
34.0 106.0 0.013890161872125826
34.0 108.0 0.027162625966067163
34.0 110.0 0.030471775519750235
34.0 112.0 0.019071114388544256
34.0 114.0 0.01024310808061058
34.0 116.0 0.003659068703761703
34.0 118.0 9.024711200187895E-4
34.0 120.0 0.0
34.0 122.0 0.0
34.0 124.0 0.0
34.0 126.0 0.0
36.0 0.0 0.0
36.0 2.0 0.0
36.0 4.0 0.0
36.0 6.0 0.0
36.0 8.0 0.09174706474292273
36.0 10.0 0.154115748802194
36.0 12.0 0.17287990616189944
36.0 14.0 0.13856161953223403
36.0 16.0 0.04177472542811137
36.0 18.0 0.0
36.0 20.0 0.0
36.0 22.0 0.0
36.0 24.0 0.0
36.0 26.0 0.0
36.0 28.0 0.0
36.0 30.0 0.0
36.0 32.0 0.0
36.0 34.0 0.0
36.0 36.0 0.001366462469307629
36.0 38.0 0.024432331706510633
36.0 40.0 0.02641490574599145
36.0 42.0 0.014591154604714413
36.0 44.0 0.005995133562603416
36.0 46.0 0.0018649112398474897
36.0 48.0 0.0
36.0 50.0 0.0
36.0 52.0 0.0
36.0 54.0 0.0
36.0 56.0 0.0
36.0 58.0 0.0
36.0 60.0 0.0
36.0 62.0 0.0
36.0 64.0 0.0
36.0 66.0 0.0
36.0 68.0 0.0
36.0 70.0 0.0
36.0 72.0 0.019052731401087382
36.0 74.0 0.042863735434268364
36.0 76.0 0.0787175473070598
36.0 78.0 0.10216642444389207
36.0 80.0 0.10640546533792111
36.0 82.0 0.08865249925721728
36.0 84.0 0.05990797783419486
36.0 86.0 0.03066578618759273
36.0 88.0 0.009631876065842843
36.0 90.0 2.6076100250493564E-4
36.0 92.0 0.003219038384683267
36.0 94.0 0.010976352230990522
36.0 96.0 0.01503323655557437
36.0 98.0 0.005815134928695406
36.0 100.0 2.0320935269276205E-4
36.0 102.0 0.0
36.0 104.0 0.0021378892228974353
36.0 106.0 0.026183977752562707
36.0 108.0 0.04050367616361417
36.0 110.0 0.047908438181861024
36.0 112.0 0.04825962458827194
36.0 114.0 0.057241000041540514
36.0 116.0 0.07891278219639168
36.0 118.0 0.12816599000182918
36.0 120.0 0.15493111857220504
36.0 122.0 0.0
36.0 124.0 0.0
36.0 126.0 0.0
38.0 0.0 0.0
38.0 2.0 0.0
38.0 4.0 0.0
38.0 6.0 0.1919560266778705
38.0 8.0 0.1331152432523894
38.0 10.0 0.1295960738390951
38.0 12.0 0.1112370055674358
38.0 14.0 0.043150379286055716
38.0 16.0 0.0019396016796540362
38.0 18.0 0.0
38.0 20.0 0.0
38.0 22.0 0.0
38.0 24.0 0.0
38.0 26.0 0.0
38.0 28.0 0.0
38.0 30.0 0.0
38.0 32.0 0.0010348522963942424
38.0 34.0 0.008482882181166778
38.0 36.0 0.036765464401331584
38.0 38.0 0.0754570176689927
38.0 40.0 0.07217741268066612
38.0 42.0 0.04302761485642629
38.0 44.0 0.014565061356115282
38.0 46.0 0.003978640167095323
38.0 48.0 0.0
38.0 50.0 0.0
38.0 52.0 0.0
38.0 54.0 0.0
38.0 56.0 0.0
38.0 58.0 0.0
38.0 60.0 0.0
38.0 62.0 0.0
38.0 64.0 0.0
38.0 66.0 0.0
38.0 68.0 0.0
38.0 70.0 0.0
38.0 72.0 0.022865226374568625
38.0 74.0 0.08112470070917562
38.0 76.0 0.13007574150492765
38.0 78.0 0.1627078387167459
38.0 80.0 0.1706930226849388
38.0 82.0 0.15144855368841853
38.0 84.0 0.10962433048383739
38.0 86.0 0.0334869827756343
38.0 88.0 0.0026861318723501774
38.0 90.0 0.0
38.0 92.0 0.0
38.0 94.0 0.0
38.0 96.0 0.0
38.0 98.0 0.0
38.0 100.0 0.0
38.0 102.0 0.0
38.0 104.0 0.0039527863742816844
38.0 106.0 0.020538620936961315
38.0 108.0 0.03902372625249752
38.0 110.0 0.05326757666423489
38.0 112.0 0.06426412592100031
38.0 114.0 0.08830724446633703
38.0 116.0 0.14264475671387086
38.0 118.0 0.21273518941856864
38.0 120.0 0.2509218603195587
38.0 122.0 0.0
38.0 124.0 0.0
38.0 126.0 0.0
40.0 0.0 0.0
40.0 2.0 0.0
40.0 4.0 0.0
40.0 6.0 0.2249834236966621
40.0 8.0 0.0886365576404307
40.0 10.0 0.0837538168480978
40.0 12.0 0.0635454118315044
40.0 14.0 0.01970263426362807
40.0 16.0 0.0
40.0 18.0 0.0
40.0 20.0 0.0
40.0 22.0 0.0
40.0 24.0 0.0
40.0 26.0 0.0
40.0 28.0 0.00998415834211923
40.0 30.0 0.02800119341669412
40.0 32.0 0.07258754061994681
40.0 34.0 0.11621157469218539
40.0 36.0 0.1270482217770026
40.0 38.0 0.1159127616593234
40.0 40.0 0.1035786877911364
40.0 42.0 0.061099729784829075
40.0 44.0 0.01236942066335119
40.0 46.0 0.0
40.0 48.0 0.0
40.0 50.0 0.0
40.0 52.0 0.0
40.0 54.0 0.0
40.0 56.0 0.0
40.0 58.0 0.0
40.0 60.0 0.0
40.0 62.0 0.0
40.0 64.0 0.0
40.0 66.0 0.0
40.0 68.0 0.0
40.0 70.0 0.0
40.0 72.0 0.04285869877015624
40.0 74.0 0.13557692349128123
40.0 76.0 0.1988779276932814
40.0 78.0 0.24057010655047253
40.0 80.0 0.25282324869883327
40.0 82.0 0.22980276804871144
40.0 84.0 0.17712768223362862
40.0 86.0 0.06950461083958782
40.0 88.0 0.0013214686303912955
40.0 90.0 0.0
40.0 92.0 0.0
40.0 94.0 0.0
40.0 96.0 0.0
40.0 98.0 0.0
40.0 100.0 0.0
40.0 102.0 0.0
40.0 104.0 0.0
40.0 106.0 0.005491729871802801
40.0 108.0 0.02423431187182405
40.0 110.0 0.046854476871697553
40.0 112.0 0.06342907567413097
40.0 114.0 0.09259255512415525
40.0 116.0 0.154256616632976
40.0 118.0 0.22675251903862328
40.0 120.0 0.27474259071284196
40.0 122.0 0.30463882179544405
40.0 124.0 0.0
40.0 126.0 0.0
42.0 0.0 0.0
42.0 2.0 0.0
42.0 4.0 0.1859251637473167
42.0 6.0 0.04043821903107184
42.0 8.0 0.03516493078557168
42.0 10.0 0.03189942687311667
42.0 12.0 0.018417346673832435
42.0 14.0 9.501536317607457E-4
42.0 16.0 0.0
42.0 18.0 0.0
42.0 20.0 0.0
42.0 22.0 0.0
42.0 24.0 0.0
42.0 26.0 0.0027533819636616197
42.0 28.0 0.07186097341487367
42.0 30.0 0.13610085074111614
42.0 32.0 0.19872880780482202
42.0 34.0 0.23846132877853865
42.0 36.0 0.23729826261148337
42.0 38.0 0.19013284600399186
42.0 40.0 0.1455874194528468
42.0 42.0 0.06762997289955182
42.0 44.0 0.0010721611332799128
42.0 46.0 0.0
42.0 48.0 0.0
42.0 50.0 0.0
42.0 52.0 0.0
42.0 54.0 0.0
42.0 56.0 0.0
42.0 58.0 0.0
42.0 60.0 0.0
42.0 62.0 0.0
42.0 64.0 0.0
42.0 66.0 0.0
42.0 68.0 0.0
42.0 70.0 0.0016206441206898417
42.0 72.0 0.09668738870134368
42.0 74.0 0.20984323101015667
42.0 76.0 0.28780140719845365
42.0 78.0 0.3333352116373951
42.0 80.0 0.3455221758562661
42.0 82.0 0.33027452854843964
42.0 84.0 0.28361348583209683
42.0 86.0 0.13748339223759423
42.0 88.0 0.00218018635874062
42.0 90.0 0.0
42.0 92.0 0.0
42.0 94.0 0.0
42.0 96.0 0.0
42.0 98.0 0.0
42.0 100.0 0.0
42.0 102.0 0.0
42.0 104.0 0.0
42.0 106.0 0.0
42.0 108.0 0.0035881062857654835
42.0 110.0 0.02688485650176338
42.0 112.0 0.05032722388755523
42.0 114.0 0.07882432869451896
42.0 116.0 0.14169022207969792
42.0 118.0 0.21444819496866296
42.0 120.0 0.26690437360204117
42.0 122.0 0.2999268170945392
42.0 124.0 0.0
42.0 126.0 0.0
44.0 0.0 0.0
44.0 2.0 0.0
44.0 4.0 0.12711220796385955
44.0 6.0 0.01969662366984822
44.0 8.0 0.01580327348300969
44.0 10.0 0.015661167453878775
44.0 12.0 0.01157719554473958
44.0 14.0 0.0
44.0 16.0 0.0
44.0 18.0 0.0
44.0 20.0 0.0
44.0 22.0 0.0
44.0 24.0 0.0
44.0 26.0 0.05071361154483097
44.0 28.0 0.15667952112542904
44.0 30.0 0.2452543448140245
44.0 32.0 0.31480178029155764
44.0 34.0 0.3490967478970244
44.0 36.0 0.34267182597060514
44.0 38.0 0.30511803916363694
44.0 40.0 0.22511792736725775
44.0 42.0 0.10052060129155914
44.0 44.0 0.007037831111752241
44.0 46.0 0.0
44.0 48.0 0.0
44.0 50.0 0.0
44.0 52.0 0.0
44.0 54.0 0.0
44.0 56.0 0.0
44.0 58.0 0.0
44.0 60.0 0.0
44.0 62.0 0.0
44.0 64.0 0.0
44.0 66.0 0.0
44.0 68.0 0.0
44.0 70.0 0.022371085421100282
44.0 72.0 0.16125767408332115
44.0 74.0 0.2888009755844447
44.0 76.0 0.3706925174348646
44.0 78.0 0.43727225690867905
44.0 80.0 0.46877847611733175
44.0 82.0 0.44549273715044574
44.0 84.0 0.38112569766532767
44.0 86.0 0.22670879360707008
44.0 88.0 0.003672953844153414
44.0 90.0 0.0
44.0 92.0 0.0
44.0 94.0 0.0
44.0 96.0 0.0
44.0 98.0 0.0
44.0 100.0 0.0
44.0 102.0 0.0
44.0 104.0 0.0
44.0 106.0 0.0
44.0 108.0 0.0
44.0 110.0 0.00582994611650704
44.0 112.0 0.031173922724722285
44.0 114.0 0.06088489093977331
44.0 116.0 0.12356475281400146
44.0 118.0 0.1978489649718548
44.0 120.0 0.25521322679999114
44.0 122.0 0.2978461929887674
44.0 124.0 0.0
44.0 126.0 0.0
46.0 0.0 0.0
46.0 2.0 0.0
46.0 4.0 0.10184083537469342
46.0 6.0 0.007869501729240742
46.0 8.0 0.006472988068778388
46.0 10.0 0.006742764722225062
46.0 12.0 0.0
46.0 14.0 0.0
46.0 16.0 0.0
46.0 18.0 0.0
46.0 20.0 0.0
46.0 22.0 0.0
46.0 24.0 0.010175550020627816
46.0 26.0 0.1302887114603379
46.0 28.0 0.2490920976714698
46.0 30.0 0.3466993846922157
46.0 32.0 0.4118105641061199
46.0 34.0 0.4374943280641366
46.0 36.0 0.4223282249285809
46.0 38.0 0.37103343132306693
46.0 40.0 0.27321427238759005
46.0 42.0 0.11795270808584617
46.0 44.0 0.0266210793547911
46.0 46.0 0.0
46.0 48.0 0.0
46.0 50.0 0.0
46.0 52.0 0.0
46.0 54.0 0.0
46.0 56.0 0.0
46.0 58.0 0.0
46.0 60.0 0.0
46.0 62.0 0.0
46.0 64.0 0.0
46.0 66.0 0.0
46.0 68.0 0.003514492219555913
46.0 70.0 0.09961948016813188
46.0 72.0 0.23839312308883998
46.0 74.0 0.36167503414533164
46.0 76.0 0.4453924552285708
46.0 78.0 0.5103283914048361
46.0 80.0 0.5453518316935414
46.0 82.0 0.5246487618713953
46.0 84.0 0.4793134939475083
46.0 86.0 0.33385232633775713
46.0 88.0 0.017383156189695066
46.0 90.0 0.0
46.0 92.0 0.0
46.0 94.0 0.0
46.0 96.0 0.0
46.0 98.0 0.0
46.0 100.0 0.0
46.0 102.0 0.0
46.0 104.0 0.0
46.0 106.0 0.0
46.0 108.0 0.0
46.0 110.0 0.0
46.0 112.0 0.010146966416958085
46.0 114.0 0.04353413997124212
46.0 116.0 0.11087267494258717
46.0 118.0 0.1874071467940371
46.0 120.0 0.24914797243279962
46.0 122.0 0.2937914937554824
46.0 124.0 0.31895643835612886
46.0 126.0 0.0
48.0 0.0 0.0
48.0 2.0 0.08864300480653943
48.0 4.0 0.003777428419635737
48.0 6.0 0.0
48.0 8.0 0.0
48.0 10.0 0.0
48.0 12.0 0.0
48.0 14.0 0.0
48.0 16.0 0.0
48.0 18.0 0.0
48.0 20.0 0.0
48.0 22.0 0.0
48.0 24.0 0.07430616404134696
48.0 26.0 0.2110946194250977
48.0 28.0 0.33963434388116526
48.0 30.0 0.433988229984865
48.0 32.0 0.4853700129845486
48.0 34.0 0.5004929600505704
48.0 36.0 0.47587323566295736
48.0 38.0 0.41495096589262764
48.0 40.0 0.3039255938259607
48.0 42.0 0.12511709625133097
48.0 44.0 0.03753945585647218
48.0 46.0 0.0
48.0 48.0 0.0
48.0 50.0 0.0
48.0 52.0 0.0
48.0 54.0 0.0
48.0 56.0 0.0
48.0 58.0 0.0
48.0 60.0 0.0
48.0 62.0 0.0
48.0 64.0 0.0
48.0 66.0 0.0
48.0 68.0 0.02422852469864596
48.0 70.0 0.1502506339690026
48.0 72.0 0.29752566972091254
48.0 74.0 0.42278485692657636
48.0 76.0 0.5061322800200486
48.0 78.0 0.5601119344012886
48.0 80.0 0.5860052732434642
48.0 82.0 0.5688272072520687
48.0 84.0 0.5358450638802411
48.0 86.0 0.4102304268535011
48.0 88.0 0.06635953488284484
48.0 90.0 0.0
48.0 92.0 0.0
48.0 94.0 0.0
48.0 96.0 0.0
48.0 98.0 0.0
48.0 100.0 0.0
48.0 102.0 0.0
48.0 104.0 0.0
48.0 106.0 0.0
48.0 108.0 0.0
48.0 110.0 0.0
48.0 112.0 0.0
48.0 114.0 0.028508712189109147
48.0 116.0 0.10477658806962165
48.0 118.0 0.18585209849919096
48.0 120.0 0.25105876013542205
48.0 122.0 0.29615706629130883
48.0 124.0 0.3264692894676639
48.0 126.0 0.0
50.0 0.0 0.0
50.0 2.0 0.08268267719296889
50.0 4.0 0.0
50.0 6.0 0.0
50.0 8.0 0.0
50.0 10.0 0.0
50.0 12.0 0.0
50.0 14.0 0.0
50.0 16.0 0.0
50.0 18.0 0.0
50.0 20.0 0.0
50.0 22.0 0.026509401297556485
50.0 24.0 0.17811246399325453
50.0 26.0 0.3149134903855033
50.0 28.0 0.41149155027576906
50.0 30.0 0.4868023149408219
50.0 32.0 0.5261335097751881
50.0 34.0 0.5276806188551239
50.0 36.0 0.4954622825965411
50.0 38.0 0.42881674463722724
50.0 40.0 0.31343253981627955
50.0 42.0 0.12820763276432748
50.0 44.0 0.036190176078660284
50.0 46.0 0.0
50.0 48.0 0.0
50.0 50.0 0.0
50.0 52.0 0.0
50.0 54.0 0.0
50.0 56.0 0.0
50.0 58.0 0.0
50.0 60.0 0.0
50.0 62.0 0.0
50.0 64.0 0.0
50.0 66.0 0.0
50.0 68.0 0.05753638010056437
50.0 70.0 0.1821385975888844
50.0 72.0 0.3343697891055446
50.0 74.0 0.4553667978654125
50.0 76.0 0.5070827471690237
50.0 78.0 0.5572787669412338
50.0 80.0 0.5952377405689345
50.0 82.0 0.5819177526667004
50.0 84.0 0.5454322435219761
50.0 86.0 0.44829379282567966
50.0 88.0 0.10865304334598798
50.0 90.0 0.0
50.0 92.0 0.0
50.0 94.0 0.0
50.0 96.0 0.0
50.0 98.0 0.0
50.0 100.0 0.0
50.0 102.0 0.0
50.0 104.0 0.0
50.0 106.0 0.0
50.0 108.0 0.0
50.0 110.0 0.0
50.0 112.0 0.0
50.0 114.0 0.025052060002851716
50.0 116.0 0.11421749739943855
50.0 118.0 0.19752125916279975
50.0 120.0 0.26389113559803545
50.0 122.0 0.31125202472627506
50.0 124.0 0.34672836473808255
50.0 126.0 0.0
52.0 0.0 0.0
52.0 2.0 0.07757153306123486
52.0 4.0 0.0
52.0 6.0 0.0
52.0 8.0 0.0
52.0 10.0 0.0
52.0 12.0 0.0
52.0 14.0 0.0
52.0 16.0 0.0
52.0 18.0 0.003303412732631354
52.0 20.0 0.05229028008564055
52.0 22.0 0.16025784944859275
52.0 24.0 0.2802787433418996
52.0 26.0 0.3747124904209453
52.0 28.0 0.4416645692487406
52.0 30.0 0.5090285088065888
52.0 32.0 0.537593340738671
52.0 34.0 0.5289447126168162
52.0 36.0 0.4887377466873489
52.0 38.0 0.4133249551184852
52.0 40.0 0.2856072194604883
52.0 42.0 0.11885860946080512
52.0 44.0 0.024827855530553226
52.0 46.0 0.0
52.0 48.0 0.0
52.0 50.0 0.0
52.0 52.0 0.0
52.0 54.0 0.0
52.0 56.0 0.0
52.0 58.0 0.0
52.0 60.0 0.0
52.0 62.0 0.0
52.0 64.0 0.0
52.0 66.0 7.878437881034614E-4
52.0 68.0 0.0726119063858771
52.0 70.0 0.20898798102545976
52.0 72.0 0.3742254015525032
52.0 74.0 0.48995167623874863
52.0 76.0 0.5096282176972444
52.0 78.0 0.5598735061593154
52.0 80.0 0.5779631888028736
52.0 82.0 0.5614586492727366
52.0 84.0 0.5395869480356029
52.0 86.0 0.45727959861793727
52.0 88.0 0.1438038756181392
52.0 90.0 0.0
52.0 92.0 0.0
52.0 94.0 0.0
52.0 96.0 0.0
52.0 98.0 0.0
52.0 100.0 0.0
52.0 102.0 0.0
52.0 104.0 0.0
52.0 106.0 0.0
52.0 108.0 0.0
52.0 110.0 0.0
52.0 112.0 0.0
52.0 114.0 0.03655133725384823
52.0 116.0 0.14324806341008103
52.0 118.0 0.2246979439231216
52.0 120.0 0.28474521877027364
52.0 122.0 0.3305697746810011
52.0 124.0 0.36565856920894313
52.0 126.0 0.0
54.0 0.0 0.0
54.0 2.0 0.07191816782389988
54.0 4.0 0.0
54.0 6.0 0.0
54.0 8.0 0.0
54.0 10.0 0.0
54.0 12.0 0.0
54.0 14.0 0.0
54.0 16.0 0.0064839355106841206
54.0 18.0 0.05806490844539092
54.0 20.0 0.15189268643415574
54.0 22.0 0.2693631103628761
54.0 24.0 0.3702669735354697
54.0 26.0 0.4365004389406814
54.0 28.0 0.48280713470323494
54.0 30.0 0.5231431486038459
54.0 32.0 0.5368518649811403
54.0 34.0 0.515040842516599
54.0 36.0 0.4637145386255109
54.0 38.0 0.37796577525521863
54.0 40.0 0.23710314338095487
54.0 42.0 0.08579306763348414
54.0 44.0 0.006344732217859042
54.0 46.0 0.0
54.0 48.0 0.0
54.0 50.0 0.0
54.0 52.0 0.0
54.0 54.0 0.0
54.0 56.0 0.0
54.0 58.0 0.0
54.0 60.0 0.0
54.0 62.0 0.0
54.0 64.0 0.0
54.0 66.0 0.0
54.0 68.0 0.07103633363922614
54.0 70.0 0.22327941632437207
54.0 72.0 0.40232570512776317
54.0 74.0 0.49404588855508624
54.0 76.0 0.48267124447897025
54.0 78.0 0.532694932707446
54.0 80.0 0.5515878913926647
54.0 82.0 0.5362778016382035
54.0 84.0 0.4891026003251529
54.0 86.0 0.4428806826321468
54.0 88.0 0.1625464627955289
54.0 90.0 0.0
54.0 92.0 0.0
54.0 94.0 0.0
54.0 96.0 0.0
54.0 98.0 0.0
54.0 100.0 0.0
54.0 102.0 0.0
54.0 104.0 0.0
54.0 106.0 0.0
54.0 108.0 0.0
54.0 110.0 0.0
54.0 112.0 0.0
54.0 114.0 0.06398144093209364
54.0 116.0 0.1833935397106653
54.0 118.0 0.2623919082299286
54.0 120.0 0.31516433457361576
54.0 122.0 0.3633232609541068
54.0 124.0 0.40460928708486116
54.0 126.0 0.30559332682637214
56.0 0.0 0.0
56.0 2.0 0.012856066027882305
56.0 4.0 0.0
56.0 6.0 0.0
56.0 8.0 0.0
56.0 10.0 0.0
56.0 12.0 0.0
56.0 14.0 0.0
56.0 16.0 0.04501916971168602
56.0 18.0 0.13946500856532332
56.0 20.0 0.2466592134367653
56.0 22.0 0.3626541356534529
56.0 24.0 0.4479494592186601
56.0 26.0 0.49055624837077483
56.0 28.0 0.5220439246760059
56.0 30.0 0.536058276972384
56.0 32.0 0.5274063949880144
56.0 34.0 0.48938913657353456
56.0 36.0 0.4221547113894341
56.0 38.0 0.3185150998237062
56.0 40.0 0.15240193115279516
56.0 42.0 0.04390038645729575
56.0 44.0 0.0
56.0 46.0 0.0
56.0 48.0 0.0
56.0 50.0 0.0
56.0 52.0 0.0
56.0 54.0 0.0
56.0 56.0 0.0
56.0 58.0 0.0
56.0 60.0 0.0
56.0 62.0 0.0
56.0 64.0 0.0
56.0 66.0 0.0
56.0 68.0 0.048837420411866304
56.0 70.0 0.214107807608667
56.0 72.0 0.39532140503693963
56.0 74.0 0.4718732410417
56.0 76.0 0.4587867346446615
56.0 78.0 0.5088654626600894
56.0 80.0 0.5289473498958958
56.0 82.0 0.514540830710483
56.0 84.0 0.4564518795591153
56.0 86.0 0.3799827677600272
56.0 88.0 0.16327055510029181
56.0 90.0 0.0
56.0 92.0 0.0
56.0 94.0 0.0
56.0 96.0 0.0
56.0 98.0 0.0
56.0 100.0 0.0
56.0 102.0 0.0
56.0 104.0 0.0
56.0 106.0 0.0
56.0 108.0 0.0
56.0 110.0 0.0
56.0 112.0 6.905111267369668E-4
56.0 114.0 0.10669227841577537
56.0 116.0 0.23727480304517445
56.0 118.0 0.31582663347166867
56.0 120.0 0.3521186265630584
56.0 122.0 0.3959103452644101
56.0 124.0 0.40828308194341933
56.0 126.0 0.24998250904766225
58.0 0.0 0.0
58.0 2.0 0.0034532205535172215
58.0 4.0 0.0
58.0 6.0 0.0
58.0 8.0 0.0
58.0 10.0 0.0
58.0 12.0 0.0
58.0 14.0 0.019357300995128467
58.0 16.0 0.1103703062266662
58.0 18.0 0.2198205070006688
58.0 20.0 0.33734985429513537
58.0 22.0 0.43033629893502967
58.0 24.0 0.49246264202593565
58.0 26.0 0.5293999784558777
58.0 28.0 0.5444699430303283
58.0 30.0 0.5373035477400602
58.0 32.0 0.5051860752023026
58.0 34.0 0.44637168438389
58.0 36.0 0.3534045209613665
58.0 38.0 0.2174359140524917
58.0 40.0 0.07153833388023971
58.0 42.0 0.0060007930968018946
58.0 44.0 0.0
58.0 46.0 0.0
58.0 48.0 0.0
58.0 50.0 0.0
58.0 52.0 0.0
58.0 54.0 0.0
58.0 56.0 0.0
58.0 58.0 0.0
58.0 60.0 0.0
58.0 62.0 0.0
58.0 64.0 0.0
58.0 66.0 0.0
58.0 68.0 0.03739237623290274
58.0 70.0 0.186022451235907
58.0 72.0 0.3530699409764619
58.0 74.0 0.4193066141594233
58.0 76.0 0.4339821532698173
58.0 78.0 0.48474928273597023
58.0 80.0 0.499742912640802
58.0 82.0 0.4602551403724599
58.0 84.0 0.39694632131001867
58.0 86.0 0.3783315830375262
58.0 88.0 0.14263645422427187
58.0 90.0 0.0
58.0 92.0 0.0
58.0 94.0 0.0
58.0 96.0 0.0
58.0 98.0 0.0
58.0 100.0 0.0
58.0 102.0 0.0
58.0 104.0 0.0
58.0 106.0 0.0
58.0 108.0 0.0
58.0 110.0 0.0
58.0 112.0 0.008156546073360388
58.0 114.0 0.16758827802815257
58.0 116.0 0.2993016353060345
58.0 118.0 0.37124389974708794
58.0 120.0 0.38810282820260955
58.0 122.0 0.42361904398019895
58.0 124.0 0.43372412358384005
58.0 126.0 0.16143858043195577
60.0 0.0 0.0
60.0 2.0 0.0
60.0 4.0 0.0
60.0 6.0 0.0
60.0 8.0 0.0
60.0 10.0 0.0
60.0 12.0 0.0
60.0 14.0 0.05865885099018303
60.0 16.0 0.1706807186177278
60.0 18.0 0.29949016304838666
60.0 20.0 0.4080574182673154
60.0 22.0 0.49170817523578947
60.0 24.0 0.5352871422449706
60.0 26.0 0.5527363647215708
60.0 28.0 0.543157677058563
60.0 30.0 0.5109518424276953
60.0 32.0 0.45343503713957717
60.0 34.0 0.36319732896905127
60.0 36.0 0.2308832807108583
60.0 38.0 0.06839346403600098
60.0 40.0 0.011503349232214475
60.0 42.0 0.0
60.0 44.0 0.0
60.0 46.0 0.0
60.0 48.0 0.0
60.0 50.0 0.0
60.0 52.0 0.0
60.0 54.0 0.0
60.0 56.0 0.0
60.0 58.0 0.0
60.0 60.0 0.0
60.0 62.0 0.0
60.0 64.0 0.0
60.0 66.0 0.0
60.0 68.0 0.02695104109471087
60.0 70.0 0.14576392136210697
60.0 72.0 0.2696835817880824
60.0 74.0 0.37985885392481084
60.0 76.0 0.4042814389914575
60.0 78.0 0.4510405422745707
60.0 80.0 0.4458124408382629
60.0 82.0 0.4092479423256574
60.0 84.0 0.359426823938634
60.0 86.0 0.3259703259546327
60.0 88.0 0.11743557437064568
60.0 90.0 0.0
60.0 92.0 0.0
60.0 94.0 0.0
60.0 96.0 0.0
60.0 98.0 0.0
60.0 100.0 0.0
60.0 102.0 0.0
60.0 104.0 0.0
60.0 106.0 0.0
60.0 108.0 0.0
60.0 110.0 0.0
60.0 112.0 0.05251897637819603
60.0 114.0 0.20724887113574542
60.0 116.0 0.31268010376051497
60.0 118.0 0.3608067347363093
60.0 120.0 0.3971358506417751
60.0 122.0 0.4545853265094583
60.0 124.0 0.435207314291618
60.0 126.0 0.08930796467271397
62.0 0.0 0.0
62.0 2.0 0.0
62.0 4.0 0.0
62.0 6.0 0.0
62.0 8.0 0.0
62.0 10.0 0.0
62.0 12.0 0.0026439539222893617
62.0 14.0 0.10370582351097123
62.0 16.0 0.2362336695492234
62.0 18.0 0.36876449429692565
62.0 20.0 0.46148082381398386
62.0 22.0 0.5190674191672652
62.0 24.0 0.5444047261820365
62.0 26.0 0.539908300413734
62.0 28.0 0.5104038766932673
62.0 30.0 0.45312748271955744
62.0 32.0 0.3616124243048735
62.0 34.0 0.2248757046340185
62.0 36.0 0.05967482855417006
62.0 38.0 0.004972891288853177
62.0 40.0 0.0
62.0 42.0 0.0
62.0 44.0 0.0
62.0 46.0 0.0
62.0 48.0 0.0
62.0 50.0 0.0
62.0 52.0 0.0
62.0 54.0 0.0
62.0 56.0 0.0
62.0 58.0 0.0
62.0 60.0 0.0
62.0 62.0 0.0
62.0 64.0 0.0
62.0 66.0 0.0
62.0 68.0 0.03012031842508218
62.0 70.0 0.12433312591826827
62.0 72.0 0.22120626529657236
62.0 74.0 0.3013460453530741
62.0 76.0 0.3761103187795695
62.0 78.0 0.42777866180115837
62.0 80.0 0.449248212260468
62.0 82.0 0.43462678968974705
62.0 84.0 0.3752171406456895
62.0 86.0 0.25941993457550816
62.0 88.0 0.0865644747678415
62.0 90.0 0.0
62.0 92.0 0.0
62.0 94.0 0.0
62.0 96.0 0.0
62.0 98.0 0.0
62.0 100.0 0.0
62.0 102.0 0.0
62.0 104.0 0.0
62.0 106.0 0.0
62.0 108.0 0.0
62.0 110.0 8.290893240870985E-4
62.0 112.0 0.11833039933282276
62.0 114.0 0.25362523962816425
62.0 116.0 0.3443247351018696
62.0 118.0 0.38795988080396265
62.0 120.0 0.42750657012947646
62.0 122.0 0.46881917268526085
62.0 124.0 0.41616226506618753
62.0 126.0 0.052177328280729594
64.0 0.0 0.0
64.0 2.0 0.0
64.0 4.0 0.0
64.0 6.0 0.0
64.0 8.0 0.0
64.0 10.0 0.0
64.0 12.0 0.010902359881150363
64.0 14.0 0.1524296307304375
64.0 16.0 0.2952633937683115
64.0 18.0 0.42327487480656206
64.0 20.0 0.49396156703781263
64.0 22.0 0.5302414876341786
64.0 24.0 0.5309344966875531
64.0 26.0 0.5056801246301605
64.0 28.0 0.45326098607099774
64.0 30.0 0.3633225015964212
64.0 32.0 0.22709377061782388
64.0 34.0 0.06119515158451477
64.0 36.0 6.341716347610532E-4
64.0 38.0 0.0
64.0 40.0 0.0
64.0 42.0 0.0
64.0 44.0 0.0
64.0 46.0 0.0
64.0 48.0 0.0
64.0 50.0 0.0
64.0 52.0 0.0
64.0 54.0 0.0
64.0 56.0 0.0
64.0 58.0 0.0
64.0 60.0 0.0
64.0 62.0 0.0
64.0 64.0 0.0
64.0 66.0 0.008195523716335093
64.0 68.0 0.05875755935120791
64.0 70.0 0.12126222161681084
64.0 72.0 0.18601999509312042
64.0 74.0 0.25461845587568116
64.0 76.0 0.317927034574956
64.0 78.0 0.3635458680321024
64.0 80.0 0.38187127592468867
64.0 82.0 0.3653372656346845
64.0 84.0 0.306213301140506
64.0 86.0 0.19653001225231947
64.0 88.0 0.026855391248398124
64.0 90.0 0.0
64.0 92.0 0.0
64.0 94.0 0.0
64.0 96.0 0.0
64.0 98.0 0.0
64.0 100.0 0.0
64.0 102.0 0.0
64.0 104.0 0.0
64.0 106.0 0.0
64.0 108.0 0.0
64.0 110.0 0.020027634246762002
64.0 112.0 0.16675261322882817
64.0 114.0 0.2810207536605
64.0 116.0 0.35725443472336305
64.0 118.0 0.3949964426653365
64.0 120.0 0.43557629622856536
64.0 122.0 0.4756736991404437
64.0 124.0 0.4013929080108909
64.0 126.0 0.03599566596946666
66.0 0.0 0.0
66.0 2.0 0.0
66.0 4.0 0.0
66.0 6.0 0.0
66.0 8.0 0.0
66.0 10.0 0.0
66.0 12.0 0.03579222838925957
66.0 14.0 0.20903278234555736
66.0 16.0 0.35152855618451934
66.0 18.0 0.4511916569692718
66.0 20.0 0.5028357316479654
66.0 22.0 0.5150416176831036
66.0 24.0 0.4954912120605615
66.0 26.0 0.45046549699197797
66.0 28.0 0.3708208673777212
66.0 30.0 0.2440175946786488
66.0 32.0 0.07439025162536032
66.0 34.0 0.004879265443298763
66.0 36.0 0.0
66.0 38.0 0.0
66.0 40.0 0.0
66.0 42.0 0.0
66.0 44.0 0.0
66.0 46.0 0.0
66.0 48.0 0.0
66.0 50.0 0.0
66.0 52.0 0.0
66.0 54.0 0.0
66.0 56.0 0.0
66.0 58.0 0.0
66.0 60.0 0.0
66.0 62.0 0.0
66.0 64.0 0.005444784467382659
66.0 66.0 0.05645225014461907
66.0 68.0 0.09234598837062614
66.0 70.0 0.1269530153005966
66.0 72.0 0.1609342978805268
66.0 74.0 0.2026346438846192
66.0 76.0 0.24466614035505266
66.0 78.0 0.27636270608543895
66.0 80.0 0.2932484272452957
66.0 82.0 0.28474144268074436
66.0 84.0 0.22711872761236893
66.0 86.0 0.10547553060166932
66.0 88.0 0.0014729368139709507
66.0 90.0 0.0
66.0 92.0 0.0
66.0 94.0 0.0
66.0 96.0 0.0
66.0 98.0 0.0
66.0 100.0 0.0
66.0 102.0 0.0
66.0 104.0 0.0
66.0 106.0 0.0
66.0 108.0 0.0
66.0 110.0 0.0648839410044222
66.0 112.0 0.19502312710495542
66.0 114.0 0.2931381307460857
66.0 116.0 0.3598325198163048
66.0 118.0 0.39326788753435077
66.0 120.0 0.447210599340995
66.0 122.0 0.4671103610126506
66.0 124.0 0.38226670615224595
66.0 126.0 0.027102119124743137
68.0 0.0 0.0
68.0 2.0 0.0
68.0 4.0 0.0
68.0 6.0 0.0
68.0 8.0 0.0
68.0 10.0 0.0
68.0 12.0 0.08646976639220677
68.0 14.0 0.27683893079882216
68.0 16.0 0.41354814215093333
68.0 18.0 0.4784689189533062
68.0 20.0 0.4081128397871902
68.0 22.0 0.411013804245378
68.0 24.0 0.4147467682023509
68.0 26.0 0.3743121687802849
68.0 28.0 0.27063523498203707
68.0 30.0 0.11835943978290747
68.0 32.0 0.0036979816157694245
68.0 34.0 0.0
68.0 36.0 0.0
68.0 38.0 0.0
68.0 40.0 0.0
68.0 42.0 0.0
68.0 44.0 0.0
68.0 46.0 0.0
68.0 48.0 0.0
68.0 50.0 0.0
68.0 52.0 0.0
68.0 54.0 0.0
68.0 56.0 0.0
68.0 58.0 0.0
68.0 60.0 0.0023717165380158036
68.0 62.0 0.02640616637335888
68.0 64.0 0.0708872470782136
68.0 66.0 0.1111938277194937
68.0 68.0 0.12711634013197318
68.0 70.0 0.13714359008385543
68.0 72.0 0.1454223845762749
68.0 74.0 0.16103824446348733
68.0 76.0 0.180310652863836
68.0 78.0 0.20731997856084514
68.0 80.0 0.2092570748966798
68.0 82.0 0.18194180483290498
68.0 84.0 0.1178498553416266
68.0 86.0 0.008602193734067667
68.0 88.0 0.0
68.0 90.0 0.0
68.0 92.0 0.0
68.0 94.0 0.0
68.0 96.0 0.0
68.0 98.0 0.0
68.0 100.0 0.0
68.0 102.0 0.0
68.0 104.0 0.0
68.0 106.0 0.0
68.0 108.0 0.004742374856308772
68.0 110.0 0.0995953368563006
68.0 112.0 0.2070114355110448
68.0 114.0 0.29048167592979557
68.0 116.0 0.34971554645269803
68.0 118.0 0.4132481449763068
68.0 120.0 0.465644531056719
68.0 122.0 0.4454271821639219
68.0 124.0 0.3703043373538535
68.0 126.0 0.014368723260848775
70.0 0.0 0.0
70.0 2.0 0.0
70.0 4.0 0.0
70.0 6.0 0.0
70.0 8.0 0.0
70.0 10.0 0.012070990401095357
70.0 12.0 0.17592562462997038
70.0 14.0 0.34598007010005105
70.0 16.0 0.39207678098344584
70.0 18.0 0.400567003499267
70.0 20.0 0.3932229311360409
70.0 22.0 0.3913998069187307
70.0 24.0 0.3641758799200698
70.0 26.0 0.291854928750539
70.0 28.0 0.169872375694301
70.0 30.0 0.028657683212859473
70.0 32.0 0.0
70.0 34.0 0.0
70.0 36.0 0.0
70.0 38.0 0.0
70.0 40.0 0.0
70.0 42.0 0.0
70.0 44.0 0.0
70.0 46.0 0.0
70.0 48.0 0.0
70.0 50.0 0.0
70.0 52.0 0.0
70.0 54.0 0.0
70.0 56.0 0.0
70.0 58.0 0.01444178678778347
70.0 60.0 0.07784869982915053
70.0 62.0 0.1263237779970954
70.0 64.0 0.14855495653100745
70.0 66.0 0.16655407637819042
70.0 68.0 0.1658535152893799
70.0 70.0 0.15257617918716748
70.0 72.0 0.13576275645957278
70.0 74.0 0.1230178130501287
70.0 76.0 0.12029426167730255
70.0 78.0 0.10290960858331683
70.0 80.0 0.08033046442307583
70.0 82.0 0.04791808648445686
70.0 84.0 0.0033259142398350716
70.0 86.0 0.0
70.0 88.0 0.0
70.0 90.0 0.0
70.0 92.0 0.0
70.0 94.0 0.0
70.0 96.0 0.0
70.0 98.0 0.0
70.0 100.0 0.0
70.0 102.0 0.0
70.0 104.0 0.0
70.0 106.0 0.0
70.0 108.0 0.027023611032883737
70.0 110.0 0.11799232208543246
70.0 112.0 0.20528167179870396
70.0 114.0 0.27595305990165514
70.0 116.0 0.37518924226779454
70.0 118.0 0.43044805221008153
70.0 120.0 0.44537285048610475
70.0 122.0 0.43445328638771313
70.0 124.0 0.35218065737348114
70.0 126.0 0.008133533568942983
72.0 0.0 0.0
72.0 2.0 0.0
72.0 4.0 0.0
72.0 6.0 0.0
72.0 8.0 0.0
72.0 10.0 0.0788761538614358
72.0 12.0 0.24236939196777607
72.0 14.0 0.37574689326539223
72.0 16.0 0.3710182627067407
72.0 18.0 0.3671149372326887
72.0 20.0 0.3823229801575642
72.0 22.0 0.3557474589149389
72.0 24.0 0.29728046372970557
72.0 26.0 0.2046832587811435
72.0 28.0 0.07062345804699699
72.0 30.0 0.0
72.0 32.0 0.0
72.0 34.0 0.0
72.0 36.0 0.0
72.0 38.0 0.0
72.0 40.0 0.0
72.0 42.0 0.0
72.0 44.0 0.0
72.0 46.0 0.0
72.0 48.0 0.0
72.0 50.0 0.0
72.0 52.0 0.0
72.0 54.0 0.0
72.0 56.0 0.011808950476343704
72.0 58.0 0.09712877296664364
72.0 60.0 0.17894061113965476
72.0 62.0 0.22851395445108347
72.0 64.0 0.22228523042999285
72.0 66.0 0.22500948705247525
72.0 68.0 0.20601783641414348
72.0 70.0 0.16992706808283273
72.0 72.0 0.12559454159632208
72.0 74.0 0.08122353868609665
72.0 76.0 0.036199310894326035
72.0 78.0 0.0
72.0 80.0 0.0
72.0 82.0 0.0
72.0 84.0 0.0
72.0 86.0 0.0
72.0 88.0 0.0
72.0 90.0 0.0
72.0 92.0 0.0
72.0 94.0 0.0
72.0 96.0 0.0
72.0 98.0 0.0
72.0 100.0 0.0
72.0 102.0 0.0
72.0 104.0 0.0
72.0 106.0 0.0064942971956841915
72.0 108.0 0.048589266915022356
72.0 110.0 0.12154353087871848
72.0 112.0 0.19282101751487377
72.0 114.0 0.2821601582939968
72.0 116.0 0.3652801576341061
72.0 118.0 0.40523463889636213
72.0 120.0 0.4254324811409909
72.0 122.0 0.4175405530185952
72.0 124.0 0.3330783426795852
72.0 126.0 0.00653430422710615
74.0 0.0 0.0
74.0 2.0 0.0
74.0 4.0 0.0
74.0 6.0 0.0
74.0 8.0 0.031173815300195463
74.0 10.0 0.15763589576121287
74.0 12.0 0.29302011066849876
74.0 14.0 0.3697141500942174
74.0 16.0 0.3418680488820369
74.0 18.0 0.3558998334235706
74.0 20.0 0.2919804884554702
74.0 22.0 0.2623694958735064
74.0 24.0 0.20244789002821859
74.0 26.0 0.10438828468949313
74.0 28.0 0.011576203474091051
74.0 30.0 0.0
74.0 32.0 0.0
74.0 34.0 0.0
74.0 36.0 0.0
74.0 38.0 0.0
74.0 40.0 0.0
74.0 42.0 0.0
74.0 44.0 0.0
74.0 46.0 0.0
74.0 48.0 0.0
74.0 50.0 0.0
74.0 52.0 0.0
74.0 54.0 0.0021844015253475522
74.0 56.0 0.07963245848866479
74.0 58.0 0.19724697975803462
74.0 60.0 0.28785265372851576
74.0 62.0 0.33529944837507936
74.0 64.0 0.2953969935329059
74.0 66.0 0.28659065990611904
74.0 68.0 0.2509978290491571
74.0 70.0 0.18892122262099934
74.0 72.0 0.10678394553538356
74.0 74.0 0.02592525110385331
74.0 76.0 0.0
74.0 78.0 0.0
74.0 80.0 0.0
74.0 82.0 0.0
74.0 84.0 0.0
74.0 86.0 0.0
74.0 88.0 0.0
74.0 90.0 0.0
74.0 92.0 0.0
74.0 94.0 0.0
74.0 96.0 0.0
74.0 98.0 0.0
74.0 100.0 0.0
74.0 102.0 0.0
74.0 104.0 0.005273278594922899
74.0 106.0 0.02736567169028503
74.0 108.0 0.06559689560857956
74.0 110.0 0.11673805534559539
74.0 112.0 0.17447488192552438
74.0 114.0 0.24688342248394438
74.0 116.0 0.3296369641073886
74.0 118.0 0.3765024994644441
74.0 120.0 0.39864922779671724
74.0 122.0 0.396929935087916
74.0 124.0 0.32014330526809553
74.0 126.0 0.007838148141869668
76.0 0.0 0.0
76.0 2.0 0.0
76.0 4.0 0.0
76.0 6.0 0.013219893146474114
76.0 8.0 0.10444433332760189
76.0 10.0 0.2133317699050524
76.0 12.0 0.3115405916689929
76.0 14.0 0.30654057613245483
76.0 16.0 0.3002649076423733
76.0 18.0 0.2691721999243081
76.0 20.0 0.1984083418070666
76.0 22.0 0.16206141020547268
76.0 24.0 0.09670112100751281
76.0 26.0 0.031415472447310556
76.0 28.0 0.0
76.0 30.0 0.0
76.0 32.0 0.0
76.0 34.0 0.0
76.0 36.0 0.0
76.0 38.0 0.0
76.0 40.0 0.0
76.0 42.0 0.0
76.0 44.0 0.0
76.0 46.0 0.0
76.0 48.0 0.0
76.0 50.0 0.0
76.0 52.0 0.0019744795133774013
76.0 54.0 0.04047903359174208
76.0 56.0 0.18167372996364403
76.0 58.0 0.3142846303146507
76.0 60.0 0.40452737638427133
76.0 62.0 0.4294782445581502
76.0 64.0 0.37040322625917804
76.0 66.0 0.35144076153849896
76.0 68.0 0.2983278682827542
76.0 70.0 0.202820097683554
76.0 72.0 0.07720055038380232
76.0 74.0 6.741992679991232E-4
76.0 76.0 0.0
76.0 78.0 0.0
76.0 80.0 0.0
76.0 82.0 0.0
76.0 84.0 0.0
76.0 86.0 0.0
76.0 88.0 0.0
76.0 90.0 0.0
76.0 92.0 0.0
76.0 94.0 0.0
76.0 96.0 0.0
76.0 98.0 0.0
76.0 100.0 0.0
76.0 102.0 0.0031509319319691863
76.0 104.0 0.022982034608731605
76.0 106.0 0.04853465240164289
76.0 108.0 0.07703543378721603
76.0 110.0 0.11102698731119669
76.0 112.0 0.1527501522411062
76.0 114.0 0.21898640201117062
76.0 116.0 0.2916457900730817
76.0 118.0 0.33747789826497404
76.0 120.0 0.36510192660178564
76.0 122.0 0.37142300501017794
76.0 124.0 0.3060493096951171
76.0 126.0 0.0
78.0 0.0 0.0
78.0 2.0 0.01393690412778585
78.0 4.0 8.339036400207661E-6
78.0 6.0 0.05998596259723258
78.0 8.0 0.15768382081166457
78.0 10.0 0.23167526229711574
78.0 12.0 0.2743337611748054
78.0 14.0 0.2541508291297579
78.0 16.0 0.2110376305533612
78.0 18.0 0.14697048148198663
78.0 20.0 0.10052316205745987
78.0 22.0 0.05735684640939864
78.0 24.0 0.010270807613940182
78.0 26.0 0.0020569952013111885
78.0 28.0 0.0
78.0 30.0 0.0
78.0 32.0 0.0
78.0 34.0 0.0
78.0 36.0 0.0
78.0 38.0 0.0
78.0 40.0 0.0
78.0 42.0 0.0
78.0 44.0 0.0
78.0 46.0 0.0
78.0 48.0 0.0
78.0 50.0 0.0
78.0 52.0 0.023345294883468443
78.0 54.0 0.14174273070615181
78.0 56.0 0.3021355571391879
78.0 58.0 0.42721152323120765
78.0 60.0 0.5043191419825174
78.0 62.0 0.47782552034926634
78.0 64.0 0.44469919563948485
78.0 66.0 0.40771442549873055
78.0 68.0 0.3318366414953516
78.0 70.0 0.20296551209826008
78.0 72.0 0.04078379524505325
78.0 74.0 0.0
78.0 76.0 0.0
78.0 78.0 0.0
78.0 80.0 0.0
78.0 82.0 0.0
78.0 84.0 0.0
78.0 86.0 0.0
78.0 88.0 0.0
78.0 90.0 0.0
78.0 92.0 0.0
78.0 94.0 0.0
78.0 96.0 0.0
78.0 98.0 0.0
78.0 100.0 0.0
78.0 102.0 0.007784676712891988
78.0 104.0 0.029658585078716465
78.0 106.0 0.05436148493199192
78.0 108.0 0.07726861851735793
78.0 110.0 0.10066372421815194
78.0 112.0 0.13045612914678248
78.0 114.0 0.19315047478458303
78.0 116.0 0.24683241992282304
78.0 118.0 0.29413013005003025
78.0 120.0 0.3306898475446007
78.0 122.0 0.3475242968900711
78.0 124.0 0.29323593469788345
78.0 126.0 0.0
80.0 0.0 0.0
80.0 2.0 0.0
80.0 4.0 0.08852854253520483
80.0 6.0 0.10757279848665265
80.0 8.0 0.15146287897368796
80.0 10.0 0.18421177187319815
80.0 12.0 0.18765232848335878
80.0 14.0 0.1511364929946306
80.0 16.0 0.09588539229957165
80.0 18.0 0.020848409728049553
80.0 20.0 0.004446219795180599
80.0 22.0 0.0
80.0 24.0 0.0
80.0 26.0 0.0
80.0 28.0 0.0
80.0 30.0 0.0
80.0 32.0 0.0
80.0 34.0 0.0
80.0 36.0 0.0
80.0 38.0 0.0
80.0 40.0 0.0
80.0 42.0 0.0
80.0 44.0 0.0
80.0 46.0 0.0
80.0 48.0 0.0
80.0 50.0 0.02059018308463902
80.0 52.0 0.09629003575733502
80.0 54.0 0.25428994118855175
80.0 56.0 0.40531952481744254
80.0 58.0 0.5081815686033045
80.0 60.0 0.5430613103273746
80.0 62.0 0.4954276888366216
80.0 64.0 0.47289267457859013
80.0 66.0 0.4200527639765786
80.0 68.0 0.32852569369944096
80.0 70.0 0.18432137442182697
80.0 72.0 0.015784148471896263
80.0 74.0 0.0
80.0 76.0 0.0
80.0 78.0 0.0
80.0 80.0 0.0
80.0 82.0 0.0
80.0 84.0 0.0
80.0 86.0 0.0
80.0 88.0 0.0
80.0 90.0 0.0
80.0 92.0 0.0
80.0 94.0 0.0
80.0 96.0 0.0
80.0 98.0 0.0
80.0 100.0 0.0
80.0 102.0 0.0038003233300070746
80.0 104.0 0.02265600411031944
80.0 106.0 0.0437465116569005
80.0 108.0 0.06810867780504333
80.0 110.0 0.08862470510638713
80.0 112.0 0.12028170609303034
80.0 114.0 0.15640445981586587
80.0 116.0 0.20018648203174716
80.0 118.0 0.2467767355605968
80.0 120.0 0.293873704867649
80.0 122.0 0.316417433941276
80.0 124.0 0.2714566103564851
80.0 126.0 0.0
82.0 0.0 0.0
82.0 2.0 0.0
82.0 4.0 0.18112150892741416
82.0 6.0 0.11969282840397548
82.0 8.0 0.12268976268486664
82.0 10.0 0.12834229035423125
82.0 12.0 0.09418171666254904
82.0 14.0 0.033853978570155284
82.0 16.0 0.0
82.0 18.0 0.0
82.0 20.0 0.0
82.0 22.0 0.0
82.0 24.0 0.0
82.0 26.0 0.0
82.0 28.0 0.0
82.0 30.0 0.0
82.0 32.0 0.0
82.0 34.0 0.0
82.0 36.0 0.0
82.0 38.0 0.0
82.0 40.0 0.0
82.0 42.0 0.0
82.0 44.0 0.0
82.0 46.0 0.0
82.0 48.0 0.020149828780478846
82.0 50.0 0.08506259015471036
82.0 52.0 0.21027209587336995
82.0 54.0 0.35857036111564944
82.0 56.0 0.4714243693832929
82.0 58.0 0.5411208788845663
82.0 60.0 0.5065853510926445
82.0 62.0 0.4824515474592969
82.0 64.0 0.4496704884471881
82.0 66.0 0.38794462341899577
82.0 68.0 0.28808077715779273
82.0 70.0 0.14190517675701153
82.0 72.0 0.002661937654972225
82.0 74.0 0.0
82.0 76.0 0.0
82.0 78.0 0.0
82.0 80.0 0.0
82.0 82.0 0.0
82.0 84.0 0.0
82.0 86.0 0.0
82.0 88.0 0.0
82.0 90.0 0.0
82.0 92.0 0.0
82.0 94.0 0.0
82.0 96.0 0.0
82.0 98.0 0.0
82.0 100.0 0.0
82.0 102.0 0.0
82.0 104.0 0.008382837738520723
82.0 106.0 0.021375558893696658
82.0 108.0 0.037492935280598716
82.0 110.0 0.05803886686699298
82.0 112.0 0.08110493044752114
82.0 114.0 0.12653896227451095
82.0 116.0 0.16508215157617245
82.0 118.0 0.20447042935573986
82.0 120.0 0.25651670901183315
82.0 122.0 0.28283995352180386
82.0 124.0 0.25280712936599664
82.0 126.0 0.0
84.0 0.0 0.0
84.0 2.0 0.0
84.0 4.0 0.19425473012252029
84.0 6.0 0.099308611379516
84.0 8.0 0.08063733136906175
84.0 10.0 0.059235045232070675
84.0 12.0 0.02592501587371628
84.0 14.0 0.002587830358711904
84.0 16.0 0.0
84.0 18.0 0.0
84.0 20.0 0.0
84.0 22.0 0.0
84.0 24.0 0.0
84.0 26.0 0.0
84.0 28.0 0.0
84.0 30.0 0.0
84.0 32.0 0.0
84.0 34.0 0.0
84.0 36.0 0.0
84.0 38.0 0.0
84.0 40.0 0.0
84.0 42.0 0.0
84.0 44.0 0.0
84.0 46.0 0.028525846894689014
84.0 48.0 0.09606726997225977
84.0 50.0 0.1816433661235831
84.0 52.0 0.305901476281558
84.0 54.0 0.42329356913857974
84.0 56.0 0.49529713030789396
84.0 58.0 0.46754726382031575
84.0 60.0 0.48430176831903976
84.0 62.0 0.4511921544987796
84.0 64.0 0.4000875772553369
84.0 66.0 0.33063838096281245
84.0 68.0 0.2235103109356494
84.0 70.0 0.07573735829198427
84.0 72.0 0.0
84.0 74.0 0.0
84.0 76.0 0.0
84.0 78.0 0.0
84.0 80.0 0.0
84.0 82.0 0.0
84.0 84.0 0.0
84.0 86.0 0.0
84.0 88.0 0.0
84.0 90.0 0.0
84.0 92.0 0.0
84.0 94.0 0.0
84.0 96.0 0.0
84.0 98.0 0.0
84.0 100.0 0.0
84.0 102.0 0.0
84.0 104.0 2.0300479877162546E-4
84.0 106.0 0.0053455222323652565
84.0 108.0 0.015517973844997408
84.0 110.0 0.03404665189232602
84.0 112.0 0.06142849373526654
84.0 114.0 0.09224540046536622
84.0 116.0 0.14036386300369075
84.0 118.0 0.17269148982579882
84.0 120.0 0.22045881726467745
84.0 122.0 0.2592453710538409
84.0 124.0 0.0
84.0 126.0 0.0
86.0 0.0 0.0
86.0 2.0 0.0
86.0 4.0 0.0
86.0 6.0 0.13660496329315655
86.0 8.0 0.0544153760118867
86.0 10.0 0.025487694186095547
86.0 12.0 0.00936995895704274
86.0 14.0 0.0011405427467110977
86.0 16.0 0.0
86.0 18.0 0.0
86.0 20.0 0.0
86.0 22.0 0.0
86.0 24.0 0.0
86.0 26.0 0.0
86.0 28.0 0.0
86.0 30.0 0.0
86.0 32.0 0.0
86.0 34.0 0.0
86.0 36.0 0.0
86.0 38.0 0.0
86.0 40.0 0.0
86.0 42.0 0.0013331159278292398
86.0 44.0 0.02659269042136748
86.0 46.0 0.1005523910444761
86.0 48.0 0.18780721964473476
86.0 50.0 0.26167412715571686
86.0 52.0 0.35001265447032476
86.0 54.0 0.4286596836611896
86.0 56.0 0.47277952933230377
86.0 58.0 0.4329147624984144
86.0 60.0 0.4225077569514288
86.0 62.0 0.3899262380836439
86.0 64.0 0.3329063570536069
86.0 66.0 0.2560805635629207
86.0 68.0 0.1412043650199525
86.0 70.0 0.013459310454899523
86.0 72.0 0.0
86.0 74.0 0.0
86.0 76.0 0.0
86.0 78.0 0.0
86.0 80.0 0.0
86.0 82.0 0.0
86.0 84.0 0.0
86.0 86.0 0.0
86.0 88.0 0.0
86.0 90.0 0.0
86.0 92.0 0.0
86.0 94.0 0.0
86.0 96.0 0.0
86.0 98.0 0.0
86.0 100.0 0.0
86.0 102.0 0.0
86.0 104.0 0.0
86.0 106.0 0.0
86.0 108.0 0.0
86.0 110.0 0.005961864391057978
86.0 112.0 0.03378447117254814
86.0 114.0 0.07315081040687955
86.0 116.0 0.12040251265806494
86.0 118.0 0.15147884871581974
86.0 120.0 0.18637359569573717
86.0 122.0 0.22773698572735815
86.0 124.0 0.0
86.0 126.0 0.0
88.0 0.0 0.0
88.0 2.0 0.0
88.0 4.0 0.0
88.0 6.0 0.06052029162519368
88.0 8.0 0.004055467441594902
88.0 10.0 0.0
88.0 12.0 0.0
88.0 14.0 0.0
88.0 16.0 0.0
88.0 18.0 0.0
88.0 20.0 0.0
88.0 22.0 0.0
88.0 24.0 0.0
88.0 26.0 0.0
88.0 28.0 0.0
88.0 30.0 0.0
88.0 32.0 0.0
88.0 34.0 0.0
88.0 36.0 0.0
88.0 38.0 0.0029021347810610134
88.0 40.0 0.016182852800216637
88.0 42.0 0.07426086573846115
88.0 44.0 0.1150393798413198
88.0 46.0 0.18177333537065601
88.0 48.0 0.23154582924303171
88.0 50.0 0.2856711595441707
88.0 52.0 0.35380337313019733
88.0 54.0 0.39647939329091475
88.0 56.0 0.41512112288815706
88.0 58.0 0.4194650748528936
88.0 60.0 0.3855693619740606
88.0 62.0 0.30643499523693635
88.0 64.0 0.250983739867163
88.0 66.0 0.17023946296849565
88.0 68.0 0.05275646635510476
88.0 70.0 0.0
88.0 72.0 0.0
88.0 74.0 0.0
88.0 76.0 0.0
88.0 78.0 0.0
88.0 80.0 0.0
88.0 82.0 0.0
88.0 84.0 0.0
88.0 86.0 0.0
88.0 88.0 0.0
88.0 90.0 0.0
88.0 92.0 0.0
88.0 94.0 0.0
88.0 96.0 0.0
88.0 98.0 7.309433581681938E-4
88.0 100.0 0.0
88.0 102.0 0.0
88.0 104.0 0.0
88.0 106.0 0.0
88.0 108.0 0.0
88.0 110.0 0.0
88.0 112.0 0.006408106671161342
88.0 114.0 0.04401079867698974
88.0 116.0 0.09235152236044726
88.0 118.0 0.11879436954830862
88.0 120.0 0.15855336497260245
88.0 122.0 0.17975395205032255
88.0 124.0 0.0
88.0 126.0 0.0
90.0 0.0 0.0
90.0 2.0 0.0
90.0 4.0 0.0
90.0 6.0 0.029411947259143603
90.0 8.0 0.0
90.0 10.0 0.0
90.0 12.0 0.0
90.0 14.0 0.0
90.0 16.0 0.0
90.0 18.0 0.0
90.0 20.0 0.0
90.0 22.0 0.0
90.0 24.0 0.0
90.0 26.0 0.0
90.0 28.0 0.0
90.0 30.0 0.0
90.0 32.0 0.006138823388583173
90.0 34.0 0.03785098397223768
90.0 36.0 0.08044115753281537
90.0 38.0 0.10757956933246977
90.0 40.0 0.13491880921905955
90.0 42.0 0.15737112506659495
90.0 44.0 0.17174487813208952
90.0 46.0 0.1933551148524663
90.0 48.0 0.22108345098129667
90.0 50.0 0.2489311317586308
90.0 52.0 0.27370163999777897
90.0 54.0 0.29473811557846635
90.0 56.0 0.30911028475191155
90.0 58.0 0.3102508568012565
90.0 60.0 0.27856138917720835
90.0 62.0 0.22576221154071133
90.0 64.0 0.16398573507154426
90.0 66.0 0.06923887630801412
90.0 68.0 0.0
90.0 70.0 0.0
90.0 72.0 0.0
90.0 74.0 0.0
90.0 76.0 0.0
90.0 78.0 0.0
90.0 80.0 0.0
90.0 82.0 0.0
90.0 84.0 0.0
90.0 86.0 0.0
90.0 88.0 0.0
90.0 90.0 0.0
90.0 92.0 0.0
90.0 94.0 0.00864245566216307
90.0 96.0 0.020593806888559985
90.0 98.0 0.020221090773919204
90.0 100.0 0.003974649184723635
90.0 102.0 0.0
90.0 104.0 0.0
90.0 106.0 0.0
90.0 108.0 0.0
90.0 110.0 0.0
90.0 112.0 0.0
90.0 114.0 0.00792944016370376
90.0 116.0 0.05072034813683319
90.0 118.0 0.09934750415176553
90.0 120.0 0.12294523271953872
90.0 122.0 0.0
90.0 124.0 0.0
90.0 126.0 0.0
92.0 0.0 0.0
92.0 2.0 0.0
92.0 4.0 0.0
92.0 6.0 0.0
92.0 8.0 0.01427260918171005
92.0 10.0 0.0
92.0 12.0 0.0
92.0 14.0 0.0
92.0 16.0 0.0
92.0 18.0 0.0
92.0 20.0 0.0
92.0 22.0 0.0
92.0 24.0 0.0
92.0 26.0 0.0
92.0 28.0 0.0
92.0 30.0 0.0014155565314529633
92.0 32.0 0.032024543130552606
92.0 34.0 0.10687236488072122
92.0 36.0 0.16923091969134077
92.0 38.0 0.2035134705325072
92.0 40.0 0.22283732949738363
92.0 42.0 0.2311927418406526
92.0 44.0 0.22542010252727207
92.0 46.0 0.21076010394125588
92.0 48.0 0.2008379990187863
92.0 50.0 0.19897667158130314
92.0 52.0 0.19940239549461206
92.0 54.0 0.1952793614752043
92.0 56.0 0.1926242331651764
92.0 58.0 0.18249545720179997
92.0 60.0 0.1648923654329391
92.0 62.0 0.12948379507479324
92.0 64.0 0.07247880405061023
92.0 66.0 0.001548909671203121
92.0 68.0 0.0
92.0 70.0 0.0
92.0 72.0 0.0
92.0 74.0 0.0
92.0 76.0 0.0
92.0 78.0 0.0
92.0 80.0 0.0
92.0 82.0 0.0
92.0 84.0 0.0
92.0 86.0 0.0
92.0 88.0 0.0
92.0 90.0 0.0
92.0 92.0 0.006820639759605621
92.0 94.0 0.049747662982772146
92.0 96.0 0.06038786576907298
92.0 98.0 0.056968864271927426
92.0 100.0 0.012788508405694612
92.0 102.0 0.0
92.0 104.0 0.0
92.0 106.0 0.0
92.0 108.0 0.0
92.0 110.0 0.0
92.0 112.0 0.0
92.0 114.0 0.0
92.0 116.0 0.0032320419159390713
92.0 118.0 0.03357388648578745
92.0 120.0 0.061247553491923866
92.0 122.0 0.0
92.0 124.0 0.0
92.0 126.0 0.0
94.0 0.0 0.0
94.0 2.0 0.0
94.0 4.0 0.0
94.0 6.0 0.0
94.0 8.0 0.005639542898053463
94.0 10.0 0.0
94.0 12.0 0.0
94.0 14.0 0.0
94.0 16.0 0.0
94.0 18.0 0.0
94.0 20.0 0.0
94.0 22.0 0.0
94.0 24.0 0.0
94.0 26.0 0.0
94.0 28.0 0.009125089770956737
94.0 30.0 0.03142470187814823
94.0 32.0 0.09113771390884039
94.0 34.0 0.16651714451848776
94.0 36.0 0.24124064833577905
94.0 38.0 0.28336637416555643
94.0 40.0 0.2956156751991163
94.0 42.0 0.28916684359305367
94.0 44.0 0.245780399668879
94.0 46.0 0.18208165291027292
94.0 48.0 0.11669925844541228
94.0 50.0 0.07833086486325909
94.0 52.0 0.07650400436234021
94.0 54.0 0.07372459330638254
94.0 56.0 0.07969910281310816
94.0 58.0 0.07829099273007419
94.0 60.0 0.06447967036095843
94.0 62.0 0.03234373197529173
94.0 64.0 2.3437701898664342E-4
94.0 66.0 0.0
94.0 68.0 0.0
94.0 70.0 0.0
94.0 72.0 0.0
94.0 74.0 0.0
94.0 76.0 0.0
94.0 78.0 0.0
94.0 80.0 0.0
94.0 82.0 0.0
94.0 84.0 0.0
94.0 86.0 0.0
94.0 88.0 0.0
94.0 90.0 0.0
94.0 92.0 0.03442758552111875
94.0 94.0 0.08452690891332114
94.0 96.0 0.09290906400913894
94.0 98.0 0.08664726484676794
94.0 100.0 0.033917354842940374
94.0 102.0 6.981343609711962E-4
94.0 104.0 0.0
94.0 106.0 0.0
94.0 108.0 0.0
94.0 110.0 0.0
94.0 112.0 0.0
94.0 114.0 0.0
94.0 116.0 0.0
94.0 118.0 0.0
94.0 120.0 0.0
94.0 122.0 0.0
94.0 124.0 0.0
94.0 126.0 0.0
96.0 0.0 0.0
96.0 2.0 0.0
96.0 4.0 0.0
96.0 6.0 0.0
96.0 8.0 0.0
96.0 10.0 0.0
96.0 12.0 0.0
96.0 14.0 0.0
96.0 16.0 0.0
96.0 18.0 0.0
96.0 20.0 0.0
96.0 22.0 0.0
96.0 24.0 0.0
96.0 26.0 0.0
96.0 28.0 0.020024598461847683
96.0 30.0 0.08042544969148163
96.0 32.0 0.14624682922630902
96.0 34.0 0.21668906544004318
96.0 36.0 0.306389802853231
96.0 38.0 0.33953114593310985
96.0 40.0 0.3365302876703154
96.0 42.0 0.2856992676457562
96.0 44.0 0.18469578715353807
96.0 46.0 0.06187354393844827
96.0 48.0 0.0023978225031136636
96.0 50.0 0.0
96.0 52.0 0.0
96.0 54.0 0.0
96.0 56.0 0.0
96.0 58.0 0.0
96.0 60.0 0.0
96.0 62.0 0.0
96.0 64.0 0.0
96.0 66.0 0.0
96.0 68.0 0.0
96.0 70.0 0.0
96.0 72.0 0.0
96.0 74.0 0.0
96.0 76.0 0.0
96.0 78.0 0.0
96.0 80.0 0.0
96.0 82.0 0.0
96.0 84.0 0.0
96.0 86.0 0.005000327128375302
96.0 88.0 0.03824763855069073
96.0 90.0 0.08876012025526653
96.0 92.0 0.12046387433202216
96.0 94.0 0.1333378926984303
96.0 96.0 0.13093380181857242
96.0 98.0 0.11063632083636565
96.0 100.0 0.06760785751059346
96.0 102.0 0.0018553578560494156
96.0 104.0 0.0
96.0 106.0 0.0
96.0 108.0 0.0
96.0 110.0 0.0
96.0 112.0 0.0
96.0 114.0 0.0
96.0 116.0 0.0
96.0 118.0 0.0
96.0 120.0 0.0
96.0 122.0 0.0
96.0 124.0 0.0
96.0 126.0 0.0
98.0 0.0 0.0
98.0 2.0 0.0
98.0 4.0 0.0
98.0 6.0 0.0
98.0 8.0 0.0
98.0 10.0 0.0
98.0 12.0 0.0
98.0 14.0 0.0
98.0 16.0 0.0
98.0 18.0 0.0
98.0 20.0 0.0
98.0 22.0 0.0
98.0 24.0 0.0
98.0 26.0 0.009459136606422199
98.0 28.0 0.0697670604018313
98.0 30.0 0.1393832450731865
98.0 32.0 0.20436555132367681
98.0 34.0 0.26443380325780147
98.0 36.0 0.3501350712312766
98.0 38.0 0.37643267944028413
98.0 40.0 0.3378380845504088
98.0 42.0 0.23258316917155333
98.0 44.0 0.07285058857429948
98.0 46.0 0.0
98.0 48.0 0.0
98.0 50.0 0.0
98.0 52.0 0.0
98.0 54.0 0.0
98.0 56.0 0.0
98.0 58.0 0.0
98.0 60.0 0.0
98.0 62.0 0.0
98.0 64.0 0.0
98.0 66.0 0.0
98.0 68.0 0.0
98.0 70.0 0.0
98.0 72.0 0.0
98.0 74.0 0.0
98.0 76.0 0.0
98.0 78.0 0.0
98.0 80.0 0.0
98.0 82.0 0.0
98.0 84.0 0.015374897862272743
98.0 86.0 0.059594039948533184
98.0 88.0 0.10956627875502208
98.0 90.0 0.16685027774669495
98.0 92.0 0.19836568717361638
98.0 94.0 0.20847026625403633
98.0 96.0 0.19620759488329043
98.0 98.0 0.17231710168155065
98.0 100.0 0.09404452883292697
98.0 102.0 0.002639906887705299
98.0 104.0 0.0
98.0 106.0 0.0
98.0 108.0 0.0
98.0 110.0 0.0
98.0 112.0 0.0
98.0 114.0 0.0
98.0 116.0 0.0
98.0 118.0 0.0
98.0 120.0 0.0
98.0 122.0 0.0
98.0 124.0 0.0
98.0 126.0 0.0
100.0 0.0 0.0
100.0 2.0 0.0
100.0 4.0 0.0
100.0 6.0 0.0
100.0 8.0 0.0
100.0 10.0 0.0
100.0 12.0 0.0
100.0 14.0 0.0
100.0 16.0 0.0
100.0 18.0 0.0
100.0 20.0 0.0
100.0 22.0 0.0
100.0 24.0 0.0035475147307215435
100.0 26.0 0.06487013011602523
100.0 28.0 0.12998971735671325
100.0 30.0 0.2114232625634375
100.0 32.0 0.26255200075454915
100.0 34.0 0.3439403043158824
100.0 36.0 0.37859523952903623
100.0 38.0 0.39019646519032597
100.0 40.0 0.3081665201792621
100.0 42.0 0.14210373758421738
100.0 44.0 0.0
100.0 46.0 0.0
100.0 48.0 0.0
100.0 50.0 0.0
100.0 52.0 0.0
100.0 54.0 0.0
100.0 56.0 0.0
100.0 58.0 0.0
100.0 60.0 0.0
100.0 62.0 0.0
100.0 64.0 0.0
100.0 66.0 0.0
100.0 68.0 0.0
100.0 70.0 0.0
100.0 72.0 0.0
100.0 74.0 0.0
100.0 76.0 0.0
100.0 78.0 0.0
100.0 80.0 0.0
100.0 82.0 0.025705984519375436
100.0 84.0 0.0657976832198535
100.0 86.0 0.10840697570410478
100.0 88.0 0.17922208869098588
100.0 90.0 0.2168918718818834
100.0 92.0 0.26056556364053485
100.0 94.0 0.29077018081222045
100.0 96.0 0.28458653428212205
100.0 98.0 0.2197660718128033
100.0 100.0 0.11839873846169859
100.0 102.0 0.00385875654347722
100.0 104.0 0.0
100.0 106.0 0.0
100.0 108.0 0.0
100.0 110.0 0.0
100.0 112.0 0.0
100.0 114.0 0.0
100.0 116.0 0.0
100.0 118.0 0.0
100.0 120.0 0.0
100.0 122.0 0.0
100.0 124.0 0.0
100.0 126.0 0.0
102.0 0.0 0.0
102.0 2.0 0.0
102.0 4.0 0.0
102.0 6.0 0.0
102.0 8.0 0.0
102.0 10.0 0.0
102.0 12.0 0.0
102.0 14.0 0.0
102.0 16.0 0.0
102.0 18.0 0.0
102.0 20.0 0.0
102.0 22.0 0.0
102.0 24.0 0.0136393733284012
102.0 26.0 0.11444385257034857
102.0 28.0 0.20824937324566387
102.0 30.0 0.2872245651883382
102.0 32.0 0.3262185594509684
102.0 34.0 0.35413554948978554
102.0 36.0 0.43248618698070485
102.0 38.0 0.38703658068992913
102.0 40.0 0.255502351676454
102.0 42.0 0.043101513326342454
102.0 44.0 0.0
102.0 46.0 0.0
102.0 48.0 0.0
102.0 50.0 0.0
102.0 52.0 0.0
102.0 54.0 0.0
102.0 56.0 0.0
102.0 58.0 0.0
102.0 60.0 0.0
102.0 62.0 0.0
102.0 64.0 0.0
102.0 66.0 0.0
102.0 68.0 0.0
102.0 70.0 0.0
102.0 72.0 0.0
102.0 74.0 0.0
102.0 76.0 0.0
102.0 78.0 0.0
102.0 80.0 0.0013097322882474037
102.0 82.0 0.05538765509133953
102.0 84.0 0.09583586246900683
102.0 86.0 0.1344391089711114
102.0 88.0 0.21681282268058144
102.0 90.0 0.26082147648021065
102.0 92.0 0.30784482112038897
102.0 94.0 0.35997472513882606
102.0 96.0 0.3512774718982022
102.0 98.0 0.26910342156812533
102.0 100.0 0.14466189105799337
102.0 102.0 0.01011296178203158
102.0 104.0 0.0
102.0 106.0 0.0
102.0 108.0 0.0
102.0 110.0 0.0
102.0 112.0 0.0
102.0 114.0 0.0
102.0 116.0 0.0
102.0 118.0 0.0
102.0 120.0 0.0
102.0 122.0 0.0
102.0 124.0 0.0
102.0 126.0 0.0
104.0 0.0 0.0
104.0 2.0 0.0
104.0 4.0 0.0
104.0 6.0 0.0
104.0 8.0 0.0
104.0 10.0 0.0
104.0 12.0 0.0
104.0 14.0 0.0
104.0 16.0 0.0
104.0 18.0 0.0
104.0 20.0 0.0
104.0 22.0 0.0
104.0 24.0 0.04375893075615963
104.0 26.0 0.1802983764749988
104.0 28.0 0.2992986615495215
104.0 30.0 0.34471901362228835
104.0 32.0 0.37024851225631666
104.0 34.0 0.411933041997032
104.0 36.0 0.4566109720898353
104.0 38.0 0.3711581482237638
104.0 40.0 0.18491139273785231
104.0 42.0 0.0
104.0 44.0 0.0
104.0 46.0 0.0
104.0 48.0 0.0
104.0 50.0 0.0
104.0 52.0 0.0
104.0 54.0 0.0
104.0 56.0 0.0
104.0 58.0 0.0
104.0 60.0 0.0
104.0 62.0 0.0
104.0 64.0 0.0
104.0 66.0 0.0
104.0 68.0 0.0
104.0 70.0 0.0021682280740620984
104.0 72.0 0.009719485253417086
104.0 74.0 3.749400122722187E-4
104.0 76.0 0.0
104.0 78.0 0.0
104.0 80.0 0.004681845261710158
104.0 82.0 0.07680124725888411
104.0 84.0 0.12237534187382615
104.0 86.0 0.1532915586927648
104.0 88.0 0.2404346329138728
104.0 90.0 0.28739007557691304
104.0 92.0 0.36553553833198077
104.0 94.0 0.4123179406946407
104.0 96.0 0.39392578396193545
104.0 98.0 0.3109608935239502
104.0 100.0 0.16430196310229647
104.0 102.0 0.010382912255744501
104.0 104.0 0.0
104.0 106.0 0.0
104.0 108.0 0.0
104.0 110.0 0.0
104.0 112.0 0.0
104.0 114.0 0.0
104.0 116.0 0.0
104.0 118.0 0.0
104.0 120.0 0.0
104.0 122.0 0.0
104.0 124.0 0.0
104.0 126.0 0.0
106.0 0.0 0.0
106.0 2.0 0.0
106.0 4.0 0.0
106.0 6.0 0.0
106.0 8.0 0.0
106.0 10.0 0.0
106.0 12.0 0.0
106.0 14.0 0.0
106.0 16.0 0.0
106.0 18.0 0.0
106.0 20.0 0.0
106.0 22.0 0.0
106.0 24.0 0.0726420662668845
106.0 26.0 0.240457088163106
106.0 28.0 0.3684146240513438
106.0 30.0 0.42223376752035585
106.0 32.0 0.43562285711412563
106.0 34.0 0.446912783460183
106.0 36.0 0.4509117745067201
106.0 38.0 0.3517300049737688
106.0 40.0 0.10225540446239366
106.0 42.0 0.0
106.0 44.0 0.0
106.0 46.0 0.0
106.0 48.0 0.0
106.0 50.0 0.0
106.0 52.0 0.0
106.0 54.0 0.0
106.0 56.0 0.0
106.0 58.0 0.0
106.0 60.0 0.0
106.0 62.0 0.0
106.0 64.0 0.0
106.0 66.0 0.0
106.0 68.0 0.0
106.0 70.0 0.013970271287051417
106.0 72.0 0.023967348883062043
106.0 74.0 0.021288766741749815
106.0 76.0 0.012096982043610009
106.0 78.0 0.0
106.0 80.0 0.003777664326738702
106.0 82.0 0.08320099606392786
106.0 84.0 0.1340852905123665
106.0 86.0 0.1621597476053942
106.0 88.0 0.24176248489114713
106.0 90.0 0.2991203618845062
106.0 92.0 0.39624210930763115
106.0 94.0 0.43502091929458625
106.0 96.0 0.4131503378687626
106.0 98.0 0.332162874795834
106.0 100.0 0.1677920329478146
106.0 102.0 0.005802022457041611
106.0 104.0 0.0
106.0 106.0 0.0
106.0 108.0 0.0
106.0 110.0 0.0
106.0 112.0 0.0
106.0 114.0 0.0
106.0 116.0 0.0
106.0 118.0 0.0
106.0 120.0 0.0
106.0 122.0 0.0
106.0 124.0 0.0
106.0 126.0 0.0
108.0 0.0 0.0
108.0 2.0 0.0
108.0 4.0 0.0
108.0 6.0 0.0
108.0 8.0 0.0
108.0 10.0 0.0
108.0 12.0 0.0
108.0 14.0 0.0
108.0 16.0 0.0
108.0 18.0 0.0
108.0 20.0 0.0
108.0 22.0 0.0
108.0 24.0 0.09897987425751491
108.0 26.0 0.28175903167827016
108.0 28.0 0.3725385855632994
108.0 30.0 0.4369227312213542
108.0 32.0 0.4778317701886017
108.0 34.0 0.47857079457998736
108.0 36.0 0.4309633779927702
108.0 38.0 0.29218006458382156
108.0 40.0 0.05149507959399211
108.0 42.0 0.0
108.0 44.0 0.0
108.0 46.0 0.0
108.0 48.0 0.0
108.0 50.0 0.0
108.0 52.0 0.0
108.0 54.0 0.0
108.0 56.0 0.0
108.0 58.0 0.0
108.0 60.0 0.0
108.0 62.0 0.0
108.0 64.0 0.0
108.0 66.0 0.0
108.0 68.0 0.0
108.0 70.0 0.01644316782846034
108.0 72.0 0.041619074309465307
108.0 74.0 0.044332086889177884
108.0 76.0 0.026214305868728974
108.0 78.0 0.010444916718680695
108.0 80.0 0.008372399144316535
108.0 82.0 0.07899658199739994
108.0 84.0 0.13353809412866535
108.0 86.0 0.1631234245047752
108.0 88.0 0.2289278484607897
108.0 90.0 0.3142480732859378
108.0 92.0 0.3879080576696243
108.0 94.0 0.42915926747903616
108.0 96.0 0.4246355526982737
108.0 98.0 0.3350843315358685
108.0 100.0 0.1355166917577322
108.0 102.0 0.0
108.0 104.0 0.0
108.0 106.0 0.0
108.0 108.0 0.0
108.0 110.0 0.0
108.0 112.0 0.0
108.0 114.0 0.0
108.0 116.0 0.0
108.0 118.0 0.0
108.0 120.0 0.0
108.0 122.0 0.0
108.0 124.0 0.0
108.0 126.0 0.0
110.0 0.0 0.0
110.0 2.0 0.0
110.0 4.0 0.0
110.0 6.0 0.0
110.0 8.0 0.0
110.0 10.0 0.0
110.0 12.0 0.0
110.0 14.0 0.0
110.0 16.0 0.0
110.0 18.0 0.0
110.0 20.0 0.0
110.0 22.0 0.0
110.0 24.0 0.05969843465786396
110.0 26.0 0.25656862029248767
110.0 28.0 0.4058615237719161
110.0 30.0 0.490059472523122
110.0 32.0 0.5280645463333761
110.0 34.0 0.49027211278093336
110.0 36.0 0.47086878115129793
110.0 38.0 0.278622700308271
110.0 40.0 0.013983015480348854
110.0 42.0 0.0
110.0 44.0 0.0
110.0 46.0 0.0
110.0 48.0 0.0
110.0 50.0 0.0
110.0 52.0 0.0
110.0 54.0 0.0
110.0 56.0 0.0
110.0 58.0 0.0
110.0 60.0 0.0
110.0 62.0 0.0
110.0 64.0 0.0
110.0 66.0 0.0
110.0 68.0 0.0
110.0 70.0 0.02357429174007517
110.0 72.0 0.05756257953459789
110.0 74.0 0.05555829653970764
110.0 76.0 0.03419929451548518
110.0 78.0 0.014279449207377537
110.0 80.0 0.005722158239998884
110.0 82.0 0.054079003790685726
110.0 84.0 0.12140451210653987
110.0 86.0 0.15693872429857417
110.0 88.0 0.21063786623922298
110.0 90.0 0.2945983598207433
110.0 92.0 0.3647161323186025
110.0 94.0 0.42269933892956574
110.0 96.0 0.4280207760125561
110.0 98.0 0.3128594136623711
110.0 100.0 0.07839549132051439
110.0 102.0 0.0
110.0 104.0 0.0
110.0 106.0 0.0
110.0 108.0 0.0
110.0 110.0 0.0
110.0 112.0 0.0
110.0 114.0 0.0
110.0 116.0 0.0
110.0 118.0 0.0
110.0 120.0 0.0
110.0 122.0 0.0
110.0 124.0 0.0
110.0 126.0 0.0
112.0 0.0 0.0
112.0 2.0 0.0
112.0 4.0 0.0
112.0 6.0 0.0
112.0 8.0 0.0
112.0 10.0 0.0
112.0 12.0 0.0
112.0 14.0 0.0
112.0 16.0 0.0
112.0 18.0 0.0
112.0 20.0 0.0
112.0 22.0 0.0
112.0 24.0 0.035077710472207396
112.0 26.0 0.1972619424008598
112.0 28.0 0.36321743281632535
112.0 30.0 0.4584957681601532
112.0 32.0 0.49561484051137694
112.0 34.0 0.4700012555447178
112.0 36.0 0.38909316771183255
112.0 38.0 0.2061827959689864
112.0 40.0 0.00498378958702959
112.0 42.0 0.0
112.0 44.0 0.0
112.0 46.0 0.0
112.0 48.0 0.0
112.0 50.0 0.0
112.0 52.0 0.0
112.0 54.0 0.0
112.0 56.0 0.0
112.0 58.0 0.0
112.0 60.0 0.0
112.0 62.0 0.0025646514238071303
112.0 64.0 0.002993047119600526
112.0 66.0 0.0
112.0 68.0 0.0
112.0 70.0 0.0077288385495534575
112.0 72.0 0.06801038469638626
112.0 74.0 0.06502023800786425
112.0 76.0 0.034842258280016365
112.0 78.0 0.008854272933224586
112.0 80.0 0.0
112.0 82.0 0.01466602187021828
112.0 84.0 0.09289055434723513
112.0 86.0 0.1361465509537222
112.0 88.0 0.16985067965118103
112.0 90.0 0.25345487101673975
112.0 92.0 0.33384754651383597
112.0 94.0 0.3931953250352531
112.0 96.0 0.3940025190184755
112.0 98.0 0.24894892164872331
112.0 100.0 0.011647538763697196
112.0 102.0 0.0
112.0 104.0 0.0
112.0 106.0 0.0
112.0 108.0 0.0
112.0 110.0 0.0
112.0 112.0 0.0
112.0 114.0 0.0
112.0 116.0 0.0
112.0 118.0 0.0
112.0 120.0 0.0
112.0 122.0 0.0
112.0 124.0 0.0
112.0 126.0 0.0
114.0 0.0 0.0
114.0 2.0 0.0
114.0 4.0 0.0
114.0 6.0 0.0
114.0 8.0 0.0
114.0 10.0 0.0
114.0 12.0 0.0
114.0 14.0 0.0
114.0 16.0 0.0
114.0 18.0 0.0
114.0 20.0 0.0
114.0 22.0 0.0
114.0 24.0 0.0
114.0 26.0 0.16562645482901558
114.0 28.0 0.3167249920183709
114.0 30.0 0.39506077816306046
114.0 32.0 0.43272198883195606
114.0 34.0 0.4171799111166858
114.0 36.0 0.34354182506281244
114.0 38.0 0.1640671398210873
114.0 40.0 0.0021636575179365407
114.0 42.0 0.0
114.0 44.0 0.0
114.0 46.0 0.0
114.0 48.0 0.0
114.0 50.0 0.0
114.0 52.0 0.0
114.0 54.0 0.0
114.0 56.0 0.0
114.0 58.0 0.0
114.0 60.0 0.0
114.0 62.0 0.007381095513874091
114.0 64.0 0.0251416286225204
114.0 66.0 0.010389238453094132
114.0 68.0 0.01233256409085015
114.0 70.0 0.012546468741999432
114.0 72.0 0.042657329865262196
114.0 74.0 0.06041520103196296
114.0 76.0 0.03500231285755825
114.0 78.0 0.0012386961499833038
114.0 80.0 0.0
114.0 82.0 0.0
114.0 84.0 0.04316919807190331
114.0 86.0 0.09741229458369209
114.0 88.0 0.13268607168726956
114.0 90.0 0.19685873421496713
114.0 92.0 0.2673249186080337
114.0 94.0 0.32319544042792386
114.0 96.0 0.3173634435112342
114.0 98.0 0.1246225363854963
114.0 100.0 0.0
114.0 102.0 0.0
114.0 104.0 0.0
114.0 106.0 0.0
114.0 108.0 0.0
114.0 110.0 0.0
114.0 112.0 0.0
114.0 114.0 0.0
114.0 116.0 0.0
114.0 118.0 0.0
114.0 120.0 0.0
114.0 122.0 0.0
114.0 124.0 0.0
114.0 126.0 0.0
116.0 0.0 0.0
116.0 2.0 0.0
116.0 4.0 0.0
116.0 6.0 0.0
116.0 8.0 0.0
116.0 10.0 0.0
116.0 12.0 0.0
116.0 14.0 0.0
116.0 16.0 0.0
116.0 18.0 0.0
116.0 20.0 0.0
116.0 22.0 0.0
116.0 24.0 0.0
116.0 26.0 0.0
116.0 28.0 0.2587169624813093
116.0 30.0 0.3864847370868381
116.0 32.0 0.3931705832813132
116.0 34.0 0.37869426915212406
116.0 36.0 0.3384313082330379
116.0 38.0 0.14521407173332065
116.0 40.0 0.001774120961098573
116.0 42.0 0.0
116.0 44.0 0.0
116.0 46.0 0.0
116.0 48.0 0.0
116.0 50.0 0.0
116.0 52.0 0.0
116.0 54.0 0.0
116.0 56.0 0.0
116.0 58.0 0.0
116.0 60.0 0.0
116.0 62.0 0.0018791206541796874
116.0 64.0 0.04748454317406887
116.0 66.0 0.047059821435205006
116.0 68.0 0.03215505735290366
116.0 70.0 0.023047840852025384
116.0 72.0 0.01748656957300442
116.0 74.0 0.018485485791629872
116.0 76.0 0.012381428681913428
116.0 78.0 0.0019160535186658239
116.0 80.0 0.0
116.0 82.0 0.0
116.0 84.0 0.0021124770644775337
116.0 86.0 0.04496698942537337
116.0 88.0 0.08399229610244217
116.0 90.0 0.1358205032650489
116.0 92.0 0.17518474226005384
116.0 94.0 0.2104245721817876
116.0 96.0 0.1827479905508496
116.0 98.0 0.02163486024957539
116.0 100.0 0.0
116.0 102.0 0.0
116.0 104.0 0.0
116.0 106.0 0.0
116.0 108.0 0.0
116.0 110.0 0.0
116.0 112.0 0.0
116.0 114.0 0.0
116.0 116.0 0.0
116.0 118.0 0.0
116.0 120.0 0.0
116.0 122.0 0.0
116.0 124.0 0.0
116.0 126.0 0.0
118.0 0.0 0.0
118.0 2.0 0.0
118.0 4.0 0.0
118.0 6.0 0.0
118.0 8.0 0.0
118.0 10.0 0.0
118.0 12.0 0.0
118.0 14.0 0.0
118.0 16.0 0.0
118.0 18.0 0.0
118.0 20.0 0.0
118.0 22.0 0.0
118.0 24.0 0.0
118.0 26.0 0.0
118.0 28.0 0.0
118.0 30.0 0.0
118.0 32.0 0.3401063554420678
118.0 34.0 0.4409080659615745
118.0 36.0 0.3656882762926909
118.0 38.0 0.20135502062467148
118.0 40.0 0.012652999101878436
118.0 42.0 0.0
118.0 44.0 0.0
118.0 46.0 0.0
118.0 48.0 0.0
118.0 50.0 0.0
118.0 52.0 0.0
118.0 54.0 0.0
118.0 56.0 0.0
118.0 58.0 0.0
118.0 60.0 0.0
118.0 62.0 0.007513488735929374
118.0 64.0 0.05013231352062881
118.0 66.0 0.08002834924977019
118.0 68.0 0.04235293138984703
118.0 70.0 0.010036419425058247
118.0 72.0 0.008205279291788638
118.0 74.0 0.0
118.0 76.0 0.0
118.0 78.0 0.0
118.0 80.0 0.0
118.0 82.0 0.0
118.0 84.0 0.0
118.0 86.0 0.0
118.0 88.0 0.019279334132229792
118.0 90.0 0.06481041992756677
118.0 92.0 0.08059588996948804
118.0 94.0 0.08496447504869743
118.0 96.0 0.05431358587292678
118.0 98.0 0.0
118.0 100.0 0.0
118.0 102.0 0.0
118.0 104.0 0.0
118.0 106.0 0.0
118.0 108.0 0.0
118.0 110.0 0.0
118.0 112.0 0.0
118.0 114.0 0.0
118.0 116.0 0.0
118.0 118.0 0.0
118.0 120.0 0.0
118.0 122.0 0.0
118.0 124.0 0.0
118.0 126.0 0.0
120.0 0.0 0.0
120.0 2.0 0.0
120.0 4.0 0.0
120.0 6.0 0.0
120.0 8.0 0.0
120.0 10.0 0.0
120.0 12.0 0.0
120.0 14.0 0.0
120.0 16.0 0.0
120.0 18.0 0.0
120.0 20.0 0.0
120.0 22.0 0.0
120.0 24.0 0.0
120.0 26.0 0.0
120.0 28.0 0.0
120.0 30.0 0.0
120.0 32.0 0.0
120.0 34.0 0.0
120.0 36.0 0.29905857068571895
120.0 38.0 0.3062343188811098
120.0 40.0 0.07320645833729834
120.0 42.0 0.00101128853168395
120.0 44.0 0.0
120.0 46.0 0.0
120.0 48.0 0.0
120.0 50.0 0.0
120.0 52.0 0.0
120.0 54.0 0.0
120.0 56.0 0.0
120.0 58.0 0.0
120.0 60.0 0.018483814597408263
120.0 62.0 0.05479100703116388
120.0 64.0 0.07576231446269584
120.0 66.0 0.09217545688736657
120.0 68.0 0.0696882092489879
120.0 70.0 0.025151554463751096
120.0 72.0 0.002782126360503632
120.0 74.0 0.0
120.0 76.0 0.0
120.0 78.0 0.0
120.0 80.0 0.0
120.0 82.0 0.0
120.0 84.0 0.0
120.0 86.0 0.0
120.0 88.0 0.0
120.0 90.0 0.0019397333174309978
120.0 92.0 0.00425713459577529
120.0 94.0 0.0
120.0 96.0 0.0
120.0 98.0 0.0
120.0 100.0 0.0
120.0 102.0 0.0
120.0 104.0 0.0
120.0 106.0 0.0
120.0 108.0 0.0
120.0 110.0 0.0
120.0 112.0 0.0
120.0 114.0 0.0
120.0 116.0 0.0
120.0 118.0 0.0
120.0 120.0 0.0
120.0 122.0 0.0
120.0 124.0 0.0
120.0 126.0 0.0
122.0 0.0 0.0
122.0 2.0 0.0
122.0 4.0 0.0
122.0 6.0 0.0
122.0 8.0 0.0
122.0 10.0 0.0
122.0 12.0 0.0
122.0 14.0 0.0
122.0 16.0 0.0
122.0 18.0 0.0
122.0 20.0 0.0
122.0 22.0 0.0
122.0 24.0 0.0
122.0 26.0 0.0
122.0 28.0 0.0
122.0 30.0 0.0
122.0 32.0 0.0
122.0 34.0 0.0
122.0 36.0 0.0
122.0 38.0 0.0
122.0 40.0 0.0
122.0 42.0 0.0
122.0 44.0 0.0
122.0 46.0 0.0
122.0 48.0 0.0
122.0 50.0 0.0
122.0 52.0 0.0
122.0 54.0 0.0
122.0 56.0 0.0
122.0 58.0 0.029441136071430733
122.0 60.0 0.09337637293142997
122.0 62.0 0.12202337088025648
122.0 64.0 0.11666045192939545
122.0 66.0 0.10498168655517844
122.0 68.0 0.07798033265451458
122.0 70.0 0.04048520682605122
122.0 72.0 0.008919762188988928
122.0 74.0 0.0
122.0 76.0 0.0
122.0 78.0 0.0
122.0 80.0 0.0
122.0 82.0 0.0
122.0 84.0 0.0
122.0 86.0 0.0
122.0 88.0 0.0
122.0 90.0 0.0
122.0 92.0 0.0
122.0 94.0 0.0
122.0 96.0 0.0
122.0 98.0 0.0
122.0 100.0 0.0
122.0 102.0 0.0
122.0 104.0 0.0
122.0 106.0 0.0
122.0 108.0 0.0
122.0 110.0 0.0
122.0 112.0 0.0
122.0 114.0 0.0
122.0 116.0 0.0
122.0 118.0 0.0
122.0 120.0 0.0
122.0 122.0 0.0
122.0 124.0 0.0
122.0 126.0 0.0
124.0 0.0 0.0
124.0 2.0 0.0
124.0 4.0 0.0
124.0 6.0 0.0
124.0 8.0 0.0
124.0 10.0 0.0
124.0 12.0 0.0
124.0 14.0 0.0
124.0 16.0 0.0
124.0 18.0 0.0
124.0 20.0 0.0
124.0 22.0 0.0
124.0 24.0 0.0
124.0 26.0 0.0
124.0 28.0 0.0
124.0 30.0 0.0
124.0 32.0 0.0
124.0 34.0 0.0
124.0 36.0 0.0
124.0 38.0 0.0
124.0 40.0 0.0
124.0 42.0 0.0
124.0 44.0 0.0
124.0 46.0 0.0
124.0 48.0 0.0
124.0 50.0 0.0
124.0 52.0 0.0
124.0 54.0 0.0
124.0 56.0 0.024334229128796566
124.0 58.0 0.0900187403296655
124.0 60.0 0.1609045096621037
124.0 62.0 0.18747578257981776
124.0 64.0 0.17668834073977516
124.0 66.0 0.14030752360899482
124.0 68.0 0.09530307945252225
124.0 70.0 0.04974411422583608
124.0 72.0 0.012921050467926435
124.0 74.0 0.0
124.0 76.0 0.0
124.0 78.0 0.0
124.0 80.0 0.0
124.0 82.0 0.0
124.0 84.0 0.0
124.0 86.0 0.0
124.0 88.0 0.0
124.0 90.0 0.0
124.0 92.0 0.0
124.0 94.0 0.0
124.0 96.0 0.0
124.0 98.0 0.0
124.0 100.0 0.0
124.0 102.0 0.0
124.0 104.0 0.0
124.0 106.0 0.0
124.0 108.0 0.0
124.0 110.0 0.0
124.0 112.0 0.0
124.0 114.0 0.0
124.0 116.0 0.0
124.0 118.0 0.0
124.0 120.0 0.0
124.0 122.0 0.0
124.0 124.0 0.0
124.0 126.0 0.0
126.0 0.0 0.0
126.0 2.0 0.0
126.0 4.0 0.0
126.0 6.0 0.0
126.0 8.0 0.0
126.0 10.0 0.0
126.0 12.0 0.0
126.0 14.0 0.0
126.0 16.0 0.0
126.0 18.0 0.0
126.0 20.0 0.0
126.0 22.0 0.0
126.0 24.0 0.0
126.0 26.0 0.0
126.0 28.0 0.0
126.0 30.0 0.0
126.0 32.0 0.0
126.0 34.0 0.0
126.0 36.0 0.0
126.0 38.0 0.0
126.0 40.0 0.0
126.0 42.0 0.0
126.0 44.0 0.0
126.0 46.0 0.0
126.0 48.0 0.0
126.0 50.0 0.0
126.0 52.0 0.0
126.0 54.0 0.0
126.0 56.0 0.0
126.0 58.0 0.0
126.0 60.0 0.0
126.0 62.0 0.06648819866409059
126.0 64.0 0.14921829444389717
126.0 66.0 0.1870492821147047
126.0 68.0 0.14485080452021834
126.0 70.0 0.06928543010116828
126.0 72.0 0.009568347448308126
126.0 74.0 0.0
126.0 76.0 0.0
126.0 78.0 0.0
126.0 80.0 0.0
126.0 82.0 0.0
126.0 84.0 0.0
126.0 86.0 0.0
126.0 88.0 0.0
126.0 90.0 0.0
126.0 92.0 0.0
126.0 94.0 0.0
126.0 96.0 0.0
126.0 98.0 0.0
126.0 100.0 0.0
126.0 102.0 0.0
126.0 104.0 0.0
126.0 106.0 0.0
126.0 108.0 0.0
126.0 110.0 0.0
126.0 112.0 0.0
126.0 114.0 0.0
126.0 116.0 0.0
126.0 118.0 0.0
126.0 120.0 0.0
126.0 122.0 0.0
126.0 124.0 0.0
126.0 126.0 0.0
