0.0 0.0 0.0
0.0 2.0 0.0
0.0 4.0 0.0
0.0 6.0 0.0
0.0 8.0 0.0
0.0 10.0 0.0
0.0 12.0 0.0
0.0 14.0 0.0
0.0 16.0 0.0
0.0 18.0 0.0
0.0 20.0 0.0
0.0 22.0 0.0
0.0 24.0 0.0
0.0 26.0 0.0
0.0 28.0 0.0
0.0 30.0 0.0
0.0 32.0 0.0
0.0 34.0 0.0
0.0 36.0 0.0
0.0 38.0 0.0
0.0 40.0 0.0
0.0 42.0 0.0
0.0 44.0 0.0
0.0 46.0 0.0
0.0 48.0 0.0
0.0 50.0 0.0
0.0 52.0 0.0
0.0 54.0 0.0
0.0 56.0 0.0
0.0 58.0 0.0
0.0 60.0 0.0
0.0 62.0 0.0
0.0 64.0 0.0
0.0 66.0 0.0
0.0 68.0 0.0
0.0 70.0 0.0
0.0 72.0 0.0
0.0 74.0 0.0
0.0 76.0 0.0
0.0 78.0 0.0
0.0 80.0 0.0
0.0 82.0 0.0
0.0 84.0 0.0
0.0 86.0 0.0
0.0 88.0 0.0
0.0 90.0 0.0
0.0 92.0 0.0
0.0 94.0 0.0
0.0 96.0 0.0
0.0 98.0 0.0
0.0 100.0 0.0
0.0 102.0 0.0
0.0 104.0 0.0
0.0 106.0 0.0
0.0 108.0 0.0
0.0 110.0 0.0
0.0 112.0 0.0
0.0 114.0 0.0
0.0 116.0 0.0
0.0 118.0 0.0
0.0 120.0 0.0
0.0 122.0 0.0
0.0 124.0 0.0
0.0 126.0 0.0
2.0 0.0 0.0
2.0 2.0 0.0
2.0 4.0 0.0
2.0 6.0 0.0
2.0 8.0 0.0
2.0 10.0 0.0
2.0 12.0 0.0
2.0 14.0 0.0
2.0 16.0 0.0
2.0 18.0 0.0
2.0 20.0 0.0
2.0 22.0 0.0
2.0 24.0 0.0
2.0 26.0 0.0
2.0 28.0 0.0
2.0 30.0 0.0
2.0 32.0 0.0
2.0 34.0 0.0
2.0 36.0 0.0
2.0 38.0 0.0
2.0 40.0 0.0
2.0 42.0 0.0
2.0 44.0 0.0
2.0 46.0 0.0
2.0 48.0 0.12143506551207621
2.0 50.0 0.0
2.0 52.0 0.0
2.0 54.0 0.0
2.0 56.0 0.0
2.0 58.0 0.0
2.0 60.0 0.00814226053211906
2.0 62.0 0.1498192155252771
2.0 64.0 0.28953298778482733
2.0 66.0 0.369954472263881
2.0 68.0 0.3758717455789113
2.0 70.0 0.3641761222558051
2.0 72.0 0.29508451830108307
2.0 74.0 0.13598941231822867
2.0 76.0 0.0012051646464436435
2.0 78.0 0.0
2.0 80.0 0.0
2.0 82.0 0.0
2.0 84.0 0.0
2.0 86.0 0.0
2.0 88.0 0.0
2.0 90.0 0.0
2.0 92.0 0.0
2.0 94.0 0.0
2.0 96.0 0.0
2.0 98.0 0.0
2.0 100.0 0.0
2.0 102.0 0.0
2.0 104.0 0.0
2.0 106.0 0.0
2.0 108.0 0.0
2.0 110.0 0.0
2.0 112.0 0.0
2.0 114.0 0.0
2.0 116.0 0.0
2.0 118.0 0.0
2.0 120.0 0.0
2.0 122.0 0.0
2.0 124.0 0.0
2.0 126.0 0.0
4.0 0.0 0.0
4.0 2.0 0.0
4.0 4.0 0.0
4.0 6.0 0.0
4.0 8.0 0.0
4.0 10.0 0.0
4.0 12.0 0.0
4.0 14.0 0.0
4.0 16.0 0.0
4.0 18.0 0.0
4.0 20.0 0.0
4.0 22.0 0.0
4.0 24.0 0.0
4.0 26.0 0.0
4.0 28.0 0.0
4.0 30.0 0.0
4.0 32.0 0.0
4.0 34.0 0.0
4.0 36.0 0.0
4.0 38.0 0.0
4.0 40.0 0.0
4.0 42.0 0.0
4.0 44.0 0.0
4.0 46.0 0.0
4.0 48.0 0.0
4.0 50.0 0.0
4.0 52.0 0.0
4.0 54.0 0.0
4.0 56.0 0.0
4.0 58.0 0.01503931197755176
4.0 60.0 0.11144739455173695
4.0 62.0 0.2164429410681554
4.0 64.0 0.2917649193393888
4.0 66.0 0.3456248950256681
4.0 68.0 0.36166958952863815
4.0 70.0 0.36938744941238727
4.0 72.0 0.313477624947144
4.0 74.0 0.14704247781596178
4.0 76.0 0.0022312228292129485
4.0 78.0 0.0
4.0 80.0 0.0
4.0 82.0 0.0
4.0 84.0 0.0
4.0 86.0 0.0
4.0 88.0 0.0
4.0 90.0 0.0
4.0 92.0 0.0
4.0 94.0 0.0
4.0 96.0 0.0
4.0 98.0 0.0
4.0 100.0 0.0
4.0 102.0 0.0
4.0 104.0 0.0
4.0 106.0 0.0
4.0 108.0 0.0
4.0 110.0 0.0
4.0 112.0 0.0
4.0 114.0 0.0
4.0 116.0 0.0
4.0 118.0 0.0
4.0 120.0 0.0
4.0 122.0 0.0
4.0 124.0 0.0
4.0 126.0 0.0
6.0 0.0 0.0
6.0 2.0 0.0
6.0 4.0 0.0
6.0 6.0 0.0
6.0 8.0 0.0
6.0 10.0 0.0
6.0 12.0 0.0
6.0 14.0 0.0
6.0 16.0 0.0
6.0 18.0 0.0
6.0 20.0 0.0
6.0 22.0 0.0
6.0 24.0 0.0
6.0 26.0 0.0
6.0 28.0 0.0
6.0 30.0 0.0
6.0 32.0 0.0
6.0 34.0 0.0
6.0 36.0 0.0
6.0 38.0 0.0
6.0 40.0 0.0
6.0 42.0 0.0
6.0 44.0 0.0
6.0 46.0 0.0
6.0 48.0 0.0
6.0 50.0 0.0
6.0 52.0 0.0
6.0 54.0 0.0
6.0 56.0 0.0
6.0 58.0 0.02049363370086079
6.0 60.0 0.1266126070091987
6.0 62.0 0.2247330377865622
6.0 64.0 0.2914653433044438
6.0 66.0 0.3420904847046567
6.0 68.0 0.35306290104859905
6.0 70.0 0.378592195539103
6.0 72.0 0.32396150904259136
6.0 74.0 0.14904097349213055
6.0 76.0 0.0013711507324391588
6.0 78.0 0.0
6.0 80.0 0.0
6.0 82.0 0.0
6.0 84.0 0.0
6.0 86.0 0.0
6.0 88.0 0.0
6.0 90.0 0.0
6.0 92.0 0.0
6.0 94.0 0.0
6.0 96.0 0.0
6.0 98.0 0.0
6.0 100.0 0.0
6.0 102.0 0.0
6.0 104.0 0.0
6.0 106.0 0.0
6.0 108.0 0.0
6.0 110.0 0.0
6.0 112.0 0.0
6.0 114.0 0.0
6.0 116.0 0.0
6.0 118.0 0.0
6.0 120.0 0.0
6.0 122.0 0.0
6.0 124.0 0.0
6.0 126.0 0.0
8.0 0.0 0.0
8.0 2.0 0.0
8.0 4.0 0.0
8.0 6.0 0.0
8.0 8.0 0.0
8.0 10.0 0.0
8.0 12.0 0.0
8.0 14.0 0.0
8.0 16.0 0.0
8.0 18.0 0.0
8.0 20.0 0.0
8.0 22.0 0.0
8.0 24.0 0.0
8.0 26.0 0.0
8.0 28.0 0.0
8.0 30.0 0.0
8.0 32.0 0.0
8.0 34.0 0.0
8.0 36.0 0.0
8.0 38.0 0.0
8.0 40.0 0.0
8.0 42.0 0.0
8.0 44.0 0.0
8.0 46.0 0.0
8.0 48.0 0.0
8.0 50.0 0.0
8.0 52.0 0.0
8.0 54.0 0.0
8.0 56.0 0.002765335918905846
8.0 58.0 0.033737446750410884
8.0 60.0 0.14502882528968988
8.0 62.0 0.23994890767743135
8.0 64.0 0.2965318102978976
8.0 66.0 0.3374344674604058
8.0 68.0 0.36355753068070146
8.0 70.0 0.40493283192196144
8.0 72.0 0.3335272718155802
8.0 74.0 0.15822501252478308
8.0 76.0 3.994988628701084E-5
8.0 78.0 0.0
8.0 80.0 0.0
8.0 82.0 0.0
8.0 84.0 0.0
8.0 86.0 0.0
8.0 88.0 0.0
8.0 90.0 0.0
8.0 92.0 0.0
8.0 94.0 0.0
8.0 96.0 0.0
8.0 98.0 0.0
8.0 100.0 0.0
8.0 102.0 0.0
8.0 104.0 0.0
8.0 106.0 0.0
8.0 108.0 0.0
8.0 110.0 0.0
8.0 112.0 0.0
8.0 114.0 0.0
8.0 116.0 0.0
8.0 118.0 0.0
8.0 120.0 0.0
8.0 122.0 0.0
8.0 124.0 0.0
8.0 126.0 0.0
10.0 0.0 0.0
10.0 2.0 0.0
10.0 4.0 0.0
10.0 6.0 0.0
10.0 8.0 0.0
10.0 10.0 0.0
10.0 12.0 0.0
10.0 14.0 0.0
10.0 16.0 0.0
10.0 18.0 0.0
10.0 20.0 0.0
10.0 22.0 0.0
10.0 24.0 0.0
10.0 26.0 0.0
10.0 28.0 0.0
10.0 30.0 0.0
10.0 32.0 0.0
10.0 34.0 0.0
10.0 36.0 0.0
10.0 38.0 0.0
10.0 40.0 0.0
10.0 42.0 0.0
10.0 44.0 0.0
10.0 46.0 0.0
10.0 48.0 0.0
10.0 50.0 0.0
10.0 52.0 0.0
10.0 54.0 0.0
10.0 56.0 0.0070279021146667465
10.0 58.0 0.051648194669149806
10.0 60.0 0.16004050946886894
10.0 62.0 0.25868150494062736
10.0 64.0 0.2891007973160968
10.0 66.0 0.3332578011496032
10.0 68.0 0.37654162025927224
10.0 70.0 0.41800695328075105
10.0 72.0 0.34479121372917937
10.0 74.0 0.1756540639633597
10.0 76.0 0.0
10.0 78.0 0.0
10.0 80.0 0.0
10.0 82.0 0.0
10.0 84.0 0.0
10.0 86.0 0.0
10.0 88.0 0.0
10.0 90.0 0.0
10.0 92.0 0.0
10.0 94.0 0.0
10.0 96.0 0.0
10.0 98.0 0.0
10.0 100.0 0.0
10.0 102.0 0.0
10.0 104.0 0.0
10.0 106.0 0.0
10.0 108.0 0.0
10.0 110.0 0.0
10.0 112.0 0.0
10.0 114.0 0.0
10.0 116.0 0.0
10.0 118.0 0.0
10.0 120.0 0.0
10.0 122.0 0.0
10.0 124.0 0.0
10.0 126.0 0.0
12.0 0.0 0.0
12.0 2.0 0.0
12.0 4.0 0.0
12.0 6.0 0.0
12.0 8.0 0.0
12.0 10.0 0.0
12.0 12.0 0.0
12.0 14.0 0.0
12.0 16.0 0.0
12.0 18.0 0.0
12.0 20.0 0.0
12.0 22.0 0.0
12.0 24.0 0.0
12.0 26.0 0.0
12.0 28.0 0.049689960270805224
12.0 30.0 0.1013443613704796
12.0 32.0 0.09284599329925729
12.0 34.0 0.04753949906272692
12.0 36.0 0.002664699989570201
12.0 38.0 0.0
12.0 40.0 0.0
12.0 42.0 0.0
12.0 44.0 0.0
12.0 46.0 0.0
12.0 48.0 0.0
12.0 50.0 0.0
12.0 52.0 0.0
12.0 54.0 0.0
12.0 56.0 0.01211020273511563
12.0 58.0 0.07194509896389661
12.0 60.0 0.17556597158546017
12.0 62.0 0.2823672860165413
12.0 64.0 0.31992817627081443
12.0 66.0 0.32518646167005144
12.0 68.0 0.37721634376400254
12.0 70.0 0.42417028072182017
12.0 72.0 0.36144135789482923
12.0 74.0 0.19035743661035032
12.0 76.0 0.003077052328057915
12.0 78.0 0.0
12.0 80.0 0.0
12.0 82.0 0.0
12.0 84.0 0.0
12.0 86.0 0.0
12.0 88.0 0.0
12.0 90.0 0.0
12.0 92.0 0.0
12.0 94.0 0.0
12.0 96.0 0.0
12.0 98.0 0.0
12.0 100.0 0.0
12.0 102.0 0.0
12.0 104.0 0.0
12.0 106.0 0.0
12.0 108.0 0.0
12.0 110.0 0.0
12.0 112.0 0.0
12.0 114.0 0.0
12.0 116.0 0.0
12.0 118.0 0.0
12.0 120.0 0.0
12.0 122.0 0.0
12.0 124.0 0.0
12.0 126.0 0.0
14.0 0.0 0.0
14.0 2.0 0.0
14.0 4.0 0.0
14.0 6.0 0.0
14.0 8.0 0.0
14.0 10.0 0.0
14.0 12.0 0.0
14.0 14.0 0.0
14.0 16.0 0.0
14.0 18.0 0.0
14.0 20.0 0.0
14.0 22.0 0.0
14.0 24.0 0.19653626375609587
14.0 26.0 0.2513122291794108
14.0 28.0 0.2276516517834101
14.0 30.0 0.18307091385873195
14.0 32.0 0.11447080076553441
14.0 34.0 0.02270547542493173
14.0 36.0 0.0
14.0 38.0 0.0
14.0 40.0 0.0
14.0 42.0 0.0
14.0 44.0 0.0
14.0 46.0 0.0
14.0 48.0 0.0
14.0 50.0 0.0
14.0 52.0 0.0
14.0 54.0 0.0
14.0 56.0 0.01982590948827507
14.0 58.0 0.09617123058283095
14.0 60.0 0.19210400552345175
14.0 62.0 0.29313181956501727
14.0 64.0 0.33927004768354446
14.0 66.0 0.3264880620988445
14.0 68.0 0.3562102549706212
14.0 70.0 0.3963034048560143
14.0 72.0 0.3714072746184039
14.0 74.0 0.2165552105153901
14.0 76.0 0.015472124720326844
14.0 78.0 0.0
14.0 80.0 0.0
14.0 82.0 0.0
14.0 84.0 0.0
14.0 86.0 0.0
14.0 88.0 0.0
14.0 90.0 0.0
14.0 92.0 0.0
14.0 94.0 0.0
14.0 96.0 0.0
14.0 98.0 0.0
14.0 100.0 0.0
14.0 102.0 0.0
14.0 104.0 0.0
14.0 106.0 0.0
14.0 108.0 0.0
14.0 110.0 0.0
14.0 112.0 0.0
14.0 114.0 0.0
14.0 116.0 0.0
14.0 118.0 0.0
14.0 120.0 0.0
14.0 122.0 0.0
14.0 124.0 0.0
14.0 126.0 0.0
16.0 0.0 0.0
16.0 2.0 0.0
16.0 4.0 0.0
16.0 6.0 0.0
16.0 8.0 0.0
16.0 10.0 0.0
16.0 12.0 0.0
16.0 14.0 0.0
16.0 16.0 0.0
16.0 18.0 0.0
16.0 20.0 0.0
16.0 22.0 0.22080606527757693
16.0 24.0 0.2551641568711278
16.0 26.0 0.24871261820161172
16.0 28.0 0.23290949510002557
16.0 30.0 0.20695466295861356
16.0 32.0 0.1227148726917256
16.0 34.0 0.0035421728494580344
16.0 36.0 0.0
16.0 38.0 0.0
16.0 40.0 0.0
16.0 42.0 0.0
16.0 44.0 0.0
16.0 46.0 0.0
16.0 48.0 0.0
16.0 50.0 0.0
16.0 52.0 0.0
16.0 54.0 0.0015418197005863561
16.0 56.0 0.03199892169640641
16.0 58.0 0.12064172282540143
16.0 60.0 0.20774856398062336
16.0 62.0 0.3031392708416113
16.0 64.0 0.3771321689507951
16.0 66.0 0.33268774901725146
16.0 68.0 0.36027932476001484
16.0 70.0 0.38518440768143436
16.0 72.0 0.3782214968610716
16.0 74.0 0.23686837454458357
16.0 76.0 0.04661866116785021
16.0 78.0 0.0
16.0 80.0 0.0
16.0 82.0 0.0
16.0 84.0 0.0
16.0 86.0 0.0
16.0 88.0 0.0
16.0 90.0 0.0
16.0 92.0 0.0
16.0 94.0 0.0
16.0 96.0 0.0
16.0 98.0 0.0
16.0 100.0 0.0
16.0 102.0 0.0
16.0 104.0 0.00392565437222743
16.0 106.0 0.0
16.0 108.0 0.0
16.0 110.0 0.0
16.0 112.0 0.0
16.0 114.0 0.0
16.0 116.0 0.0
16.0 118.0 0.0
16.0 120.0 0.0
16.0 122.0 0.0
16.0 124.0 0.0
16.0 126.0 0.0
18.0 0.0 0.0
18.0 2.0 0.0
18.0 4.0 0.0
18.0 6.0 0.0
18.0 8.0 0.0
18.0 10.0 0.0
18.0 12.0 0.0
18.0 14.0 0.0
18.0 16.0 0.0
18.0 18.0 0.0
18.0 20.0 0.20408504419347887
18.0 22.0 0.21666451466502054
18.0 24.0 0.22396665232284418
18.0 26.0 0.24014329058318787
18.0 28.0 0.2643522397861757
18.0 30.0 0.2460607377777918
18.0 32.0 0.12775152984451973
18.0 34.0 0.010027817120910503
18.0 36.0 0.0
18.0 38.0 0.0
18.0 40.0 0.0
18.0 42.0 0.0
18.0 44.0 0.0
18.0 46.0 0.0
18.0 48.0 0.0
18.0 50.0 0.0
18.0 52.0 0.0
18.0 54.0 0.004836546690821419
18.0 56.0 0.04803242581402468
18.0 58.0 0.13589520743924222
18.0 60.0 0.21857585074012428
18.0 62.0 0.31004523928545175
18.0 64.0 0.38189818417471416
18.0 66.0 0.33744736082814364
18.0 68.0 0.3606147271051414
18.0 70.0 0.36829991749950647
18.0 72.0 0.3747334440999064
18.0 74.0 0.2565064339205615
18.0 76.0 0.08036250364226273
18.0 78.0 0.0
18.0 80.0 0.0
18.0 82.0 0.0
18.0 84.0 0.0
18.0 86.0 0.0
18.0 88.0 0.0
18.0 90.0 0.0
18.0 92.0 0.0
18.0 94.0 0.0
18.0 96.0 0.0
18.0 98.0 0.0
18.0 100.0 0.0
18.0 102.0 0.0
18.0 104.0 0.004663783242399844
18.0 106.0 0.017461508277233504
18.0 108.0 0.0
18.0 110.0 0.0
18.0 112.0 0.0
18.0 114.0 0.0
18.0 116.0 0.0
18.0 118.0 0.0
18.0 120.0 0.0
18.0 122.0 0.0
18.0 124.0 0.0
18.0 126.0 0.0
20.0 0.0 0.0
20.0 2.0 0.0
20.0 4.0 0.0
20.0 6.0 0.0
20.0 8.0 0.0
20.0 10.0 0.0
20.0 12.0 0.0
20.0 14.0 0.0
20.0 16.0 0.0
20.0 18.0 0.13420203925682037
20.0 20.0 0.11151552526160241
20.0 22.0 0.15314205607262726
20.0 24.0 0.20761174589572262
20.0 26.0 0.2514298981401119
20.0 28.0 0.29951201900278995
20.0 30.0 0.30419448408938143
20.0 32.0 0.1886077727592503
20.0 34.0 0.05109207475357854
20.0 36.0 0.0
20.0 38.0 0.0
20.0 40.0 0.0
20.0 42.0 0.0
20.0 44.0 0.0
20.0 46.0 0.0
20.0 48.0 0.0
20.0 50.0 0.0
20.0 52.0 0.0
20.0 54.0 0.003187802678453559
20.0 56.0 0.04350835036105829
20.0 58.0 0.13532257398868702
20.0 60.0 0.2228724264781511
20.0 62.0 0.313172114462234
20.0 64.0 0.3817758076360211
20.0 66.0 0.3396637968670455
20.0 68.0 0.35804965107460657
20.0 70.0 0.3664899404585027
20.0 72.0 0.3712432781578185
20.0 74.0 0.24776119604205718
20.0 76.0 0.09241668506620516
20.0 78.0 0.0
20.0 80.0 0.0
20.0 82.0 0.0
20.0 84.0 0.0
20.0 86.0 0.0
20.0 88.0 0.0
20.0 90.0 0.0
20.0 92.0 0.0
20.0 94.0 0.0
20.0 96.0 0.0
20.0 98.0 0.0
20.0 100.0 0.0
20.0 102.0 0.0
20.0 104.0 0.0011435778667769163
20.0 106.0 0.016072449833983433
20.0 108.0 0.04454861960367388
20.0 110.0 0.0
20.0 112.0 0.0
20.0 114.0 0.0
20.0 116.0 0.0
20.0 118.0 0.0
20.0 120.0 0.0
20.0 122.0 0.0
20.0 124.0 0.0
20.0 126.0 0.0
22.0 0.0 0.0
22.0 2.0 0.0
22.0 4.0 0.0
22.0 6.0 0.0
22.0 8.0 0.0
22.0 10.0 0.0
22.0 12.0 0.0
22.0 14.0 0.0
22.0 16.0 0.031208353671206657
22.0 18.0 0.0
22.0 20.0 0.0512082247980431
22.0 22.0 0.14465294565429956
22.0 24.0 0.22300170451368437
22.0 26.0 0.28356804275468034
22.0 28.0 0.31516236512629486
22.0 30.0 0.33012956440260105
22.0 32.0 0.2705831813275042
22.0 34.0 0.10919715007869069
22.0 36.0 0.02509770767430604
22.0 38.0 0.0
22.0 40.0 0.0
22.0 42.0 0.0
22.0 44.0 0.0
22.0 46.0 0.0
22.0 48.0 0.0
22.0 50.0 0.0
22.0 52.0 0.0
22.0 54.0 0.0
22.0 56.0 0.027446452048590465
22.0 58.0 0.11494340361183468
22.0 60.0 0.2108976889170113
22.0 62.0 0.3065922594937401
22.0 64.0 0.36971495920158554
22.0 66.0 0.33285197530366034
22.0 68.0 0.35017333309838733
22.0 70.0 0.37826180065650666
22.0 72.0 0.3679269828034604
22.0 74.0 0.25565401998200327
22.0 76.0 0.10408201822695241
22.0 78.0 5.35773786374309E-5
22.0 80.0 0.0
22.0 82.0 0.0
22.0 84.0 0.0
22.0 86.0 0.0
22.0 88.0 0.0
22.0 90.0 0.0
22.0 92.0 0.0
22.0 94.0 0.0
22.0 96.0 0.0
22.0 98.0 0.0
22.0 100.0 0.0
22.0 102.0 0.0
22.0 104.0 0.0
22.0 106.0 0.012142013634530413
22.0 108.0 0.03902331476970743
22.0 110.0 0.03403508952709924
22.0 112.0 0.0
22.0 114.0 0.0
22.0 116.0 0.0
22.0 118.0 0.0
22.0 120.0 0.0
22.0 122.0 0.0
22.0 124.0 0.0
22.0 126.0 0.0
24.0 0.0 0.0
24.0 2.0 0.0
24.0 4.0 0.0
24.0 6.0 0.0
24.0 8.0 0.0
24.0 10.0 0.0
24.0 12.0 0.0
24.0 14.0 0.0087713251764477
24.0 16.0 0.0
24.0 18.0 0.0
24.0 20.0 0.06357178465499294
24.0 22.0 0.1684462295917963
24.0 24.0 0.25626119035482126
24.0 26.0 0.3221671003542186
24.0 28.0 0.3564877668905482
24.0 30.0 0.34984819957253727
24.0 32.0 0.2939962737992047
24.0 34.0 0.18246665542269788
24.0 36.0 0.05395416318724331
24.0 38.0 0.0
24.0 40.0 0.0
24.0 42.0 0.0
24.0 44.0 0.0
24.0 46.0 0.0
24.0 48.0 0.0
24.0 50.0 0.0
24.0 52.0 0.0
24.0 54.0 0.0
24.0 56.0 0.010110499135110099
24.0 58.0 0.07094289310149234
24.0 60.0 0.17249320494424847
24.0 62.0 0.27746603155467325
24.0 64.0 0.34277892821718053
24.0 66.0 0.3184040205416249
24.0 68.0 0.33512026138546275
24.0 70.0 0.36898217222665775
24.0 72.0 0.3716172330455914
24.0 74.0 0.27208580951642025
24.0 76.0 0.10423380743202672
24.0 78.0 8.533306360533257E-4
24.0 80.0 0.0
24.0 82.0 0.0
24.0 84.0 0.0
24.0 86.0 0.0
24.0 88.0 0.0
24.0 90.0 0.0
24.0 92.0 0.0
24.0 94.0 0.0
24.0 96.0 0.0
24.0 98.0 0.0
24.0 100.0 0.0
24.0 102.0 0.0
24.0 104.0 0.0
24.0 106.0 0.005127275557819382
24.0 108.0 0.022232924412119538
24.0 110.0 0.028324515497530095
24.0 112.0 0.021029730844884482
24.0 114.0 0.0
24.0 116.0 0.0
24.0 118.0 0.0
24.0 120.0 0.0
24.0 122.0 0.0
24.0 124.0 0.0
24.0 126.0 0.0
26.0 0.0 0.0
26.0 2.0 0.0
26.0 4.0 0.0
26.0 6.0 0.0
26.0 8.0 0.0
26.0 10.0 0.0
26.0 12.0 0.0
26.0 14.0 0.002203086295903743
26.0 16.0 0.0
26.0 18.0 0.0
26.0 20.0 0.05162754664457586
26.0 22.0 0.17007516346062615
26.0 24.0 0.2680262121495805
26.0 26.0 0.33642689267786396
26.0 28.0 0.37349237301380445
26.0 30.0 0.37292946924216847
26.0 32.0 0.32859373453171054
26.0 34.0 0.23255942732033266
26.0 36.0 0.09209516904163101
26.0 38.0 0.006401821923441884
26.0 40.0 0.0
26.0 42.0 0.0
26.0 44.0 0.0
26.0 46.0 0.0
26.0 48.0 0.0
26.0 50.0 0.0
26.0 52.0 0.0
26.0 54.0 0.0
26.0 56.0 0.0
26.0 58.0 0.013893858237231785
26.0 60.0 0.09346130484846749
26.0 62.0 0.21247587584775085
26.0 64.0 0.2951166313381019
26.0 66.0 0.2913950521658868
26.0 68.0 0.3076171829785938
26.0 70.0 0.32958361988023593
26.0 72.0 0.35185811894976843
26.0 74.0 0.2535674972514043
26.0 76.0 0.0854648744278601
26.0 78.0 0.0
26.0 80.0 0.0
26.0 82.0 0.0
26.0 84.0 0.0
26.0 86.0 0.0
26.0 88.0 0.0
26.0 90.0 0.0
26.0 92.0 0.0
26.0 94.0 0.0
26.0 96.0 0.0
26.0 98.0 0.0
26.0 100.0 0.0
26.0 102.0 0.0
26.0 104.0 0.0
26.0 106.0 5.4871632620832927E-5
26.0 108.0 0.00754068990889354
26.0 110.0 0.024163548119930725
26.0 112.0 0.03346235590764523
26.0 114.0 0.017723439910287003
26.0 116.0 0.0
26.0 118.0 0.0
26.0 120.0 0.0
26.0 122.0 0.0
26.0 124.0 0.0
26.0 126.0 0.0
28.0 0.0 0.0
28.0 2.0 0.0
28.0 4.0 0.0
28.0 6.0 0.0
28.0 8.0 0.0
28.0 10.0 0.0
28.0 12.0 9.141189252049152E-4
28.0 14.0 0.0
28.0 16.0 0.0
28.0 18.0 0.005468926800538919
28.0 20.0 0.10483835462097772
28.0 22.0 0.22497499899323595
28.0 24.0 0.3221268892354663
28.0 26.0 0.39326582928268844
28.0 28.0 0.43082942481018555
28.0 30.0 0.43265655859981306
28.0 32.0 0.39028833059861606
28.0 34.0 0.29435008599257034
28.0 36.0 0.1331060956043948
28.0 38.0 0.01104350646715021
28.0 40.0 0.0
28.0 42.0 0.0
28.0 44.0 0.0
28.0 46.0 0.0
28.0 48.0 0.0
28.0 50.0 0.0
28.0 52.0 0.0
28.0 54.0 0.0
28.0 56.0 0.0
28.0 58.0 0.0
28.0 60.0 0.006870885002830919
28.0 62.0 0.09606208677985979
28.0 64.0 0.20866123850824111
28.0 66.0 0.2343526049090103
28.0 68.0 0.2571316481230455
28.0 70.0 0.2621789769689153
28.0 72.0 0.2843560501804477
28.0 74.0 0.1860171841534023
28.0 76.0 0.05559871434332076
28.0 78.0 0.0
28.0 80.0 0.0
28.0 82.0 0.0
28.0 84.0 0.0
28.0 86.0 0.0
28.0 88.0 0.0
28.0 90.0 0.0
28.0 92.0 0.0
28.0 94.0 0.0
28.0 96.0 0.0
28.0 98.0 0.0
28.0 100.0 0.0
28.0 102.0 0.0
28.0 104.0 0.0
28.0 106.0 0.0
28.0 108.0 0.0036162565822223103
28.0 110.0 0.02982811481920089
28.0 112.0 0.03993726013895437
28.0 114.0 0.03480979739566507
28.0 116.0 0.030512763197692746
28.0 118.0 0.0
28.0 120.0 0.0
28.0 122.0 0.0
28.0 124.0 0.0
28.0 126.0 0.0
30.0 0.0 0.0
30.0 2.0 0.0
30.0 4.0 0.0
30.0 6.0 0.0
30.0 8.0 0.0
30.0 10.0 0.0034414698588498536
30.0 12.0 0.0
30.0 14.0 0.0
30.0 16.0 0.0
30.0 18.0 0.026843777167229934
30.0 20.0 0.1579284791665562
30.0 22.0 0.26074438016762785
30.0 24.0 0.33881043053906496
30.0 26.0 0.39670279498341227
30.0 28.0 0.4324941827611038
30.0 30.0 0.43435436656412096
30.0 32.0 0.39674939230622114
30.0 34.0 0.31133378983170307
30.0 36.0 0.16328215301501034
30.0 38.0 0.0214750812613842
30.0 40.0 0.0
30.0 42.0 0.0
30.0 44.0 0.0
30.0 46.0 0.0
30.0 48.0 0.0
30.0 50.0 0.0
30.0 52.0 0.0
30.0 54.0 0.0
30.0 56.0 0.0
30.0 58.0 0.0
30.0 60.0 0.0
30.0 62.0 6.469148581622401E-5
30.0 64.0 0.05794229777803563
30.0 66.0 0.1328339501646906
30.0 68.0 0.17526842861714145
30.0 70.0 0.1803036483935343
30.0 72.0 0.17267297890999897
30.0 74.0 0.12082266908721163
30.0 76.0 0.030745032959027238
30.0 78.0 0.0
30.0 80.0 0.0
30.0 82.0 0.0
30.0 84.0 0.0
30.0 86.0 0.0
30.0 88.0 0.0
30.0 90.0 0.0
30.0 92.0 0.0
30.0 94.0 0.0
30.0 96.0 0.0
30.0 98.0 0.0
30.0 100.0 0.0
30.0 102.0 0.0
30.0 104.0 0.0
30.0 106.0 0.0
30.0 108.0 0.0016128535904272358
30.0 110.0 0.024902436580699027
30.0 112.0 0.04875139489459767
30.0 114.0 0.05216244889104496
30.0 116.0 0.06854989775821331
30.0 118.0 0.0
30.0 120.0 0.0
30.0 122.0 0.0
30.0 124.0 0.0
30.0 126.0 0.0
32.0 0.0 0.0
32.0 2.0 0.0
32.0 4.0 0.0
32.0 6.0 0.0
32.0 8.0 0.0
32.0 10.0 0.009581907127771969
32.0 12.0 0.0
32.0 14.0 0.0
32.0 16.0 1.9630542617778967E-4
32.0 18.0 0.040054370603555975
32.0 20.0 0.15634799300845803
32.0 22.0 0.2444377608409909
32.0 24.0 0.31599788246928956
32.0 26.0 0.3747077282338509
32.0 28.0 0.41027655837563864
32.0 30.0 0.41731469278355543
32.0 32.0 0.38944671281900356
32.0 34.0 0.31123747665575735
32.0 36.0 0.17833649695433176
32.0 38.0 0.0445331662265088
32.0 40.0 3.6841351677746777E-4
32.0 42.0 0.0
32.0 44.0 0.0
32.0 46.0 0.0
32.0 48.0 0.0
32.0 50.0 0.0
32.0 52.0 0.0
32.0 54.0 0.0
32.0 56.0 0.0
32.0 58.0 0.0
32.0 60.0 0.0
32.0 62.0 0.0
32.0 64.0 0.0
32.0 66.0 0.006939630202473038
32.0 68.0 0.055173465205139105
32.0 70.0 0.08910401268462637
32.0 72.0 0.08410130542644774
32.0 74.0 0.07034962170254627
32.0 76.0 0.043071239044061065
32.0 78.0 0.006134077911324088
32.0 80.0 0.0
32.0 82.0 0.0
32.0 84.0 0.0
32.0 86.0 0.0
32.0 88.0 0.0
32.0 90.0 0.0
32.0 92.0 0.0
32.0 94.0 0.0
32.0 96.0 4.051647108102891E-4
32.0 98.0 2.99052494830425E-4
32.0 100.0 0.0
32.0 102.0 0.0
32.0 104.0 0.0
32.0 106.0 0.0
32.0 108.0 0.006523427817157211
32.0 110.0 0.03598268947089634
32.0 112.0 0.05260548429418136
32.0 114.0 0.060895403348891895
32.0 116.0 0.07762668048230888
32.0 118.0 0.08188823882820241
32.0 120.0 0.0
32.0 122.0 0.0
32.0 124.0 0.0
32.0 126.0 0.0
34.0 0.0 0.0
34.0 2.0 0.0
34.0 4.0 0.0
34.0 6.0 0.0
34.0 8.0 0.008824210757071333
34.0 10.0 0.0
34.0 12.0 0.0
34.0 14.0 0.0
34.0 16.0 0.004258864225035784
34.0 18.0 0.050866494822786774
34.0 20.0 0.12067637144752719
34.0 22.0 0.19838730881626065
34.0 24.0 0.2682351943699151
34.0 26.0 0.3212978644038527
34.0 28.0 0.3532816415076543
34.0 30.0 0.3765845676993956
34.0 32.0 0.37927848221813476
34.0 34.0 0.3016049220898318
34.0 36.0 0.1806009920357974
34.0 38.0 0.08562238303954402
34.0 40.0 0.030410350274119573
34.0 42.0 0.0
34.0 44.0 0.0
34.0 46.0 0.0
34.0 48.0 0.0
34.0 50.0 0.0
34.0 52.0 0.0
34.0 54.0 0.0
34.0 56.0 0.0
34.0 58.0 0.0
34.0 60.0 0.0
34.0 62.0 0.0
34.0 64.0 0.0
34.0 66.0 0.0
34.0 68.0 0.0012843427147878458
34.0 70.0 0.015234072692582507
34.0 72.0 0.02933397286899477
34.0 74.0 0.030089660051391683
34.0 76.0 0.029476016940595328
34.0 78.0 0.01859080503833648
34.0 80.0 0.006293205663994484
34.0 82.0 7.040227611214534E-4
34.0 84.0 0.0
34.0 86.0 0.0
34.0 88.0 0.0
34.0 90.0 0.0010663496573833564
34.0 92.0 0.007167271150829904
34.0 94.0 0.015864431634015092
34.0 96.0 0.012595957702076695
34.0 98.0 0.0020222369756516716
34.0 100.0 0.0
34.0 102.0 0.0
34.0 104.0 0.0
34.0 106.0 0.002995994060046038
34.0 108.0 0.01633436606458014
34.0 110.0 0.03818069532519346
34.0 112.0 0.044978712431623324
34.0 114.0 0.0563140175054597
34.0 116.0 0.06655987524813196
34.0 118.0 0.0770321252793796
34.0 120.0 0.0
34.0 122.0 0.0
34.0 124.0 0.0
34.0 126.0 0.0
36.0 0.0 0.0
36.0 2.0 0.0
36.0 4.0 0.0
36.0 6.0 0.0
36.0 8.0 0.008717560310004825
36.0 10.0 0.0
36.0 12.0 0.0
36.0 14.0 0.0
36.0 16.0 0.0030394570886691156
36.0 18.0 0.030422585346607984
36.0 20.0 0.09152007402729889
36.0 22.0 0.17258584068981778
36.0 24.0 0.2323804465648738
36.0 26.0 0.283467791062983
36.0 28.0 0.3247784167979757
36.0 30.0 0.39415827640269324
36.0 32.0 0.35904655666245505
36.0 34.0 0.2798214554068385
36.0 36.0 0.16357107313591743
36.0 38.0 0.09788667461910548
36.0 40.0 0.03906656323094962
36.0 42.0 2.3129716274506993E-4
36.0 44.0 0.0
36.0 46.0 0.0
36.0 48.0 0.0
36.0 50.0 0.0
36.0 52.0 0.0
36.0 54.0 0.0
36.0 56.0 0.0
36.0 58.0 0.0
36.0 60.0 0.0
36.0 62.0 0.0
36.0 64.0 0.0
36.0 66.0 0.0
36.0 68.0 0.0
36.0 70.0 0.0
36.0 72.0 7.905902646773309E-5
36.0 74.0 0.00457354733407379
36.0 76.0 0.013565945495149308
36.0 78.0 0.02011124405368045
36.0 80.0 0.020221949795944136
36.0 82.0 0.016148393181138584
36.0 84.0 0.014179961356409256
36.0 86.0 0.013186004219051459
36.0 88.0 0.008988740632544448
36.0 90.0 0.01725725173089673
36.0 92.0 0.036600352879462346
36.0 94.0 0.05588158835507686
36.0 96.0 0.04335056589527573
36.0 98.0 0.007269560485826218
36.0 100.0 0.0
36.0 102.0 0.0
36.0 104.0 0.0038560452044636728
36.0 106.0 0.01277983562436178
36.0 108.0 0.025370527703588757
36.0 110.0 0.03324574284515197
36.0 112.0 0.03199281306830946
36.0 114.0 0.03134485382096378
36.0 116.0 0.0325464910658187
36.0 118.0 0.03374982177452598
36.0 120.0 0.019430455494721745
36.0 122.0 0.0
36.0 124.0 0.0
36.0 126.0 0.0
38.0 0.0 0.0
38.0 2.0 0.0
38.0 4.0 0.0
38.0 6.0 0.0019262608164563363
38.0 8.0 0.0
38.0 10.0 0.0
38.0 12.0 0.0
38.0 14.0 0.0
38.0 16.0 0.007082381303604483
38.0 18.0 0.024171466464085082
38.0 20.0 0.060659826047813746
38.0 22.0 0.13696367420174307
38.0 24.0 0.19393681681334066
38.0 26.0 0.25034669436436313
38.0 28.0 0.2935044940348458
38.0 30.0 0.35954489797267253
38.0 32.0 0.3225175274921239
38.0 34.0 0.24498684053927208
38.0 36.0 0.13991346178437983
38.0 38.0 0.08295401431143883
38.0 40.0 0.0355223149626437
38.0 42.0 2.515934971857471E-4
38.0 44.0 0.0
38.0 46.0 0.0
38.0 48.0 0.0
38.0 50.0 0.0
38.0 52.0 0.0
38.0 54.0 0.0
38.0 56.0 0.0
38.0 58.0 0.0
38.0 60.0 0.0
38.0 62.0 0.0
38.0 64.0 0.0
38.0 66.0 0.0
38.0 68.0 0.0
38.0 70.0 0.0
38.0 72.0 0.0
38.0 74.0 0.0
38.0 76.0 0.0039172794741256884
38.0 78.0 0.012885893260788697
38.0 80.0 0.020678739530441588
38.0 82.0 0.02709645275396842
38.0 84.0 0.032948654632428374
38.0 86.0 0.025912157850700626
38.0 88.0 0.035756708278145644
38.0 90.0 0.06304520900431754
38.0 92.0 0.10148291879331854
38.0 94.0 0.1193665462852277
38.0 96.0 0.09319564855786229
38.0 98.0 0.022237582787827833
38.0 100.0 0.0015895865285255677
38.0 102.0 0.005500617447248778
38.0 104.0 0.014970820571269907
38.0 106.0 0.019023216967816423
38.0 108.0 0.025495758611548236
38.0 110.0 0.020634581902267655
38.0 112.0 0.009934160025532568
38.0 114.0 0.00362078051762302
38.0 116.0 4.7526433657185994E-4
38.0 118.0 0.0
38.0 120.0 0.0
38.0 122.0 0.0
38.0 124.0 0.0
38.0 126.0 0.0
40.0 0.0 0.0
40.0 2.0 0.0
40.0 4.0 0.0
40.0 6.0 0.0
40.0 8.0 0.0
40.0 10.0 0.0
40.0 12.0 0.0
40.0 14.0 0.0
40.0 16.0 0.011187589090979501
40.0 18.0 0.01865801119467887
40.0 20.0 0.032217439591055705
40.0 22.0 0.07673399040732093
40.0 24.0 0.13598347766408928
40.0 26.0 0.20883267787565649
40.0 28.0 0.26085504106111385
40.0 30.0 0.3087272332914722
40.0 32.0 0.2701895084967862
40.0 34.0 0.19745588702554626
40.0 36.0 0.10074130313481773
40.0 38.0 0.035033670789226555
40.0 40.0 0.009595995467343504
40.0 42.0 0.0
40.0 44.0 0.0
40.0 46.0 0.0
40.0 48.0 0.0
40.0 50.0 0.0
40.0 52.0 0.0
40.0 54.0 0.0
40.0 56.0 0.0
40.0 58.0 0.0
40.0 60.0 0.0
40.0 62.0 0.0
40.0 64.0 0.0
40.0 66.0 0.0
40.0 68.0 0.0
40.0 70.0 0.0
40.0 72.0 0.0
40.0 74.0 0.0
40.0 76.0 6.668851632105534E-5
40.0 78.0 0.00380308373325944
40.0 80.0 0.01409012818326237
40.0 82.0 0.02644282752351942
40.0 84.0 0.03958360869634791
40.0 86.0 0.04736405148057215
40.0 88.0 0.08232728798991419
40.0 90.0 0.12297386830151123
40.0 92.0 0.17015770153039222
40.0 94.0 0.18939628794800958
40.0 96.0 0.17215942340233129
40.0 98.0 0.09196456018926351
40.0 100.0 0.009624356107402277
40.0 102.0 0.013622403626913188
40.0 104.0 0.02044991694714195
40.0 106.0 0.019335406417699343
40.0 108.0 0.012313130845115072
40.0 110.0 0.005358555570491139
40.0 112.0 1.0044535521919055E-4
40.0 114.0 0.0
40.0 116.0 0.0
40.0 118.0 0.0
40.0 120.0 0.0
40.0 122.0 0.0
40.0 124.0 0.0
40.0 126.0 0.0
42.0 0.0 0.0
42.0 2.0 0.0
42.0 4.0 0.0
42.0 6.0 0.0
42.0 8.0 0.0
42.0 10.0 0.0
42.0 12.0 0.0030785273039033926
42.0 14.0 0.0053879691203657714
42.0 16.0 0.0012418360293775749
42.0 18.0 0.0
42.0 20.0 0.0010922671988334658
42.0 22.0 0.028456891089643412
42.0 24.0 0.08574067447962698
42.0 26.0 0.1583436101235124
42.0 28.0 0.21043616468952472
42.0 30.0 0.23578996889320455
42.0 32.0 0.20125857485539156
42.0 34.0 0.13319280789461804
42.0 36.0 0.0479965096001747
42.0 38.0 0.004022182287451669
42.0 40.0 0.0
42.0 42.0 0.0
42.0 44.0 0.0
42.0 46.0 0.0
42.0 48.0 0.0
42.0 50.0 0.0
42.0 52.0 0.0
42.0 54.0 0.0
42.0 56.0 0.0
42.0 58.0 0.0
42.0 60.0 0.0
42.0 62.0 0.0
42.0 64.0 0.0
42.0 66.0 0.0
42.0 68.0 0.0
42.0 70.0 0.0
42.0 72.0 0.0
42.0 74.0 0.0
42.0 76.0 0.0
42.0 78.0 6.555152854129747E-4
42.0 80.0 0.0063406569260270095
42.0 82.0 0.020406532963303466
42.0 84.0 0.036770750888022265
42.0 86.0 0.07213816277436924
42.0 88.0 0.13394919228254004
42.0 90.0 0.19635796357148907
42.0 92.0 0.24475279485018867
42.0 94.0 0.26339785519846864
42.0 96.0 0.2628369340089816
42.0 98.0 0.21375505564978647
42.0 100.0 0.10816364960329235
42.0 102.0 0.026967710723166522
42.0 104.0 0.026818279327653637
42.0 106.0 0.006314251735127595
42.0 108.0 2.1825107331211325E-4
42.0 110.0 0.0
42.0 112.0 0.0
42.0 114.0 0.0
42.0 116.0 0.0
42.0 118.0 0.0
42.0 120.0 0.0
42.0 122.0 0.0
42.0 124.0 0.0
42.0 126.0 0.0
44.0 0.0 0.0
44.0 2.0 0.0
44.0 4.0 0.0
44.0 6.0 0.0
44.0 8.0 0.0
44.0 10.0 0.003380850562880122
44.0 12.0 0.020352279896015676
44.0 14.0 0.00447074943217638
44.0 16.0 0.0
44.0 18.0 0.0
44.0 20.0 0.0
44.0 22.0 0.0
44.0 24.0 0.03231099433429055
44.0 26.0 0.10602543617959763
44.0 28.0 0.15266449626202439
44.0 30.0 0.1497395083619495
44.0 32.0 0.11258129280342145
44.0 34.0 0.05315623185313145
44.0 36.0 5.053189613547932E-4
44.0 38.0 0.0
44.0 40.0 0.0
44.0 42.0 0.0
44.0 44.0 0.0
44.0 46.0 0.0
44.0 48.0 0.0
44.0 50.0 7.004284424422481E-4
44.0 52.0 0.004084824397072481
44.0 54.0 6.224524602016431E-4
44.0 56.0 2.528430705562242E-4
44.0 58.0 0.0
44.0 60.0 0.0
44.0 62.0 0.0
44.0 64.0 0.0
44.0 66.0 0.0
44.0 68.0 0.0
44.0 70.0 0.0
44.0 72.0 0.0
44.0 74.0 0.0
44.0 76.0 0.0
44.0 78.0 0.0
44.0 80.0 9.414416546564569E-4
44.0 82.0 0.009475963364272933
44.0 84.0 0.0307691689960768
44.0 86.0 0.0855655365650579
44.0 88.0 0.18451907336110143
44.0 90.0 0.2798197739002791
44.0 92.0 0.33406403255367767
44.0 94.0 0.3640121000299155
44.0 96.0 0.3561386224196555
44.0 98.0 0.31662916368255223
44.0 100.0 0.23699947613121594
44.0 102.0 0.11876888599255991
44.0 104.0 0.021110265560326084
44.0 106.0 3.564528633869261E-4
44.0 108.0 0.0
44.0 110.0 0.0
44.0 112.0 0.0
44.0 114.0 0.0
44.0 116.0 0.0
44.0 118.0 0.0
44.0 120.0 0.0
44.0 122.0 0.0
44.0 124.0 0.0
44.0 126.0 0.0
46.0 0.0 0.0
46.0 2.0 0.0
46.0 4.0 0.0
46.0 6.0 0.0
46.0 8.0 0.0
46.0 10.0 0.03575156024703581
46.0 12.0 0.05692900272973795
46.0 14.0 0.006258895801934061
46.0 16.0 0.0
46.0 18.0 0.0
46.0 20.0 0.0
46.0 22.0 0.0
46.0 24.0 0.002121668210372711
46.0 26.0 0.04140660400144416
46.0 28.0 0.06725932878214676
46.0 30.0 0.042710994704325204
46.0 32.0 0.013384579525226254
46.0 34.0 0.0
46.0 36.0 0.0
46.0 38.0 0.0
46.0 40.0 0.0
46.0 42.0 0.0
46.0 44.0 0.0
46.0 46.0 0.0
46.0 48.0 0.0032713056363134897
46.0 50.0 0.026574403032211275
46.0 52.0 0.06045399210524518
46.0 54.0 0.07222798032438943
46.0 56.0 0.059715213511665775
46.0 58.0 0.01634721410165473
46.0 60.0 0.0
46.0 62.0 0.0
46.0 64.0 0.0
46.0 66.0 0.0
46.0 68.0 0.0
46.0 70.0 0.0
46.0 72.0 0.0
46.0 74.0 0.0
46.0 76.0 0.0
46.0 78.0 0.0
46.0 80.0 0.0
46.0 82.0 0.0032780310017782466
46.0 84.0 0.022397934413798618
46.0 86.0 0.09506638390501644
46.0 88.0 0.23814454092518966
46.0 90.0 0.36257515241093663
46.0 92.0 0.42355976781994387
46.0 94.0 0.40626661053110386
46.0 96.0 0.3966290360807967
46.0 98.0 0.368859717425289
46.0 100.0 0.33719223957975925
46.0 102.0 0.23081813905996731
46.0 104.0 0.08956187700860103
46.0 106.0 3.6897413160436125E-4
46.0 108.0 0.0
46.0 110.0 0.0
46.0 112.0 0.0
46.0 114.0 0.0
46.0 116.0 0.0
46.0 118.0 0.0
46.0 120.0 0.0
46.0 122.0 0.0
46.0 124.0 0.0
46.0 126.0 0.0
48.0 0.0 0.0
48.0 2.0 0.0
48.0 4.0 0.0
48.0 6.0 0.016469983368414827
48.0 8.0 0.09293202106954924
48.0 10.0 0.1611349831340649
48.0 12.0 0.10499928777819256
48.0 14.0 0.04051371182293616
48.0 16.0 0.0
48.0 18.0 0.0
48.0 20.0 0.0
48.0 22.0 0.0
48.0 24.0 0.0
48.0 26.0 0.0
48.0 28.0 0.0
48.0 30.0 0.0
48.0 32.0 0.0
48.0 34.0 0.0
48.0 36.0 0.0
48.0 38.0 0.0
48.0 40.0 0.0
48.0 42.0 0.0
48.0 44.0 0.0
48.0 46.0 0.002557140041926563
48.0 48.0 0.021380986722380185
48.0 50.0 0.07664063492271313
48.0 52.0 0.12886153127252717
48.0 54.0 0.1660168758937496
48.0 56.0 0.15843771681223653
48.0 58.0 0.10662912266563933
48.0 60.0 0.055457328648443945
48.0 62.0 0.008615332669198747
48.0 64.0 0.0
48.0 66.0 0.0
48.0 68.0 0.0
48.0 70.0 0.0
48.0 72.0 0.0
48.0 74.0 0.0
48.0 76.0 0.0
48.0 78.0 0.0
48.0 80.0 0.0
48.0 82.0 0.001175207519177294
48.0 84.0 0.019427989132861187
48.0 86.0 0.11158702690976681
48.0 88.0 0.2685135238813909
48.0 90.0 0.3975181120996713
48.0 92.0 0.4573056636260395
48.0 94.0 0.4280906597016747
48.0 96.0 0.4137046885181564
48.0 98.0 0.3953452577711843
48.0 100.0 0.41242683024276056
48.0 102.0 0.324806442288658
48.0 104.0 0.17451527159817695
48.0 106.0 0.03700110701580648
48.0 108.0 0.0
48.0 110.0 0.0
48.0 112.0 0.0
48.0 114.0 0.0
48.0 116.0 0.0
48.0 118.0 0.0
48.0 120.0 0.0
48.0 122.0 0.0
48.0 124.0 0.0
48.0 126.0 0.0
50.0 0.0 0.0
50.0 2.0 0.0
50.0 4.0 0.030701405734065875
50.0 6.0 0.12678148736682748
50.0 8.0 0.1966332561014591
50.0 10.0 0.25204460246016486
50.0 12.0 0.18165095657484576
50.0 14.0 0.09994668887672988
50.0 16.0 0.010474254749755461
50.0 18.0 0.0
50.0 20.0 0.0
50.0 22.0 0.0
50.0 24.0 0.0
50.0 26.0 0.0
50.0 28.0 0.0
50.0 30.0 0.0
50.0 32.0 0.0
50.0 34.0 0.0
50.0 36.0 0.0
50.0 38.0 0.0
50.0 40.0 0.0
50.0 42.0 0.0
50.0 44.0 0.0
50.0 46.0 0.009351652336826548
50.0 48.0 0.054878913731492805
50.0 50.0 0.1194914516331514
50.0 52.0 0.2046130192555418
50.0 54.0 0.27040873533711474
50.0 56.0 0.27446790325311626
50.0 58.0 0.21232127808969914
50.0 60.0 0.12444375276134927
50.0 62.0 0.0724086285340677
50.0 64.0 0.015147764727641006
50.0 66.0 0.0
50.0 68.0 0.0
50.0 70.0 0.0
50.0 72.0 0.0
50.0 74.0 0.0
50.0 76.0 0.0
50.0 78.0 0.0
50.0 80.0 0.0
50.0 82.0 0.0
50.0 84.0 0.016318339178428388
50.0 86.0 0.1090836358343768
50.0 88.0 0.2795859774142029
50.0 90.0 0.4178244901003009
50.0 92.0 0.45304980470341794
50.0 94.0 0.4343882749946504
50.0 96.0 0.4516588864382591
50.0 98.0 0.4390046311641774
50.0 100.0 0.39431653718983267
50.0 102.0 0.36229863378527133
50.0 104.0 0.24510082999201144
50.0 106.0 0.09257047348044052
50.0 108.0 0.003508191534665119
50.0 110.0 0.0
50.0 112.0 0.0
50.0 114.0 0.0
50.0 116.0 0.0
50.0 118.0 0.0
50.0 120.0 0.0
50.0 122.0 0.0
50.0 124.0 0.0
50.0 126.0 0.0
52.0 0.0 0.0
52.0 2.0 0.0
52.0 4.0 0.17931777993813294
52.0 6.0 0.2642475371652147
52.0 8.0 0.29635296946670203
52.0 10.0 0.28757298725424313
52.0 12.0 0.21534850926647886
52.0 14.0 0.11004757526854082
52.0 16.0 0.019454061185968433
52.0 18.0 0.0
52.0 20.0 0.0
52.0 22.0 0.0
52.0 24.0 0.0
52.0 26.0 0.0
52.0 28.0 0.0
52.0 30.0 0.0
52.0 32.0 0.0
52.0 34.0 0.0
52.0 36.0 0.0
52.0 38.0 0.0
52.0 40.0 0.0
52.0 42.0 0.0
52.0 44.0 0.002281813534900443
52.0 46.0 0.01914701016143966
52.0 48.0 0.07791349013682582
52.0 50.0 0.16692518073852428
52.0 52.0 0.2912112061326676
52.0 54.0 0.3818096053758257
52.0 56.0 0.395437443355761
52.0 58.0 0.3354003080760082
52.0 60.0 0.20336710375127867
52.0 62.0 0.13108676173151657
52.0 64.0 0.06136121667969627
52.0 66.0 0.004448729180969858
52.0 68.0 0.0
52.0 70.0 0.0
52.0 72.0 0.0
52.0 74.0 0.0
52.0 76.0 0.0
52.0 78.0 0.0
52.0 80.0 0.0
52.0 82.0 0.0
52.0 84.0 0.008491601453225292
52.0 86.0 0.08203847911070634
52.0 88.0 0.250652346662603
52.0 90.0 0.39753670634161214
52.0 92.0 0.43746399756481275
52.0 94.0 0.42375630843251616
52.0 96.0 0.4464910863855895
52.0 98.0 0.44054098078391374
52.0 100.0 0.40448858044595
52.0 102.0 0.35471278963774117
52.0 104.0 0.3049796329043856
52.0 106.0 0.14206471074014113
52.0 108.0 0.0230321724426229
52.0 110.0 0.0
52.0 112.0 0.0
52.0 114.0 0.0
52.0 116.0 0.0
52.0 118.0 0.0
52.0 120.0 0.0
52.0 122.0 0.0
52.0 124.0 0.0
52.0 126.0 0.0
54.0 0.0 0.0
54.0 2.0 0.03531826279609083
54.0 4.0 0.31917624272865625
54.0 6.0 0.3979438152013211
54.0 8.0 0.40783066918508304
54.0 10.0 0.32430194617479274
54.0 12.0 0.21361102604196128
54.0 14.0 0.09722310325941415
54.0 16.0 0.0085132339740968
54.0 18.0 0.0
54.0 20.0 0.0
54.0 22.0 0.0
54.0 24.0 0.0
54.0 26.0 0.0
54.0 28.0 0.0
54.0 30.0 0.0
54.0 32.0 0.0
54.0 34.0 0.0
54.0 36.0 0.0
54.0 38.0 0.0
54.0 40.0 0.0
54.0 42.0 0.0
54.0 44.0 0.004010557545829194
54.0 46.0 0.03204509587941965
54.0 48.0 0.09093373898132275
54.0 50.0 0.21433374004985806
54.0 52.0 0.37594318601973664
54.0 54.0 0.4746482767408245
54.0 56.0 0.4920251499820858
54.0 58.0 0.4359430922790039
54.0 60.0 0.28336231355283975
54.0 62.0 0.19448301108190236
54.0 64.0 0.10439624906198125
54.0 66.0 0.019645632013080155
54.0 68.0 0.0
54.0 70.0 0.0
54.0 72.0 0.0
54.0 74.0 0.0
54.0 76.0 0.0
54.0 78.0 0.0
54.0 80.0 0.0
54.0 82.0 0.0
54.0 84.0 0.0022532795097979018
54.0 86.0 0.039844316461086694
54.0 88.0 0.1982608773059065
54.0 90.0 0.34716208803823756
54.0 92.0 0.4096239088015928
54.0 94.0 0.4050991249985274
54.0 96.0 0.4340267325324252
54.0 98.0 0.4346403136463015
54.0 100.0 0.4062974123477224
54.0 102.0 0.3562749689585942
54.0 104.0 0.31678638393773806
54.0 106.0 0.16942572189878732
54.0 108.0 0.04719380108923595
54.0 110.0 0.0
54.0 112.0 0.0
54.0 114.0 0.0
54.0 116.0 0.0
54.0 118.0 0.0
54.0 120.0 0.0
54.0 122.0 0.0
54.0 124.0 0.0
54.0 126.0 0.0
56.0 0.0 0.0
56.0 2.0 0.26855608772177153
56.0 4.0 0.4962036376548861
56.0 6.0 0.475674752479788
56.0 8.0 0.43959029809290406
56.0 10.0 0.3351710698240331
56.0 12.0 0.209571126009483
56.0 14.0 0.08727323337828334
56.0 16.0 0.0034148753194201014
56.0 18.0 0.0
56.0 20.0 0.0
56.0 22.0 0.0
56.0 24.0 0.0
56.0 26.0 0.0
56.0 28.0 0.0
56.0 30.0 0.0
56.0 32.0 0.0
56.0 34.0 0.0
56.0 36.0 0.0
56.0 38.0 0.0
56.0 40.0 0.0
56.0 42.0 0.0
56.0 44.0 0.005593486035563089
56.0 46.0 0.04213355768358173
56.0 48.0 0.11586113386798308
56.0 50.0 0.2638227513538425
56.0 52.0 0.43259496590116386
56.0 54.0 0.526377944752188
56.0 56.0 0.5421344922152923
56.0 58.0 0.5033877391339067
56.0 60.0 0.3580644924818619
56.0 62.0 0.25471023831781886
56.0 64.0 0.15045841671496948
56.0 66.0 0.041002100937649395
56.0 68.0 0.0
56.0 70.0 0.0
56.0 72.0 0.0
56.0 74.0 0.0
56.0 76.0 0.0
56.0 78.0 0.0
56.0 80.0 0.0
56.0 82.0 0.0
56.0 84.0 0.0
56.0 86.0 0.017001781947763018
56.0 88.0 0.13414784780259303
56.0 90.0 0.28126269331507964
56.0 92.0 0.38479344097272405
56.0 94.0 0.4162418007878664
56.0 96.0 0.41140311342882757
56.0 98.0 0.4195067432122601
56.0 100.0 0.3977215253036404
56.0 102.0 0.3512837536256807
56.0 104.0 0.2827348746658351
56.0 106.0 0.20835026947306745
56.0 108.0 0.053169263277556354
56.0 110.0 0.0
56.0 112.0 0.0
56.0 114.0 0.0
56.0 116.0 0.0
56.0 118.0 0.0
56.0 120.0 0.0
56.0 122.0 0.0
56.0 124.0 0.0
56.0 126.0 0.0
58.0 0.0 0.0
58.0 2.0 0.36389900017213556
58.0 4.0 0.5467419646731115
58.0 6.0 0.5337851557176791
58.0 8.0 0.44818977354990525
58.0 10.0 0.3226028595782983
58.0 12.0 0.18527675289732226
58.0 14.0 0.07296010670743479
58.0 16.0 0.0
58.0 18.0 0.0
58.0 20.0 0.0
58.0 22.0 0.0
58.0 24.0 0.0
58.0 26.0 0.0
58.0 28.0 0.0
58.0 30.0 0.0
58.0 32.0 0.0
58.0 34.0 0.0
58.0 36.0 0.0
58.0 38.0 0.0
58.0 40.0 0.0
58.0 42.0 0.0
58.0 44.0 0.008591689173357083
58.0 46.0 0.05502803796468305
58.0 48.0 0.14488798827154903
58.0 50.0 0.3057790267525712
58.0 52.0 0.4521324155187172
58.0 54.0 0.537981302768887
58.0 56.0 0.5562930470391968
58.0 58.0 0.5277418217772072
58.0 60.0 0.4641678193715375
58.0 62.0 0.31100504612973473
58.0 64.0 0.19084046675623104
58.0 66.0 0.06434875549399614
58.0 68.0 0.0
58.0 70.0 0.0
58.0 72.0 0.0
58.0 74.0 0.0
58.0 76.0 0.0
58.0 78.0 0.0
58.0 80.0 0.0
58.0 82.0 0.0
58.0 84.0 0.0
58.0 86.0 0.0
58.0 88.0 0.05060863195845383
58.0 90.0 0.20001252162407415
58.0 92.0 0.3094976569216304
58.0 94.0 0.37783942878057863
58.0 96.0 0.4137107930327379
58.0 98.0 0.4246250725108202
58.0 100.0 0.4094040342096846
58.0 102.0 0.36157773747205896
58.0 104.0 0.28399405895681634
58.0 106.0 0.2021334436219695
58.0 108.0 0.05332482029714795
58.0 110.0 0.0
58.0 112.0 0.0
58.0 114.0 0.0
58.0 116.0 0.0
58.0 118.0 0.0
58.0 120.0 0.0
58.0 122.0 0.0
58.0 124.0 0.0
58.0 126.0 0.0
60.0 0.0 0.0
60.0 2.0 0.40986356167821936
60.0 4.0 0.5576050139878065
60.0 6.0 0.5216977531723418
60.0 8.0 0.4437823393886438
60.0 10.0 0.2921193522330314
60.0 12.0 0.15309037613352824
60.0 14.0 0.049562877933317144
60.0 16.0 0.0
60.0 18.0 0.0
60.0 20.0 0.0
60.0 22.0 0.0
60.0 24.0 0.0
60.0 26.0 0.0
60.0 28.0 0.0
60.0 30.0 0.0
60.0 32.0 0.0
60.0 34.0 0.0
60.0 36.0 0.0
60.0 38.0 0.0
60.0 40.0 0.0
60.0 42.0 5.8973153447570865E-6
60.0 44.0 0.010256895008558585
60.0 46.0 0.06975533299147064
60.0 48.0 0.17461934402069265
60.0 50.0 0.3290608926057463
60.0 52.0 0.45687263728094624
60.0 54.0 0.5312633215608521
60.0 56.0 0.552190475866816
60.0 58.0 0.5339284360993254
60.0 60.0 0.4809668558269733
60.0 62.0 0.37407694532511454
60.0 64.0 0.21674073990118758
60.0 66.0 0.08710218732247292
60.0 68.0 8.498243960304812E-5
60.0 70.0 0.0
60.0 72.0 0.0
60.0 74.0 0.0
60.0 76.0 0.0
60.0 78.0 0.0
60.0 80.0 0.0
60.0 82.0 0.0
60.0 84.0 0.0
60.0 86.0 0.0
60.0 88.0 0.009372080821372454
60.0 90.0 0.11518557752595782
60.0 92.0 0.22457687361081938
60.0 94.0 0.3024936044595096
60.0 96.0 0.3516131768192574
60.0 98.0 0.37906448877072046
60.0 100.0 0.386244934383289
60.0 102.0 0.3481095664486958
60.0 104.0 0.27427215978758085
60.0 106.0 0.17014411832972867
60.0 108.0 0.06393025107786529
60.0 110.0 0.0
60.0 112.0 0.0
60.0 114.0 0.0
60.0 116.0 0.0
60.0 118.0 0.0
60.0 120.0 0.0
60.0 122.0 0.0
60.0 124.0 0.0
60.0 126.0 0.0
62.0 0.0 0.0
62.0 2.0 0.4512467379430669
62.0 4.0 0.5559544849665691
62.0 6.0 0.49490071739986613
62.0 8.0 0.4027663468226111
62.0 10.0 0.249781432857154
62.0 12.0 0.11701519046965086
62.0 14.0 0.02314025825639317
62.0 16.0 0.0
62.0 18.0 0.0
62.0 20.0 0.0
62.0 22.0 0.0
62.0 24.0 0.0
62.0 26.0 0.0
62.0 28.0 0.0
62.0 30.0 0.0
62.0 32.0 0.0
62.0 34.0 0.0
62.0 36.0 0.0
62.0 38.0 0.0
62.0 40.0 0.0
62.0 42.0 0.0
62.0 44.0 0.008942030062801939
62.0 46.0 0.06619927023313887
62.0 48.0 0.18495032068848682
62.0 50.0 0.33668345171745045
62.0 52.0 0.4442768784000835
62.0 54.0 0.5119161585806621
62.0 56.0 0.5380712447090663
62.0 58.0 0.5279131446991062
62.0 60.0 0.4802686047090124
62.0 62.0 0.3826370647165096
62.0 64.0 0.2326576053268055
62.0 66.0 0.0973178725607592
62.0 68.0 0.004165479023749098
62.0 70.0 0.0
62.0 72.0 0.0
62.0 74.0 0.0
62.0 76.0 0.0
62.0 78.0 0.0
62.0 80.0 0.0
62.0 82.0 0.0
62.0 84.0 0.0
62.0 86.0 0.0
62.0 88.0 0.0
62.0 90.0 0.04455350140129966
62.0 92.0 0.13996748810796933
62.0 94.0 0.21836374917634227
62.0 96.0 0.2806862679634933
62.0 98.0 0.3241912885591926
62.0 100.0 0.341044423364685
62.0 102.0 0.32065855959721873
62.0 104.0 0.2526634742959996
62.0 106.0 0.15237975008723517
62.0 108.0 0.05246445843499465
62.0 110.0 0.0
62.0 112.0 0.0
62.0 114.0 0.0
62.0 116.0 0.0
62.0 118.0 0.0
62.0 120.0 0.0
62.0 122.0 0.0
62.0 124.0 0.0
62.0 126.0 0.0
64.0 0.0 0.0
64.0 2.0 0.4783872499235781
64.0 4.0 0.557130284420399
64.0 6.0 0.4720676439789658
64.0 8.0 0.3554977351899173
64.0 10.0 0.1994188726667081
64.0 12.0 0.07885403037718113
64.0 14.0 9.155764312195443E-4
64.0 16.0 0.0
64.0 18.0 0.0
64.0 20.0 0.0
64.0 22.0 0.0
64.0 24.0 0.0
64.0 26.0 0.0
64.0 28.0 0.0
64.0 30.0 0.0
64.0 32.0 0.0
64.0 34.0 0.0
64.0 36.0 0.0
64.0 38.0 0.0
64.0 40.0 0.0
64.0 42.0 0.0
64.0 44.0 0.009319638062254445
64.0 46.0 0.07105619882351513
64.0 48.0 0.19243074196842072
64.0 50.0 0.31632001625721656
64.0 52.0 0.41893902517489795
64.0 54.0 0.4856841640758611
64.0 56.0 0.5154761672855939
64.0 58.0 0.5093929803323719
64.0 60.0 0.46535526814655553
64.0 62.0 0.3753027297526042
64.0 64.0 0.2386567411478466
64.0 66.0 0.10304535709937866
64.0 68.0 0.011183467488458804
64.0 70.0 0.0
64.0 72.0 0.0
64.0 74.0 0.0
64.0 76.0 0.0
64.0 78.0 0.0
64.0 80.0 0.0
64.0 82.0 0.0
64.0 84.0 0.0
64.0 86.0 0.0
64.0 88.0 0.0
64.0 90.0 9.37137839480415E-4
64.0 92.0 0.04704652026703635
64.0 94.0 0.13345440642980178
64.0 96.0 0.20369708049759958
64.0 98.0 0.2599010157707224
64.0 100.0 0.2882490076954673
64.0 102.0 0.2736456397532747
64.0 104.0 0.2191393994586673
64.0 106.0 0.13193802612768632
64.0 108.0 0.03617597036095092
64.0 110.0 0.0
64.0 112.0 0.0
64.0 114.0 0.0
64.0 116.0 0.0
64.0 118.0 0.0
64.0 120.0 0.0
64.0 122.0 0.0
64.0 124.0 0.0
64.0 126.0 0.0
66.0 0.0 0.0
66.0 2.0 0.49822363030027167
66.0 4.0 0.5101782158221726
66.0 6.0 0.40844477057953243
66.0 8.0 0.2907341716464817
66.0 10.0 0.14877167730018243
66.0 12.0 0.03790312834278969
66.0 14.0 0.0
66.0 16.0 0.0
66.0 18.0 0.0
66.0 20.0 0.0
66.0 22.0 0.0
66.0 24.0 0.0
66.0 26.0 0.0
66.0 28.0 0.0
66.0 30.0 0.0
66.0 32.0 0.0
66.0 34.0 0.0
66.0 36.0 0.0
66.0 38.0 0.0
66.0 40.0 0.0
66.0 42.0 0.0015967167440207976
66.0 44.0 0.017728980856257175
66.0 46.0 0.08835343483956672
66.0 48.0 0.19708659505797307
66.0 50.0 0.306054993375057
66.0 52.0 0.3972758930508767
66.0 54.0 0.4614817559827736
66.0 56.0 0.4915840501994511
66.0 58.0 0.48622534262496137
66.0 60.0 0.4430631436715622
66.0 62.0 0.3563258228099005
66.0 64.0 0.22359353959312392
66.0 66.0 0.10171227761325624
66.0 68.0 0.015977002185114837
66.0 70.0 0.0
66.0 72.0 0.0
66.0 74.0 0.0
66.0 76.0 0.0
66.0 78.0 0.0
66.0 80.0 0.0
66.0 82.0 0.0
66.0 84.0 0.0
66.0 86.0 0.0
66.0 88.0 0.0
66.0 90.0 0.0
66.0 92.0 0.0034645148187508064
66.0 94.0 0.05226423786678653
66.0 96.0 0.12743194977217995
66.0 98.0 0.1881885476211771
66.0 100.0 0.2300990027254564
66.0 102.0 0.22902888491314974
66.0 104.0 0.18364836044792987
66.0 106.0 0.10690306041780011
66.0 108.0 0.028646088623228778
66.0 110.0 0.0
66.0 112.0 0.0
66.0 114.0 0.0
66.0 116.0 0.0
66.0 118.0 0.0
66.0 120.0 0.0
66.0 122.0 0.0
66.0 124.0 0.0
66.0 126.0 0.0
68.0 0.0 0.0
68.0 2.0 0.4987661589849339
68.0 4.0 0.44226487874507314
68.0 6.0 0.33852022575205704
68.0 8.0 0.22875401872731593
68.0 10.0 0.10532720860841162
68.0 12.0 0.008608518848972395
68.0 14.0 0.0
68.0 16.0 0.0
68.0 18.0 0.0
68.0 20.0 0.0
68.0 22.0 0.0
68.0 24.0 0.0
68.0 26.0 0.0
68.0 28.0 0.0
68.0 30.0 0.0
68.0 32.0 0.0
68.0 34.0 5.6014058010042E-4
68.0 36.0 9.814870899206927E-4
68.0 38.0 8.694504938498634E-4
68.0 40.0 0.0
68.0 42.0 0.0012733840099596347
68.0 44.0 0.016491195831730837
68.0 46.0 0.08177558478639606
68.0 48.0 0.18477629082251545
68.0 50.0 0.28473255141366527
68.0 52.0 0.36996026083321487
68.0 54.0 0.4325261756554781
68.0 56.0 0.4624858449319194
68.0 58.0 0.45668336252666797
68.0 60.0 0.4129669654138468
68.0 62.0 0.32692846491205474
68.0 64.0 0.19721819132652582
68.0 66.0 0.09078280421849905
68.0 68.0 0.014567661798219
68.0 70.0 0.0
68.0 72.0 0.0
68.0 74.0 0.0
68.0 76.0 0.0
68.0 78.0 0.0
68.0 80.0 0.0
68.0 82.0 0.0
68.0 84.0 0.0
68.0 86.0 0.0
68.0 88.0 0.0
68.0 90.0 0.0
68.0 92.0 0.0
68.0 94.0 0.00857210042212589
68.0 96.0 0.05618602288967803
68.0 98.0 0.11533892597815344
68.0 100.0 0.17301134332774556
68.0 102.0 0.17553552766180255
68.0 104.0 0.1454276821818699
68.0 106.0 0.08845555974703122
68.0 108.0 0.026620429049271376
68.0 110.0 3.399519547401107E-4
68.0 112.0 0.0
68.0 114.0 0.0
68.0 116.0 0.0
68.0 118.0 0.0
68.0 120.0 0.0
68.0 122.0 0.0
68.0 124.0 0.0
68.0 126.0 1.7079372668155318E-4
70.0 0.0 0.0
70.0 2.0 0.45749221320923894
70.0 4.0 0.35610676609302616
70.0 6.0 0.2648291658692727
70.0 8.0 0.17226532289482388
70.0 10.0 0.07158471732526615
70.0 12.0 0.0015493512869798323
70.0 14.0 0.0
70.0 16.0 0.0
70.0 18.0 0.0
70.0 20.0 0.0
70.0 22.0 0.0
70.0 24.0 0.0
70.0 26.0 0.0
70.0 28.0 0.0
70.0 30.0 0.0
70.0 32.0 0.001507144535420252
70.0 34.0 0.002363912296133653
70.0 36.0 0.0019190690340647684
70.0 38.0 6.927729469437034E-4
70.0 40.0 0.0
70.0 42.0 0.00195175401254573
70.0 44.0 0.015309426858995638
70.0 46.0 0.07006346406384503
70.0 48.0 0.16206823444926036
70.0 50.0 0.2584674000527078
70.0 52.0 0.3409730016468231
70.0 54.0 0.40277623631394205
70.0 56.0 0.43254683508691066
70.0 58.0 0.4259521924605523
70.0 60.0 0.3806661582100819
70.0 62.0 0.29290277099828427
70.0 64.0 0.16415268094949456
70.0 66.0 0.07250863796679875
70.0 68.0 0.008176103436706087
70.0 70.0 0.0
70.0 72.0 0.0
70.0 74.0 0.0
70.0 76.0 0.0
70.0 78.0 0.0
70.0 80.0 0.0
70.0 82.0 0.0
70.0 84.0 0.0
70.0 86.0 0.0
70.0 88.0 0.0
70.0 90.0 0.0
70.0 92.0 0.0
70.0 94.0 2.469442241409278E-4
70.0 96.0 0.012994238529881443
70.0 98.0 0.07039565899131182
70.0 100.0 0.1265773759487777
70.0 102.0 0.1448428608473449
70.0 104.0 0.11100516611652066
70.0 106.0 0.06394460560770521
70.0 108.0 0.03216373836865625
70.0 110.0 0.0038428655664674107
70.0 112.0 0.0
70.0 114.0 0.0
70.0 116.0 0.0
70.0 118.0 0.0
70.0 120.0 0.0
70.0 122.0 0.0
70.0 124.0 0.0
70.0 126.0 0.025823603943354267
72.0 0.0 0.0
72.0 2.0 0.3823670280845548
72.0 4.0 0.267811382093501
72.0 6.0 0.19248866369688541
72.0 8.0 0.12145957030202731
72.0 10.0 0.03252659207099308
72.0 12.0 0.0
72.0 14.0 0.0
72.0 16.0 0.0
72.0 18.0 0.0
72.0 20.0 0.0
72.0 22.0 0.0
72.0 24.0 0.0
72.0 26.0 0.0
72.0 28.0 0.0
72.0 30.0 0.002850177141865014
72.0 32.0 0.012757469146614702
72.0 34.0 0.013011092041060017
72.0 36.0 0.009695275447800767
72.0 38.0 0.0017774541023514656
72.0 40.0 0.0
72.0 42.0 0.0
72.0 44.0 0.007437090247621729
72.0 46.0 0.04278961350466067
72.0 48.0 0.1312420029310597
72.0 50.0 0.22774399963086875
72.0 52.0 0.31239416313838836
72.0 54.0 0.37243646620244136
72.0 56.0 0.40218081803891875
72.0 58.0 0.3943933801835032
72.0 60.0 0.3450234222100592
72.0 62.0 0.249996968619875
72.0 64.0 0.12729353095552595
72.0 66.0 0.04903074022378329
72.0 68.0 0.0
72.0 70.0 0.0
72.0 72.0 0.0
72.0 74.0 0.0
72.0 76.0 0.0
72.0 78.0 0.0
72.0 80.0 0.0
72.0 82.0 0.0
72.0 84.0 0.0
72.0 86.0 0.0
72.0 88.0 0.0
72.0 90.0 0.0
72.0 92.0 0.0
72.0 94.0 0.0
72.0 96.0 0.004715910010070584
72.0 98.0 0.043101560233299085
72.0 100.0 0.09851136596453547
72.0 102.0 0.11925732593298614
72.0 104.0 0.10817077899964389
72.0 106.0 0.07347549497315753
72.0 108.0 0.032619158568327276
72.0 110.0 0.008209628093027145
72.0 112.0 0.0013818944667739702
72.0 114.0 0.0
72.0 116.0 0.0
72.0 118.0 0.0
72.0 120.0 0.0
72.0 122.0 0.0
72.0 124.0 0.0
72.0 126.0 0.05547197027531749
74.0 0.0 0.0
74.0 2.0 0.27991990385640986
74.0 4.0 0.18681942671810073
74.0 6.0 0.12742285240962511
74.0 8.0 0.06305701627729716
74.0 10.0 0.009258239051463531
74.0 12.0 0.0
74.0 14.0 0.0
74.0 16.0 0.0
74.0 18.0 0.0
74.0 20.0 0.0
74.0 22.0 0.0
74.0 24.0 0.0
74.0 26.0 0.0
74.0 28.0 7.72973768928908E-4
74.0 30.0 0.008599686419123431
74.0 32.0 0.01326024346347005
74.0 34.0 0.012336006517164143
74.0 36.0 0.009570568116199081
74.0 38.0 0.0021208076098656135
74.0 40.0 0.0
74.0 42.0 0.0
74.0 44.0 9.343727882210242E-4
74.0 46.0 0.0176417678628157
74.0 48.0 0.08756191912334986
74.0 50.0 0.17866524553496024
74.0 52.0 0.2677379614084207
74.0 54.0 0.3406595609175907
74.0 56.0 0.37196191484647684
74.0 58.0 0.3594810140498738
74.0 60.0 0.3003989306790141
74.0 62.0 0.19313605668138453
74.0 64.0 0.08452349109895546
74.0 66.0 0.01743659364483817
74.0 68.0 0.0
74.0 70.0 0.0
74.0 72.0 0.0
74.0 74.0 0.0
74.0 76.0 0.0
74.0 78.0 0.0
74.0 80.0 0.0
74.0 82.0 0.0
74.0 84.0 0.0
74.0 86.0 0.0
74.0 88.0 0.0
74.0 90.0 0.0
74.0 92.0 0.0
74.0 94.0 0.0
74.0 96.0 0.007461209034583034
74.0 98.0 0.049123707459636366
74.0 100.0 0.0988249877775872
74.0 102.0 0.11469389137394505
74.0 104.0 0.10283277020795627
74.0 106.0 0.07005621810420118
74.0 108.0 0.0316308770125288
74.0 110.0 0.00988878488199097
74.0 112.0 0.00221472208864227
74.0 114.0 1.7639997135922487E-4
74.0 116.0 0.0
74.0 118.0 0.0
74.0 120.0 0.0
74.0 122.0 0.001055963959113218
74.0 124.0 0.011571125156576767
74.0 126.0 0.09260659769644998
76.0 0.0 0.0
76.0 2.0 0.15620034793379725
76.0 4.0 0.10808262930828078
76.0 6.0 0.0511885572534099
76.0 8.0 0.009008759057417092
76.0 10.0 0.0
76.0 12.0 0.0
76.0 14.0 0.0
76.0 16.0 0.0
76.0 18.0 0.0
76.0 20.0 0.0
76.0 22.0 0.0
76.0 24.0 0.0
76.0 26.0 0.0044365437434051485
76.0 28.0 0.012466059677962174
76.0 30.0 0.018795455477062694
76.0 32.0 0.0167762060761691
76.0 34.0 0.009172885397170873
76.0 36.0 0.0018169662881961709
76.0 38.0 0.0
76.0 40.0 0.0
76.0 42.0 0.0
76.0 44.0 0.0
76.0 46.0 0.007134224199967398
76.0 48.0 0.047123281713519365
76.0 50.0 0.1573618719209591
76.0 52.0 0.2474293030295972
76.0 54.0 0.3042328501860082
76.0 56.0 0.3342035657217454
76.0 58.0 0.31376638197803836
76.0 60.0 0.24448447375746066
76.0 62.0 0.1281279924317764
76.0 64.0 0.04403902595163797
76.0 66.0 0.0
76.0 68.0 0.0
76.0 70.0 0.0
76.0 72.0 0.0
76.0 74.0 0.0
76.0 76.0 0.0
76.0 78.0 0.0
76.0 80.0 0.0
76.0 82.0 0.0
76.0 84.0 0.0
76.0 86.0 0.0
76.0 88.0 0.0
76.0 90.0 0.0
76.0 92.0 0.004346731177542957
76.0 94.0 0.01757261302883485
76.0 96.0 0.033715533720489035
76.0 98.0 0.08251785204602148
76.0 100.0 0.11253574439554799
76.0 102.0 0.11580928717411813
76.0 104.0 0.09805808011518326
76.0 106.0 0.06699595433545831
76.0 108.0 0.026849446514508945
76.0 110.0 0.00773871007822112
76.0 112.0 0.0014537582903204756
76.0 114.0 0.0
76.0 116.0 0.0
76.0 118.0 0.0
76.0 120.0 5.321075287549934E-4
76.0 122.0 0.003651720579333188
76.0 124.0 0.026313704802346034
76.0 126.0 0.0
78.0 0.0 0.0
78.0 2.0 0.028327176983314276
78.0 4.0 0.026032049850516784
78.0 6.0 0.008067877957860648
78.0 8.0 0.0
78.0 10.0 0.0
78.0 12.0 0.0
78.0 14.0 0.0
78.0 16.0 0.0
78.0 18.0 0.0
78.0 20.0 0.0
78.0 22.0 0.0
78.0 24.0 0.005147913848043162
78.0 26.0 0.025061570895306338
78.0 28.0 0.0382807909139838
78.0 30.0 0.03378810887076412
78.0 32.0 0.020966238088772505
78.0 34.0 0.004466964586442767
78.0 36.0 0.0
78.0 38.0 0.0
78.0 40.0 0.0
78.0 42.0 0.0
78.0 44.0 0.0
78.0 46.0 0.0019876941924558814
78.0 48.0 0.039496041241573195
78.0 50.0 0.131991828301958
78.0 52.0 0.20552249973480766
78.0 54.0 0.2574249595826951
78.0 56.0 0.27854101666983494
78.0 58.0 0.24811794052890787
78.0 60.0 0.1683567687355295
78.0 62.0 0.054516965987724104
78.0 64.0 0.0034890496672513732
78.0 66.0 0.0
78.0 68.0 0.0
78.0 70.0 0.0
78.0 72.0 0.0
78.0 74.0 0.0
78.0 76.0 0.0
78.0 78.0 0.0
78.0 80.0 0.0
78.0 82.0 0.0
78.0 84.0 0.0
78.0 86.0 4.7626064047288685E-4
78.0 88.0 0.008522155797887628
78.0 90.0 0.03294911038978856
78.0 92.0 0.06983130372705564
78.0 94.0 0.10184244384612952
78.0 96.0 0.11073176432646296
78.0 98.0 0.12420688276418211
78.0 100.0 0.12633549361256813
78.0 102.0 0.11325814871636852
78.0 104.0 0.08366561059106158
78.0 106.0 0.046416432255787836
78.0 108.0 0.010646979718403378
78.0 110.0 0.0010392876592346682
78.0 112.0 0.0
78.0 114.0 0.0
78.0 116.0 0.0
78.0 118.0 0.0
78.0 120.0 0.0
78.0 122.0 3.9620113424518804E-4
78.0 124.0 0.01028660803312508
78.0 126.0 0.0
80.0 0.0 0.0
80.0 2.0 0.0
80.0 4.0 0.006940838785778003
80.0 6.0 0.0
80.0 8.0 0.0
80.0 10.0 0.0
80.0 12.0 0.0
80.0 14.0 0.0
80.0 16.0 0.0
80.0 18.0 0.0
80.0 20.0 4.4602743378397325E-4
80.0 22.0 0.007891338369092596
80.0 24.0 0.027173370426221737
80.0 26.0 0.06981987654529133
80.0 28.0 0.08600669981502505
80.0 30.0 0.0690186413059979
80.0 32.0 0.022731598186174016
80.0 34.0 0.0021429676541315683
80.0 36.0 0.0
80.0 38.0 0.0
80.0 40.0 0.0
80.0 42.0 0.0
80.0 44.0 0.0
80.0 46.0 0.002971504365095953
80.0 48.0 0.030228844545033242
80.0 50.0 0.09660188137626434
80.0 52.0 0.14153094949634734
80.0 54.0 0.1850953796584508
80.0 56.0 0.19324076490455036
80.0 58.0 0.16039533330249459
80.0 60.0 0.08297865516909733
80.0 62.0 0.017378295881017445
80.0 64.0 0.0
80.0 66.0 0.0
80.0 68.0 0.0
80.0 70.0 0.0
80.0 72.0 0.0
80.0 74.0 0.0
80.0 76.0 0.0
80.0 78.0 0.0
80.0 80.0 2.861512804463562E-4
80.0 82.0 0.004561864736299143
80.0 84.0 0.009384073353286405
80.0 86.0 0.029252104198164625
80.0 88.0 0.06097495802556408
80.0 90.0 0.13959011163429821
80.0 92.0 0.19080484596227232
80.0 94.0 0.17791855120509367
80.0 96.0 0.17780285575250523
80.0 98.0 0.16365520271503672
80.0 100.0 0.13964891038958532
80.0 102.0 0.10445775322482859
80.0 104.0 0.05612115178108335
80.0 106.0 0.009288166560039864
80.0 108.0 4.618678310316855E-4
80.0 110.0 0.0
80.0 112.0 0.0
80.0 114.0 0.0
80.0 116.0 0.0
80.0 118.0 0.0
80.0 120.0 0.0
80.0 122.0 0.0
80.0 124.0 0.0
80.0 126.0 0.0
82.0 0.0 0.0
82.0 2.0 0.0
82.0 4.0 0.0
82.0 6.0 0.0
82.0 8.0 0.0
82.0 10.0 0.0
82.0 12.0 0.0
82.0 14.0 0.0
82.0 16.0 0.0
82.0 18.0 0.0017309443074806283
82.0 20.0 0.013235353398258645
82.0 22.0 0.0449440658331641
82.0 24.0 0.0934414663375986
82.0 26.0 0.14291075404235418
82.0 28.0 0.15543367907007574
82.0 30.0 0.11952311483064364
82.0 32.0 0.04775678370186905
82.0 34.0 0.002960722523499846
82.0 36.0 0.0
82.0 38.0 0.0
82.0 40.0 0.0
82.0 42.0 0.0
82.0 44.0 0.0
82.0 46.0 5.760364340311711E-4
82.0 48.0 0.009698179335782776
82.0 50.0 0.028797736565859215
82.0 52.0 0.05891978491877575
82.0 54.0 0.08754263165050336
82.0 56.0 0.10004916828124509
82.0 58.0 0.07261926999352102
82.0 60.0 0.02433529344133864
82.0 62.0 0.004922893145112084
82.0 64.0 0.0
82.0 66.0 0.0
82.0 68.0 0.0
82.0 70.0 0.0
82.0 72.0 0.0
82.0 74.0 0.0
82.0 76.0 0.0
82.0 78.0 0.0013830378694218203
82.0 80.0 0.01289497099736806
82.0 82.0 0.03668392512688425
82.0 84.0 0.07009950901619266
82.0 86.0 0.12873195323359968
82.0 88.0 0.21349038866742118
82.0 90.0 0.29712190778448067
82.0 92.0 0.32921904617420855
82.0 94.0 0.27150364536010746
82.0 96.0 0.25045072835826226
82.0 98.0 0.2091690036743387
82.0 100.0 0.1548824144626841
82.0 102.0 0.09073382989979258
82.0 104.0 0.020691835157677665
82.0 106.0 0.0
82.0 108.0 0.0
82.0 110.0 0.0
82.0 112.0 0.0
82.0 114.0 0.0
82.0 116.0 0.0
82.0 118.0 0.0
82.0 120.0 0.0
82.0 122.0 0.0
82.0 124.0 0.0
82.0 126.0 0.0
84.0 0.0 0.0
84.0 2.0 0.0
84.0 4.0 0.0
84.0 6.0 0.0
84.0 8.0 0.0
84.0 10.0 0.0
84.0 12.0 0.0
84.0 14.0 0.0
84.0 16.0 0.0014286110821577931
84.0 18.0 0.01877062678060963
84.0 20.0 0.0759137191810654
84.0 22.0 0.16475108640075453
84.0 24.0 0.21836901938098807
84.0 26.0 0.25092273405558035
84.0 28.0 0.2735974655999526
84.0 30.0 0.21587246300548288
84.0 32.0 0.09636207548342761
84.0 34.0 0.001972510562551747
84.0 36.0 0.0
84.0 38.0 0.0
84.0 40.0 0.0
84.0 42.0 0.0
84.0 44.0 0.0
84.0 46.0 0.0
84.0 48.0 0.0
84.0 50.0 0.0
84.0 52.0 0.0019685111718558304
84.0 54.0 0.013005320520697852
84.0 56.0 0.023634349897117216
84.0 58.0 0.0224435551224664
84.0 60.0 0.008871539277346316
84.0 62.0 0.0030517916312842
84.0 64.0 8.185144141734363E-4
84.0 66.0 0.0
84.0 68.0 0.0
84.0 70.0 0.0
84.0 72.0 0.0
84.0 74.0 0.0
84.0 76.0 3.0235437305903404E-4
84.0 78.0 0.007336000532630604
84.0 80.0 0.030106261126513465
84.0 82.0 0.06876351362574805
84.0 84.0 0.13084158963871975
84.0 86.0 0.21820641408814215
84.0 88.0 0.3244630945141291
84.0 90.0 0.403962132099907
84.0 92.0 0.4322056666459618
84.0 94.0 0.4141193235256204
84.0 96.0 0.31568224175721443
84.0 98.0 0.25796522176176456
84.0 100.0 0.1823930759888778
84.0 102.0 0.08593421120740184
84.0 104.0 0.005488984474777125
84.0 106.0 0.0
84.0 108.0 0.0
84.0 110.0 0.0
84.0 112.0 0.0
84.0 114.0 0.0
84.0 116.0 0.0
84.0 118.0 0.0
84.0 120.0 0.0
84.0 122.0 0.0
84.0 124.0 0.0
84.0 126.0 0.0
86.0 0.0 0.0
86.0 2.0 0.0
86.0 4.0 0.0
86.0 6.0 0.0
86.0 8.0 0.0
86.0 10.0 0.0
86.0 12.0 0.0
86.0 14.0 0.0
86.0 16.0 0.023926647882615403
86.0 18.0 0.10916000670264037
86.0 20.0 0.21721812674230645
86.0 22.0 0.28084661570054986
86.0 24.0 0.3177817506402944
86.0 26.0 0.3408863447493275
86.0 28.0 0.39161552950120876
86.0 30.0 0.31894662540485685
86.0 32.0 0.16915989251652722
86.0 34.0 0.0029920590576216293
86.0 36.0 0.0
86.0 38.0 0.0
86.0 40.0 0.0
86.0 42.0 0.0
86.0 44.0 0.0
86.0 46.0 0.0
86.0 48.0 0.0
86.0 50.0 0.0
86.0 52.0 0.0
86.0 54.0 5.712100855518627E-4
86.0 56.0 0.005380613349492292
86.0 58.0 0.0076787693257615265
86.0 60.0 0.007055581008630406
86.0 62.0 0.006518183135863103
86.0 64.0 0.004219715833294946
86.0 66.0 0.0010828420972957122
86.0 68.0 0.0
86.0 70.0 0.0
86.0 72.0 0.0
86.0 74.0 0.0
86.0 76.0 4.52540347779064E-4
86.0 78.0 0.00814482697904372
86.0 80.0 0.032213130404884154
86.0 82.0 0.08737697345491187
86.0 84.0 0.15457576924547553
86.0 86.0 0.26658774633081433
86.0 88.0 0.3691838532460389
86.0 90.0 0.4334647022583817
86.0 92.0 0.44297642489068695
86.0 94.0 0.4383091533831684
86.0 96.0 0.39995594962994163
86.0 98.0 0.3234168062948495
86.0 100.0 0.21232334600065428
86.0 102.0 0.08788557102437085
86.0 104.0 9.731695230202984E-4
86.0 106.0 0.0
86.0 108.0 0.0
86.0 110.0 0.0
86.0 112.0 0.0
86.0 114.0 0.0
86.0 116.0 0.0
86.0 118.0 0.0
86.0 120.0 0.0
86.0 122.0 0.0
86.0 124.0 0.0
86.0 126.0 0.0
88.0 0.0 0.0
88.0 2.0 0.0
88.0 4.0 0.0
88.0 6.0 0.0
88.0 8.0 0.0
88.0 10.0 0.0
88.0 12.0 0.0
88.0 14.0 0.004420235509368763
88.0 16.0 0.08099344932130285
88.0 18.0 0.22470882121323643
88.0 20.0 0.3334553112404564
88.0 22.0 0.352112776097619
88.0 24.0 0.3787973417507801
88.0 26.0 0.3956664675849562
88.0 28.0 0.4472327372798408
88.0 30.0 0.37295625674745697
88.0 32.0 0.22496123381360075
88.0 34.0 0.03714676978962154
88.0 36.0 0.0
88.0 38.0 0.0
88.0 40.0 0.0
88.0 42.0 0.0
88.0 44.0 0.0
88.0 46.0 0.0
88.0 48.0 0.0
88.0 50.0 0.0
88.0 52.0 0.0
88.0 54.0 0.0
88.0 56.0 6.378332385175306E-4
88.0 58.0 0.0037348135220911134
88.0 60.0 0.006683610570094232
88.0 62.0 0.015293461782082
88.0 64.0 0.012915561635910934
88.0 66.0 0.0034136499405549004
88.0 68.0 1.8373181966228368E-4
88.0 70.0 0.0
88.0 72.0 0.0
88.0 74.0 0.0
88.0 76.0 0.002313020777246568
88.0 78.0 0.01378714866936961
88.0 80.0 0.04128374938092389
88.0 82.0 0.06788129843296757
88.0 84.0 0.15736007818895267
88.0 86.0 0.2830601854444529
88.0 88.0 0.3908326037735139
88.0 90.0 0.40369342348991727
88.0 92.0 0.40285821873928884
88.0 94.0 0.3984009393606424
88.0 96.0 0.36731041125268044
88.0 98.0 0.3240012298599568
88.0 100.0 0.26989190939384894
88.0 102.0 0.10402223326213232
88.0 104.0 0.0
88.0 106.0 0.0
88.0 108.0 0.0
88.0 110.0 0.0
88.0 112.0 0.0
88.0 114.0 0.0
88.0 116.0 0.0
88.0 118.0 0.0
88.0 120.0 0.0
88.0 122.0 0.0
88.0 124.0 0.0
88.0 126.0 0.0
90.0 0.0 0.0
90.0 2.0 0.0
90.0 4.0 0.0
90.0 6.0 0.0
90.0 8.0 0.0
90.0 10.0 0.0
90.0 12.0 0.0
90.0 14.0 0.016246025665434576
90.0 16.0 0.1568011438758635
90.0 18.0 0.32025423289432337
90.0 20.0 0.4121215340741908
90.0 22.0 0.39769358973153796
90.0 24.0 0.4218995442924353
90.0 26.0 0.43348505999582515
90.0 28.0 0.44891283677145416
90.0 30.0 0.38062343038385604
90.0 32.0 0.24468682388385066
90.0 34.0 0.07110885920735133
90.0 36.0 0.0
90.0 38.0 0.0
90.0 40.0 0.0
90.0 42.0 0.0
90.0 44.0 0.0
90.0 46.0 0.0
90.0 48.0 0.0
90.0 50.0 0.0
90.0 52.0 0.0
90.0 54.0 0.0
90.0 56.0 1.1160670135403656E-4
90.0 58.0 0.007738287084267357
90.0 60.0 0.024582164871797884
90.0 62.0 0.03441339311743366
90.0 64.0 0.02404438739751071
90.0 66.0 0.0059592876697886175
90.0 68.0 0.0
90.0 70.0 0.0
90.0 72.0 0.0
90.0 74.0 0.0
90.0 76.0 0.0
90.0 78.0 0.004567063003523445
90.0 80.0 0.028708720879547015
90.0 82.0 0.04016253401248729
90.0 84.0 0.12359866594535147
90.0 86.0 0.26090491009856914
90.0 88.0 0.3784811734714659
90.0 90.0 0.4041148552171972
90.0 92.0 0.39183685917562433
90.0 94.0 0.3908587274019457
90.0 96.0 0.3685171086837467
90.0 98.0 0.37805233794983056
90.0 100.0 0.29067853230367197
90.0 102.0 0.12599116513806488
90.0 104.0 0.0
90.0 106.0 0.0
90.0 108.0 0.0
90.0 110.0 0.0
90.0 112.0 0.0
90.0 114.0 0.0
90.0 116.0 0.0
90.0 118.0 0.0
90.0 120.0 0.0
90.0 122.0 0.0
90.0 124.0 0.0
90.0 126.0 0.0
92.0 0.0 0.0
92.0 2.0 0.0
92.0 4.0 0.0
92.0 6.0 0.0
92.0 8.0 0.0
92.0 10.0 0.0
92.0 12.0 0.0
92.0 14.0 0.016320697152603203
92.0 16.0 0.18515598963588084
92.0 18.0 0.3712001462416436
92.0 20.0 0.4630836640074605
92.0 22.0 0.4213290662066908
92.0 24.0 0.4428093634081156
92.0 26.0 0.4554282436978869
92.0 28.0 0.4648177456440008
92.0 30.0 0.3862787344951914
92.0 32.0 0.24613624242188895
92.0 34.0 0.07880757965766456
92.0 36.0 0.0
92.0 38.0 0.0
92.0 40.0 0.0
92.0 42.0 0.0
92.0 44.0 0.0
92.0 46.0 0.0
92.0 48.0 0.0
92.0 50.0 0.0
92.0 52.0 0.0
92.0 54.0 0.0
92.0 56.0 8.52532265370828E-5
92.0 58.0 0.02067978191365143
92.0 60.0 0.07137701319986815
92.0 62.0 0.09110127627066254
92.0 64.0 0.0786357966775745
92.0 66.0 0.016991502071134198
92.0 68.0 0.0
92.0 70.0 0.0
92.0 72.0 0.0
92.0 74.0 0.0
92.0 76.0 0.0
92.0 78.0 0.0
92.0 80.0 0.006201095999930776
92.0 82.0 0.009726527219237696
92.0 84.0 0.07918937664233645
92.0 86.0 0.1997685112969274
92.0 88.0 0.32334278040805087
92.0 90.0 0.3867299085856388
92.0 92.0 0.3768108874302482
92.0 94.0 0.3831260661357079
92.0 96.0 0.3630132345885484
92.0 98.0 0.339114226774895
92.0 100.0 0.30325880576865777
92.0 102.0 0.13592850327196165
92.0 104.0 0.0
92.0 106.0 0.0
92.0 108.0 0.0
92.0 110.0 0.0
92.0 112.0 0.0
92.0 114.0 0.0
92.0 116.0 0.0
92.0 118.0 0.0
92.0 120.0 0.0
92.0 122.0 0.0
92.0 124.0 0.0
92.0 126.0 0.0
94.0 0.0 0.0
94.0 2.0 0.0
94.0 4.0 0.0
94.0 6.0 0.0
94.0 8.0 0.0
94.0 10.0 0.0
94.0 12.0 0.0
94.0 14.0 0.042549545700887724
94.0 16.0 0.2417291084038594
94.0 18.0 0.41918114624974095
94.0 20.0 0.5100008193084529
94.0 22.0 0.4640689301261068
94.0 24.0 0.4501060567759098
94.0 26.0 0.4553323494263061
94.0 28.0 0.42694700959626397
94.0 30.0 0.3810933054414202
94.0 32.0 0.23873960496024696
94.0 34.0 0.07657970084438048
94.0 36.0 0.0
94.0 38.0 0.0
94.0 40.0 0.0
94.0 42.0 0.0
94.0 44.0 0.0
94.0 46.0 0.0
94.0 48.0 0.0
94.0 50.0 0.0
94.0 52.0 0.0
94.0 54.0 0.0
94.0 56.0 0.007230442997383617
94.0 58.0 0.07058666426001155
94.0 60.0 0.13369279585415644
94.0 62.0 0.15603172603551316
94.0 64.0 0.14532858703659443
94.0 66.0 0.06290914618214101
94.0 68.0 0.0017336576574569407
94.0 70.0 0.0
94.0 72.0 0.0
94.0 74.0 0.0
94.0 76.0 0.0
94.0 78.0 0.0
94.0 80.0 0.0
94.0 82.0 0.0
94.0 84.0 0.017074189004198274
94.0 86.0 0.10419944016390896
94.0 88.0 0.23686944589496192
94.0 90.0 0.3390256424604241
94.0 92.0 0.3679531994329795
94.0 94.0 0.37092144768921614
94.0 96.0 0.3564859906464579
94.0 98.0 0.3288615382391375
94.0 100.0 0.2937785189753207
94.0 102.0 0.13537744824044357
94.0 104.0 0.0
94.0 106.0 0.0
94.0 108.0 0.0
94.0 110.0 0.0
94.0 112.0 0.0
94.0 114.0 0.0
94.0 116.0 0.0
94.0 118.0 0.0
94.0 120.0 0.0
94.0 122.0 0.0
94.0 124.0 0.0
94.0 126.0 0.0
96.0 0.0 0.0
96.0 2.0 0.0
96.0 4.0 0.0
96.0 6.0 0.0
96.0 8.0 0.0
96.0 10.0 0.0
96.0 12.0 0.0
96.0 14.0 0.01987819027892297
96.0 16.0 0.20223799893015895
96.0 18.0 0.3710746556057392
96.0 20.0 0.4874915860711597
96.0 22.0 0.49333903130750323
96.0 24.0 0.46482835399243966
96.0 26.0 0.45367467340462536
96.0 28.0 0.41929833903516966
96.0 30.0 0.3393447489822883
96.0 32.0 0.20734616547646365
96.0 34.0 0.06744093130447343
96.0 36.0 0.0
96.0 38.0 0.0
96.0 40.0 0.0
96.0 42.0 0.0
96.0 44.0 0.0
96.0 46.0 0.0
96.0 48.0 0.0
96.0 50.0 0.0
96.0 52.0 0.0
96.0 54.0 0.0
96.0 56.0 0.03343302124010292
96.0 58.0 0.14076613821590825
96.0 60.0 0.20688632622702516
96.0 62.0 0.2298745889771515
96.0 64.0 0.21741302116787228
96.0 66.0 0.145022086778775
96.0 68.0 0.028961434302031328
96.0 70.0 0.0
96.0 72.0 0.0
96.0 74.0 0.0
96.0 76.0 0.0
96.0 78.0 0.0
96.0 80.0 0.0
96.0 82.0 0.0
96.0 84.0 0.0
96.0 86.0 0.015892163000529855
96.0 88.0 0.13570035643607067
96.0 90.0 0.2524372357120014
96.0 92.0 0.32791205398727835
96.0 94.0 0.3481931600142942
96.0 96.0 0.3387628283888587
96.0 98.0 0.30351417258034413
96.0 100.0 0.2528126467563147
96.0 102.0 0.1258681489368618
96.0 104.0 0.0011126608638636223
96.0 106.0 0.0
96.0 108.0 0.0
96.0 110.0 0.0
96.0 112.0 0.0
96.0 114.0 0.0
96.0 116.0 0.0
96.0 118.0 0.0
96.0 120.0 0.0
96.0 122.0 0.0
96.0 124.0 0.0
96.0 126.0 0.0
98.0 0.0 0.0
98.0 2.0 0.0
98.0 4.0 0.0
98.0 6.0 0.0
98.0 8.0 0.0
98.0 10.0 0.0
98.0 12.0 0.0
98.0 14.0 0.010304275703559872
98.0 16.0 0.19216365435953356
98.0 18.0 0.3620166728672161
98.0 20.0 0.47806243667595777
98.0 22.0 0.4917179671363517
98.0 24.0 0.4508003524716353
98.0 26.0 0.43144024410307885
98.0 28.0 0.3924847036633376
98.0 30.0 0.3083719161538661
98.0 32.0 0.17527660411206503
98.0 34.0 0.047966163140648686
98.0 36.0 0.0
98.0 38.0 0.0
98.0 40.0 0.0
98.0 42.0 0.0
98.0 44.0 0.0
98.0 46.0 0.0
98.0 48.0 0.0
98.0 50.0 0.0
98.0 52.0 0.0
98.0 54.0 0.0017827379390691082
98.0 56.0 0.10443538179228955
98.0 58.0 0.2181826083479168
98.0 60.0 0.2824584802982919
98.0 62.0 0.3051757540318791
98.0 64.0 0.2883370204331644
98.0 66.0 0.21984866729532515
98.0 68.0 0.09907447318681017
98.0 70.0 6.511837891605578E-4
98.0 72.0 0.0
98.0 74.0 0.0
98.0 76.0 0.0
98.0 78.0 0.0
98.0 80.0 0.0
98.0 82.0 0.0
98.0 84.0 0.0
98.0 86.0 0.0
98.0 88.0 0.01514030776701996
98.0 90.0 0.1355216960983581
98.0 92.0 0.23556723141720762
98.0 94.0 0.29033949558441025
98.0 96.0 0.3060938184754936
98.0 98.0 0.3045248535174561
98.0 100.0 0.2363090710521456
98.0 102.0 0.10910519526947117
98.0 104.0 0.0061084909209602216
98.0 106.0 0.0
98.0 108.0 0.0
98.0 110.0 0.0
98.0 112.0 0.0
98.0 114.0 0.0
98.0 116.0 0.0
98.0 118.0 0.0
98.0 120.0 0.0
98.0 122.0 0.0
98.0 124.0 0.0
98.0 126.0 0.0
100.0 0.0 0.0
100.0 2.0 0.0
100.0 4.0 0.0
100.0 6.0 0.0
100.0 8.0 0.0
100.0 10.0 0.0
100.0 12.0 0.0
100.0 14.0 0.007098747290071973
100.0 16.0 0.21744302312598754
100.0 18.0 0.3971682116838989
100.0 20.0 0.47350231321720965
100.0 22.0 0.46116564685478006
100.0 24.0 0.44492773130770585
100.0 26.0 0.43307916661887264
100.0 28.0 0.3780365504312441
100.0 30.0 0.272736513079138
100.0 32.0 0.12518375646335222
100.0 34.0 0.02662429512452483
100.0 36.0 0.0
100.0 38.0 0.0
100.0 40.0 0.0
100.0 42.0 0.0
100.0 44.0 0.0
100.0 46.0 0.0
100.0 48.0 0.0
100.0 50.0 0.0
100.0 52.0 0.0
100.0 54.0 0.05503150851154557
100.0 56.0 0.1906649294172369
100.0 58.0 0.29114598936536734
100.0 60.0 0.34946334527686523
100.0 62.0 0.36793361058078194
100.0 64.0 0.3435840418569375
100.0 66.0 0.2624816445823261
100.0 68.0 0.15722640795259504
100.0 70.0 0.03938732231797184
100.0 72.0 0.0
100.0 74.0 0.0
100.0 76.0 0.0
100.0 78.0 0.0
100.0 80.0 0.0
100.0 82.0 0.0
100.0 84.0 0.0
100.0 86.0 0.0
100.0 88.0 0.0
100.0 90.0 0.00416182467254471
100.0 92.0 0.1187826402815908
100.0 94.0 0.2245933809367774
100.0 96.0 0.27543666337479644
100.0 98.0 0.26233343220292205
100.0 100.0 0.19876404715723914
100.0 102.0 0.09398145703875409
100.0 104.0 0.012038101089290295
100.0 106.0 0.0
100.0 108.0 0.0
100.0 110.0 0.0
100.0 112.0 0.0
100.0 114.0 0.0
100.0 116.0 0.0
100.0 118.0 0.0
100.0 120.0 0.0
100.0 122.0 0.0
100.0 124.0 0.0
100.0 126.0 0.0
102.0 0.0 0.0
102.0 2.0 0.0
102.0 4.0 0.0
102.0 6.0 0.0
102.0 8.0 0.0
102.0 10.0 0.0
102.0 12.0 0.0
102.0 14.0 0.0
102.0 16.0 0.18545943304612603
102.0 18.0 0.38185089340337347
102.0 20.0 0.4587474762763708
102.0 22.0 0.4547867972489743
102.0 24.0 0.41814684139848196
102.0 26.0 0.3828346073494476
102.0 28.0 0.3137811493218027
102.0 30.0 0.19478572360423732
102.0 32.0 0.06910036794323932
102.0 34.0 0.0026766295318614193
102.0 36.0 0.0
102.0 38.0 0.0
102.0 40.0 0.0
102.0 42.0 0.0
102.0 44.0 0.0
102.0 46.0 0.0
102.0 48.0 0.0
102.0 50.0 0.0
102.0 52.0 0.01647468628430793
102.0 54.0 0.14161741734130695
102.0 56.0 0.25996392996756135
102.0 58.0 0.3421554113836476
102.0 60.0 0.38939987597263537
102.0 62.0 0.40144495106719286
102.0 64.0 0.376380834991483
102.0 66.0 0.3092379863220774
102.0 68.0 0.19542418824946053
102.0 70.0 0.060881486050131356
102.0 72.0 0.0
102.0 74.0 0.0
102.0 76.0 0.0
102.0 78.0 0.0
102.0 80.0 0.0
102.0 82.0 0.0
102.0 84.0 0.0
102.0 86.0 0.0
102.0 88.0 0.0
102.0 90.0 0.0
102.0 92.0 0.022826873961403028
102.0 94.0 0.1377761225729963
102.0 96.0 0.19690247172026779
102.0 98.0 0.20441589164821908
102.0 100.0 0.17022038937887599
102.0 102.0 0.09671483274131458
102.0 104.0 0.030413934397623545
102.0 106.0 0.0
102.0 108.0 0.0
102.0 110.0 0.0
102.0 112.0 0.0
102.0 114.0 0.0
102.0 116.0 0.0
102.0 118.0 0.0
102.0 120.0 0.0
102.0 122.0 0.0
102.0 124.0 0.0
102.0 126.0 0.0
104.0 0.0 0.0
104.0 2.0 0.0
104.0 4.0 0.0
104.0 6.0 0.0
104.0 8.0 0.0
104.0 10.0 0.0
104.0 12.0 0.0
104.0 14.0 0.0
104.0 16.0 0.1536864171471846
104.0 18.0 0.3929076570208742
104.0 20.0 0.43374052918680656
104.0 22.0 0.46587525921014666
104.0 24.0 0.3707426589215585
104.0 26.0 0.2999446064502124
104.0 28.0 0.2181346896774072
104.0 30.0 0.08027247505951472
104.0 32.0 0.01911542228133836
104.0 34.0 0.0
104.0 36.0 0.0
104.0 38.0 0.0
104.0 40.0 0.0
104.0 42.0 0.0
104.0 44.0 0.0
104.0 46.0 0.0
104.0 48.0 0.0
104.0 50.0 0.001127821640661702
104.0 52.0 0.08180686046289835
104.0 54.0 0.20441805429880114
104.0 56.0 0.3027157418628122
104.0 58.0 0.3709912577715613
104.0 60.0 0.417583164996915
104.0 62.0 0.5165024608917664
104.0 64.0 0.4828500396355421
104.0 66.0 0.37605253591463134
104.0 68.0 0.20548560447901268
104.0 70.0 0.08097820008256905
104.0 72.0 0.0
104.0 74.0 0.0
104.0 76.0 0.0
104.0 78.0 0.0
104.0 80.0 0.0
104.0 82.0 0.0
104.0 84.0 0.0
104.0 86.0 0.0
104.0 88.0 0.0
104.0 90.0 0.0
104.0 92.0 0.0
104.0 94.0 0.03285492605847639
104.0 96.0 0.11865151783631574
104.0 98.0 0.15359616271943732
104.0 100.0 0.1563841239855267
104.0 102.0 0.12157297297860097
104.0 104.0 0.07728406069138193
104.0 106.0 0.010748418927979194
104.0 108.0 0.0
104.0 110.0 0.0
104.0 112.0 0.0
104.0 114.0 0.0
104.0 116.0 0.0
104.0 118.0 0.0
104.0 120.0 0.0
104.0 122.0 0.0
104.0 124.0 0.0
104.0 126.0 0.0
106.0 0.0 0.0
106.0 2.0 0.0
106.0 4.0 0.0
106.0 6.0 0.0
106.0 8.0 0.0
106.0 10.0 0.0
106.0 12.0 0.0
106.0 14.0 0.0
106.0 16.0 0.0
106.0 18.0 0.3747627021408912
106.0 20.0 0.43235646915943254
106.0 22.0 0.41415406533077487
106.0 24.0 0.3148400700376373
106.0 26.0 0.21552545635184495
106.0 28.0 0.09116761892327314
106.0 30.0 0.0
106.0 32.0 0.0
106.0 34.0 0.0
106.0 36.0 0.0
106.0 38.0 0.0
106.0 40.0 0.0
106.0 42.0 0.0
106.0 44.0 0.0
106.0 46.0 0.0
106.0 48.0 0.0
106.0 50.0 0.030382053485243834
106.0 52.0 0.13913341900198922
106.0 54.0 0.24292260691724835
106.0 56.0 0.3237315777262702
106.0 58.0 0.38236863596359366
106.0 60.0 0.4237950912213119
106.0 62.0 0.5403312706374602
106.0 64.0 0.5073603220934114
106.0 66.0 0.41806982253817865
106.0 68.0 0.24297561746565763
106.0 70.0 0.08836735103725873
106.0 72.0 0.0
106.0 74.0 0.0
106.0 76.0 0.0
106.0 78.0 0.0
106.0 80.0 0.0
106.0 82.0 0.0
106.0 84.0 0.0
106.0 86.0 0.0
106.0 88.0 0.0
106.0 90.0 0.0
106.0 92.0 0.0
106.0 94.0 0.0024075387274901995
106.0 96.0 0.050553680847208286
106.0 98.0 0.12063041600091451
106.0 100.0 0.16189948428066284
106.0 102.0 0.16185855251748968
106.0 104.0 0.15497759874401193
106.0 106.0 0.10861272569169357
106.0 108.0 0.012338275951201955
106.0 110.0 0.0
106.0 112.0 0.0
106.0 114.0 0.0
106.0 116.0 0.0
106.0 118.0 0.0
106.0 120.0 0.0
106.0 122.0 0.0
106.0 124.0 0.0
106.0 126.0 0.0
108.0 0.0 0.0
108.0 2.0 0.0
108.0 4.0 0.0
108.0 6.0 0.0
108.0 8.0 0.0
108.0 10.0 0.0
108.0 12.0 0.0
108.0 14.0 0.0
108.0 16.0 0.0
108.0 18.0 0.0
108.0 20.0 0.3582698119452532
108.0 22.0 0.331066078521761
108.0 24.0 0.2403972994357052
108.0 26.0 0.08314461092632411
108.0 28.0 0.0
108.0 30.0 0.0
108.0 32.0 0.0
108.0 34.0 0.0
108.0 36.0 0.0
108.0 38.0 0.0
108.0 40.0 0.0
108.0 42.0 0.0
108.0 44.0 0.0
108.0 46.0 0.0
108.0 48.0 0.0
108.0 50.0 0.03962924201070868
108.0 52.0 0.16650201916275711
108.0 54.0 0.26063823560877214
108.0 56.0 0.3277114987575271
108.0 58.0 0.37899908284020484
108.0 60.0 0.41953951797039274
108.0 62.0 0.550885969181023
108.0 64.0 0.5154727445786281
108.0 66.0 0.43916446065779696
108.0 68.0 0.2662729236736709
108.0 70.0 0.08063616854300978
108.0 72.0 0.0
108.0 74.0 0.0
108.0 76.0 0.0
108.0 78.0 0.0
108.0 80.0 0.0
108.0 82.0 0.0
108.0 84.0 0.0
108.0 86.0 0.0
108.0 88.0 0.0
108.0 90.0 0.0
108.0 92.0 0.0
108.0 94.0 3.2417596336337145E-4
108.0 96.0 0.03094741138618917
108.0 98.0 0.10767848125436129
108.0 100.0 0.18009431592507355
108.0 102.0 0.20514026462762736
108.0 104.0 0.22158632168567008
108.0 106.0 0.22820320957502702
108.0 108.0 0.1766707979932853
108.0 110.0 0.0
108.0 112.0 0.0
108.0 114.0 0.0
108.0 116.0 0.0
108.0 118.0 0.0
108.0 120.0 0.0
108.0 122.0 0.0
108.0 124.0 0.0
108.0 126.0 0.0
110.0 0.0 0.0
110.0 2.0 0.0
110.0 4.0 0.0
110.0 6.0 0.0
110.0 8.0 0.0
110.0 10.0 0.0
110.0 12.0 0.0
110.0 14.0 0.0
110.0 16.0 0.0
110.0 18.0 0.0
110.0 20.0 0.0
110.0 22.0 0.26312028337703997
110.0 24.0 0.1388368236813363
110.0 26.0 0.017012277322116583
110.0 28.0 0.0
110.0 30.0 0.0
110.0 32.0 0.0
110.0 34.0 0.0
110.0 36.0 0.0
110.0 38.0 0.0
110.0 40.0 0.0
110.0 42.0 0.0
110.0 44.0 0.0
110.0 46.0 0.0
110.0 48.0 0.01134155919531979
110.0 50.0 0.0901208747142308
110.0 52.0 0.1776195796400595
110.0 54.0 0.2664763315228849
110.0 56.0 0.3257916214597407
110.0 58.0 0.370539920652186
110.0 60.0 0.40960763909518727
110.0 62.0 0.5330760655858928
110.0 64.0 0.5071243398689269
110.0 66.0 0.4759346416038112
110.0 68.0 0.26339571852806326
110.0 70.0 0.07479341665419455
110.0 72.0 0.0
110.0 74.0 0.0
110.0 76.0 0.0
110.0 78.0 0.0
110.0 80.0 0.0
110.0 82.0 0.0
110.0 84.0 0.0
110.0 86.0 0.0
110.0 88.0 0.0
110.0 90.0 0.0
110.0 92.0 0.0
110.0 94.0 2.6557887955770324E-4
110.0 96.0 0.03497708213742477
110.0 98.0 0.13435320997102793
110.0 100.0 0.2293051365616514
110.0 102.0 0.2658865393036696
110.0 104.0 0.284166250878861
110.0 106.0 0.300907425234676
110.0 108.0 0.0
110.0 110.0 0.0
110.0 112.0 0.0
110.0 114.0 0.0
110.0 116.0 0.0
110.0 118.0 0.0
110.0 120.0 0.0
110.0 122.0 0.0
110.0 124.0 0.0
110.0 126.0 0.0
112.0 0.0 0.0
112.0 2.0 0.0
112.0 4.0 0.0
112.0 6.0 0.0
112.0 8.0 0.0
112.0 10.0 0.0
112.0 12.0 0.0
112.0 14.0 0.0
112.0 16.0 0.0
112.0 18.0 0.0
112.0 20.0 0.0
112.0 22.0 0.0
112.0 24.0 0.14944674605654623
112.0 26.0 0.009917933645719622
112.0 28.0 0.0
112.0 30.0 0.0
112.0 32.0 0.0
112.0 34.0 0.0
112.0 36.0 0.0
112.0 38.0 0.0
112.0 40.0 0.0
112.0 42.0 0.0
112.0 44.0 0.0
112.0 46.0 0.00492656931159906
112.0 48.0 0.03328697749896201
112.0 50.0 0.12222197245255234
112.0 52.0 0.19833758495543952
112.0 54.0 0.2547209856914241
112.0 56.0 0.3163186921225982
112.0 58.0 0.397941187419901
112.0 60.0 0.4473718300834719
112.0 62.0 0.4789672148985611
112.0 64.0 0.5066517653546976
112.0 66.0 0.4674252929143339
112.0 68.0 0.27156698729542533
112.0 70.0 0.047044832235454075
112.0 72.0 0.0
112.0 74.0 0.0
112.0 76.0 0.0
112.0 78.0 0.0
112.0 80.0 0.0
112.0 82.0 0.0
112.0 84.0 0.0
112.0 86.0 0.0
112.0 88.0 0.0
112.0 90.0 0.0
112.0 92.0 0.0
112.0 94.0 0.0012718485013216297
112.0 96.0 0.05373721828728554
112.0 98.0 0.1820296153636675
112.0 100.0 0.28605621486036914
112.0 102.0 0.32172801314412575
112.0 104.0 0.3115596940992676
112.0 106.0 0.0
112.0 108.0 0.0
112.0 110.0 0.0
112.0 112.0 0.0
112.0 114.0 0.0
112.0 116.0 0.0
112.0 118.0 0.0
112.0 120.0 0.0
112.0 122.0 0.0
112.0 124.0 0.0
112.0 126.0 0.0
114.0 0.0 0.0
114.0 2.0 0.0
114.0 4.0 0.0
114.0 6.0 0.0
114.0 8.0 0.0
114.0 10.0 0.0
114.0 12.0 0.0
114.0 14.0 0.0
114.0 16.0 0.0
114.0 18.0 0.0
114.0 20.0 0.0
114.0 22.0 0.0
114.0 24.0 0.0
114.0 26.0 0.06612656133262422
114.0 28.0 0.0
114.0 30.0 0.0
114.0 32.0 0.0
114.0 34.0 0.0
114.0 36.0 0.0
114.0 38.0 0.0
114.0 40.0 0.0
114.0 42.0 0.0
114.0 44.0 0.003061759906089697
114.0 46.0 0.015237262465571139
114.0 48.0 0.0499186579008366
114.0 50.0 0.1308198060628904
114.0 52.0 0.22763584561798003
114.0 54.0 0.3175385472999685
114.0 56.0 0.38106318500089453
114.0 58.0 0.43315419104562225
114.0 60.0 0.4283707295684371
114.0 62.0 0.4059231623363759
114.0 64.0 0.4590140965075649
114.0 66.0 0.43462896730476075
114.0 68.0 0.2562226933075717
114.0 70.0 0.04719959499350579
114.0 72.0 0.0
114.0 74.0 0.0
114.0 76.0 0.0
114.0 78.0 0.0
114.0 80.0 0.0
114.0 82.0 0.0
114.0 84.0 0.0
114.0 86.0 0.0
114.0 88.0 0.0
114.0 90.0 0.0
114.0 92.0 0.0
114.0 94.0 0.008942211568018117
114.0 96.0 0.0850337722826885
114.0 98.0 0.24408409484867336
114.0 100.0 0.326002471199478
114.0 102.0 0.0
114.0 104.0 0.0
114.0 106.0 0.0
114.0 108.0 0.0
114.0 110.0 0.0
114.0 112.0 0.0
114.0 114.0 0.0
114.0 116.0 0.0
114.0 118.0 0.0
114.0 120.0 0.0
114.0 122.0 0.0
114.0 124.0 0.0
114.0 126.0 0.0
116.0 0.0 0.0
116.0 2.0 0.0
116.0 4.0 0.0
116.0 6.0 0.0
116.0 8.0 0.0
116.0 10.0 0.0
116.0 12.0 0.0
116.0 14.0 0.0
116.0 16.0 0.0
116.0 18.0 0.0
116.0 20.0 0.0
116.0 22.0 0.0
116.0 24.0 0.0
116.0 26.0 0.0
116.0 28.0 0.05743654875367977
116.0 30.0 0.0
116.0 32.0 0.0
116.0 34.0 0.0
116.0 36.0 0.0
116.0 38.0 0.0
116.0 40.0 0.0
116.0 42.0 0.0011369447800784367
116.0 44.0 0.006450762148009379
116.0 46.0 0.019625463162191936
116.0 48.0 0.04951129526737813
116.0 50.0 0.1204932966730301
116.0 52.0 0.2096470794406754
116.0 54.0 0.29334011750603856
116.0 56.0 0.3553722877527201
116.0 58.0 0.40937751425078156
116.0 60.0 0.43954198728301264
116.0 62.0 0.42181884210560705
116.0 64.0 0.37531248077899343
116.0 66.0 0.38508803074889264
116.0 68.0 0.22849332402999042
116.0 70.0 0.03753035796947438
116.0 72.0 0.0
116.0 74.0 0.0
116.0 76.0 0.0
116.0 78.0 0.0
116.0 80.0 0.0
116.0 82.0 0.0
116.0 84.0 0.0
116.0 86.0 0.0
116.0 88.0 0.0
116.0 90.0 0.0
116.0 92.0 0.0
116.0 94.0 0.017898153397049903
116.0 96.0 0.13942854186457954
116.0 98.0 0.2861392477316618
116.0 100.0 0.0
116.0 102.0 0.0
116.0 104.0 0.0
116.0 106.0 0.0
116.0 108.0 0.0
116.0 110.0 0.0
116.0 112.0 0.0
116.0 114.0 0.0
116.0 116.0 0.0
116.0 118.0 0.0
116.0 120.0 0.0
116.0 122.0 0.0
116.0 124.0 0.0
116.0 126.0 0.0
118.0 0.0 0.0
118.0 2.0 0.0
118.0 4.0 0.0
118.0 6.0 0.0
118.0 8.0 0.0
118.0 10.0 0.0
118.0 12.0 0.0
118.0 14.0 0.0
118.0 16.0 0.0
118.0 18.0 0.0
118.0 20.0 0.0
118.0 22.0 0.0
118.0 24.0 0.0
118.0 26.0 0.0
118.0 28.0 0.0
118.0 30.0 0.0
118.0 32.0 0.04335559902496807
118.0 34.0 0.0
118.0 36.0 0.0
118.0 38.0 0.0
118.0 40.0 0.0
118.0 42.0 0.003848617361673277
118.0 44.0 0.011840988232542204
118.0 46.0 0.022910294199973452
118.0 48.0 0.04658822560405962
118.0 50.0 0.10137915397024021
118.0 52.0 0.18169764602269137
118.0 54.0 0.261688471332744
118.0 56.0 0.32291851366481694
118.0 58.0 0.3813193734113982
118.0 60.0 0.41732127524104157
118.0 62.0 0.41520834516391253
118.0 64.0 0.36165260756500556
118.0 66.0 0.29595402079233263
118.0 68.0 0.18401344531933636
118.0 70.0 0.007477615271372473
118.0 72.0 0.0
118.0 74.0 0.0
118.0 76.0 0.0
118.0 78.0 0.0
118.0 80.0 0.0
118.0 82.0 0.0
118.0 84.0 0.0
118.0 86.0 0.0
118.0 88.0 0.0
118.0 90.0 0.0
118.0 92.0 0.0018049117112981404
118.0 94.0 0.04025016546268643
118.0 96.0 0.18587272692019055
118.0 98.0 0.0
118.0 100.0 0.0
118.0 102.0 0.0
118.0 104.0 0.0
118.0 106.0 0.0
118.0 108.0 0.0
118.0 110.0 0.0
118.0 112.0 0.0
118.0 114.0 0.0
118.0 116.0 0.0
118.0 118.0 0.0
118.0 120.0 0.0
118.0 122.0 0.0
118.0 124.0 0.0
118.0 126.0 0.0
120.0 0.0 0.0
120.0 2.0 0.0
120.0 4.0 0.0
120.0 6.0 0.0
120.0 8.0 0.0
120.0 10.0 0.0
120.0 12.0 0.0
120.0 14.0 0.0
120.0 16.0 0.0
120.0 18.0 0.0
120.0 20.0 0.0
120.0 22.0 0.0
120.0 24.0 0.0
120.0 26.0 0.0
120.0 28.0 0.0
120.0 30.0 0.0
120.0 32.0 0.0
120.0 34.0 0.0
120.0 36.0 0.03322558772582389
120.0 38.0 0.0
120.0 40.0 0.0
120.0 42.0 0.0
120.0 44.0 0.0019761733011729177
120.0 46.0 0.010707219977930041
120.0 48.0 0.027546269151502795
120.0 50.0 0.0651723816692806
120.0 52.0 0.14440397118126994
120.0 54.0 0.21874529152315467
120.0 56.0 0.27781013985107156
120.0 58.0 0.33894260753436845
120.0 60.0 0.3816724457415943
120.0 62.0 0.383186426174422
120.0 64.0 0.32987094798377226
120.0 66.0 0.24875526041837778
120.0 68.0 0.12573216514572186
120.0 70.0 0.0
120.0 72.0 0.0
120.0 74.0 0.0
120.0 76.0 0.0
120.0 78.0 0.0
120.0 80.0 0.0
120.0 82.0 0.0
120.0 84.0 0.0
120.0 86.0 0.0
120.0 88.0 0.0
120.0 90.0 1.2099473394882324E-4
120.0 92.0 0.014907094676346938
120.0 94.0 0.0
120.0 96.0 0.0
120.0 98.0 0.0
120.0 100.0 0.0
120.0 102.0 0.0
120.0 104.0 0.0
120.0 106.0 0.0
120.0 108.0 0.0
120.0 110.0 0.0
120.0 112.0 0.0
120.0 114.0 0.0
120.0 116.0 0.0
120.0 118.0 0.0
120.0 120.0 0.0
120.0 122.0 0.0
120.0 124.0 0.0
120.0 126.0 0.0
122.0 0.0 0.0
122.0 2.0 0.0
122.0 4.0 0.0
122.0 6.0 0.0
122.0 8.0 0.0
122.0 10.0 0.0
122.0 12.0 0.0
122.0 14.0 0.0
122.0 16.0 0.0
122.0 18.0 0.0
122.0 20.0 0.0
122.0 22.0 0.0
122.0 24.0 0.0
122.0 26.0 0.0
122.0 28.0 0.0
122.0 30.0 0.0
122.0 32.0 0.0
122.0 34.0 0.0
122.0 36.0 0.0
122.0 38.0 0.0
122.0 40.0 0.007299289579677278
122.0 42.0 0.0
122.0 44.0 0.0
122.0 46.0 3.356816223552561E-4
122.0 48.0 0.009262875230942965
122.0 50.0 0.026420681885629033
122.0 52.0 0.08651000198339977
122.0 54.0 0.16160101500640356
122.0 56.0 0.2199843517233806
122.0 58.0 0.2829308105725317
122.0 60.0 0.3322412483865881
122.0 62.0 0.33861750863724427
122.0 64.0 0.2895379555204818
122.0 66.0 0.1990992413144801
122.0 68.0 0.07267113111567367
122.0 70.0 0.0
122.0 72.0 0.0
122.0 74.0 0.0
122.0 76.0 0.0
122.0 78.0 0.0
122.0 80.0 0.0
122.0 82.0 0.0
122.0 84.0 0.0
122.0 86.0 0.0
122.0 88.0 0.0
122.0 90.0 0.0
122.0 92.0 0.0
122.0 94.0 0.0
122.0 96.0 0.0
122.0 98.0 0.0
122.0 100.0 0.0
122.0 102.0 0.0
122.0 104.0 0.0
122.0 106.0 0.0
122.0 108.0 0.0
122.0 110.0 0.0
122.0 112.0 0.0
122.0 114.0 0.0
122.0 116.0 0.0
122.0 118.0 0.0
122.0 120.0 0.0
122.0 122.0 0.0
122.0 124.0 0.0
122.0 126.0 0.0
124.0 0.0 0.0
124.0 2.0 0.0
124.0 4.0 0.0
124.0 6.0 0.0
124.0 8.0 0.0
124.0 10.0 0.0
124.0 12.0 0.0
124.0 14.0 0.0
124.0 16.0 0.0
124.0 18.0 0.0
124.0 20.0 0.0
124.0 22.0 0.0
124.0 24.0 0.0
124.0 26.0 0.0
124.0 28.0 0.0
124.0 30.0 0.0
124.0 32.0 0.0
124.0 34.0 0.0
124.0 36.0 0.0
124.0 38.0 0.0
124.0 40.0 0.0
124.0 42.0 0.0
124.0 44.0 0.0
124.0 46.0 0.0
124.0 48.0 0.0
124.0 50.0 0.0015245964598739241
124.0 52.0 0.006343447828297709
124.0 54.0 0.06426548872665329
124.0 56.0 0.15598997621277774
124.0 58.0 0.21730832760595195
124.0 60.0 0.2740709604255817
124.0 62.0 0.28567178359306195
124.0 64.0 0.24719303890367783
124.0 66.0 0.1572981971213747
124.0 68.0 0.03657564282493026
124.0 70.0 0.0
124.0 72.0 0.0
124.0 74.0 0.0
124.0 76.0 0.0
124.0 78.0 0.0
124.0 80.0 0.0
124.0 82.0 0.0
124.0 84.0 0.0
124.0 86.0 0.0
124.0 88.0 0.0
124.0 90.0 0.0
124.0 92.0 0.0
124.0 94.0 0.0
124.0 96.0 0.0
124.0 98.0 0.0
124.0 100.0 0.0
124.0 102.0 0.0
124.0 104.0 0.0
124.0 106.0 0.0
124.0 108.0 0.0
124.0 110.0 0.0
124.0 112.0 0.0
124.0 114.0 0.0
124.0 116.0 0.0
124.0 118.0 0.0
124.0 120.0 0.0
124.0 122.0 0.0
124.0 124.0 0.0
124.0 126.0 0.0
126.0 0.0 0.0
126.0 2.0 0.0
126.0 4.0 0.0
126.0 6.0 0.0
126.0 8.0 0.0
126.0 10.0 0.0
126.0 12.0 0.0
126.0 14.0 0.0
126.0 16.0 0.0
126.0 18.0 0.0
126.0 20.0 0.0
126.0 22.0 0.0
126.0 24.0 0.0
126.0 26.0 0.0
126.0 28.0 0.0
126.0 30.0 0.0
126.0 32.0 0.0
126.0 34.0 0.0
126.0 36.0 0.0
126.0 38.0 0.0
126.0 40.0 0.0
126.0 42.0 0.0
126.0 44.0 0.0
126.0 46.0 0.0
126.0 48.0 0.0
126.0 50.0 0.0
126.0 52.0 0.0
126.0 54.0 0.0
126.0 56.0 0.0
126.0 58.0 0.030928563382623106
126.0 60.0 0.12376290246615357
126.0 62.0 0.1998480101074591
126.0 64.0 0.23595371967526482
126.0 66.0 0.20745981153864554
126.0 68.0 0.08136413712689017
126.0 70.0 5.404583507765723E-4
126.0 72.0 0.0
126.0 74.0 0.0
126.0 76.0 0.0
126.0 78.0 0.0
126.0 80.0 0.0
126.0 82.0 0.0
126.0 84.0 0.0
126.0 86.0 0.0
126.0 88.0 0.0
126.0 90.0 0.0
126.0 92.0 0.0
126.0 94.0 0.0
126.0 96.0 0.0
126.0 98.0 0.0
126.0 100.0 0.0
126.0 102.0 0.0
126.0 104.0 0.0
126.0 106.0 0.0
126.0 108.0 0.0
126.0 110.0 0.0
126.0 112.0 0.0
126.0 114.0 0.0
126.0 116.0 0.0
126.0 118.0 0.0
126.0 120.0 0.0
126.0 122.0 0.0
126.0 124.0 0.0
126.0 126.0 0.0
