0.0 0.0 0.0
0.0 2.0 0.0
0.0 4.0 0.0
0.0 6.0 0.0
0.0 8.0 0.0
0.0 10.0 0.0
0.0 12.0 0.0
0.0 14.0 0.0
0.0 16.0 0.0
0.0 18.0 0.0
0.0 20.0 0.0
0.0 22.0 0.0
0.0 24.0 0.0
0.0 26.0 0.0
0.0 28.0 0.0
0.0 30.0 0.0
0.0 32.0 0.0
0.0 34.0 0.0
0.0 36.0 0.0
0.0 38.0 0.0
0.0 40.0 0.0
0.0 42.0 0.0
0.0 44.0 0.0
0.0 46.0 0.0
0.0 48.0 0.0
0.0 50.0 0.0
0.0 52.0 0.0
0.0 54.0 0.0
0.0 56.0 0.0
0.0 58.0 0.0
0.0 60.0 0.0
0.0 62.0 0.0
0.0 64.0 0.0
0.0 66.0 0.0
0.0 68.0 0.0
0.0 70.0 0.0
0.0 72.0 0.0
0.0 74.0 0.0
0.0 76.0 0.0
0.0 78.0 0.0
0.0 80.0 0.0
0.0 82.0 0.0
0.0 84.0 0.0
0.0 86.0 0.0
0.0 88.0 0.0
0.0 90.0 0.0
0.0 92.0 0.0
0.0 94.0 0.0
0.0 96.0 0.0
0.0 98.0 0.0
0.0 100.0 0.0
0.0 102.0 0.0
0.0 104.0 0.0
0.0 106.0 0.0
0.0 108.0 0.0
0.0 110.0 0.0
0.0 112.0 0.0
0.0 114.0 0.0
0.0 116.0 0.0
0.0 118.0 0.0
0.0 120.0 0.0
0.0 122.0 0.0
0.0 124.0 0.0
0.0 126.0 0.0
2.0 0.0 0.0
2.0 2.0 0.0
2.0 4.0 0.0
2.0 6.0 0.0
2.0 8.0 0.0
2.0 10.0 0.0
2.0 12.0 0.0
2.0 14.0 0.0
2.0 16.0 0.0
2.0 18.0 0.0
2.0 20.0 0.0
2.0 22.0 0.0
2.0 24.0 0.0
2.0 26.0 0.0
2.0 28.0 0.0
2.0 30.0 0.0
2.0 32.0 0.0
2.0 34.0 0.0
2.0 36.0 0.0
2.0 38.0 0.0
2.0 40.0 0.0
2.0 42.0 0.0
2.0 44.0 0.0
2.0 46.0 0.0
2.0 48.0 0.0
2.0 50.0 0.0
2.0 52.0 0.0
2.0 54.0 0.0
2.0 56.0 0.0
2.0 58.0 0.0
2.0 60.0 0.0
2.0 62.0 0.0
2.0 64.0 0.0
2.0 66.0 0.0
2.0 68.0 0.001780106839907489
2.0 70.0 0.06463209947889355
2.0 72.0 0.16230253356992425
2.0 74.0 0.26694519937805866
2.0 76.0 0.34768002216487187
2.0 78.0 0.386709620048907
2.0 80.0 0.0
2.0 82.0 0.0
2.0 84.0 0.0
2.0 86.0 0.0
2.0 88.0 0.0
2.0 90.0 0.0
2.0 92.0 0.0
2.0 94.0 0.0
2.0 96.0 0.0
2.0 98.0 0.0
2.0 100.0 0.0
2.0 102.0 0.0
2.0 104.0 0.0
2.0 106.0 0.0
2.0 108.0 0.0
2.0 110.0 0.0
2.0 112.0 0.0
2.0 114.0 0.0
2.0 116.0 0.0
2.0 118.0 0.0
2.0 120.0 0.0
2.0 122.0 0.0
2.0 124.0 0.0
2.0 126.0 0.0
4.0 0.0 0.0
4.0 2.0 0.0
4.0 4.0 0.0
4.0 6.0 0.0
4.0 8.0 0.0
4.0 10.0 0.0
4.0 12.0 0.0
4.0 14.0 0.0
4.0 16.0 0.0
4.0 18.0 0.0
4.0 20.0 0.0
4.0 22.0 0.0
4.0 24.0 0.0
4.0 26.0 0.0
4.0 28.0 0.0
4.0 30.0 0.0
4.0 32.0 0.0
4.0 34.0 0.0
4.0 36.0 0.0
4.0 38.0 0.0
4.0 40.0 0.0
4.0 42.0 0.12376505554950258
4.0 44.0 0.0
4.0 46.0 0.0
4.0 48.0 0.0
4.0 50.0 0.0
4.0 52.0 0.0
4.0 54.0 0.0
4.0 56.0 0.0
4.0 58.0 0.0
4.0 60.0 0.0
4.0 62.0 0.0
4.0 64.0 0.0
4.0 66.0 0.0
4.0 68.0 0.005773113047135527
4.0 70.0 0.0552302979950523
4.0 72.0 0.1418964824038783
4.0 74.0 0.2477023172656464
4.0 76.0 0.32972850486443694
4.0 78.0 0.3715088826078852
4.0 80.0 0.3695186073534447
4.0 82.0 0.37451603098143554
4.0 84.0 0.39871852147173054
4.0 86.0 0.0
4.0 88.0 0.0
4.0 90.0 0.0
4.0 92.0 0.0
4.0 94.0 0.0
4.0 96.0 0.0
4.0 98.0 0.0
4.0 100.0 0.0
4.0 102.0 0.0
4.0 104.0 0.0
4.0 106.0 0.0
4.0 108.0 0.0
4.0 110.0 0.0
4.0 112.0 0.0
4.0 114.0 0.0
4.0 116.0 0.0
4.0 118.0 0.0
4.0 120.0 0.0
4.0 122.0 0.0
4.0 124.0 0.0
4.0 126.0 0.0
6.0 0.0 0.0
6.0 2.0 0.0
6.0 4.0 0.0
6.0 6.0 0.0
6.0 8.0 0.0
6.0 10.0 0.0
6.0 12.0 0.0
6.0 14.0 0.0
6.0 16.0 0.0
6.0 18.0 0.0
6.0 20.0 0.0
6.0 22.0 0.0
6.0 24.0 0.0
6.0 26.0 0.0
6.0 28.0 0.0
6.0 30.0 0.0
6.0 32.0 0.0
6.0 34.0 0.0
6.0 36.0 0.0
6.0 38.0 0.06899108669890401
6.0 40.0 0.0
6.0 42.0 0.0
6.0 44.0 0.0
6.0 46.0 0.0
6.0 48.0 0.0
6.0 50.0 0.0
6.0 52.0 0.0
6.0 54.0 0.0
6.0 56.0 0.0
6.0 58.0 0.0
6.0 60.0 0.0
6.0 62.0 0.0
6.0 64.0 0.0
6.0 66.0 0.0
6.0 68.0 0.0030399589163158628
6.0 70.0 0.03994042208413365
6.0 72.0 0.10916093245464925
6.0 74.0 0.21778205621921287
6.0 76.0 0.30696713894640476
6.0 78.0 0.35549727771613776
6.0 80.0 0.36338514351793716
6.0 82.0 0.3600189050648311
6.0 84.0 0.38647352181013006
6.0 86.0 0.34915718656873423
6.0 88.0 0.2189540559401065
6.0 90.0 0.008399903687044685
6.0 92.0 0.0
6.0 94.0 0.0
6.0 96.0 0.0
6.0 98.0 0.0
6.0 100.0 0.0
6.0 102.0 0.0
6.0 104.0 0.0
6.0 106.0 0.0
6.0 108.0 0.0
6.0 110.0 0.0
6.0 112.0 0.0
6.0 114.0 0.0
6.0 116.0 0.0
6.0 118.0 0.0
6.0 120.0 0.0
6.0 122.0 0.0
6.0 124.0 0.0
6.0 126.0 0.0
8.0 0.0 0.0
8.0 2.0 0.0
8.0 4.0 0.0
8.0 6.0 0.0
8.0 8.0 0.0
8.0 10.0 0.0
8.0 12.0 0.0
8.0 14.0 0.0
8.0 16.0 0.0
8.0 18.0 0.0
8.0 20.0 0.0
8.0 22.0 0.0
8.0 24.0 0.0
8.0 26.0 0.0
8.0 28.0 0.0
8.0 30.0 0.0
8.0 32.0 0.0
8.0 34.0 0.0
8.0 36.0 0.0
8.0 38.0 0.0
8.0 40.0 0.0
8.0 42.0 0.0
8.0 44.0 0.0010613078026128788
8.0 46.0 0.02846755948880352
8.0 48.0 0.03167889473254466
8.0 50.0 0.011136152430484486
8.0 52.0 0.0
8.0 54.0 0.0
8.0 56.0 0.0
8.0 58.0 0.0
8.0 60.0 0.0
8.0 62.0 0.0
8.0 64.0 0.0
8.0 66.0 0.0
8.0 68.0 6.005781059262449E-4
8.0 70.0 0.024374978755414705
8.0 72.0 0.07605400425474569
8.0 74.0 0.17826873575188465
8.0 76.0 0.2726250104106606
8.0 78.0 0.33191136034679625
8.0 80.0 0.3448063079364903
8.0 82.0 0.33437304608776836
8.0 84.0 0.3608107051794711
8.0 86.0 0.34999904191483616
8.0 88.0 0.28190376700987646
8.0 90.0 0.0792862964087899
8.0 92.0 0.0
8.0 94.0 0.0
8.0 96.0 0.0
8.0 98.0 0.0
8.0 100.0 0.0
8.0 102.0 0.0
8.0 104.0 0.0
8.0 106.0 0.0
8.0 108.0 0.0
8.0 110.0 0.0
8.0 112.0 0.0
8.0 114.0 0.0
8.0 116.0 0.0
8.0 118.0 0.0
8.0 120.0 0.0
8.0 122.0 0.0
8.0 124.0 0.0
8.0 126.0 0.0
10.0 0.0 0.0
10.0 2.0 0.0
10.0 4.0 0.0
10.0 6.0 0.0
10.0 8.0 0.0
10.0 10.0 0.0
10.0 12.0 0.0
10.0 14.0 0.0
10.0 16.0 0.0
10.0 18.0 0.0
10.0 20.0 0.0
10.0 22.0 0.0
10.0 24.0 0.0
10.0 26.0 0.0
10.0 28.0 0.0
10.0 30.0 0.0
10.0 32.0 0.0
10.0 34.0 0.0
10.0 36.0 0.0
10.0 38.0 0.0
10.0 40.0 0.005865733044682545
10.0 42.0 0.04220441720957663
10.0 44.0 0.0853042243401418
10.0 46.0 0.12114514742611539
10.0 48.0 0.10542017557958333
10.0 50.0 0.05249517597460196
10.0 52.0 0.0014874093903577826
10.0 54.0 0.0
10.0 56.0 0.0
10.0 58.0 0.0
10.0 60.0 0.0
10.0 62.0 0.0
10.0 64.0 0.0
10.0 66.0 0.0
10.0 68.0 0.0
10.0 70.0 0.010076209310281801
10.0 72.0 0.03452445739017564
10.0 74.0 0.1267506856204097
10.0 76.0 0.21714895123440955
10.0 78.0 0.29227108820150977
10.0 80.0 0.30017653205735234
10.0 82.0 0.30819068191282983
10.0 84.0 0.3343668130672737
10.0 86.0 0.33726741495099993
10.0 88.0 0.31463238363417995
10.0 90.0 0.1883330167947904
10.0 92.0 0.005429292119198691
10.0 94.0 0.0
10.0 96.0 0.0
10.0 98.0 0.0
10.0 100.0 0.0
10.0 102.0 0.0
10.0 104.0 0.0
10.0 106.0 0.0
10.0 108.0 0.0
10.0 110.0 0.0
10.0 112.0 0.0
10.0 114.0 0.0
10.0 116.0 0.0
10.0 118.0 0.0
10.0 120.0 0.0
10.0 122.0 0.0
10.0 124.0 0.0
10.0 126.0 0.0
12.0 0.0 0.0
12.0 2.0 0.0
12.0 4.0 0.0
12.0 6.0 0.0
12.0 8.0 0.0
12.0 10.0 0.0
12.0 12.0 0.0
12.0 14.0 0.0
12.0 16.0 0.0
12.0 18.0 0.0
12.0 20.0 0.0
12.0 22.0 0.0
12.0 24.0 0.0
12.0 26.0 0.0
12.0 28.0 0.0
12.0 30.0 0.0
12.0 32.0 0.0
12.0 34.0 0.0
12.0 36.0 0.0045663232570791355
12.0 38.0 0.06282796172267138
12.0 40.0 0.09774528369448933
12.0 42.0 0.13032780725560694
12.0 44.0 0.16984157254396812
12.0 46.0 0.1858443738176719
12.0 48.0 0.15842808220662097
12.0 50.0 0.0933965106784011
12.0 52.0 0.0047130055293268126
12.0 54.0 0.0
12.0 56.0 0.0
12.0 58.0 0.0
12.0 60.0 0.0
12.0 62.0 0.0
12.0 64.0 0.0
12.0 66.0 0.0
12.0 68.0 0.0
12.0 70.0 8.84300314091639E-6
12.0 72.0 0.004469906017967851
12.0 74.0 0.0518205794886494
12.0 76.0 0.152305307379319
12.0 78.0 0.2381207718928795
12.0 80.0 0.279645100159074
12.0 82.0 0.27757464394935705
12.0 84.0 0.29104488232728537
12.0 86.0 0.3231701139617882
12.0 88.0 0.2952823543608493
12.0 90.0 0.2465011180007429
12.0 92.0 0.05724108510029407
12.0 94.0 0.0
12.0 96.0 0.0
12.0 98.0 0.0
12.0 100.0 0.0
12.0 102.0 0.0
12.0 104.0 0.0
12.0 106.0 0.0
12.0 108.0 0.0
12.0 110.0 0.0
12.0 112.0 0.0
12.0 114.0 0.0
12.0 116.0 0.0
12.0 118.0 0.0
12.0 120.0 0.0
12.0 122.0 0.0
12.0 124.0 0.0
12.0 126.0 0.0
14.0 0.0 0.0
14.0 2.0 0.0
14.0 4.0 0.0
14.0 6.0 0.0
14.0 8.0 0.0
14.0 10.0 0.0
14.0 12.0 0.0
14.0 14.0 0.0
14.0 16.0 0.0
14.0 18.0 0.0
14.0 20.0 0.0
14.0 22.0 0.0
14.0 24.0 0.0
14.0 26.0 0.0
14.0 28.0 0.0
14.0 30.0 0.0
14.0 32.0 0.01375239212385522
14.0 34.0 0.11053074002437514
14.0 36.0 0.18986565412725587
14.0 38.0 0.21882995203312935
14.0 40.0 0.24775003487756422
14.0 42.0 0.23215905497544712
14.0 44.0 0.26387737577131926
14.0 46.0 0.2604799804656935
14.0 48.0 0.21903552292827758
14.0 50.0 0.1304999389343458
14.0 52.0 0.010654088336969262
14.0 54.0 0.0
14.0 56.0 0.0
14.0 58.0 0.0
14.0 60.0 0.0
14.0 62.0 0.0
14.0 64.0 0.0
14.0 66.0 0.0
14.0 68.0 0.0
14.0 70.0 0.0
14.0 72.0 0.0
14.0 74.0 0.009507545646012637
14.0 76.0 0.08525497263384833
14.0 78.0 0.17510601726134364
14.0 80.0 0.23145920577293796
14.0 82.0 0.24170794212576704
14.0 84.0 0.2596689457523055
14.0 86.0 0.29641870703471657
14.0 88.0 0.28166101373972535
14.0 90.0 0.25740493011992926
14.0 92.0 0.10897436464040149
14.0 94.0 0.0020743874294285184
14.0 96.0 0.0
14.0 98.0 0.0
14.0 100.0 0.0
14.0 102.0 0.0
14.0 104.0 0.0
14.0 106.0 0.0
14.0 108.0 0.0
14.0 110.0 0.0
14.0 112.0 0.0
14.0 114.0 0.0
14.0 116.0 0.0
14.0 118.0 0.0
14.0 120.0 0.0
14.0 122.0 0.0
14.0 124.0 0.0
14.0 126.0 0.0
16.0 0.0 0.0
16.0 2.0 0.0
16.0 4.0 0.0
16.0 6.0 0.0
16.0 8.0 0.0
16.0 10.0 0.0
16.0 12.0 0.0
16.0 14.0 0.0
16.0 16.0 0.0
16.0 18.0 0.0
16.0 20.0 0.0
16.0 22.0 0.0
16.0 24.0 0.0
16.0 26.0 0.0
16.0 28.0 0.0
16.0 30.0 0.025959526427112523
16.0 32.0 0.14169898032432485
16.0 34.0 0.23059468315450274
16.0 36.0 0.3083271787188178
16.0 38.0 0.34098644584994053
16.0 40.0 0.3289452752139884
16.0 42.0 0.3519994924473305
16.0 44.0 0.33374264885966615
16.0 46.0 0.30517001864590926
16.0 48.0 0.30465807618693636
16.0 50.0 0.20527556305008451
16.0 52.0 0.045157243393081296
16.0 54.0 0.0
16.0 56.0 0.0
16.0 58.0 0.0
16.0 60.0 0.0
16.0 62.0 0.0
16.0 64.0 0.0
16.0 66.0 0.0
16.0 68.0 0.0
16.0 70.0 0.0
16.0 72.0 0.0
16.0 74.0 0.0
16.0 76.0 0.035807652381841255
16.0 78.0 0.11790636441072914
16.0 80.0 0.18441774471793063
16.0 82.0 0.2181075874665748
16.0 84.0 0.225208923545135
16.0 86.0 0.2541113116825389
16.0 88.0 0.2701773761398787
16.0 90.0 0.209419616487442
16.0 92.0 0.11003673115655162
16.0 94.0 0.007861550693767283
16.0 96.0 0.0
16.0 98.0 0.0
16.0 100.0 0.0
16.0 102.0 0.0
16.0 104.0 0.0
16.0 106.0 0.0
16.0 108.0 0.0
16.0 110.0 0.0
16.0 112.0 0.0
16.0 114.0 0.0
16.0 116.0 0.0
16.0 118.0 0.0
16.0 120.0 0.0
16.0 122.0 0.0
16.0 124.0 0.0
16.0 126.0 0.0
18.0 0.0 0.0
18.0 2.0 0.0
18.0 4.0 0.0
18.0 6.0 0.0
18.0 8.0 0.0
18.0 10.0 0.0
18.0 12.0 0.0
18.0 14.0 0.0
18.0 16.0 0.0
18.0 18.0 0.0
18.0 20.0 0.0
18.0 22.0 0.0
18.0 24.0 0.0
18.0 26.0 0.0
18.0 28.0 0.02199128811655465
18.0 30.0 0.11775093675322235
18.0 32.0 0.25109349497976163
18.0 34.0 0.3165782132926711
18.0 36.0 0.3667660936440103
18.0 38.0 0.41428651572058195
18.0 40.0 0.39578033826882114
18.0 42.0 0.3979866664208767
18.0 44.0 0.4183495253450307
18.0 46.0 0.4084542311861228
18.0 48.0 0.3613979300204346
18.0 50.0 0.27945286245567064
18.0 52.0 0.08556442911138341
18.0 54.0 7.036211170473775E-4
18.0 56.0 0.0
18.0 58.0 0.0
18.0 60.0 0.0
18.0 62.0 0.0
18.0 64.0 0.0
18.0 66.0 0.0
18.0 68.0 0.0
18.0 70.0 0.0
18.0 72.0 0.0
18.0 74.0 0.0
18.0 76.0 0.006844222164470417
18.0 78.0 0.06899600300935835
18.0 80.0 0.13767994706659614
18.0 82.0 0.1799035222373122
18.0 84.0 0.1940472516550685
18.0 86.0 0.20140294550458515
18.0 88.0 0.23151801647214496
18.0 90.0 0.17943418571605987
18.0 92.0 0.0883497163721824
18.0 94.0 0.007219911599291056
18.0 96.0 0.0
18.0 98.0 0.0
18.0 100.0 0.0
18.0 102.0 0.0
18.0 104.0 0.0
18.0 106.0 0.0
18.0 108.0 0.0
18.0 110.0 0.0
18.0 112.0 0.0
18.0 114.0 0.0
18.0 116.0 0.0
18.0 118.0 0.0
18.0 120.0 0.0
18.0 122.0 0.0
18.0 124.0 0.0
18.0 126.0 0.0
20.0 0.0 0.0
20.0 2.0 0.0
20.0 4.0 0.0
20.0 6.0 0.0
20.0 8.0 0.0
20.0 10.0 0.0
20.0 12.0 0.0
20.0 14.0 0.0
20.0 16.0 0.0
20.0 18.0 0.0
20.0 20.0 0.0
20.0 22.0 0.0
20.0 24.0 0.0017397102978534242
20.0 26.0 0.022901270564133245
20.0 28.0 0.0872762373113768
20.0 30.0 0.19877760727769997
20.0 32.0 0.3449385678438491
20.0 34.0 0.37174399201653396
20.0 36.0 0.3988754408097756
20.0 38.0 0.4559505468368709
20.0 40.0 0.4353981028924505
20.0 42.0 0.4237036017049493
20.0 44.0 0.44240248301219975
20.0 46.0 0.4428948167640667
20.0 48.0 0.43371061981782844
20.0 50.0 0.33066710712660313
20.0 52.0 0.15583678111018248
20.0 54.0 0.01643907440590395
20.0 56.0 0.0
20.0 58.0 0.0
20.0 60.0 0.0
20.0 62.0 0.0
20.0 64.0 0.0
20.0 66.0 0.0
20.0 68.0 0.0
20.0 70.0 0.0
20.0 72.0 0.0
20.0 74.0 0.0
20.0 76.0 0.0
20.0 78.0 0.032745225632992016
20.0 80.0 0.08761210394240943
20.0 82.0 0.12970696094946485
20.0 84.0 0.15015891976294696
20.0 86.0 0.15353408472357855
20.0 88.0 0.17139992206198454
20.0 90.0 0.12866619447148792
20.0 92.0 0.0490335542235665
20.0 94.0 0.00278787792744668
20.0 96.0 0.0
20.0 98.0 0.0
20.0 100.0 0.0
20.0 102.0 0.0
20.0 104.0 0.0
20.0 106.0 0.0
20.0 108.0 0.006288283010475512
20.0 110.0 0.0
20.0 112.0 0.0
20.0 114.0 0.0
20.0 116.0 0.0
20.0 118.0 0.0
20.0 120.0 0.0
20.0 122.0 0.0
20.0 124.0 0.0
20.0 126.0 0.0
22.0 0.0 0.0
22.0 2.0 0.0
22.0 4.0 0.0
22.0 6.0 0.0
22.0 8.0 0.0
22.0 10.0 0.0
22.0 12.0 0.0
22.0 14.0 0.0
22.0 16.0 0.07134855611220071
22.0 18.0 0.003390784300184088
22.0 20.0 5.619900689108488E-4
22.0 22.0 9.070429094703786E-4
22.0 24.0 7.079417560495234E-4
22.0 26.0 0.01790252505636324
22.0 28.0 0.0906235467861406
22.0 30.0 0.2142474081882116
22.0 32.0 0.3669297408086208
22.0 34.0 0.41177793455383466
22.0 36.0 0.42568236299883405
22.0 38.0 0.44427819721387957
22.0 40.0 0.4916557436958124
22.0 42.0 0.5083295582541582
22.0 44.0 0.5078764736895265
22.0 46.0 0.49209208893512857
22.0 48.0 0.45948473020317976
22.0 50.0 0.4123297851715939
22.0 52.0 0.2107879032134035
22.0 54.0 0.047718439307876594
22.0 56.0 0.0
22.0 58.0 0.0
22.0 60.0 0.0
22.0 62.0 0.0
22.0 64.0 0.0
22.0 66.0 0.0
22.0 68.0 0.0
22.0 70.0 0.0
22.0 72.0 0.0
22.0 74.0 0.0
22.0 76.0 0.0
22.0 78.0 2.3617582702892246E-4
22.0 80.0 0.03922276642600312
22.0 82.0 0.07941367645860974
22.0 84.0 0.10029697571006944
22.0 86.0 0.10189940676321935
22.0 88.0 0.10247240560787078
22.0 90.0 0.06431576616047177
22.0 92.0 0.019858095285128212
22.0 94.0 0.0
22.0 96.0 0.0
22.0 98.0 0.0
22.0 100.0 0.0
22.0 102.0 0.0
22.0 104.0 0.0
22.0 106.0 0.00216064203560841
22.0 108.0 0.09419446858041486
22.0 110.0 0.26169122672077244
22.0 112.0 0.0
22.0 114.0 0.0
22.0 116.0 0.0
22.0 118.0 0.0
22.0 120.0 0.0
22.0 122.0 0.0
22.0 124.0 0.0
22.0 126.0 0.0
24.0 0.0 0.0
24.0 2.0 0.0
24.0 4.0 0.0
24.0 6.0 0.0
24.0 8.0 0.0
24.0 10.0 0.0
24.0 12.0 0.0
24.0 14.0 0.1602869454592493
24.0 16.0 0.0
24.0 18.0 0.0
24.0 20.0 0.0
24.0 22.0 0.0
24.0 24.0 0.0
24.0 26.0 0.0
24.0 28.0 0.058868161333044546
24.0 30.0 0.17279112548233325
24.0 32.0 0.2972312212505271
24.0 34.0 0.41505156556256423
24.0 36.0 0.44150421747300617
24.0 38.0 0.4653626338866639
24.0 40.0 0.46255352578703546
24.0 42.0 0.48153526724242335
24.0 44.0 0.5012206336114419
24.0 46.0 0.49579592855524196
24.0 48.0 0.4781697666250641
24.0 50.0 0.44108340753909103
24.0 52.0 0.2710760380571889
24.0 54.0 0.07817093185342314
24.0 56.0 0.0
24.0 58.0 0.0
24.0 60.0 0.0
24.0 62.0 0.0
24.0 64.0 0.0
24.0 66.0 0.0
24.0 68.0 0.0
24.0 70.0 0.0
24.0 72.0 0.0
24.0 74.0 0.0
24.0 76.0 0.0
24.0 78.0 0.0
24.0 80.0 0.0
24.0 82.0 0.014312437375631398
24.0 84.0 0.031956294977606034
24.0 86.0 0.035016148994810974
24.0 88.0 0.029213038282807167
24.0 90.0 0.01920523143219951
24.0 92.0 0.0
24.0 94.0 0.0
24.0 96.0 0.0
24.0 98.0 0.0
24.0 100.0 0.0
24.0 102.0 0.0
24.0 104.0 0.0
24.0 106.0 0.04857952630772818
24.0 108.0 0.19124960997817878
24.0 110.0 0.34371985813976874
24.0 112.0 0.45137992054883486
24.0 114.0 0.0
24.0 116.0 0.0
24.0 118.0 0.0
24.0 120.0 0.0
24.0 122.0 0.0
24.0 124.0 0.0
24.0 126.0 0.0
26.0 0.0 0.0
26.0 2.0 0.0
26.0 4.0 0.0
26.0 6.0 0.0
26.0 8.0 0.0
26.0 10.0 0.0
26.0 12.0 0.0
26.0 14.0 0.13461229528539723
26.0 16.0 0.0
26.0 18.0 0.0
26.0 20.0 0.0
26.0 22.0 0.0
26.0 24.0 0.0
26.0 26.0 0.0
26.0 28.0 0.013676108839859933
26.0 30.0 0.1254211474061335
26.0 32.0 0.24447477276554588
26.0 34.0 0.36165669344713475
26.0 36.0 0.43443541364403915
26.0 38.0 0.44299427492987803
26.0 40.0 0.446347124055982
26.0 42.0 0.46776634031903325
26.0 44.0 0.486511810251449
26.0 46.0 0.4854022210485507
26.0 48.0 0.4656223354371363
26.0 50.0 0.4527129212924186
26.0 52.0 0.29917486547464833
26.0 54.0 0.09901349564144456
26.0 56.0 0.0
26.0 58.0 0.0
26.0 60.0 0.0
26.0 62.0 0.0
26.0 64.0 0.0
26.0 66.0 0.0
26.0 68.0 0.0
26.0 70.0 0.0
26.0 72.0 0.0
26.0 74.0 0.0
26.0 76.0 0.0
26.0 78.0 0.0
26.0 80.0 0.0
26.0 82.0 0.0
26.0 84.0 0.004150702783308184
26.0 86.0 0.0063825049485858884
26.0 88.0 0.008603804855801322
26.0 90.0 0.0
26.0 92.0 0.0
26.0 94.0 0.0
26.0 96.0 0.0
26.0 98.0 0.0
26.0 100.0 0.0
26.0 102.0 0.0
26.0 104.0 8.095520285247991E-4
26.0 106.0 0.11726294215251927
26.0 108.0 0.2623721850651198
26.0 110.0 0.3901513226545001
26.0 112.0 0.47455272356986616
26.0 114.0 0.4391829571735189
26.0 116.0 0.0
26.0 118.0 0.0
26.0 120.0 0.0
26.0 122.0 0.0
26.0 124.0 0.0
26.0 126.0 0.0
28.0 0.0 0.0
28.0 2.0 0.0
28.0 4.0 0.0
28.0 6.0 0.0
28.0 8.0 0.0
28.0 10.0 0.0
28.0 12.0 0.07243778877982253
28.0 14.0 0.0
28.0 16.0 0.0
28.0 18.0 0.0
28.0 20.0 0.0
28.0 22.0 0.0
28.0 24.0 0.0
28.0 26.0 0.0
28.0 28.0 0.0018792501187534303
28.0 30.0 0.08527682507790636
28.0 32.0 0.19674153686043092
28.0 34.0 0.30585638385078223
28.0 36.0 0.3864287162801432
28.0 38.0 0.3786527424804818
28.0 40.0 0.3956417210584339
28.0 42.0 0.4049571632813392
28.0 44.0 0.42020731519233906
28.0 46.0 0.4204711791559197
28.0 48.0 0.39743697113174026
28.0 50.0 0.42506501695792004
28.0 52.0 0.28935013618723887
28.0 54.0 0.10184188321552153
28.0 56.0 0.0
28.0 58.0 0.0
28.0 60.0 0.0
28.0 62.0 0.0
28.0 64.0 0.0
28.0 66.0 0.0
28.0 68.0 0.0
28.0 70.0 0.0
28.0 72.0 0.0
28.0 74.0 0.0
28.0 76.0 0.0
28.0 78.0 0.0
28.0 80.0 0.0
28.0 82.0 0.0
28.0 84.0 0.0
28.0 86.0 0.0
28.0 88.0 0.0
28.0 90.0 0.0
28.0 92.0 0.0
28.0 94.0 0.0
28.0 96.0 0.0
28.0 98.0 0.0
28.0 100.0 0.0
28.0 102.0 0.0
28.0 104.0 0.06888205989142222
28.0 106.0 0.19872409330942611
28.0 108.0 0.31280555643122016
28.0 110.0 0.4389532635367687
28.0 112.0 0.5048987143568593
28.0 114.0 0.4817643162027201
28.0 116.0 0.27323513151003365
28.0 118.0 0.0
28.0 120.0 0.0
28.0 122.0 0.0
28.0 124.0 0.0
28.0 126.0 0.0
30.0 0.0 0.0
30.0 2.0 0.0
30.0 4.0 0.0
30.0 6.0 0.0
30.0 8.0 0.0
30.0 10.0 0.009070875517208487
30.0 12.0 0.0
30.0 14.0 0.0
30.0 16.0 0.0
30.0 18.0 0.0
30.0 20.0 0.0
30.0 22.0 0.0
30.0 24.0 0.0
30.0 26.0 0.0
30.0 28.0 0.002564914811892548
30.0 30.0 0.05058614597399855
30.0 32.0 0.12030693089752677
30.0 34.0 0.19221991356944068
30.0 36.0 0.25512655474440965
30.0 38.0 0.28598280765682266
30.0 40.0 0.2976439958438686
30.0 42.0 0.3203096525098252
30.0 44.0 0.3344818956880203
30.0 46.0 0.3392624716215562
30.0 48.0 0.3694789242237591
30.0 50.0 0.3711162176506216
30.0 52.0 0.24178421767391003
30.0 54.0 0.09485272135592503
30.0 56.0 0.001806451455051184
30.0 58.0 0.0
30.0 60.0 0.0
30.0 62.0 0.0
30.0 64.0 0.0
30.0 66.0 0.0
30.0 68.0 0.0
30.0 70.0 0.0
30.0 72.0 0.0
30.0 74.0 0.0
30.0 76.0 0.0
30.0 78.0 0.0
30.0 80.0 0.0
30.0 82.0 0.0
30.0 84.0 0.0
30.0 86.0 0.0
30.0 88.0 0.0
30.0 90.0 0.0
30.0 92.0 0.0
30.0 94.0 0.0
30.0 96.0 0.0
30.0 98.0 0.0
30.0 100.0 0.0
30.0 102.0 0.059796061603763134
30.0 104.0 0.18760346366361547
30.0 106.0 0.2963783435445282
30.0 108.0 0.3797329804162959
30.0 110.0 0.4243757755880118
30.0 112.0 0.5259527163427423
30.0 114.0 0.5121626719831038
30.0 116.0 0.2853437484585913
30.0 118.0 0.0
30.0 120.0 0.0
30.0 122.0 0.0
30.0 124.0 0.0
30.0 126.0 0.0
32.0 0.0 0.0
32.0 2.0 0.0
32.0 4.0 0.0
32.0 6.0 0.0
32.0 8.0 0.0
32.0 10.0 0.006523484572922514
32.0 12.0 0.0
32.0 14.0 0.0
32.0 16.0 0.0
32.0 18.0 0.0
32.0 20.0 0.0
32.0 22.0 0.0
32.0 24.0 0.0
32.0 26.0 0.0
32.0 28.0 0.0
32.0 30.0 0.015898063531413154
32.0 32.0 0.04311384175455583
32.0 34.0 0.07045719786465769
32.0 36.0 0.10374732605350694
32.0 38.0 0.1307840561317833
32.0 40.0 0.1662127783488354
32.0 42.0 0.19762052146660883
32.0 44.0 0.21340365548131557
32.0 46.0 0.22222034580433503
32.0 48.0 0.2782035107164294
32.0 50.0 0.2515791044335956
32.0 52.0 0.16977204588063366
32.0 54.0 0.09124684041599922
32.0 56.0 0.01963449084895923
32.0 58.0 0.0
32.0 60.0 0.0
32.0 62.0 0.0
32.0 64.0 0.0
32.0 66.0 0.0
32.0 68.0 0.0
32.0 70.0 0.0
32.0 72.0 0.0
32.0 74.0 0.0
32.0 76.0 0.0
32.0 78.0 0.0
32.0 80.0 0.0
32.0 82.0 0.0
32.0 84.0 0.0
32.0 86.0 0.0
32.0 88.0 0.0
32.0 90.0 0.0
32.0 92.0 0.0
32.0 94.0 0.0
32.0 96.0 0.001704627283027147
32.0 98.0 0.004373334130254648
32.0 100.0 0.026862821572751494
32.0 102.0 0.1525760737154169
32.0 104.0 0.28696778964898456
32.0 106.0 0.3755709177653342
32.0 108.0 0.4061823841300862
32.0 110.0 0.43018710742246347
32.0 112.0 0.5434434820556092
32.0 114.0 0.5348740475950745
32.0 116.0 0.32014652234312935
32.0 118.0 0.004936947759668755
32.0 120.0 0.0
32.0 122.0 0.0
32.0 124.0 0.0
32.0 126.0 0.0
34.0 0.0 0.0
34.0 2.0 0.0
34.0 4.0 0.0
34.0 6.0 0.0
34.0 8.0 0.0
34.0 10.0 0.0
34.0 12.0 0.0
34.0 14.0 0.0
34.0 16.0 0.0
34.0 18.0 0.0
34.0 20.0 0.0
34.0 22.0 0.0
34.0 24.0 0.0
34.0 26.0 0.0
34.0 28.0 5.123595208911612E-6
34.0 30.0 0.009917694932638105
34.0 32.0 0.012637838754056947
34.0 34.0 0.007880363692515014
34.0 36.0 0.010137001895837201
34.0 38.0 0.048415452742480214
34.0 40.0 0.08238594489853802
34.0 42.0 0.09427451640049533
34.0 44.0 0.10513552488923555
34.0 46.0 0.11683940775435275
34.0 48.0 0.1463596824984726
34.0 50.0 0.1422908935826126
34.0 52.0 0.12642731971192386
34.0 54.0 0.11031689079542807
34.0 56.0 0.0898335199643892
34.0 58.0 0.039849426663634537
34.0 60.0 0.0
34.0 62.0 0.0
34.0 64.0 0.0
34.0 66.0 0.0
34.0 68.0 0.0
34.0 70.0 0.0
34.0 72.0 0.0
34.0 74.0 0.0
34.0 76.0 0.0
34.0 78.0 0.0
34.0 80.0 0.0
34.0 82.0 0.0
34.0 84.0 0.0
34.0 86.0 0.0
34.0 88.0 0.0
34.0 90.0 0.0
34.0 92.0 0.0
34.0 94.0 0.0
34.0 96.0 0.00907938132367843
34.0 98.0 0.019811519397502492
34.0 100.0 0.09463937506598225
34.0 102.0 0.22663365114349487
34.0 104.0 0.31737144691201663
34.0 106.0 0.3653627166878017
34.0 108.0 0.40427449573615165
34.0 110.0 0.4986542770282479
34.0 112.0 0.544481931620349
34.0 114.0 0.5426748556638992
34.0 116.0 0.36093800717187047
34.0 118.0 0.0074191841900322275
34.0 120.0 0.0
34.0 122.0 0.0
34.0 124.0 0.0
34.0 126.0 0.0
36.0 0.0 0.0
36.0 2.0 0.0
36.0 4.0 0.0
36.0 6.0 0.0
36.0 8.0 0.0
36.0 10.0 0.0
36.0 12.0 0.0
36.0 14.0 0.0
36.0 16.0 0.0
36.0 18.0 0.0
36.0 20.0 0.0
36.0 22.0 0.0
36.0 24.0 0.0
36.0 26.0 0.0
36.0 28.0 0.0
36.0 30.0 0.0
36.0 32.0 0.0
36.0 34.0 0.0
36.0 36.0 0.0
36.0 38.0 0.007974873121449262
36.0 40.0 0.014356996286409122
36.0 42.0 0.015533205574653342
36.0 44.0 0.021645233022088123
36.0 46.0 0.0356879813725432
36.0 48.0 0.054865693492755246
36.0 50.0 0.08186029835945109
36.0 52.0 0.09911314518516423
36.0 54.0 0.1312290494663146
36.0 56.0 0.15731490607192966
36.0 58.0 0.15732975021601495
36.0 60.0 0.15239451890711736
36.0 62.0 0.14269960906368864
36.0 64.0 0.1178145550932011
36.0 66.0 0.08685304360034746
36.0 68.0 0.03491374602502872
36.0 70.0 0.0070014670149726
36.0 72.0 0.001094329721405173
36.0 74.0 0.0
36.0 76.0 0.0
36.0 78.0 0.0
36.0 80.0 0.0
36.0 82.0 0.0
36.0 84.0 0.0
36.0 86.0 0.0
36.0 88.0 0.0
36.0 90.0 0.0
36.0 92.0 0.0
36.0 94.0 0.0
36.0 96.0 0.010919405672810899
36.0 98.0 0.04392349596560332
36.0 100.0 0.1516532278264398
36.0 102.0 0.27594802974889354
36.0 104.0 0.3084275246088208
36.0 106.0 0.3656051284291753
36.0 108.0 0.4015176357237666
36.0 110.0 0.5113576701643033
36.0 112.0 0.5500110167250881
36.0 114.0 0.5519858162866361
36.0 116.0 0.39410527199253303
36.0 118.0 0.011635427295823642
36.0 120.0 0.0
36.0 122.0 0.0
36.0 124.0 0.0
36.0 126.0 0.0
38.0 0.0 0.0
38.0 2.0 0.0
38.0 4.0 0.0
38.0 6.0 0.0
38.0 8.0 0.0
38.0 10.0 0.0
38.0 12.0 0.0
38.0 14.0 0.0
38.0 16.0 0.0
38.0 18.0 0.0
38.0 20.0 0.0
38.0 22.0 0.0
38.0 24.0 0.0
38.0 26.0 0.0
38.0 28.0 0.0
38.0 30.0 0.0
38.0 32.0 0.0
38.0 34.0 0.0
38.0 36.0 0.0
38.0 38.0 0.0
38.0 40.0 0.0
38.0 42.0 0.0
38.0 44.0 2.2507579628489787E-5
38.0 46.0 0.004956969638622223
38.0 48.0 0.016376597811102542
38.0 50.0 0.043167393875441024
38.0 52.0 0.08985346373739665
38.0 54.0 0.14515951654108525
38.0 56.0 0.20309860836287008
38.0 58.0 0.23755082174707665
38.0 60.0 0.26304143976684113
38.0 62.0 0.274947084207762
38.0 64.0 0.2626998977051081
38.0 66.0 0.21977162491690636
38.0 68.0 0.13783593900643046
38.0 70.0 0.06112548411745224
38.0 72.0 0.007841222479902741
38.0 74.0 0.0
38.0 76.0 0.0
38.0 78.0 0.0
38.0 80.0 0.0
38.0 82.0 0.0
38.0 84.0 0.0
38.0 86.0 0.0
38.0 88.0 0.0
38.0 90.0 0.0
38.0 92.0 0.0
38.0 94.0 0.0
38.0 96.0 0.006151519781356029
38.0 98.0 0.03619207330879822
38.0 100.0 0.16508840953151546
38.0 102.0 0.244873705265973
38.0 104.0 0.32206967354630117
38.0 106.0 0.3722644050773373
38.0 108.0 0.40407808564333614
38.0 110.0 0.5129548351151713
38.0 112.0 0.5441748425206786
38.0 114.0 0.5401019299301678
38.0 116.0 0.4063232793762548
38.0 118.0 0.021273060416351828
38.0 120.0 0.0
38.0 122.0 0.0
38.0 124.0 0.0
38.0 126.0 0.0
40.0 0.0 0.0
40.0 2.0 0.0
40.0 4.0 0.0
40.0 6.0 0.0
40.0 8.0 0.0
40.0 10.0 0.0
40.0 12.0 0.0
40.0 14.0 0.0
40.0 16.0 0.0
40.0 18.0 0.0
40.0 20.0 0.0
40.0 22.0 0.0
40.0 24.0 0.0
40.0 26.0 0.0
40.0 28.0 0.0
40.0 30.0 0.0
40.0 32.0 0.0
40.0 34.0 0.0
40.0 36.0 0.0
40.0 38.0 0.0
40.0 40.0 0.0
40.0 42.0 0.0
40.0 44.0 0.0
40.0 46.0 0.0
40.0 48.0 0.004329568599033337
40.0 50.0 0.027628979590036604
40.0 52.0 0.08482997917102551
40.0 54.0 0.16876043501191398
40.0 56.0 0.24474858760750282
40.0 58.0 0.2980439981758377
40.0 60.0 0.33487197808658803
40.0 62.0 0.35250594095963955
40.0 64.0 0.3468038524800867
40.0 66.0 0.3137435180447616
40.0 68.0 0.2295865469170076
40.0 70.0 0.10582546254381979
40.0 72.0 0.01818914574140695
40.0 74.0 0.0
40.0 76.0 0.0
40.0 78.0 0.0
40.0 80.0 0.0
40.0 82.0 0.0
40.0 84.0 0.0
40.0 86.0 0.0
40.0 88.0 0.0
40.0 90.0 0.0
40.0 92.0 0.0
40.0 94.0 0.0
40.0 96.0 0.0
40.0 98.0 0.01560996017267124
40.0 100.0 0.15051491284415378
40.0 102.0 0.23787038133432506
40.0 104.0 0.3219191092368463
40.0 106.0 0.3700636244468675
40.0 108.0 0.4022997076850259
40.0 110.0 0.4895840374795432
40.0 112.0 0.520921942338961
40.0 114.0 0.5152129325547644
40.0 116.0 0.4040443434233172
40.0 118.0 0.05088444919272311
40.0 120.0 0.0
40.0 122.0 0.0
40.0 124.0 0.0
40.0 126.0 0.0
42.0 0.0 0.0
42.0 2.0 0.0
42.0 4.0 0.0
42.0 6.0 0.0
42.0 8.0 0.0
42.0 10.0 0.0
42.0 12.0 0.0
42.0 14.0 0.0
42.0 16.0 0.0
42.0 18.0 0.0
42.0 20.0 0.0
42.0 22.0 0.0
42.0 24.0 0.0
42.0 26.0 0.0
42.0 28.0 0.0
42.0 30.0 0.0
42.0 32.0 0.0
42.0 34.0 0.0
42.0 36.0 0.0
42.0 38.0 0.0
42.0 40.0 0.0
42.0 42.0 0.0
42.0 44.0 0.0
42.0 46.0 0.0
42.0 48.0 4.4153198421376886E-4
42.0 50.0 0.024583666822871882
42.0 52.0 0.09162463420547062
42.0 54.0 0.19397063138322793
42.0 56.0 0.2829765086033149
42.0 58.0 0.34514633035963005
42.0 60.0 0.3830370541627106
42.0 62.0 0.39803581072860655
42.0 64.0 0.3891424528900917
42.0 66.0 0.3606831444908492
42.0 68.0 0.28958572131282945
42.0 70.0 0.15001142433055567
42.0 72.0 0.02978595410900826
42.0 74.0 0.0
42.0 76.0 0.0
42.0 78.0 0.0
42.0 80.0 0.0
42.0 82.0 0.0
42.0 84.0 0.0
42.0 86.0 0.0
42.0 88.0 0.0
42.0 90.0 0.0
42.0 92.0 0.0
42.0 94.0 0.0
42.0 96.0 0.0
42.0 98.0 0.007797264876469148
42.0 100.0 0.11905400312136886
42.0 102.0 0.23505908486035854
42.0 104.0 0.30903871700588387
42.0 106.0 0.36098033749586866
42.0 108.0 0.39410054376589015
42.0 110.0 0.4450222940653233
42.0 112.0 0.4936761299609696
42.0 114.0 0.4781953487230955
42.0 116.0 0.38389947026811316
42.0 118.0 0.08950543387358574
42.0 120.0 0.0
42.0 122.0 0.0
42.0 124.0 0.0
42.0 126.0 0.0
44.0 0.0 0.0
44.0 2.0 0.0
44.0 4.0 0.0
44.0 6.0 0.0
44.0 8.0 0.0
44.0 10.0 0.0
44.0 12.0 0.0
44.0 14.0 0.00533216717340157
44.0 16.0 0.0606079163031621
44.0 18.0 0.04873466549604497
44.0 20.0 0.024033411062756426
44.0 22.0 2.8603323955828682E-5
44.0 24.0 0.0011202761636436602
44.0 26.0 0.0010594836664010682
44.0 28.0 0.0
44.0 30.0 0.0
44.0 32.0 0.0
44.0 34.0 0.0
44.0 36.0 0.0
44.0 38.0 0.0
44.0 40.0 0.0
44.0 42.0 0.0
44.0 44.0 0.0
44.0 46.0 0.0
44.0 48.0 0.0
44.0 50.0 0.0221564155553151
44.0 52.0 0.10246184828173897
44.0 54.0 0.2216910631459217
44.0 56.0 0.3213599618364335
44.0 58.0 0.38668408092513024
44.0 60.0 0.4215279227379219
44.0 62.0 0.43192109727474115
44.0 64.0 0.41956482878165385
44.0 66.0 0.38189441273991603
44.0 68.0 0.31024178908388655
44.0 70.0 0.19691842651521294
44.0 72.0 0.037608955513294254
44.0 74.0 0.0
44.0 76.0 0.0
44.0 78.0 0.0
44.0 80.0 0.0
44.0 82.0 0.0
44.0 84.0 0.0
44.0 86.0 0.0
44.0 88.0 0.0
44.0 90.0 0.0
44.0 92.0 0.0
44.0 94.0 0.0
44.0 96.0 0.0
44.0 98.0 0.0011557847085629474
44.0 100.0 0.08445946156049411
44.0 102.0 0.2147459344281836
44.0 104.0 0.28886466554042656
44.0 106.0 0.3347671386287053
44.0 108.0 0.3672854949891869
44.0 110.0 0.4052572325974945
44.0 112.0 0.453968946660438
44.0 114.0 0.43348491777893455
44.0 116.0 0.3508520966013826
44.0 118.0 0.13205322245301113
44.0 120.0 0.0
44.0 122.0 0.0
44.0 124.0 0.0
44.0 126.0 0.0
46.0 0.0 0.0
46.0 2.0 0.0
46.0 4.0 0.0
46.0 6.0 0.0
46.0 8.0 0.0
46.0 10.0 0.0
46.0 12.0 0.011117622502896501
46.0 14.0 0.1455251048505742
46.0 16.0 0.2319848947247095
46.0 18.0 0.19873698867116105
46.0 20.0 0.15525690613767298
46.0 22.0 0.06375539784118468
46.0 24.0 0.04210322760421123
46.0 26.0 0.008712875661420488
46.0 28.0 0.0
46.0 30.0 0.0
46.0 32.0 0.0
46.0 34.0 0.0
46.0 36.0 0.0
46.0 38.0 0.0
46.0 40.0 0.0
46.0 42.0 0.0
46.0 44.0 0.0
46.0 46.0 0.0
46.0 48.0 0.0
46.0 50.0 0.020358629674661857
46.0 52.0 0.11354778121774234
46.0 54.0 0.2471853732243555
46.0 56.0 0.3565965991651887
46.0 58.0 0.427332033659662
46.0 60.0 0.4598708529827242
46.0 62.0 0.41077141983686777
46.0 64.0 0.3801138229799834
46.0 66.0 0.3479486992627638
46.0 68.0 0.29822240018519025
46.0 70.0 0.23083933056416917
46.0 72.0 0.047930184523069554
46.0 74.0 0.0
46.0 76.0 0.0
46.0 78.0 0.0
46.0 80.0 0.0
46.0 82.0 0.0
46.0 84.0 0.0
46.0 86.0 0.0
46.0 88.0 0.0
46.0 90.0 0.0
46.0 92.0 0.0
46.0 94.0 0.0
46.0 96.0 0.0
46.0 98.0 0.0
46.0 100.0 0.0396318598168677
46.0 102.0 0.14630574154505394
46.0 104.0 0.24344095639016491
46.0 106.0 0.3029865075443789
46.0 108.0 0.33152044394351027
46.0 110.0 0.34801140848795636
46.0 112.0 0.38142881521040567
46.0 114.0 0.3768761437461076
46.0 116.0 0.3041724522627582
46.0 118.0 0.1561390854154386
46.0 120.0 0.0032618578182771335
46.0 122.0 0.0
46.0 124.0 0.0
46.0 126.0 0.0
48.0 0.0 0.0
48.0 2.0 0.0
48.0 4.0 0.0
48.0 6.0 0.0
48.0 8.0 0.0
48.0 10.0 0.045893272002287606
48.0 12.0 0.2424726311314294
48.0 14.0 0.3622089738115184
48.0 16.0 0.38310134481031
48.0 18.0 0.35348529845048526
48.0 20.0 0.2890194535045003
48.0 22.0 0.17502828106960988
48.0 24.0 0.09949366300404637
48.0 26.0 0.028846745307357608
48.0 28.0 0.0
48.0 30.0 0.0
48.0 32.0 0.0
48.0 34.0 0.0
48.0 36.0 0.0
48.0 38.0 0.0
48.0 40.0 0.0
48.0 42.0 0.0
48.0 44.0 0.0
48.0 46.0 0.0
48.0 48.0 0.0
48.0 50.0 0.018150896062565477
48.0 52.0 0.11960604918848151
48.0 54.0 0.26523746184370595
48.0 56.0 0.3863398265670949
48.0 58.0 0.4460952123191478
48.0 60.0 0.4140689516166152
48.0 62.0 0.4100559672307713
48.0 64.0 0.39377978491306065
48.0 66.0 0.35976106318190476
48.0 68.0 0.3094141818599628
48.0 70.0 0.2437321890684626
48.0 72.0 0.04796956922549033
48.0 74.0 0.0
48.0 76.0 0.0
48.0 78.0 0.0
48.0 80.0 0.0
48.0 82.0 0.0
48.0 84.0 0.0
48.0 86.0 0.0
48.0 88.0 0.0
48.0 90.0 0.0
48.0 92.0 0.0
48.0 94.0 0.0
48.0 96.0 0.0
48.0 98.0 8.340343127365224E-4
48.0 100.0 0.01890749479733868
48.0 102.0 0.07803796881345718
48.0 104.0 0.1546005100562695
48.0 106.0 0.2173709997492883
48.0 108.0 0.26216048116044594
48.0 110.0 0.283758301066439
48.0 112.0 0.3023647415085176
48.0 114.0 0.297401214027589
48.0 116.0 0.24459604465087623
48.0 118.0 0.15237214875387955
48.0 120.0 0.01740670782532502
48.0 122.0 0.0
48.0 124.0 0.0
48.0 126.0 0.0
50.0 0.0 0.0
50.0 2.0 0.0
50.0 4.0 0.0
50.0 6.0 0.0
50.0 8.0 0.006038063579933919
50.0 10.0 0.18316943018612028
50.0 12.0 0.3474598307535112
50.0 14.0 0.3964074726833895
50.0 16.0 0.42192616988557435
50.0 18.0 0.4011786483379489
50.0 20.0 0.35167090580499444
50.0 22.0 0.2563158151225741
50.0 24.0 0.1459301058319942
50.0 26.0 0.04101678956407639
50.0 28.0 0.0
50.0 30.0 0.0
50.0 32.0 0.0
50.0 34.0 0.0
50.0 36.0 0.0
50.0 38.0 0.0
50.0 40.0 0.0
50.0 42.0 0.0
50.0 44.0 0.0
50.0 46.0 0.0
50.0 48.0 0.0
50.0 50.0 0.0019232910268275818
50.0 52.0 0.10777734566518593
50.0 54.0 0.27504629251949014
50.0 56.0 0.40884119388907575
50.0 58.0 0.47253182967965673
50.0 60.0 0.425206697914428
50.0 62.0 0.40807333937090157
50.0 64.0 0.3948985918337337
50.0 66.0 0.36269101366401446
50.0 68.0 0.32367234769357034
50.0 70.0 0.24289448859113857
50.0 72.0 0.038579623363818975
50.0 74.0 0.0
50.0 76.0 0.0
50.0 78.0 0.0
50.0 80.0 0.0
50.0 82.0 0.0
50.0 84.0 0.0
50.0 86.0 0.0
50.0 88.0 0.0
50.0 90.0 0.0
50.0 92.0 0.0
50.0 94.0 0.0
50.0 96.0 0.0
50.0 98.0 0.0
50.0 100.0 0.0017460066318479496
50.0 102.0 0.021450057008876464
50.0 104.0 0.06406688021321759
50.0 106.0 0.1205291322957495
50.0 108.0 0.1730557809582387
50.0 110.0 0.19697174276758025
50.0 112.0 0.21205036009004344
50.0 114.0 0.2108688585375352
50.0 116.0 0.1770055657306929
50.0 118.0 0.12961478182310107
50.0 120.0 0.05916829682942689
50.0 122.0 0.0021796627033718865
50.0 124.0 0.0
50.0 126.0 0.0
52.0 0.0 0.0
52.0 2.0 0.0
52.0 4.0 0.0
52.0 6.0 0.0
52.0 8.0 0.11038417153115244
52.0 10.0 0.2889493745048785
52.0 12.0 0.3997131372048506
52.0 14.0 0.4167050249224192
52.0 16.0 0.4404451762908284
52.0 18.0 0.4242784267096437
52.0 20.0 0.38462604647928317
52.0 22.0 0.30890319236347025
52.0 24.0 0.17466740222589705
52.0 26.0 0.04506050973291692
52.0 28.0 0.0
52.0 30.0 0.0
52.0 32.0 0.0
52.0 34.0 0.0
52.0 36.0 0.0
52.0 38.0 0.0
52.0 40.0 0.0
52.0 42.0 0.0
52.0 44.0 0.0
52.0 46.0 0.0
52.0 48.0 0.0
52.0 50.0 0.0
52.0 52.0 0.07557959228890171
52.0 54.0 0.26934387335390403
52.0 56.0 0.41265139028095454
52.0 58.0 0.4842403504274357
52.0 60.0 0.4298022187627371
52.0 62.0 0.4140046253532
52.0 64.0 0.39529885938956233
52.0 66.0 0.3658095428984565
52.0 68.0 0.3403645765690794
52.0 70.0 0.23372203101277575
52.0 72.0 0.026241463373789412
52.0 74.0 0.0
52.0 76.0 0.0
52.0 78.0 0.0
52.0 80.0 0.0
52.0 82.0 0.0
52.0 84.0 0.0
52.0 86.0 0.0
52.0 88.0 0.0
52.0 90.0 0.0
52.0 92.0 0.0
52.0 94.0 0.0
52.0 96.0 0.0
52.0 98.0 0.0
52.0 100.0 0.0
52.0 102.0 0.0032036430260045288
52.0 104.0 0.011187086674103919
52.0 106.0 0.024147595697109402
52.0 108.0 0.06758831281271131
52.0 110.0 0.0950097999637986
52.0 112.0 0.1050125441125166
52.0 114.0 0.11289589065150375
52.0 116.0 0.10838624187650081
52.0 118.0 0.09466100990989694
52.0 120.0 0.07476400137866891
52.0 122.0 0.04191377860917664
52.0 124.0 0.018718360231622523
52.0 126.0 0.0
54.0 0.0 0.0
54.0 2.0 0.03539262872169998
54.0 4.0 0.0472587562281363
54.0 6.0 0.12621608262768064
54.0 8.0 0.26864978056822264
54.0 10.0 0.36456455634116497
54.0 12.0 0.41690316615306006
54.0 14.0 0.44600922635178825
54.0 16.0 0.4609392492175255
54.0 18.0 0.44294308282412204
54.0 20.0 0.40996690825720483
54.0 22.0 0.32653652068556854
54.0 24.0 0.17450035050051413
54.0 26.0 0.03562326221484736
54.0 28.0 0.0
54.0 30.0 0.0
54.0 32.0 0.0
54.0 34.0 0.0
54.0 36.0 0.0
54.0 38.0 0.0
54.0 40.0 0.0
54.0 42.0 0.0
54.0 44.0 0.0
54.0 46.0 0.0
54.0 48.0 0.0
54.0 50.0 0.0
54.0 52.0 0.032371856579327216
54.0 54.0 0.24071601430938902
54.0 56.0 0.38982721137839604
54.0 58.0 0.4626269014666013
54.0 60.0 0.4154348921457256
54.0 62.0 0.40505249948695704
54.0 64.0 0.3960368338689882
54.0 66.0 0.36515938856677793
54.0 68.0 0.32977445040338127
54.0 70.0 0.20833769230532576
54.0 72.0 0.009726265478676407
54.0 74.0 0.0
54.0 76.0 0.0
54.0 78.0 0.0
54.0 80.0 0.0
54.0 82.0 0.0
54.0 84.0 0.0
54.0 86.0 0.0
54.0 88.0 0.0
54.0 90.0 0.0
54.0 92.0 0.0
54.0 94.0 0.0
54.0 96.0 0.0
54.0 98.0 0.0
54.0 100.0 0.0
54.0 102.0 0.0
54.0 104.0 0.0
54.0 106.0 0.0
54.0 108.0 0.006253994483565308
54.0 110.0 0.010472144513722775
54.0 112.0 0.016977843664117715
54.0 114.0 0.026295667139055488
54.0 116.0 0.03417981869124665
54.0 118.0 0.04591760253651205
54.0 120.0 0.06476529643906845
54.0 122.0 0.09256010976298572
54.0 124.0 0.15411057853676838
54.0 126.0 0.2859281779187222
56.0 0.0 0.0
56.0 2.0 0.32785849584232446
56.0 4.0 0.19249670315734577
56.0 6.0 0.21632560500951756
56.0 8.0 0.32398719531989423
56.0 10.0 0.387647991163091
56.0 12.0 0.422102629777418
56.0 14.0 0.4304908124941256
56.0 16.0 0.43796435782339493
56.0 18.0 0.43358629189516257
56.0 20.0 0.4103156502586
56.0 22.0 0.31101384045474295
56.0 24.0 0.1391939402693941
56.0 26.0 0.01030591841501103
56.0 28.0 0.0
56.0 30.0 0.0
56.0 32.0 0.0
56.0 34.0 0.0
56.0 36.0 0.0
56.0 38.0 0.0
56.0 40.0 0.0
56.0 42.0 0.0
56.0 44.0 0.0
56.0 46.0 0.0
56.0 48.0 0.0
56.0 50.0 0.0
56.0 52.0 0.015145172621103084
56.0 54.0 0.20577271589216706
56.0 56.0 0.33762593539659597
56.0 58.0 0.4144402340661595
56.0 60.0 0.38522669118465497
56.0 62.0 0.3809190843483508
56.0 64.0 0.37623078454541276
56.0 66.0 0.34684135372104663
56.0 68.0 0.330569649592934
56.0 70.0 0.15364107124650955
56.0 72.0 0.0012351937565926116
56.0 74.0 0.0
56.0 76.0 0.0
56.0 78.0 0.0
56.0 80.0 0.0
56.0 82.0 0.0
56.0 84.0 0.0
56.0 86.0 0.0
56.0 88.0 0.0
56.0 90.0 0.0
56.0 92.0 0.0
56.0 94.0 0.0
56.0 96.0 0.0
56.0 98.0 0.0
56.0 100.0 0.0
56.0 102.0 0.0
56.0 104.0 0.0
56.0 106.0 0.0
56.0 108.0 0.0
56.0 110.0 0.0
56.0 112.0 0.0
56.0 114.0 0.0
56.0 116.0 0.0
56.0 118.0 0.009512576487983869
56.0 120.0 0.04208362482956466
56.0 122.0 0.10818970099989628
56.0 124.0 0.2360885003490871
56.0 126.0 0.42308134564497224
58.0 0.0 0.0
58.0 2.0 0.47611649590858174
58.0 4.0 0.31350209903250154
58.0 6.0 0.32278051001397096
58.0 8.0 0.3592695467757228
58.0 10.0 0.41548246984643794
58.0 12.0 0.4239555657617346
58.0 14.0 0.41977492601634997
58.0 16.0 0.42648108944735746
58.0 18.0 0.4435483240447373
58.0 20.0 0.39199321101173684
58.0 22.0 0.25982134327821244
58.0 24.0 0.08253679884028495
58.0 26.0 0.0
58.0 28.0 0.0
58.0 30.0 0.0
58.0 32.0 0.0
58.0 34.0 0.0
58.0 36.0 0.0
58.0 38.0 0.0
58.0 40.0 0.0
58.0 42.0 0.0
58.0 44.0 0.0
58.0 46.0 0.0
58.0 48.0 0.0
58.0 50.0 0.0
58.0 52.0 0.018714550052752514
58.0 54.0 0.17262315850845592
58.0 56.0 0.2813137791358617
58.0 58.0 0.3438032117417698
58.0 60.0 0.38358732349705565
58.0 62.0 0.34190956862996025
58.0 64.0 0.3312923187385784
58.0 66.0 0.29492572308176973
58.0 68.0 0.23086973926635815
58.0 70.0 0.08041923952688639
58.0 72.0 0.0
58.0 74.0 0.0
58.0 76.0 0.0
58.0 78.0 0.0
58.0 80.0 0.0
58.0 82.0 0.0
58.0 84.0 0.0
58.0 86.0 0.0
58.0 88.0 0.0
58.0 90.0 0.0
58.0 92.0 0.0
58.0 94.0 0.0
58.0 96.0 0.0
58.0 98.0 0.0
58.0 100.0 0.0
58.0 102.0 0.0
58.0 104.0 0.0
58.0 106.0 0.0
58.0 108.0 0.0
58.0 110.0 0.0
58.0 112.0 0.0
58.0 114.0 0.0
58.0 116.0 0.0
58.0 118.0 0.0
58.0 120.0 0.022700353886655162
58.0 122.0 0.09866373729865226
58.0 124.0 0.25979690021776647
58.0 126.0 0.4595095442067769
60.0 0.0 0.0
60.0 2.0 0.5091778173908591
60.0 4.0 0.34490910037595274
60.0 6.0 0.3422644676788214
60.0 8.0 0.39200445090878544
60.0 10.0 0.413880057142655
60.0 12.0 0.4157138967495184
60.0 14.0 0.41612693830986475
60.0 16.0 0.4248922010194805
60.0 18.0 0.4292319904179485
60.0 20.0 0.3472204784651504
60.0 22.0 0.2001538931598751
60.0 24.0 0.034079832385669716
60.0 26.0 0.0
60.0 28.0 0.0
60.0 30.0 0.0
60.0 32.0 0.0
60.0 34.0 0.0
60.0 36.0 0.0
60.0 38.0 0.0
60.0 40.0 0.0
60.0 42.0 0.0
60.0 44.0 0.0
60.0 46.0 0.0
60.0 48.0 0.0
60.0 50.0 0.0
60.0 52.0 0.027166817944223376
60.0 54.0 0.14375801222260634
60.0 56.0 0.2242526460027879
60.0 58.0 0.27350717437888483
60.0 60.0 0.3005515756364956
60.0 62.0 0.2934497997705705
60.0 64.0 0.24765625893257215
60.0 66.0 0.21320440469299037
60.0 68.0 0.1387562406297336
60.0 70.0 0.043514549888407174
60.0 72.0 0.0
60.0 74.0 0.0
60.0 76.0 0.0
60.0 78.0 0.0
60.0 80.0 0.0
60.0 82.0 0.0
60.0 84.0 0.007684751291014963
60.0 86.0 0.019503630307519323
60.0 88.0 0.05512353003874582
60.0 90.0 0.0845996950880681
60.0 92.0 0.08098763099899219
60.0 94.0 0.05093126824958636
60.0 96.0 0.0028021348625681133
60.0 98.0 0.0
60.0 100.0 0.0
60.0 102.0 0.0
60.0 104.0 0.0
60.0 106.0 0.0
60.0 108.0 0.0
60.0 110.0 0.0
60.0 112.0 0.0
60.0 114.0 0.0
60.0 116.0 0.0
60.0 118.0 0.0
60.0 120.0 0.008978191584069378
60.0 122.0 0.07729220303807509
60.0 124.0 0.2388018796913088
60.0 126.0 0.4393757485495225
62.0 0.0 0.0
62.0 2.0 0.4923976911049573
62.0 4.0 0.33191176288828134
62.0 6.0 0.32547304832536084
62.0 8.0 0.3706940554547958
62.0 10.0 0.40816838411201967
62.0 12.0 0.4027881039748336
62.0 14.0 0.4096852660607359
62.0 16.0 0.42026801634752803
62.0 18.0 0.39463964603496643
62.0 20.0 0.2833953805937326
62.0 22.0 0.11234102072802266
62.0 24.0 3.01032282477384E-4
62.0 26.0 0.0
62.0 28.0 0.0
62.0 30.0 0.0
62.0 32.0 0.0
62.0 34.0 0.0
62.0 36.0 0.0
62.0 38.0 0.0
62.0 40.0 0.0
62.0 42.0 0.0
62.0 44.0 0.0
62.0 46.0 0.0
62.0 48.0 0.0
62.0 50.0 5.878891289917251E-4
62.0 52.0 0.029829522856794636
62.0 54.0 0.11110646174500981
62.0 56.0 0.16809712150337153
62.0 58.0 0.20143411705585043
62.0 60.0 0.21250623781571223
62.0 62.0 0.19259559715929672
62.0 64.0 0.15805479459255134
62.0 66.0 0.12187244252081114
62.0 68.0 0.06016396880973699
62.0 70.0 0.005065028515371641
62.0 72.0 0.0
62.0 74.0 0.0
62.0 76.0 0.0
62.0 78.0 0.0
62.0 80.0 0.0
62.0 82.0 0.03548151134932392
62.0 84.0 0.09355171012438969
62.0 86.0 0.14658833098985902
62.0 88.0 0.1855209930171815
62.0 90.0 0.20263544917387055
62.0 92.0 0.18578394635871354
62.0 94.0 0.13747253873978396
62.0 96.0 0.05483622720223142
62.0 98.0 0.0
62.0 100.0 0.0
62.0 102.0 0.0
62.0 104.0 0.0
62.0 106.0 0.0
62.0 108.0 0.0
62.0 110.0 0.0
62.0 112.0 0.0
62.0 114.0 0.0
62.0 116.0 0.0
62.0 118.0 0.0
62.0 120.0 0.0013796111070363837
62.0 122.0 0.04947393954729176
62.0 124.0 0.19785854349835116
62.0 126.0 0.40684055495797233
64.0 0.0 0.0
64.0 2.0 0.450654129854625
64.0 4.0 0.2936723697606849
64.0 6.0 0.28850102481883183
64.0 8.0 0.33287896425279023
64.0 10.0 0.37879317238314525
64.0 12.0 0.3936970453716618
64.0 14.0 0.39435742422609693
64.0 16.0 0.39339001625385306
64.0 18.0 0.34289673104243706
64.0 20.0 0.2049891736938807
64.0 22.0 0.035761297877441166
64.0 24.0 0.0
64.0 26.0 0.0
64.0 28.0 0.0
64.0 30.0 0.0
64.0 32.0 0.0
64.0 34.0 0.0
64.0 36.0 0.0
64.0 38.0 0.0
64.0 40.0 0.0
64.0 42.0 0.0
64.0 44.0 0.0
64.0 46.0 0.0
64.0 48.0 0.0
64.0 50.0 0.014144794033429829
64.0 52.0 0.03441921593996158
64.0 54.0 0.08107641106016493
64.0 56.0 0.11855560455784203
64.0 58.0 0.13824723580636564
64.0 60.0 0.13511297514672072
64.0 62.0 0.1050144381649184
64.0 64.0 0.06917844941622106
64.0 66.0 0.04794855813538479
64.0 68.0 0.014476560127252533
64.0 70.0 0.0021637827997216985
64.0 72.0 0.0
64.0 74.0 0.0
64.0 76.0 0.0
64.0 78.0 0.011152837214055132
64.0 80.0 0.06780774245339682
64.0 82.0 0.13419657665190124
64.0 84.0 0.1987585162718306
64.0 86.0 0.2553362846633149
64.0 88.0 0.2915553964362283
64.0 90.0 0.2966938784020903
64.0 92.0 0.2699114116436225
64.0 94.0 0.21038318271397616
64.0 96.0 0.11688461070469941
64.0 98.0 0.0033614933430511436
64.0 100.0 0.0
64.0 102.0 0.0
64.0 104.0 0.0
64.0 106.0 0.0
64.0 108.0 0.0
64.0 110.0 0.0
64.0 112.0 0.0
64.0 114.0 0.0
64.0 116.0 0.0
64.0 118.0 0.0
64.0 120.0 0.0
64.0 122.0 0.031846629733421124
64.0 124.0 0.16147336633840068
64.0 126.0 0.35030358077748813
66.0 0.0 0.0
66.0 2.0 0.3883090216254272
66.0 4.0 0.20751732227133315
66.0 6.0 0.22766102975355174
66.0 8.0 0.27846268466259344
66.0 10.0 0.33869328532895965
66.0 12.0 0.3740370452269557
66.0 14.0 0.37932688693557587
66.0 16.0 0.35587112463823006
66.0 18.0 0.2688402225315429
66.0 20.0 0.11672609820624998
66.0 22.0 0.0020094898286719767
66.0 24.0 0.0
66.0 26.0 0.0
66.0 28.0 0.0
66.0 30.0 0.0
66.0 32.0 0.0
66.0 34.0 0.0
66.0 36.0 0.0
66.0 38.0 0.0
66.0 40.0 0.0
66.0 42.0 0.0
66.0 44.0 0.0
66.0 46.0 0.0
66.0 48.0 0.010709144758843596
66.0 50.0 0.026294993503640743
66.0 52.0 0.03111817585458079
66.0 54.0 0.05098487454912945
66.0 56.0 0.07281329713758734
66.0 58.0 0.07798576132174227
66.0 60.0 0.06147486737374891
66.0 62.0 0.02739872450567334
66.0 64.0 0.005307308163380854
66.0 66.0 0.008710419573691563
66.0 68.0 0.004040000278860291
66.0 70.0 8.689870377815637E-4
66.0 72.0 0.0
66.0 74.0 9.617885072153713E-4
66.0 76.0 0.013857950839923494
66.0 78.0 0.06479690434572023
66.0 80.0 0.13186615800133508
66.0 82.0 0.20804001646169823
66.0 84.0 0.2813879792935464
66.0 86.0 0.34088628307733404
66.0 88.0 0.37413808993665065
66.0 90.0 0.3724996931947154
66.0 92.0 0.34034571424618904
66.0 94.0 0.2728993213865027
66.0 96.0 0.16772441043331376
66.0 98.0 0.024126408322452112
66.0 100.0 0.0
66.0 102.0 0.0
66.0 104.0 0.0
66.0 106.0 0.0
66.0 108.0 0.0
66.0 110.0 0.0
66.0 112.0 0.0
66.0 114.0 0.0
66.0 116.0 0.0
66.0 118.0 0.0
66.0 120.0 0.0
66.0 122.0 0.014982695992884517
66.0 124.0 0.1288866382525928
66.0 126.0 0.29986976745051414
68.0 0.0 0.0
68.0 2.0 0.2954381048794107
68.0 4.0 0.13725431437470093
68.0 6.0 0.1740767688166671
68.0 8.0 0.22513892847728165
68.0 10.0 0.2875164562796175
68.0 12.0 0.3305225697340064
68.0 14.0 0.35401667146871635
68.0 16.0 0.3062554292325071
68.0 18.0 0.17478095006267916
68.0 20.0 0.03019103509949433
68.0 22.0 0.0
68.0 24.0 0.0
68.0 26.0 0.0
68.0 28.0 0.0
68.0 30.0 0.0
68.0 32.0 0.0
68.0 34.0 0.0
68.0 36.0 0.0
68.0 38.0 0.0
68.0 40.0 0.0
68.0 42.0 0.0
68.0 44.0 0.0
68.0 46.0 0.005518292518957353
68.0 48.0 0.020399897653922736
68.0 50.0 0.033264953854753025
68.0 52.0 0.0343906609672729
68.0 54.0 0.03304498748413074
68.0 56.0 0.03263284452984569
68.0 58.0 0.02516584651352237
68.0 60.0 0.012084441356845473
68.0 62.0 0.0
68.0 64.0 0.0
68.0 66.0 0.0
68.0 68.0 0.0
68.0 70.0 0.0
68.0 72.0 6.341646647320023E-5
68.0 74.0 0.004774531752092749
68.0 76.0 0.030368236169113466
68.0 78.0 0.08794182429972984
68.0 80.0 0.1635804156117495
68.0 82.0 0.2550405083286365
68.0 84.0 0.3363107269084056
68.0 86.0 0.4047379685684926
68.0 88.0 0.43336435087739705
68.0 90.0 0.4291341588653507
68.0 92.0 0.39458249415208574
68.0 94.0 0.32194928308180076
68.0 96.0 0.20383181245240603
68.0 98.0 0.04402716322554145
68.0 100.0 0.0
68.0 102.0 0.0
68.0 104.0 0.0
68.0 106.0 0.0
68.0 108.0 0.0
68.0 110.0 0.0
68.0 112.0 0.0
68.0 114.0 0.0
68.0 116.0 0.0
68.0 118.0 0.0
68.0 120.0 0.0
68.0 122.0 0.0029553973033026614
68.0 124.0 0.07695115807515951
68.0 126.0 0.2346525326245383
70.0 0.0 0.0
70.0 2.0 0.1896818398185889
70.0 4.0 0.0939682357407638
70.0 6.0 0.1298903636617098
70.0 8.0 0.1764540131623131
70.0 10.0 0.2327354104277806
70.0 12.0 0.3073251599154601
70.0 14.0 0.2976109644071438
70.0 16.0 0.17880664408355404
70.0 18.0 0.07279984394836107
70.0 20.0 0.002629563509553342
70.0 22.0 0.0
70.0 24.0 0.0
70.0 26.0 0.0
70.0 28.0 0.0
70.0 30.0 0.0
70.0 32.0 0.0
70.0 34.0 0.0
70.0 36.0 0.0
70.0 38.0 0.0
70.0 40.0 0.0
70.0 42.0 0.002430980336465121
70.0 44.0 0.013087784142173863
70.0 46.0 0.034544778262518706
70.0 48.0 0.051599720164526956
70.0 50.0 0.05479019535687555
70.0 52.0 0.040944577736508066
70.0 54.0 0.024065073310374222
70.0 56.0 0.010971596166411352
70.0 58.0 0.0011771180531542306
70.0 60.0 0.0
70.0 62.0 0.0
70.0 64.0 0.0
70.0 66.0 0.0
70.0 68.0 0.0
70.0 70.0 0.0
70.0 72.0 0.0
70.0 74.0 0.005700497133426395
70.0 76.0 0.030875043883870756
70.0 78.0 0.09032797775293111
70.0 80.0 0.18157318685445922
70.0 82.0 0.27759770666390005
70.0 84.0 0.3647642650748946
70.0 86.0 0.4414507402976054
70.0 88.0 0.47137450508104967
70.0 90.0 0.4680602101853501
70.0 92.0 0.43425707276227005
70.0 94.0 0.3614083382358655
70.0 96.0 0.2360455004766627
70.0 98.0 0.06944076992791945
70.0 100.0 0.0
70.0 102.0 0.0
70.0 104.0 0.0
70.0 106.0 0.0
70.0 108.0 0.0
70.0 110.0 0.0
70.0 112.0 0.0
70.0 114.0 0.0
70.0 116.0 0.0
70.0 118.0 0.0
70.0 120.0 0.0
70.0 122.0 0.0
70.0 124.0 0.016825744707321327
70.0 126.0 0.14833682404747636
72.0 0.0 0.0
72.0 2.0 0.10453250473179537
72.0 4.0 0.06633852386741886
72.0 6.0 0.09851251075184543
72.0 8.0 0.13693825099929505
72.0 10.0 0.19094321070699805
72.0 12.0 0.22172818659781732
72.0 14.0 0.16960647081859145
72.0 16.0 0.07976124985187817
72.0 18.0 0.011937338180811571
72.0 20.0 0.0
72.0 22.0 0.0
72.0 24.0 0.0
72.0 26.0 0.0
72.0 28.0 0.0
72.0 30.0 0.0
72.0 32.0 0.0
72.0 34.0 0.0
72.0 36.0 0.0
72.0 38.0 0.004309684141617369
72.0 40.0 0.012457151397999149
72.0 42.0 0.026290473596037808
72.0 44.0 0.047601528526283916
72.0 46.0 0.07824132120506959
72.0 48.0 0.0960557727560744
72.0 50.0 0.09083157168300121
72.0 52.0 0.05136349526273762
72.0 54.0 0.017025300730377956
72.0 56.0 0.0
72.0 58.0 0.0
72.0 60.0 0.0
72.0 62.0 0.0
72.0 64.0 0.0
72.0 66.0 0.0
72.0 68.0 0.0
72.0 70.0 0.0
72.0 72.0 0.0
72.0 74.0 0.002262173623167999
72.0 76.0 0.024310015086421746
72.0 78.0 0.08127219667068906
72.0 80.0 0.17825536474598613
72.0 82.0 0.2792882718977787
72.0 84.0 0.3655235565108816
72.0 86.0 0.4435423014896817
72.0 88.0 0.49296647421520445
72.0 90.0 0.4942879195837358
72.0 92.0 0.46305290977510666
72.0 94.0 0.39324872320549015
72.0 96.0 0.2655915468347208
72.0 98.0 0.0980213385043866
72.0 100.0 3.8614595002406496E-4
72.0 102.0 0.0
72.0 104.0 0.0
72.0 106.0 0.0
72.0 108.0 0.0
72.0 110.0 0.0
72.0 112.0 0.0
72.0 114.0 0.0
72.0 116.0 0.0
72.0 118.0 0.0
72.0 120.0 0.0
72.0 122.0 0.0
72.0 124.0 0.0
72.0 126.0 0.054564187418472195
74.0 0.0 0.0
74.0 2.0 0.056100321342562064
74.0 4.0 0.04970670363007041
74.0 6.0 0.07606788171957234
74.0 8.0 0.09719396064448982
74.0 10.0 0.11858881601240112
74.0 12.0 0.06336795772539332
74.0 14.0 0.015950022536912228
74.0 16.0 0.013342226447152659
74.0 18.0 0.0
74.0 20.0 0.0
74.0 22.0 0.0
74.0 24.0 0.0
74.0 26.0 0.0
74.0 28.0 0.0
74.0 30.0 0.0
74.0 32.0 0.0
74.0 34.0 2.679686827163216E-4
74.0 36.0 0.013891397257563005
74.0 38.0 0.03427410357874973
74.0 40.0 0.05632580317810768
74.0 42.0 0.08136687848732359
74.0 44.0 0.10351220039611057
74.0 46.0 0.12718020552766263
74.0 48.0 0.13119872790430262
74.0 50.0 0.11442738217815812
74.0 52.0 0.07032943213005406
74.0 54.0 0.008339008206042779
74.0 56.0 0.0
74.0 58.0 0.0
74.0 60.0 0.0
74.0 62.0 0.0
74.0 64.0 0.0
74.0 66.0 0.0
74.0 68.0 0.0
74.0 70.0 0.0
74.0 72.0 0.0
74.0 74.0 0.0
74.0 76.0 0.012593955717499952
74.0 78.0 0.06905289042687525
74.0 80.0 0.15697120732952083
74.0 82.0 0.25335557002381087
74.0 84.0 0.3392519717115017
74.0 86.0 0.42643894876651256
74.0 88.0 0.4829124471366873
74.0 90.0 0.4901627425009118
74.0 92.0 0.4654460823900058
74.0 94.0 0.40638270964634016
74.0 96.0 0.2919881555181525
74.0 98.0 0.1388464986447532
74.0 100.0 0.01195291434627086
74.0 102.0 0.0
74.0 104.0 0.0
74.0 106.0 0.0
74.0 108.0 0.0
74.0 110.0 0.0
74.0 112.0 0.0
74.0 114.0 0.0
74.0 116.0 0.0
74.0 118.0 0.0
74.0 120.0 0.0
74.0 122.0 0.0
74.0 124.0 0.0
74.0 126.0 0.0
76.0 0.0 0.0
76.0 2.0 0.013024648925686722
76.0 4.0 0.031593499904390615
76.0 6.0 0.04751957960231177
76.0 8.0 0.046197382270526784
76.0 10.0 0.025048730601649954
76.0 12.0 0.0
76.0 14.0 0.0
76.0 16.0 0.0
76.0 18.0 0.0
76.0 20.0 0.0
76.0 22.0 0.0
76.0 24.0 0.0
76.0 26.0 0.0
76.0 28.0 0.0
76.0 30.0 0.0
76.0 32.0 0.0
76.0 34.0 0.013799448590556906
76.0 36.0 0.040063875099122966
76.0 38.0 0.08034157421908104
76.0 40.0 0.11607399970511174
76.0 42.0 0.1479706253208334
76.0 44.0 0.1770929416169271
76.0 46.0 0.1903576652466604
76.0 48.0 0.1780496999958631
76.0 50.0 0.1637624765291045
76.0 52.0 0.09292612086362889
76.0 54.0 0.0019807744114943905
76.0 56.0 0.0
76.0 58.0 0.0
76.0 60.0 0.0
76.0 62.0 0.0
76.0 64.0 0.0
76.0 66.0 0.0
76.0 68.0 0.0
76.0 70.0 0.0
76.0 72.0 0.0
76.0 74.0 0.0
76.0 76.0 0.0018529406390818185
76.0 78.0 0.03945343113252204
76.0 80.0 0.11747653463236356
76.0 82.0 0.1931462412819489
76.0 84.0 0.29734509529126557
76.0 86.0 0.3898551553116712
76.0 88.0 0.4456883821034808
76.0 90.0 0.4655603492113119
76.0 92.0 0.45111119379947473
76.0 94.0 0.4064049768216562
76.0 96.0 0.3149449821590201
76.0 98.0 0.1810918989627954
76.0 100.0 0.055820292452849446
76.0 102.0 0.0
76.0 104.0 0.0
76.0 106.0 0.0
76.0 108.0 0.0
76.0 110.0 0.0
76.0 112.0 0.0
76.0 114.0 0.0
76.0 116.0 0.0
76.0 118.0 0.0
76.0 120.0 0.0
76.0 122.0 0.0
76.0 124.0 0.0
76.0 126.0 0.0
78.0 0.0 0.0
78.0 2.0 0.0
78.0 4.0 1.2150192201224106E-5
78.0 6.0 0.011444512542009707
78.0 8.0 0.009297004102118797
78.0 10.0 0.0
78.0 12.0 0.0
78.0 14.0 0.0
78.0 16.0 0.0
78.0 18.0 0.0
78.0 20.0 0.0
78.0 22.0 0.0
78.0 24.0 0.0
78.0 26.0 0.0
78.0 28.0 0.0
78.0 30.0 0.0
78.0 32.0 0.00983181084123279
78.0 34.0 0.04167209894726892
78.0 36.0 0.09230784443565632
78.0 38.0 0.14346592793662472
78.0 40.0 0.1916840306238148
78.0 42.0 0.23134471090577347
78.0 44.0 0.2596545732144102
78.0 46.0 0.2602867881503384
78.0 48.0 0.2364052817968345
78.0 50.0 0.21462390198755452
78.0 52.0 0.10567080610325942
78.0 54.0 0.0010592055361242911
78.0 56.0 0.0
78.0 58.0 0.0
78.0 60.0 0.0
78.0 62.0 0.0
78.0 64.0 0.0
78.0 66.0 0.0
78.0 68.0 0.0
78.0 70.0 0.0
78.0 72.0 0.0
78.0 74.0 0.0
78.0 76.0 0.0
78.0 78.0 0.011495575489181365
78.0 80.0 0.07055747500369701
78.0 82.0 0.1361183892292767
78.0 84.0 0.22714551142385372
78.0 86.0 0.3195694086587885
78.0 88.0 0.38986716804507787
78.0 90.0 0.425002857329702
78.0 92.0 0.4247783832840953
78.0 94.0 0.3969969000720148
78.0 96.0 0.3026865921488469
78.0 98.0 0.21415152063081097
78.0 100.0 0.11476781737913895
78.0 102.0 0.01379852716748712
78.0 104.0 0.0
78.0 106.0 0.0
78.0 108.0 0.0
78.0 110.0 0.0
78.0 112.0 0.0
78.0 114.0 0.0
78.0 116.0 0.0
78.0 118.0 0.0
78.0 120.0 0.0
78.0 122.0 0.0
78.0 124.0 0.0
78.0 126.0 0.0
80.0 0.0 0.0
80.0 2.0 0.0
80.0 4.0 0.0
80.0 6.0 0.0
80.0 8.0 0.0
80.0 10.0 0.0
80.0 12.0 0.0
80.0 14.0 0.0
80.0 16.0 0.0
80.0 18.0 0.0
80.0 20.0 0.0
80.0 22.0 0.0
80.0 24.0 0.0
80.0 26.0 0.0
80.0 28.0 0.0
80.0 30.0 0.0022678215162070495
80.0 32.0 0.03598676637691455
80.0 34.0 0.09906842992247523
80.0 36.0 0.16297266295950824
80.0 38.0 0.22422014596290882
80.0 40.0 0.2798317233730928
80.0 42.0 0.31911462641784905
80.0 44.0 0.3377832679189079
80.0 46.0 0.3134022988185383
80.0 48.0 0.28453769294392117
80.0 50.0 0.271894386542727
80.0 52.0 0.1046824327062799
80.0 54.0 0.0
80.0 56.0 0.0
80.0 58.0 0.0
80.0 60.0 0.0
80.0 62.0 0.0
80.0 64.0 0.0
80.0 66.0 0.0
80.0 68.0 0.0
80.0 70.0 0.0
80.0 72.0 0.0
80.0 74.0 0.0
80.0 76.0 0.0
80.0 78.0 0.014216969197876045
80.0 80.0 0.05526828148283086
80.0 82.0 0.10758194990756136
80.0 84.0 0.1597827074208775
80.0 86.0 0.220268428267399
80.0 88.0 0.30200350093091455
80.0 90.0 0.36200502302775633
80.0 92.0 0.38389147487100234
80.0 94.0 0.31385285232685567
80.0 96.0 0.27998498773206343
80.0 98.0 0.22979456635216353
80.0 100.0 0.16326939047757494
80.0 102.0 0.08132848020981005
80.0 104.0 0.005894574742648898
80.0 106.0 0.0
80.0 108.0 0.0
80.0 110.0 0.0
80.0 112.0 0.0
80.0 114.0 0.0
80.0 116.0 0.0
80.0 118.0 0.0
80.0 120.0 0.0
80.0 122.0 0.0
80.0 124.0 0.0
80.0 126.0 0.0
82.0 0.0 0.0
82.0 2.0 0.0
82.0 4.0 0.0
82.0 6.0 0.0
82.0 8.0 0.0
82.0 10.0 0.0
82.0 12.0 0.0
82.0 14.0 0.0
82.0 16.0 0.0
82.0 18.0 0.0
82.0 20.0 0.0
82.0 22.0 0.0
82.0 24.0 0.0
82.0 26.0 0.0
82.0 28.0 0.0
82.0 30.0 0.01118192836314129
82.0 32.0 0.10785137455775944
82.0 34.0 0.1918521137117565
82.0 36.0 0.2580928012005162
82.0 38.0 0.31827256846910396
82.0 40.0 0.3704224976794346
82.0 42.0 0.4029929994791112
82.0 44.0 0.38133333491288535
82.0 46.0 0.3437498711210647
82.0 48.0 0.3650633255134414
82.0 50.0 0.307009632385243
82.0 52.0 0.09350220844678316
82.0 54.0 0.0
82.0 56.0 0.0
82.0 58.0 0.0
82.0 60.0 0.0
82.0 62.0 0.0
82.0 64.0 0.0
82.0 66.0 0.0
82.0 68.0 0.0
82.0 70.0 0.0
82.0 72.0 0.0
82.0 74.0 0.0
82.0 76.0 0.0
82.0 78.0 0.004412316818069651
82.0 80.0 0.0265182969586564
82.0 82.0 0.05122371069025653
82.0 84.0 0.0640259765097074
82.0 86.0 0.08155270350211977
82.0 88.0 0.11371018052265418
82.0 90.0 0.18290929434302272
82.0 92.0 0.23393430135651402
82.0 94.0 0.22504286885562963
82.0 96.0 0.2382227382202207
82.0 98.0 0.2261761020900117
82.0 100.0 0.19795278102798022
82.0 102.0 0.1544224047926142
82.0 104.0 0.0928040242560874
82.0 106.0 0.018196017895128553
82.0 108.0 0.0
82.0 110.0 0.0
82.0 112.0 0.0
82.0 114.0 0.0
82.0 116.0 0.0
82.0 118.0 0.0
82.0 120.0 0.0
82.0 122.0 0.0
82.0 124.0 0.0
82.0 126.0 0.0
84.0 0.0 0.0
84.0 2.0 0.0
84.0 4.0 0.0
84.0 6.0 0.0
84.0 8.0 0.0
84.0 10.0 0.0
84.0 12.0 0.0
84.0 14.0 0.0
84.0 16.0 0.0
84.0 18.0 0.0
84.0 20.0 0.0
84.0 22.0 0.0
84.0 24.0 0.0
84.0 26.0 0.0
84.0 28.0 0.0
84.0 30.0 0.036313647876662566
84.0 32.0 0.18626942026529003
84.0 34.0 0.29592632878565245
84.0 36.0 0.3634011579466288
84.0 38.0 0.4060834510785491
84.0 40.0 0.37870535298358793
84.0 42.0 0.36930522721881803
84.0 44.0 0.3803408819030018
84.0 46.0 0.3724674128005863
84.0 48.0 0.41462551612987025
84.0 50.0 0.3093667656181896
84.0 52.0 0.07533692537489632
84.0 54.0 0.0
84.0 56.0 0.0
84.0 58.0 0.0
84.0 60.0 0.0
84.0 62.0 0.0
84.0 64.0 0.0
84.0 66.0 0.0
84.0 68.0 0.0
84.0 70.0 0.0
84.0 72.0 0.0
84.0 74.0 0.0
84.0 76.0 0.0
84.0 78.0 0.0
84.0 80.0 0.0038997041531034483
84.0 82.0 0.00626531843327053
84.0 84.0 0.003339168930596284
84.0 86.0 0.0
84.0 88.0 0.0
84.0 90.0 0.00357696333540123
84.0 92.0 0.06981376836715983
84.0 94.0 0.13511657337908128
84.0 96.0 0.16943833541362238
84.0 98.0 0.20648197458163783
84.0 100.0 0.2204099794109037
84.0 102.0 0.21629049409476586
84.0 104.0 0.19031667470258848
84.0 106.0 0.13746384669699838
84.0 108.0 0.0667872752204296
84.0 110.0 0.011882451242019894
84.0 112.0 0.0
84.0 114.0 0.0
84.0 116.0 0.0
84.0 118.0 0.0
84.0 120.0 0.0
84.0 122.0 0.0
84.0 124.0 0.0
84.0 126.0 0.0
86.0 0.0 0.0
86.0 2.0 0.0
86.0 4.0 0.0
86.0 6.0 0.0
86.0 8.0 0.0
86.0 10.0 0.0
86.0 12.0 0.0
86.0 14.0 0.0
86.0 16.0 0.0
86.0 18.0 0.0
86.0 20.0 0.0
86.0 22.0 0.0
86.0 24.0 0.0
86.0 26.0 0.0
86.0 28.0 0.0
86.0 30.0 0.08908318217766463
86.0 32.0 0.26201467884917234
86.0 34.0 0.3880161361329774
86.0 36.0 0.409517997699562
86.0 38.0 0.40619815517800456
86.0 40.0 0.4466767337897328
86.0 42.0 0.4589667916987675
86.0 44.0 0.42151804126589926
86.0 46.0 0.38326471645129984
86.0 48.0 0.4280701492008027
86.0 50.0 0.27433076381845684
86.0 52.0 0.050793904318918726
86.0 54.0 0.0
86.0 56.0 0.0
86.0 58.0 0.0
86.0 60.0 0.0
86.0 62.0 0.0
86.0 64.0 0.0
86.0 66.0 0.0
86.0 68.0 0.0
86.0 70.0 0.0
86.0 72.0 0.0
86.0 74.0 0.0
86.0 76.0 0.0
86.0 78.0 0.0
86.0 80.0 0.0
86.0 82.0 0.0
86.0 84.0 0.0
86.0 86.0 0.0
86.0 88.0 0.0
86.0 90.0 0.0
86.0 92.0 3.276578753466431E-4
86.0 94.0 0.052836635702265565
86.0 96.0 0.12905786173227207
86.0 98.0 0.18567951146088377
86.0 100.0 0.2250166840591481
86.0 102.0 0.25497145169108215
86.0 104.0 0.26326548501332336
86.0 106.0 0.2583884819009593
86.0 108.0 0.1986829675180747
86.0 110.0 0.1273607663145036
86.0 112.0 0.05971943031032947
86.0 114.0 0.009327193507016954
86.0 116.0 0.0
86.0 118.0 0.0
86.0 120.0 0.0
86.0 122.0 0.0
86.0 124.0 0.0
86.0 126.0 0.0
88.0 0.0 0.0
88.0 2.0 0.0
88.0 4.0 0.0
88.0 6.0 0.0
88.0 8.0 0.0
88.0 10.0 0.0
88.0 12.0 0.0
88.0 14.0 0.0
88.0 16.0 0.0
88.0 18.0 0.0
88.0 20.0 0.0
88.0 22.0 0.0
88.0 24.0 0.0
88.0 26.0 0.0
88.0 28.0 0.010139101139660732
88.0 30.0 0.13895677226852374
88.0 32.0 0.29630308441166653
88.0 34.0 0.4218024890607029
88.0 36.0 0.4940588879564671
88.0 38.0 0.5257934369745011
88.0 40.0 0.5035019142443886
88.0 42.0 0.42917462496387787
88.0 44.0 0.4151132304325346
88.0 46.0 0.4438341940638981
88.0 48.0 0.36741598078786186
88.0 50.0 0.19737266189396144
88.0 52.0 0.018479180768448452
88.0 54.0 0.0
88.0 56.0 0.0
88.0 58.0 0.0
88.0 60.0 0.0
88.0 62.0 0.0
88.0 64.0 0.0
88.0 66.0 0.0
88.0 68.0 0.0
88.0 70.0 0.0
88.0 72.0 0.0
88.0 74.0 0.0
88.0 76.0 0.0
88.0 78.0 0.0
88.0 80.0 0.0
88.0 82.0 0.0
88.0 84.0 0.0
88.0 86.0 0.0
88.0 88.0 0.0
88.0 90.0 0.0
88.0 92.0 0.0
88.0 94.0 0.0030695256507895573
88.0 96.0 0.06643097269574023
88.0 98.0 0.15076432434364995
88.0 100.0 0.23926536474556473
88.0 102.0 0.294201675317279
88.0 104.0 0.32164839598545975
88.0 106.0 0.33034048597941723
88.0 108.0 0.3094579831068614
88.0 110.0 0.25405225269627935
88.0 112.0 0.17813470544793245
88.0 114.0 0.09386010074382893
88.0 116.0 0.013531490976429264
88.0 118.0 0.0
88.0 120.0 0.0
88.0 122.0 0.0
88.0 124.0 0.0
88.0 126.0 0.0
90.0 0.0 0.0
90.0 2.0 0.0
90.0 4.0 0.0
90.0 6.0 0.0
90.0 8.0 0.0
90.0 10.0 0.0
90.0 12.0 0.0
90.0 14.0 0.0
90.0 16.0 0.0
90.0 18.0 0.0
90.0 20.0 0.0
90.0 22.0 0.0
90.0 24.0 0.0
90.0 26.0 0.0038048770280656387
90.0 28.0 0.06247316665219985
90.0 30.0 0.17697516738428043
90.0 32.0 0.29996461872055374
90.0 34.0 0.40343413908065157
90.0 36.0 0.48497087605344574
90.0 38.0 0.5295016504148485
90.0 40.0 0.5412742116058196
90.0 42.0 0.5275023082648427
90.0 44.0 0.47961907574098434
90.0 46.0 0.3827879169932094
90.0 48.0 0.2559150167712414
90.0 50.0 0.0812048070122522
90.0 52.0 0.0
90.0 54.0 0.0
90.0 56.0 0.0
90.0 58.0 0.0
90.0 60.0 0.0
90.0 62.0 0.0
90.0 64.0 0.0
90.0 66.0 0.0
90.0 68.0 0.0
90.0 70.0 0.0
90.0 72.0 0.0
90.0 74.0 0.0
90.0 76.0 0.0
90.0 78.0 0.0
90.0 80.0 0.0
90.0 82.0 0.0
90.0 84.0 0.0
90.0 86.0 0.0
90.0 88.0 0.0
90.0 90.0 0.0
90.0 92.0 0.0
90.0 94.0 0.0
90.0 96.0 0.029895888654237295
90.0 98.0 0.12584189896755912
90.0 100.0 0.2123197282844512
90.0 102.0 0.2998732169514266
90.0 104.0 0.3452492663221855
90.0 106.0 0.375511402673181
90.0 108.0 0.3767618448656296
90.0 110.0 0.3457336908057156
90.0 112.0 0.2802570391730211
90.0 114.0 0.18960347570033784
90.0 116.0 0.07485560741469346
90.0 118.0 0.0012905302497342578
90.0 120.0 0.0
90.0 122.0 0.0
90.0 124.0 0.0
90.0 126.0 0.0
92.0 0.0 0.0
92.0 2.0 0.0
92.0 4.0 0.0
92.0 6.0 0.0
92.0 8.0 0.0
92.0 10.0 0.0
92.0 12.0 0.0
92.0 14.0 0.0
92.0 16.0 0.0
92.0 18.0 0.0
92.0 20.0 0.0
92.0 22.0 0.0
92.0 24.0 0.0
92.0 26.0 0.018471698145748068
92.0 28.0 0.08308602230016182
92.0 30.0 0.19226214268148664
92.0 32.0 0.3045852273362584
92.0 34.0 0.396777796058315
92.0 36.0 0.48367093980942305
92.0 38.0 0.5410784268414356
92.0 40.0 0.5486513565256804
92.0 42.0 0.5208490937193287
92.0 44.0 0.4485183551318815
92.0 46.0 0.3178138254835088
92.0 48.0 0.12726026661267759
92.0 50.0 0.001741865635959838
92.0 52.0 0.0
92.0 54.0 0.0
92.0 56.0 0.0
92.0 58.0 0.0
92.0 60.0 0.0
92.0 62.0 0.0
92.0 64.0 0.0
92.0 66.0 0.0
92.0 68.0 0.0
92.0 70.0 0.0
92.0 72.0 0.0
92.0 74.0 0.0
92.0 76.0 0.0
92.0 78.0 0.0
92.0 80.0 0.0
92.0 82.0 0.0
92.0 84.0 0.0
92.0 86.0 0.0
92.0 88.0 0.0
92.0 90.0 0.0
92.0 92.0 0.0
92.0 94.0 0.0
92.0 96.0 0.0034986632287229043
92.0 98.0 0.07460226066744816
92.0 100.0 0.16644269683947835
92.0 102.0 0.2698489453348801
92.0 104.0 0.3613375547935487
92.0 106.0 0.3962580173480796
92.0 108.0 0.40955369097011524
92.0 110.0 0.39754533937062114
92.0 112.0 0.3510605976606452
92.0 114.0 0.2691447783229726
92.0 116.0 0.14995573232423284
92.0 118.0 0.014230336553926408
92.0 120.0 0.0
92.0 122.0 0.0
92.0 124.0 0.0
92.0 126.0 0.0
94.0 0.0 0.0
94.0 2.0 0.0
94.0 4.0 0.0
94.0 6.0 0.0
94.0 8.0 0.0
94.0 10.0 0.0
94.0 12.0 0.0
94.0 14.0 0.0
94.0 16.0 0.0
94.0 18.0 0.0
94.0 20.0 0.0
94.0 22.0 0.0
94.0 24.0 0.0
94.0 26.0 0.038188002785836526
94.0 28.0 0.11982296053718335
94.0 30.0 0.21964529041177808
94.0 32.0 0.3126640550900357
94.0 34.0 0.3896742510216306
94.0 36.0 0.48177174529837147
94.0 38.0 0.5391795217574255
94.0 40.0 0.5416022166290567
94.0 42.0 0.514620570607183
94.0 44.0 0.3996877233225841
94.0 46.0 0.1769275711475791
94.0 48.0 0.002148701240424208
94.0 50.0 0.0
94.0 52.0 0.0
94.0 54.0 0.0
94.0 56.0 0.0
94.0 58.0 0.0
94.0 60.0 0.0
94.0 62.0 0.0
94.0 64.0 0.0
94.0 66.0 0.0
94.0 68.0 0.0
94.0 70.0 0.0
94.0 72.0 0.0
94.0 74.0 0.0
94.0 76.0 0.0
94.0 78.0 0.0
94.0 80.0 0.0
94.0 82.0 0.0
94.0 84.0 0.0
94.0 86.0 0.0
94.0 88.0 0.0
94.0 90.0 0.0
94.0 92.0 0.0
94.0 94.0 0.0
94.0 96.0 0.0
94.0 98.0 0.02226283587765551
94.0 100.0 0.11126663389556773
94.0 102.0 0.2153517289882543
94.0 104.0 0.3281271941771351
94.0 106.0 0.380732532042511
94.0 108.0 0.3993632290848675
94.0 110.0 0.4076163388042215
94.0 112.0 0.383503039090964
94.0 114.0 0.3228131272981584
94.0 116.0 0.23615767545956037
94.0 118.0 0.053803224560832724
94.0 120.0 0.0
94.0 122.0 0.0
94.0 124.0 0.0
94.0 126.0 0.0
96.0 0.0 0.0
96.0 2.0 0.0
96.0 4.0 0.0
96.0 6.0 0.0
96.0 8.0 0.0
96.0 10.0 0.0
96.0 12.0 0.0
96.0 14.0 0.0
96.0 16.0 0.0
96.0 18.0 0.0
96.0 20.0 0.0
96.0 22.0 0.0
96.0 24.0 0.0
96.0 26.0 0.042952387235522645
96.0 28.0 0.1305428295327316
96.0 30.0 0.2216133052608096
96.0 32.0 0.30223785698142636
96.0 34.0 0.3706070445439851
96.0 36.0 0.478365241665907
96.0 38.0 0.5177973598947386
96.0 40.0 0.5041977709583984
96.0 42.0 0.42034606414959724
96.0 44.0 0.22199620441304738
96.0 46.0 0.013129544296237439
96.0 48.0 0.0
96.0 50.0 0.0
96.0 52.0 0.0
96.0 54.0 0.0
96.0 56.0 0.0
96.0 58.0 0.0
96.0 60.0 0.0
96.0 62.0 0.0
96.0 64.0 0.0
96.0 66.0 0.0
96.0 68.0 0.0
96.0 70.0 1.9802480540360773E-4
96.0 72.0 0.03201960392300032
96.0 74.0 0.04469177474331082
96.0 76.0 0.009524542735116973
96.0 78.0 0.0
96.0 80.0 0.0
96.0 82.0 0.0
96.0 84.0 0.0
96.0 86.0 0.0
96.0 88.0 0.0
96.0 90.0 0.0
96.0 92.0 0.0
96.0 94.0 0.0
96.0 96.0 0.0
96.0 98.0 0.0
96.0 100.0 0.04606746271321599
96.0 102.0 0.14525417821035472
96.0 104.0 0.25847071194743876
96.0 106.0 0.342075904985804
96.0 108.0 0.39469274827079776
96.0 110.0 0.40390841534037025
96.0 112.0 0.3987606416083586
96.0 114.0 0.35825873872216
96.0 116.0 0.29221328602816143
96.0 118.0 0.1287312902852018
96.0 120.0 0.0
96.0 122.0 0.0
96.0 124.0 0.0
96.0 126.0 0.0
98.0 0.0 0.0
98.0 2.0 0.0
98.0 4.0 0.0
98.0 6.0 0.0
98.0 8.0 0.0
98.0 10.0 0.0
98.0 12.0 0.004187028540625716
98.0 14.0 0.0
98.0 16.0 0.0
98.0 18.0 0.0
98.0 20.0 0.0
98.0 22.0 0.0
98.0 24.0 6.686672926756736E-4
98.0 26.0 0.06574684487240821
98.0 28.0 0.1538362092255981
98.0 30.0 0.2399782321961913
98.0 32.0 0.3100524616392996
98.0 34.0 0.3634815923591324
98.0 36.0 0.4551968145500342
98.0 38.0 0.4833128457257536
98.0 40.0 0.42742028497901186
98.0 42.0 0.27153926468441186
98.0 44.0 0.03959298801073094
98.0 46.0 0.0
98.0 48.0 0.0
98.0 50.0 0.0
98.0 52.0 0.0
98.0 54.0 0.0
98.0 56.0 0.0
98.0 58.0 0.0
98.0 60.0 0.0
98.0 62.0 0.0
98.0 64.0 0.0
98.0 66.0 0.0013615983335617213
98.0 68.0 0.06197825885119023
98.0 70.0 0.13550168582857972
98.0 72.0 0.18395750243231287
98.0 74.0 0.1824041848462827
98.0 76.0 0.1302967297208112
98.0 78.0 0.03035901172017663
98.0 80.0 0.0
98.0 82.0 0.0
98.0 84.0 0.0
98.0 86.0 0.0
98.0 88.0 0.0
98.0 90.0 0.0
98.0 92.0 0.0
98.0 94.0 0.0
98.0 96.0 0.0
98.0 98.0 0.0
98.0 100.0 0.006273454021292765
98.0 102.0 0.06516748602836683
98.0 104.0 0.18794302360887435
98.0 106.0 0.2865133901630411
98.0 108.0 0.35270341525923127
98.0 110.0 0.37741959421565024
98.0 112.0 0.39568959435237033
98.0 114.0 0.375223766862232
98.0 116.0 0.3354605017179109
98.0 118.0 0.0
98.0 120.0 0.0
98.0 122.0 0.0
98.0 124.0 0.0
98.0 126.0 0.0
100.0 0.0 0.0
100.0 2.0 0.0
100.0 4.0 0.0
100.0 6.0 0.0
100.0 8.0 0.0
100.0 10.0 0.0
100.0 12.0 0.03903101184437352
100.0 14.0 0.0
100.0 16.0 0.0
100.0 18.0 0.0
100.0 20.0 0.0
100.0 22.0 0.0
100.0 24.0 0.02405043058677925
100.0 26.0 0.1060587244825381
100.0 28.0 0.18397930120678427
100.0 30.0 0.27097571461542935
100.0 32.0 0.3159254088540488
100.0 34.0 0.3912109154809989
100.0 36.0 0.4219887720371393
100.0 38.0 0.4261027266899764
100.0 40.0 0.32084253288013487
100.0 42.0 0.10490787991406643
100.0 44.0 0.0
100.0 46.0 0.0
100.0 48.0 0.0
100.0 50.0 0.0
100.0 52.0 0.0
100.0 54.0 0.0
100.0 56.0 0.0
100.0 58.0 0.0
100.0 60.0 0.0
100.0 62.0 0.0
100.0 64.0 0.0
100.0 66.0 0.04834372072619474
100.0 68.0 0.1477138876314039
100.0 70.0 0.22470959512737762
100.0 72.0 0.3047351874120144
100.0 74.0 0.30522408884515
100.0 76.0 0.25987048858091183
100.0 78.0 0.13901645008899086
100.0 80.0 0.013157850610900626
100.0 82.0 0.0
100.0 84.0 0.0
100.0 86.0 0.0
100.0 88.0 0.0
100.0 90.0 0.0
100.0 92.0 0.0
100.0 94.0 0.0
100.0 96.0 0.0
100.0 98.0 0.0
100.0 100.0 0.0
100.0 102.0 0.010174716483771053
100.0 104.0 0.10813168217589919
100.0 106.0 0.23171240787419534
100.0 108.0 0.3162121276418114
100.0 110.0 0.35679486104443475
100.0 112.0 0.39006213891523106
100.0 114.0 0.3822941621250977
100.0 116.0 0.0
100.0 118.0 0.0
100.0 120.0 0.0
100.0 122.0 0.0
100.0 124.0 0.0
100.0 126.0 0.0
102.0 0.0 0.0
102.0 2.0 0.0
102.0 4.0 0.0
102.0 6.0 0.0
102.0 8.0 0.0
102.0 10.0 0.0
102.0 12.0 0.0
102.0 14.0 0.10588732775295388
102.0 16.0 0.0
102.0 18.0 0.0
102.0 20.0 0.0
102.0 22.0 0.0
102.0 24.0 0.028663817649503893
102.0 26.0 0.1213367472494357
102.0 28.0 0.20837725119697878
102.0 30.0 0.2819814237567338
102.0 32.0 0.3179495793959888
102.0 34.0 0.3428323383686381
102.0 36.0 0.4121444810990404
102.0 38.0 0.35325296693195957
102.0 40.0 0.20198421279071013
102.0 42.0 0.008083690577804658
102.0 44.0 0.0
102.0 46.0 0.0
102.0 48.0 0.0
102.0 50.0 0.0
102.0 52.0 0.0
102.0 54.0 0.0
102.0 56.0 0.0
102.0 58.0 0.0
102.0 60.0 0.0
102.0 62.0 0.0
102.0 64.0 0.005754036412655101
102.0 66.0 0.10451957687369773
102.0 68.0 0.20709759220765786
102.0 70.0 0.2849447632570599
102.0 72.0 0.3696342124569665
102.0 74.0 0.40149431021831633
102.0 76.0 0.36747273993606444
102.0 78.0 0.2507349654289572
102.0 80.0 0.06675822423520057
102.0 82.0 0.002201552972369089
102.0 84.0 0.0
102.0 86.0 0.0
102.0 88.0 0.0
102.0 90.0 0.0
102.0 92.0 0.0
102.0 94.0 0.0
102.0 96.0 0.0
102.0 98.0 0.0
102.0 100.0 0.0
102.0 102.0 0.0
102.0 104.0 0.048303911525477285
102.0 106.0 0.18249204048280368
102.0 108.0 0.28521437071614314
102.0 110.0 0.3414922732590426
102.0 112.0 0.38413678716342153
102.0 114.0 0.0
102.0 116.0 0.0
102.0 118.0 0.0
102.0 120.0 0.0
102.0 122.0 0.0
102.0 124.0 0.0
102.0 126.0 0.0
104.0 0.0 0.0
104.0 2.0 0.0
104.0 4.0 0.0
104.0 6.0 0.0
104.0 8.0 0.0
104.0 10.0 0.0
104.0 12.0 0.0
104.0 14.0 0.0
104.0 16.0 0.19238939387600018
104.0 18.0 0.0024263532456040497
104.0 20.0 0.0
104.0 22.0 0.002492403286366782
104.0 24.0 0.05721490250863035
104.0 26.0 0.15528195902556316
104.0 28.0 0.2380511894608096
104.0 30.0 0.2743475491322737
104.0 32.0 0.30714792823458775
104.0 34.0 0.34401967053431576
104.0 36.0 0.36898351857695516
104.0 38.0 0.270506805727787
104.0 40.0 0.08519682308647869
104.0 42.0 0.0
104.0 44.0 0.0
104.0 46.0 0.0
104.0 48.0 0.0
104.0 50.0 0.0
104.0 52.0 0.0
104.0 54.0 0.0
104.0 56.0 0.0
104.0 58.0 0.0
104.0 60.0 0.0
104.0 62.0 0.0
104.0 64.0 0.011495367348798214
104.0 66.0 0.13843222324235724
104.0 68.0 0.23469010535683132
104.0 70.0 0.3182853577111487
104.0 72.0 0.43908945285008816
104.0 74.0 0.4637868606990811
104.0 76.0 0.47055050555544914
104.0 78.0 0.3489093857348536
104.0 80.0 0.13100527795891737
104.0 82.0 0.008466940327794716
104.0 84.0 0.0
104.0 86.0 0.0
104.0 88.0 0.0
104.0 90.0 0.0
104.0 92.0 0.0
104.0 94.0 0.0
104.0 96.0 0.0
104.0 98.0 0.0
104.0 100.0 0.0
104.0 102.0 0.0
104.0 104.0 0.00896078167001014
104.0 106.0 0.1256708115620642
104.0 108.0 0.2599966287625958
104.0 110.0 0.3392860857157032
104.0 112.0 0.38658518171937417
104.0 114.0 0.0
104.0 116.0 0.0
104.0 118.0 0.0
104.0 120.0 0.0
104.0 122.0 0.0
104.0 124.0 0.0
104.0 126.0 0.0
106.0 0.0 0.0
106.0 2.0 0.0
106.0 4.0 0.0
106.0 6.0 0.0
106.0 8.0 0.0
106.0 10.0 0.0
106.0 12.0 0.0
106.0 14.0 0.0
106.0 16.0 0.0
106.0 18.0 0.23954071413518477
106.0 20.0 0.023331921210491588
106.0 22.0 0.046121010181591364
106.0 24.0 0.08469359647466608
106.0 26.0 0.1732338232254532
106.0 28.0 0.24794878214415342
106.0 30.0 0.28431517139569273
106.0 32.0 0.3062477887554686
106.0 34.0 0.31205261785276306
106.0 36.0 0.3002244457351317
106.0 38.0 0.1855855455413922
106.0 40.0 0.009597087866906885
106.0 42.0 0.0
106.0 44.0 0.0
106.0 46.0 0.0
106.0 48.0 0.0
106.0 50.0 0.0
106.0 52.0 0.0
106.0 54.0 0.0
106.0 56.0 0.0
106.0 58.0 0.0
106.0 60.0 0.0
106.0 62.0 0.0
106.0 64.0 0.04287204736330996
106.0 66.0 0.19821104904288814
106.0 68.0 0.2905877145968132
106.0 70.0 0.35499792171024397
106.0 72.0 0.4521959063829521
106.0 74.0 0.501553992705734
106.0 76.0 0.5268535718283548
106.0 78.0 0.4258166529635426
106.0 80.0 0.20367602604804078
106.0 82.0 0.02939517624629542
106.0 84.0 0.0
106.0 86.0 0.0
106.0 88.0 0.0
106.0 90.0 0.0
106.0 92.0 0.0
106.0 94.0 0.0
106.0 96.0 0.0
106.0 98.0 0.0
106.0 100.0 0.0
106.0 102.0 0.0
106.0 104.0 0.0
106.0 106.0 0.0607152842707826
106.0 108.0 0.22825999387230186
106.0 110.0 0.34171104391497925
106.0 112.0 0.0
106.0 114.0 0.0
106.0 116.0 0.0
106.0 118.0 0.0
106.0 120.0 0.0
106.0 122.0 0.0
106.0 124.0 0.0
106.0 126.0 0.0
108.0 0.0 0.0
108.0 2.0 0.0
108.0 4.0 0.0
108.0 6.0 0.0
108.0 8.0 0.0
108.0 10.0 0.0
108.0 12.0 0.0
108.0 14.0 0.0
108.0 16.0 0.0
108.0 18.0 0.0
108.0 20.0 0.30963315791916174
108.0 22.0 0.14352402228189384
108.0 24.0 0.17659037575877726
108.0 26.0 0.21122479889049486
108.0 28.0 0.2247079429020906
108.0 30.0 0.26909715936051704
108.0 32.0 0.2861939087639267
108.0 34.0 0.2729331730317173
108.0 36.0 0.2197919552863843
108.0 38.0 0.1016211787459358
108.0 40.0 0.0025384996299223812
108.0 42.0 0.0
108.0 44.0 0.0
108.0 46.0 0.0
108.0 48.0 0.0
108.0 50.0 0.0
108.0 52.0 0.0
108.0 54.0 0.0
108.0 56.0 0.0
108.0 58.0 0.0
108.0 60.0 0.0
108.0 62.0 0.00792860629793965
108.0 64.0 0.07990936439501028
108.0 66.0 0.2407063679517414
108.0 68.0 0.3576468402241686
108.0 70.0 0.38803330251077295
108.0 72.0 0.43755250376431215
108.0 74.0 0.5291989877292765
108.0 76.0 0.5459794035190147
108.0 78.0 0.4814859255280058
108.0 80.0 0.28175342010549426
108.0 82.0 0.04669041091944989
108.0 84.0 0.0
108.0 86.0 0.0
108.0 88.0 0.0
108.0 90.0 0.0
108.0 92.0 0.0
108.0 94.0 0.0
108.0 96.0 0.0
108.0 98.0 0.0
108.0 100.0 0.0
108.0 102.0 0.0
108.0 104.0 0.0
108.0 106.0 0.004624946094406661
108.0 108.0 0.1601600285086384
108.0 110.0 0.0
108.0 112.0 0.0
108.0 114.0 0.0
108.0 116.0 0.0
108.0 118.0 0.0
108.0 120.0 0.0
108.0 122.0 0.0
108.0 124.0 0.0
108.0 126.0 0.0
110.0 0.0 0.0
110.0 2.0 0.0
110.0 4.0 0.0
110.0 6.0 0.0
110.0 8.0 0.0
110.0 10.0 0.0
110.0 12.0 0.0
110.0 14.0 0.0
110.0 16.0 0.0
110.0 18.0 0.0
110.0 20.0 0.0
110.0 22.0 0.2852016507997946
110.0 24.0 0.2315877886812964
110.0 26.0 0.24660860372703888
110.0 28.0 0.25987986894709797
110.0 30.0 0.2649931756518315
110.0 32.0 0.25622443406997064
110.0 34.0 0.20625247413525072
110.0 36.0 0.17214384148765416
110.0 38.0 0.014621733934615197
110.0 40.0 0.0
110.0 42.0 0.0
110.0 44.0 0.0
110.0 46.0 0.0
110.0 48.0 0.0
110.0 50.0 0.0
110.0 52.0 0.0
110.0 54.0 0.0
110.0 56.0 0.0
110.0 58.0 0.0
110.0 60.0 0.0016550787249755086
110.0 62.0 0.021609657344728608
110.0 64.0 0.11402720668934695
110.0 66.0 0.281922576909763
110.0 68.0 0.3915654420737731
110.0 70.0 0.41716234058778573
110.0 72.0 0.458039081183323
110.0 74.0 0.5243963245350572
110.0 76.0 0.5597708227934096
110.0 78.0 0.522948075675458
110.0 80.0 0.3397730178586038
110.0 82.0 0.05651485485407907
110.0 84.0 0.0
110.0 86.0 0.0
110.0 88.0 0.0
110.0 90.0 0.0
110.0 92.0 0.0
110.0 94.0 0.0
110.0 96.0 0.0
110.0 98.0 0.0
110.0 100.0 0.0
110.0 102.0 0.0
110.0 104.0 0.0
110.0 106.0 0.0
110.0 108.0 0.0
110.0 110.0 0.0
110.0 112.0 0.0
110.0 114.0 0.0
110.0 116.0 0.0
110.0 118.0 0.0
110.0 120.0 0.0
110.0 122.0 0.0
110.0 124.0 0.0
110.0 126.0 0.0
112.0 0.0 0.0
112.0 2.0 0.0
112.0 4.0 0.0
112.0 6.0 0.0
112.0 8.0 0.0
112.0 10.0 0.0
112.0 12.0 0.0
112.0 14.0 0.0
112.0 16.0 0.0
112.0 18.0 0.0
112.0 20.0 0.0
112.0 22.0 0.0
112.0 24.0 0.19982710803057968
112.0 26.0 0.24918695672285796
112.0 28.0 0.24964953094945605
112.0 30.0 0.23792133575241228
112.0 32.0 0.20562047765095806
112.0 34.0 0.14524293232004123
112.0 36.0 0.08288894085839985
112.0 38.0 0.003807750237154691
112.0 40.0 0.0
112.0 42.0 0.0
112.0 44.0 0.0
112.0 46.0 0.0
112.0 48.0 0.0
112.0 50.0 0.0
112.0 52.0 0.0
112.0 54.0 0.0
112.0 56.0 0.0
112.0 58.0 0.0
112.0 60.0 0.003138984529736689
112.0 62.0 0.036489260075263534
112.0 64.0 0.13246099677620196
112.0 66.0 0.30515091699938
112.0 68.0 0.4640016548777643
112.0 70.0 0.4642539182334315
112.0 72.0 0.4622259038842777
112.0 74.0 0.5198809999308845
112.0 76.0 0.5677382918886305
112.0 78.0 0.5430618498644769
112.0 80.0 0.38706483592224467
112.0 82.0 0.0663178674498824
112.0 84.0 0.0
112.0 86.0 0.0
112.0 88.0 0.0
112.0 90.0 0.0
112.0 92.0 0.0
112.0 94.0 0.0
112.0 96.0 0.0
112.0 98.0 0.0
112.0 100.0 0.0
112.0 102.0 0.0
112.0 104.0 0.0
112.0 106.0 0.0
112.0 108.0 0.0
112.0 110.0 0.0
112.0 112.0 0.0
112.0 114.0 0.0
112.0 116.0 0.0
112.0 118.0 0.0
112.0 120.0 0.0
112.0 122.0 0.0
112.0 124.0 0.0
112.0 126.0 0.0
114.0 0.0 0.0
114.0 2.0 0.0
114.0 4.0 0.0
114.0 6.0 0.0
114.0 8.0 0.0
114.0 10.0 0.0
114.0 12.0 0.0
114.0 14.0 0.0
114.0 16.0 0.0
114.0 18.0 0.0
114.0 20.0 0.0
114.0 22.0 0.0
114.0 24.0 0.0
114.0 26.0 0.1300543663892737
114.0 28.0 0.21058153151393613
114.0 30.0 0.1949389297389037
114.0 32.0 0.1597071396684385
114.0 34.0 0.10342194594005467
114.0 36.0 0.03573943760640582
114.0 38.0 3.4921995767942725E-4
114.0 40.0 0.0
114.0 42.0 0.0
114.0 44.0 0.0
114.0 46.0 0.0
114.0 48.0 0.0
114.0 50.0 0.0
114.0 52.0 0.0
114.0 54.0 0.0
114.0 56.0 0.0
114.0 58.0 0.0
114.0 60.0 0.0
114.0 62.0 0.024280415691594424
114.0 64.0 0.13651111606369395
114.0 66.0 0.3040428847016256
114.0 68.0 0.46159524488118064
114.0 70.0 0.5566084324407935
114.0 72.0 0.4832017817211705
114.0 74.0 0.492603470018989
114.0 76.0 0.565606841069749
114.0 78.0 0.5424292661305868
114.0 80.0 0.4114358148265174
114.0 82.0 0.0682596814604914
114.0 84.0 0.0
114.0 86.0 0.0
114.0 88.0 0.0
114.0 90.0 0.0
114.0 92.0 0.0
114.0 94.0 0.0
114.0 96.0 0.0
114.0 98.0 0.0
114.0 100.0 0.0
114.0 102.0 0.0
114.0 104.0 0.0
114.0 106.0 0.0
114.0 108.0 0.0
114.0 110.0 0.0
114.0 112.0 0.0
114.0 114.0 0.0
114.0 116.0 0.0
114.0 118.0 0.0
114.0 120.0 0.0
114.0 122.0 0.0
114.0 124.0 0.0
114.0 126.0 0.0
116.0 0.0 0.0
116.0 2.0 0.0
116.0 4.0 0.0
116.0 6.0 0.0
116.0 8.0 0.0
116.0 10.0 0.0
116.0 12.0 0.0
116.0 14.0 0.0
116.0 16.0 0.0
116.0 18.0 0.0
116.0 20.0 0.0
116.0 22.0 0.0
116.0 24.0 0.0
116.0 26.0 0.0
116.0 28.0 0.022784871132767986
116.0 30.0 0.10623940231734759
116.0 32.0 0.10735213324281324
116.0 34.0 0.06857108323168985
116.0 36.0 0.013837296101090801
116.0 38.0 0.0
116.0 40.0 0.0
116.0 42.0 0.0
116.0 44.0 0.0
116.0 46.0 0.0
116.0 48.0 0.0
116.0 50.0 0.0
116.0 52.0 0.0
116.0 54.0 0.0
116.0 56.0 0.0
116.0 58.0 0.0
116.0 60.0 0.0
116.0 62.0 5.688641676468072E-6
116.0 64.0 0.09907733198851183
116.0 66.0 0.2824858253962928
116.0 68.0 0.4458150775254193
116.0 70.0 0.5538761208501047
116.0 72.0 0.5437422266988298
116.0 74.0 0.5277240261014918
116.0 76.0 0.5114453236003849
116.0 78.0 0.54405791716563
116.0 80.0 0.4185032519718724
116.0 82.0 0.07327022903423205
116.0 84.0 0.0
116.0 86.0 0.0
116.0 88.0 0.0
116.0 90.0 0.0
116.0 92.0 0.0
116.0 94.0 0.0
116.0 96.0 0.0
116.0 98.0 0.0
116.0 100.0 0.0
116.0 102.0 0.0
116.0 104.0 0.0
116.0 106.0 0.0
116.0 108.0 0.0
116.0 110.0 0.0
116.0 112.0 0.0
116.0 114.0 0.0
116.0 116.0 0.0
116.0 118.0 0.0
116.0 120.0 0.0
116.0 122.0 0.0
116.0 124.0 0.0
116.0 126.0 0.0
118.0 0.0 0.0
118.0 2.0 0.0
118.0 4.0 0.0
118.0 6.0 0.0
118.0 8.0 0.0
118.0 10.0 0.0
118.0 12.0 0.0
118.0 14.0 0.0
118.0 16.0 0.0
118.0 18.0 0.0
118.0 20.0 0.0
118.0 22.0 0.0
118.0 24.0 0.0
118.0 26.0 0.0
118.0 28.0 0.0
118.0 30.0 0.0
118.0 32.0 0.0
118.0 34.0 0.0
118.0 36.0 0.0
118.0 38.0 0.0
118.0 40.0 0.0
118.0 42.0 0.0
118.0 44.0 0.0
118.0 46.0 0.0
118.0 48.0 0.0
118.0 50.0 0.0
118.0 52.0 0.0
118.0 54.0 0.0
118.0 56.0 0.0
118.0 58.0 0.0
118.0 60.0 0.0
118.0 62.0 0.0
118.0 64.0 0.04557865732275714
118.0 66.0 0.2166594938355971
118.0 68.0 0.43283342762626487
118.0 70.0 0.549243436413544
118.0 72.0 0.5422750126506278
118.0 74.0 0.5659682664608866
118.0 76.0 0.5492284410970018
118.0 78.0 0.5082362718687135
118.0 80.0 0.4174240433581817
118.0 82.0 0.08450896018285702
118.0 84.0 0.0
118.0 86.0 0.0
118.0 88.0 0.0
118.0 90.0 0.0
118.0 92.0 0.0
118.0 94.0 0.0
118.0 96.0 0.0
118.0 98.0 0.0
118.0 100.0 0.0
118.0 102.0 0.0
118.0 104.0 0.0
118.0 106.0 0.0
118.0 108.0 0.0
118.0 110.0 0.0
118.0 112.0 0.0
118.0 114.0 0.0
118.0 116.0 0.0
118.0 118.0 0.0
118.0 120.0 0.0
118.0 122.0 0.0
118.0 124.0 0.0
118.0 126.0 0.0
120.0 0.0 0.0
120.0 2.0 0.0
120.0 4.0 0.0
120.0 6.0 0.0
120.0 8.0 0.0
120.0 10.0 0.0
120.0 12.0 0.0
120.0 14.0 0.0
120.0 16.0 0.0
120.0 18.0 0.0
120.0 20.0 0.0
120.0 22.0 0.0
120.0 24.0 0.0
120.0 26.0 0.0
120.0 28.0 0.0
120.0 30.0 0.0
120.0 32.0 0.0
120.0 34.0 0.0
120.0 36.0 0.0
120.0 38.0 0.0
120.0 40.0 0.0
120.0 42.0 0.0
120.0 44.0 0.0
120.0 46.0 0.0
120.0 48.0 0.0
120.0 50.0 0.0
120.0 52.0 0.0
120.0 54.0 0.0
120.0 56.0 0.0
120.0 58.0 0.0
120.0 60.0 0.0
120.0 62.0 0.0
120.0 64.0 0.005189853382232571
120.0 66.0 0.16729767376195828
120.0 68.0 0.3672267244661726
120.0 70.0 0.5020143026228144
120.0 72.0 0.5455800438022248
120.0 74.0 0.5738031197871268
120.0 76.0 0.5584973168719832
120.0 78.0 0.4903427021224041
120.0 80.0 0.4024129009014419
120.0 82.0 0.10026313956360844
120.0 84.0 0.0
120.0 86.0 0.0
120.0 88.0 0.0
120.0 90.0 0.0
120.0 92.0 0.0
120.0 94.0 0.0
120.0 96.0 0.0
120.0 98.0 0.0
120.0 100.0 0.0
120.0 102.0 0.0
120.0 104.0 0.0
120.0 106.0 0.0
120.0 108.0 0.0
120.0 110.0 0.0
120.0 112.0 0.0
120.0 114.0 0.0
120.0 116.0 0.0
120.0 118.0 0.0
120.0 120.0 0.0
120.0 122.0 0.0
120.0 124.0 0.0
120.0 126.0 0.0
122.0 0.0 0.0
122.0 2.0 0.0
122.0 4.0 0.0
122.0 6.0 0.0
122.0 8.0 0.0
122.0 10.0 0.0
122.0 12.0 0.0
122.0 14.0 0.0
122.0 16.0 0.0
122.0 18.0 0.0
122.0 20.0 0.0
122.0 22.0 0.0
122.0 24.0 0.0
122.0 26.0 0.0
122.0 28.0 0.0
122.0 30.0 0.0
122.0 32.0 0.0
122.0 34.0 0.0
122.0 36.0 0.0
122.0 38.0 0.0
122.0 40.0 0.0
122.0 42.0 0.0
122.0 44.0 0.0
122.0 46.0 0.0
122.0 48.0 0.0
122.0 50.0 0.0
122.0 52.0 0.0
122.0 54.0 0.0
122.0 56.0 0.0
122.0 58.0 0.0
122.0 60.0 0.0
122.0 62.0 0.0
122.0 64.0 0.0
122.0 66.0 0.10476460824989207
122.0 68.0 0.30680741303634695
122.0 70.0 0.45239136313977363
122.0 72.0 0.5228201074762941
122.0 74.0 0.5547064616663846
122.0 76.0 0.5409943667948839
122.0 78.0 0.475938667537074
122.0 80.0 0.3864926858370808
122.0 82.0 0.11355819738723814
122.0 84.0 0.0
122.0 86.0 0.0
122.0 88.0 0.0
122.0 90.0 0.0
122.0 92.0 0.0
122.0 94.0 0.0
122.0 96.0 0.0
122.0 98.0 0.0
122.0 100.0 0.0
122.0 102.0 0.0
122.0 104.0 0.0
122.0 106.0 0.0
122.0 108.0 0.0
122.0 110.0 0.0
122.0 112.0 0.0
122.0 114.0 0.0
122.0 116.0 0.0
122.0 118.0 0.0
122.0 120.0 0.0
122.0 122.0 0.0
122.0 124.0 0.0
122.0 126.0 0.0
124.0 0.0 0.0
124.0 2.0 0.0
124.0 4.0 0.0
124.0 6.0 0.0
124.0 8.0 0.0
124.0 10.0 0.0
124.0 12.0 0.0
124.0 14.0 0.0
124.0 16.0 0.0
124.0 18.0 0.0
124.0 20.0 0.0
124.0 22.0 0.0
124.0 24.0 0.0
124.0 26.0 0.0
124.0 28.0 0.0
124.0 30.0 0.0
124.0 32.0 0.0
124.0 34.0 0.0
124.0 36.0 0.0
124.0 38.0 0.0
124.0 40.0 0.0
124.0 42.0 0.0
124.0 44.0 0.0
124.0 46.0 0.0
124.0 48.0 0.0
124.0 50.0 0.0
124.0 52.0 0.0
124.0 54.0 0.0
124.0 56.0 0.0
124.0 58.0 0.0
124.0 60.0 0.0
124.0 62.0 0.0
124.0 64.0 0.0
124.0 66.0 0.04230793933781248
124.0 68.0 0.2535519736643085
124.0 70.0 0.4228719156876937
124.0 72.0 0.5092855037643149
124.0 74.0 0.5465062998492067
124.0 76.0 0.5351382929737786
124.0 78.0 0.4762324501733597
124.0 80.0 0.35807530230498547
124.0 82.0 0.13085166626210398
124.0 84.0 0.0
124.0 86.0 0.0
124.0 88.0 0.0
124.0 90.0 0.0
124.0 92.0 0.0
124.0 94.0 0.0
124.0 96.0 0.0
124.0 98.0 0.0
124.0 100.0 0.0
124.0 102.0 0.0
124.0 104.0 0.0
124.0 106.0 0.0
124.0 108.0 0.0
124.0 110.0 0.0
124.0 112.0 0.0
124.0 114.0 0.0
124.0 116.0 0.0
124.0 118.0 0.0
124.0 120.0 0.0
124.0 122.0 0.0
124.0 124.0 0.0
124.0 126.0 0.0
126.0 0.0 0.0
126.0 2.0 0.0
126.0 4.0 0.0
126.0 6.0 0.0
126.0 8.0 0.0
126.0 10.0 0.0
126.0 12.0 0.0
126.0 14.0 0.0
126.0 16.0 0.0
126.0 18.0 0.0
126.0 20.0 0.0
126.0 22.0 0.0
126.0 24.0 0.0
126.0 26.0 0.0
126.0 28.0 0.0
126.0 30.0 0.0
126.0 32.0 0.0
126.0 34.0 0.0
126.0 36.0 0.0
126.0 38.0 0.0
126.0 40.0 0.0
126.0 42.0 0.0
126.0 44.0 0.0
126.0 46.0 0.0
126.0 48.0 0.0
126.0 50.0 0.0
126.0 52.0 0.0
126.0 54.0 0.0
126.0 56.0 0.0
126.0 58.0 0.0
126.0 60.0 0.0
126.0 62.0 0.0
126.0 64.0 0.0
126.0 66.0 0.0
126.0 68.0 0.13691718397512503
126.0 70.0 0.37691379583049445
126.0 72.0 0.5066873997818337
126.0 74.0 0.5223194281998443
126.0 76.0 0.0
126.0 78.0 0.0
126.0 80.0 0.0
126.0 82.0 0.0
126.0 84.0 0.0
126.0 86.0 0.0
126.0 88.0 0.0
126.0 90.0 0.0
126.0 92.0 0.0
126.0 94.0 0.0
126.0 96.0 0.0
126.0 98.0 0.0
126.0 100.0 0.0
126.0 102.0 0.0
126.0 104.0 0.0
126.0 106.0 0.0
126.0 108.0 0.0
126.0 110.0 0.0
126.0 112.0 0.0
126.0 114.0 0.0
126.0 116.0 0.0
126.0 118.0 0.0
126.0 120.0 0.0
126.0 122.0 0.0
126.0 124.0 0.0
126.0 126.0 0.0
