0.0 0.0 0.0
0.0 2.0 0.0
0.0 4.0 0.0
0.0 6.0 0.0
0.0 8.0 0.0
0.0 10.0 0.0
0.0 12.0 0.0
0.0 14.0 0.0
0.0 16.0 0.0
0.0 18.0 0.0
0.0 20.0 0.0
0.0 22.0 0.0
0.0 24.0 0.0
0.0 26.0 0.0
0.0 28.0 0.0
0.0 30.0 0.0
0.0 32.0 0.0
0.0 34.0 0.0
0.0 36.0 0.0
0.0 38.0 0.0
0.0 40.0 0.0
0.0 42.0 0.0
0.0 44.0 0.0
0.0 46.0 0.0
0.0 48.0 0.0
0.0 50.0 0.0
0.0 52.0 0.0
0.0 54.0 0.0
0.0 56.0 0.0
0.0 58.0 0.0
0.0 60.0 0.0
0.0 62.0 0.0
0.0 64.0 0.0
0.0 66.0 0.0
0.0 68.0 0.0
0.0 70.0 0.0
0.0 72.0 0.0
0.0 74.0 0.0
0.0 76.0 0.0
0.0 78.0 0.0
0.0 80.0 0.0
0.0 82.0 0.0
0.0 84.0 0.0
0.0 86.0 0.0
0.0 88.0 0.0
0.0 90.0 0.0
0.0 92.0 0.0
0.0 94.0 0.0
0.0 96.0 0.0
0.0 98.0 0.0
0.0 100.0 0.0
0.0 102.0 0.0
0.0 104.0 0.0
0.0 106.0 0.0
0.0 108.0 0.0
0.0 110.0 0.0
0.0 112.0 0.0
0.0 114.0 0.0
0.0 116.0 0.0
0.0 118.0 0.0
0.0 120.0 0.0
0.0 122.0 0.0
0.0 124.0 0.0
0.0 126.0 0.0
2.0 0.0 0.0
2.0 2.0 0.0
2.0 4.0 0.0
2.0 6.0 0.0
2.0 8.0 0.0
2.0 10.0 0.0
2.0 12.0 0.0
2.0 14.0 0.0
2.0 16.0 0.0
2.0 18.0 0.0
2.0 20.0 0.0
2.0 22.0 0.0
2.0 24.0 0.0
2.0 26.0 0.0
2.0 28.0 0.0
2.0 30.0 0.0
2.0 32.0 0.0
2.0 34.0 0.0
2.0 36.0 0.0
2.0 38.0 0.0
2.0 40.0 0.0
2.0 42.0 0.0
2.0 44.0 0.0
2.0 46.0 0.0
2.0 48.0 0.0750178718359319
2.0 50.0 0.0
2.0 52.0 0.0
2.0 54.0 0.0
2.0 56.0 0.0
2.0 58.0 0.0
2.0 60.0 0.08301832086375041
2.0 62.0 0.2196713119824358
2.0 64.0 0.2971209928774694
2.0 66.0 0.3531205090905137
2.0 68.0 0.36077244219013743
2.0 70.0 0.3683736981385261
2.0 72.0 0.33337351567850654
2.0 74.0 0.22540718242422794
2.0 76.0 0.0681112231307576
2.0 78.0 0.0
2.0 80.0 0.0
2.0 82.0 0.0
2.0 84.0 0.0
2.0 86.0 0.0
2.0 88.0 0.0
2.0 90.0 0.0
2.0 92.0 0.0
2.0 94.0 0.0
2.0 96.0 0.0
2.0 98.0 0.0
2.0 100.0 0.0
2.0 102.0 0.0
2.0 104.0 0.0
2.0 106.0 0.0
2.0 108.0 0.0
2.0 110.0 0.0
2.0 112.0 0.0
2.0 114.0 0.0
2.0 116.0 0.0
2.0 118.0 0.0
2.0 120.0 0.0
2.0 122.0 0.0
2.0 124.0 0.0
2.0 126.0 0.0
4.0 0.0 0.0
4.0 2.0 0.0
4.0 4.0 0.0
4.0 6.0 0.0
4.0 8.0 0.0
4.0 10.0 0.0
4.0 12.0 0.0
4.0 14.0 0.0
4.0 16.0 0.0
4.0 18.0 0.0
4.0 20.0 0.0
4.0 22.0 0.0
4.0 24.0 0.0
4.0 26.0 0.0
4.0 28.0 0.0
4.0 30.0 0.0
4.0 32.0 0.0
4.0 34.0 0.0
4.0 36.0 0.0
4.0 38.0 0.0
4.0 40.0 0.0
4.0 42.0 0.0
4.0 44.0 0.0
4.0 46.0 0.0
4.0 48.0 0.0
4.0 50.0 0.0
4.0 52.0 0.0
4.0 54.0 0.0
4.0 56.0 0.0
4.0 58.0 0.018009639062936473
4.0 60.0 0.10531380638157095
4.0 62.0 0.17450293909219716
4.0 64.0 0.2425486650168451
4.0 66.0 0.29492747624199156
4.0 68.0 0.32378461250944673
4.0 70.0 0.36059518560025455
4.0 72.0 0.3469870716728807
4.0 74.0 0.25093401235409923
4.0 76.0 0.10380635860751493
4.0 78.0 0.0
4.0 80.0 0.0
4.0 82.0 0.0
4.0 84.0 0.0
4.0 86.0 0.0
4.0 88.0 0.0
4.0 90.0 0.0
4.0 92.0 0.0
4.0 94.0 0.0
4.0 96.0 0.0
4.0 98.0 0.0
4.0 100.0 0.0
4.0 102.0 0.0
4.0 104.0 0.0
4.0 106.0 0.0
4.0 108.0 0.0
4.0 110.0 0.0
4.0 112.0 0.0
4.0 114.0 0.0
4.0 116.0 0.0
4.0 118.0 0.0
4.0 120.0 0.0
4.0 122.0 0.0
4.0 124.0 0.0
4.0 126.0 0.0
6.0 0.0 0.0
6.0 2.0 0.0
6.0 4.0 0.0
6.0 6.0 0.0
6.0 8.0 0.0
6.0 10.0 0.0
6.0 12.0 0.0
6.0 14.0 0.0
6.0 16.0 0.0
6.0 18.0 0.0
6.0 20.0 0.0
6.0 22.0 0.0
6.0 24.0 0.0
6.0 26.0 0.0
6.0 28.0 0.0
6.0 30.0 0.0
6.0 32.0 0.0
6.0 34.0 0.0
6.0 36.0 0.0
6.0 38.0 0.0
6.0 40.0 0.0
6.0 42.0 0.0
6.0 44.0 0.0
6.0 46.0 0.0
6.0 48.0 0.0
6.0 50.0 0.0
6.0 52.0 0.0
6.0 54.0 0.0
6.0 56.0 0.0
6.0 58.0 0.015578539520185125
6.0 60.0 0.07479269581015414
6.0 62.0 0.14445534181707942
6.0 64.0 0.21678696480003046
6.0 66.0 0.2724804371787808
6.0 68.0 0.304096233354633
6.0 70.0 0.3646992867920423
6.0 72.0 0.36369458579870567
6.0 74.0 0.2815259063894124
6.0 76.0 0.14533335837931374
6.0 78.0 0.00703285641518991
6.0 80.0 0.0
6.0 82.0 0.0
6.0 84.0 0.0
6.0 86.0 0.0
6.0 88.0 0.0
6.0 90.0 0.0
6.0 92.0 0.0
6.0 94.0 0.0
6.0 96.0 0.0
6.0 98.0 0.0
6.0 100.0 0.0
6.0 102.0 0.0
6.0 104.0 0.0
6.0 106.0 0.0
6.0 108.0 0.0
6.0 110.0 0.0
6.0 112.0 0.0
6.0 114.0 0.0
6.0 116.0 0.0
6.0 118.0 0.0
6.0 120.0 0.0
6.0 122.0 0.0
6.0 124.0 0.0
6.0 126.0 0.0
8.0 0.0 0.0
8.0 2.0 0.0
8.0 4.0 0.0
8.0 6.0 0.0
8.0 8.0 0.0
8.0 10.0 0.0
8.0 12.0 0.0
8.0 14.0 0.0
8.0 16.0 0.0
8.0 18.0 0.0
8.0 20.0 0.0
8.0 22.0 0.0
8.0 24.0 0.0
8.0 26.0 0.0
8.0 28.0 0.0
8.0 30.0 0.0
8.0 32.0 0.0
8.0 34.0 0.0
8.0 36.0 0.0
8.0 38.0 0.0
8.0 40.0 0.0
8.0 42.0 0.0
8.0 44.0 0.0
8.0 46.0 0.0
8.0 48.0 0.0
8.0 50.0 0.0
8.0 52.0 0.0
8.0 54.0 0.0
8.0 56.0 0.0
8.0 58.0 0.010652612838247262
8.0 60.0 0.04299503424289625
8.0 62.0 0.11413848788861752
8.0 64.0 0.18983852441692453
8.0 66.0 0.24833860264752386
8.0 68.0 0.30270028494573387
8.0 70.0 0.38213682249706543
8.0 72.0 0.37753248099456443
8.0 74.0 0.32219178106689933
8.0 76.0 0.19380711805404235
8.0 78.0 0.03149828370513399
8.0 80.0 0.0
8.0 82.0 0.0
8.0 84.0 0.0
8.0 86.0 0.0
8.0 88.0 0.0
8.0 90.0 0.0
8.0 92.0 0.0
8.0 94.0 0.0
8.0 96.0 0.0
8.0 98.0 0.0
8.0 100.0 0.0
8.0 102.0 0.0
8.0 104.0 0.0
8.0 106.0 0.0
8.0 108.0 0.0
8.0 110.0 0.0
8.0 112.0 0.0
8.0 114.0 0.0
8.0 116.0 0.0
8.0 118.0 0.0
8.0 120.0 0.0
8.0 122.0 0.0
8.0 124.0 0.0
8.0 126.0 0.0
10.0 0.0 0.0
10.0 2.0 0.0
10.0 4.0 0.0
10.0 6.0 0.0
10.0 8.0 0.0
10.0 10.0 0.0
10.0 12.0 0.0
10.0 14.0 0.0
10.0 16.0 0.0
10.0 18.0 0.0
10.0 20.0 0.0
10.0 22.0 0.0
10.0 24.0 0.0
10.0 26.0 0.0
10.0 28.0 0.0
10.0 30.0 0.0
10.0 32.0 0.0
10.0 34.0 0.0
10.0 36.0 0.0
10.0 38.0 0.0
10.0 40.0 0.0
10.0 42.0 0.0
10.0 44.0 0.0
10.0 46.0 0.0
10.0 48.0 0.0
10.0 50.0 0.0
10.0 52.0 0.0
10.0 54.0 0.0
10.0 56.0 0.0
10.0 58.0 0.00455585674161671
10.0 60.0 0.019601434731998445
10.0 62.0 0.08004224224791291
10.0 64.0 0.1492626504194211
10.0 66.0 0.23088019073120705
10.0 68.0 0.30274286030787173
10.0 70.0 0.3878123704738378
10.0 72.0 0.3920301677142854
10.0 74.0 0.36909167399313897
10.0 76.0 0.25227907498638336
10.0 78.0 0.07936708547677744
10.0 80.0 0.0
10.0 82.0 0.0
10.0 84.0 0.0
10.0 86.0 0.0
10.0 88.0 0.0
10.0 90.0 0.0
10.0 92.0 0.0
10.0 94.0 0.0
10.0 96.0 0.0
10.0 98.0 0.0
10.0 100.0 0.0
10.0 102.0 0.0
10.0 104.0 0.0
10.0 106.0 0.0
10.0 108.0 0.0
10.0 110.0 0.0
10.0 112.0 0.0
10.0 114.0 0.0
10.0 116.0 0.0
10.0 118.0 0.0
10.0 120.0 0.0
10.0 122.0 0.0
10.0 124.0 0.0
10.0 126.0 0.0
12.0 0.0 0.0
12.0 2.0 0.0
12.0 4.0 0.0
12.0 6.0 0.0
12.0 8.0 0.0
12.0 10.0 0.0
12.0 12.0 0.0
12.0 14.0 0.0
12.0 16.0 0.0
12.0 18.0 0.0
12.0 20.0 0.0
12.0 22.0 0.0
12.0 24.0 0.0
12.0 26.0 0.0
12.0 28.0 0.0
12.0 30.0 0.0
12.0 32.0 0.0
12.0 34.0 0.0
12.0 36.0 0.0
12.0 38.0 0.0
12.0 40.0 0.0
12.0 42.0 0.0
12.0 44.0 0.0
12.0 46.0 0.0
12.0 48.0 0.0
12.0 50.0 0.0
12.0 52.0 0.0
12.0 54.0 0.0
12.0 56.0 0.0
12.0 58.0 2.9409484771922593E-4
12.0 60.0 0.0072764560152529
12.0 62.0 0.05083339767221357
12.0 64.0 0.12937651661338076
12.0 66.0 0.20779464504819145
12.0 68.0 0.291670857252555
12.0 70.0 0.38771971358653806
12.0 72.0 0.41271672101483453
12.0 74.0 0.4016182708752009
12.0 76.0 0.3146700658066957
12.0 78.0 0.16591035362588763
12.0 80.0 0.011024768449398696
12.0 82.0 0.0
12.0 84.0 0.0
12.0 86.0 0.0
12.0 88.0 0.0
12.0 90.0 0.0
12.0 92.0 0.0
12.0 94.0 0.0
12.0 96.0 0.0
12.0 98.0 0.0
12.0 100.0 0.0
12.0 102.0 0.0
12.0 104.0 0.0
12.0 106.0 0.0
12.0 108.0 0.0
12.0 110.0 0.0
12.0 112.0 0.0
12.0 114.0 0.0
12.0 116.0 0.0
12.0 118.0 0.0
12.0 120.0 0.0
12.0 122.0 0.0
12.0 124.0 0.0
12.0 126.0 0.0
14.0 0.0 0.0
14.0 2.0 0.0
14.0 4.0 0.0
14.0 6.0 0.0
14.0 8.0 0.0
14.0 10.0 0.0
14.0 12.0 0.0
14.0 14.0 0.0
14.0 16.0 0.0
14.0 18.0 0.0
14.0 20.0 0.0
14.0 22.0 0.0
14.0 24.0 0.11582541906916229
14.0 26.0 0.26726804718262354
14.0 28.0 0.25891904003887317
14.0 30.0 0.19464274890550678
14.0 32.0 0.08940109876508251
14.0 34.0 0.003275987574605869
14.0 36.0 0.0
14.0 38.0 0.0
14.0 40.0 0.0
14.0 42.0 0.0
14.0 44.0 0.0
14.0 46.0 0.0
14.0 48.0 0.0
14.0 50.0 0.0
14.0 52.0 0.0
14.0 54.0 0.0
14.0 56.0 0.0
14.0 58.0 0.0
14.0 60.0 0.002363795016212056
14.0 62.0 0.027873716426516617
14.0 64.0 0.11141106079727393
14.0 66.0 0.19294091763612975
14.0 68.0 0.26116275513307663
14.0 70.0 0.3575939213530064
14.0 72.0 0.4194970876019839
14.0 74.0 0.42696392981821546
14.0 76.0 0.3659321263330438
14.0 78.0 0.23725297193036962
14.0 80.0 0.061374006586075724
14.0 82.0 0.0
14.0 84.0 0.0
14.0 86.0 0.0
14.0 88.0 0.0
14.0 90.0 0.0
14.0 92.0 0.0
14.0 94.0 0.0
14.0 96.0 0.0
14.0 98.0 0.0
14.0 100.0 0.0
14.0 102.0 0.0
14.0 104.0 0.0
14.0 106.0 0.0
14.0 108.0 0.0
14.0 110.0 0.0
14.0 112.0 0.0
14.0 114.0 0.0
14.0 116.0 0.0
14.0 118.0 0.0
14.0 120.0 0.0
14.0 122.0 0.0
14.0 124.0 0.0
14.0 126.0 0.0
16.0 0.0 0.0
16.0 2.0 0.0
16.0 4.0 0.0
16.0 6.0 0.0
16.0 8.0 0.0
16.0 10.0 0.0
16.0 12.0 0.0
16.0 14.0 0.0
16.0 16.0 0.0
16.0 18.0 0.0
16.0 20.0 0.0
16.0 22.0 0.21211550351448302
16.0 24.0 0.3554279581882618
16.0 26.0 0.349117052373781
16.0 28.0 0.312057603402718
16.0 30.0 0.2633967571286177
16.0 32.0 0.13879625179582333
16.0 34.0 0.002317089585891875
16.0 36.0 0.0
16.0 38.0 0.0
16.0 40.0 0.0
16.0 42.0 0.0
16.0 44.0 0.0
16.0 46.0 0.0
16.0 48.0 0.0
16.0 50.0 0.0
16.0 52.0 0.0
16.0 54.0 0.0
16.0 56.0 0.0
16.0 58.0 0.0
16.0 60.0 5.502826903637283E-4
16.0 62.0 0.016768393400851008
16.0 64.0 0.10297536443455925
16.0 66.0 0.17756830263211806
16.0 68.0 0.25247634543849046
16.0 70.0 0.33805565193540293
16.0 72.0 0.4206899585333413
16.0 74.0 0.4299784927296559
16.0 76.0 0.3914175796987442
16.0 78.0 0.29081553696896806
16.0 80.0 0.13593658641678888
16.0 82.0 0.0015858242358312725
16.0 84.0 0.0
16.0 86.0 0.0
16.0 88.0 0.0
16.0 90.0 0.0
16.0 92.0 0.0
16.0 94.0 0.0
16.0 96.0 0.0
16.0 98.0 0.0
16.0 100.0 0.0
16.0 102.0 0.0
16.0 104.0 0.0
16.0 106.0 0.0
16.0 108.0 0.0
16.0 110.0 0.0
16.0 112.0 0.0
16.0 114.0 0.0
16.0 116.0 0.0
16.0 118.0 0.0
16.0 120.0 0.0
16.0 122.0 0.0
16.0 124.0 0.0
16.0 126.0 0.0
18.0 0.0 0.0
18.0 2.0 0.0
18.0 4.0 0.0
18.0 6.0 0.0
18.0 8.0 0.0
18.0 10.0 0.0
18.0 12.0 0.0
18.0 14.0 0.0
18.0 16.0 0.0
18.0 18.0 0.0
18.0 20.0 0.27651488207607144
18.0 22.0 0.40310382026901154
18.0 24.0 0.38506183899940943
18.0 26.0 0.36437808083041984
18.0 28.0 0.3672895575008753
18.0 30.0 0.3274534561501817
18.0 32.0 0.17707187229753385
18.0 34.0 0.015670325819331046
18.0 36.0 0.0
18.0 38.0 0.0
18.0 40.0 0.0
18.0 42.0 0.0
18.0 44.0 0.0
18.0 46.0 0.0
18.0 48.0 0.0
18.0 50.0 0.0
18.0 52.0 0.0
18.0 54.0 0.0
18.0 56.0 0.0
18.0 58.0 0.0
18.0 60.0 0.0
18.0 62.0 0.006948100998736872
18.0 64.0 0.0830823380249995
18.0 66.0 0.1651973665622233
18.0 68.0 0.2392571939986
18.0 70.0 0.30992605626258724
18.0 72.0 0.4032809458021171
18.0 74.0 0.4245571064929832
18.0 76.0 0.4022014205630064
18.0 78.0 0.3240654361513412
18.0 80.0 0.1896054527313952
18.0 82.0 0.030358781492646387
18.0 84.0 0.0
18.0 86.0 0.0
18.0 88.0 0.0
18.0 90.0 0.0
18.0 92.0 0.0
18.0 94.0 0.0
18.0 96.0 0.0
18.0 98.0 0.0
18.0 100.0 0.0
18.0 102.0 0.0
18.0 104.0 0.0
18.0 106.0 0.0
18.0 108.0 0.0
18.0 110.0 0.0
18.0 112.0 0.0
18.0 114.0 0.0
18.0 116.0 0.0
18.0 118.0 0.0
18.0 120.0 0.0
18.0 122.0 0.0
18.0 124.0 0.0
18.0 126.0 0.0
20.0 0.0 0.0
20.0 2.0 0.0
20.0 4.0 0.0
20.0 6.0 0.0
20.0 8.0 0.0
20.0 10.0 0.0
20.0 12.0 0.0
20.0 14.0 0.0
20.0 16.0 0.0
20.0 18.0 0.324351351597595
20.0 20.0 0.3919790532974196
20.0 22.0 0.3615421294927425
20.0 24.0 0.35962838306728767
20.0 26.0 0.36062851263350876
20.0 28.0 0.3902522475012098
20.0 30.0 0.38577663413534014
20.0 32.0 0.2655875533613912
20.0 34.0 0.08873697918294655
20.0 36.0 0.0068300279559577555
20.0 38.0 0.0
20.0 40.0 0.0
20.0 42.0 0.0
20.0 44.0 0.0
20.0 46.0 0.0
20.0 48.0 0.0
20.0 50.0 0.0
20.0 52.0 0.0
20.0 54.0 0.0
20.0 56.0 0.0
20.0 58.0 0.0
20.0 60.0 0.0
20.0 62.0 0.0
20.0 64.0 0.054887650983185814
20.0 66.0 0.14651138230818994
20.0 68.0 0.21889307617515263
20.0 70.0 0.2910095172792417
20.0 72.0 0.3805605777722927
20.0 74.0 0.3814169956567268
20.0 76.0 0.3539916534433702
20.0 78.0 0.3195627586983654
20.0 80.0 0.21635395330489393
20.0 82.0 0.06623108841672111
20.0 84.0 0.0
20.0 86.0 0.0
20.0 88.0 0.0
20.0 90.0 0.0
20.0 92.0 0.0
20.0 94.0 0.0
20.0 96.0 0.0
20.0 98.0 0.0
20.0 100.0 0.0
20.0 102.0 0.0
20.0 104.0 0.0
20.0 106.0 0.0
20.0 108.0 3.495620007358277E-4
20.0 110.0 0.0
20.0 112.0 0.0
20.0 114.0 0.0
20.0 116.0 0.0
20.0 118.0 0.0
20.0 120.0 0.0
20.0 122.0 0.0
20.0 124.0 0.0
20.0 126.0 0.0
22.0 0.0 0.0
22.0 2.0 0.0
22.0 4.0 0.0
22.0 6.0 0.0
22.0 8.0 0.0
22.0 10.0 0.0
22.0 12.0 0.0
22.0 14.0 0.0
22.0 16.0 0.32456196440066337
22.0 18.0 0.32486022391582786
22.0 20.0 0.3191445876964185
22.0 22.0 0.3348321011138669
22.0 24.0 0.35391799459090095
22.0 26.0 0.3693188592556926
22.0 28.0 0.3732990990820142
22.0 30.0 0.39075615844935
22.0 32.0 0.35080864868943856
22.0 34.0 0.18424065464378447
22.0 36.0 0.08966367621149579
22.0 38.0 0.010498817412104247
22.0 40.0 0.0
22.0 42.0 0.0
22.0 44.0 0.0
22.0 46.0 0.0
22.0 48.0 0.0
22.0 50.0 0.0
22.0 52.0 0.0
22.0 54.0 0.0
22.0 56.0 0.0
22.0 58.0 0.0
22.0 60.0 0.0
22.0 62.0 0.0
22.0 64.0 0.009826594521805612
22.0 66.0 0.11543773421523235
22.0 68.0 0.18736366532051393
22.0 70.0 0.2738079866696925
22.0 72.0 0.34982326099151195
22.0 74.0 0.364273961223828
22.0 76.0 0.3490580170217851
22.0 78.0 0.29546286819860584
22.0 80.0 0.21143309117999617
22.0 82.0 0.0960757717596128
22.0 84.0 0.0011602149274582997
22.0 86.0 0.0
22.0 88.0 0.0
22.0 90.0 0.0
22.0 92.0 0.0
22.0 94.0 0.0
22.0 96.0 0.0
22.0 98.0 0.0
22.0 100.0 0.0
22.0 102.0 0.0
22.0 104.0 0.0
22.0 106.0 0.0
22.0 108.0 1.2148582107067055E-4
22.0 110.0 0.025388410092486848
22.0 112.0 0.0
22.0 114.0 0.0
22.0 116.0 0.0
22.0 118.0 0.0
22.0 120.0 0.0
22.0 122.0 0.0
22.0 124.0 0.0
22.0 126.0 0.0
24.0 0.0 0.0
24.0 2.0 0.0
24.0 4.0 0.0
24.0 6.0 0.0
24.0 8.0 0.0
24.0 10.0 0.0
24.0 12.0 0.0
24.0 14.0 0.2616067947611889
24.0 16.0 0.24936793565812912
24.0 18.0 0.25948801082887996
24.0 20.0 0.29179917141635053
24.0 22.0 0.3233798251017115
24.0 24.0 0.35041188747788765
24.0 26.0 0.3730386427191776
24.0 28.0 0.38710769319462884
24.0 30.0 0.38485685150777077
24.0 32.0 0.3578524366774474
24.0 34.0 0.29846285081508
24.0 36.0 0.1839234812900827
24.0 38.0 0.10130056337336585
24.0 40.0 0.01758961903795476
24.0 42.0 0.0
24.0 44.0 0.0
24.0 46.0 0.0
24.0 48.0 0.0
24.0 50.0 0.0
24.0 52.0 0.0
24.0 54.0 0.0
24.0 56.0 0.0
24.0 58.0 0.0
24.0 60.0 0.0
24.0 62.0 0.0
24.0 64.0 0.0
24.0 66.0 0.06173822980437727
24.0 68.0 0.1364444079601879
24.0 70.0 0.22335901789242937
24.0 72.0 0.30813336868482866
24.0 74.0 0.3533861287354853
24.0 76.0 0.34381547134458357
24.0 78.0 0.2759535728203955
24.0 80.0 0.19809346571407035
24.0 82.0 0.09581980643632222
24.0 84.0 0.0025747089672764414
24.0 86.0 0.0
24.0 88.0 0.0
24.0 90.0 0.0
24.0 92.0 0.0
24.0 94.0 0.0
24.0 96.0 0.0
24.0 98.0 0.0
24.0 100.0 0.0
24.0 102.0 0.0
24.0 104.0 0.0
24.0 106.0 0.0
24.0 108.0 0.0
24.0 110.0 0.012495515520393822
24.0 112.0 0.07471263713610769
24.0 114.0 0.0
24.0 116.0 0.0
24.0 118.0 0.0
24.0 120.0 0.0
24.0 122.0 0.0
24.0 124.0 0.0
24.0 126.0 0.0
26.0 0.0 0.0
26.0 2.0 0.0
26.0 4.0 0.0
26.0 6.0 0.0
26.0 8.0 0.0
26.0 10.0 0.0
26.0 12.0 0.0
26.0 14.0 0.24223950543962602
26.0 16.0 0.2140808927761232
26.0 18.0 0.21960542436702882
26.0 20.0 0.26202752631246706
26.0 22.0 0.29614539438574483
26.0 24.0 0.3271035707888817
26.0 26.0 0.3553556793222952
26.0 28.0 0.3795483050470749
26.0 30.0 0.39558422613468797
26.0 32.0 0.394100060539021
26.0 34.0 0.3708157165949663
26.0 36.0 0.2957116167487224
26.0 38.0 0.197033328261102
26.0 40.0 0.11254685065794574
26.0 42.0 0.03326859034290016
26.0 44.0 0.0
26.0 46.0 0.0
26.0 48.0 0.0
26.0 50.0 0.0
26.0 52.0 0.0
26.0 54.0 0.0
26.0 56.0 0.0
26.0 58.0 0.0
26.0 60.0 0.0
26.0 62.0 0.0
26.0 64.0 0.0
26.0 66.0 5.679444983163107E-4
26.0 68.0 0.05406890342630224
26.0 70.0 0.13272933868716183
26.0 72.0 0.21321502891593658
26.0 74.0 0.27086693730558564
26.0 76.0 0.2855302491712002
26.0 78.0 0.22918951823075914
26.0 80.0 0.15962613592006242
26.0 82.0 0.08621591811197353
26.0 84.0 0.018241407392979487
26.0 86.0 0.0
26.0 88.0 0.0
26.0 90.0 0.0
26.0 92.0 0.0
26.0 94.0 0.0
26.0 96.0 0.0
26.0 98.0 0.0
26.0 100.0 0.0
26.0 102.0 0.0
26.0 104.0 0.0
26.0 106.0 0.0
26.0 108.0 0.0
26.0 110.0 0.0037389319683378782
26.0 112.0 0.051780353404602845
26.0 114.0 0.15361778445195373
26.0 116.0 0.0
26.0 118.0 0.0
26.0 120.0 0.0
26.0 122.0 0.0
26.0 124.0 0.0
26.0 126.0 0.0
28.0 0.0 0.0
28.0 2.0 0.0
28.0 4.0 0.0
28.0 6.0 0.0
28.0 8.0 0.0
28.0 10.0 0.0
28.0 12.0 0.22407907344386202
28.0 14.0 0.11882084452882545
28.0 16.0 0.13256920360451527
28.0 18.0 0.17572507210184038
28.0 20.0 0.2211394406555226
28.0 22.0 0.2609399274680672
28.0 24.0 0.3051701218172413
28.0 26.0 0.3537581820461004
28.0 28.0 0.3980203814963293
28.0 30.0 0.4330241076495436
28.0 32.0 0.45152145791763654
28.0 34.0 0.44993296810412486
28.0 36.0 0.4076723876700085
28.0 38.0 0.28131470709182044
28.0 40.0 0.20116210503693988
28.0 42.0 0.12204554654356391
28.0 44.0 0.03954661516551643
28.0 46.0 0.0
28.0 48.0 0.0
28.0 50.0 0.0
28.0 52.0 0.0
28.0 54.0 0.0
28.0 56.0 0.0
28.0 58.0 0.0
28.0 60.0 0.0
28.0 62.0 0.0
28.0 64.0 0.0
28.0 66.0 0.0
28.0 68.0 0.0
28.0 70.0 0.010859710133601227
28.0 72.0 0.05227751723340612
28.0 74.0 0.08874206274170614
28.0 76.0 0.14440231910424553
28.0 78.0 0.14720009814477716
28.0 80.0 0.11107359000977048
28.0 82.0 0.07133524652868703
28.0 84.0 0.027128834648492764
28.0 86.0 6.38685866097216E-4
28.0 88.0 0.0
28.0 90.0 0.0
28.0 92.0 0.0
28.0 94.0 0.0
28.0 96.0 0.0
28.0 98.0 0.0
28.0 100.0 0.0
28.0 102.0 0.0
28.0 104.0 0.0
28.0 106.0 0.0
28.0 108.0 0.0
28.0 110.0 0.0013041147540753051
28.0 112.0 0.03237034663681306
28.0 114.0 0.12230311186476185
28.0 116.0 0.24426692964631547
28.0 118.0 0.0
28.0 120.0 0.0
28.0 122.0 0.0
28.0 124.0 0.0
28.0 126.0 0.0
30.0 0.0 0.0
30.0 2.0 0.0
30.0 4.0 0.0
30.0 6.0 0.0
30.0 8.0 0.0
30.0 10.0 0.21316758097273183
30.0 12.0 0.07673398664249892
30.0 14.0 0.05765677008553397
30.0 16.0 0.054806948829494044
30.0 18.0 0.09833945622937977
30.0 20.0 0.15806452744171137
30.0 22.0 0.20170024192918182
30.0 24.0 0.24628720134113366
30.0 26.0 0.3004112543827699
30.0 28.0 0.3604624157891145
30.0 30.0 0.4100681376938784
30.0 32.0 0.4447776928530205
30.0 34.0 0.4619015720065312
30.0 36.0 0.4486791050400582
30.0 38.0 0.3794174050650827
30.0 40.0 0.2816730635260509
30.0 42.0 0.20336181973137432
30.0 44.0 0.11821884197315961
30.0 46.0 0.036606295542161514
30.0 48.0 0.0
30.0 50.0 0.0
30.0 52.0 0.0
30.0 54.0 0.0
30.0 56.0 0.0
30.0 58.0 0.0
30.0 60.0 0.0
30.0 62.0 0.0
30.0 64.0 0.0
30.0 66.0 0.0
30.0 68.0 0.0
30.0 70.0 0.0
30.0 72.0 0.0
30.0 74.0 0.0
30.0 76.0 0.015579336487799607
30.0 78.0 0.06467537165994933
30.0 80.0 0.06233391509697391
30.0 82.0 0.048358654616310275
30.0 84.0 0.02635757136353281
30.0 86.0 0.0059553332287652395
30.0 88.0 0.0
30.0 90.0 0.0
30.0 92.0 0.0
30.0 94.0 0.0
30.0 96.0 0.0
30.0 98.0 0.0
30.0 100.0 0.0
30.0 102.0 0.0
30.0 104.0 0.0
30.0 106.0 0.0
30.0 108.0 0.0
30.0 110.0 0.0
30.0 112.0 0.024841531186528525
30.0 114.0 0.08408646353717071
30.0 116.0 0.22378996712360824
30.0 118.0 0.0
30.0 120.0 0.0
30.0 122.0 0.0
30.0 124.0 0.0
30.0 126.0 0.0
32.0 0.0 0.0
32.0 2.0 0.0
32.0 4.0 0.0
32.0 6.0 0.0
32.0 8.0 0.0
32.0 10.0 0.17216486000401132
32.0 12.0 0.04058082405607245
32.0 14.0 0.02545831108135148
32.0 16.0 0.02607367588033153
32.0 18.0 0.055858959308103445
32.0 20.0 0.09156785376598092
32.0 22.0 0.12237592370224916
32.0 24.0 0.1658630525203283
32.0 26.0 0.2297696933479795
32.0 28.0 0.3011248204404447
32.0 30.0 0.36775596323611587
32.0 32.0 0.4213283072732761
32.0 34.0 0.4533800330305035
32.0 36.0 0.45739418786746316
32.0 38.0 0.395959992013139
32.0 40.0 0.3160687109689866
32.0 42.0 0.2686068011543899
32.0 44.0 0.20930857933093014
32.0 46.0 0.1317732465498965
32.0 48.0 0.03228807950080674
32.0 50.0 0.0
32.0 52.0 0.0
32.0 54.0 0.0
32.0 56.0 0.0
32.0 58.0 0.0
32.0 60.0 0.0
32.0 62.0 0.0
32.0 64.0 0.0
32.0 66.0 0.0
32.0 68.0 0.0
32.0 70.0 0.0
32.0 72.0 0.0
32.0 74.0 0.0
32.0 76.0 0.0015426736379697589
32.0 78.0 0.030302038832109593
32.0 80.0 0.04549950965323366
32.0 82.0 0.042511948118559045
32.0 84.0 0.02446625645589601
32.0 86.0 0.011845817191259475
32.0 88.0 0.004734892679837717
32.0 90.0 4.1951510915537254E-4
32.0 92.0 0.005491802431853037
32.0 94.0 0.010924060630119433
32.0 96.0 0.0036524979081540565
32.0 98.0 0.0
32.0 100.0 0.0
32.0 102.0 0.0
32.0 104.0 0.0
32.0 106.0 0.0
32.0 108.0 0.0
32.0 110.0 0.0
32.0 112.0 0.01692003842020191
32.0 114.0 0.04912145764349898
32.0 116.0 0.16888499165864332
32.0 118.0 0.2706307680048377
32.0 120.0 0.0
32.0 122.0 0.0
32.0 124.0 0.0
32.0 126.0 0.0
34.0 0.0 0.0
34.0 2.0 0.0
34.0 4.0 0.0
34.0 6.0 0.0
34.0 8.0 0.1270808127164633
34.0 10.0 0.014293143646927289
34.0 12.0 0.006337355298085483
34.0 14.0 0.001991676461717577
34.0 16.0 4.9566402340745975E-6
34.0 18.0 1.890869696159822E-4
34.0 20.0 7.136416852551523E-4
34.0 22.0 0.023696263131974298
34.0 24.0 0.07423178599484609
34.0 26.0 0.1387771030550186
34.0 28.0 0.2117157701545764
34.0 30.0 0.2993141395693758
34.0 32.0 0.385716045544392
34.0 34.0 0.4231679200376064
34.0 36.0 0.40795938590193814
34.0 38.0 0.3553883223802909
34.0 40.0 0.3262609729917322
34.0 42.0 0.3009537044783189
34.0 44.0 0.25450692361281574
34.0 46.0 0.19263650012325964
34.0 48.0 0.13072264590121738
34.0 50.0 0.014703445288175113
34.0 52.0 0.0
34.0 54.0 0.0
34.0 56.0 0.0
34.0 58.0 0.0
34.0 60.0 0.0
34.0 62.0 0.0
34.0 64.0 0.0
34.0 66.0 0.0
34.0 68.0 0.0
34.0 70.0 0.0
34.0 72.0 0.0
34.0 74.0 0.0
34.0 76.0 0.0
34.0 78.0 0.012545367286958051
34.0 80.0 0.038039213824339106
34.0 82.0 0.05296906488324208
34.0 84.0 0.05949220368122891
34.0 86.0 0.06154837896322656
34.0 88.0 0.0645687690911876
34.0 90.0 0.07201108802198222
34.0 92.0 0.08461361622018078
34.0 94.0 0.08329973846354503
34.0 96.0 0.05106806175805983
34.0 98.0 0.006589251011132814
34.0 100.0 0.0
34.0 102.0 0.0
34.0 104.0 0.0
34.0 106.0 0.0
34.0 108.0 0.0
34.0 110.0 0.0016164823553013522
34.0 112.0 0.0041284724030414615
34.0 114.0 0.018673448837788882
34.0 116.0 0.07013158373883256
34.0 118.0 0.16904219722171243
34.0 120.0 0.0
34.0 122.0 0.0
34.0 124.0 0.0
34.0 126.0 0.0
36.0 0.0 0.0
36.0 2.0 0.0
36.0 4.0 0.0
36.0 6.0 0.0
36.0 8.0 0.05871507091635794
36.0 10.0 0.0
36.0 12.0 0.0
36.0 14.0 0.0
36.0 16.0 0.0
36.0 18.0 0.0
36.0 20.0 0.0
36.0 22.0 0.0
36.0 24.0 0.008221302758042153
36.0 26.0 0.0681622226108758
36.0 28.0 0.15287560719429405
36.0 30.0 0.2622880582092204
36.0 32.0 0.33104982971084596
36.0 34.0 0.3743423900603328
36.0 36.0 0.3414427831581297
36.0 38.0 0.3244587704061349
36.0 40.0 0.31424901012257317
36.0 42.0 0.2979712294796349
36.0 44.0 0.26440520408693513
36.0 46.0 0.22021754354367792
36.0 48.0 0.16066535048621391
36.0 50.0 0.08734277211536288
36.0 52.0 2.684668069670344E-4
36.0 54.0 0.0
36.0 56.0 0.0
36.0 58.0 0.0
36.0 60.0 0.0
36.0 62.0 0.0
36.0 64.0 0.0
36.0 66.0 0.0
36.0 68.0 0.0
36.0 70.0 0.0
36.0 72.0 0.0
36.0 74.0 0.0
36.0 76.0 0.0
36.0 78.0 0.005113939462144849
36.0 80.0 0.02997609660435599
36.0 82.0 0.05576099534455505
36.0 84.0 0.07787218278048894
36.0 86.0 0.09839671350849351
36.0 88.0 0.11080539468440714
36.0 90.0 0.13064645612987377
36.0 92.0 0.15293235382083378
36.0 94.0 0.15688051436348763
36.0 96.0 0.12914721295911596
36.0 98.0 0.05142652182724381
36.0 100.0 0.002896756397502644
36.0 102.0 0.0
36.0 104.0 0.0
36.0 106.0 0.0
36.0 108.0 7.985216579337613E-5
36.0 110.0 0.0023779237674545766
36.0 112.0 0.0
36.0 114.0 0.0
36.0 116.0 5.506993308264679E-4
36.0 118.0 0.0074913520774183015
36.0 120.0 0.015266575332084968
36.0 122.0 0.0
36.0 124.0 0.0
36.0 126.0 0.0
38.0 0.0 0.0
38.0 2.0 0.0
38.0 4.0 0.0
38.0 6.0 0.0020528425854570496
38.0 8.0 0.0
38.0 10.0 0.0
38.0 12.0 0.0
38.0 14.0 0.0
38.0 16.0 0.0
38.0 18.0 0.0
38.0 20.0 0.0
38.0 22.0 0.0
38.0 24.0 0.0
38.0 26.0 0.005220298986565809
38.0 28.0 0.08650639097590673
38.0 30.0 0.17570092389668834
38.0 32.0 0.2501361372532883
38.0 34.0 0.3047674059778151
38.0 36.0 0.29800297135211323
38.0 38.0 0.2832480410888291
38.0 40.0 0.2816504314767742
38.0 42.0 0.2720587389438029
38.0 44.0 0.24944495027644642
38.0 46.0 0.2193284806783631
38.0 48.0 0.1774345188626105
38.0 50.0 0.12046079629249962
38.0 52.0 0.032675807157848014
38.0 54.0 0.0
38.0 56.0 0.0
38.0 58.0 0.0
38.0 60.0 0.0
38.0 62.0 0.0
38.0 64.0 0.0
38.0 66.0 0.0
38.0 68.0 0.0
38.0 70.0 0.0
38.0 72.0 0.0
38.0 74.0 0.0
38.0 76.0 0.0
38.0 78.0 7.088096335795367E-4
38.0 80.0 0.022577606850187087
38.0 82.0 0.05718923668837172
38.0 84.0 0.09069787478151864
38.0 86.0 0.11429216705446264
38.0 88.0 0.14878325789167515
38.0 90.0 0.18559885491159112
38.0 92.0 0.22152637599148017
38.0 94.0 0.23836580458653797
38.0 96.0 0.21963575115065126
38.0 98.0 0.13706766912054183
38.0 100.0 0.03646139040072518
38.0 102.0 0.008481072444898177
38.0 104.0 0.018406281426383276
38.0 106.0 0.011554955575572264
38.0 108.0 0.008519125739222715
38.0 110.0 0.0023292845259101987
38.0 112.0 0.0
38.0 114.0 0.0
38.0 116.0 0.0
38.0 118.0 0.0
38.0 120.0 0.0
38.0 122.0 0.0
38.0 124.0 0.0
38.0 126.0 0.0
40.0 0.0 0.0
40.0 2.0 0.0
40.0 4.0 0.0
40.0 6.0 0.0
40.0 8.0 0.0
40.0 10.0 0.0
40.0 12.0 0.0
40.0 14.0 0.0
40.0 16.0 0.0
40.0 18.0 0.0
40.0 20.0 0.0
40.0 22.0 0.0
40.0 24.0 0.0
40.0 26.0 0.0
40.0 28.0 0.029967934079807624
40.0 30.0 0.07833026000307475
40.0 32.0 0.15161313338944973
40.0 34.0 0.21685533504325585
40.0 36.0 0.24548751323190413
40.0 38.0 0.23514554163262358
40.0 40.0 0.23437461144139685
40.0 42.0 0.22998483429475644
40.0 44.0 0.2162822437838471
40.0 46.0 0.19872755265939823
40.0 48.0 0.17456355223924
40.0 50.0 0.13787369871878805
40.0 52.0 0.08403746166504018
40.0 54.0 0.00186705147668197
40.0 56.0 0.0
40.0 58.0 0.0
40.0 60.0 0.0
40.0 62.0 0.0
40.0 64.0 0.0
40.0 66.0 0.0
40.0 68.0 0.0
40.0 70.0 0.0
40.0 72.0 0.0
40.0 74.0 0.0
40.0 76.0 0.0
40.0 78.0 0.0
40.0 80.0 0.015674575971545177
40.0 82.0 0.05419871490620045
40.0 84.0 0.09564504192271205
40.0 86.0 0.1383755218873197
40.0 88.0 0.18926019726160784
40.0 90.0 0.23780908771045384
40.0 92.0 0.2802178470463252
40.0 94.0 0.3035601056696284
40.0 96.0 0.3045801316491318
40.0 98.0 0.2362913932974422
40.0 100.0 0.13788765972506897
40.0 102.0 0.06673548258893665
40.0 104.0 0.06921997096302179
40.0 106.0 0.05306281513970987
40.0 108.0 0.031970188895933296
40.0 110.0 0.004446606050875792
40.0 112.0 0.0
40.0 114.0 0.0
40.0 116.0 0.0
40.0 118.0 0.0
40.0 120.0 0.0
40.0 122.0 0.0
40.0 124.0 0.0
40.0 126.0 0.0
42.0 0.0 0.0
42.0 2.0 0.0
42.0 4.0 0.0
42.0 6.0 0.0
42.0 8.0 0.008631984730444164
42.0 10.0 0.005745068966016561
42.0 12.0 0.0
42.0 14.0 0.0
42.0 16.0 0.0
42.0 18.0 0.0
42.0 20.0 0.0
42.0 22.0 0.0
42.0 24.0 0.0
42.0 26.0 0.0
42.0 28.0 0.0
42.0 30.0 0.01457880699128187
42.0 32.0 0.05280915061582673
42.0 34.0 0.11537145167303371
42.0 36.0 0.15311977064766638
42.0 38.0 0.16390550717462318
42.0 40.0 0.17728316499826813
42.0 42.0 0.17701939401304825
42.0 44.0 0.16441754100935665
42.0 46.0 0.16800097843452408
42.0 48.0 0.1633212435774345
42.0 50.0 0.14626839314885984
42.0 52.0 0.11977312054464902
42.0 54.0 0.04093233570142785
42.0 56.0 0.0
42.0 58.0 0.0
42.0 60.0 0.0
42.0 62.0 0.0
42.0 64.0 0.0
42.0 66.0 0.0
42.0 68.0 0.0
42.0 70.0 0.0
42.0 72.0 0.0
42.0 74.0 0.0
42.0 76.0 0.0
42.0 78.0 0.0
42.0 80.0 0.010179606091127454
42.0 82.0 0.046234123883315374
42.0 84.0 0.09374196328998902
42.0 86.0 0.1519739159994463
42.0 88.0 0.2234347630636214
42.0 90.0 0.28579168259506976
42.0 92.0 0.3248513663101053
42.0 94.0 0.34614778352549286
42.0 96.0 0.35784637292006743
42.0 98.0 0.33612184360386466
42.0 100.0 0.26074542394925343
42.0 102.0 0.1515381468327911
42.0 104.0 0.12161526800092563
42.0 106.0 0.09233775039396214
42.0 108.0 0.058882135038928494
42.0 110.0 0.022705095308596514
42.0 112.0 0.0
42.0 114.0 0.0
42.0 116.0 0.0
42.0 118.0 0.0
42.0 120.0 0.0
42.0 122.0 0.0
42.0 124.0 0.0
42.0 126.0 0.0
44.0 0.0 0.0
44.0 2.0 0.0
44.0 4.0 0.0
44.0 6.0 0.015562931122339717
44.0 8.0 0.04750865931614048
44.0 10.0 0.05539271506832757
44.0 12.0 0.004169895932005082
44.0 14.0 0.0
44.0 16.0 0.0
44.0 18.0 0.0
44.0 20.0 0.0
44.0 22.0 0.0
44.0 24.0 0.0
44.0 26.0 0.0
44.0 28.0 0.0
44.0 30.0 0.0
44.0 32.0 0.0010273161123843131
44.0 34.0 0.01874824809620382
44.0 36.0 0.05363823465555601
44.0 38.0 0.07708929067858086
44.0 40.0 0.08485093533557103
44.0 42.0 0.0887916471146835
44.0 44.0 0.09645453612765535
44.0 46.0 0.13750096777564108
44.0 48.0 0.14836602109181354
44.0 50.0 0.14787567849844505
44.0 52.0 0.1478042584441643
44.0 54.0 0.09525928120619152
44.0 56.0 0.010220036101594086
44.0 58.0 0.0
44.0 60.0 0.0
44.0 62.0 0.0
44.0 64.0 0.0
44.0 66.0 0.0
44.0 68.0 0.0
44.0 70.0 0.0
44.0 72.0 0.0
44.0 74.0 0.0
44.0 76.0 0.0
44.0 78.0 0.0
44.0 80.0 0.007504350647652043
44.0 82.0 0.027377495983870386
44.0 84.0 0.07229478353821521
44.0 86.0 0.13645383618091786
44.0 88.0 0.22603227196029088
44.0 90.0 0.3086855447888601
44.0 92.0 0.3569282272816218
44.0 94.0 0.3920393799254566
44.0 96.0 0.3994815724600627
44.0 98.0 0.38803395253732353
44.0 100.0 0.3524656263675896
44.0 102.0 0.29110994042462185
44.0 104.0 0.1887021776223451
44.0 106.0 0.1432002006984547
44.0 108.0 0.09667101880003669
44.0 110.0 0.05151593748454238
44.0 112.0 0.0
44.0 114.0 0.0
44.0 116.0 0.0
44.0 118.0 0.0
44.0 120.0 0.0
44.0 122.0 0.0
44.0 124.0 0.0
44.0 126.0 0.0
46.0 0.0 0.0
46.0 2.0 0.0
46.0 4.0 0.0
46.0 6.0 0.044442495464900776
46.0 8.0 0.09182401185330873
46.0 10.0 0.0978689956442552
46.0 12.0 0.004279566951217544
46.0 14.0 0.0
46.0 16.0 0.0
46.0 18.0 0.0
46.0 20.0 0.0
46.0 22.0 0.0
46.0 24.0 0.0
46.0 26.0 0.0
46.0 28.0 0.0
46.0 30.0 0.0
46.0 32.0 0.0
46.0 34.0 0.0
46.0 36.0 2.989118028804437E-4
46.0 38.0 4.325132094008054E-4
46.0 40.0 0.0
46.0 42.0 0.0012005899982074153
46.0 44.0 0.05947913560178152
46.0 46.0 0.10932478874421003
46.0 48.0 0.13365213953303393
46.0 50.0 0.14591044077684334
46.0 52.0 0.1709957392178393
46.0 54.0 0.14289319326679265
46.0 56.0 0.06776616690866581
46.0 58.0 0.002723596689471601
46.0 60.0 0.0
46.0 62.0 0.0
46.0 64.0 0.0
46.0 66.0 0.0
46.0 68.0 0.0
46.0 70.0 0.0
46.0 72.0 0.0
46.0 74.0 0.0
46.0 76.0 0.0
46.0 78.0 0.0
46.0 80.0 0.0
46.0 82.0 0.006245499373719813
46.0 84.0 0.02427026854705817
46.0 86.0 0.08107391688415518
46.0 88.0 0.18519378683591978
46.0 90.0 0.29128437211196984
46.0 92.0 0.355482242895461
46.0 94.0 0.35939005454481027
46.0 96.0 0.3776077178642776
46.0 98.0 0.3847078679691523
46.0 100.0 0.41028105523505204
46.0 102.0 0.38299663669583256
46.0 104.0 0.3215280353693489
46.0 106.0 0.2248641539244336
46.0 108.0 0.15158946526172065
46.0 110.0 0.07872872383746983
46.0 112.0 0.01866295631125205
46.0 114.0 0.0
46.0 116.0 0.0
46.0 118.0 0.0
46.0 120.0 0.0
46.0 122.0 0.0
46.0 124.0 0.0
46.0 126.0 0.0
48.0 0.0 0.0
48.0 2.0 0.0
48.0 4.0 0.09177468013840807
48.0 6.0 0.1860091519444681
48.0 8.0 0.21646426015652265
48.0 10.0 0.1744876683308633
48.0 12.0 0.0034691502019999674
48.0 14.0 0.0
48.0 16.0 0.0
48.0 18.0 0.0
48.0 20.0 0.0
48.0 22.0 0.0
48.0 24.0 0.0
48.0 26.0 0.0
48.0 28.0 0.0
48.0 30.0 0.0
48.0 32.0 0.0
48.0 34.0 0.0
48.0 36.0 0.0
48.0 38.0 0.0
48.0 40.0 0.0
48.0 42.0 0.0010491023418525089
48.0 44.0 0.039269149867118845
48.0 46.0 0.08538874471614982
48.0 48.0 0.12000132787326938
48.0 50.0 0.1595248765849174
48.0 52.0 0.19542574921179137
48.0 54.0 0.18528749834308814
48.0 56.0 0.13112192251988192
48.0 58.0 0.051822674742409085
48.0 60.0 0.013627145449990663
48.0 62.0 0.0
48.0 64.0 0.0
48.0 66.0 0.0
48.0 68.0 0.0
48.0 70.0 0.0
48.0 72.0 0.0
48.0 74.0 0.0
48.0 76.0 0.0
48.0 78.0 0.0
48.0 80.0 0.0
48.0 82.0 0.0
48.0 84.0 1.905949949804076E-4
48.0 86.0 0.008455193375770404
48.0 88.0 0.10379456259420307
48.0 90.0 0.21707442910605476
48.0 92.0 0.2952498867893132
48.0 94.0 0.31026043787859353
48.0 96.0 0.3425049267842816
48.0 98.0 0.36526203375513
48.0 100.0 0.4431624213774776
48.0 102.0 0.44264502579526366
48.0 104.0 0.40381670062386404
48.0 106.0 0.33650338511576444
48.0 108.0 0.24259313656060347
48.0 110.0 0.14157881986863022
48.0 112.0 0.05202559147721724
48.0 114.0 0.0
48.0 116.0 0.0
48.0 118.0 0.0
48.0 120.0 0.0
48.0 122.0 0.0
48.0 124.0 0.0
48.0 126.0 0.0
50.0 0.0 0.0
50.0 2.0 0.0
50.0 4.0 0.12494985901956958
50.0 6.0 0.2269883571032754
50.0 8.0 0.23910696902745418
50.0 10.0 0.15132229845416686
50.0 12.0 0.0
50.0 14.0 0.0
50.0 16.0 0.0
50.0 18.0 0.0
50.0 20.0 0.0
50.0 22.0 0.0
50.0 24.0 0.0
50.0 26.0 0.0
50.0 28.0 0.0
50.0 30.0 0.0
50.0 32.0 0.0
50.0 34.0 0.0
50.0 36.0 0.0
50.0 38.0 0.0
50.0 40.0 0.0
50.0 42.0 3.8448968199653115E-4
50.0 44.0 0.024772832522140405
50.0 46.0 0.0680174379524676
50.0 48.0 0.11088646385769207
50.0 50.0 0.16063329268285864
50.0 52.0 0.20184728329886845
50.0 54.0 0.22230912849601345
50.0 56.0 0.1926605310286097
50.0 58.0 0.12457993661650278
50.0 60.0 0.08200575766661351
50.0 62.0 0.06436832713116296
50.0 64.0 0.036057440227404584
50.0 66.0 0.010075229642046409
50.0 68.0 5.560456875552418E-4
50.0 70.0 0.0
50.0 72.0 0.0
50.0 74.0 0.0
50.0 76.0 0.0
50.0 78.0 0.0
50.0 80.0 0.0
50.0 82.0 0.0
50.0 84.0 0.0
50.0 86.0 0.0
50.0 88.0 5.531417478988177E-4
50.0 90.0 0.09002329831300303
50.0 92.0 0.18436063656513083
50.0 94.0 0.2579177935466261
50.0 96.0 0.31920431246264197
50.0 98.0 0.3616031905608843
50.0 100.0 0.3842892457949351
50.0 102.0 0.44556961729252914
50.0 104.0 0.449822773353262
50.0 106.0 0.40640072918309783
50.0 108.0 0.3396540628495295
50.0 110.0 0.2357954123222001
50.0 112.0 0.10945210705715176
50.0 114.0 0.008636339503966459
50.0 116.0 0.0
50.0 118.0 0.0
50.0 120.0 0.0
50.0 122.0 0.0
50.0 124.0 0.0
50.0 126.0 0.0
52.0 0.0 0.0
52.0 2.0 0.0
52.0 4.0 0.15950879747650462
52.0 6.0 0.2452825759035446
52.0 8.0 0.2332051825520763
52.0 10.0 0.1097518878304805
52.0 12.0 0.0
52.0 14.0 0.0
52.0 16.0 0.0
52.0 18.0 0.0
52.0 20.0 0.0
52.0 22.0 0.0
52.0 24.0 0.0
52.0 26.0 0.0
52.0 28.0 0.0
52.0 30.0 0.0
52.0 32.0 0.0
52.0 34.0 0.0
52.0 36.0 0.0
52.0 38.0 0.0
52.0 40.0 0.0
52.0 42.0 0.0
52.0 44.0 0.017419626822746528
52.0 46.0 0.05439786245715611
52.0 48.0 0.09415210905425471
52.0 50.0 0.13812169268875496
52.0 52.0 0.20366263173312463
52.0 54.0 0.2560675416662594
52.0 56.0 0.25743951255106046
52.0 58.0 0.2146898609834719
52.0 60.0 0.15338056359252486
52.0 62.0 0.13884251928289454
52.0 64.0 0.11750570605188237
52.0 66.0 0.09015546430377168
52.0 68.0 0.051757898692103045
52.0 70.0 0.0
52.0 72.0 0.0
52.0 74.0 0.0
52.0 76.0 0.0
52.0 78.0 0.0
52.0 80.0 0.0
52.0 82.0 0.0
52.0 84.0 0.0
52.0 86.0 0.0
52.0 88.0 0.0
52.0 90.0 0.0
52.0 92.0 0.07159414703121786
52.0 94.0 0.1851763160983976
52.0 96.0 0.26243681817163006
52.0 98.0 0.32162067217761764
52.0 100.0 0.36018369354290053
52.0 102.0 0.40274458375558925
52.0 104.0 0.48037829237510904
52.0 106.0 0.4549430377547439
52.0 108.0 0.4066475606855296
52.0 110.0 0.31566322317821344
52.0 112.0 0.17621141981579938
52.0 114.0 0.04093703087756004
52.0 116.0 0.0
52.0 118.0 0.0
52.0 120.0 0.0
52.0 122.0 0.0
52.0 124.0 0.0
52.0 126.0 0.0
54.0 0.0 0.0
54.0 2.0 0.0
54.0 4.0 0.14706201875990496
54.0 6.0 0.24490870481870597
54.0 8.0 0.19633308241074054
54.0 10.0 0.03557928297745533
54.0 12.0 0.0
54.0 14.0 0.0
54.0 16.0 0.0
54.0 18.0 0.0
54.0 20.0 0.0
54.0 22.0 0.0
54.0 24.0 0.0
54.0 26.0 0.0
54.0 28.0 0.0
54.0 30.0 0.0
54.0 32.0 0.0
54.0 34.0 0.0
54.0 36.0 0.0
54.0 38.0 0.0
54.0 40.0 0.0
54.0 42.0 0.0
54.0 44.0 0.012602469925882695
54.0 46.0 0.04152497375762394
54.0 48.0 0.05827719394106495
54.0 50.0 0.10775058430600136
54.0 52.0 0.19762459355635018
54.0 54.0 0.28291849780547235
54.0 56.0 0.313060667302
54.0 58.0 0.29614903793469477
54.0 60.0 0.23305896059265654
54.0 62.0 0.21783646780411528
54.0 64.0 0.1992814429920815
54.0 66.0 0.16979296111765982
54.0 68.0 0.1332401958837739
54.0 70.0 0.01703393792439759
54.0 72.0 0.0
54.0 74.0 0.0
54.0 76.0 0.0
54.0 78.0 0.0
54.0 80.0 0.0
54.0 82.0 0.0
54.0 84.0 0.0
54.0 86.0 0.0
54.0 88.0 0.0
54.0 90.0 0.0
54.0 92.0 0.003611766748818516
54.0 94.0 0.10397417194257363
54.0 96.0 0.19743528278031833
54.0 98.0 0.2738833670426754
54.0 100.0 0.3284912743127097
54.0 102.0 0.3732318484851341
54.0 104.0 0.45344679349389816
54.0 106.0 0.44217729949131934
54.0 108.0 0.4557714309105545
54.0 110.0 0.42281028906838497
54.0 112.0 0.2825425242768125
54.0 114.0 0.08599950839936531
54.0 116.0 0.0
54.0 118.0 0.0
54.0 120.0 0.0
54.0 122.0 0.0
54.0 124.0 0.0
54.0 126.0 0.0
56.0 0.0 0.0
56.0 2.0 0.053579042410291634
56.0 4.0 0.2060035146513857
56.0 6.0 0.2620011638639726
56.0 8.0 0.17928092634731974
56.0 10.0 0.024661237706967154
56.0 12.0 0.0
56.0 14.0 0.0
56.0 16.0 0.0
56.0 18.0 0.0
56.0 20.0 0.0
56.0 22.0 0.0
56.0 24.0 0.0
56.0 26.0 0.0
56.0 28.0 0.0
56.0 30.0 0.0
56.0 32.0 0.0
56.0 34.0 0.0
56.0 36.0 0.0
56.0 38.0 0.0
56.0 40.0 0.0
56.0 42.0 0.0011275350083167787
56.0 44.0 0.010881410297759915
56.0 46.0 0.028077983918855607
56.0 48.0 0.034229090134445986
56.0 50.0 0.08067946807188511
56.0 52.0 0.1976613913431117
56.0 54.0 0.30518098313598857
56.0 56.0 0.35174749941108424
56.0 58.0 0.3641674041864978
56.0 60.0 0.30575713961449397
56.0 62.0 0.29550288684444403
56.0 64.0 0.2856706683818996
56.0 66.0 0.2613038429142682
56.0 68.0 0.24814769910229004
56.0 70.0 0.10372674531228894
56.0 72.0 0.0
56.0 74.0 0.0
56.0 76.0 0.0
56.0 78.0 0.0
56.0 80.0 0.0
56.0 82.0 0.0
56.0 84.0 0.0
56.0 86.0 0.0
56.0 88.0 0.0
56.0 90.0 0.0
56.0 92.0 0.0
56.0 94.0 0.00443808121203997
56.0 96.0 0.10577548143982497
56.0 98.0 0.2046281723775517
56.0 100.0 0.279525570555827
56.0 102.0 0.3355880402492882
56.0 104.0 0.3806578979157327
56.0 106.0 0.47408398653251904
56.0 108.0 0.4555755954945723
56.0 110.0 0.45137095635558017
56.0 112.0 0.3388533726749779
56.0 114.0 0.13662823820611136
56.0 116.0 1.3097791827635098E-4
56.0 118.0 0.0
56.0 120.0 0.0
56.0 122.0 0.0
56.0 124.0 0.0
56.0 126.0 0.0
58.0 0.0 0.0
58.0 2.0 0.05055591600587692
58.0 4.0 0.16776587290507552
58.0 6.0 0.20974712414437893
58.0 8.0 0.07356811697102698
58.0 10.0 0.0023085048920961516
58.0 12.0 0.0
58.0 14.0 0.0
58.0 16.0 0.0
58.0 18.0 0.0
58.0 20.0 0.0
58.0 22.0 0.0
58.0 24.0 0.0
58.0 26.0 0.0
58.0 28.0 0.0
58.0 30.0 0.0
58.0 32.0 0.0
58.0 34.0 1.0455359933137014E-4
58.0 36.0 0.0
58.0 38.0 0.0
58.0 40.0 2.1423076127334445E-4
58.0 42.0 0.003581137971550793
58.0 44.0 0.010597815951437344
58.0 46.0 0.021618299878241043
58.0 48.0 0.02430325951215943
58.0 50.0 0.0805826800722336
58.0 52.0 0.20317984955281596
58.0 54.0 0.3143370823664186
58.0 56.0 0.3749319457528784
58.0 58.0 0.4036497105323155
58.0 60.0 0.4235766378560654
58.0 62.0 0.3714976269992281
58.0 64.0 0.36447115409547637
58.0 66.0 0.34350381748422837
58.0 68.0 0.3047650873979786
58.0 70.0 0.20628875699325955
58.0 72.0 0.02219948862470164
58.0 74.0 0.0
58.0 76.0 0.0
58.0 78.0 0.0
58.0 80.0 0.0
58.0 82.0 0.0
58.0 84.0 0.0
58.0 86.0 0.0
58.0 88.0 0.0
58.0 90.0 0.0
58.0 92.0 0.0
58.0 94.0 0.0
58.0 96.0 0.03102333099170806
58.0 98.0 0.1451152023057433
58.0 100.0 0.24245560465906502
58.0 102.0 0.3103191925761013
58.0 104.0 0.35493470681120914
58.0 106.0 0.43710233810603855
58.0 108.0 0.4306603216003681
58.0 110.0 0.4412662350565204
58.0 112.0 0.34606822435920565
58.0 114.0 0.17159996665140365
58.0 116.0 0.008935089641947868
58.0 118.0 0.0
58.0 120.0 0.0
58.0 122.0 0.0
58.0 124.0 0.0
58.0 126.0 0.0
60.0 0.0 0.0
60.0 2.0 0.06167557329299576
60.0 4.0 0.1321389110735455
60.0 6.0 0.13607534424929799
60.0 8.0 0.015483189809766588
60.0 10.0 0.0
60.0 12.0 0.0
60.0 14.0 0.0
60.0 16.0 0.0
60.0 18.0 0.0
60.0 20.0 0.0
60.0 22.0 0.0
60.0 24.0 0.0
60.0 26.0 0.0
60.0 28.0 0.0
60.0 30.0 0.0
60.0 32.0 5.851062374092396E-4
60.0 34.0 0.00206426206716231
60.0 36.0 1.3113941629715481E-5
60.0 38.0 0.0
60.0 40.0 0.002464796251660742
60.0 42.0 0.005218312935877013
60.0 44.0 0.007380674196263123
60.0 46.0 0.018003592300753678
60.0 48.0 0.02500441282399978
60.0 50.0 0.10022432014512167
60.0 52.0 0.21208803902998433
60.0 54.0 0.3149671523761743
60.0 56.0 0.38157450691786426
60.0 58.0 0.42473693769216286
60.0 60.0 0.45567770577248146
60.0 62.0 0.46675348821236246
60.0 64.0 0.41798235129808353
60.0 66.0 0.3958977976559968
60.0 68.0 0.3433158166655985
60.0 70.0 0.24086196687182784
60.0 72.0 0.07848727120716453
60.0 74.0 0.0
60.0 76.0 0.0
60.0 78.0 0.0
60.0 80.0 0.0
60.0 82.0 0.0
60.0 84.0 0.0
60.0 86.0 0.0
60.0 88.0 0.0
60.0 90.0 0.0
60.0 92.0 0.0
60.0 94.0 0.0
60.0 96.0 0.0
60.0 98.0 0.059100898264250655
60.0 100.0 0.16670536845997694
60.0 102.0 0.2532049618292675
60.0 104.0 0.31146275207327184
60.0 106.0 0.3492024496861375
60.0 108.0 0.4264544263643773
60.0 110.0 0.38345800482819975
60.0 112.0 0.2935698907272057
60.0 114.0 0.1593512764496892
60.0 116.0 0.01950782250574464
60.0 118.0 0.0
60.0 120.0 0.0
60.0 122.0 0.0
60.0 124.0 0.0
60.0 126.0 0.0
62.0 0.0 0.0
62.0 2.0 0.0827547174807454
62.0 4.0 0.11578266843433387
62.0 6.0 0.08489087192013639
62.0 8.0 3.055264942017862E-4
62.0 10.0 0.0
62.0 12.0 0.0
62.0 14.0 0.0
62.0 16.0 0.0
62.0 18.0 0.0
62.0 20.0 0.0
62.0 22.0 0.0
62.0 24.0 0.0
62.0 26.0 0.0
62.0 28.0 0.0
62.0 30.0 0.0
62.0 32.0 0.004195850742655359
62.0 34.0 0.0036847861715298795
62.0 36.0 3.5190204380420627E-4
62.0 38.0 0.004272159152274878
62.0 40.0 0.002993421779521714
62.0 42.0 6.182514401401577E-4
62.0 44.0 0.0014422168829781939
62.0 46.0 0.011385062239015182
62.0 48.0 0.06071242629572065
62.0 50.0 0.12054659366106123
62.0 52.0 0.2093530458066535
62.0 54.0 0.3040150193560882
62.0 56.0 0.3777121627466235
62.0 58.0 0.4320141539535531
62.0 60.0 0.4694122902471692
62.0 62.0 0.48676158491904536
62.0 64.0 0.44995483761707683
62.0 66.0 0.426267461020881
62.0 68.0 0.37104295968895595
62.0 70.0 0.2681048843593273
62.0 72.0 0.10546255298335512
62.0 74.0 1.6412829918199326E-4
62.0 76.0 0.0
62.0 78.0 0.0
62.0 80.0 0.0
62.0 82.0 0.0
62.0 84.0 0.0
62.0 86.0 0.0
62.0 88.0 0.0
62.0 90.0 0.0
62.0 92.0 0.0
62.0 94.0 0.0
62.0 96.0 0.0
62.0 98.0 0.003012199127757411
62.0 100.0 0.07726265580719728
62.0 102.0 0.17629985189025799
62.0 104.0 0.2472802546201429
62.0 106.0 0.2916547352799863
62.0 108.0 0.3454505062424807
62.0 110.0 0.31094532953058246
62.0 112.0 0.24673851190213406
62.0 114.0 0.149114960537436
62.0 116.0 0.04425300053041641
62.0 118.0 0.0
62.0 120.0 0.0
62.0 122.0 0.0
62.0 124.0 0.0
62.0 126.0 0.0
64.0 0.0 0.0
64.0 2.0 0.11062175350243171
64.0 4.0 0.10773364175052814
64.0 6.0 0.030475857444610097
64.0 8.0 0.0
64.0 10.0 0.0
64.0 12.0 0.0
64.0 14.0 0.0
64.0 16.0 0.0
64.0 18.0 0.0
64.0 20.0 0.0
64.0 22.0 0.0
64.0 24.0 0.0
64.0 26.0 0.0
64.0 28.0 0.0
64.0 30.0 0.003578461150280803
64.0 32.0 0.007080326365054509
64.0 34.0 0.004021843955023138
64.0 36.0 0.007666617887406132
64.0 38.0 0.00533483437189021
64.0 40.0 3.1508541291843533E-4
64.0 42.0 0.0
64.0 44.0 0.0
64.0 46.0 0.00690495090451439
64.0 48.0 0.054309780591692836
64.0 50.0 0.12389586187399472
64.0 52.0 0.199475876795862
64.0 54.0 0.2875151752737127
64.0 56.0 0.36658539514396976
64.0 58.0 0.42764168307268796
64.0 60.0 0.46897857334375065
64.0 62.0 0.4894445197178742
64.0 64.0 0.4665583572212917
64.0 66.0 0.42286670226405754
64.0 68.0 0.364838009298686
64.0 70.0 0.26828201239753363
64.0 72.0 0.12064888141529177
64.0 74.0 5.736184192209719E-4
64.0 76.0 0.0
64.0 78.0 0.0
64.0 80.0 0.0
64.0 82.0 0.0
64.0 84.0 0.0
64.0 86.0 0.0
64.0 88.0 0.0
64.0 90.0 0.0
64.0 92.0 0.0
64.0 94.0 0.0
64.0 96.0 0.0
64.0 98.0 0.0
64.0 100.0 0.01383798243300008
64.0 102.0 0.09036679630810292
64.0 104.0 0.16767169651420322
64.0 106.0 0.21731754571897166
64.0 108.0 0.23705185920529234
64.0 110.0 0.2299856162464533
64.0 112.0 0.1940523120954788
64.0 114.0 0.13291568582845573
64.0 116.0 0.06413553813544029
64.0 118.0 0.01461584056555785
64.0 120.0 3.274462586011858E-4
64.0 122.0 0.0
64.0 124.0 0.0
64.0 126.0 0.0
66.0 0.0 0.0
66.0 2.0 0.14853053035979102
66.0 4.0 0.09026109484722632
66.0 6.0 0.019746052107408808
66.0 8.0 0.0
66.0 10.0 0.0
66.0 12.0 0.0
66.0 14.0 0.0
66.0 16.0 0.0
66.0 18.0 0.0
66.0 20.0 0.0
66.0 22.0 0.0
66.0 24.0 0.0
66.0 26.0 0.0
66.0 28.0 0.0018840225874947845
66.0 30.0 0.005917856746084663
66.0 32.0 0.0064410245193234185
66.0 34.0 0.02157117688069719
66.0 36.0 0.01787184233934171
66.0 38.0 0.009793097027923315
66.0 40.0 0.003831195523598563
66.0 42.0 0.0018972371433060367
66.0 44.0 0.0034586121742878947
66.0 46.0 0.016164636347019617
66.0 48.0 0.06588619482459658
66.0 50.0 0.11568045851984333
66.0 52.0 0.18255100660833545
66.0 54.0 0.26921365109299333
66.0 56.0 0.352242350653712
66.0 58.0 0.4171014811389231
66.0 60.0 0.4605977335870229
66.0 62.0 0.4825237107126991
66.0 64.0 0.4506966643316943
66.0 66.0 0.40217097502777044
66.0 68.0 0.347037868836837
66.0 70.0 0.2554653344948778
66.0 72.0 0.11553647461338568
66.0 74.0 0.001054485650689937
66.0 76.0 0.0
66.0 78.0 0.0
66.0 80.0 0.0
66.0 82.0 0.0
66.0 84.0 0.0
66.0 86.0 0.0
66.0 88.0 0.0
66.0 90.0 0.0
66.0 92.0 0.0
66.0 94.0 0.0
66.0 96.0 0.0
66.0 98.0 0.0
66.0 100.0 0.0
66.0 102.0 0.027977707050430733
66.0 104.0 0.09077733573095165
66.0 106.0 0.1376418067944817
66.0 108.0 0.16489264627813077
66.0 110.0 0.16584685605161772
66.0 112.0 0.14684571086295897
66.0 114.0 0.10923030491939749
66.0 116.0 0.06724244277790083
66.0 118.0 0.03592228656585946
66.0 120.0 0.024907520579745667
66.0 122.0 0.013593120691939145
66.0 124.0 0.005230455942290745
66.0 126.0 0.034472553650033516
68.0 0.0 0.0
68.0 2.0 0.2286532446851652
68.0 4.0 0.09649136874464269
68.0 6.0 0.02507942949082052
68.0 8.0 5.721397959013273E-4
68.0 10.0 0.0
68.0 12.0 0.0
68.0 14.0 0.0
68.0 16.0 0.0
68.0 18.0 0.0
68.0 20.0 0.0
68.0 22.0 0.0
68.0 24.0 0.007714304182523152
68.0 26.0 0.006256254660581599
68.0 28.0 0.006455489875057191
68.0 30.0 0.008459302576650543
68.0 32.0 0.007738603878348928
68.0 34.0 0.035825100699966
68.0 36.0 0.026383590245250096
68.0 38.0 0.0178208745025064
68.0 40.0 0.004497099251224231
68.0 42.0 0.0
68.0 44.0 8.204806521629753E-4
68.0 46.0 0.007946433904357916
68.0 48.0 0.04066231857545385
68.0 50.0 0.09619910528611693
68.0 52.0 0.16404009521554583
68.0 54.0 0.24808333207817268
68.0 56.0 0.3318748883184969
68.0 58.0 0.3985033877197557
68.0 60.0 0.443118584712082
68.0 62.0 0.4651587235216757
68.0 64.0 0.42172273639056784
68.0 66.0 0.3779289411657209
68.0 68.0 0.32409899990785823
68.0 70.0 0.2333810536785468
68.0 72.0 0.09691404876496014
68.0 74.0 0.0
68.0 76.0 0.0
68.0 78.0 0.0
68.0 80.0 0.0
68.0 82.0 0.0
68.0 84.0 0.0
68.0 86.0 0.0
68.0 88.0 0.0
68.0 90.0 0.0
68.0 92.0 0.0
68.0 94.0 0.0
68.0 96.0 0.0
68.0 98.0 0.0
68.0 100.0 0.0
68.0 102.0 0.00724267448776219
68.0 104.0 0.03808155081931837
68.0 106.0 0.07253123037568025
68.0 108.0 0.10347097701898945
68.0 110.0 0.11146257927853298
68.0 112.0 0.10614756545055354
68.0 114.0 0.08592801339701345
68.0 116.0 0.06284727877342937
68.0 118.0 0.04948438385760972
68.0 120.0 0.04688880468468315
68.0 122.0 0.04867253681632789
68.0 124.0 0.08435809950843383
68.0 126.0 0.2094592420033802
70.0 0.0 0.0
70.0 2.0 0.27475941579548224
70.0 4.0 0.10607842917056222
70.0 6.0 0.033742051996635096
70.0 8.0 0.0047738729151204085
70.0 10.0 0.0
70.0 12.0 0.0
70.0 14.0 0.0
70.0 16.0 0.0
70.0 18.0 0.0
70.0 20.0 0.0
70.0 22.0 0.0036970298998083412
70.0 24.0 0.014991274638874128
70.0 26.0 0.01511013310546447
70.0 28.0 0.011558925232544091
70.0 30.0 0.009662771026040105
70.0 32.0 0.026143177483340843
70.0 34.0 0.02119744964776102
70.0 36.0 0.01404701314813226
70.0 38.0 0.00944405074434724
70.0 40.0 0.0019054193331203052
70.0 42.0 0.0
70.0 44.0 0.0
70.0 46.0 0.0048880284281276505
70.0 48.0 0.02517328708588713
70.0 50.0 0.07751652824691363
70.0 52.0 0.14254284264977715
70.0 54.0 0.22303556392852686
70.0 56.0 0.3072538971813378
70.0 58.0 0.37557838953058176
70.0 60.0 0.4208145933841086
70.0 62.0 0.44158179109744505
70.0 64.0 0.3836939262170183
70.0 66.0 0.34754325227364097
70.0 68.0 0.2914443428469968
70.0 70.0 0.20016913083626145
70.0 72.0 0.06886398728076
70.0 74.0 0.0
70.0 76.0 0.0
70.0 78.0 0.0
70.0 80.0 0.0
70.0 82.0 0.0
70.0 84.0 0.0
70.0 86.0 0.0
70.0 88.0 0.0
70.0 90.0 0.0
70.0 92.0 0.0
70.0 94.0 0.0
70.0 96.0 0.0
70.0 98.0 0.0
70.0 100.0 0.0
70.0 102.0 0.002848896975552821
70.0 104.0 0.010309476852016304
70.0 106.0 0.029134688241539322
70.0 108.0 0.05674360266023457
70.0 110.0 0.06650701419552722
70.0 112.0 0.06852704084229023
70.0 114.0 0.05914877985827385
70.0 116.0 0.05218913215960761
70.0 118.0 0.050537544061335204
70.0 120.0 0.055143659198707395
70.0 122.0 0.07262633760422926
70.0 124.0 0.1421287487694933
70.0 126.0 0.2942354573903215
72.0 0.0 0.0
72.0 2.0 0.27801997153918334
72.0 4.0 0.10466147341610903
72.0 6.0 0.04158357777857172
72.0 8.0 0.013794379479994337
72.0 10.0 6.198053317737168E-4
72.0 12.0 0.0
72.0 14.0 0.0
72.0 16.0 0.0
72.0 18.0 0.0
72.0 20.0 0.003629401505144663
72.0 22.0 0.013465744698904908
72.0 24.0 0.01801844505209781
72.0 26.0 0.01803083948827069
72.0 28.0 0.012511490277444649
72.0 30.0 0.007982561867784435
72.0 32.0 0.03080419898023622
72.0 34.0 0.02165175238530251
72.0 36.0 0.014406164816914502
72.0 38.0 0.003452903975830708
72.0 40.0 0.0
72.0 42.0 0.0
72.0 44.0 0.0
72.0 46.0 0.0
72.0 48.0 0.010485737583160341
72.0 50.0 0.057379814562690874
72.0 52.0 0.11514879740327533
72.0 54.0 0.19241904100179338
72.0 56.0 0.2771412856545439
72.0 58.0 0.3468224759700133
72.0 60.0 0.3919357219471502
72.0 62.0 0.4088108653491418
72.0 64.0 0.33918341728699186
72.0 66.0 0.30782431600698096
72.0 68.0 0.24940852620296214
72.0 70.0 0.15476410935336124
72.0 72.0 0.03284147608473365
72.0 74.0 0.0
72.0 76.0 0.0
72.0 78.0 0.0
72.0 80.0 0.0
72.0 82.0 0.0
72.0 84.0 0.0
72.0 86.0 0.0
72.0 88.0 0.0
72.0 90.0 0.0
72.0 92.0 0.0
72.0 94.0 0.0
72.0 96.0 0.0
72.0 98.0 0.0
72.0 100.0 0.0
72.0 102.0 0.005941790734785357
72.0 104.0 0.017441005589986944
72.0 106.0 0.023820663006387414
72.0 108.0 0.028028595749882864
72.0 110.0 0.03188235243700554
72.0 112.0 0.03532505130077122
72.0 114.0 0.03513544094017596
72.0 116.0 0.03441517036816933
72.0 118.0 0.03675213247687272
72.0 120.0 0.05022703738488459
72.0 122.0 0.07536306844290229
72.0 124.0 0.16388254938997493
72.0 126.0 0.341017417030498
74.0 0.0 0.0
74.0 2.0 0.25496184227047236
74.0 4.0 0.09623145808712857
74.0 6.0 0.04168965071668432
74.0 8.0 0.01732279954573329
74.0 10.0 0.002132493028253185
74.0 12.0 0.0
74.0 14.0 0.0
74.0 16.0 0.0
74.0 18.0 0.004473761838511605
74.0 20.0 0.012105392729374763
74.0 22.0 0.032068614170105425
74.0 24.0 0.03938556680195251
74.0 26.0 0.02831968932394219
74.0 28.0 0.015182604824581497
74.0 30.0 0.021069328890503298
74.0 32.0 0.014345408441915721
74.0 34.0 0.008239425882161592
74.0 36.0 0.0028778792527623352
74.0 38.0 0.0
74.0 40.0 0.0
74.0 42.0 0.0
74.0 44.0 0.0
74.0 46.0 0.0
74.0 48.0 0.0
74.0 50.0 0.015629302504969862
74.0 52.0 0.08264724474515879
74.0 54.0 0.15408708307347743
74.0 56.0 0.23721253883616433
74.0 58.0 0.3044833605453843
74.0 60.0 0.3479651515671615
74.0 62.0 0.3572973047407701
74.0 64.0 0.28704079768284024
74.0 66.0 0.25565981090498985
74.0 68.0 0.1918270470763099
74.0 70.0 0.09301076251314404
74.0 72.0 0.001505146494004504
74.0 74.0 0.0
74.0 76.0 0.0
74.0 78.0 0.0
74.0 80.0 0.0
74.0 82.0 0.0
74.0 84.0 0.0
74.0 86.0 0.0
74.0 88.0 0.0
74.0 90.0 0.0
74.0 92.0 0.0
74.0 94.0 0.0
74.0 96.0 0.0
74.0 98.0 0.0
74.0 100.0 9.583376904459866E-4
74.0 102.0 0.012587943747764008
74.0 104.0 0.0168830714277444
74.0 106.0 0.014159072244953068
74.0 108.0 0.010563981950306542
74.0 110.0 0.008000512923697968
74.0 112.0 0.00919084180843
74.0 114.0 0.011104216064401207
74.0 116.0 0.013462519436281102
74.0 118.0 0.01619643758695152
74.0 120.0 0.030004092529769214
74.0 122.0 0.05712719920830065
74.0 124.0 0.1446571009216125
74.0 126.0 0.3385226785107533
76.0 0.0 0.0
76.0 2.0 0.21030851794484925
76.0 4.0 0.0760356509721889
76.0 6.0 0.03064668903973625
76.0 8.0 0.01062241789529566
76.0 10.0 0.0
76.0 12.0 0.0
76.0 14.0 0.0
76.0 16.0 0.007494049341083012
76.0 18.0 0.024644035304080606
76.0 20.0 0.06196194140400768
76.0 22.0 0.0863819701395433
76.0 24.0 0.08529226837792324
76.0 26.0 0.07491904694605434
76.0 28.0 0.05640487981080123
76.0 30.0 0.026198774771545794
76.0 32.0 0.009415445066785029
76.0 34.0 0.0
76.0 36.0 0.0
76.0 38.0 0.0
76.0 40.0 0.0
76.0 42.0 0.0
76.0 44.0 0.0
76.0 46.0 0.0
76.0 48.0 0.0
76.0 50.0 0.008445534705177647
76.0 52.0 0.044083448831920634
76.0 54.0 0.0992084048121384
76.0 56.0 0.17337187787188543
76.0 58.0 0.23909140388995512
76.0 60.0 0.27935353090656084
76.0 62.0 0.2698581486783996
76.0 64.0 0.22225336370487717
76.0 66.0 0.1834354256919779
76.0 68.0 0.11331803014828816
76.0 70.0 0.01719246455190837
76.0 72.0 0.0
76.0 74.0 0.0
76.0 76.0 0.0
76.0 78.0 0.0
76.0 80.0 0.0
76.0 82.0 0.0
76.0 84.0 0.0
76.0 86.0 0.0
76.0 88.0 0.0
76.0 90.0 0.0
76.0 92.0 0.0
76.0 94.0 0.0
76.0 96.0 0.0
76.0 98.0 0.00325553471541831
76.0 100.0 0.028078746218193795
76.0 102.0 0.02744347917503769
76.0 104.0 0.01661272021696592
76.0 106.0 0.008150173654872896
76.0 108.0 4.600902907292157E-6
76.0 110.0 0.0
76.0 112.0 0.0
76.0 114.0 0.0
76.0 116.0 0.0
76.0 118.0 0.0
76.0 120.0 0.0037005256158866603
76.0 122.0 0.02477726284558239
76.0 124.0 0.09053554228502252
76.0 126.0 0.0
78.0 0.0 0.0
78.0 2.0 0.1199301736564722
78.0 4.0 0.05362163949724583
78.0 6.0 0.022607995998102034
78.0 8.0 0.001884138592563208
78.0 10.0 0.0
78.0 12.0 0.0
78.0 14.0 2.4979723246915786E-4
78.0 16.0 0.03984169404714031
78.0 18.0 0.0898904714107109
78.0 20.0 0.13429015978424227
78.0 22.0 0.16222367481979882
78.0 24.0 0.1555284372627547
78.0 26.0 0.13614206785188915
78.0 28.0 0.10328514152115605
78.0 30.0 0.04371501916031956
78.0 32.0 0.005212191231067274
78.0 34.0 0.0
78.0 36.0 0.0
78.0 38.0 0.0
78.0 40.0 0.0
78.0 42.0 0.0
78.0 44.0 0.0
78.0 46.0 0.0
78.0 48.0 0.0
78.0 50.0 5.142609813255932E-4
78.0 52.0 0.007466454936286857
78.0 54.0 0.028601822513986477
78.0 56.0 0.08409994199772812
78.0 58.0 0.14049302492624452
78.0 60.0 0.17072746538043967
78.0 62.0 0.14866513094756514
78.0 64.0 0.13133498175029298
78.0 66.0 0.08626823566558979
78.0 68.0 0.01766482945620003
78.0 70.0 0.0
78.0 72.0 0.0
78.0 74.0 0.0
78.0 76.0 0.0
78.0 78.0 0.0
78.0 80.0 0.0
78.0 82.0 0.0
78.0 84.0 0.0
78.0 86.0 0.0
78.0 88.0 0.0
78.0 90.0 0.0
78.0 92.0 0.023971700105395677
78.0 94.0 0.06462109860015003
78.0 96.0 0.07893350653327837
78.0 98.0 0.08979927537726477
78.0 100.0 0.08041742897325554
78.0 102.0 0.05073119343831701
78.0 104.0 0.010791713204397266
78.0 106.0 0.0
78.0 108.0 0.0
78.0 110.0 0.0
78.0 112.0 0.0
78.0 114.0 0.0
78.0 116.0 0.0
78.0 118.0 0.0
78.0 120.0 0.0
78.0 122.0 0.0
78.0 124.0 0.014145839955387074
78.0 126.0 0.0
80.0 0.0 0.0
80.0 2.0 0.0
80.0 4.0 0.02279449492819233
80.0 6.0 0.0
80.0 8.0 0.0
80.0 10.0 0.0
80.0 12.0 0.0
80.0 14.0 0.010097748398050525
80.0 16.0 0.11202267764627638
80.0 18.0 0.1767531509235142
80.0 20.0 0.2248104124729545
80.0 22.0 0.26166025093665535
80.0 24.0 0.24634429584506767
80.0 26.0 0.20539461965127734
80.0 28.0 0.15640116590168643
80.0 30.0 0.0768537548094658
80.0 32.0 0.0032025142164299318
80.0 34.0 0.0
80.0 36.0 0.0
80.0 38.0 0.0
80.0 40.0 0.0
80.0 42.0 0.0
80.0 44.0 0.0
80.0 46.0 0.0
80.0 48.0 0.0
80.0 50.0 0.0
80.0 52.0 0.0
80.0 54.0 0.0
80.0 56.0 0.0014996890070211467
80.0 58.0 0.018257277129600406
80.0 60.0 0.03736437531541609
80.0 62.0 0.048628624303097966
80.0 64.0 0.030197858734463307
80.0 66.0 0.0064967079164082765
80.0 68.0 0.0
80.0 70.0 0.0
80.0 72.0 0.0
80.0 74.0 0.0
80.0 76.0 0.0
80.0 78.0 0.0
80.0 80.0 0.0
80.0 82.0 0.005243069821032325
80.0 84.0 0.005330864064377308
80.0 86.0 0.016382519793571106
80.0 88.0 0.07662450846221514
80.0 90.0 0.16797637448943747
80.0 92.0 0.22572543556377675
80.0 94.0 0.20692820036904094
80.0 96.0 0.20248330269876733
80.0 98.0 0.17708830475366635
80.0 100.0 0.1346679057361772
80.0 102.0 0.07397783350399652
80.0 104.0 0.0044334671691283346
80.0 106.0 0.0
80.0 108.0 0.0
80.0 110.0 0.0
80.0 112.0 0.0
80.0 114.0 0.0
80.0 116.0 0.0
80.0 118.0 0.0
80.0 120.0 0.0
80.0 122.0 0.0
80.0 124.0 0.0
80.0 126.0 0.0
82.0 0.0 0.0
82.0 2.0 0.0
82.0 4.0 0.0
82.0 6.0 0.0
82.0 8.0 0.0
82.0 10.0 0.0
82.0 12.0 0.0
82.0 14.0 0.034166756156497356
82.0 16.0 0.17856378440864307
82.0 18.0 0.2866935004794909
82.0 20.0 0.34822067913752436
82.0 22.0 0.3785763376034974
82.0 24.0 0.343598578832312
82.0 26.0 0.2817766884299642
82.0 28.0 0.21761058148305487
82.0 30.0 0.1033487250985418
82.0 32.0 0.0025313291972143353
82.0 34.0 0.0
82.0 36.0 0.0
82.0 38.0 0.0
82.0 40.0 0.0
82.0 42.0 0.0
82.0 44.0 0.0
82.0 46.0 0.0
82.0 48.0 0.0
82.0 50.0 0.0
82.0 52.0 0.0
82.0 54.0 0.0
82.0 56.0 0.0
82.0 58.0 0.0
82.0 60.0 0.0
82.0 62.0 0.001884341366203057
82.0 64.0 0.0
82.0 66.0 0.0
82.0 68.0 0.0
82.0 70.0 0.0
82.0 72.0 0.0
82.0 74.0 0.0
82.0 76.0 0.0013309731562739992
82.0 78.0 0.010065254227037638
82.0 80.0 0.036143238803505
82.0 82.0 0.0803903343239206
82.0 84.0 0.12813555118081013
82.0 86.0 0.19709668432099411
82.0 88.0 0.3009641928839909
82.0 90.0 0.38425315629254686
82.0 92.0 0.41576782330245693
82.0 94.0 0.34190058827529685
82.0 96.0 0.3168212250023729
82.0 98.0 0.2684499480182689
82.0 100.0 0.1964720922505749
82.0 102.0 0.10214378355173497
82.0 104.0 0.0050182252731426
82.0 106.0 0.0
82.0 108.0 0.0
82.0 110.0 0.0
82.0 112.0 0.0
82.0 114.0 0.0
82.0 116.0 0.0
82.0 118.0 0.0
82.0 120.0 0.0
82.0 122.0 0.0
82.0 124.0 0.0
82.0 126.0 0.0
84.0 0.0 0.0
84.0 2.0 0.0
84.0 4.0 0.0
84.0 6.0 0.0
84.0 8.0 0.0
84.0 10.0 0.0
84.0 12.0 1.2459804401185052E-4
84.0 14.0 0.12570728977978957
84.0 16.0 0.2900458253605902
84.0 18.0 0.38287880033280386
84.0 20.0 0.43683810527692674
84.0 22.0 0.444170626115672
84.0 24.0 0.38910388698355053
84.0 26.0 0.34336325819041597
84.0 28.0 0.29802441835619503
84.0 30.0 0.15080547865666974
84.0 32.0 0.0028839677322809796
84.0 34.0 0.0
84.0 36.0 0.0
84.0 38.0 0.0
84.0 40.0 0.0
84.0 42.0 0.0
84.0 44.0 0.0
84.0 46.0 0.0
84.0 48.0 0.0
84.0 50.0 0.0
84.0 52.0 0.0
84.0 54.0 0.0
84.0 56.0 0.0
84.0 58.0 0.0
84.0 60.0 0.0
84.0 62.0 0.0
84.0 64.0 0.0
84.0 66.0 0.0
84.0 68.0 0.0
84.0 70.0 0.0
84.0 72.0 0.0
84.0 74.0 0.0018957481112746612
84.0 76.0 0.011277464581603567
84.0 78.0 0.03615452816327909
84.0 80.0 0.08494225989435665
84.0 82.0 0.14483911758737691
84.0 84.0 0.21015851502514957
84.0 86.0 0.3036143685194116
84.0 88.0 0.4079349957205918
84.0 90.0 0.47901143006148034
84.0 92.0 0.5064624127231724
84.0 94.0 0.497469151594437
84.0 96.0 0.3973497781367261
84.0 98.0 0.3440067771885464
84.0 100.0 0.2671169078357832
84.0 102.0 0.1506913941292489
84.0 104.0 0.018599744319448816
84.0 106.0 0.0
84.0 108.0 0.0
84.0 110.0 0.0
84.0 112.0 0.0
84.0 114.0 0.0
84.0 116.0 0.0
84.0 118.0 0.0
84.0 120.0 0.0
84.0 122.0 0.0
84.0 124.0 0.0
84.0 126.0 0.0
86.0 0.0 0.0
86.0 2.0 0.0
86.0 4.0 0.0
86.0 6.0 0.0
86.0 8.0 0.0
86.0 10.0 0.0
86.0 12.0 0.0034506293057660047
86.0 14.0 0.14940473845838434
86.0 16.0 0.31630239691128054
86.0 18.0 0.424200322336612
86.0 20.0 0.4748533126887468
86.0 22.0 0.4383926623454643
86.0 24.0 0.4036930029331581
86.0 26.0 0.37175936703021323
86.0 28.0 0.3541726895782058
86.0 30.0 0.18815285342500224
86.0 32.0 0.003288507637847457
86.0 34.0 0.0
86.0 36.0 0.0
86.0 38.0 0.0
86.0 40.0 0.0
86.0 42.0 0.0
86.0 44.0 0.0
86.0 46.0 0.0
86.0 48.0 0.0
86.0 50.0 0.0
86.0 52.0 0.0
86.0 54.0 0.0
86.0 56.0 0.0
86.0 58.0 0.0
86.0 60.0 0.0
86.0 62.0 0.0
86.0 64.0 0.0
86.0 66.0 0.0
86.0 68.0 0.0
86.0 70.0 0.0
86.0 72.0 0.0
86.0 74.0 2.532392161616076E-4
86.0 76.0 0.01243700455729381
86.0 78.0 0.04302520717355287
86.0 80.0 0.09500561597642158
86.0 82.0 0.16344069493345048
86.0 84.0 0.24238838201048618
86.0 86.0 0.3475044198175578
86.0 88.0 0.42953667550992214
86.0 90.0 0.4842171629043482
86.0 92.0 0.4956913267459206
86.0 94.0 0.5024604505067017
86.0 96.0 0.48268995026922606
86.0 98.0 0.42948030358246436
86.0 100.0 0.3379387212474734
86.0 102.0 0.20685713664806638
86.0 104.0 0.03863290289258323
86.0 106.0 0.0
86.0 108.0 0.0
86.0 110.0 0.0
86.0 112.0 0.0
86.0 114.0 0.0
86.0 116.0 0.0
86.0 118.0 0.0
86.0 120.0 0.0
86.0 122.0 0.0
86.0 124.0 0.0
86.0 126.0 0.0
88.0 0.0 0.0
88.0 2.0 0.0
88.0 4.0 0.0
88.0 6.0 0.0
88.0 8.0 0.0
88.0 10.0 0.0
88.0 12.0 0.020895042575080056
88.0 14.0 0.1848968561019677
88.0 16.0 0.3463172922364947
88.0 18.0 0.4610610573662958
88.0 20.0 0.49585563466346416
88.0 22.0 0.43031210887694776
88.0 24.0 0.40305702870201093
88.0 26.0 0.37013733965265866
88.0 28.0 0.35110094339743525
88.0 30.0 0.1892935006604223
88.0 32.0 0.011207969145792982
88.0 34.0 0.0
88.0 36.0 0.0
88.0 38.0 0.0
88.0 40.0 0.0
88.0 42.0 0.0
88.0 44.0 0.0
88.0 46.0 0.0
88.0 48.0 0.0
88.0 50.0 0.0
88.0 52.0 0.0
88.0 54.0 0.0
88.0 56.0 0.0
88.0 58.0 0.0
88.0 60.0 0.0
88.0 62.0 0.0
88.0 64.0 0.0
88.0 66.0 0.0
88.0 68.0 0.0
88.0 70.0 0.0
88.0 72.0 0.0
88.0 74.0 0.0
88.0 76.0 0.01997266593373866
88.0 78.0 0.05624718343928034
88.0 80.0 0.11972158535635075
88.0 82.0 0.1641855618193152
88.0 84.0 0.24602435625767927
88.0 86.0 0.35146121163858823
88.0 88.0 0.43261373698513594
88.0 90.0 0.4328426821614053
88.0 92.0 0.4351203359103128
88.0 94.0 0.4449478076795959
88.0 96.0 0.43383314639329157
88.0 98.0 0.4225446858354544
88.0 100.0 0.42866700513032413
88.0 102.0 0.29101899482135957
88.0 104.0 0.06539577418805714
88.0 106.0 0.0
88.0 108.0 0.0
88.0 110.0 0.0
88.0 112.0 0.0
88.0 114.0 0.0
88.0 116.0 0.0
88.0 118.0 0.0
88.0 120.0 0.0
88.0 122.0 0.0
88.0 124.0 0.0
88.0 126.0 0.0
90.0 0.0 0.0
90.0 2.0 0.0
90.0 4.0 0.0
90.0 6.0 0.0
90.0 8.0 0.0
90.0 10.0 0.0
90.0 12.0 0.04815792115404399
90.0 14.0 0.21806368411837784
90.0 16.0 0.37079674916613103
90.0 18.0 0.4801551657591728
90.0 20.0 0.49749513101567255
90.0 22.0 0.4161424184299605
90.0 24.0 0.3931690737994215
90.0 26.0 0.35588249417782875
90.0 28.0 0.3079416023468233
90.0 30.0 0.17000681368821147
90.0 32.0 0.01757053990414198
90.0 34.0 0.0
90.0 36.0 0.0
90.0 38.0 0.0
90.0 40.0 0.0
90.0 42.0 0.0
90.0 44.0 0.0
90.0 46.0 0.0
90.0 48.0 0.0
90.0 50.0 0.0
90.0 52.0 0.0
90.0 54.0 0.0
90.0 56.0 0.0
90.0 58.0 0.0
90.0 60.0 0.0
90.0 62.0 2.051075011284407E-4
90.0 64.0 0.0
90.0 66.0 0.0
90.0 68.0 0.0
90.0 70.0 0.0
90.0 72.0 0.0
90.0 74.0 0.0
90.0 76.0 0.010114738230764335
90.0 78.0 0.039050671320486674
90.0 80.0 0.09269887745350806
90.0 82.0 0.1347433387154476
90.0 84.0 0.20908595845538067
90.0 86.0 0.3124089257324785
90.0 88.0 0.3977182435981151
90.0 90.0 0.41288087411713775
90.0 92.0 0.40613814344778315
90.0 94.0 0.4216453692920421
90.0 96.0 0.42371515663797604
90.0 98.0 0.47718630370113785
90.0 100.0 0.45960275064809974
90.0 102.0 0.3641546003727882
90.0 104.0 0.11420431887511724
90.0 106.0 0.0
90.0 108.0 0.0
90.0 110.0 0.0
90.0 112.0 0.0
90.0 114.0 0.0
90.0 116.0 0.0
90.0 118.0 0.0
90.0 120.0 0.0
90.0 122.0 0.0
90.0 124.0 0.0
90.0 126.0 0.0
92.0 0.0 0.0
92.0 2.0 0.0
92.0 4.0 0.0
92.0 6.0 0.0
92.0 8.0 0.0
92.0 10.0 0.0
92.0 12.0 0.023110197931553212
92.0 14.0 0.17947457133314823
92.0 16.0 0.3555237046323882
92.0 18.0 0.4738978038059116
92.0 20.0 0.4904870368069993
92.0 22.0 0.3891810076106774
92.0 24.0 0.3655051392854615
92.0 26.0 0.32833623480611696
92.0 28.0 0.26434135296007205
92.0 30.0 0.12395517319060727
92.0 32.0 0.003937099361572366
92.0 34.0 0.0
92.0 36.0 0.0
92.0 38.0 0.0
92.0 40.0 0.0
92.0 42.0 0.0
92.0 44.0 0.0
92.0 46.0 0.0
92.0 48.0 0.0
92.0 50.0 0.0
92.0 52.0 0.0
92.0 54.0 0.0
92.0 56.0 0.0
92.0 58.0 2.4353406798976814E-4
92.0 60.0 0.011830946136784535
92.0 62.0 0.014376507818091753
92.0 64.0 0.0060602249102644406
92.0 66.0 0.0
92.0 68.0 0.0
92.0 70.0 0.0
92.0 72.0 0.0
92.0 74.0 0.0
92.0 76.0 9.37424668670748E-5
92.0 78.0 0.018221456617556912
92.0 80.0 0.05779622256775969
92.0 82.0 0.08500019568147137
92.0 84.0 0.15960648967308882
92.0 86.0 0.24259851143055808
92.0 88.0 0.32476776779778926
92.0 90.0 0.3762905922095044
92.0 92.0 0.37521366754164204
92.0 94.0 0.40077703880028115
92.0 96.0 0.40841325783180277
92.0 98.0 0.4296684040506107
92.0 100.0 0.47617847938165564
92.0 102.0 0.40579644854457153
92.0 104.0 0.1944005986613767
92.0 106.0 0.0
92.0 108.0 0.0
92.0 110.0 0.0
92.0 112.0 0.0
92.0 114.0 0.0
92.0 116.0 0.0
92.0 118.0 0.0
92.0 120.0 0.0
92.0 122.0 0.0
92.0 124.0 0.0
92.0 126.0 0.0
94.0 0.0 0.0
94.0 2.0 0.0
94.0 4.0 0.0
94.0 6.0 0.0
94.0 8.0 0.0
94.0 10.0 0.0
94.0 12.0 0.04518186847730051
94.0 14.0 0.21079514715210546
94.0 16.0 0.3669706775831894
94.0 18.0 0.46735418155758235
94.0 20.0 0.48639245315258645
94.0 22.0 0.37928966155195626
94.0 24.0 0.3263521144457025
94.0 26.0 0.2802701501779809
94.0 28.0 0.202621452616461
94.0 30.0 0.08489316119597264
94.0 32.0 0.0
94.0 34.0 0.0
94.0 36.0 0.0
94.0 38.0 0.0
94.0 40.0 0.0
94.0 42.0 0.0
94.0 44.0 0.0
94.0 46.0 0.0
94.0 48.0 0.0
94.0 50.0 0.0
94.0 52.0 0.0
94.0 54.0 0.0
94.0 56.0 0.0016201614680680558
94.0 58.0 0.03828013656032686
94.0 60.0 0.056393154467897694
94.0 62.0 0.041946296313479646
94.0 64.0 0.02151980046586019
94.0 66.0 0.001053324184860448
94.0 68.0 0.0
94.0 70.0 0.0
94.0 72.0 0.0
94.0 74.0 0.0
94.0 76.0 0.0
94.0 78.0 0.0
94.0 80.0 0.01298198823521985
94.0 82.0 0.030524236417469094
94.0 84.0 0.08800205169286658
94.0 86.0 0.1518850773680411
94.0 88.0 0.23537826915257773
94.0 90.0 0.31693186709460913
94.0 92.0 0.3529398544245134
94.0 94.0 0.3780868388249449
94.0 96.0 0.395029737777887
94.0 98.0 0.41433062074980437
94.0 100.0 0.4651139283311609
94.0 102.0 0.4147393292104633
94.0 104.0 0.25650587881271486
94.0 106.0 0.014026923468191723
94.0 108.0 0.0
94.0 110.0 0.0
94.0 112.0 0.0
94.0 114.0 0.0
94.0 116.0 0.0
94.0 118.0 0.0
94.0 120.0 0.0
94.0 122.0 0.0
94.0 124.0 0.0
94.0 126.0 0.0
96.0 0.0 0.0
96.0 2.0 0.0
96.0 4.0 0.0
96.0 6.0 0.0
96.0 8.0 0.0
96.0 10.0 0.0
96.0 12.0 0.0041545233991472225
96.0 14.0 0.14228318543143958
96.0 16.0 0.2922708785091267
96.0 18.0 0.3792014595806887
96.0 20.0 0.42258732137777527
96.0 22.0 0.36222210448983905
96.0 24.0 0.28446933865498014
96.0 26.0 0.2219780853952462
96.0 28.0 0.137788953250957
96.0 30.0 0.03453186254488033
96.0 32.0 0.0
96.0 34.0 0.0
96.0 36.0 0.0
96.0 38.0 0.0
96.0 40.0 0.0
96.0 42.0 0.0
96.0 44.0 0.0
96.0 46.0 0.0
96.0 48.0 0.0
96.0 50.0 0.0
96.0 52.0 0.0
96.0 54.0 0.0028319663659243485
96.0 56.0 0.06972082312375825
96.0 58.0 0.1192413871630756
96.0 60.0 0.12978371540961417
96.0 62.0 0.10351220621022107
96.0 64.0 0.05396197919038943
96.0 66.0 0.00926879673619216
96.0 68.0 0.0
96.0 70.0 0.0
96.0 72.0 0.0
96.0 74.0 0.0
96.0 76.0 0.0
96.0 78.0 0.0
96.0 80.0 0.0
96.0 82.0 0.0
96.0 84.0 0.020301470415522247
96.0 86.0 0.07008043626407039
96.0 88.0 0.14851065864306365
96.0 90.0 0.23490100787329773
96.0 92.0 0.3076091870430005
96.0 94.0 0.34805554688770535
96.0 96.0 0.37263870514599245
96.0 98.0 0.3836448808437278
96.0 100.0 0.42257974033524454
96.0 102.0 0.40537165943029513
96.0 104.0 0.2842000000238942
96.0 106.0 0.053662322555224885
96.0 108.0 0.0
96.0 110.0 0.0
96.0 112.0 0.0
96.0 114.0 0.0
96.0 116.0 0.0
96.0 118.0 0.0
96.0 120.0 0.0
96.0 122.0 0.0
96.0 124.0 0.0
96.0 126.0 0.0
98.0 0.0 0.0
98.0 2.0 0.0
98.0 4.0 0.0
98.0 6.0 0.0
98.0 8.0 0.0
98.0 10.0 0.0
98.0 12.0 0.0
98.0 14.0 0.11877898490523085
98.0 16.0 0.2663244682034736
98.0 18.0 0.3445541544332346
98.0 20.0 0.37718964163754304
98.0 22.0 0.3187502286139715
98.0 24.0 0.22971194373038564
98.0 26.0 0.16148006625166736
98.0 28.0 0.07787582373217734
98.0 30.0 0.003750157813947908
98.0 32.0 0.0
98.0 34.0 0.0
98.0 36.0 0.0
98.0 38.0 0.0
98.0 40.0 0.0
98.0 42.0 0.0
98.0 44.0 0.0
98.0 46.0 0.0
98.0 48.0 0.0
98.0 50.0 0.0
98.0 52.0 0.001158907958574777
98.0 54.0 0.0852222898507412
98.0 56.0 0.1684562384719581
98.0 58.0 0.20923700614710072
98.0 60.0 0.20988845911212387
98.0 62.0 0.17367653686161566
98.0 64.0 0.1062154791882015
98.0 66.0 0.018360238912167995
98.0 68.0 0.0
98.0 70.0 0.0
98.0 72.0 0.0
98.0 74.0 0.0
98.0 76.0 0.0
98.0 78.0 0.0
98.0 80.0 0.0
98.0 82.0 0.0
98.0 84.0 0.0
98.0 86.0 0.004128505769732116
98.0 88.0 0.04050986549061756
98.0 90.0 0.13500117856117388
98.0 92.0 0.22122354716245982
98.0 94.0 0.28838679700244046
98.0 96.0 0.33703801149296786
98.0 98.0 0.3889945549703979
98.0 100.0 0.4056454402109055
98.0 102.0 0.36857834744995527
98.0 104.0 0.29459399254463287
98.0 106.0 0.1101759019923053
98.0 108.0 0.0
98.0 110.0 0.0
98.0 112.0 0.0
98.0 114.0 0.0
98.0 116.0 0.0
98.0 118.0 0.0
98.0 120.0 0.0
98.0 122.0 0.0
98.0 124.0 0.0
98.0 126.0 0.0
100.0 0.0 0.0
100.0 2.0 0.0
100.0 4.0 0.0
100.0 6.0 0.0
100.0 8.0 0.0
100.0 10.0 0.0
100.0 12.0 0.0
100.0 14.0 0.10159944947628895
100.0 16.0 0.2510199685309307
100.0 18.0 0.328213113467645
100.0 20.0 0.318715206061215
100.0 22.0 0.24334456971446994
100.0 24.0 0.1816881283433074
100.0 26.0 0.10660016620785552
100.0 28.0 0.007215435001966992
100.0 30.0 0.0
100.0 32.0 0.0
100.0 34.0 0.0
100.0 36.0 0.0
100.0 38.0 0.0
100.0 40.0 0.0
100.0 42.0 0.0
100.0 44.0 0.0
100.0 46.0 0.0
100.0 48.0 0.0
100.0 50.0 0.002245795607046647
100.0 52.0 0.09685162717549711
100.0 54.0 0.200237253084973
100.0 56.0 0.2682581403105903
100.0 58.0 0.2977502283644235
100.0 60.0 0.2896437640475649
100.0 62.0 0.2434063220250777
100.0 64.0 0.15772307148890458
100.0 66.0 0.044267390426877946
100.0 68.0 0.0
100.0 70.0 0.0
100.0 72.0 0.0
100.0 74.0 0.0
100.0 76.0 0.0
100.0 78.0 0.0
100.0 80.0 0.0
100.0 82.0 0.0
100.0 84.0 0.0
100.0 86.0 0.0
100.0 88.0 0.0
100.0 90.0 0.01244792781449744
100.0 92.0 0.12226804116571122
100.0 94.0 0.22889634765135924
100.0 96.0 0.3084825038095227
100.0 98.0 0.3463805590253306
100.0 100.0 0.35840136312591914
100.0 102.0 0.33168252855786495
100.0 104.0 0.2685212131693719
100.0 106.0 0.18451885355301015
100.0 108.0 0.004284170061383959
100.0 110.0 0.0
100.0 112.0 0.0
100.0 114.0 0.0
100.0 116.0 0.0
100.0 118.0 0.0
100.0 120.0 0.0
100.0 122.0 0.0
100.0 124.0 0.0
100.0 126.0 0.0
102.0 0.0 0.0
102.0 2.0 0.0
102.0 4.0 0.0
102.0 6.0 0.0
102.0 8.0 0.0
102.0 10.0 0.0
102.0 12.0 0.0
102.0 14.0 0.04565203151122615
102.0 16.0 0.20072854776612495
102.0 18.0 0.27966434349644814
102.0 20.0 0.26676957624664327
102.0 22.0 0.18268936119599258
102.0 24.0 0.09515008865285703
102.0 26.0 0.014658575058835705
102.0 28.0 0.0
102.0 30.0 0.0
102.0 32.0 0.0
102.0 34.0 0.0
102.0 36.0 0.0
102.0 38.0 0.0
102.0 40.0 0.0
102.0 42.0 0.0
102.0 44.0 0.0
102.0 46.0 0.0
102.0 48.0 0.0
102.0 50.0 0.08754382235004494
102.0 52.0 0.20030821726857698
102.0 54.0 0.28930300339479026
102.0 56.0 0.34363535347121316
102.0 58.0 0.3629047452498549
102.0 60.0 0.3491625471004712
102.0 62.0 0.2987179079009797
102.0 64.0 0.20861053294834606
102.0 66.0 0.08392259794416551
102.0 68.0 8.275162561957562E-5
102.0 70.0 0.0
102.0 72.0 0.0
102.0 74.0 0.0
102.0 76.0 0.0
102.0 78.0 0.0
102.0 80.0 0.0
102.0 82.0 0.0
102.0 84.0 0.0
102.0 86.0 0.0
102.0 88.0 0.0
102.0 90.0 0.0
102.0 92.0 0.03587838449973762
102.0 94.0 0.15028242093423885
102.0 96.0 0.23037479952785364
102.0 98.0 0.2818201268226648
102.0 100.0 0.3067939111075836
102.0 102.0 0.2983157152139215
102.0 104.0 0.2718479931712673
102.0 106.0 0.2421083521672364
102.0 108.0 0.08623723833030456
102.0 110.0 0.0
102.0 112.0 0.0
102.0 114.0 0.0
102.0 116.0 0.0
102.0 118.0 0.0
102.0 120.0 0.0
102.0 122.0 0.0
102.0 124.0 0.0
102.0 126.0 0.0
104.0 0.0 0.0
104.0 2.0 0.0
104.0 4.0 0.0
104.0 6.0 0.0
104.0 8.0 0.0
104.0 10.0 0.0
104.0 12.0 0.0
104.0 14.0 0.0
104.0 16.0 0.18865027573995194
104.0 18.0 0.26105374965617595
104.0 20.0 0.21111165321033953
104.0 22.0 0.130052631594237
104.0 24.0 0.015599943857888444
104.0 26.0 0.0
104.0 28.0 0.0
104.0 30.0 0.0
104.0 32.0 0.0
104.0 34.0 0.0
104.0 36.0 0.0
104.0 38.0 0.0
104.0 40.0 0.0
104.0 42.0 0.0
104.0 44.0 0.0
104.0 46.0 0.0
104.0 48.0 0.0411856973480222
104.0 50.0 0.1754895888926691
104.0 52.0 0.2726890715999729
104.0 54.0 0.34805512478223305
104.0 56.0 0.39164673183962434
104.0 58.0 0.4042722798314496
104.0 60.0 0.3942692074117089
104.0 62.0 0.42133592315442386
104.0 64.0 0.2921008116174266
104.0 66.0 0.09371261118111561
104.0 68.0 2.656631828515464E-4
104.0 70.0 0.0
104.0 72.0 0.0
104.0 74.0 0.0
104.0 76.0 0.0
104.0 78.0 0.0
104.0 80.0 0.0
104.0 82.0 0.0
104.0 84.0 0.0
104.0 86.0 0.0
104.0 88.0 0.0
104.0 90.0 0.0
104.0 92.0 0.0
104.0 94.0 0.053516530076049645
104.0 96.0 0.14594863130874475
104.0 98.0 0.21538205975242863
104.0 100.0 0.2642765747085851
104.0 102.0 0.27878814218279346
104.0 104.0 0.28312426190429113
104.0 106.0 0.29367861131282663
104.0 108.0 0.2046324780726733
104.0 110.0 0.05370430796607484
104.0 112.0 0.0
104.0 114.0 0.0
104.0 116.0 0.0
104.0 118.0 0.0
104.0 120.0 0.0
104.0 122.0 0.0
104.0 124.0 0.0
104.0 126.0 0.0
106.0 0.0 0.0
106.0 2.0 0.0
106.0 4.0 0.0
106.0 6.0 0.0
106.0 8.0 0.0
106.0 10.0 0.0
106.0 12.0 0.0
106.0 14.0 0.0
106.0 16.0 0.0
106.0 18.0 0.19948452755026988
106.0 20.0 0.13524157698613085
106.0 22.0 0.04394799824647119
106.0 24.0 0.0
106.0 26.0 0.0
106.0 28.0 0.0
106.0 30.0 0.0
106.0 32.0 0.0
106.0 34.0 0.0
106.0 36.0 0.0
106.0 38.0 0.0
106.0 40.0 0.0
106.0 42.0 0.0
106.0 44.0 0.0
106.0 46.0 0.00830322939069927
106.0 48.0 0.12085712310160047
106.0 50.0 0.2351545263977254
106.0 52.0 0.3214940042311466
106.0 54.0 0.38340929021153997
106.0 56.0 0.4178196106863963
106.0 58.0 0.4268348282179355
106.0 60.0 0.41522196073264306
106.0 62.0 0.46489665563109983
106.0 64.0 0.3310708586402004
106.0 66.0 0.12088780330450427
106.0 68.0 0.0
106.0 70.0 0.0
106.0 72.0 0.0
106.0 74.0 0.0
106.0 76.0 0.0
106.0 78.0 0.0
106.0 80.0 0.0
106.0 82.0 0.0
106.0 84.0 0.0
106.0 86.0 0.0
106.0 88.0 0.0
106.0 90.0 0.0
106.0 92.0 0.0
106.0 94.0 0.0
106.0 96.0 0.06236564213700561
106.0 98.0 0.15472758283336538
106.0 100.0 0.23090614088840442
106.0 102.0 0.2688119679488593
106.0 104.0 0.3030539943457827
106.0 106.0 0.3314683371123954
106.0 108.0 0.30820404239053995
106.0 110.0 0.19723650275752835
106.0 112.0 0.0
106.0 114.0 0.0
106.0 116.0 0.0
106.0 118.0 0.0
106.0 120.0 0.0
106.0 122.0 0.0
106.0 124.0 0.0
106.0 126.0 0.0
108.0 0.0 0.0
108.0 2.0 0.0
108.0 4.0 0.0
108.0 6.0 0.0
108.0 8.0 0.0
108.0 10.0 0.0
108.0 12.0 0.0
108.0 14.0 0.0
108.0 16.0 0.0
108.0 18.0 0.0
108.0 20.0 0.09681063494969201
108.0 22.0 0.0
108.0 24.0 0.0
108.0 26.0 0.0
108.0 28.0 0.0
108.0 30.0 0.0
108.0 32.0 0.0
108.0 34.0 0.0
108.0 36.0 0.0
108.0 38.0 0.0
108.0 40.0 0.0
108.0 42.0 0.0
108.0 44.0 2.1984580116381292E-5
108.0 46.0 0.08117699366386608
108.0 48.0 0.22189252099885245
108.0 50.0 0.31946246955274005
108.0 52.0 0.33657046656435646
108.0 54.0 0.3995435310465265
108.0 56.0 0.427836312779738
108.0 58.0 0.4339180331765687
108.0 60.0 0.42394173960930326
108.0 62.0 0.490246247018193
108.0 64.0 0.3523273024835087
108.0 66.0 0.12892818390417668
108.0 68.0 0.0
108.0 70.0 0.0
108.0 72.0 0.0
108.0 74.0 0.0
108.0 76.0 0.0
108.0 78.0 0.0
108.0 80.0 0.0
108.0 82.0 0.0
108.0 84.0 0.0
108.0 86.0 0.0
108.0 88.0 0.0
108.0 90.0 0.0
108.0 92.0 0.0
108.0 94.0 0.0
108.0 96.0 0.023394248849486973
108.0 98.0 0.09973418594496365
108.0 100.0 0.20173053741947397
108.0 102.0 0.2619811809436816
108.0 104.0 0.3098688737983822
108.0 106.0 0.36397152182927606
108.0 108.0 0.38527000005376116
108.0 110.0 0.0
108.0 112.0 0.0
108.0 114.0 0.0
108.0 116.0 0.0
108.0 118.0 0.0
108.0 120.0 0.0
108.0 122.0 0.0
108.0 124.0 0.0
108.0 126.0 0.0
110.0 0.0 0.0
110.0 2.0 0.0
110.0 4.0 0.0
110.0 6.0 0.0
110.0 8.0 0.0
110.0 10.0 0.0
110.0 12.0 0.0
110.0 14.0 0.0
110.0 16.0 0.0
110.0 18.0 0.0
110.0 20.0 0.0
110.0 22.0 0.07742719875187161
110.0 24.0 0.0
110.0 26.0 0.0
110.0 28.0 0.0
110.0 30.0 0.0
110.0 32.0 0.0
110.0 34.0 0.0
110.0 36.0 0.0
110.0 38.0 0.0
110.0 40.0 0.0
110.0 42.0 0.0
110.0 44.0 0.014259467937214304
110.0 46.0 0.12992497489482177
110.0 48.0 0.2652852261594472
110.0 50.0 0.37660440622520835
110.0 52.0 0.3601806248194665
110.0 54.0 0.4110014283243559
110.0 56.0 0.4357470851346347
110.0 58.0 0.43695484758839176
110.0 60.0 0.42580373207506045
110.0 62.0 0.4847571611586708
110.0 64.0 0.35793921630350184
110.0 66.0 0.11648437202851301
110.0 68.0 0.0
110.0 70.0 0.0
110.0 72.0 0.0
110.0 74.0 0.0
110.0 76.0 0.0
110.0 78.0 0.0
110.0 80.0 0.0
110.0 82.0 0.0
110.0 84.0 0.0
110.0 86.0 0.0
110.0 88.0 0.0
110.0 90.0 0.0
110.0 92.0 0.0
110.0 94.0 0.0
110.0 96.0 0.004054284785925248
110.0 98.0 0.06136725948752996
110.0 100.0 0.18562517742429863
110.0 102.0 0.26007947232032147
110.0 104.0 0.31134295952485963
110.0 106.0 0.3612011559510509
110.0 108.0 0.0
110.0 110.0 0.0
110.0 112.0 0.0
110.0 114.0 0.0
110.0 116.0 0.0
110.0 118.0 0.0
110.0 120.0 0.0
110.0 122.0 0.0
110.0 124.0 0.0
110.0 126.0 0.0
112.0 0.0 0.0
112.0 2.0 0.0
112.0 4.0 0.0
112.0 6.0 0.0
112.0 8.0 0.0
112.0 10.0 0.0
112.0 12.0 0.0
112.0 14.0 0.0
112.0 16.0 0.0
112.0 18.0 0.0
112.0 20.0 0.0
112.0 22.0 0.0
112.0 24.0 0.08499623582496892
112.0 26.0 0.0
112.0 28.0 0.0
112.0 30.0 0.0
112.0 32.0 0.0
112.0 34.0 0.0
112.0 36.0 0.0
112.0 38.0 0.0
112.0 40.0 0.0
112.0 42.0 6.560123708244983E-4
112.0 44.0 0.04005924037326716
112.0 46.0 0.1603324169309209
112.0 48.0 0.28534792939427533
112.0 50.0 0.39712256940177215
112.0 52.0 0.42819707741191754
112.0 54.0 0.4138225910046241
112.0 56.0 0.43948850381372706
112.0 58.0 0.4798094640425265
112.0 60.0 0.47631337930680645
112.0 62.0 0.44321588059543937
112.0 64.0 0.36333544056656514
112.0 66.0 0.11591479783710056
112.0 68.0 0.0
112.0 70.0 0.0
112.0 72.0 0.0
112.0 74.0 0.0
112.0 76.0 0.0
112.0 78.0 0.0
112.0 80.0 0.0
112.0 82.0 0.0
112.0 84.0 0.0
112.0 86.0 0.0
112.0 88.0 0.0
112.0 90.0 0.0
112.0 92.0 0.0
112.0 94.0 0.0
112.0 96.0 0.0
112.0 98.0 0.027836541270787944
112.0 100.0 0.16036027117086032
112.0 102.0 0.24650781578444578
112.0 104.0 0.2754541772431062
112.0 106.0 0.0
112.0 108.0 0.0
112.0 110.0 0.0
112.0 112.0 0.0
112.0 114.0 0.0
112.0 116.0 0.0
112.0 118.0 0.0
112.0 120.0 0.0
112.0 122.0 0.0
112.0 124.0 0.0
112.0 126.0 0.0
114.0 0.0 0.0
114.0 2.0 0.0
114.0 4.0 0.0
114.0 6.0 0.0
114.0 8.0 0.0
114.0 10.0 0.0
114.0 12.0 0.0
114.0 14.0 0.0
114.0 16.0 0.0
114.0 18.0 0.0
114.0 20.0 0.0
114.0 22.0 0.0
114.0 24.0 0.0
114.0 26.0 0.06959216018657295
114.0 28.0 0.0
114.0 30.0 0.0
114.0 32.0 0.0
114.0 34.0 0.0
114.0 36.0 0.0
114.0 38.0 0.0
114.0 40.0 0.0
114.0 42.0 0.005093288850491877
114.0 44.0 0.054879686350811
114.0 46.0 0.16894312437580514
114.0 48.0 0.29073701773985144
114.0 50.0 0.40141486693674017
114.0 52.0 0.4878304716398831
114.0 54.0 0.539079749242734
114.0 56.0 0.5527086871688872
114.0 58.0 0.5466980932001736
114.0 60.0 0.4739290684092503
114.0 62.0 0.3790896878552657
114.0 64.0 0.33375598567123665
114.0 66.0 0.11083426409855802
114.0 68.0 0.0
114.0 70.0 0.0
114.0 72.0 0.0
114.0 74.0 0.0
114.0 76.0 0.0
114.0 78.0 0.0
114.0 80.0 0.0
114.0 82.0 0.0
114.0 84.0 0.0
114.0 86.0 0.0
114.0 88.0 0.0
114.0 90.0 0.0
114.0 92.0 0.0
114.0 94.0 0.0
114.0 96.0 0.0
114.0 98.0 0.00933524593861496
114.0 100.0 0.11871656270019247
114.0 102.0 0.0
114.0 104.0 0.0
114.0 106.0 0.0
114.0 108.0 0.0
114.0 110.0 0.0
114.0 112.0 0.0
114.0 114.0 0.0
114.0 116.0 0.0
114.0 118.0 0.0
114.0 120.0 0.0
114.0 122.0 0.0
114.0 124.0 0.0
114.0 126.0 0.0
116.0 0.0 0.0
116.0 2.0 0.0
116.0 4.0 0.0
116.0 6.0 0.0
116.0 8.0 0.0
116.0 10.0 0.0
116.0 12.0 0.0
116.0 14.0 0.0
116.0 16.0 0.0
116.0 18.0 0.0
116.0 20.0 0.0
116.0 22.0 0.0
116.0 24.0 0.0
116.0 26.0 0.0
116.0 28.0 0.0340216161559778
116.0 30.0 0.0
116.0 32.0 0.0
116.0 34.0 0.0
116.0 36.0 0.0
116.0 38.0 0.0
116.0 40.0 0.0
116.0 42.0 0.004510649524457178
116.0 44.0 0.04948977968138905
116.0 46.0 0.16032710276200884
116.0 48.0 0.2824378816429059
116.0 50.0 0.3958636433968276
116.0 52.0 0.48495661741130425
116.0 54.0 0.5358128981868852
116.0 56.0 0.5522709904829871
116.0 58.0 0.5459364413982613
116.0 60.0 0.5051217087313423
116.0 62.0 0.4005510055233699
116.0 64.0 0.2634820705137796
116.0 66.0 0.09819835568242914
116.0 68.0 0.0
116.0 70.0 0.0
116.0 72.0 0.0
116.0 74.0 0.0
116.0 76.0 0.0
116.0 78.0 0.0
116.0 80.0 0.0
116.0 82.0 0.0
116.0 84.0 0.0
116.0 86.0 0.0
116.0 88.0 0.0
116.0 90.0 0.0
116.0 92.0 0.0
116.0 94.0 0.0
116.0 96.0 0.0
116.0 98.0 0.006123478687866159
116.0 100.0 0.0
116.0 102.0 0.0
116.0 104.0 0.0
116.0 106.0 0.0
116.0 108.0 0.0
116.0 110.0 0.0
116.0 112.0 0.0
116.0 114.0 0.0
116.0 116.0 0.0
116.0 118.0 0.0
116.0 120.0 0.0
116.0 122.0 0.0
116.0 124.0 0.0
116.0 126.0 0.0
118.0 0.0 0.0
118.0 2.0 0.0
118.0 4.0 0.0
118.0 6.0 0.0
118.0 8.0 0.0
118.0 10.0 0.0
118.0 12.0 0.0
118.0 14.0 0.0
118.0 16.0 0.0
118.0 18.0 0.0
118.0 20.0 0.0
118.0 22.0 0.0
118.0 24.0 0.0
118.0 26.0 0.0
118.0 28.0 0.0
118.0 30.0 0.0
118.0 32.0 0.005973558090912223
118.0 34.0 0.0
118.0 36.0 0.0
118.0 38.0 0.0
118.0 40.0 0.0
118.0 42.0 0.001308708412086082
118.0 44.0 0.04402654977204464
118.0 46.0 0.1412831151733295
118.0 48.0 0.257687336490461
118.0 50.0 0.37675245590188616
118.0 52.0 0.47586715051501266
118.0 54.0 0.5321649591119136
118.0 56.0 0.5530455860967288
118.0 58.0 0.5480920641088814
118.0 60.0 0.5047652417277952
118.0 62.0 0.40653248536409575
118.0 64.0 0.2375617630620375
118.0 66.0 0.06665072745784527
118.0 68.0 0.0
118.0 70.0 0.0
118.0 72.0 0.0
118.0 74.0 0.0
118.0 76.0 0.0
118.0 78.0 0.0
118.0 80.0 0.0
118.0 82.0 0.0
118.0 84.0 0.0
118.0 86.0 0.0
118.0 88.0 0.0
118.0 90.0 0.0
118.0 92.0 0.0
118.0 94.0 0.0
118.0 96.0 0.0
118.0 98.0 0.0
118.0 100.0 0.0
118.0 102.0 0.0
118.0 104.0 0.0
118.0 106.0 0.0
118.0 108.0 0.0
118.0 110.0 0.0
118.0 112.0 0.0
118.0 114.0 0.0
118.0 116.0 0.0
118.0 118.0 0.0
118.0 120.0 0.0
118.0 122.0 0.0
118.0 124.0 0.0
118.0 126.0 0.0
120.0 0.0 0.0
120.0 2.0 0.0
120.0 4.0 0.0
120.0 6.0 0.0
120.0 8.0 0.0
120.0 10.0 0.0
120.0 12.0 0.0
120.0 14.0 0.0
120.0 16.0 0.0
120.0 18.0 0.0
120.0 20.0 0.0
120.0 22.0 0.0
120.0 24.0 0.0
120.0 26.0 0.0
120.0 28.0 0.0
120.0 30.0 0.0
120.0 32.0 0.0
120.0 34.0 0.0
120.0 36.0 0.0
120.0 38.0 0.0
120.0 40.0 0.0
120.0 42.0 0.0
120.0 44.0 0.0028119403434297683
120.0 46.0 0.0870859048172179
120.0 48.0 0.21166091407841572
120.0 50.0 0.3400364401360445
120.0 52.0 0.4519174425332669
120.0 54.0 0.519966357518545
120.0 56.0 0.5451097133913062
120.0 58.0 0.5415547162998668
120.0 60.0 0.49559070342390354
120.0 62.0 0.38942136438762276
120.0 64.0 0.20272907188062508
120.0 66.0 0.034161615500072816
120.0 68.0 0.0
120.0 70.0 0.0
120.0 72.0 0.0
120.0 74.0 0.0
120.0 76.0 0.0
120.0 78.0 0.0
120.0 80.0 0.0
120.0 82.0 0.0
120.0 84.0 0.0
120.0 86.0 0.0
120.0 88.0 0.0
120.0 90.0 0.0
120.0 92.0 0.0
120.0 94.0 0.0
120.0 96.0 0.0
120.0 98.0 0.0
120.0 100.0 0.0
120.0 102.0 0.0
120.0 104.0 0.0
120.0 106.0 0.0
120.0 108.0 0.0
120.0 110.0 0.0
120.0 112.0 0.0
120.0 114.0 0.0
120.0 116.0 0.0
120.0 118.0 0.0
120.0 120.0 0.0
120.0 122.0 0.0
120.0 124.0 0.0
120.0 126.0 0.0
122.0 0.0 0.0
122.0 2.0 0.0
122.0 4.0 0.0
122.0 6.0 0.0
122.0 8.0 0.0
122.0 10.0 0.0
122.0 12.0 0.0
122.0 14.0 0.0
122.0 16.0 0.0
122.0 18.0 0.0
122.0 20.0 0.0
122.0 22.0 0.0
122.0 24.0 0.0
122.0 26.0 0.0
122.0 28.0 0.0
122.0 30.0 0.0
122.0 32.0 0.0
122.0 34.0 0.0
122.0 36.0 0.0
122.0 38.0 0.0
122.0 40.0 0.0
122.0 42.0 0.0
122.0 44.0 0.0
122.0 46.0 7.922673244541911E-4
122.0 48.0 0.09421972063398815
122.0 50.0 0.262895099626526
122.0 52.0 0.3970971446927058
122.0 54.0 0.4879710260589249
122.0 56.0 0.5237543142045546
122.0 58.0 0.5193688490081025
122.0 60.0 0.471628233779684
122.0 62.0 0.3604357783225806
122.0 64.0 0.16433041796335512
122.0 66.0 0.006110007140274497
122.0 68.0 0.0
122.0 70.0 0.0
122.0 72.0 0.0
122.0 74.0 0.0
122.0 76.0 0.0
122.0 78.0 0.0
122.0 80.0 0.0
122.0 82.0 0.0
122.0 84.0 0.0
122.0 86.0 0.0
122.0 88.0 0.0
122.0 90.0 0.0
122.0 92.0 0.0
122.0 94.0 0.0
122.0 96.0 0.0
122.0 98.0 0.0
122.0 100.0 0.0
122.0 102.0 0.0
122.0 104.0 0.0
122.0 106.0 0.0
122.0 108.0 0.0
122.0 110.0 0.0
122.0 112.0 0.0
122.0 114.0 0.0
122.0 116.0 0.0
122.0 118.0 0.0
122.0 120.0 0.0
122.0 122.0 0.0
122.0 124.0 0.0
122.0 126.0 0.0
124.0 0.0 0.0
124.0 2.0 0.0
124.0 4.0 0.0
124.0 6.0 0.0
124.0 8.0 0.0
124.0 10.0 0.0
124.0 12.0 0.0
124.0 14.0 0.0
124.0 16.0 0.0
124.0 18.0 0.0
124.0 20.0 0.0
124.0 22.0 0.0
124.0 24.0 0.0
124.0 26.0 0.0
124.0 28.0 0.0
124.0 30.0 0.0
124.0 32.0 0.0
124.0 34.0 0.0
124.0 36.0 0.0
124.0 38.0 0.0
124.0 40.0 0.0
124.0 42.0 0.0
124.0 44.0 0.0
124.0 46.0 0.0
124.0 48.0 0.0
124.0 50.0 0.01464549580867426
124.0 52.0 0.14363973079859452
124.0 54.0 0.32249605053267477
124.0 56.0 0.4169117927341029
124.0 58.0 0.4404331183248547
124.0 60.0 0.4064240544011972
124.0 62.0 0.308002040292596
124.0 64.0 0.1377339647699359
124.0 66.0 0.0
124.0 68.0 0.0
124.0 70.0 0.0
124.0 72.0 0.0
124.0 74.0 0.0
124.0 76.0 0.0
124.0 78.0 0.0
124.0 80.0 0.0
124.0 82.0 0.0
124.0 84.0 0.0
124.0 86.0 0.0
124.0 88.0 0.0
124.0 90.0 0.0
124.0 92.0 0.0
124.0 94.0 0.0
124.0 96.0 0.0
124.0 98.0 0.0
124.0 100.0 0.0
124.0 102.0 0.0
124.0 104.0 0.0
124.0 106.0 0.0
124.0 108.0 0.0
124.0 110.0 0.0
124.0 112.0 0.0
124.0 114.0 0.0
124.0 116.0 0.0
124.0 118.0 0.0
124.0 120.0 0.0
124.0 122.0 0.0
124.0 124.0 0.0
124.0 126.0 0.0
126.0 0.0 0.0
126.0 2.0 0.0
126.0 4.0 0.0
126.0 6.0 0.0
126.0 8.0 0.0
126.0 10.0 0.0
126.0 12.0 0.0
126.0 14.0 0.0
126.0 16.0 0.0
126.0 18.0 0.0
126.0 20.0 0.0
126.0 22.0 0.0
126.0 24.0 0.0
126.0 26.0 0.0
126.0 28.0 0.0
126.0 30.0 0.0
126.0 32.0 0.0
126.0 34.0 0.0
126.0 36.0 0.0
126.0 38.0 0.0
126.0 40.0 0.0
126.0 42.0 0.0
126.0 44.0 0.0
126.0 46.0 0.0
126.0 48.0 0.0
126.0 50.0 0.0
126.0 52.0 0.0
126.0 54.0 0.0
126.0 56.0 0.013593901130330132
126.0 58.0 0.11285167955322002
126.0 60.0 0.2036361044696832
126.0 62.0 0.2106559378630917
126.0 64.0 0.1456833059751206
126.0 66.0 0.02975774883229289
126.0 68.0 0.0
126.0 70.0 0.0
126.0 72.0 0.0
126.0 74.0 0.0
126.0 76.0 0.0
126.0 78.0 0.0
126.0 80.0 0.0
126.0 82.0 0.0
126.0 84.0 0.0
126.0 86.0 0.0
126.0 88.0 0.0
126.0 90.0 0.0
126.0 92.0 0.0
126.0 94.0 0.0
126.0 96.0 0.0
126.0 98.0 0.0
126.0 100.0 0.0
126.0 102.0 0.0
126.0 104.0 0.0
126.0 106.0 0.0
126.0 108.0 0.0
126.0 110.0 0.0
126.0 112.0 0.0
126.0 114.0 0.0
126.0 116.0 0.0
126.0 118.0 0.0
126.0 120.0 0.0
126.0 122.0 0.0
126.0 124.0 0.0
126.0 126.0 0.0
