0.0 0.0 0.0
0.0 2.0 0.0
0.0 4.0 0.0
0.0 6.0 0.0
0.0 8.0 0.0
0.0 10.0 0.0
0.0 12.0 0.0
0.0 14.0 0.0
0.0 16.0 0.0
0.0 18.0 0.0
0.0 20.0 0.0
0.0 22.0 0.0
0.0 24.0 0.0
0.0 26.0 0.0
0.0 28.0 0.0
0.0 30.0 0.0
0.0 32.0 0.0
0.0 34.0 0.0
0.0 36.0 0.0
0.0 38.0 0.0
0.0 40.0 0.0
0.0 42.0 0.0
0.0 44.0 0.0
0.0 46.0 0.0
0.0 48.0 0.0
0.0 50.0 0.0
0.0 52.0 0.0
0.0 54.0 0.0
0.0 56.0 0.0
0.0 58.0 0.0
0.0 60.0 0.0
0.0 62.0 0.0
0.0 64.0 0.0
0.0 66.0 0.0
0.0 68.0 0.0
0.0 70.0 0.0
0.0 72.0 0.0
0.0 74.0 0.0
0.0 76.0 0.0
0.0 78.0 0.0
0.0 80.0 0.0
0.0 82.0 0.0
0.0 84.0 0.0
0.0 86.0 0.0
0.0 88.0 0.0
0.0 90.0 0.0
0.0 92.0 0.0
0.0 94.0 0.0
0.0 96.0 0.0
0.0 98.0 0.0
0.0 100.0 0.0
0.0 102.0 0.0
0.0 104.0 0.0
0.0 106.0 0.0
0.0 108.0 0.0
0.0 110.0 0.0
0.0 112.0 0.0
0.0 114.0 0.0
0.0 116.0 0.0
0.0 118.0 0.0
0.0 120.0 0.0
0.0 122.0 0.0
0.0 124.0 0.0
0.0 126.0 0.0
2.0 0.0 0.0
2.0 2.0 0.0
2.0 4.0 0.0
2.0 6.0 0.0
2.0 8.0 0.0
2.0 10.0 0.0
2.0 12.0 0.0
2.0 14.0 0.0
2.0 16.0 0.0
2.0 18.0 0.0
2.0 20.0 0.0
2.0 22.0 0.0
2.0 24.0 0.0
2.0 26.0 0.0
2.0 28.0 0.0
2.0 30.0 0.0
2.0 32.0 0.0
2.0 34.0 0.0
2.0 36.0 0.0
2.0 38.0 0.0
2.0 40.0 0.0
2.0 42.0 0.0
2.0 44.0 0.0
2.0 46.0 0.0
2.0 48.0 0.33711104442932366
2.0 50.0 0.5173191652266633
2.0 52.0 0.5181586693412302
2.0 54.0 0.49594182172934675
2.0 56.0 0.5088110259485678
2.0 58.0 0.4081713883568751
2.0 60.0 0.16303609178764855
2.0 62.0 0.0
2.0 64.0 0.0
2.0 66.0 0.0
2.0 68.0 0.0
2.0 70.0 0.0
2.0 72.0 0.0
2.0 74.0 0.0
2.0 76.0 0.0
2.0 78.0 0.0
2.0 80.0 0.0
2.0 82.0 0.0
2.0 84.0 0.0
2.0 86.0 0.0
2.0 88.0 0.0
2.0 90.0 0.0
2.0 92.0 0.0
2.0 94.0 0.0
2.0 96.0 0.0
2.0 98.0 0.0
2.0 100.0 0.0
2.0 102.0 0.0
2.0 104.0 0.0
2.0 106.0 0.0
2.0 108.0 0.0
2.0 110.0 0.0
2.0 112.0 0.0
2.0 114.0 0.0
2.0 116.0 0.0
2.0 118.0 0.0
2.0 120.0 0.0
2.0 122.0 0.0
2.0 124.0 0.0
2.0 126.0 0.0
4.0 0.0 0.0
4.0 2.0 0.0
4.0 4.0 0.0
4.0 6.0 0.0
4.0 8.0 0.0
4.0 10.0 0.0
4.0 12.0 0.0
4.0 14.0 0.0
4.0 16.0 0.0
4.0 18.0 0.0
4.0 20.0 0.0
4.0 22.0 0.0
4.0 24.0 0.0
4.0 26.0 0.0
4.0 28.0 0.0
4.0 30.0 0.0
4.0 32.0 0.0
4.0 34.0 0.0
4.0 36.0 0.0
4.0 38.0 0.0
4.0 40.0 0.0
4.0 42.0 0.146233020328136
4.0 44.0 0.29161263253022873
4.0 46.0 0.3467591521699751
4.0 48.0 0.39200988833774447
4.0 50.0 0.43071279144836944
4.0 52.0 0.48098630173101314
4.0 54.0 0.5163626501589823
4.0 56.0 0.42203267773321523
4.0 58.0 0.23802253606437848
4.0 60.0 0.020274099564959926
4.0 62.0 0.0
4.0 64.0 0.0
4.0 66.0 0.0
4.0 68.0 0.0
4.0 70.0 0.0
4.0 72.0 0.0
4.0 74.0 0.0
4.0 76.0 0.0
4.0 78.0 0.0
4.0 80.0 0.0
4.0 82.0 0.0011335904706316969
4.0 84.0 0.01617270654546447
4.0 86.0 0.0
4.0 88.0 0.0
4.0 90.0 0.0
4.0 92.0 0.0
4.0 94.0 0.0
4.0 96.0 0.0
4.0 98.0 0.0
4.0 100.0 0.0
4.0 102.0 0.0
4.0 104.0 0.0
4.0 106.0 0.0
4.0 108.0 0.0
4.0 110.0 0.0
4.0 112.0 0.0
4.0 114.0 0.0
4.0 116.0 0.0
4.0 118.0 0.0
4.0 120.0 0.0
4.0 122.0 0.0
4.0 124.0 0.0
4.0 126.0 0.0
6.0 0.0 0.0
6.0 2.0 0.0
6.0 4.0 0.0
6.0 6.0 0.0
6.0 8.0 0.0
6.0 10.0 0.0
6.0 12.0 0.0
6.0 14.0 0.0
6.0 16.0 0.0
6.0 18.0 0.0
6.0 20.0 0.0
6.0 22.0 0.0
6.0 24.0 0.0
6.0 26.0 0.0
6.0 28.0 0.0
6.0 30.0 0.0
6.0 32.0 0.0
6.0 34.0 0.0
6.0 36.0 0.0
6.0 38.0 0.1679394013618226
6.0 40.0 0.17100991816815783
6.0 42.0 0.23708734814030344
6.0 44.0 0.31647472204750565
6.0 46.0 0.3876512763910125
6.0 48.0 0.44354244145704175
6.0 50.0 0.4787727450047463
6.0 52.0 0.5064602446288607
6.0 54.0 0.5185200550155094
6.0 56.0 0.4232628655582402
6.0 58.0 0.2213597070982891
6.0 60.0 0.009411471206422328
6.0 62.0 0.0
6.0 64.0 0.0
6.0 66.0 0.0
6.0 68.0 0.0
6.0 70.0 0.0
6.0 72.0 0.0
6.0 74.0 0.0
6.0 76.0 0.0
6.0 78.0 0.0
6.0 80.0 0.0
6.0 82.0 2.500389228896836E-5
6.0 84.0 0.012771091610900169
6.0 86.0 0.0552883688407274
6.0 88.0 0.12478394835684176
6.0 90.0 0.19058402604990463
6.0 92.0 0.0
6.0 94.0 0.0
6.0 96.0 0.0
6.0 98.0 0.0
6.0 100.0 0.0
6.0 102.0 0.0
6.0 104.0 0.0
6.0 106.0 0.0
6.0 108.0 0.0
6.0 110.0 0.0
6.0 112.0 0.0
6.0 114.0 0.0
6.0 116.0 0.0
6.0 118.0 0.0
6.0 120.0 0.0
6.0 122.0 0.0
6.0 124.0 0.0
6.0 126.0 0.0
8.0 0.0 0.0
8.0 2.0 0.0
8.0 4.0 0.0
8.0 6.0 0.0
8.0 8.0 0.0
8.0 10.0 0.0
8.0 12.0 0.0
8.0 14.0 0.0
8.0 16.0 0.0
8.0 18.0 0.0
8.0 20.0 0.0
8.0 22.0 0.0
8.0 24.0 0.0
8.0 26.0 0.0
8.0 28.0 0.0
8.0 30.0 0.0
8.0 32.0 0.0
8.0 34.0 0.05269546502991779
8.0 36.0 7.330499772604878E-4
8.0 38.0 0.052290118180322066
8.0 40.0 0.14289464103685073
8.0 42.0 0.2391829277386152
8.0 44.0 0.321527062264824
8.0 46.0 0.4034031742310678
8.0 48.0 0.4697692231000166
8.0 50.0 0.5099412030538623
8.0 52.0 0.5246879055294961
8.0 54.0 0.5052471183104446
8.0 56.0 0.4135148090740701
8.0 58.0 0.20974658812383543
8.0 60.0 0.006103697226590765
8.0 62.0 0.0
8.0 64.0 0.0
8.0 66.0 0.0
8.0 68.0 0.0
8.0 70.0 0.0
8.0 72.0 0.0
8.0 74.0 0.0
8.0 76.0 0.0
8.0 78.0 0.0
8.0 80.0 0.0
8.0 82.0 0.0
8.0 84.0 0.007172145726862266
8.0 86.0 0.035650612552726356
8.0 88.0 0.09354026608901421
8.0 90.0 0.15784489883100253
8.0 92.0 0.19502278121896857
8.0 94.0 0.22275941607247776
8.0 96.0 0.0
8.0 98.0 0.0
8.0 100.0 0.0
8.0 102.0 0.0
8.0 104.0 0.0
8.0 106.0 0.0
8.0 108.0 0.0
8.0 110.0 0.0
8.0 112.0 0.0
8.0 114.0 0.0
8.0 116.0 0.0
8.0 118.0 0.0
8.0 120.0 0.0
8.0 122.0 0.0
8.0 124.0 0.0
8.0 126.0 0.0
10.0 0.0 0.0
10.0 2.0 0.0
10.0 4.0 0.0
10.0 6.0 0.0
10.0 8.0 0.0
10.0 10.0 0.0
10.0 12.0 0.0
10.0 14.0 0.0
10.0 16.0 0.0
10.0 18.0 0.0
10.0 20.0 0.0
10.0 22.0 0.0
10.0 24.0 0.0
10.0 26.0 0.0
10.0 28.0 0.0
10.0 30.0 0.05473970517469521
10.0 32.0 0.0
10.0 34.0 0.0
10.0 36.0 0.015124519015418135
10.0 38.0 0.06153920013935699
10.0 40.0 0.1499896032497823
10.0 42.0 0.25381264401697545
10.0 44.0 0.3108834798808167
10.0 46.0 0.38115353616790654
10.0 48.0 0.44809164403379137
10.0 50.0 0.5056596995782975
10.0 52.0 0.5313811158007095
10.0 54.0 0.49626987104427633
10.0 56.0 0.4011036116831801
10.0 58.0 0.19705835855783446
10.0 60.0 0.003202836525480998
10.0 62.0 0.0
10.0 64.0 0.0
10.0 66.0 0.0
10.0 68.0 0.0
10.0 70.0 0.0
10.0 72.0 0.0
10.0 74.0 0.0
10.0 76.0 0.0
10.0 78.0 0.0
10.0 80.0 0.0
10.0 82.0 0.0
10.0 84.0 0.004299151153438701
10.0 86.0 0.024181802413178966
10.0 88.0 0.0642246915220762
10.0 90.0 0.1241669217093037
10.0 92.0 0.17821558671110607
10.0 94.0 0.22802625518885902
10.0 96.0 0.26554437473883286
10.0 98.0 0.0
10.0 100.0 0.0
10.0 102.0 0.0
10.0 104.0 0.0
10.0 106.0 0.0
10.0 108.0 0.0
10.0 110.0 0.0
10.0 112.0 0.0
10.0 114.0 0.0
10.0 116.0 0.0
10.0 118.0 0.0
10.0 120.0 0.0
10.0 122.0 0.0
10.0 124.0 0.0
10.0 126.0 0.0
12.0 0.0 0.0
12.0 2.0 0.0
12.0 4.0 0.0
12.0 6.0 0.0
12.0 8.0 0.0
12.0 10.0 0.0
12.0 12.0 0.0
12.0 14.0 0.0
12.0 16.0 0.0
12.0 18.0 0.0
12.0 20.0 0.0
12.0 22.0 0.0
12.0 24.0 0.0
12.0 26.0 0.0
12.0 28.0 0.07080038612723728
12.0 30.0 0.0
12.0 32.0 0.0
12.0 34.0 7.66275105113226E-4
12.0 36.0 0.009025977243656362
12.0 38.0 0.0336689943003787
12.0 40.0 0.08093572187035945
12.0 42.0 0.17623891607123332
12.0 44.0 0.2719617215031597
12.0 46.0 0.35857520497485434
12.0 48.0 0.4259672011677835
12.0 50.0 0.48697784703010233
12.0 52.0 0.518061000928362
12.0 54.0 0.48374113800888524
12.0 56.0 0.3875420572618129
12.0 58.0 0.18310718036633974
12.0 60.0 0.0011235844363924818
12.0 62.0 0.0
12.0 64.0 0.0
12.0 66.0 0.0
12.0 68.0 0.0
12.0 70.0 0.0
12.0 72.0 0.0
12.0 74.0 0.0
12.0 76.0 0.0
12.0 78.0 0.0
12.0 80.0 0.0
12.0 82.0 0.0
12.0 84.0 0.0022828948971180987
12.0 86.0 0.015348083417689418
12.0 88.0 0.04365929017351988
12.0 90.0 0.09879624245549244
12.0 92.0 0.16776972345623095
12.0 94.0 0.23895556575194196
12.0 96.0 0.29313835264234417
12.0 98.0 0.33117164694770906
12.0 100.0 0.3449788497788479
12.0 102.0 0.0
12.0 104.0 0.0
12.0 106.0 0.0
12.0 108.0 0.0
12.0 110.0 0.0
12.0 112.0 0.0
12.0 114.0 0.0
12.0 116.0 0.0
12.0 118.0 0.0
12.0 120.0 0.0
12.0 122.0 0.0
12.0 124.0 0.0
12.0 126.0 0.0
14.0 0.0 0.0
14.0 2.0 0.0
14.0 4.0 0.0
14.0 6.0 0.0
14.0 8.0 0.0
14.0 10.0 0.0
14.0 12.0 0.0
14.0 14.0 0.0
14.0 16.0 0.0
14.0 18.0 0.0
14.0 20.0 0.0
14.0 22.0 0.0
14.0 24.0 0.09897390860917481
14.0 26.0 0.0
14.0 28.0 0.0
14.0 30.0 0.0
14.0 32.0 0.0
14.0 34.0 0.0
14.0 36.0 0.0
14.0 38.0 0.0
14.0 40.0 0.008442683009137192
14.0 42.0 0.10643520292978763
14.0 44.0 0.24248144822532794
14.0 46.0 0.33554742612691135
14.0 48.0 0.40843206570742513
14.0 50.0 0.45318131494102243
14.0 52.0 0.4650396618383213
14.0 54.0 0.4372648031653787
14.0 56.0 0.35648445327407297
14.0 58.0 0.17045228721485747
14.0 60.0 3.865579224116673E-4
14.0 62.0 0.0
14.0 64.0 0.0
14.0 66.0 0.0
14.0 68.0 0.0
14.0 70.0 0.0
14.0 72.0 0.0
14.0 74.0 0.0
14.0 76.0 0.0
14.0 78.0 0.0
14.0 80.0 0.0
14.0 82.0 0.0
14.0 84.0 7.825095946245143E-4
14.0 86.0 0.009554183849673893
14.0 88.0 0.03225209860495538
14.0 90.0 0.08527355135772273
14.0 92.0 0.16827483563143505
14.0 94.0 0.2575537085922998
14.0 96.0 0.32331127749024685
14.0 98.0 0.37137689333923096
14.0 100.0 0.39663516049160297
14.0 102.0 0.3994672993628714
14.0 104.0 0.0
14.0 106.0 0.0
14.0 108.0 0.0
14.0 110.0 0.0
14.0 112.0 0.0
14.0 114.0 0.0
14.0 116.0 0.0
14.0 118.0 0.0
14.0 120.0 0.0
14.0 122.0 0.0
14.0 124.0 0.0
14.0 126.0 0.0
16.0 0.0 0.0
16.0 2.0 0.0
16.0 4.0 0.0
16.0 6.0 0.0
16.0 8.0 0.0
16.0 10.0 0.0
16.0 12.0 0.0
16.0 14.0 0.0
16.0 16.0 0.0
16.0 18.0 0.0
16.0 20.0 0.0
16.0 22.0 0.10086750584207965
16.0 24.0 0.0
16.0 26.0 0.0
16.0 28.0 0.0
16.0 30.0 0.0
16.0 32.0 0.0
16.0 34.0 0.0
16.0 36.0 0.0
16.0 38.0 0.0
16.0 40.0 0.010146346621628088
16.0 42.0 0.10069376190029156
16.0 44.0 0.19009261806095934
16.0 46.0 0.26782499593870107
16.0 48.0 0.3754351600738377
16.0 50.0 0.42906370864396054
16.0 52.0 0.44144965099315153
16.0 54.0 0.38693667394968173
16.0 56.0 0.31329856711034115
16.0 58.0 0.16107572102017112
16.0 60.0 3.9407509036561145E-4
16.0 62.0 0.0
16.0 64.0 0.0
16.0 66.0 0.0
16.0 68.0 0.0
16.0 70.0 0.0
16.0 72.0 0.0
16.0 74.0 0.0
16.0 76.0 0.0
16.0 78.0 0.0
16.0 80.0 0.0
16.0 82.0 0.0
16.0 84.0 0.0
16.0 86.0 0.00819417053696328
16.0 88.0 0.028369045471114494
16.0 90.0 0.07250783376734739
16.0 92.0 0.16298824210411947
16.0 94.0 0.2585825358485134
16.0 96.0 0.3428111961901807
16.0 98.0 0.39674348897645695
16.0 100.0 0.4277076679739776
16.0 102.0 0.4242890640062014
16.0 104.0 0.4473358096068103
16.0 106.0 0.0
16.0 108.0 0.0
16.0 110.0 0.0
16.0 112.0 0.0
16.0 114.0 0.0
16.0 116.0 0.0
16.0 118.0 0.0
16.0 120.0 0.0
16.0 122.0 0.0
16.0 124.0 0.0
16.0 126.0 0.0
18.0 0.0 0.0
18.0 2.0 0.0
18.0 4.0 0.0
18.0 6.0 0.0
18.0 8.0 0.0
18.0 10.0 0.0
18.0 12.0 0.0
18.0 14.0 0.0
18.0 16.0 0.0
18.0 18.0 0.0
18.0 20.0 0.08121286591227207
18.0 22.0 0.0
18.0 24.0 0.0
18.0 26.0 0.0
18.0 28.0 0.0
18.0 30.0 0.0
18.0 32.0 0.0
18.0 34.0 0.0
18.0 36.0 0.0
18.0 38.0 4.7215689435304084E-4
18.0 40.0 0.01383516828912188
18.0 42.0 0.08849117335717144
18.0 44.0 0.16858396078133905
18.0 46.0 0.24425325890700453
18.0 48.0 0.30908340914181237
18.0 50.0 0.384549945026968
18.0 52.0 0.4008793104392761
18.0 54.0 0.33556627990923055
18.0 56.0 0.28319790227378927
18.0 58.0 0.1557313274867514
18.0 60.0 9.393971090683145E-4
18.0 62.0 0.0
18.0 64.0 0.0
18.0 66.0 0.0
18.0 68.0 0.0
18.0 70.0 0.0
18.0 72.0 0.0
18.0 74.0 0.0
18.0 76.0 0.0
18.0 78.0 0.0
18.0 80.0 0.0
18.0 82.0 0.0
18.0 84.0 0.0
18.0 86.0 0.006006198740808054
18.0 88.0 0.026719414651456233
18.0 90.0 0.07570118489977691
18.0 92.0 0.1850153366723347
18.0 94.0 0.30090144998561624
18.0 96.0 0.38337137437471686
18.0 98.0 0.4351805896246494
18.0 100.0 0.46754707971755943
18.0 102.0 0.46554492554137306
18.0 104.0 0.44214312971219893
18.0 106.0 0.4668466542526817
18.0 108.0 0.0
18.0 110.0 0.0
18.0 112.0 0.0
18.0 114.0 0.0
18.0 116.0 0.0
18.0 118.0 0.0
18.0 120.0 0.0
18.0 122.0 0.0
18.0 124.0 0.0
18.0 126.0 0.0
20.0 0.0 0.0
20.0 2.0 0.0
20.0 4.0 0.0
20.0 6.0 0.0
20.0 8.0 0.0
20.0 10.0 0.0
20.0 12.0 0.0
20.0 14.0 0.0
20.0 16.0 0.0
20.0 18.0 0.046442315649274875
20.0 20.0 0.0
20.0 22.0 0.0
20.0 24.0 0.0
20.0 26.0 0.0
20.0 28.0 0.0
20.0 30.0 0.0
20.0 32.0 0.0
20.0 34.0 0.0
20.0 36.0 3.0472341354378896E-4
20.0 38.0 0.007788126618824748
20.0 40.0 0.0243311185968684
20.0 42.0 0.08443136529118851
20.0 44.0 0.14034788041046134
20.0 46.0 0.19107404061337085
20.0 48.0 0.2458844617814898
20.0 50.0 0.289475525083968
20.0 52.0 0.3187614301659392
20.0 54.0 0.30443950511737955
20.0 56.0 0.26082171390262054
20.0 58.0 0.15074562148723603
20.0 60.0 0.006129998768433442
20.0 62.0 0.0
20.0 64.0 0.0
20.0 66.0 0.0
20.0 68.0 0.0
20.0 70.0 0.0
20.0 72.0 0.0
20.0 74.0 0.0
20.0 76.0 0.0
20.0 78.0 0.0
20.0 80.0 0.0
20.0 82.0 0.0
20.0 84.0 0.0
20.0 86.0 0.0055754530339051055
20.0 88.0 0.029580535722411327
20.0 90.0 0.08933544694210271
20.0 92.0 0.21543814723675223
20.0 94.0 0.3390608127269474
20.0 96.0 0.4160702274799419
20.0 98.0 0.46353526476702483
20.0 100.0 0.4932269100134315
20.0 102.0 0.4929268323896629
20.0 104.0 0.46089429703175483
20.0 106.0 0.4582455823041669
20.0 108.0 0.38325961748415693
20.0 110.0 0.0
20.0 112.0 0.0
20.0 114.0 0.0
20.0 116.0 0.0
20.0 118.0 0.0
20.0 120.0 0.0
20.0 122.0 0.0
20.0 124.0 0.0
20.0 126.0 0.0
22.0 0.0 0.0
22.0 2.0 0.0
22.0 4.0 0.0
22.0 6.0 0.0
22.0 8.0 0.0
22.0 10.0 0.0
22.0 12.0 0.0
22.0 14.0 0.0
22.0 16.0 0.01049174238072517
22.0 18.0 0.0
22.0 20.0 0.0
22.0 22.0 0.0
22.0 24.0 0.0
22.0 26.0 0.0
22.0 28.0 0.0
22.0 30.0 0.0
22.0 32.0 0.0
22.0 34.0 0.0
22.0 36.0 3.220033768353059E-4
22.0 38.0 0.009862689911041882
22.0 40.0 0.031328248983609336
22.0 42.0 0.05303250521889141
22.0 44.0 0.08767374145458977
22.0 46.0 0.12739706678480425
22.0 48.0 0.16644994031737737
22.0 50.0 0.21477122116805006
22.0 52.0 0.24187545411250178
22.0 54.0 0.27510836769471475
22.0 56.0 0.25140223877188667
22.0 58.0 0.1453906344473034
22.0 60.0 0.010100751959088407
22.0 62.0 0.0
22.0 64.0 0.0
22.0 66.0 0.0
22.0 68.0 0.0
22.0 70.0 0.0
22.0 72.0 0.0
22.0 74.0 0.0
22.0 76.0 0.0
22.0 78.0 0.0
22.0 80.0 0.0
22.0 82.0 0.0
22.0 84.0 0.0012755412897709696
22.0 86.0 0.008325411664491543
22.0 88.0 0.036042538960465546
22.0 90.0 0.10978061764233982
22.0 92.0 0.2508763224418775
22.0 94.0 0.3617191277998755
22.0 96.0 0.4383795347947208
22.0 98.0 0.4856147239158921
22.0 100.0 0.5131760455106736
22.0 102.0 0.5137226335968258
22.0 104.0 0.4753378997939652
22.0 106.0 0.4413059092369966
22.0 108.0 0.37595693115826045
22.0 110.0 0.14684542569405173
22.0 112.0 0.0
22.0 114.0 0.0
22.0 116.0 0.0
22.0 118.0 0.0
22.0 120.0 0.0
22.0 122.0 0.0
22.0 124.0 0.0
22.0 126.0 0.0
24.0 0.0 0.0
24.0 2.0 0.0
24.0 4.0 0.0
24.0 6.0 0.0
24.0 8.0 0.0
24.0 10.0 0.0
24.0 12.0 0.0
24.0 14.0 0.0
24.0 16.0 0.0
24.0 18.0 0.0
24.0 20.0 0.0
24.0 22.0 0.0
24.0 24.0 0.0
24.0 26.0 0.0
24.0 28.0 0.0
24.0 30.0 0.0
24.0 32.0 0.0
24.0 34.0 0.0
24.0 36.0 0.0
24.0 38.0 0.00263761842906862
24.0 40.0 0.010957950861727529
24.0 42.0 0.02618599796964777
24.0 44.0 0.05041539757650964
24.0 46.0 0.0802835829719147
24.0 48.0 0.1006771912845571
24.0 50.0 0.12120963058650008
24.0 52.0 0.15566310921712137
24.0 54.0 0.21103086858808895
24.0 56.0 0.2071460226123463
24.0 58.0 0.13861172593451332
24.0 60.0 0.016099838929043472
24.0 62.0 0.0
24.0 64.0 0.0
24.0 66.0 0.0
24.0 68.0 0.0
24.0 70.0 0.0
24.0 72.0 0.0
24.0 74.0 0.0
24.0 76.0 0.0
24.0 78.0 0.0
24.0 80.0 0.0
24.0 82.0 0.0
24.0 84.0 9.050854227133065E-4
24.0 86.0 0.006680806501907103
24.0 88.0 0.032056654547001524
24.0 90.0 0.11205337408390154
24.0 92.0 0.2464924154478244
24.0 94.0 0.3649587207917313
24.0 96.0 0.44417213605986294
24.0 98.0 0.4914684757282978
24.0 100.0 0.5199873984134632
24.0 102.0 0.5206244958241589
24.0 104.0 0.4795397204843259
24.0 106.0 0.41308962262253673
24.0 108.0 0.35915399608485926
24.0 110.0 0.1426675110796801
24.0 112.0 0.0
24.0 114.0 0.0
24.0 116.0 0.0
24.0 118.0 0.0
24.0 120.0 0.0
24.0 122.0 0.0
24.0 124.0 0.0
24.0 126.0 0.0
26.0 0.0 0.0
26.0 2.0 0.0
26.0 4.0 0.0
26.0 6.0 0.0
26.0 8.0 0.0
26.0 10.0 0.0
26.0 12.0 0.0
26.0 14.0 0.0
26.0 16.0 0.0
26.0 18.0 0.0
26.0 20.0 0.0
26.0 22.0 0.0
26.0 24.0 0.0
26.0 26.0 0.0
26.0 28.0 0.0
26.0 30.0 0.0
26.0 32.0 0.0
26.0 34.0 0.0
26.0 36.0 0.0
26.0 38.0 0.0
26.0 40.0 4.8983305058667646E-5
26.0 42.0 0.003073091893178523
26.0 44.0 0.010682742039675485
26.0 46.0 0.023335113894287926
26.0 48.0 0.041584239731858284
26.0 50.0 0.035462379417859145
26.0 52.0 0.06193845964882296
26.0 54.0 0.12894312540700772
26.0 56.0 0.1541596199970838
26.0 58.0 0.12314681823298129
26.0 60.0 0.028210647408790465
26.0 62.0 0.001766282555052254
26.0 64.0 0.0
26.0 66.0 0.0
26.0 68.0 0.0
26.0 70.0 0.0
26.0 72.0 0.0
26.0 74.0 0.0
26.0 76.0 0.0
26.0 78.0 0.0
26.0 80.0 0.0
26.0 82.0 6.718912629546825E-5
26.0 84.0 0.0021523323280196334
26.0 86.0 0.010117174578902386
26.0 88.0 0.03743735799745971
26.0 90.0 0.09083950092209331
26.0 92.0 0.21714776143425754
26.0 94.0 0.3448541869004438
26.0 96.0 0.43221353971069226
26.0 98.0 0.48328829399696166
26.0 100.0 0.5134551917276905
26.0 102.0 0.5140840664291731
26.0 104.0 0.4685300758653961
26.0 106.0 0.3947876204119478
26.0 108.0 0.31232748078317496
26.0 110.0 0.12293770257499424
26.0 112.0 0.0
26.0 114.0 0.0
26.0 116.0 0.0
26.0 118.0 0.0
26.0 120.0 0.0
26.0 122.0 0.0
26.0 124.0 0.0
26.0 126.0 0.0
28.0 0.0 0.0
28.0 2.0 0.0
28.0 4.0 0.0
28.0 6.0 0.0
28.0 8.0 0.0
28.0 10.0 0.0
28.0 12.0 0.0
28.0 14.0 0.0
28.0 16.0 0.0
28.0 18.0 0.0
28.0 20.0 0.0
28.0 22.0 0.0
28.0 24.0 0.0
28.0 26.0 0.0
28.0 28.0 0.0
28.0 30.0 0.0
28.0 32.0 0.0
28.0 34.0 0.0
28.0 36.0 0.0
28.0 38.0 0.0
28.0 40.0 0.0
28.0 42.0 0.0
28.0 44.0 0.0
28.0 46.0 0.0
28.0 48.0 0.004335201880695659
28.0 50.0 0.004248007499905409
28.0 52.0 0.012319432147252273
28.0 54.0 0.04847085455119604
28.0 56.0 0.09547453059863346
28.0 58.0 0.09454690473522337
28.0 60.0 0.05008741451412735
28.0 62.0 0.014552018938182828
28.0 64.0 0.001872477742167561
28.0 66.0 0.0022205497860293493
28.0 68.0 0.004178027135533803
28.0 70.0 0.003156689736494814
28.0 72.0 7.194749265995601E-4
28.0 74.0 0.0
28.0 76.0 0.0
28.0 78.0 0.0
28.0 80.0 0.0
28.0 82.0 0.0
28.0 84.0 3.88731417061772E-4
28.0 86.0 0.003598757177298608
28.0 88.0 0.021472051928680663
28.0 90.0 0.046670685372976084
28.0 92.0 0.16730032492989874
28.0 94.0 0.29520033670092644
28.0 96.0 0.38259291813866586
28.0 98.0 0.4358092238782525
28.0 100.0 0.46859884475323615
28.0 102.0 0.469505888610594
28.0 104.0 0.4292689422343235
28.0 106.0 0.35293032464732904
28.0 108.0 0.24570290169146294
28.0 110.0 0.10918594814219429
28.0 112.0 0.0
28.0 114.0 0.0
28.0 116.0 0.0
28.0 118.0 0.0
28.0 120.0 0.0
28.0 122.0 0.0
28.0 124.0 0.0
28.0 126.0 0.0
30.0 0.0 0.0
30.0 2.0 0.0
30.0 4.0 0.0
30.0 6.0 0.0
30.0 8.0 0.0
30.0 10.0 0.0
30.0 12.0 0.0
30.0 14.0 0.0
30.0 16.0 0.0
30.0 18.0 0.0
30.0 20.0 0.0
30.0 22.0 0.0014954474081738034
30.0 24.0 0.0015987556211516992
30.0 26.0 4.296654066313427E-5
30.0 28.0 0.0
30.0 30.0 0.0
30.0 32.0 0.0
30.0 34.0 0.0
30.0 36.0 0.0
30.0 38.0 0.0
30.0 40.0 0.0
30.0 42.0 0.0
30.0 44.0 0.0
30.0 46.0 0.0
30.0 48.0 0.0
30.0 50.0 0.0
30.0 52.0 0.0
30.0 54.0 0.015267611196539183
30.0 56.0 0.05313702053813032
30.0 58.0 0.07114399497663776
30.0 60.0 0.06590613184667632
30.0 62.0 0.05208593644743568
30.0 64.0 0.037227617433527656
30.0 66.0 0.030348418012644474
30.0 68.0 0.04345481749710429
30.0 70.0 0.03682257157954229
30.0 72.0 0.03225061381066985
30.0 74.0 0.00548714749148814
30.0 76.0 0.0021410721746728755
30.0 78.0 0.0011248703755537242
30.0 80.0 0.0
30.0 82.0 0.0
30.0 84.0 0.0
30.0 86.0 0.0
30.0 88.0 0.004308564751564689
30.0 90.0 0.01621133258117838
30.0 92.0 0.09250790828901084
30.0 94.0 0.20690189885083435
30.0 96.0 0.2946651361032361
30.0 98.0 0.3549056204123417
30.0 100.0 0.38857042238200723
30.0 102.0 0.39625909230944756
30.0 104.0 0.36018311649658513
30.0 106.0 0.27579449570334563
30.0 108.0 0.17171775766671168
30.0 110.0 0.06611714401828843
30.0 112.0 0.0
30.0 114.0 0.0
30.0 116.0 0.0
30.0 118.0 0.0
30.0 120.0 0.0
30.0 122.0 0.0
30.0 124.0 0.0
30.0 126.0 0.0
32.0 0.0 0.0
32.0 2.0 0.0
32.0 4.0 0.0
32.0 6.0 0.0
32.0 8.0 0.0
32.0 10.0 0.0
32.0 12.0 0.0
32.0 14.0 0.0
32.0 16.0 0.0
32.0 18.0 6.609042606671744E-4
32.0 20.0 0.08308245097995409
32.0 22.0 0.13535659510984707
32.0 24.0 0.1312505975245095
32.0 26.0 0.0896843251152004
32.0 28.0 0.020143509261168254
32.0 30.0 0.0
32.0 32.0 0.0
32.0 34.0 0.0
32.0 36.0 0.0
32.0 38.0 0.0
32.0 40.0 0.0
32.0 42.0 0.0
32.0 44.0 0.0
32.0 46.0 0.0
32.0 48.0 0.0
32.0 50.0 0.0
32.0 52.0 0.0
32.0 54.0 0.007154042137991393
32.0 56.0 0.03353025701290291
32.0 58.0 0.05648855042436061
32.0 60.0 0.0712797104046307
32.0 62.0 0.08239616030085069
32.0 64.0 0.09915564172019771
32.0 66.0 0.10695196942414724
32.0 68.0 0.11849971396431057
32.0 70.0 0.12996009642833975
32.0 72.0 0.12343967758355989
32.0 74.0 0.11766337351530069
32.0 76.0 0.10068036379849699
32.0 78.0 0.06100401420106971
32.0 80.0 0.010189556199114989
32.0 82.0 1.4366475843796166E-4
32.0 84.0 0.0
32.0 86.0 0.0
32.0 88.0 0.0
32.0 90.0 1.3332796792218568E-5
32.0 92.0 0.022691960349700096
32.0 94.0 0.11678216069061355
32.0 96.0 0.1921182125197546
32.0 98.0 0.24478608734570795
32.0 100.0 0.2666194363464975
32.0 102.0 0.267186549214062
32.0 104.0 0.23387771973345717
32.0 106.0 0.16433710560995837
32.0 108.0 0.1022994100109425
32.0 110.0 0.04939214984020034
32.0 112.0 5.222892592384223E-4
32.0 114.0 0.0
32.0 116.0 0.0
32.0 118.0 0.0
32.0 120.0 0.0
32.0 122.0 0.0
32.0 124.0 0.0
32.0 126.0 0.0
34.0 0.0 0.0
34.0 2.0 0.0
34.0 4.0 0.0
34.0 6.0 0.0
34.0 8.0 0.0
34.0 10.0 0.0
34.0 12.0 0.0
34.0 14.0 0.0
34.0 16.0 0.06981270835486687
34.0 18.0 0.20575245022696845
34.0 20.0 0.24107377853381481
34.0 22.0 0.2505566282989638
34.0 24.0 0.24268774392066472
34.0 26.0 0.19641962841126162
34.0 28.0 0.11421194742610262
34.0 30.0 0.023043622677863817
34.0 32.0 0.0
34.0 34.0 0.0
34.0 36.0 0.0
34.0 38.0 0.0
34.0 40.0 0.0
34.0 42.0 0.0
34.0 44.0 0.0
34.0 46.0 0.0
34.0 48.0 0.0
34.0 50.0 0.0
34.0 52.0 0.0
34.0 54.0 0.0036662937086898635
34.0 56.0 0.020959003679227584
34.0 58.0 0.0410961601272786
34.0 60.0 0.06196225171949984
34.0 62.0 0.1014395256375773
34.0 64.0 0.14580381379869733
34.0 66.0 0.19016853887644927
34.0 68.0 0.2110128752219553
34.0 70.0 0.22098216459574252
34.0 72.0 0.22321496466605065
34.0 74.0 0.21097925170431353
34.0 76.0 0.1885647729614562
34.0 78.0 0.14494871810234158
34.0 80.0 0.0784208652876446
34.0 82.0 0.008829885768526495
34.0 84.0 0.0
34.0 86.0 0.0
34.0 88.0 0.0
34.0 90.0 0.0
34.0 92.0 0.0
34.0 94.0 0.007643851754396039
34.0 96.0 0.049184578220180235
34.0 98.0 0.06376130131067892
34.0 100.0 0.06894530970138622
34.0 102.0 0.06621171686998668
34.0 104.0 0.053513556953467746
34.0 106.0 0.06334249966282414
34.0 108.0 0.06223994132911662
34.0 110.0 0.030139469165633478
34.0 112.0 6.19542385409098E-4
34.0 114.0 0.0
34.0 116.0 0.0
34.0 118.0 0.0
34.0 120.0 0.0
34.0 122.0 0.0
34.0 124.0 0.0
34.0 126.0 0.0
36.0 0.0 0.0
36.0 2.0 0.0
36.0 4.0 0.0
36.0 6.0 0.0
36.0 8.0 0.0
36.0 10.0 0.0
36.0 12.0 0.0
36.0 14.0 0.042515414191925414
36.0 16.0 0.20194738914389576
36.0 18.0 0.30979508887130053
36.0 20.0 0.3190807899139296
36.0 22.0 0.31727232870047606
36.0 24.0 0.3083315571457657
36.0 26.0 0.26647913331499773
36.0 28.0 0.19498480427775733
36.0 30.0 0.0750066352755862
36.0 32.0 0.0
36.0 34.0 0.0
36.0 36.0 0.0
36.0 38.0 0.0
36.0 40.0 0.0
36.0 42.0 0.0
36.0 44.0 0.0
36.0 46.0 0.0
36.0 48.0 0.0
36.0 50.0 0.0
36.0 52.0 0.0
36.0 54.0 0.0031267195829653097
36.0 56.0 0.014048813473144012
36.0 58.0 0.024192152038640863
36.0 60.0 0.04070229595018709
36.0 62.0 0.08394664271169339
36.0 64.0 0.143829571465671
36.0 66.0 0.21880575527126075
36.0 68.0 0.2765712101382945
36.0 70.0 0.2940503682184668
36.0 72.0 0.2997623045261692
36.0 74.0 0.2918324132284061
36.0 76.0 0.2632508606504254
36.0 78.0 0.21505291732693654
36.0 80.0 0.1409993139021786
36.0 82.0 0.048440679820856224
36.0 84.0 0.0
36.0 86.0 0.0
36.0 88.0 0.0
36.0 90.0 0.0
36.0 92.0 0.0
36.0 94.0 0.0
36.0 96.0 0.0
36.0 98.0 0.0
36.0 100.0 0.0
36.0 102.0 0.0
36.0 104.0 0.005823981710280048
36.0 106.0 0.01810995050576974
36.0 108.0 0.029650879425016558
36.0 110.0 0.01830507743257457
36.0 112.0 0.0033208031923284247
36.0 114.0 0.0
36.0 116.0 0.0
36.0 118.0 0.0
36.0 120.0 0.0
36.0 122.0 0.0
36.0 124.0 0.0
36.0 126.0 0.0
38.0 0.0 0.0
38.0 2.0 0.0
38.0 4.0 0.0
38.0 6.0 0.0
38.0 8.0 0.0
38.0 10.0 0.0
38.0 12.0 0.023947225918994886
38.0 14.0 0.17132379002305376
38.0 16.0 0.3127302686510419
38.0 18.0 0.38639218656489677
38.0 20.0 0.3816623377249157
38.0 22.0 0.38022115397232065
38.0 24.0 0.37362449480371446
38.0 26.0 0.3333534644231921
38.0 28.0 0.264047113172291
38.0 30.0 0.1480403683797731
38.0 32.0 0.0
38.0 34.0 0.0
38.0 36.0 0.0
38.0 38.0 0.0
38.0 40.0 0.0
38.0 42.0 0.0
38.0 44.0 0.0
38.0 46.0 0.0
38.0 48.0 0.0
38.0 50.0 0.0
38.0 52.0 0.0
38.0 54.0 0.0
38.0 56.0 0.0020934272617800934
38.0 58.0 0.007172236897882649
38.0 60.0 0.018175144631194417
38.0 62.0 0.0552872151604769
38.0 64.0 0.12495641464850854
38.0 66.0 0.21830495309767828
38.0 68.0 0.30865361329770175
38.0 70.0 0.36329248949320064
38.0 72.0 0.37745760935436273
38.0 74.0 0.37090785589908437
38.0 76.0 0.3371209039193006
38.0 78.0 0.2832484054257815
38.0 80.0 0.20013564202147696
38.0 82.0 0.09087671762333564
38.0 84.0 0.005462681614129755
38.0 86.0 0.0
38.0 88.0 0.0
38.0 90.0 0.0
38.0 92.0 0.0
38.0 94.0 0.0
38.0 96.0 0.0
38.0 98.0 0.0
38.0 100.0 0.0
38.0 102.0 0.0
38.0 104.0 0.0
38.0 106.0 0.0025102746696124313
38.0 108.0 0.01073427287665949
38.0 110.0 0.013783504142174705
38.0 112.0 0.009241200125491738
38.0 114.0 0.0076551572307630225
38.0 116.0 0.009909811522363988
38.0 118.0 0.023261542605542293
38.0 120.0 0.04173788601653261
38.0 122.0 0.0
38.0 124.0 0.0
38.0 126.0 0.0
40.0 0.0 0.0
40.0 2.0 0.0
40.0 4.0 0.0
40.0 6.0 0.010221667329632039
40.0 8.0 0.0
40.0 10.0 0.0
40.0 12.0 0.06267719614402205
40.0 14.0 0.22056632087206238
40.0 16.0 0.3548391325229096
40.0 18.0 0.42809005622392
40.0 20.0 0.46273709616803305
40.0 22.0 0.475834778522013
40.0 24.0 0.41537040460828556
40.0 26.0 0.3741938561911373
40.0 28.0 0.3297150462368941
40.0 30.0 0.22293266179280227
40.0 32.0 0.02694570887603499
40.0 34.0 0.0
40.0 36.0 0.0
40.0 38.0 0.0
40.0 40.0 0.0
40.0 42.0 0.0
40.0 44.0 0.0
40.0 46.0 0.0
40.0 48.0 0.0
40.0 50.0 0.0
40.0 52.0 0.0
40.0 54.0 0.0
40.0 56.0 0.0
40.0 58.0 4.0983693351687964E-4
40.0 60.0 0.00760785327139851
40.0 62.0 0.044189041903911534
40.0 64.0 0.12388128784736897
40.0 66.0 0.22872039014027387
40.0 68.0 0.3429625473620272
40.0 70.0 0.41896221008244233
40.0 72.0 0.4447019578663822
40.0 74.0 0.44269315550934
40.0 76.0 0.4136805934279632
40.0 78.0 0.3539432367270455
40.0 80.0 0.262194649607186
40.0 82.0 0.1343852295817474
40.0 84.0 0.021340594473423447
40.0 86.0 0.0
40.0 88.0 0.0
40.0 90.0 0.0
40.0 92.0 0.0
40.0 94.0 0.0
40.0 96.0 0.0
40.0 98.0 0.0
40.0 100.0 0.0
40.0 102.0 0.0
40.0 104.0 0.0
40.0 106.0 0.0
40.0 108.0 0.00217423194116788
40.0 110.0 0.008660756913118977
40.0 112.0 0.014989361135734734
40.0 114.0 0.025652400084028443
40.0 116.0 0.04982085881763879
40.0 118.0 0.10147357155258686
40.0 120.0 0.17518015574735438
40.0 122.0 0.24192370995944354
40.0 124.0 0.0
40.0 126.0 0.0
42.0 0.0 0.0
42.0 2.0 0.0
42.0 4.0 0.05169767507877877
42.0 6.0 0.0
42.0 8.0 0.0
42.0 10.0 0.012171535129951663
42.0 12.0 0.09964265732741662
42.0 14.0 0.26896339616666837
42.0 16.0 0.38609071066218026
42.0 18.0 0.4656518888987649
42.0 20.0 0.47660242442571993
42.0 22.0 0.4823227201416307
42.0 24.0 0.47436922335659665
42.0 26.0 0.4221354224232434
42.0 28.0 0.3789448714300423
42.0 30.0 0.2886474522732418
42.0 32.0 0.08289849481522323
42.0 34.0 0.0
42.0 36.0 0.0
42.0 38.0 0.0
42.0 40.0 0.0
42.0 42.0 0.0
42.0 44.0 0.0
42.0 46.0 0.0
42.0 48.0 0.0
42.0 50.0 0.0
42.0 52.0 0.0
42.0 54.0 0.0
42.0 56.0 0.0
42.0 58.0 0.0
42.0 60.0 0.0037030081904714783
42.0 62.0 0.0397744127316551
42.0 64.0 0.1309237348771818
42.0 66.0 0.24153379659557794
42.0 68.0 0.36089672297042824
42.0 70.0 0.4433011234831796
42.0 72.0 0.4880472940106868
42.0 74.0 0.4954399154461288
42.0 76.0 0.46865016534339604
42.0 78.0 0.4140069493685881
42.0 80.0 0.31746765673066757
42.0 82.0 0.17645284365761663
42.0 84.0 0.03825268853389697
42.0 86.0 0.0
42.0 88.0 0.0
42.0 90.0 0.0
42.0 92.0 0.0
42.0 94.0 0.0
42.0 96.0 0.0
42.0 98.0 0.0
42.0 100.0 0.0
42.0 102.0 0.0
42.0 104.0 0.0
42.0 106.0 0.0
42.0 108.0 0.0
42.0 110.0 0.0033751088455824655
42.0 112.0 0.012431025714454917
42.0 114.0 0.031749696771060605
42.0 116.0 0.07127032633130471
42.0 118.0 0.1492149202853286
42.0 120.0 0.227952330790667
42.0 122.0 0.2926551941499289
42.0 124.0 0.0
42.0 126.0 0.0
44.0 0.0 0.0
44.0 2.0 0.0
44.0 4.0 0.06301554077452776
44.0 6.0 0.0
44.0 8.0 0.0
44.0 10.0 0.016317324087911197
44.0 12.0 0.10580089558533483
44.0 14.0 0.23238910413461247
44.0 16.0 0.3713978674318919
44.0 18.0 0.4480095961154295
44.0 20.0 0.5211823703770971
44.0 22.0 0.5384752279891117
44.0 24.0 0.4904506211791471
44.0 26.0 0.4540100304892276
44.0 28.0 0.43876518211339016
44.0 30.0 0.34951961665128883
44.0 32.0 0.1434897211658123
44.0 34.0 0.0
44.0 36.0 0.0
44.0 38.0 0.0
44.0 40.0 0.0
44.0 42.0 0.0
44.0 44.0 0.0
44.0 46.0 0.0
44.0 48.0 0.0
44.0 50.0 0.0
44.0 52.0 0.0
44.0 54.0 0.0
44.0 56.0 0.0
44.0 58.0 0.0
44.0 60.0 9.619414390115424E-4
44.0 62.0 0.031082766728048116
44.0 64.0 0.1323325404070625
44.0 66.0 0.2428979085114961
44.0 68.0 0.3495102032051089
44.0 70.0 0.4561309971303307
44.0 72.0 0.5087198188038343
44.0 74.0 0.5225096100137275
44.0 76.0 0.5018626918903283
44.0 78.0 0.4698851973519163
44.0 80.0 0.38925177308096837
44.0 82.0 0.22989666834032307
44.0 84.0 0.05713718307989125
44.0 86.0 0.0
44.0 88.0 0.0
44.0 90.0 0.0
44.0 92.0 0.0
44.0 94.0 0.0
44.0 96.0 0.0
44.0 98.0 0.0
44.0 100.0 0.0
44.0 102.0 0.0
44.0 104.0 0.0
44.0 106.0 0.0
44.0 108.0 0.0
44.0 110.0 0.001501929973499781
44.0 112.0 0.009152351668104455
44.0 114.0 0.03307122746734758
44.0 116.0 0.07814340863198337
44.0 118.0 0.15826929127847883
44.0 120.0 0.23674216179091445
44.0 122.0 0.3055080708010219
44.0 124.0 0.0
44.0 126.0 0.0
46.0 0.0 0.0
46.0 2.0 0.0
46.0 4.0 0.0646989323301705
46.0 6.0 0.0
46.0 8.0 5.630632087852724E-4
46.0 10.0 0.012843240666581603
46.0 12.0 0.04773298941511339
46.0 14.0 0.13945411784995435
46.0 16.0 0.30571016417322183
46.0 18.0 0.4157281694440816
46.0 20.0 0.510970304338489
46.0 22.0 0.5591714172682495
46.0 24.0 0.5066492609421617
46.0 26.0 0.47964083287533055
46.0 28.0 0.48002990027131925
46.0 30.0 0.40216095416197106
46.0 32.0 0.19823633766117432
46.0 34.0 0.007350405676619747
46.0 36.0 0.0
46.0 38.0 0.0
46.0 40.0 0.0
46.0 42.0 0.0
46.0 44.0 0.0
46.0 46.0 0.0
46.0 48.0 0.0
46.0 50.0 0.0
46.0 52.0 0.0
46.0 54.0 0.0
46.0 56.0 0.0
46.0 58.0 0.0
46.0 60.0 0.0
46.0 62.0 0.020174046469678814
46.0 64.0 0.1146411939009961
46.0 66.0 0.20861782062378467
46.0 68.0 0.3162653887153242
46.0 70.0 0.45788560182967925
46.0 72.0 0.5275904881181707
46.0 74.0 0.5424861605561712
46.0 76.0 0.5268916067635904
46.0 78.0 0.49414890674395484
46.0 80.0 0.41787569535148933
46.0 82.0 0.2549059632504574
46.0 84.0 0.07088171495771574
46.0 86.0 0.0
46.0 88.0 0.0
46.0 90.0 0.0
46.0 92.0 0.0
46.0 94.0 0.0
46.0 96.0 0.0
46.0 98.0 0.0
46.0 100.0 0.0
46.0 102.0 0.0
46.0 104.0 0.0
46.0 106.0 0.0
46.0 108.0 0.0
46.0 110.0 0.0
46.0 112.0 0.00787822655826114
46.0 114.0 0.03306872518551743
46.0 116.0 0.07852960551167074
46.0 118.0 0.15393402421462812
46.0 120.0 0.2271927160330518
46.0 122.0 0.2941037900048033
46.0 124.0 0.3633401128255284
46.0 126.0 0.0
48.0 0.0 0.0
48.0 2.0 0.08143130699518006
48.0 4.0 0.0026807344077168197
48.0 6.0 0.0
48.0 8.0 0.0
48.0 10.0 0.0
48.0 12.0 2.670420824008798E-4
48.0 14.0 0.05255023667745887
48.0 16.0 0.2163600441160165
48.0 18.0 0.3613214506783217
48.0 20.0 0.4811166399625761
48.0 22.0 0.5456393872513511
48.0 24.0 0.5299772615095139
48.0 26.0 0.5033760367528065
48.0 28.0 0.5086643556543909
48.0 30.0 0.43953540034234334
48.0 32.0 0.2416272120356976
48.0 34.0 0.030458475625094485
48.0 36.0 0.0
48.0 38.0 0.0
48.0 40.0 0.0
48.0 42.0 0.0
48.0 44.0 0.0
48.0 46.0 0.0
48.0 48.0 0.0
48.0 50.0 0.0
48.0 52.0 0.0
48.0 54.0 0.0
48.0 56.0 0.0
48.0 58.0 0.0
48.0 60.0 0.0
48.0 62.0 0.024408043252559856
48.0 64.0 0.11567233882796686
48.0 66.0 0.20682065332765973
48.0 68.0 0.31038153823617476
48.0 70.0 0.45829163105504783
48.0 72.0 0.5298753900496381
48.0 74.0 0.5507045064505018
48.0 76.0 0.5378888297972813
48.0 78.0 0.4986946355876168
48.0 80.0 0.4168094621726981
48.0 82.0 0.2622644600546402
48.0 84.0 0.08071960734942167
48.0 86.0 0.0
48.0 88.0 0.0
48.0 90.0 0.0
48.0 92.0 0.0
48.0 94.0 0.0
48.0 96.0 0.0
48.0 98.0 0.0
48.0 100.0 0.0
48.0 102.0 0.0
48.0 104.0 0.0
48.0 106.0 0.0
48.0 108.0 0.0
48.0 110.0 0.0
48.0 112.0 0.008033999962261935
48.0 114.0 0.033843131679390986
48.0 116.0 0.07787163828601652
48.0 118.0 0.14508951680769658
48.0 120.0 0.21007996287485056
48.0 122.0 0.2686223249988983
48.0 124.0 0.3488224426355439
48.0 126.0 0.0
50.0 0.0 0.0
50.0 2.0 0.09268959634850212
50.0 4.0 0.007851308620016038
50.0 6.0 0.0
50.0 8.0 0.0
50.0 10.0 0.0
50.0 12.0 0.0022318869775330976
50.0 14.0 0.05860499046669321
50.0 16.0 0.18870113764402738
50.0 18.0 0.31588950616128275
50.0 20.0 0.4332482499632928
50.0 22.0 0.510189416225438
50.0 24.0 0.5408238876497125
50.0 26.0 0.5415221496255188
50.0 28.0 0.5212133646356458
50.0 30.0 0.4456003208138822
50.0 32.0 0.2694107680748807
50.0 34.0 0.05572320741092854
50.0 36.0 0.0
50.0 38.0 0.0
50.0 40.0 0.0
50.0 42.0 0.0
50.0 44.0 0.0
50.0 46.0 0.0
50.0 48.0 0.0
50.0 50.0 0.0
50.0 52.0 0.0
50.0 54.0 0.0
50.0 56.0 0.0
50.0 58.0 0.0
50.0 60.0 0.0
50.0 62.0 0.019002869165709663
50.0 64.0 0.10738073625113224
50.0 66.0 0.19878079469634832
50.0 68.0 0.30664989764465367
50.0 70.0 0.45809278095678985
50.0 72.0 0.5119264856118776
50.0 74.0 0.5307079156890488
50.0 76.0 0.4906122619418589
50.0 78.0 0.4545345143807941
50.0 80.0 0.3881271046047148
50.0 82.0 0.24745329012398717
50.0 84.0 0.0790919220184867
50.0 86.0 0.0
50.0 88.0 0.0
50.0 90.0 0.0
50.0 92.0 0.0
50.0 94.0 0.0
50.0 96.0 0.0
50.0 98.0 0.0
50.0 100.0 0.0
50.0 102.0 0.0
50.0 104.0 0.0
50.0 106.0 0.0
50.0 108.0 0.0
50.0 110.0 6.490929844128104E-4
50.0 112.0 0.014776986889459026
50.0 114.0 0.04534626373303765
50.0 116.0 0.08730739296193536
50.0 118.0 0.14091115349723096
50.0 120.0 0.1896884045217163
50.0 122.0 0.23706908692248407
50.0 124.0 0.3174202441946721
50.0 126.0 0.0
52.0 0.0 0.0
52.0 2.0 0.09150365387090502
52.0 4.0 0.008204660168839315
52.0 6.0 0.0
52.0 8.0 0.0
52.0 10.0 0.0
52.0 12.0 0.0023323108673132223
52.0 14.0 0.04887051821305332
52.0 16.0 0.1686082164809287
52.0 18.0 0.286807128173539
52.0 20.0 0.4017961488903335
52.0 22.0 0.49761518486447437
52.0 24.0 0.5337175242318565
52.0 26.0 0.5206594758247816
52.0 28.0 0.4877844992733216
52.0 30.0 0.42759889977421434
52.0 32.0 0.273953227413305
52.0 34.0 0.07511099816287722
52.0 36.0 0.0
52.0 38.0 0.0
52.0 40.0 0.0
52.0 42.0 0.0
52.0 44.0 0.0
52.0 46.0 0.0
52.0 48.0 0.0
52.0 50.0 0.0
52.0 52.0 0.0
52.0 54.0 0.0
52.0 56.0 0.0
52.0 58.0 0.0
52.0 60.0 0.0
52.0 62.0 0.008986213553561941
52.0 64.0 0.09126665985908533
52.0 66.0 0.18403040012214456
52.0 68.0 0.3020098189291122
52.0 70.0 0.4415624192321079
52.0 72.0 0.49939117071949773
52.0 74.0 0.5131481561601191
52.0 76.0 0.44518704922272745
52.0 78.0 0.409819478675467
52.0 80.0 0.3335096328836767
52.0 82.0 0.20996433957045657
52.0 84.0 0.06563811418912545
52.0 86.0 0.0
52.0 88.0 0.0
52.0 90.0 0.0
52.0 92.0 0.0
52.0 94.0 0.0
52.0 96.0 0.0
52.0 98.0 0.0
52.0 100.0 0.0
52.0 102.0 0.0
52.0 104.0 0.0
52.0 106.0 0.0
52.0 108.0 0.0
52.0 110.0 0.010551114760579365
52.0 112.0 0.0368318532118987
52.0 114.0 0.07603152739045314
52.0 116.0 0.11653642478817379
52.0 118.0 0.1461883996100183
52.0 120.0 0.1718564555145634
52.0 122.0 0.1988736303912233
52.0 124.0 0.2573018359264799
52.0 126.0 0.0
54.0 0.0 0.0
54.0 2.0 0.05685458210787731
54.0 4.0 0.0
54.0 6.0 0.0
54.0 8.0 0.0
54.0 10.0 0.0
54.0 12.0 0.0013537974191675968
54.0 14.0 0.03369706088277572
54.0 16.0 0.15103526317543645
54.0 18.0 0.2702539413486838
54.0 20.0 0.39151006529964305
54.0 22.0 0.48873612490331636
54.0 24.0 0.5228653597093728
54.0 26.0 0.5088524118515865
54.0 28.0 0.4715708274659427
54.0 30.0 0.40152948508112557
54.0 32.0 0.2610215819941676
54.0 34.0 0.07878343879882575
54.0 36.0 0.0
54.0 38.0 0.0
54.0 40.0 0.0
54.0 42.0 0.0
54.0 44.0 0.0
54.0 46.0 0.0
54.0 48.0 0.0
54.0 50.0 0.0
54.0 52.0 0.0
54.0 54.0 0.0
54.0 56.0 0.0
54.0 58.0 0.0
54.0 60.0 0.0
54.0 62.0 0.004954948224653412
54.0 64.0 0.05944710229883211
54.0 66.0 0.15484190043031107
54.0 68.0 0.26965511782525736
54.0 70.0 0.41015826033330366
54.0 72.0 0.47233909225461623
54.0 74.0 0.4624564127468045
54.0 76.0 0.3729738921016265
54.0 78.0 0.3400022363712322
54.0 80.0 0.2696189362526865
54.0 82.0 0.16076581366593976
54.0 84.0 0.04004176262355968
54.0 86.0 0.0
54.0 88.0 0.0
54.0 90.0 0.0
54.0 92.0 0.0
54.0 94.0 0.0
54.0 96.0 0.0
54.0 98.0 0.0
54.0 100.0 0.0
54.0 102.0 0.0
54.0 104.0 0.0
54.0 106.0 2.7703347075315135E-4
54.0 108.0 0.017449462646776676
54.0 110.0 0.05714883715247144
54.0 112.0 0.10733418229902429
54.0 114.0 0.14242250447347896
54.0 116.0 0.1543506296044017
54.0 118.0 0.15576611593657777
54.0 120.0 0.15644289015353563
54.0 122.0 0.15805262701747702
54.0 124.0 0.16319728047973356
54.0 126.0 0.17887601160662536
56.0 0.0 0.0
56.0 2.0 0.01626450124506738
56.0 4.0 0.0
56.0 6.0 0.0
56.0 8.0 0.0
56.0 10.0 0.0
56.0 12.0 3.7046707090239325E-4
56.0 14.0 0.02890138556646574
56.0 16.0 0.13014171835688906
56.0 18.0 0.2491572054803043
56.0 20.0 0.37526191547466986
56.0 22.0 0.46819125729150785
56.0 24.0 0.5089161992848754
56.0 26.0 0.493699993377079
56.0 28.0 0.4544264291608728
56.0 30.0 0.3721869404210307
56.0 32.0 0.2324840777281395
56.0 34.0 0.06758189444372299
56.0 36.0 0.0
56.0 38.0 0.0
56.0 40.0 0.0
56.0 42.0 0.0
56.0 44.0 0.0
56.0 46.0 0.0
56.0 48.0 0.0
56.0 50.0 0.0
56.0 52.0 0.0
56.0 54.0 0.0
56.0 56.0 0.0
56.0 58.0 0.0
56.0 60.0 0.0
56.0 62.0 8.595593191318161E-4
56.0 64.0 0.025618683804418507
56.0 66.0 0.11267489006807263
56.0 68.0 0.23953759824209922
56.0 70.0 0.3367891692019192
56.0 72.0 0.3997079179810445
56.0 74.0 0.3777895205499165
56.0 76.0 0.30363922077586325
56.0 78.0 0.27209321057932084
56.0 80.0 0.20637086115679093
56.0 82.0 0.10878579647509101
56.0 84.0 0.012097511763985144
56.0 86.0 0.0
56.0 88.0 0.0
56.0 90.0 0.0
56.0 92.0 0.0
56.0 94.0 0.0
56.0 96.0 0.0
56.0 98.0 0.0
56.0 100.0 0.0
56.0 102.0 0.0
56.0 104.0 0.0029270438137909815
56.0 106.0 0.026003539747319306
56.0 108.0 0.07800352027887007
56.0 110.0 0.17121736016521197
56.0 112.0 0.21563868562170432
56.0 114.0 0.2234237945664891
56.0 116.0 0.2044540105728978
56.0 118.0 0.17206797676953353
56.0 120.0 0.13976099533516792
56.0 122.0 0.10052250222206822
56.0 124.0 0.014067399144072354
56.0 126.0 0.0
58.0 0.0 0.0
58.0 2.0 0.0
58.0 4.0 0.0
58.0 6.0 0.0
58.0 8.0 0.0
58.0 10.0 0.0
58.0 12.0 0.0011273704334916477
58.0 14.0 0.03404476237558387
58.0 16.0 0.12756729171657888
58.0 18.0 0.2423501297461298
58.0 20.0 0.3579851045851141
58.0 22.0 0.43519086985394845
58.0 24.0 0.4693087993505392
58.0 26.0 0.4652180732350623
58.0 28.0 0.42176321016531476
58.0 30.0 0.33013354127833616
58.0 32.0 0.18856236588662942
58.0 34.0 0.042790217266189194
58.0 36.0 0.0
58.0 38.0 0.0
58.0 40.0 0.0
58.0 42.0 0.0
58.0 44.0 0.0
58.0 46.0 0.0
58.0 48.0 0.0
58.0 50.0 0.0
58.0 52.0 0.0
58.0 54.0 0.0
58.0 56.0 0.0
58.0 58.0 0.0
58.0 60.0 0.0
58.0 62.0 0.0
58.0 64.0 0.009684909658045889
58.0 66.0 0.057291324645560145
58.0 68.0 0.1443138217300353
58.0 70.0 0.23277146350471778
58.0 72.0 0.28527176662938686
58.0 74.0 0.27179060164653207
58.0 76.0 0.23666698452969345
58.0 78.0 0.20713887353025376
58.0 80.0 0.14590918289803062
58.0 82.0 0.0677439259461014
58.0 84.0 0.006779978386094956
58.0 86.0 0.0
58.0 88.0 0.0
58.0 90.0 0.0
58.0 92.0 0.0
58.0 94.0 0.0
58.0 96.0 0.0
58.0 98.0 0.0
58.0 100.0 0.0
58.0 102.0 0.0021949165465729547
58.0 104.0 0.027916346673964806
58.0 106.0 0.11336923604869341
58.0 108.0 0.18069954270225067
58.0 110.0 0.2821014309683587
58.0 112.0 0.316204460921428
58.0 114.0 0.30516705848682185
58.0 116.0 0.2660149754459524
58.0 118.0 0.2037024408066347
58.0 120.0 0.12872806073475795
58.0 122.0 0.03907646435645088
58.0 124.0 0.0
58.0 126.0 0.0
60.0 0.0 0.0
60.0 2.0 0.0
60.0 4.0 0.0
60.0 6.0 0.0
60.0 8.0 0.0
60.0 10.0 0.0
60.0 12.0 6.353014075068927E-4
60.0 14.0 0.02964985468765716
60.0 16.0 0.1208561641412695
60.0 18.0 0.2269890771879479
60.0 20.0 0.32965856431528445
60.0 22.0 0.4082990038537917
60.0 24.0 0.4386185336113187
60.0 26.0 0.4267332644257742
60.0 28.0 0.3662145760790072
60.0 30.0 0.2629299875331073
60.0 32.0 0.12521513478807209
60.0 34.0 0.007888804890393024
60.0 36.0 0.0
60.0 38.0 0.0
60.0 40.0 0.0
60.0 42.0 0.0
60.0 44.0 0.0
60.0 46.0 0.0
60.0 48.0 0.0
60.0 50.0 0.0
60.0 52.0 0.0
60.0 54.0 0.0
60.0 56.0 0.0
60.0 58.0 0.0
60.0 60.0 0.0
60.0 62.0 0.0
60.0 64.0 0.004731836359065687
60.0 66.0 0.02360676024128169
60.0 68.0 0.0705809141570745
60.0 70.0 0.12720570416195762
60.0 72.0 0.17119365022250632
60.0 74.0 0.1951732085847047
60.0 76.0 0.17246486311686712
60.0 78.0 0.14459831184748873
60.0 80.0 0.09220581289318025
60.0 82.0 0.042270799587690255
60.0 84.0 0.003973951622045798
60.0 86.0 0.0
60.0 88.0 0.0
60.0 90.0 0.0
60.0 92.0 0.0
60.0 94.0 0.0
60.0 96.0 0.0
60.0 98.0 0.0
60.0 100.0 0.0024413991573709014
60.0 102.0 0.025173670408945362
60.0 104.0 0.09904651154082612
60.0 106.0 0.18471827846136704
60.0 108.0 0.3096701832910998
60.0 110.0 0.3541203056069265
60.0 112.0 0.366810585921995
60.0 114.0 0.34173890478115737
60.0 116.0 0.2829602962778728
60.0 118.0 0.1985180651496401
60.0 120.0 0.11446120184895496
60.0 122.0 0.016178698096944385
60.0 124.0 0.0
60.0 126.0 0.0
62.0 0.0 0.0
62.0 2.0 0.0
62.0 4.0 0.0
62.0 6.0 0.0
62.0 8.0 0.0
62.0 10.0 0.0
62.0 12.0 3.7397787957367236E-4
62.0 14.0 0.021791005415190638
62.0 16.0 0.10695077748413857
62.0 18.0 0.20407536386843542
62.0 20.0 0.2953337023911289
62.0 22.0 0.35854949364032035
62.0 24.0 0.37901829920585445
62.0 26.0 0.35056194773924787
62.0 28.0 0.2827682251707879
62.0 30.0 0.17947541139400172
62.0 32.0 0.05792091043279957
62.0 34.0 0.0
62.0 36.0 0.0
62.0 38.0 0.0
62.0 40.0 0.0
62.0 42.0 0.0
62.0 44.0 0.0
62.0 46.0 0.0
62.0 48.0 0.0
62.0 50.0 0.0
62.0 52.0 0.0
62.0 54.0 0.0
62.0 56.0 0.0
62.0 58.0 0.0
62.0 60.0 0.0
62.0 62.0 0.0
62.0 64.0 6.291477391535151E-4
62.0 66.0 0.009281421956447036
62.0 68.0 0.02869454541342324
62.0 70.0 0.06587675546757901
62.0 72.0 0.09898770629969111
62.0 74.0 0.12506254722902269
62.0 76.0 0.12546385834733462
62.0 78.0 0.10401109848161534
62.0 80.0 0.060186083373139805
62.0 82.0 0.012176008446236827
62.0 84.0 8.352404468766678E-4
62.0 86.0 0.0
62.0 88.0 0.0
62.0 90.0 0.0
62.0 92.0 0.0
62.0 94.0 0.0
62.0 96.0 0.0
62.0 98.0 0.0038226083254764946
62.0 100.0 0.02298524456172515
62.0 102.0 0.08707556623928224
62.0 104.0 0.1754669152118343
62.0 106.0 0.2613104254836584
62.0 108.0 0.3731401314365774
62.0 110.0 0.4102763548655917
62.0 112.0 0.41292948986135086
62.0 114.0 0.3824539782787825
62.0 116.0 0.31830962217273934
62.0 118.0 0.22152035809537765
62.0 120.0 0.10881125746364147
62.0 122.0 0.0019387283307595053
62.0 124.0 0.0
62.0 126.0 0.0
64.0 0.0 0.0
64.0 2.0 0.0
64.0 4.0 0.0
64.0 6.0 0.0
64.0 8.0 0.0
64.0 10.0 0.0
64.0 12.0 0.0
64.0 14.0 0.013160366869279188
64.0 16.0 0.08210558805954218
64.0 18.0 0.17151980259663632
64.0 20.0 0.2506041861222525
64.0 22.0 0.29798340818458474
64.0 24.0 0.29787287362338516
64.0 26.0 0.25856407799906206
64.0 28.0 0.18937097555066118
64.0 30.0 0.09355588333802405
64.0 32.0 0.006518137879630274
64.0 34.0 0.0
64.0 36.0 0.0
64.0 38.0 0.0
64.0 40.0 0.0
64.0 42.0 0.0
64.0 44.0 0.0
64.0 46.0 0.0
64.0 48.0 0.0
64.0 50.0 0.0
64.0 52.0 0.0
64.0 54.0 0.0
64.0 56.0 0.0
64.0 58.0 0.0
64.0 60.0 0.0
64.0 62.0 0.0
64.0 64.0 0.0
64.0 66.0 0.006651713699627341
64.0 68.0 0.02029649324490106
64.0 70.0 0.04001792607593205
64.0 72.0 0.06170327963527861
64.0 74.0 0.07486877814470605
64.0 76.0 0.07583291311244243
64.0 78.0 0.06037500962509975
64.0 80.0 0.03066893413134345
64.0 82.0 0.008797574361759736
64.0 84.0 0.001074659720691291
64.0 86.0 0.0
64.0 88.0 0.0
64.0 90.0 0.0
64.0 92.0 0.0
64.0 94.0 0.0
64.0 96.0 0.0021690607170629394
64.0 98.0 0.017269999373755285
64.0 100.0 0.061149313660297216
64.0 102.0 0.14921435895989152
64.0 104.0 0.24027355948489545
64.0 106.0 0.3231846105478215
64.0 108.0 0.38521547463053185
64.0 110.0 0.42638745749451107
64.0 112.0 0.43222563795484037
64.0 114.0 0.4025483920316633
64.0 116.0 0.3377216195494379
64.0 118.0 0.23638730116045115
64.0 120.0 0.11254973053905869
64.0 122.0 0.0
64.0 124.0 0.0
64.0 126.0 0.0
66.0 0.0 0.0
66.0 2.0 0.0
66.0 4.0 0.0
66.0 6.0 0.0
66.0 8.0 0.0
66.0 10.0 0.0
66.0 12.0 0.0
66.0 14.0 0.0035478249427049386
66.0 16.0 0.045511971907965666
66.0 18.0 0.12601880145881192
66.0 20.0 0.18912807499550813
66.0 22.0 0.21623948848889998
66.0 24.0 0.20361278709484598
66.0 26.0 0.16111750465061217
66.0 28.0 0.09568636203822505
66.0 30.0 0.01895708769471643
66.0 32.0 0.0
66.0 34.0 0.0
66.0 36.0 0.0
66.0 38.0 0.0
66.0 40.0 0.0
66.0 42.0 0.0
66.0 44.0 0.0
66.0 46.0 0.0
66.0 48.0 0.0
66.0 50.0 0.0
66.0 52.0 0.0
66.0 54.0 0.0
66.0 56.0 0.0
66.0 58.0 0.0
66.0 60.0 0.0
66.0 62.0 0.0
66.0 64.0 0.0
66.0 66.0 0.005243792789266305
66.0 68.0 0.015521212237786136
66.0 70.0 0.027552454839788815
66.0 72.0 0.03629837297189091
66.0 74.0 0.04403077284524085
66.0 76.0 0.044744735741443
66.0 78.0 0.03552651666857381
66.0 80.0 0.020506419403091704
66.0 82.0 0.0049350401624030545
66.0 84.0 0.0
66.0 86.0 0.0
66.0 88.0 0.0
66.0 90.0 0.0
66.0 92.0 0.0
66.0 94.0 0.0
66.0 96.0 0.007897766756486848
66.0 98.0 0.03337589472856178
66.0 100.0 0.09724887255853526
66.0 102.0 0.1953806443208179
66.0 104.0 0.2869025243854297
66.0 106.0 0.36355138622002725
66.0 108.0 0.4159775271525635
66.0 110.0 0.4464482162648446
66.0 112.0 0.44699056551561717
66.0 114.0 0.41583642782884794
66.0 116.0 0.35025065128385924
66.0 118.0 0.24598054148732232
66.0 120.0 0.118548835102204
66.0 122.0 0.0
66.0 124.0 0.0
66.0 126.0 0.0
68.0 0.0 0.0
68.0 2.0 0.0
68.0 4.0 0.0
68.0 6.0 0.0
68.0 8.0 0.0
68.0 10.0 0.0
68.0 12.0 0.0
68.0 14.0 0.0
68.0 16.0 0.003821975389383307
68.0 18.0 0.04234110160785003
68.0 20.0 0.09022806995142969
68.0 22.0 0.11831900026221455
68.0 24.0 0.11576902847966047
68.0 26.0 0.07314054590931214
68.0 28.0 0.0168178420048345
68.0 30.0 0.0
68.0 32.0 0.0
68.0 34.0 0.0
68.0 36.0 0.0
68.0 38.0 0.0
68.0 40.0 0.0
68.0 42.0 0.0
68.0 44.0 0.0
68.0 46.0 0.0
68.0 48.0 0.0
68.0 50.0 0.0
68.0 52.0 0.0
68.0 54.0 0.0
68.0 56.0 0.0
68.0 58.0 0.0
68.0 60.0 0.0
68.0 62.0 0.0
68.0 64.0 0.0
68.0 66.0 0.002139138488285775
68.0 68.0 0.008092144562150677
68.0 70.0 0.014672214900682759
68.0 72.0 0.018534987374132707
68.0 74.0 0.021536034886755734
68.0 76.0 0.02131942798357846
68.0 78.0 0.008704686307574988
68.0 80.0 4.6342623214883256E-4
68.0 82.0 0.0
68.0 84.0 0.0
68.0 86.0 0.0
68.0 88.0 0.0
68.0 90.0 0.0
68.0 92.0 0.0
68.0 94.0 0.0
68.0 96.0 0.004801339139759719
68.0 98.0 0.03254325637029591
68.0 100.0 0.1125441292347689
68.0 102.0 0.20820653572358702
68.0 104.0 0.301266656569944
68.0 106.0 0.3760407024339078
68.0 108.0 0.4228117533087788
68.0 110.0 0.4493203967806016
68.0 112.0 0.447745150854499
68.0 114.0 0.4182306601766579
68.0 116.0 0.35472850722621985
68.0 118.0 0.26757734342952705
68.0 120.0 0.13137323357689493
68.0 122.0 0.0
68.0 124.0 0.0
68.0 126.0 0.0
70.0 0.0 0.0
70.0 2.0 0.0
70.0 4.0 0.0
70.0 6.0 0.0
70.0 8.0 0.0
70.0 10.0 0.0
70.0 12.0 0.0
70.0 14.0 0.0
70.0 16.0 0.0
70.0 18.0 0.001989224885243293
70.0 20.0 0.026222867556714963
70.0 22.0 0.042437926569558394
70.0 24.0 0.032158314880178035
70.0 26.0 0.003417057553244109
70.0 28.0 0.0
70.0 30.0 0.0
70.0 32.0 0.0
70.0 34.0 0.0
70.0 36.0 0.0
70.0 38.0 0.0
70.0 40.0 0.0
70.0 42.0 0.0014704232572785693
70.0 44.0 0.008963804846423366
70.0 46.0 0.02419866870038172
70.0 48.0 0.023642584493000527
70.0 50.0 0.009307761042415279
70.0 52.0 5.143596430460963E-4
70.0 54.0 0.0
70.0 56.0 0.0
70.0 58.0 0.0
70.0 60.0 0.0
70.0 62.0 0.0
70.0 64.0 0.0
70.0 66.0 0.0
70.0 68.0 9.865551139666407E-4
70.0 70.0 0.003136300444184241
70.0 72.0 0.004856465045968369
70.0 74.0 0.005458559925913708
70.0 76.0 0.00213717449411361
70.0 78.0 0.0
70.0 80.0 0.0
70.0 82.0 0.0
70.0 84.0 0.0
70.0 86.0 0.0
70.0 88.0 0.0
70.0 90.0 0.0
70.0 92.0 0.0
70.0 94.0 0.0
70.0 96.0 2.845890168290183E-4
70.0 98.0 0.02117433299853441
70.0 100.0 0.10440965640406896
70.0 102.0 0.21982312154207861
70.0 104.0 0.31795870162095413
70.0 106.0 0.38160325881606
70.0 108.0 0.41340408636196857
70.0 110.0 0.44115359518300895
70.0 112.0 0.44149146987161575
70.0 114.0 0.41393641026757355
70.0 116.0 0.39746116314070834
70.0 118.0 0.3030241636540945
70.0 120.0 0.13038605216594318
70.0 122.0 0.0
70.0 124.0 0.0
70.0 126.0 0.0
72.0 0.0 0.0
72.0 2.0 0.0
72.0 4.0 0.0
72.0 6.0 0.0
72.0 8.0 0.0
72.0 10.0 0.0
72.0 12.0 0.0
72.0 14.0 0.0
72.0 16.0 0.0
72.0 18.0 0.0
72.0 20.0 0.0
72.0 22.0 0.0
72.0 24.0 0.0
72.0 26.0 0.0
72.0 28.0 0.0
72.0 30.0 0.0
72.0 32.0 5.995726058900108E-4
72.0 34.0 0.0026751451268763674
72.0 36.0 0.00742511198526867
72.0 38.0 0.006653926525496742
72.0 40.0 0.015468920827223629
72.0 42.0 0.03401939817012259
72.0 44.0 0.05295286878283521
72.0 46.0 0.07538619623456938
72.0 48.0 0.08434719823642044
72.0 50.0 0.07013156169341177
72.0 52.0 0.021290374217297625
72.0 54.0 0.0
72.0 56.0 0.0
72.0 58.0 0.0
72.0 60.0 0.0
72.0 62.0 0.0
72.0 64.0 0.0
72.0 66.0 0.0
72.0 68.0 0.0
72.0 70.0 0.0
72.0 72.0 0.0
72.0 74.0 0.0
72.0 76.0 0.0
72.0 78.0 0.0
72.0 80.0 0.0
72.0 82.0 0.0
72.0 84.0 0.0
72.0 86.0 0.0
72.0 88.0 0.0
72.0 90.0 0.0
72.0 92.0 0.0
72.0 94.0 0.0
72.0 96.0 0.0
72.0 98.0 0.010670929362791464
72.0 100.0 0.07151509434528969
72.0 102.0 0.17821774100779667
72.0 104.0 0.27243230266309265
72.0 106.0 0.34584462807523625
72.0 108.0 0.3957572452333511
72.0 110.0 0.4245805238639829
72.0 112.0 0.4279554548806064
72.0 114.0 0.43861996415553
72.0 116.0 0.41682664523091845
72.0 118.0 0.3063314091281426
72.0 120.0 0.1347463255359096
72.0 122.0 0.0
72.0 124.0 0.0
72.0 126.0 0.0
74.0 0.0 0.0
74.0 2.0 0.0
74.0 4.0 0.0
74.0 6.0 0.0
74.0 8.0 0.0
74.0 10.0 0.0
74.0 12.0 0.0
74.0 14.0 0.0
74.0 16.0 0.0
74.0 18.0 0.0
74.0 20.0 0.0
74.0 22.0 0.0
74.0 24.0 0.0
74.0 26.0 0.0
74.0 28.0 0.0
74.0 30.0 0.0
74.0 32.0 3.671696704587419E-5
74.0 34.0 0.004150760823339425
74.0 36.0 0.022600878243542805
74.0 38.0 0.03982003940850641
74.0 40.0 0.05819490696556712
74.0 42.0 0.07968095192485374
74.0 44.0 0.09970309388018918
74.0 46.0 0.12325011857680705
74.0 48.0 0.1286226711025709
74.0 50.0 0.11562052308215072
74.0 52.0 0.07925026506649548
74.0 54.0 0.018688353328777805
74.0 56.0 0.0
74.0 58.0 0.0
74.0 60.0 0.0
74.0 62.0 0.0
74.0 64.0 0.0
74.0 66.0 0.0
74.0 68.0 0.0
74.0 70.0 0.0
74.0 72.0 0.0
74.0 74.0 0.0
74.0 76.0 0.0
74.0 78.0 0.0
74.0 80.0 0.0
74.0 82.0 0.0
74.0 84.0 0.0
74.0 86.0 0.0
74.0 88.0 0.0
74.0 90.0 0.0
74.0 92.0 0.0
74.0 94.0 0.0
74.0 96.0 0.0
74.0 98.0 0.003768915150396665
74.0 100.0 0.04228274778986335
74.0 102.0 0.1471676015786848
74.0 104.0 0.24382623860040611
74.0 106.0 0.3178690144447711
74.0 108.0 0.3698309828018836
74.0 110.0 0.4005882006092256
74.0 112.0 0.409260877357067
74.0 114.0 0.41621187113961683
74.0 116.0 0.4091224491936054
74.0 118.0 0.311476854076096
74.0 120.0 0.13985246424049488
74.0 122.0 0.0
74.0 124.0 0.0
74.0 126.0 0.0
76.0 0.0 0.0
76.0 2.0 0.0
76.0 4.0 0.0
76.0 6.0 0.011198439291922414
76.0 8.0 0.06874782539317935
76.0 10.0 0.056731398160755536
76.0 12.0 0.0
76.0 14.0 0.0
76.0 16.0 0.0
76.0 18.0 0.0
76.0 20.0 0.0
76.0 22.0 0.0
76.0 24.0 0.0
76.0 26.0 0.0
76.0 28.0 0.0
76.0 30.0 0.0
76.0 32.0 0.0
76.0 34.0 0.004451177276660636
76.0 36.0 0.025521644657117152
76.0 38.0 0.05808930497149296
76.0 40.0 0.09012581336560828
76.0 42.0 0.1214302777287858
76.0 44.0 0.15487073818412822
76.0 46.0 0.1772854437755612
76.0 48.0 0.179283396673795
76.0 50.0 0.18069090101802163
76.0 52.0 0.14522703080162389
76.0 54.0 0.062160712689185826
76.0 56.0 0.003306495088864962
76.0 58.0 0.0
76.0 60.0 0.0
76.0 62.0 0.0
76.0 64.0 0.0
76.0 66.0 0.0
76.0 68.0 0.0
76.0 70.0 0.0
76.0 72.0 0.0
76.0 74.0 0.0
76.0 76.0 0.0
76.0 78.0 0.0
76.0 80.0 0.0
76.0 82.0 0.0
76.0 84.0 0.0
76.0 86.0 0.0
76.0 88.0 0.0
76.0 90.0 0.0
76.0 92.0 0.0
76.0 94.0 0.0
76.0 96.0 0.0
76.0 98.0 0.0
76.0 100.0 0.020701043832199294
76.0 102.0 0.1050039885207079
76.0 104.0 0.20344938513365785
76.0 106.0 0.2827479564553507
76.0 108.0 0.3359238074655337
76.0 110.0 0.3661246200105581
76.0 112.0 0.37776543185193073
76.0 114.0 0.3995887097599009
76.0 116.0 0.3978948284458646
76.0 118.0 0.3097437538371803
76.0 120.0 0.14512642194289518
76.0 122.0 0.0
76.0 124.0 0.0
76.0 126.0 0.0
78.0 0.0 0.0
78.0 2.0 0.0
78.0 4.0 0.0
78.0 6.0 0.06052016413811021
78.0 8.0 0.15849742614664264
78.0 10.0 0.1413438286586374
78.0 12.0 0.04160891774300294
78.0 14.0 0.0
78.0 16.0 0.0
78.0 18.0 0.0
78.0 20.0 0.0
78.0 22.0 0.0
78.0 24.0 0.0
78.0 26.0 0.0
78.0 28.0 0.0
78.0 30.0 0.0
78.0 32.0 0.0
78.0 34.0 0.003107597560461325
78.0 36.0 0.031543625516394065
78.0 38.0 0.07775601636741622
78.0 40.0 0.1258392489325575
78.0 42.0 0.1714025683814534
78.0 44.0 0.21259174672271386
78.0 46.0 0.23228448479803518
78.0 48.0 0.23515483353748864
78.0 50.0 0.24483724876533622
78.0 52.0 0.2099917940126245
78.0 54.0 0.11644797377283123
78.0 56.0 0.02795481498821929
78.0 58.0 0.0
78.0 60.0 0.0
78.0 62.0 0.0
78.0 64.0 0.0
78.0 66.0 0.0
78.0 68.0 0.0
78.0 70.0 0.0
78.0 72.0 0.0
78.0 74.0 0.0
78.0 76.0 0.0
78.0 78.0 0.0
78.0 80.0 0.0
78.0 82.0 0.0
78.0 84.0 0.0
78.0 86.0 0.0
78.0 88.0 0.0
78.0 90.0 0.0
78.0 92.0 0.0
78.0 94.0 0.0
78.0 96.0 0.0
78.0 98.0 0.0
78.0 100.0 0.004147420017967811
78.0 102.0 0.04741400726142101
78.0 104.0 0.15386640373861593
78.0 106.0 0.24247951740770382
78.0 108.0 0.29989752147842424
78.0 110.0 0.33324438107945314
78.0 112.0 0.34532296492087705
78.0 114.0 0.3887562999985495
78.0 116.0 0.3753679061055664
78.0 118.0 0.302561093073841
78.0 120.0 0.14837517845337764
78.0 122.0 0.0
78.0 124.0 0.0
78.0 126.0 0.0
80.0 0.0 0.0
80.0 2.0 0.0
80.0 4.0 0.0
80.0 6.0 0.16613240168204504
80.0 8.0 0.26343612482307743
80.0 10.0 0.2323715027111858
80.0 12.0 0.09887203052962233
80.0 14.0 0.0
80.0 16.0 0.0
80.0 18.0 0.0
80.0 20.0 0.0
80.0 22.0 0.0
80.0 24.0 0.0
80.0 26.0 0.0
80.0 28.0 0.0
80.0 30.0 0.0
80.0 32.0 0.0
80.0 34.0 7.686230372600764E-4
80.0 36.0 0.0362462825857582
80.0 38.0 0.0992902283085717
80.0 40.0 0.1636485202260828
80.0 42.0 0.21898426520733572
80.0 44.0 0.2604759491805942
80.0 46.0 0.2744881423287702
80.0 48.0 0.28121399216942233
80.0 50.0 0.3163217340721019
80.0 52.0 0.26342498258492986
80.0 54.0 0.16753938144851058
80.0 56.0 0.061055833326978344
80.0 58.0 0.004425720995272866
80.0 60.0 0.0
80.0 62.0 0.0
80.0 64.0 0.0
80.0 66.0 0.0
80.0 68.0 0.0
80.0 70.0 0.0
80.0 72.0 0.0
80.0 74.0 0.0
80.0 76.0 0.0
80.0 78.0 0.0
80.0 80.0 0.0
80.0 82.0 0.0
80.0 84.0 0.0
80.0 86.0 0.0
80.0 88.0 0.0
80.0 90.0 0.0
80.0 92.0 0.0
80.0 94.0 0.0
80.0 96.0 0.0
80.0 98.0 0.0
80.0 100.0 0.0
80.0 102.0 0.013378116034150392
80.0 104.0 0.08899205257914566
80.0 106.0 0.19081997852221047
80.0 108.0 0.2588273398839814
80.0 110.0 0.31252433501208743
80.0 112.0 0.3568648624075657
80.0 114.0 0.3571708161108202
80.0 116.0 0.3423570818987578
80.0 118.0 0.28426643942527474
80.0 120.0 0.14935159218514718
80.0 122.0 6.327102574639679E-4
80.0 124.0 0.0
80.0 126.0 0.0
82.0 0.0 0.0
82.0 2.0 0.0
82.0 4.0 0.06466056406885515
82.0 6.0 0.34482089616493505
82.0 8.0 0.37824132023282125
82.0 10.0 0.3071669603976955
82.0 12.0 0.15546193949290296
82.0 14.0 0.0023180822203075304
82.0 16.0 0.0
82.0 18.0 0.0
82.0 20.0 0.0
82.0 22.0 0.0
82.0 24.0 0.0
82.0 26.0 0.0
82.0 28.0 0.0
82.0 30.0 0.0
82.0 32.0 0.0
82.0 34.0 0.002688332408584903
82.0 36.0 0.05342159669882829
82.0 38.0 0.1279854446670996
82.0 40.0 0.20233163469261964
82.0 42.0 0.26327290285288824
82.0 44.0 0.28821801699328214
82.0 46.0 0.29673635862130193
82.0 48.0 0.3560632160116171
82.0 50.0 0.37574063034687666
82.0 52.0 0.3240916154011196
82.0 54.0 0.21001156759168763
82.0 56.0 0.09065541283394214
82.0 58.0 0.016036408575011377
82.0 60.0 0.0
82.0 62.0 0.0
82.0 64.0 0.0
82.0 66.0 0.0
82.0 68.0 0.0
82.0 70.0 0.0
82.0 72.0 0.0
82.0 74.0 0.0
82.0 76.0 0.0
82.0 78.0 0.0
82.0 80.0 0.0
82.0 82.0 0.0
82.0 84.0 0.0
82.0 86.0 0.0
82.0 88.0 0.0
82.0 90.0 0.0
82.0 92.0 0.0
82.0 94.0 0.0
82.0 96.0 0.0
82.0 98.0 0.0
82.0 100.0 0.0
82.0 102.0 0.0
82.0 104.0 0.024589125934046368
82.0 106.0 0.12246977166603294
82.0 108.0 0.20731188582696483
82.0 110.0 0.2542086926847854
82.0 112.0 0.2729026847120018
82.0 114.0 0.3121696215077253
82.0 116.0 0.30899983166127504
82.0 118.0 0.2619296940599843
82.0 120.0 0.15208620100748205
82.0 122.0 0.004526638057572466
82.0 124.0 0.0
82.0 126.0 0.0
84.0 0.0 0.0
84.0 2.0 0.0
84.0 4.0 0.25322801324552435
84.0 6.0 0.39261261591955116
84.0 8.0 0.3450807938829092
84.0 10.0 0.2751469889421044
84.0 12.0 0.15750317126777857
84.0 14.0 0.021149375986782615
84.0 16.0 0.0
84.0 18.0 0.0
84.0 20.0 0.0
84.0 22.0 0.0
84.0 24.0 0.0
84.0 26.0 0.0
84.0 28.0 0.0
84.0 30.0 0.0
84.0 32.0 0.0
84.0 34.0 0.002403455352006124
84.0 36.0 0.06841292069158077
84.0 38.0 0.1522024680395673
84.0 40.0 0.19564462955613926
84.0 42.0 0.24137032855100227
84.0 44.0 0.28717002781101125
84.0 46.0 0.32087849916940103
84.0 48.0 0.4123010039757964
84.0 50.0 0.4110265887208011
84.0 52.0 0.35467422354203954
84.0 54.0 0.2371503630125883
84.0 56.0 0.1050304237245525
84.0 58.0 0.024050231925444383
84.0 60.0 0.0
84.0 62.0 0.0
84.0 64.0 0.0
84.0 66.0 0.0
84.0 68.0 0.0
84.0 70.0 0.0
84.0 72.0 0.0
84.0 74.0 0.0026485453377044477
84.0 76.0 1.3350256052394705E-4
84.0 78.0 0.0
84.0 80.0 0.0
84.0 82.0 0.0
84.0 84.0 0.0
84.0 86.0 0.0
84.0 88.0 0.0
84.0 90.0 0.0
84.0 92.0 0.0
84.0 94.0 0.0
84.0 96.0 0.0
84.0 98.0 0.0
84.0 100.0 0.0
84.0 102.0 0.0
84.0 104.0 0.004776049316006881
84.0 106.0 0.047237963581134294
84.0 108.0 0.14232760609166803
84.0 110.0 0.206316522918473
84.0 112.0 0.23443271628177512
84.0 114.0 0.2388751670186944
84.0 116.0 0.2707569224008763
84.0 118.0 0.24175353697614188
84.0 120.0 0.1666289455737141
84.0 122.0 0.027651163609842228
84.0 124.0 0.0
84.0 126.0 0.0
86.0 0.0 0.0
86.0 2.0 0.0
86.0 4.0 0.0
86.0 6.0 0.3460394897186221
86.0 8.0 0.30444681463292933
86.0 10.0 0.23770489699743158
86.0 12.0 0.1473263602505333
86.0 14.0 0.037856444712993105
86.0 16.0 0.0
86.0 18.0 0.0
86.0 20.0 0.0
86.0 22.0 0.0
86.0 24.0 0.0
86.0 26.0 0.0
86.0 28.0 0.0
86.0 30.0 0.0
86.0 32.0 0.0
86.0 34.0 0.0043329595402065236
86.0 36.0 0.06932554241917017
86.0 38.0 0.16735516337964576
86.0 40.0 0.24018833702844597
86.0 42.0 0.2928605997462819
86.0 44.0 0.31433825340730487
86.0 46.0 0.3332800077791902
86.0 48.0 0.4432736415740795
86.0 50.0 0.4238831680406996
86.0 52.0 0.3539555281674715
86.0 54.0 0.24188443714156624
86.0 56.0 0.1104242085463274
86.0 58.0 0.02144150579012835
86.0 60.0 0.0
86.0 62.0 0.0
86.0 64.0 0.0
86.0 66.0 0.0
86.0 68.0 0.0
86.0 70.0 0.0
86.0 72.0 0.0
86.0 74.0 0.0
86.0 76.0 2.0572625025611936E-4
86.0 78.0 0.0
86.0 80.0 0.0
86.0 82.0 0.0
86.0 84.0 0.0
86.0 86.0 0.0
86.0 88.0 0.0
86.0 90.0 0.0
86.0 92.0 0.0
86.0 94.0 0.0
86.0 96.0 0.0
86.0 98.0 0.0
86.0 100.0 0.0
86.0 102.0 0.0
86.0 104.0 0.0
86.0 106.0 0.005433209894041446
86.0 108.0 0.04417275296573603
86.0 110.0 0.1404671360685558
86.0 112.0 0.18970663329781878
86.0 114.0 0.20648229525897852
86.0 116.0 0.23506535406005666
86.0 118.0 0.2275096005362812
86.0 120.0 0.19319409576375488
86.0 122.0 0.09769491776980521
86.0 124.0 0.0
86.0 126.0 0.0
88.0 0.0 0.0
88.0 2.0 0.0
88.0 4.0 0.0
88.0 6.0 0.3206551490613813
88.0 8.0 0.2357579270538437
88.0 10.0 0.17643192247743303
88.0 12.0 0.10637859337615173
88.0 14.0 0.023545130572705224
88.0 16.0 0.0
88.0 18.0 0.0
88.0 20.0 0.0
88.0 22.0 0.0
88.0 24.0 0.0
88.0 26.0 0.0
88.0 28.0 0.0
88.0 30.0 0.0
88.0 32.0 0.0
88.0 34.0 0.01494767113157934
88.0 36.0 0.10234344696926578
88.0 38.0 0.19416553756310043
88.0 40.0 0.24938155574193419
88.0 42.0 0.268972934381705
88.0 44.0 0.310568820469766
88.0 46.0 0.3964242361864101
88.0 48.0 0.4175121812157669
88.0 50.0 0.3862914279404255
88.0 52.0 0.3362513958988789
88.0 54.0 0.22719307064866276
88.0 56.0 0.09955321114989457
88.0 58.0 0.017901634500671965
88.0 60.0 0.0
88.0 62.0 0.0
88.0 64.0 0.0
88.0 66.0 0.0
88.0 68.0 0.0
88.0 70.0 0.0
88.0 72.0 0.0
88.0 74.0 6.836937248084831E-4
88.0 76.0 0.008233987531488777
88.0 78.0 0.009765522094366747
88.0 80.0 0.004564315941369605
88.0 82.0 0.0
88.0 84.0 0.0
88.0 86.0 0.0
88.0 88.0 0.0
88.0 90.0 0.0
88.0 92.0 0.0
88.0 94.0 0.0
88.0 96.0 0.0
88.0 98.0 0.0
88.0 100.0 0.0
88.0 102.0 0.0
88.0 104.0 0.0
88.0 106.0 0.0
88.0 108.0 0.008022961038275826
88.0 110.0 0.052558681794267974
88.0 112.0 0.12369458696257257
88.0 114.0 0.1650588924974394
88.0 116.0 0.20106810926302696
88.0 118.0 0.19696986996483654
88.0 120.0 0.22937846273180615
88.0 122.0 0.2143579164230944
88.0 124.0 0.0
88.0 126.0 0.0
90.0 0.0 0.0
90.0 2.0 0.0
90.0 4.0 0.0
90.0 6.0 0.25462091935367687
90.0 8.0 0.16299392577893765
90.0 10.0 0.11031201914936188
90.0 12.0 0.05443848150590586
90.0 14.0 0.006186954557517489
90.0 16.0 0.0
90.0 18.0 0.0
90.0 20.0 0.0
90.0 22.0 0.0
90.0 24.0 0.0
90.0 26.0 0.0
90.0 28.0 0.0
90.0 30.0 0.0
90.0 32.0 0.002200998150264585
90.0 34.0 0.030374495480927095
90.0 36.0 0.11428892390777896
90.0 38.0 0.1934173367139703
90.0 40.0 0.26844836099593017
90.0 42.0 0.32585235885594405
90.0 44.0 0.35708023084784263
90.0 46.0 0.3596104462490433
90.0 48.0 0.35523041964394303
90.0 50.0 0.3216100253896119
90.0 52.0 0.25727403648842856
90.0 54.0 0.17007322980383466
90.0 56.0 0.07631916158950859
90.0 58.0 0.010395823458869984
90.0 60.0 0.0
90.0 62.0 0.0
90.0 64.0 0.0
90.0 66.0 0.0
90.0 68.0 0.0
90.0 70.0 0.0
90.0 72.0 0.0
90.0 74.0 0.0
90.0 76.0 0.01484544014852883
90.0 78.0 0.033466101591678385
90.0 80.0 0.036614139294356716
90.0 82.0 0.0
90.0 84.0 0.0
90.0 86.0 0.0
90.0 88.0 0.0
90.0 90.0 0.0
90.0 92.0 0.0
90.0 94.0 0.0
90.0 96.0 0.0
90.0 98.0 0.0
90.0 100.0 0.0
90.0 102.0 0.0
90.0 104.0 0.0
90.0 106.0 0.0
90.0 108.0 0.0
90.0 110.0 0.008114193731455563
90.0 112.0 0.04665136614954373
90.0 114.0 0.11115466340417572
90.0 116.0 0.15646691266436216
90.0 118.0 0.21329260924695706
90.0 120.0 0.250055335349623
90.0 122.0 0.0
90.0 124.0 0.0
90.0 126.0 0.0
92.0 0.0 0.0
92.0 2.0 0.0
92.0 4.0 0.0
92.0 6.0 0.0
92.0 8.0 0.1251737901178722
92.0 10.0 0.0666605611283837
92.0 12.0 0.033085156509374894
92.0 14.0 0.004697448871574509
92.0 16.0 0.0
92.0 18.0 0.0
92.0 20.0 0.0
92.0 22.0 0.0
92.0 24.0 0.0
92.0 26.0 0.0
92.0 28.0 0.0
92.0 30.0 0.0
92.0 32.0 0.002101843821960785
92.0 34.0 0.025735649724205015
92.0 36.0 0.09903892621467025
92.0 38.0 0.16839637017049228
92.0 40.0 0.2432742953077642
92.0 42.0 0.3047168158782227
92.0 44.0 0.3382853684222378
92.0 46.0 0.3423771880972289
92.0 48.0 0.3231825403086904
92.0 50.0 0.278322407567566
92.0 52.0 0.20556854843130157
92.0 54.0 0.11762581964323553
92.0 56.0 0.03954079322938377
92.0 58.0 0.0
92.0 60.0 0.0
92.0 62.0 0.0
92.0 64.0 0.0
92.0 66.0 0.0
92.0 68.0 0.0
92.0 70.0 0.0
92.0 72.0 0.0
92.0 74.0 0.0
92.0 76.0 0.03434765864060567
92.0 78.0 0.07788590865998286
92.0 80.0 0.1014204582220699
92.0 82.0 0.06984263255477978
92.0 84.0 0.020402328668027662
92.0 86.0 0.0
92.0 88.0 0.0
92.0 90.0 0.0
92.0 92.0 0.0
92.0 94.0 0.0
92.0 96.0 0.0
92.0 98.0 0.0
92.0 100.0 0.0
92.0 102.0 0.0
92.0 104.0 0.0
92.0 106.0 0.0
92.0 108.0 0.0
92.0 110.0 0.0
92.0 112.0 0.009038503470956041
92.0 114.0 0.05223745510747141
92.0 116.0 0.12474435397433493
92.0 118.0 0.2022736213211497
92.0 120.0 0.2432262802689299
92.0 122.0 0.0
92.0 124.0 0.0
92.0 126.0 0.0
94.0 0.0 0.0
94.0 2.0 0.0
94.0 4.0 0.0
94.0 6.0 0.0
94.0 8.0 0.06120943699777114
94.0 10.0 0.007478519565728956
94.0 12.0 0.0014350898644562727
94.0 14.0 2.1714531795354456E-4
94.0 16.0 0.0
94.0 18.0 0.0
94.0 20.0 0.0
94.0 22.0 0.0
94.0 24.0 0.0
94.0 26.0 0.0
94.0 28.0 0.0
94.0 30.0 0.0
94.0 32.0 0.001689196120225525
94.0 34.0 0.020818536491978023
94.0 36.0 0.06896976784964089
94.0 38.0 0.1237737387128613
94.0 40.0 0.19390663253796672
94.0 42.0 0.2627434574512542
94.0 44.0 0.30401995996551595
94.0 46.0 0.3085640617402513
94.0 48.0 0.2731844121860604
94.0 50.0 0.20222173170849925
94.0 52.0 0.13980915724686985
94.0 54.0 0.07719226064836872
94.0 56.0 0.027338831750134993
94.0 58.0 0.0015769887479778275
94.0 60.0 0.0
94.0 62.0 0.0
94.0 64.0 0.0
94.0 66.0 0.0
94.0 68.0 0.0
94.0 70.0 0.0
94.0 72.0 0.0
94.0 74.0 0.0
94.0 76.0 0.055636122463375855
94.0 78.0 0.13039536522360504
94.0 80.0 0.17080053671564124
94.0 82.0 0.2109652239310359
94.0 84.0 0.1860348136889662
94.0 86.0 0.09796098673038987
94.0 88.0 0.002395272512110336
94.0 90.0 0.0
94.0 92.0 0.0
94.0 94.0 0.0
94.0 96.0 0.0
94.0 98.0 0.0
94.0 100.0 0.0
94.0 102.0 0.0
94.0 104.0 0.0
94.0 106.0 0.0
94.0 108.0 0.0
94.0 110.0 0.0
94.0 112.0 0.0
94.0 114.0 0.01989312851124279
94.0 116.0 0.09539799856962118
94.0 118.0 0.16655097591907717
94.0 120.0 0.0
94.0 122.0 0.0
94.0 124.0 0.0
94.0 126.0 0.0
96.0 0.0 0.0
96.0 2.0 0.0
96.0 4.0 0.0
96.0 6.0 0.0
96.0 8.0 0.0
96.0 10.0 0.03579337885076443
96.0 12.0 0.0
96.0 14.0 0.0
96.0 16.0 0.0
96.0 18.0 0.0
96.0 20.0 0.0
96.0 22.0 0.0
96.0 24.0 0.0
96.0 26.0 0.0
96.0 28.0 0.0
96.0 30.0 0.0
96.0 32.0 0.0027833293561560814
96.0 34.0 0.01882422159602935
96.0 36.0 0.04271717691907775
96.0 38.0 0.06609393892089967
96.0 40.0 0.10927823769644496
96.0 42.0 0.15491135117445812
96.0 44.0 0.1806517790006317
96.0 46.0 0.17785470030898576
96.0 48.0 0.14452872207097428
96.0 50.0 0.10152470864044777
96.0 52.0 0.0761960745827184
96.0 54.0 0.042373828609705184
96.0 56.0 0.017367583764172183
96.0 58.0 0.005040071870803389
96.0 60.0 8.489853713837077E-4
96.0 62.0 0.0
96.0 64.0 0.0
96.0 66.0 0.0
96.0 68.0 0.0
96.0 70.0 0.0
96.0 72.0 0.0
96.0 74.0 0.00993257800767854
96.0 76.0 0.08429207028192205
96.0 78.0 0.17682707029279174
96.0 80.0 0.23969700154785556
96.0 82.0 0.26400616801937327
96.0 84.0 0.30533456930840397
96.0 86.0 0.2680578461934872
96.0 88.0 0.17073167267696135
96.0 90.0 0.046034850947635986
96.0 92.0 0.0
96.0 94.0 0.0
96.0 96.0 0.0
96.0 98.0 0.0
96.0 100.0 0.0
96.0 102.0 0.0
96.0 104.0 0.0
96.0 106.0 0.0
96.0 108.0 0.0
96.0 110.0 0.0
96.0 112.0 0.0
96.0 114.0 0.004750962848625094
96.0 116.0 0.04528310135217695
96.0 118.0 0.13292718254094202
96.0 120.0 0.0
96.0 122.0 0.0
96.0 124.0 0.0
96.0 126.0 0.0
98.0 0.0 0.0
98.0 2.0 0.0
98.0 4.0 0.0
98.0 6.0 0.0
98.0 8.0 0.0
98.0 10.0 0.0
98.0 12.0 0.02651969742156989
98.0 14.0 0.0
98.0 16.0 0.0
98.0 18.0 0.0
98.0 20.0 0.0
98.0 22.0 0.0
98.0 24.0 0.0
98.0 26.0 0.0
98.0 28.0 0.0
98.0 30.0 0.0
98.0 32.0 0.001665521003624067
98.0 34.0 0.013059565276699417
98.0 36.0 0.02461403009110449
98.0 38.0 0.025731324901489636
98.0 40.0 0.035233527105602964
98.0 42.0 0.04405377157596013
98.0 44.0 0.04677936379422389
98.0 46.0 0.04066274907450513
98.0 48.0 0.029600112597689843
98.0 50.0 0.029437330300661136
98.0 52.0 0.024298812626368137
98.0 54.0 0.016499742766608424
98.0 56.0 0.009525715918748246
98.0 58.0 0.003664636413403951
98.0 60.0 8.590586551313409E-4
98.0 62.0 0.0
98.0 64.0 0.0
98.0 66.0 0.0
98.0 68.0 0.0
98.0 70.0 0.0011294084881981416
98.0 72.0 0.005971812606830336
98.0 74.0 0.041012787817082424
98.0 76.0 0.1516593407971762
98.0 78.0 0.26043138593605025
98.0 80.0 0.3035550649311522
98.0 82.0 0.33370752456571234
98.0 84.0 0.3356965347436646
98.0 86.0 0.3568594693151377
98.0 88.0 0.281373630355032
98.0 90.0 0.16373313239419118
98.0 92.0 0.019662879566320863
98.0 94.0 0.0
98.0 96.0 0.0
98.0 98.0 0.0
98.0 100.0 0.0
98.0 102.0 0.0
98.0 104.0 0.0
98.0 106.0 0.0
98.0 108.0 0.0
98.0 110.0 0.0
98.0 112.0 0.0
98.0 114.0 0.0
98.0 116.0 0.007417757573142063
98.0 118.0 0.0
98.0 120.0 0.0
98.0 122.0 0.0
98.0 124.0 0.0
98.0 126.0 0.0
100.0 0.0 0.0
100.0 2.0 0.0
100.0 4.0 0.0
100.0 6.0 0.0
100.0 8.0 0.0
100.0 10.0 0.0
100.0 12.0 0.00449813397250705
100.0 14.0 0.0
100.0 16.0 0.0
100.0 18.0 0.0
100.0 20.0 0.0
100.0 22.0 0.0
100.0 24.0 0.0
100.0 26.0 0.0
100.0 28.0 0.0
100.0 30.0 0.0
100.0 32.0 0.001276853454308793
100.0 34.0 0.006206645593609856
100.0 36.0 0.007998510643641299
100.0 38.0 0.00407808288150615
100.0 40.0 5.981629687195793E-4
100.0 42.0 2.83480680230616E-4
100.0 44.0 0.0
100.0 46.0 0.0
100.0 48.0 0.0
100.0 50.0 0.005030614018776914
100.0 52.0 0.007659492851561692
100.0 54.0 0.0076790975286949005
100.0 56.0 0.0054609447992906845
100.0 58.0 0.0023056441627206823
100.0 60.0 4.194030490414112E-4
100.0 62.0 0.0
100.0 64.0 0.0
100.0 66.0 0.0010062958446464183
100.0 68.0 0.006029466045374747
100.0 70.0 0.02138593096756547
100.0 72.0 0.03920069721529353
100.0 74.0 0.098860491951603
100.0 76.0 0.21349010168345947
100.0 78.0 0.33590804801929347
100.0 80.0 0.34876746883011683
100.0 82.0 0.3728750065966196
100.0 84.0 0.37684293428632204
100.0 86.0 0.3527025381959905
100.0 88.0 0.3910212665640267
100.0 90.0 0.26095000184097306
100.0 92.0 0.09567832748507343
100.0 94.0 0.0
100.0 96.0 0.0
100.0 98.0 0.0
100.0 100.0 0.0
100.0 102.0 0.0
100.0 104.0 0.0
100.0 106.0 0.0
100.0 108.0 0.0
100.0 110.0 0.0
100.0 112.0 0.0
100.0 114.0 0.0
100.0 116.0 0.0
100.0 118.0 0.0
100.0 120.0 0.0
100.0 122.0 0.0
100.0 124.0 0.0
100.0 126.0 0.0
102.0 0.0 0.0
102.0 2.0 0.0
102.0 4.0 0.0
102.0 6.0 0.0
102.0 8.0 0.0
102.0 10.0 0.0
102.0 12.0 0.0
102.0 14.0 0.0
102.0 16.0 0.0
102.0 18.0 0.0
102.0 20.0 0.0
102.0 22.0 0.0
102.0 24.0 0.0
102.0 26.0 0.0
102.0 28.0 0.0
102.0 30.0 0.0
102.0 32.0 0.0016637335281425895
102.0 34.0 0.009610539942492958
102.0 36.0 0.005819763784755467
102.0 38.0 0.0
102.0 40.0 0.0
102.0 42.0 0.0
102.0 44.0 0.0
102.0 46.0 0.0
102.0 48.0 0.0
102.0 50.0 0.0
102.0 52.0 4.814831843567664E-4
102.0 54.0 0.0023916643388807368
102.0 56.0 0.004037262782756521
102.0 58.0 0.0045321036970732516
102.0 60.0 0.004759740772695856
102.0 62.0 0.005089571685579757
102.0 64.0 0.0062014545287415275
102.0 66.0 0.009432100627025099
102.0 68.0 0.01842539351772236
102.0 70.0 0.03767226489239755
102.0 72.0 0.07186713248314032
102.0 74.0 0.1414423416830017
102.0 76.0 0.2481210481474222
102.0 78.0 0.3664282070557687
102.0 80.0 0.3877275950957407
102.0 82.0 0.38615024830862144
102.0 84.0 0.39521502927857854
102.0 86.0 0.3773022865393671
102.0 88.0 0.4181308069812493
102.0 90.0 0.3300975100771896
102.0 92.0 0.17666691397184706
102.0 94.0 0.02182232231156558
102.0 96.0 0.0
102.0 98.0 0.0
102.0 100.0 0.0
102.0 102.0 0.0
102.0 104.0 0.0
102.0 106.0 0.0
102.0 108.0 0.0
102.0 110.0 0.0
102.0 112.0 0.0
102.0 114.0 0.0
102.0 116.0 0.0
102.0 118.0 0.0
102.0 120.0 0.0
102.0 122.0 0.0
102.0 124.0 0.0
102.0 126.0 0.0
104.0 0.0 0.0
104.0 2.0 0.0
104.0 4.0 0.0
104.0 6.0 0.0
104.0 8.0 0.0
104.0 10.0 0.0
104.0 12.0 0.0
104.0 14.0 0.0
104.0 16.0 0.0
104.0 18.0 0.0
104.0 20.0 0.0
104.0 22.0 0.0
104.0 24.0 0.0
104.0 26.0 0.0
104.0 28.0 0.0
104.0 30.0 0.0016559323461212592
104.0 32.0 0.013517587121098662
104.0 34.0 0.01575254732024266
104.0 36.0 0.0037490334275654086
104.0 38.0 0.0
104.0 40.0 0.0
104.0 42.0 0.0
104.0 44.0 0.0
104.0 46.0 0.0
104.0 48.0 0.0
104.0 50.0 0.0
104.0 52.0 0.0
104.0 54.0 0.0
104.0 56.0 0.0016860049798856453
104.0 58.0 0.005441241577096911
104.0 60.0 0.01030941688944234
104.0 62.0 0.006805739371874877
104.0 64.0 0.003612320709447507
104.0 66.0 0.008157995945383337
104.0 68.0 0.030040803139963962
104.0 70.0 0.058617146595508235
104.0 72.0 0.09855172989124511
104.0 74.0 0.16105197381636724
104.0 76.0 0.26846583844853766
104.0 78.0 0.37786166827635664
104.0 80.0 0.41425948229975335
104.0 82.0 0.38303239062444233
104.0 84.0 0.39799685714032224
104.0 86.0 0.38455876470831196
104.0 88.0 0.44334627756324285
104.0 90.0 0.3798587956321818
104.0 92.0 0.25509822057911863
104.0 94.0 0.06803352103618526
104.0 96.0 0.0
104.0 98.0 0.0
104.0 100.0 0.0
104.0 102.0 0.0
104.0 104.0 0.0
104.0 106.0 0.0
104.0 108.0 0.0
104.0 110.0 0.0
104.0 112.0 0.0
104.0 114.0 0.0
104.0 116.0 0.0
104.0 118.0 0.0
104.0 120.0 0.0
104.0 122.0 0.0
104.0 124.0 0.0
104.0 126.0 0.0
106.0 0.0 0.0
106.0 2.0 0.0
106.0 4.0 0.0
106.0 6.0 0.0
106.0 8.0 0.0
106.0 10.0 0.0
106.0 12.0 0.0
106.0 14.0 0.0
106.0 16.0 0.0
106.0 18.0 0.0
106.0 20.0 0.0
106.0 22.0 0.0
106.0 24.0 0.0
106.0 26.0 0.002217085793919892
106.0 28.0 0.008065728884174023
106.0 30.0 0.03228099427167618
106.0 32.0 0.07089799911363918
106.0 34.0 0.049860346183465444
106.0 36.0 0.006427625638282585
106.0 38.0 0.0
106.0 40.0 0.0
106.0 42.0 0.0
106.0 44.0 0.0
106.0 46.0 0.0
106.0 48.0 0.0
106.0 50.0 0.0
106.0 52.0 0.0
106.0 54.0 0.0
106.0 56.0 9.62793792780333E-4
106.0 58.0 0.0061674501620836595
106.0 60.0 0.01587520538466762
106.0 62.0 0.012857108884800005
106.0 64.0 0.008320181734908906
106.0 66.0 0.013011456464378455
106.0 68.0 0.024977947189880122
106.0 70.0 0.06538185770993128
106.0 72.0 0.11085091909806837
106.0 74.0 0.16896343542252876
106.0 76.0 0.25962393492581387
106.0 78.0 0.3617082972037869
106.0 80.0 0.4351100560704004
106.0 82.0 0.3808725662944561
106.0 84.0 0.40599057827078217
106.0 86.0 0.3963740276090224
106.0 88.0 0.4409610536779651
106.0 90.0 0.41051595171009053
106.0 92.0 0.3194662313209705
106.0 94.0 0.11725611943725406
106.0 96.0 0.0
106.0 98.0 0.0
106.0 100.0 0.0
106.0 102.0 0.0
106.0 104.0 0.0
106.0 106.0 0.0
106.0 108.0 0.0
106.0 110.0 0.0
106.0 112.0 0.0
106.0 114.0 0.0
106.0 116.0 0.0
106.0 118.0 0.0
106.0 120.0 0.0
106.0 122.0 0.0
106.0 124.0 0.0
106.0 126.0 0.0
108.0 0.0 0.0
108.0 2.0 0.0
108.0 4.0 0.0
108.0 6.0 0.0
108.0 8.0 0.0
108.0 10.0 0.0
108.0 12.0 0.0
108.0 14.0 0.0
108.0 16.0 0.0
108.0 18.0 0.0
108.0 20.0 0.0
108.0 22.0 0.0
108.0 24.0 0.0
108.0 26.0 0.04331042803169066
108.0 28.0 0.11522713820089621
108.0 30.0 0.18119956983902197
108.0 32.0 0.18605993398365175
108.0 34.0 0.1421473918474504
108.0 36.0 0.046821178216212546
108.0 38.0 0.0
108.0 40.0 0.0
108.0 42.0 0.0
108.0 44.0 0.0
108.0 46.0 0.0
108.0 48.0 0.0
108.0 50.0 0.0
108.0 52.0 0.0
108.0 54.0 0.0
108.0 56.0 3.1044440892753154E-4
108.0 58.0 0.0057328145183791175
108.0 60.0 0.019148270067216214
108.0 62.0 0.016001750954004714
108.0 64.0 0.011429627120216798
108.0 66.0 0.013562660159737222
108.0 68.0 0.018610480569687803
108.0 70.0 0.051305177448619975
108.0 72.0 0.09776784775161533
108.0 74.0 0.15632976662290438
108.0 76.0 0.22502913931336213
108.0 78.0 0.330326846890065
108.0 80.0 0.42235516501766196
108.0 82.0 0.3959540357980502
108.0 84.0 0.41047632151950747
108.0 86.0 0.40613103328200256
108.0 88.0 0.4272825469542945
108.0 90.0 0.44271704843729864
108.0 92.0 0.3564400514333266
108.0 94.0 0.16584194238555477
108.0 96.0 0.0
108.0 98.0 0.0
108.0 100.0 0.0
108.0 102.0 0.0
108.0 104.0 0.0
108.0 106.0 0.0
108.0 108.0 0.0
108.0 110.0 0.0
108.0 112.0 0.0
108.0 114.0 0.0
108.0 116.0 0.0
108.0 118.0 0.0
108.0 120.0 0.0
108.0 122.0 0.0
108.0 124.0 0.0
108.0 126.0 0.0
110.0 0.0 0.0
110.0 2.0 0.0
110.0 4.0 0.0
110.0 6.0 0.0
110.0 8.0 0.0
110.0 10.0 0.0
110.0 12.0 0.0
110.0 14.0 0.0
110.0 16.0 0.0
110.0 18.0 0.0
110.0 20.0 0.0
110.0 22.0 0.0
110.0 24.0 0.0
110.0 26.0 0.13438342990808774
110.0 28.0 0.2547640763371191
110.0 30.0 0.3225686955105784
110.0 32.0 0.3363908266674272
110.0 34.0 0.2721827861975226
110.0 36.0 0.16846477241489943
110.0 38.0 0.0
110.0 40.0 0.0
110.0 42.0 0.0
110.0 44.0 0.0
110.0 46.0 0.0
110.0 48.0 0.0
110.0 50.0 0.0
110.0 52.0 0.0
110.0 54.0 0.0
110.0 56.0 0.0
110.0 58.0 0.003468101989149224
110.0 60.0 0.016291308123688068
110.0 62.0 0.01672274877450877
110.0 64.0 0.013162725057735762
110.0 66.0 0.0034594839054031268
110.0 68.0 0.006205650181287072
110.0 70.0 0.036700528723499555
110.0 72.0 0.07871963484163623
110.0 74.0 0.12456561426807365
110.0 76.0 0.17581110690776272
110.0 78.0 0.2766007065912961
110.0 80.0 0.3842421308852735
110.0 82.0 0.40440042479580307
110.0 84.0 0.39720530775185003
110.0 86.0 0.40134939576142464
110.0 88.0 0.4141795873987628
110.0 90.0 0.44587987926430134
110.0 92.0 0.380939105659746
110.0 94.0 0.21204546938905944
110.0 96.0 0.0063642848316582505
110.0 98.0 0.0
110.0 100.0 0.0
110.0 102.0 0.0
110.0 104.0 0.0
110.0 106.0 0.0
110.0 108.0 0.0
110.0 110.0 0.0
110.0 112.0 0.0
110.0 114.0 0.0
110.0 116.0 0.0
110.0 118.0 0.0
110.0 120.0 0.0
110.0 122.0 0.0
110.0 124.0 0.0
110.0 126.0 0.0
112.0 0.0 0.0
112.0 2.0 0.0
112.0 4.0 0.0
112.0 6.0 0.0
112.0 8.0 0.0
112.0 10.0 0.0
112.0 12.0 0.0
112.0 14.0 0.0
112.0 16.0 0.0
112.0 18.0 0.0
112.0 20.0 0.0
112.0 22.0 0.0
112.0 24.0 0.0
112.0 26.0 0.12231681375429544
112.0 28.0 0.306070708335988
112.0 30.0 0.4077949003030443
112.0 32.0 0.43722677837737073
112.0 34.0 0.3898861513276235
112.0 36.0 0.26089285335684936
112.0 38.0 0.05865385381566224
112.0 40.0 0.0
112.0 42.0 0.0
112.0 44.0 0.0
112.0 46.0 0.0
112.0 48.0 0.0
112.0 50.0 0.0
112.0 52.0 0.0
112.0 54.0 0.0
112.0 56.0 0.0
112.0 58.0 6.152031948422576E-4
112.0 60.0 0.0079650671063268
112.0 62.0 0.01462598141710464
112.0 64.0 0.010439358771767373
112.0 66.0 0.0015162077192559834
112.0 68.0 0.0
112.0 70.0 0.01223604008752732
112.0 72.0 0.050248301315914255
112.0 74.0 0.08328217410836773
112.0 76.0 0.10988839804680035
112.0 78.0 0.18845075830219227
112.0 80.0 0.3232930183861964
112.0 82.0 0.39008079467493334
112.0 84.0 0.39344098536451116
112.0 86.0 0.398839749791464
112.0 88.0 0.38642311937531004
112.0 90.0 0.4226068953608755
112.0 92.0 0.4063068304694623
112.0 94.0 0.2532884806356329
112.0 96.0 0.02461444518624471
112.0 98.0 0.0
112.0 100.0 0.0
112.0 102.0 0.0
112.0 104.0 0.0
112.0 106.0 0.0
112.0 108.0 0.0
112.0 110.0 0.0
112.0 112.0 0.0
112.0 114.0 0.0
112.0 116.0 0.0
112.0 118.0 0.0
112.0 120.0 0.0
112.0 122.0 0.0
112.0 124.0 0.0
112.0 126.0 0.0
114.0 0.0 0.0
114.0 2.0 0.0
114.0 4.0 0.0
114.0 6.0 0.0
114.0 8.0 0.0
114.0 10.0 0.0
114.0 12.0 0.0
114.0 14.0 0.0
114.0 16.0 0.0
114.0 18.0 0.0
114.0 20.0 0.0
114.0 22.0 0.0
114.0 24.0 0.0
114.0 26.0 0.038198329816828615
114.0 28.0 0.3048302309897115
114.0 30.0 0.42112810244993065
114.0 32.0 0.468952726724464
114.0 34.0 0.4482033627297924
114.0 36.0 0.34815253837900867
114.0 38.0 0.1371319916937008
114.0 40.0 0.0
114.0 42.0 0.0
114.0 44.0 0.0
114.0 46.0 0.0
114.0 48.0 0.0
114.0 50.0 0.0
114.0 52.0 0.0
114.0 54.0 0.0
114.0 56.0 0.0
114.0 58.0 0.0
114.0 60.0 0.0
114.0 62.0 0.004242673823825296
114.0 64.0 0.005178833051760037
114.0 66.0 0.0
114.0 68.0 0.0
114.0 70.0 0.0
114.0 72.0 0.008444414853374759
114.0 74.0 0.03087877565033938
114.0 76.0 0.038971747914156654
114.0 78.0 0.08180572953834508
114.0 80.0 0.2157093093715828
114.0 82.0 0.33191939944317406
114.0 84.0 0.36673736466130397
114.0 86.0 0.3836713461351677
114.0 88.0 0.3789203236824185
114.0 90.0 0.3960183108838466
114.0 92.0 0.4085355709896304
114.0 94.0 0.2921622824709441
114.0 96.0 0.06054487402370806
114.0 98.0 0.0
114.0 100.0 0.0
114.0 102.0 0.0
114.0 104.0 0.0
114.0 106.0 0.0
114.0 108.0 0.0
114.0 110.0 0.0
114.0 112.0 0.0
114.0 114.0 0.0
114.0 116.0 0.0
114.0 118.0 0.0
114.0 120.0 0.0
114.0 122.0 0.0
114.0 124.0 0.0
114.0 126.0 0.0
116.0 0.0 0.0
116.0 2.0 0.0
116.0 4.0 0.0
116.0 6.0 0.0
116.0 8.0 0.0
116.0 10.0 0.0
116.0 12.0 0.0
116.0 14.0 0.0
116.0 16.0 0.0
116.0 18.0 0.0
116.0 20.0 0.0
116.0 22.0 0.0
116.0 24.0 0.0
116.0 26.0 0.0
116.0 28.0 0.20188131782843965
116.0 30.0 0.4247071161924065
116.0 32.0 0.4704774270750198
116.0 34.0 0.4718487339158674
116.0 36.0 0.42963123721000746
116.0 38.0 0.21792122705345782
116.0 40.0 0.009043914573658296
116.0 42.0 0.0
116.0 44.0 0.0
116.0 46.0 0.0
116.0 48.0 0.0
116.0 50.0 0.0
116.0 52.0 0.0
116.0 54.0 0.0
116.0 56.0 0.0
116.0 58.0 0.0
116.0 60.0 0.0
116.0 62.0 0.0
116.0 64.0 0.0
116.0 66.0 0.0
116.0 68.0 0.0
116.0 70.0 0.0
116.0 72.0 0.0
116.0 74.0 0.0
116.0 76.0 0.005658711663181271
116.0 78.0 0.013371906376338548
116.0 80.0 0.0794709756074105
116.0 82.0 0.23323646408887366
116.0 84.0 0.3253896772988046
116.0 86.0 0.35341109452620273
116.0 88.0 0.358280507625506
116.0 90.0 0.3716702674920107
116.0 92.0 0.38914212814012633
116.0 94.0 0.30820214868055523
116.0 96.0 0.10062231769022294
116.0 98.0 0.0
116.0 100.0 0.0
116.0 102.0 0.0
116.0 104.0 0.0
116.0 106.0 0.0
116.0 108.0 0.0
116.0 110.0 0.0
116.0 112.0 0.0
116.0 114.0 0.0
116.0 116.0 0.0
116.0 118.0 0.0
116.0 120.0 0.0
116.0 122.0 0.0
116.0 124.0 0.0
116.0 126.0 0.0
118.0 0.0 0.0
118.0 2.0 0.0
118.0 4.0 0.0
118.0 6.0 0.0
118.0 8.0 0.0
118.0 10.0 0.0
118.0 12.0 0.0
118.0 14.0 0.0
118.0 16.0 0.0
118.0 18.0 0.0
118.0 20.0 0.0
118.0 22.0 0.0
118.0 24.0 0.0
118.0 26.0 0.0
118.0 28.0 0.0
118.0 30.0 0.0
118.0 32.0 0.4657339896726591
118.0 34.0 0.5846687212676126
118.0 36.0 0.5312996993181646
118.0 38.0 0.37006828659053514
118.0 40.0 0.11732476226007521
118.0 42.0 0.0
118.0 44.0 0.0
118.0 46.0 0.0
118.0 48.0 0.0
118.0 50.0 0.0
118.0 52.0 0.0
118.0 54.0 0.0
118.0 56.0 0.0
118.0 58.0 0.0
118.0 60.0 0.0
118.0 62.0 0.0
118.0 64.0 0.0
118.0 66.0 0.0
118.0 68.0 0.0
118.0 70.0 0.0
118.0 72.0 0.0
118.0 74.0 0.0
118.0 76.0 0.0
118.0 78.0 0.0
118.0 80.0 0.009302510896431958
118.0 82.0 0.11925745888205275
118.0 84.0 0.26074730259836326
118.0 86.0 0.31629185260146137
118.0 88.0 0.3316295651720123
118.0 90.0 0.34462366607842343
118.0 92.0 0.35662961428197176
118.0 94.0 0.3016292489982826
118.0 96.0 0.12903946022704285
118.0 98.0 0.0
118.0 100.0 0.0
118.0 102.0 0.0
118.0 104.0 0.0
118.0 106.0 0.0
118.0 108.0 0.0
118.0 110.0 0.0
118.0 112.0 0.0
118.0 114.0 0.0
118.0 116.0 0.0
118.0 118.0 0.0
118.0 120.0 0.0
118.0 122.0 0.0
118.0 124.0 0.0
118.0 126.0 0.0
120.0 0.0 0.0
120.0 2.0 0.0
120.0 4.0 0.0
120.0 6.0 0.0
120.0 8.0 0.0
120.0 10.0 0.0
120.0 12.0 0.0
120.0 14.0 0.0
120.0 16.0 0.0
120.0 18.0 0.0
120.0 20.0 0.0
120.0 22.0 0.0
120.0 24.0 0.0
120.0 26.0 0.0
120.0 28.0 0.0
120.0 30.0 0.0
120.0 32.0 0.0
120.0 34.0 0.0
120.0 36.0 0.5715772296243009
120.0 38.0 0.6332441574140766
120.0 40.0 0.3831725234698719
120.0 42.0 0.10888070821511914
120.0 44.0 0.0
120.0 46.0 0.0
120.0 48.0 0.0
120.0 50.0 0.0
120.0 52.0 0.0
120.0 54.0 0.0
120.0 56.0 0.0
120.0 58.0 0.0
120.0 60.0 0.0
120.0 62.0 0.0
120.0 64.0 0.0
120.0 66.0 0.0
120.0 68.0 0.0
120.0 70.0 0.0
120.0 72.0 0.0
120.0 74.0 0.0
120.0 76.0 0.0
120.0 78.0 0.0
120.0 80.0 0.0
120.0 82.0 0.034995358426573635
120.0 84.0 0.17719168411608166
120.0 86.0 0.26809335956103236
120.0 88.0 0.29930810064392416
120.0 90.0 0.30143690379478444
120.0 92.0 0.31488593653508484
120.0 94.0 0.0
120.0 96.0 0.0
120.0 98.0 0.0
120.0 100.0 0.0
120.0 102.0 0.0
120.0 104.0 0.0
120.0 106.0 0.0
120.0 108.0 0.0
120.0 110.0 0.0
120.0 112.0 0.0
120.0 114.0 0.0
120.0 116.0 0.0
120.0 118.0 0.0
120.0 120.0 0.0
120.0 122.0 0.0
120.0 124.0 0.0
120.0 126.0 0.0
122.0 0.0 0.0
122.0 2.0 0.0
122.0 4.0 0.0
122.0 6.0 0.0
122.0 8.0 0.0
122.0 10.0 0.0
122.0 12.0 0.0
122.0 14.0 0.0
122.0 16.0 0.0
122.0 18.0 0.0
122.0 20.0 0.0
122.0 22.0 0.0
122.0 24.0 0.0
122.0 26.0 0.0
122.0 28.0 0.0
122.0 30.0 0.0
122.0 32.0 0.0
122.0 34.0 0.0
122.0 36.0 0.0
122.0 38.0 0.0
122.0 40.0 0.48129764852808216
122.0 42.0 0.32319705701720647
122.0 44.0 0.15263014555279006
122.0 46.0 0.026386228098549527
122.0 48.0 0.0
122.0 50.0 0.0
122.0 52.0 0.0
122.0 54.0 0.0
122.0 56.0 0.0
122.0 58.0 0.0
122.0 60.0 0.0
122.0 62.0 0.0
122.0 64.0 0.0
122.0 66.0 0.0
122.0 68.0 0.0
122.0 70.0 0.0
122.0 72.0 0.0
122.0 74.0 0.0
122.0 76.0 0.0
122.0 78.0 0.0
122.0 80.0 0.0
122.0 82.0 0.00817325947509803
122.0 84.0 0.10425053166364656
122.0 86.0 0.20926693180582437
122.0 88.0 0.2559164359724349
122.0 90.0 0.0
122.0 92.0 0.0
122.0 94.0 0.0
122.0 96.0 0.0
122.0 98.0 0.0
122.0 100.0 0.0
122.0 102.0 0.0
122.0 104.0 0.0
122.0 106.0 0.0
122.0 108.0 0.0
122.0 110.0 0.0
122.0 112.0 0.0
122.0 114.0 0.0
122.0 116.0 0.0
122.0 118.0 0.0
122.0 120.0 0.0
122.0 122.0 0.0
122.0 124.0 0.0
122.0 126.0 0.0
124.0 0.0 0.0
124.0 2.0 0.0
124.0 4.0 0.0
124.0 6.0 0.0
124.0 8.0 0.0
124.0 10.0 0.0
124.0 12.0 0.0
124.0 14.0 0.0
124.0 16.0 0.0
124.0 18.0 0.0
124.0 20.0 0.0
124.0 22.0 0.0
124.0 24.0 0.0
124.0 26.0 0.0
124.0 28.0 0.0
124.0 30.0 0.0
124.0 32.0 0.0
124.0 34.0 0.0
124.0 36.0 0.0
124.0 38.0 0.0
124.0 40.0 0.0
124.0 42.0 0.0
124.0 44.0 0.0
124.0 46.0 0.2394877556803309
124.0 48.0 0.15497192876485125
124.0 50.0 0.11668644616078276
124.0 52.0 0.08968258769375109
124.0 54.0 0.05840180049240973
124.0 56.0 0.023930244964972588
124.0 58.0 0.0
124.0 60.0 0.0
124.0 62.0 0.0
124.0 64.0 0.0
124.0 66.0 0.0
124.0 68.0 0.0
124.0 70.0 0.0
124.0 72.0 0.0
124.0 74.0 0.0
124.0 76.0 0.0
124.0 78.0 0.0
124.0 80.0 0.0
124.0 82.0 0.0
124.0 84.0 0.0
124.0 86.0 0.0
124.0 88.0 0.0
124.0 90.0 0.0
124.0 92.0 0.0
124.0 94.0 0.0
124.0 96.0 0.0
124.0 98.0 0.0
124.0 100.0 0.0
124.0 102.0 0.0
124.0 104.0 0.0
124.0 106.0 0.0
124.0 108.0 0.0
124.0 110.0 0.0
124.0 112.0 0.0
124.0 114.0 0.0
124.0 116.0 0.0
124.0 118.0 0.0
124.0 120.0 0.0
124.0 122.0 0.0
124.0 124.0 0.0
124.0 126.0 0.0
126.0 0.0 0.0
126.0 2.0 0.0
126.0 4.0 0.0
126.0 6.0 0.0
126.0 8.0 0.0
126.0 10.0 0.0
126.0 12.0 0.0
126.0 14.0 0.0
126.0 16.0 0.0
126.0 18.0 0.0
126.0 20.0 0.0
126.0 22.0 0.0
126.0 24.0 0.0
126.0 26.0 0.0
126.0 28.0 0.0
126.0 30.0 0.0
126.0 32.0 0.0
126.0 34.0 0.0
126.0 36.0 0.0
126.0 38.0 0.0
126.0 40.0 0.0
126.0 42.0 0.0
126.0 44.0 0.0
126.0 46.0 0.0
126.0 48.0 0.0
126.0 50.0 0.0
126.0 52.0 0.0
126.0 54.0 0.1971659455085795
126.0 56.0 0.21248675321608687
126.0 58.0 0.2148963977391846
126.0 60.0 0.22775264358830508
126.0 62.0 0.17059749762424548
126.0 64.0 0.08456979535270547
126.0 66.0 0.0020397649173043825
126.0 68.0 0.0
126.0 70.0 0.0
126.0 72.0 0.0
126.0 74.0 0.0
126.0 76.0 0.0
126.0 78.0 0.0
126.0 80.0 0.0
126.0 82.0 0.0
126.0 84.0 0.0
126.0 86.0 0.0
126.0 88.0 0.0
126.0 90.0 0.0
126.0 92.0 0.0
126.0 94.0 0.0
126.0 96.0 0.0
126.0 98.0 0.0
126.0 100.0 0.0
126.0 102.0 0.0
126.0 104.0 0.0
126.0 106.0 0.0
126.0 108.0 0.0
126.0 110.0 0.0
126.0 112.0 0.0
126.0 114.0 0.0
126.0 116.0 0.0
126.0 118.0 0.0
126.0 120.0 0.0
126.0 122.0 0.0
126.0 124.0 0.0
126.0 126.0 0.0
