0.0 0.0 0.0
0.0 2.0 0.0
0.0 4.0 0.0
0.0 6.0 0.0
0.0 8.0 0.0
0.0 10.0 0.0
0.0 12.0 0.0
0.0 14.0 0.0
0.0 16.0 0.0
0.0 18.0 0.0
0.0 20.0 0.0
0.0 22.0 0.0
0.0 24.0 0.0
0.0 26.0 0.0
0.0 28.0 0.0
0.0 30.0 0.0
0.0 32.0 0.0
0.0 34.0 0.0
0.0 36.0 0.0
0.0 38.0 0.0
0.0 40.0 0.0
0.0 42.0 0.0
0.0 44.0 0.0
0.0 46.0 0.0
0.0 48.0 0.0
0.0 50.0 0.0
0.0 52.0 0.0
0.0 54.0 0.0
0.0 56.0 0.0
0.0 58.0 0.0
0.0 60.0 0.0
0.0 62.0 0.0
0.0 64.0 0.0
0.0 66.0 0.0
0.0 68.0 0.0
0.0 70.0 0.0
0.0 72.0 0.0
0.0 74.0 0.0
0.0 76.0 0.0
0.0 78.0 0.0
0.0 80.0 0.0
0.0 82.0 0.0
0.0 84.0 0.0
0.0 86.0 0.0
0.0 88.0 0.0
0.0 90.0 0.0
0.0 92.0 0.0
0.0 94.0 0.0
0.0 96.0 0.0
0.0 98.0 0.0
0.0 100.0 0.0
0.0 102.0 0.0
0.0 104.0 0.0
0.0 106.0 0.0
0.0 108.0 0.0
0.0 110.0 0.0
0.0 112.0 0.0
0.0 114.0 0.0
0.0 116.0 0.0
0.0 118.0 0.0
0.0 120.0 0.0
0.0 122.0 0.0
0.0 124.0 0.0
0.0 126.0 0.0
2.0 0.0 0.0
2.0 2.0 0.0
2.0 4.0 0.0
2.0 6.0 0.0
2.0 8.0 0.0
2.0 10.0 0.0
2.0 12.0 0.0
2.0 14.0 0.0
2.0 16.0 0.0
2.0 18.0 0.0
2.0 20.0 0.0
2.0 22.0 0.0
2.0 24.0 0.0
2.0 26.0 0.0
2.0 28.0 0.0
2.0 30.0 0.0
2.0 32.0 0.0
2.0 34.0 0.0
2.0 36.0 0.0
2.0 38.0 0.0
2.0 40.0 0.0
2.0 42.0 0.0
2.0 44.0 0.0
2.0 46.0 0.0
2.0 48.0 0.33373966490202234
2.0 50.0 0.358428185092714
2.0 52.0 0.23061561424794663
2.0 54.0 0.10874795622316624
2.0 56.0 0.013711429528553863
2.0 58.0 0.0
2.0 60.0 0.0
2.0 62.0 0.0
2.0 64.0 0.0
2.0 66.0 0.0
2.0 68.0 0.04661033065704362
2.0 70.0 0.09692917889357494
2.0 72.0 0.10991608643509491
2.0 74.0 0.1066273856874317
2.0 76.0 0.0903575902530222
2.0 78.0 0.0499730335731303
2.0 80.0 0.0
2.0 82.0 0.0
2.0 84.0 0.0
2.0 86.0 0.0
2.0 88.0 0.0
2.0 90.0 0.0
2.0 92.0 0.0
2.0 94.0 0.0
2.0 96.0 0.0
2.0 98.0 0.0
2.0 100.0 0.0
2.0 102.0 0.0
2.0 104.0 0.0
2.0 106.0 0.0
2.0 108.0 0.0
2.0 110.0 0.0
2.0 112.0 0.0
2.0 114.0 0.0
2.0 116.0 0.0
2.0 118.0 0.0
2.0 120.0 0.0
2.0 122.0 0.0
2.0 124.0 0.0
2.0 126.0 0.0
4.0 0.0 0.0
4.0 2.0 0.0
4.0 4.0 0.0
4.0 6.0 0.0
4.0 8.0 0.0
4.0 10.0 0.0
4.0 12.0 0.0
4.0 14.0 0.0
4.0 16.0 0.0
4.0 18.0 0.0
4.0 20.0 0.0
4.0 22.0 0.0
4.0 24.0 0.0
4.0 26.0 0.0
4.0 28.0 0.0
4.0 30.0 0.0
4.0 32.0 0.0
4.0 34.0 0.0
4.0 36.0 0.0
4.0 38.0 0.0
4.0 40.0 0.0
4.0 42.0 0.29716326805638676
4.0 44.0 0.34785974416760346
4.0 46.0 0.23797214477932593
4.0 48.0 0.11147778319266777
4.0 50.0 0.01307388772931957
4.0 52.0 0.0
4.0 54.0 0.0
4.0 56.0 0.0
4.0 58.0 0.0
4.0 60.0 0.0
4.0 62.0 0.0
4.0 64.0 0.0
4.0 66.0 0.0
4.0 68.0 0.03162754847663569
4.0 70.0 0.07580885820291881
4.0 72.0 0.0847456649439659
4.0 74.0 0.0879092970948769
4.0 76.0 0.0738800756993183
4.0 78.0 0.03526596533878074
4.0 80.0 0.0046528684901476465
4.0 82.0 7.819925590311941E-4
4.0 84.0 0.0
4.0 86.0 0.0
4.0 88.0 0.0
4.0 90.0 0.0
4.0 92.0 0.0
4.0 94.0 0.0
4.0 96.0 0.0
4.0 98.0 0.0
4.0 100.0 0.0
4.0 102.0 0.0
4.0 104.0 0.0
4.0 106.0 0.0
4.0 108.0 0.0
4.0 110.0 0.0
4.0 112.0 0.0
4.0 114.0 0.0
4.0 116.0 0.0
4.0 118.0 0.0
4.0 120.0 0.0
4.0 122.0 0.0
4.0 124.0 0.0
4.0 126.0 0.0
6.0 0.0 0.0
6.0 2.0 0.0
6.0 4.0 0.0
6.0 6.0 0.0
6.0 8.0 0.0
6.0 10.0 0.0
6.0 12.0 0.0
6.0 14.0 0.0
6.0 16.0 0.0
6.0 18.0 0.0
6.0 20.0 0.0
6.0 22.0 0.0
6.0 24.0 0.0
6.0 26.0 0.0
6.0 28.0 0.0
6.0 30.0 0.0
6.0 32.0 0.0
6.0 34.0 0.0
6.0 36.0 0.0
6.0 38.0 0.33091464984606017
6.0 40.0 0.49475184981841974
6.0 42.0 0.39300835028600495
6.0 44.0 0.2851481545781423
6.0 46.0 0.1518837215675298
6.0 48.0 0.02392258288934171
6.0 50.0 0.0
6.0 52.0 0.0
6.0 54.0 0.0
6.0 56.0 0.0
6.0 58.0 0.0
6.0 60.0 0.0
6.0 62.0 0.0
6.0 64.0 0.0
6.0 66.0 0.0
6.0 68.0 0.037350046245886254
6.0 70.0 0.07991109480186437
6.0 72.0 0.07691896110469483
6.0 74.0 0.07597203883965403
6.0 76.0 0.06077039895036548
6.0 78.0 0.02122351300474504
6.0 80.0 4.0824289336559424E-4
6.0 82.0 0.0
6.0 84.0 0.0
6.0 86.0 0.0
6.0 88.0 0.0
6.0 90.0 0.0
6.0 92.0 0.0
6.0 94.0 0.0
6.0 96.0 0.0
6.0 98.0 0.0
6.0 100.0 0.0
6.0 102.0 0.0
6.0 104.0 0.0
6.0 106.0 0.0
6.0 108.0 0.0
6.0 110.0 0.0
6.0 112.0 0.0
6.0 114.0 0.0
6.0 116.0 0.0
6.0 118.0 0.0
6.0 120.0 0.0
6.0 122.0 0.0
6.0 124.0 0.0
6.0 126.0 0.0
8.0 0.0 0.0
8.0 2.0 0.0
8.0 4.0 0.0
8.0 6.0 0.0
8.0 8.0 0.0
8.0 10.0 0.0
8.0 12.0 0.0
8.0 14.0 0.0
8.0 16.0 0.0
8.0 18.0 0.0
8.0 20.0 0.0
8.0 22.0 0.0
8.0 24.0 0.0
8.0 26.0 0.0
8.0 28.0 0.0
8.0 30.0 0.0
8.0 32.0 0.0
8.0 34.0 0.2927560608326247
8.0 36.0 0.5536739458522449
8.0 38.0 0.5064094536507115
8.0 40.0 0.44559907395097914
8.0 42.0 0.3573314481391181
8.0 44.0 0.22502686962982543
8.0 46.0 0.08185611464983798
8.0 48.0 0.006585667031188969
8.0 50.0 0.0
8.0 52.0 0.0
8.0 54.0 0.0
8.0 56.0 0.0
8.0 58.0 0.0
8.0 60.0 0.0
8.0 62.0 0.0
8.0 64.0 0.0
8.0 66.0 0.0
8.0 68.0 0.04849393090932674
8.0 70.0 0.08314496429766054
8.0 72.0 0.08173485145630686
8.0 74.0 0.06656229937411948
8.0 76.0 0.03717025440913206
8.0 78.0 0.0040329325825497414
8.0 80.0 0.0
8.0 82.0 0.0
8.0 84.0 0.0
8.0 86.0 0.0
8.0 88.0 0.0
8.0 90.0 0.0
8.0 92.0 0.0
8.0 94.0 0.0
8.0 96.0 0.0
8.0 98.0 0.0
8.0 100.0 0.0
8.0 102.0 0.0
8.0 104.0 0.0
8.0 106.0 0.0
8.0 108.0 0.0
8.0 110.0 0.0
8.0 112.0 0.0
8.0 114.0 0.0
8.0 116.0 0.0
8.0 118.0 0.0
8.0 120.0 0.0
8.0 122.0 0.0
8.0 124.0 0.0
8.0 126.0 0.0
10.0 0.0 0.0
10.0 2.0 0.0
10.0 4.0 0.0
10.0 6.0 0.0
10.0 8.0 0.0
10.0 10.0 0.0
10.0 12.0 0.0
10.0 14.0 0.0
10.0 16.0 0.0
10.0 18.0 0.0
10.0 20.0 0.0
10.0 22.0 0.0
10.0 24.0 0.0
10.0 26.0 0.0
10.0 28.0 0.0
10.0 30.0 0.17282780577679221
10.0 32.0 0.49556814782927466
10.0 34.0 0.49265611834366946
10.0 36.0 0.4878618042290917
10.0 38.0 0.48361524316168003
10.0 40.0 0.44697529356843496
10.0 42.0 0.33913345503551895
10.0 44.0 0.15784621837653826
10.0 46.0 0.035162759655088534
10.0 48.0 3.6224197797125787E-4
10.0 50.0 0.0
10.0 52.0 0.0
10.0 54.0 0.0
10.0 56.0 0.0
10.0 58.0 0.0
10.0 60.0 0.0
10.0 62.0 0.0
10.0 64.0 0.0
10.0 66.0 0.005125684982810438
10.0 68.0 0.05773695408322386
10.0 70.0 0.09069069203990211
10.0 72.0 0.08796400028368889
10.0 74.0 0.06431144092240752
10.0 76.0 0.008357069001546097
10.0 78.0 0.0
10.0 80.0 0.0
10.0 82.0 0.0
10.0 84.0 0.0
10.0 86.0 0.0
10.0 88.0 0.0
10.0 90.0 0.0
10.0 92.0 0.0
10.0 94.0 0.0
10.0 96.0 0.0
10.0 98.0 0.0
10.0 100.0 0.0
10.0 102.0 0.0
10.0 104.0 0.0
10.0 106.0 0.0
10.0 108.0 0.0
10.0 110.0 0.0
10.0 112.0 0.0
10.0 114.0 0.0
10.0 116.0 0.0
10.0 118.0 0.0
10.0 120.0 0.0
10.0 122.0 0.0
10.0 124.0 0.0
10.0 126.0 0.0
12.0 0.0 0.0
12.0 2.0 0.0
12.0 4.0 0.0
12.0 6.0 0.0
12.0 8.0 0.0
12.0 10.0 0.0
12.0 12.0 0.0
12.0 14.0 0.0
12.0 16.0 0.0
12.0 18.0 0.0
12.0 20.0 0.0
12.0 22.0 0.0
12.0 24.0 0.0
12.0 26.0 0.0
12.0 28.0 0.11272231946970074
12.0 30.0 0.3452231574008862
12.0 32.0 0.4252228791788127
12.0 34.0 0.46118446062570057
12.0 36.0 0.4779458081863164
12.0 38.0 0.4769998097640476
12.0 40.0 0.40532946408701304
12.0 42.0 0.227179712577424
12.0 44.0 0.0866125788313487
12.0 46.0 0.012509584559901324
12.0 48.0 0.0
12.0 50.0 0.0
12.0 52.0 0.0
12.0 54.0 0.0
12.0 56.0 0.0
12.0 58.0 0.0
12.0 60.0 0.0
12.0 62.0 0.0
12.0 64.0 0.0
12.0 66.0 0.010331583493969612
12.0 68.0 0.06393391915108204
12.0 70.0 0.09717563474104667
12.0 72.0 0.09463766567785681
12.0 74.0 0.05910072437266922
12.0 76.0 0.013844673043645903
12.0 78.0 0.0
12.0 80.0 0.0
12.0 82.0 0.0
12.0 84.0 0.0
12.0 86.0 0.0
12.0 88.0 0.0
12.0 90.0 0.0
12.0 92.0 0.0
12.0 94.0 0.0
12.0 96.0 0.0
12.0 98.0 0.0
12.0 100.0 0.0
12.0 102.0 0.0
12.0 104.0 0.0
12.0 106.0 0.0
12.0 108.0 0.0
12.0 110.0 0.0
12.0 112.0 0.0
12.0 114.0 0.0
12.0 116.0 0.0
12.0 118.0 0.0
12.0 120.0 0.0
12.0 122.0 0.0
12.0 124.0 0.0
12.0 126.0 0.0
14.0 0.0 0.0
14.0 2.0 0.0
14.0 4.0 0.0
14.0 6.0 0.0
14.0 8.0 0.0
14.0 10.0 0.0
14.0 12.0 0.0
14.0 14.0 0.0
14.0 16.0 0.0
14.0 18.0 0.0
14.0 20.0 0.0
14.0 22.0 0.0
14.0 24.0 0.09106434030767308
14.0 26.0 0.18388275739775362
14.0 28.0 0.23744679533855276
14.0 30.0 0.3197288071553699
14.0 32.0 0.40751652011076317
14.0 34.0 0.4594089663722947
14.0 36.0 0.4764865915547611
14.0 38.0 0.42172699181509715
14.0 40.0 0.2954055849168736
14.0 42.0 0.1158623220761709
14.0 44.0 0.02846830901152936
14.0 46.0 0.0
14.0 48.0 0.0
14.0 50.0 0.0
14.0 52.0 0.0
14.0 54.0 0.0
14.0 56.0 0.0
14.0 58.0 0.0
14.0 60.0 0.0
14.0 62.0 0.0
14.0 64.0 0.0
14.0 66.0 0.016276433958496008
14.0 68.0 0.062012656144299065
14.0 70.0 0.10259921454039646
14.0 72.0 0.10092671203098774
14.0 74.0 0.07837051618695169
14.0 76.0 0.026805802577956464
14.0 78.0 0.0
14.0 80.0 0.0
14.0 82.0 0.0
14.0 84.0 0.0
14.0 86.0 0.0
14.0 88.0 0.0
14.0 90.0 0.0
14.0 92.0 0.0
14.0 94.0 0.0
14.0 96.0 0.0
14.0 98.0 0.0
14.0 100.0 0.0
14.0 102.0 0.006432859718310593
14.0 104.0 0.0
14.0 106.0 0.0
14.0 108.0 0.0
14.0 110.0 0.0
14.0 112.0 0.0
14.0 114.0 0.0
14.0 116.0 0.0
14.0 118.0 0.0
14.0 120.0 0.0
14.0 122.0 0.0
14.0 124.0 0.0
14.0 126.0 0.0
16.0 0.0 0.0
16.0 2.0 0.0
16.0 4.0 0.0
16.0 6.0 0.0
16.0 8.0 0.0
16.0 10.0 0.0
16.0 12.0 0.0
16.0 14.0 0.0
16.0 16.0 0.0
16.0 18.0 0.0
16.0 20.0 0.0
16.0 22.0 0.1297986756418478
16.0 24.0 0.13770649862546772
16.0 26.0 0.13099387539515833
16.0 28.0 0.1694703681750219
16.0 30.0 0.27014001813464267
16.0 32.0 0.3935221895593708
16.0 34.0 0.397883200615541
16.0 36.0 0.38848133033833515
16.0 38.0 0.30815421884102795
16.0 40.0 0.1538094591552487
16.0 42.0 0.047380478007184985
16.0 44.0 0.00200994209849349
16.0 46.0 0.0
16.0 48.0 0.0
16.0 50.0 0.0
16.0 52.0 0.0
16.0 54.0 0.0
16.0 56.0 0.0
16.0 58.0 0.0
16.0 60.0 0.0
16.0 62.0 0.0
16.0 64.0 0.0
16.0 66.0 0.018942465662311777
16.0 68.0 0.06432265054032134
16.0 70.0 0.10193728433863099
16.0 72.0 0.10879193078127787
16.0 74.0 0.09281422039552079
16.0 76.0 0.05959832171019491
16.0 78.0 0.013144277667274834
16.0 80.0 0.0
16.0 82.0 0.0
16.0 84.0 0.0
16.0 86.0 0.0
16.0 88.0 0.0
16.0 90.0 0.0
16.0 92.0 0.0
16.0 94.0 0.0
16.0 96.0 0.0
16.0 98.0 0.0
16.0 100.0 0.0015979819033605893
16.0 102.0 0.009549733626257792
16.0 104.0 0.0446599099661748
16.0 106.0 0.0
16.0 108.0 0.0
16.0 110.0 0.0
16.0 112.0 0.0
16.0 114.0 0.0
16.0 116.0 0.0
16.0 118.0 0.0
16.0 120.0 0.0
16.0 122.0 0.0
16.0 124.0 0.0
16.0 126.0 0.0
18.0 0.0 0.0
18.0 2.0 0.0
18.0 4.0 0.0
18.0 6.0 0.0
18.0 8.0 0.0
18.0 10.0 0.0
18.0 12.0 0.0
18.0 14.0 0.0
18.0 16.0 0.0
18.0 18.0 0.0
18.0 20.0 0.1387581441843244
18.0 22.0 0.06545908531074017
18.0 24.0 0.024373401465661335
18.0 26.0 0.023003638847891705
18.0 28.0 0.0704978134054673
18.0 30.0 0.1561525729447808
18.0 32.0 0.25471373783280893
18.0 34.0 0.2736234957252988
18.0 36.0 0.25911721520846437
18.0 38.0 0.19936614429632382
18.0 40.0 0.07737825423009764
18.0 42.0 0.016136089384048216
18.0 44.0 0.0
18.0 46.0 0.0
18.0 48.0 0.0
18.0 50.0 0.0
18.0 52.0 0.0
18.0 54.0 0.0
18.0 56.0 0.0
18.0 58.0 0.0
18.0 60.0 0.0
18.0 62.0 0.0
18.0 64.0 0.0
18.0 66.0 0.02825140815241234
18.0 68.0 0.06905163925240375
18.0 70.0 0.09876240171086535
18.0 72.0 0.11507152905960027
18.0 74.0 0.11285846753837044
18.0 76.0 0.09007726831938372
18.0 78.0 0.04035456752453027
18.0 80.0 0.009304270683635355
18.0 82.0 0.0
18.0 84.0 0.0
18.0 86.0 0.0
18.0 88.0 0.0
18.0 90.0 0.0
18.0 92.0 0.0
18.0 94.0 0.0012297493348699016
18.0 96.0 0.0014110026883937404
18.0 98.0 0.0
18.0 100.0 4.0453108667209747E-4
18.0 102.0 0.0010845330880421644
18.0 104.0 0.018690646592679116
18.0 106.0 0.045636024399318464
18.0 108.0 0.0
18.0 110.0 0.0
18.0 112.0 0.0
18.0 114.0 0.0
18.0 116.0 0.0
18.0 118.0 0.0
18.0 120.0 0.0
18.0 122.0 0.0
18.0 124.0 0.0
18.0 126.0 0.0
20.0 0.0 0.0
20.0 2.0 0.0
20.0 4.0 0.0
20.0 6.0 0.0
20.0 8.0 0.0
20.0 10.0 0.0
20.0 12.0 0.0
20.0 14.0 0.0
20.0 16.0 0.0
20.0 18.0 0.06424641222750745
20.0 20.0 0.0
20.0 22.0 0.0
20.0 24.0 0.0
20.0 26.0 0.0
20.0 28.0 0.0016950082612068335
20.0 30.0 0.01189876278094742
20.0 32.0 0.08099798136573132
20.0 34.0 0.15010952709066022
20.0 36.0 0.16090143771584756
20.0 38.0 0.12824498338123375
20.0 40.0 0.042023831662162246
20.0 42.0 0.009329506217033264
20.0 44.0 0.0
20.0 46.0 0.0
20.0 48.0 0.0
20.0 50.0 0.0
20.0 52.0 0.0
20.0 54.0 0.0
20.0 56.0 0.0
20.0 58.0 0.0
20.0 60.0 0.0
20.0 62.0 0.0
20.0 64.0 5.238016696102734E-4
20.0 66.0 0.040704697077438595
20.0 68.0 0.07436934933680418
20.0 70.0 0.09724035234996688
20.0 72.0 0.1130943351965491
20.0 74.0 0.10505486570184235
20.0 76.0 0.09355964448350407
20.0 78.0 0.07522428520454065
20.0 80.0 0.03479608093931739
20.0 82.0 0.01249081589923043
20.0 84.0 0.004427737587870882
20.0 86.0 0.0031611161923566044
20.0 88.0 0.014780716625295858
20.0 90.0 0.022108760791800696
20.0 92.0 0.04272297685184873
20.0 94.0 0.05881227768016115
20.0 96.0 0.0445728369863537
20.0 98.0 0.021701751512702
20.0 100.0 0.004026864026806013
20.0 102.0 0.0
20.0 104.0 0.0
20.0 106.0 0.0060092209624078964
20.0 108.0 6.59798650268201E-4
20.0 110.0 0.0
20.0 112.0 0.0
20.0 114.0 0.0
20.0 116.0 0.0
20.0 118.0 0.0
20.0 120.0 0.0
20.0 122.0 0.0
20.0 124.0 0.0
20.0 126.0 0.0
22.0 0.0 0.0
22.0 2.0 0.0
22.0 4.0 0.0
22.0 6.0 0.0
22.0 8.0 0.0
22.0 10.0 0.0
22.0 12.0 0.0
22.0 14.0 0.0
22.0 16.0 0.0
22.0 18.0 0.0
22.0 20.0 0.0
22.0 22.0 0.0
22.0 24.0 0.0
22.0 26.0 0.0
22.0 28.0 0.0
22.0 30.0 0.0
22.0 32.0 0.0
22.0 34.0 0.03445996902178827
22.0 36.0 0.07747763406595708
22.0 38.0 0.06144062944142594
22.0 40.0 0.02412119482456435
22.0 42.0 0.0
22.0 44.0 0.0
22.0 46.0 0.0
22.0 48.0 0.0
22.0 50.0 0.0
22.0 52.0 0.0
22.0 54.0 0.0
22.0 56.0 1.1196839097783581E-4
22.0 58.0 0.003187071522092221
22.0 60.0 0.003282216905438111
22.0 62.0 0.00573109013295356
22.0 64.0 0.013637913122990916
22.0 66.0 0.05677046096513443
22.0 68.0 0.08110793418120628
22.0 70.0 0.09851504038034602
22.0 72.0 0.10343670710962606
22.0 74.0 0.09544256359227822
22.0 76.0 0.09049249793757212
22.0 78.0 0.0782686209306586
22.0 80.0 0.06437291790867604
22.0 82.0 0.051949866944151823
22.0 84.0 0.04976130063069347
22.0 86.0 0.0610141982305967
22.0 88.0 0.10347655045611015
22.0 90.0 0.1471608996472585
22.0 92.0 0.1822747242628031
22.0 94.0 0.17315267999469375
22.0 96.0 0.13892484566791832
22.0 98.0 0.08921572641173227
22.0 100.0 0.03364462313109739
22.0 102.0 0.002585605332376509
22.0 104.0 0.0
22.0 106.0 0.0
22.0 108.0 0.0
22.0 110.0 0.0
22.0 112.0 0.0
22.0 114.0 0.0
22.0 116.0 0.0
22.0 118.0 0.0
22.0 120.0 0.0
22.0 122.0 0.0
22.0 124.0 0.0
22.0 126.0 0.0
24.0 0.0 0.0
24.0 2.0 0.0
24.0 4.0 0.0
24.0 6.0 0.0
24.0 8.0 0.0
24.0 10.0 0.0
24.0 12.0 0.0
24.0 14.0 0.0
24.0 16.0 0.0
24.0 18.0 0.0
24.0 20.0 0.0
24.0 22.0 0.0
24.0 24.0 0.0
24.0 26.0 0.0
24.0 28.0 0.0
24.0 30.0 0.0
24.0 32.0 0.0
24.0 34.0 0.0
24.0 36.0 0.007686542848512508
24.0 38.0 0.01274155909350787
24.0 40.0 0.0019160381540723314
24.0 42.0 0.0
24.0 44.0 0.0
24.0 46.0 0.0
24.0 48.0 0.0
24.0 50.0 0.0
24.0 52.0 0.0
24.0 54.0 0.0
24.0 56.0 0.0171128328548079
24.0 58.0 0.03093965589876028
24.0 60.0 0.025337649348381782
24.0 62.0 0.022212919328306713
24.0 64.0 0.026090785238702636
24.0 66.0 0.06750715374350667
24.0 68.0 0.08124208189790877
24.0 70.0 0.0901409979060695
24.0 72.0 0.0802324308901557
24.0 74.0 0.0664565329235903
24.0 76.0 0.060979440600614006
24.0 78.0 0.07543087182555053
24.0 80.0 0.074511056293676
24.0 82.0 0.0830103154249818
24.0 84.0 0.10313529561813763
24.0 86.0 0.13481066687699292
24.0 88.0 0.18157132388322003
24.0 90.0 0.26248038072501884
24.0 92.0 0.3069908783673314
24.0 94.0 0.2995603726763197
24.0 96.0 0.24915591265307316
24.0 98.0 0.1701679112444308
24.0 100.0 0.07873179658331285
24.0 102.0 0.010301334682556373
24.0 104.0 0.0
24.0 106.0 0.0
24.0 108.0 0.0
24.0 110.0 0.0
24.0 112.0 0.0
24.0 114.0 0.0
24.0 116.0 0.0
24.0 118.0 0.0
24.0 120.0 0.0
24.0 122.0 0.0
24.0 124.0 0.0
24.0 126.0 0.0
26.0 0.0 0.0
26.0 2.0 0.0
26.0 4.0 0.0
26.0 6.0 0.0
26.0 8.0 0.0
26.0 10.0 0.0
26.0 12.0 0.0
26.0 14.0 0.0
26.0 16.0 0.0
26.0 18.0 0.0
26.0 20.0 0.0
26.0 22.0 0.0
26.0 24.0 0.0
26.0 26.0 0.0
26.0 28.0 0.0
26.0 30.0 0.0
26.0 32.0 0.0
26.0 34.0 0.0
26.0 36.0 0.0
26.0 38.0 0.0
26.0 40.0 0.0
26.0 42.0 0.0
26.0 44.0 0.0
26.0 46.0 0.0
26.0 48.0 0.0
26.0 50.0 0.0
26.0 52.0 0.0
26.0 54.0 0.006407864141989759
26.0 56.0 0.03832870539562409
26.0 58.0 0.06113765695110764
26.0 60.0 0.050844252839155134
26.0 62.0 0.036355093164804904
26.0 64.0 0.02947497309343483
26.0 66.0 0.05635085481529969
26.0 68.0 0.0650191426228199
26.0 70.0 0.06344281111468907
26.0 72.0 0.04185695006607317
26.0 74.0 0.018778190240324833
26.0 76.0 0.017488310622699645
26.0 78.0 0.058386156919379616
26.0 80.0 0.08778254718732081
26.0 82.0 0.11514695845709967
26.0 84.0 0.14982581735298922
26.0 86.0 0.19622567379561015
26.0 88.0 0.28031418029219096
26.0 90.0 0.3772514673307433
26.0 92.0 0.4179171368765609
26.0 94.0 0.41456206440936505
26.0 96.0 0.35689919448514335
26.0 98.0 0.2544745513991783
26.0 100.0 0.1222029662664762
26.0 102.0 0.01841382645532977
26.0 104.0 0.0
26.0 106.0 0.0
26.0 108.0 0.0
26.0 110.0 0.0
26.0 112.0 0.0
26.0 114.0 0.0
26.0 116.0 0.0
26.0 118.0 0.0
26.0 120.0 0.0
26.0 122.0 0.0
26.0 124.0 0.0
26.0 126.0 0.0
28.0 0.0 0.0
28.0 2.0 0.0
28.0 4.0 0.0
28.0 6.0 0.0
28.0 8.0 0.0
28.0 10.0 0.0
28.0 12.0 0.0
28.0 14.0 0.0
28.0 16.0 0.0
28.0 18.0 0.0
28.0 20.0 0.0
28.0 22.0 0.0
28.0 24.0 0.0
28.0 26.0 0.0
28.0 28.0 0.0
28.0 30.0 0.0
28.0 32.0 0.0
28.0 34.0 0.0
28.0 36.0 0.0
28.0 38.0 0.0
28.0 40.0 0.0
28.0 42.0 0.0
28.0 44.0 0.0
28.0 46.0 0.0
28.0 48.0 0.0
28.0 50.0 0.0
28.0 52.0 0.0
28.0 54.0 0.017868101387020427
28.0 56.0 0.05732029579109474
28.0 58.0 0.07568586976179188
28.0 60.0 0.05920840625454151
28.0 62.0 0.03435515998043034
28.0 64.0 0.016238667739334505
28.0 66.0 0.014082872226096466
28.0 68.0 0.02612598871187059
28.0 70.0 0.022054134579089366
28.0 72.0 0.009254018730058768
28.0 74.0 0.0
28.0 76.0 0.0012189354691419965
28.0 78.0 0.032194270093257295
28.0 80.0 0.09398101797993691
28.0 82.0 0.14687306183029417
28.0 84.0 0.19758158054789318
28.0 86.0 0.25617584368960744
28.0 88.0 0.33687873156319026
28.0 90.0 0.46020717982412734
28.0 92.0 0.4923911776159376
28.0 94.0 0.49257027364410183
28.0 96.0 0.43911354679446896
28.0 98.0 0.3308059036114771
28.0 100.0 0.17633533874813212
28.0 102.0 0.03628471541397601
28.0 104.0 0.0
28.0 106.0 0.0
28.0 108.0 0.0
28.0 110.0 0.0
28.0 112.0 0.0
28.0 114.0 0.0
28.0 116.0 0.0
28.0 118.0 0.0
28.0 120.0 0.0
28.0 122.0 0.0
28.0 124.0 0.0
28.0 126.0 0.0
30.0 0.0 0.0
30.0 2.0 0.0
30.0 4.0 0.0
30.0 6.0 0.0
30.0 8.0 0.0
30.0 10.0 0.0
30.0 12.0 0.0
30.0 14.0 0.0
30.0 16.0 0.0
30.0 18.0 0.0
30.0 20.0 0.0
30.0 22.0 0.0
30.0 24.0 0.0
30.0 26.0 0.0
30.0 28.0 0.0
30.0 30.0 0.0
30.0 32.0 0.0
30.0 34.0 0.0
30.0 36.0 0.0
30.0 38.0 0.0
30.0 40.0 0.0
30.0 42.0 0.0
30.0 44.0 0.0
30.0 46.0 0.0
30.0 48.0 6.725959407746779E-4
30.0 50.0 0.0
30.0 52.0 0.0011511035544334398
30.0 54.0 0.037384936587445634
30.0 56.0 0.07387086285797796
30.0 58.0 0.07361660265279886
30.0 60.0 0.04056351593046663
30.0 62.0 0.008766947263230749
30.0 64.0 0.0
30.0 66.0 0.0
30.0 68.0 0.0
30.0 70.0 0.0
30.0 72.0 0.0
30.0 74.0 0.0
30.0 76.0 0.0
30.0 78.0 0.03353727999748042
30.0 80.0 0.10568861505579429
30.0 82.0 0.179242956308553
30.0 84.0 0.24197949757843043
30.0 86.0 0.3130219857412795
30.0 88.0 0.38658966127558747
30.0 90.0 0.5113539646219926
30.0 92.0 0.5375539477492024
30.0 94.0 0.5264277234205317
30.0 96.0 0.47081672721490814
30.0 98.0 0.37986432844600965
30.0 100.0 0.21186736766146763
30.0 102.0 0.04516006238455553
30.0 104.0 0.0
30.0 106.0 0.0
30.0 108.0 0.0
30.0 110.0 0.0
30.0 112.0 0.0
30.0 114.0 0.0
30.0 116.0 0.0
30.0 118.0 0.0
30.0 120.0 0.0
30.0 122.0 0.0
30.0 124.0 0.0
30.0 126.0 0.0
32.0 0.0 0.0
32.0 2.0 0.0
32.0 4.0 0.0
32.0 6.0 0.0
32.0 8.0 0.0
32.0 10.0 0.0
32.0 12.0 0.0
32.0 14.0 0.0
32.0 16.0 0.0
32.0 18.0 0.0
32.0 20.0 0.0
32.0 22.0 0.0
32.0 24.0 0.0
32.0 26.0 0.0
32.0 28.0 0.0
32.0 30.0 0.0
32.0 32.0 0.0
32.0 34.0 0.0
32.0 36.0 0.0
32.0 38.0 0.0
32.0 40.0 0.0
32.0 42.0 0.007991879415644056
32.0 44.0 0.01513856333966357
32.0 46.0 0.02930753620436705
32.0 48.0 0.04026010848065734
32.0 50.0 0.033211368204642364
32.0 52.0 0.04798749493643024
32.0 54.0 0.09073610879377499
32.0 56.0 0.09854920049101984
32.0 58.0 0.06212537911703283
32.0 60.0 0.012647999348728572
32.0 62.0 0.0
32.0 64.0 0.0
32.0 66.0 0.0
32.0 68.0 0.0
32.0 70.0 0.0
32.0 72.0 0.0
32.0 74.0 0.0
32.0 76.0 0.0018527308174692096
32.0 78.0 0.05174904615652152
32.0 80.0 0.13840987668280397
32.0 82.0 0.23750567750528617
32.0 84.0 0.32676908341311217
32.0 86.0 0.4102005819583631
32.0 88.0 0.47959891197866295
32.0 90.0 0.524777927139824
32.0 92.0 0.5428474090644336
32.0 94.0 0.5268097444859711
32.0 96.0 0.48429846947454314
32.0 98.0 0.410602942103593
32.0 100.0 0.2182359755521568
32.0 102.0 0.038065828123352484
32.0 104.0 0.0
32.0 106.0 0.0
32.0 108.0 0.0
32.0 110.0 0.0
32.0 112.0 0.0
32.0 114.0 0.0
32.0 116.0 0.0
32.0 118.0 0.0
32.0 120.0 0.0
32.0 122.0 0.0
32.0 124.0 0.0
32.0 126.0 0.0
34.0 0.0 0.0
34.0 2.0 0.0
34.0 4.0 0.0
34.0 6.0 0.0
34.0 8.0 2.3068115551266245E-5
34.0 10.0 0.07383622424813366
34.0 12.0 0.1657478897775679
34.0 14.0 0.09680355857326878
34.0 16.0 0.011246915203088036
34.0 18.0 0.0
34.0 20.0 0.0
34.0 22.0 0.0
34.0 24.0 0.0
34.0 26.0 0.0
34.0 28.0 0.0
34.0 30.0 0.0
34.0 32.0 0.0
34.0 34.0 0.0
34.0 36.0 0.0
34.0 38.0 0.0
34.0 40.0 0.02186830657232791
34.0 42.0 0.04558746086013916
34.0 44.0 0.07768254796660691
34.0 46.0 0.11291628790329587
34.0 48.0 0.17097993812379308
34.0 50.0 0.1964380824787921
34.0 52.0 0.19391893705265614
34.0 54.0 0.1727095039925752
34.0 56.0 0.12792489951369013
34.0 58.0 0.04175601189285175
34.0 60.0 0.0
34.0 62.0 0.0
34.0 64.0 0.0
34.0 66.0 0.0
34.0 68.0 0.0
34.0 70.0 0.0
34.0 72.0 0.0
34.0 74.0 0.0
34.0 76.0 0.0
34.0 78.0 0.050120283878381765
34.0 80.0 0.14716968370890202
34.0 82.0 0.2487570048841277
34.0 84.0 0.34604840144785065
34.0 86.0 0.4289400403326302
34.0 88.0 0.49260842441074665
34.0 90.0 0.5337598223861525
34.0 92.0 0.5533367586786008
34.0 94.0 0.5411113063061218
34.0 96.0 0.5074351389486734
34.0 98.0 0.4192682217452764
34.0 100.0 0.1982838215798315
34.0 102.0 0.027551795335035767
34.0 104.0 0.0
34.0 106.0 0.0
34.0 108.0 0.0
34.0 110.0 0.0
34.0 112.0 0.0
34.0 114.0 0.0
34.0 116.0 0.0
34.0 118.0 0.0
34.0 120.0 0.0
34.0 122.0 0.0
34.0 124.0 0.0
34.0 126.0 0.0
36.0 0.0 0.0
36.0 2.0 0.0
36.0 4.0 0.0
36.0 6.0 0.0
36.0 8.0 0.0350373478570964
36.0 10.0 0.21785575819103709
36.0 12.0 0.2529532313527165
36.0 14.0 0.13398751737286857
36.0 16.0 0.012957402390393004
36.0 18.0 0.0
36.0 20.0 0.0
36.0 22.0 0.0
36.0 24.0 0.0
36.0 26.0 0.0
36.0 28.0 0.0
36.0 30.0 0.0
36.0 32.0 0.0
36.0 34.0 0.0
36.0 36.0 0.0
36.0 38.0 0.02089186821282577
36.0 40.0 0.06585738722317179
36.0 42.0 0.10720632982732625
36.0 44.0 0.15096762751871443
36.0 46.0 0.19197548057842442
36.0 48.0 0.22344080254009194
36.0 50.0 0.28481469638364654
36.0 52.0 0.26666106710543497
36.0 54.0 0.22159500731995307
36.0 56.0 0.1441307103812204
36.0 58.0 0.024699078454461645
36.0 60.0 0.0
36.0 62.0 0.0
36.0 64.0 0.0
36.0 66.0 0.0
36.0 68.0 0.0
36.0 70.0 0.0
36.0 72.0 0.0
36.0 74.0 0.0
36.0 76.0 0.0
36.0 78.0 0.03941633833952066
36.0 80.0 0.1420364256373805
36.0 82.0 0.24777561308406404
36.0 84.0 0.3470130347684414
36.0 86.0 0.44032352513896506
36.0 88.0 0.531259368967704
36.0 90.0 0.5663161508605442
36.0 92.0 0.5740693124338184
36.0 94.0 0.5526121094598024
36.0 96.0 0.5091020472783528
36.0 98.0 0.39800811381809953
36.0 100.0 0.1631046683219786
36.0 102.0 0.019539311478103883
36.0 104.0 0.0
36.0 106.0 0.0
36.0 108.0 0.0
36.0 110.0 0.0
36.0 112.0 0.0
36.0 114.0 0.0
36.0 116.0 0.0
36.0 118.0 0.0
36.0 120.0 0.0
36.0 122.0 0.0
36.0 124.0 0.0
36.0 126.0 0.0
38.0 0.0 0.0
38.0 2.0 0.0
38.0 4.0 0.0
38.0 6.0 0.16283383262139906
38.0 8.0 0.48576246939610135
38.0 10.0 0.4405253729620717
38.0 12.0 0.3276916345136736
38.0 14.0 0.10665314277973752
38.0 16.0 0.003548404711540646
38.0 18.0 0.0
38.0 20.0 0.0
38.0 22.0 0.0
38.0 24.0 0.0
38.0 26.0 0.0
38.0 28.0 0.0
38.0 30.0 0.0
38.0 32.0 0.0
38.0 34.0 0.0
38.0 36.0 0.0
38.0 38.0 0.044643133023017756
38.0 40.0 0.10755113073559454
38.0 42.0 0.15942134818878936
38.0 44.0 0.20925296661429335
38.0 46.0 0.25260968095863434
38.0 48.0 0.28112302913712617
38.0 50.0 0.29254057538847034
38.0 52.0 0.3237113911457718
38.0 54.0 0.25647701252069194
38.0 56.0 0.13822433590852548
38.0 58.0 0.016001442062854726
38.0 60.0 0.0
38.0 62.0 0.0
38.0 64.0 0.0
38.0 66.0 0.0
38.0 68.0 0.0
38.0 70.0 0.0
38.0 72.0 0.0
38.0 74.0 0.0
38.0 76.0 0.0
38.0 78.0 0.023047382105555996
38.0 80.0 0.12800386975952704
38.0 82.0 0.2413192354674656
38.0 84.0 0.3542955448897916
38.0 86.0 0.46999674127210733
38.0 88.0 0.5302053700038551
38.0 90.0 0.5616983323180503
38.0 92.0 0.565970021629728
38.0 94.0 0.5522516562429992
38.0 96.0 0.5105996123119191
38.0 98.0 0.34904728546293734
38.0 100.0 0.10533585514440924
38.0 102.0 0.006853661546227404
38.0 104.0 0.0
38.0 106.0 0.0
38.0 108.0 0.0
38.0 110.0 0.0
38.0 112.0 0.0
38.0 114.0 0.0
38.0 116.0 0.0
38.0 118.0 0.0
38.0 120.0 0.0
38.0 122.0 0.0
38.0 124.0 0.0
38.0 126.0 0.0
40.0 0.0 0.0
40.0 2.0 0.0
40.0 4.0 0.0
40.0 6.0 0.24898168696597892
40.0 8.0 0.5294729026799714
40.0 10.0 0.4669152590836046
40.0 12.0 0.33775493474752444
40.0 14.0 0.09474627810453783
40.0 16.0 6.521838353571481E-4
40.0 18.0 0.0
40.0 20.0 0.0
40.0 22.0 0.0
40.0 24.0 0.0
40.0 26.0 0.0
40.0 28.0 0.0
40.0 30.0 0.0
40.0 32.0 0.0
40.0 34.0 0.0
40.0 36.0 0.0
40.0 38.0 0.0484051504344681
40.0 40.0 0.13644067145246705
40.0 42.0 0.20377171918249146
40.0 44.0 0.26313553697428876
40.0 46.0 0.30704991329382264
40.0 48.0 0.32852453191983483
40.0 50.0 0.32851697510795724
40.0 52.0 0.32021049366693216
40.0 54.0 0.27019177093141167
40.0 56.0 0.12257489932452963
40.0 58.0 0.010096476354496868
40.0 60.0 0.0
40.0 62.0 0.0
40.0 64.0 0.0
40.0 66.0 0.0
40.0 68.0 0.0
40.0 70.0 0.0
40.0 72.0 0.0
40.0 74.0 0.0
40.0 76.0 0.0
40.0 78.0 0.005936462301146243
40.0 80.0 0.10905102819348295
40.0 82.0 0.22652917218500201
40.0 84.0 0.34843909449538774
40.0 86.0 0.4668555974478461
40.0 88.0 0.5249642807849455
40.0 90.0 0.5510239610071002
40.0 92.0 0.5421920285497244
40.0 94.0 0.5165920889385196
40.0 96.0 0.4561455219954916
40.0 98.0 0.2556159522119527
40.0 100.0 0.04105185330593631
40.0 102.0 0.0
40.0 104.0 0.0
40.0 106.0 0.0
40.0 108.0 0.0
40.0 110.0 0.0
40.0 112.0 0.0
40.0 114.0 0.0
40.0 116.0 0.0
40.0 118.0 0.0
40.0 120.0 0.0
40.0 122.0 0.0
40.0 124.0 0.0
40.0 126.0 0.0
42.0 0.0 0.0
42.0 2.0 0.0
42.0 4.0 0.3837317833674467
42.0 6.0 0.5570529538906364
42.0 8.0 0.49883287121864234
42.0 10.0 0.41972982719902413
42.0 12.0 0.2540587007251113
42.0 14.0 0.03875713565186892
42.0 16.0 0.0
42.0 18.0 0.0
42.0 20.0 0.0
42.0 22.0 0.0
42.0 24.0 0.0
42.0 26.0 0.0
42.0 28.0 0.0
42.0 30.0 0.0
42.0 32.0 0.0
42.0 34.0 0.0
42.0 36.0 0.0032189736434898
42.0 38.0 0.08241404388266556
42.0 40.0 0.18555552448401225
42.0 42.0 0.2814381706925459
42.0 44.0 0.3401377354790984
42.0 46.0 0.35636475981384724
42.0 48.0 0.3650402528436126
42.0 50.0 0.35289920890982013
42.0 52.0 0.3447194220769106
42.0 54.0 0.27446899002279085
42.0 56.0 0.09548247188101529
42.0 58.0 0.0047367582176481805
42.0 60.0 0.0
42.0 62.0 0.0
42.0 64.0 0.0
42.0 66.0 0.0
42.0 68.0 0.0
42.0 70.0 0.0
42.0 72.0 0.0
42.0 74.0 0.0
42.0 76.0 0.0
42.0 78.0 0.001961559543733156
42.0 80.0 0.087591920365311
42.0 82.0 0.20867615868868808
42.0 84.0 0.34036220678775186
42.0 86.0 0.44331334861706967
42.0 88.0 0.5109956901429213
42.0 90.0 0.5317866822821319
42.0 92.0 0.49868737914850514
42.0 94.0 0.44518267648015214
42.0 96.0 0.34688817835428276
42.0 98.0 0.14490192082337874
42.0 100.0 0.01504022385572231
42.0 102.0 0.0
42.0 104.0 0.0
42.0 106.0 0.0
42.0 108.0 0.0
42.0 110.0 0.0
42.0 112.0 0.0
42.0 114.0 0.0
42.0 116.0 0.0
42.0 118.0 0.0
42.0 120.0 0.0
42.0 122.0 0.0
42.0 124.0 0.0
42.0 126.0 0.0
44.0 0.0 0.0
44.0 2.0 0.0
44.0 4.0 0.4321961109249757
44.0 6.0 0.5316840703651199
44.0 8.0 0.474354131214161
44.0 10.0 0.3927591001589101
44.0 12.0 0.23749577389131168
44.0 14.0 0.018329482341706876
44.0 16.0 0.0
44.0 18.0 0.0
44.0 20.0 0.0
44.0 22.0 0.0
44.0 24.0 0.0
44.0 26.0 0.0
44.0 28.0 0.0
44.0 30.0 0.0
44.0 32.0 0.0
44.0 34.0 0.0
44.0 36.0 0.032467687853459666
44.0 38.0 0.1495116410979731
44.0 40.0 0.2787570775821435
44.0 42.0 0.39197623791809444
44.0 44.0 0.399384440564416
44.0 46.0 0.39586783908880446
44.0 48.0 0.39742938876234213
44.0 50.0 0.37371677712737933
44.0 52.0 0.364674999930003
44.0 54.0 0.2676165938569824
44.0 56.0 0.06329885276266344
44.0 58.0 6.347285679783667E-4
44.0 60.0 0.0
44.0 62.0 0.0
44.0 64.0 0.0
44.0 66.0 0.0
44.0 68.0 0.0
44.0 70.0 0.0
44.0 72.0 0.0
44.0 74.0 0.0
44.0 76.0 0.0
44.0 78.0 0.0034503036869517
44.0 80.0 0.07799388942389592
44.0 82.0 0.18364372040141197
44.0 84.0 0.2910069024593685
44.0 86.0 0.39973389686264466
44.0 88.0 0.4673460936779028
44.0 90.0 0.47970335737932324
44.0 92.0 0.4316433985254114
44.0 94.0 0.3548856109705545
44.0 96.0 0.21600627416927753
44.0 98.0 0.049388965816894365
44.0 100.0 4.72437343941311E-4
44.0 102.0 0.0
44.0 104.0 0.0
44.0 106.0 0.0
44.0 108.0 0.0
44.0 110.0 0.0
44.0 112.0 0.0
44.0 114.0 0.0
44.0 116.0 0.0
44.0 118.0 0.0
44.0 120.0 0.0
44.0 122.0 0.0
44.0 124.0 0.0
44.0 126.0 0.0
46.0 0.0 0.0
46.0 2.0 0.0
46.0 4.0 0.45441851037831477
46.0 6.0 0.5003863967214192
46.0 8.0 0.4404838978468557
46.0 10.0 0.3619166746953127
46.0 12.0 0.14874899379746753
46.0 14.0 0.0014459856700990128
46.0 16.0 0.0
46.0 18.0 0.0
46.0 20.0 0.0
46.0 22.0 0.0
46.0 24.0 0.0
46.0 26.0 0.0
46.0 28.0 0.0
46.0 30.0 0.0
46.0 32.0 0.0
46.0 34.0 0.01108669293954274
46.0 36.0 0.09288395497004524
46.0 38.0 0.2177853081361764
46.0 40.0 0.34604583983323284
46.0 42.0 0.43116182816453863
46.0 44.0 0.41771988253397535
46.0 46.0 0.42487366287932726
46.0 48.0 0.41894488056631046
46.0 50.0 0.3859370333951617
46.0 52.0 0.3764039052537059
46.0 54.0 0.2412160278252855
46.0 56.0 0.036586794619110796
46.0 58.0 0.0
46.0 60.0 0.0
46.0 62.0 0.0
46.0 64.0 0.0
46.0 66.0 0.0
46.0 68.0 0.0
46.0 70.0 0.0
46.0 72.0 0.0
46.0 74.0 0.0
46.0 76.0 0.0
46.0 78.0 0.006201039764209701
46.0 80.0 0.058732472756538145
46.0 82.0 0.14876225358814762
46.0 84.0 0.23993185564005767
46.0 86.0 0.33422019804504505
46.0 88.0 0.382781290034925
46.0 90.0 0.381048096659633
46.0 92.0 0.31236540518166106
46.0 94.0 0.19374505615605273
46.0 96.0 0.09115474944904356
46.0 98.0 0.00963104108678227
46.0 100.0 0.0
46.0 102.0 0.0
46.0 104.0 0.0
46.0 106.0 0.0
46.0 108.0 0.0
46.0 110.0 0.0
46.0 112.0 0.0
46.0 114.0 0.0
46.0 116.0 0.0
46.0 118.0 0.0
46.0 120.0 0.010322386859338731
46.0 122.0 0.06317179715093398
46.0 124.0 0.14918260641538186
46.0 126.0 0.0
48.0 0.0 0.0
48.0 2.0 0.4973538172801841
48.0 4.0 0.49287366175088837
48.0 6.0 0.42584289075396714
48.0 8.0 0.34586302389298723
48.0 10.0 0.22696869222111124
48.0 12.0 0.020197338155824408
48.0 14.0 0.0
48.0 16.0 0.0
48.0 18.0 0.0
48.0 20.0 0.0
48.0 22.0 0.0
48.0 24.0 0.0
48.0 26.0 0.0
48.0 28.0 0.0
48.0 30.0 0.0
48.0 32.0 0.004537288084727862
48.0 34.0 0.061783195882131964
48.0 36.0 0.16761442982007946
48.0 38.0 0.286316335623175
48.0 40.0 0.40637424548535916
48.0 42.0 0.4366222155424739
48.0 44.0 0.43714441341287363
48.0 46.0 0.44457954068933664
48.0 48.0 0.4300920594747033
48.0 50.0 0.42813056150260076
48.0 52.0 0.3952199643887779
48.0 54.0 0.18527715509292475
48.0 56.0 0.018956197995453488
48.0 58.0 0.0
48.0 60.0 0.0
48.0 62.0 0.0
48.0 64.0 0.0
48.0 66.0 0.0
48.0 68.0 0.0
48.0 70.0 0.0
48.0 72.0 0.0
48.0 74.0 0.0
48.0 76.0 0.0
48.0 78.0 0.008708848087536457
48.0 80.0 0.05708375607931537
48.0 82.0 0.1298130263287104
48.0 84.0 0.1929324928858697
48.0 86.0 0.24841547873885073
48.0 88.0 0.2636077337126331
48.0 90.0 0.24320872380121494
48.0 92.0 0.1675382863265342
48.0 94.0 0.0837019204149464
48.0 96.0 0.03095736185918085
48.0 98.0 7.142980199801753E-4
48.0 100.0 0.0
48.0 102.0 0.0
48.0 104.0 0.0
48.0 106.0 0.0
48.0 108.0 0.0
48.0 110.0 0.0
48.0 112.0 0.0
48.0 114.0 0.0
48.0 116.0 0.0
48.0 118.0 0.014826129108234205
48.0 120.0 0.08252095079970517
48.0 122.0 0.1522269339845402
48.0 124.0 0.21948528826817382
48.0 126.0 0.0
50.0 0.0 0.0
50.0 2.0 0.4770839752791772
50.0 4.0 0.45649431413550373
50.0 6.0 0.37524352530702326
50.0 8.0 0.2653464782779305
50.0 10.0 0.08398309013720058
50.0 12.0 0.0
50.0 14.0 0.0
50.0 16.0 0.0
50.0 18.0 0.0
50.0 20.0 0.0
50.0 22.0 0.0
50.0 24.0 0.0
50.0 26.0 0.0
50.0 28.0 0.0
50.0 30.0 0.011295978463250027
50.0 32.0 0.05120899645872997
50.0 34.0 0.14119066100366193
50.0 36.0 0.23991691880375857
50.0 38.0 0.3459524873930935
50.0 40.0 0.4457933784944727
50.0 42.0 0.44337755552948593
50.0 44.0 0.4439224950597302
50.0 46.0 0.4508987885508022
50.0 48.0 0.44389966520562424
50.0 50.0 0.47422811579525753
50.0 52.0 0.3607016420683624
50.0 54.0 0.10912726943973157
50.0 56.0 0.00446543077948655
50.0 58.0 0.0
50.0 60.0 0.0
50.0 62.0 0.0
50.0 64.0 0.0
50.0 66.0 0.0
50.0 68.0 0.0
50.0 70.0 0.0
50.0 72.0 0.0
50.0 74.0 0.0
50.0 76.0 0.0
50.0 78.0 0.027150612862039108
50.0 80.0 0.07068332130985971
50.0 82.0 0.11849450300067477
50.0 84.0 0.1595657651153827
50.0 86.0 0.18024980067307014
50.0 88.0 0.17141992105884796
50.0 90.0 0.1212771791506293
50.0 92.0 0.0478768943426264
50.0 94.0 0.024484976477287927
50.0 96.0 0.0
50.0 98.0 0.0
50.0 100.0 0.0
50.0 102.0 0.0
50.0 104.0 0.0
50.0 106.0 0.0
50.0 108.0 0.0
50.0 110.0 0.0
50.0 112.0 0.0
50.0 114.0 0.0
50.0 116.0 0.014038496500510695
50.0 118.0 0.07180790549261169
50.0 120.0 0.14712630139808552
50.0 122.0 0.20552199237230617
50.0 124.0 0.26815203274349314
50.0 126.0 0.0
52.0 0.0 0.0
52.0 2.0 0.42815374227948055
52.0 4.0 0.4046863464843795
52.0 6.0 0.2814171836847192
52.0 8.0 0.1388177458078574
52.0 10.0 0.01381318811305412
52.0 12.0 0.0
52.0 14.0 0.0
52.0 16.0 0.0
52.0 18.0 0.0
52.0 20.0 0.0
52.0 22.0 0.0
52.0 24.0 0.0
52.0 26.0 0.0
52.0 28.0 0.024066958483531728
52.0 30.0 0.07248096509212552
52.0 32.0 0.1363753706994326
52.0 34.0 0.21632335805701416
52.0 36.0 0.29887581866549134
52.0 38.0 0.3826545166866832
52.0 40.0 0.451446828679198
52.0 42.0 0.4312692497853134
52.0 44.0 0.4409208855692577
52.0 46.0 0.44031135158968054
52.0 48.0 0.4763067240877707
52.0 50.0 0.4524480635006616
52.0 52.0 0.2941328095521252
52.0 54.0 0.04842973066846945
52.0 56.0 0.0
52.0 58.0 0.0
52.0 60.0 0.0
52.0 62.0 0.0
52.0 64.0 0.0
52.0 66.0 0.0
52.0 68.0 0.0
52.0 70.0 0.0
52.0 72.0 0.0
52.0 74.0 0.0
52.0 76.0 0.0
52.0 78.0 0.029265783256911135
52.0 80.0 0.07789967042711357
52.0 82.0 0.1139624817438415
52.0 84.0 0.13892542445289108
52.0 86.0 0.13388020127672573
52.0 88.0 0.1018351161209118
52.0 90.0 0.04407956061681801
52.0 92.0 3.4376447633865486E-4
52.0 94.0 0.002589931483792696
52.0 96.0 0.0
52.0 98.0 0.0
52.0 100.0 0.0
52.0 102.0 0.0
52.0 104.0 0.0
52.0 106.0 0.0
52.0 108.0 0.0
52.0 110.0 0.0
52.0 112.0 0.0
52.0 114.0 0.01314813742195031
52.0 116.0 0.04865305724726574
52.0 118.0 0.11066056000006523
52.0 120.0 0.16935997961965557
52.0 122.0 0.220905418667429
52.0 124.0 0.28535803116733977
52.0 126.0 0.0
54.0 0.0 0.0
54.0 2.0 0.37363607157684586
54.0 4.0 0.2750352243401582
54.0 6.0 0.11441092930666946
54.0 8.0 0.0031500430869590558
54.0 10.0 0.0
54.0 12.0 0.0
54.0 14.0 0.0
54.0 16.0 0.0
54.0 18.0 0.0
54.0 20.0 0.0
54.0 22.0 0.0
54.0 24.0 0.0
54.0 26.0 0.023510746957932357
54.0 28.0 0.08057715157231958
54.0 30.0 0.15092135129934306
54.0 32.0 0.2136544094489614
54.0 34.0 0.27906625393513257
54.0 36.0 0.34328026260806394
54.0 38.0 0.40596739282752453
54.0 40.0 0.4443091032330943
54.0 42.0 0.42069677573468506
54.0 44.0 0.42553800771540923
54.0 46.0 0.430030719367277
54.0 48.0 0.46420297411864603
54.0 50.0 0.38616367354734754
54.0 52.0 0.16507750379193015
54.0 54.0 0.016115595374364158
54.0 56.0 0.0
54.0 58.0 0.0
54.0 60.0 0.0
54.0 62.0 0.0
54.0 64.0 0.0
54.0 66.0 0.0
54.0 68.0 0.0
54.0 70.0 0.0
54.0 72.0 0.0
54.0 74.0 0.0
54.0 76.0 0.005660234699612983
54.0 78.0 0.04075991018334849
54.0 80.0 0.07831133403110455
54.0 82.0 0.10212387583805273
54.0 84.0 0.11467105463357362
54.0 86.0 0.10753633320358474
54.0 88.0 0.07019544689240446
54.0 90.0 0.02427603436837959
54.0 92.0 0.0
54.0 94.0 0.0
54.0 96.0 0.0
54.0 98.0 0.0
54.0 100.0 0.0
54.0 102.0 0.0
54.0 104.0 0.0
54.0 106.0 0.0
54.0 108.0 0.0
54.0 110.0 0.0
54.0 112.0 0.0047162547503176435
54.0 114.0 0.025158139398930048
54.0 116.0 0.05647249874136808
54.0 118.0 0.1084062775464608
54.0 120.0 0.15779997899175582
54.0 122.0 0.21027934328455725
54.0 124.0 0.28602811698469816
54.0 126.0 0.3366660832022384
56.0 0.0 0.0
56.0 2.0 0.22825605966086351
56.0 4.0 0.014474621236388643
56.0 6.0 0.0
56.0 8.0 0.0
56.0 10.0 0.0
56.0 12.0 0.0
56.0 14.0 0.0
56.0 16.0 0.0
56.0 18.0 0.0
56.0 20.0 0.0
56.0 22.0 0.0
56.0 24.0 0.008886103353954138
56.0 26.0 0.07089183945650197
56.0 28.0 0.15215864682897248
56.0 30.0 0.2247427677959659
56.0 32.0 0.2830519226229639
56.0 34.0 0.3337823731449678
56.0 36.0 0.37930777262730914
56.0 38.0 0.4197934847437487
56.0 40.0 0.38949297066980887
56.0 42.0 0.39059847039006806
56.0 44.0 0.38964444073135535
56.0 46.0 0.3887997770202212
56.0 48.0 0.38662692504914525
56.0 50.0 0.2514667653977796
56.0 52.0 0.04907216660419644
56.0 54.0 0.0
56.0 56.0 0.0
56.0 58.0 0.0
56.0 60.0 0.0
56.0 62.0 0.0
56.0 64.0 0.0
56.0 66.0 0.0
56.0 68.0 0.0
56.0 70.0 0.0
56.0 72.0 0.0
56.0 74.0 0.0
56.0 76.0 0.011263155672812346
56.0 78.0 0.04310666754665939
56.0 80.0 0.07212599984097094
56.0 82.0 0.08818112464431926
56.0 84.0 0.09209391280108274
56.0 86.0 0.09332196084637327
56.0 88.0 0.05806640401012342
56.0 90.0 0.021129489487224904
56.0 92.0 0.0
56.0 94.0 0.0
56.0 96.0 0.0
56.0 98.0 0.0
56.0 100.0 0.0
56.0 102.0 0.0
56.0 104.0 0.0
56.0 106.0 0.0
56.0 108.0 0.0
56.0 110.0 3.2136622792519793E-4
56.0 112.0 0.004604131063083112
56.0 114.0 0.01592180350687112
56.0 116.0 0.03342424618665761
56.0 118.0 0.06712877411829281
56.0 120.0 0.11690772095423102
56.0 122.0 0.17280684503766017
56.0 124.0 0.24138619993492805
56.0 126.0 0.3166975468320042
58.0 0.0 0.0
58.0 2.0 0.10888886408875303
58.0 4.0 0.0
58.0 6.0 0.0
58.0 8.0 0.0
58.0 10.0 0.0
58.0 12.0 0.0
58.0 14.0 0.0
58.0 16.0 0.0
58.0 18.0 0.0
58.0 20.0 0.0
58.0 22.0 0.006828150144630902
58.0 24.0 0.05875922290811317
58.0 26.0 0.1518871090518431
58.0 28.0 0.23993848572785548
58.0 30.0 0.3050506574264004
58.0 32.0 0.35171119518819355
58.0 34.0 0.3866960667071703
58.0 36.0 0.41091035427793693
58.0 38.0 0.42123947239378534
58.0 40.0 0.34810905952755133
58.0 42.0 0.3406895636041897
58.0 44.0 0.3220099841751172
58.0 46.0 0.3120189271692815
58.0 48.0 0.2439142371694217
58.0 50.0 0.0776753748328859
58.0 52.0 0.004667776086575434
58.0 54.0 0.0
58.0 56.0 0.0
58.0 58.0 0.0
58.0 60.0 0.0
58.0 62.0 0.0
58.0 64.0 0.0
58.0 66.0 0.0
58.0 68.0 0.0
58.0 70.0 0.0
58.0 72.0 0.0
58.0 74.0 0.0
58.0 76.0 0.01760013821187408
58.0 78.0 0.04642390338484301
58.0 80.0 0.0685831258549648
58.0 82.0 0.08271353331961823
58.0 84.0 0.09025129639456908
58.0 86.0 0.07585224747095672
58.0 88.0 0.04314702329665046
58.0 90.0 0.02256634929624458
58.0 92.0 0.0035186121930113213
58.0 94.0 0.0
58.0 96.0 0.0
58.0 98.0 0.0
58.0 100.0 0.0
58.0 102.0 0.0
58.0 104.0 0.0
58.0 106.0 0.0
58.0 108.0 0.0
58.0 110.0 0.0
58.0 112.0 0.0
58.0 114.0 2.8117371056394667E-4
58.0 116.0 0.007349898511624066
58.0 118.0 0.02423806597321076
58.0 120.0 0.05877142280406066
58.0 122.0 0.10983326014124956
58.0 124.0 0.17366982181506696
58.0 126.0 0.260963219046907
60.0 0.0 0.0
60.0 2.0 0.06136319197001408
60.0 4.0 0.0
60.0 6.0 0.0
60.0 8.0 0.0
60.0 10.0 0.0
60.0 12.0 0.0
60.0 14.0 0.0
60.0 16.0 0.0
60.0 18.0 0.0
60.0 20.0 0.0038197888152886306
60.0 22.0 0.0466410040330296
60.0 24.0 0.1527037429497686
60.0 26.0 0.25528124568170774
60.0 28.0 0.326798189259926
60.0 30.0 0.378643105145626
60.0 32.0 0.41278864179238406
60.0 34.0 0.4296257842250639
60.0 36.0 0.4290429340192616
60.0 38.0 0.35619841274253167
60.0 40.0 0.30235422962288855
60.0 42.0 0.2665441650891406
60.0 44.0 0.22004424548731505
60.0 46.0 0.17337894584646943
60.0 48.0 0.05742561738241992
60.0 50.0 0.004352391085446275
60.0 52.0 0.0
60.0 54.0 0.0
60.0 56.0 0.0
60.0 58.0 0.0
60.0 60.0 0.0
60.0 62.0 0.0
60.0 64.0 0.0
60.0 66.0 0.0
60.0 68.0 0.0
60.0 70.0 0.0
60.0 72.0 0.0
60.0 74.0 6.7307627464472E-4
60.0 76.0 0.027141134119455942
60.0 78.0 0.052437592240684124
60.0 80.0 0.06992851882195202
60.0 82.0 0.08519050687123196
60.0 84.0 0.08497026240561141
60.0 86.0 0.07151600007316576
60.0 88.0 0.04466760329799504
60.0 90.0 0.027244153570758187
60.0 92.0 0.009727279846557404
60.0 94.0 0.0019201640377079561
60.0 96.0 0.0
60.0 98.0 0.0
60.0 100.0 0.0
60.0 102.0 0.0
60.0 104.0 0.0
60.0 106.0 0.0
60.0 108.0 0.0
60.0 110.0 0.0
60.0 112.0 0.0
60.0 114.0 0.0
60.0 116.0 0.0
60.0 118.0 0.0
60.0 120.0 0.01397593359499034
60.0 122.0 0.03169647327464764
60.0 124.0 0.06190631930957544
60.0 126.0 0.16790098409628174
62.0 0.0 0.0
62.0 2.0 0.03557057077371183
62.0 4.0 0.0
62.0 6.0 0.0
62.0 8.0 0.0
62.0 10.0 0.0
62.0 12.0 0.0
62.0 14.0 0.0
62.0 16.0 0.0
62.0 18.0 0.0
62.0 20.0 0.0210090298143181
62.0 22.0 0.1122697798776166
62.0 24.0 0.23400318163103154
62.0 26.0 0.3275258385114415
62.0 28.0 0.39706797310004105
62.0 30.0 0.4416350907221093
62.0 32.0 0.4623557511895961
62.0 34.0 0.4569715399075722
62.0 36.0 0.3889930136557789
62.0 38.0 0.30063080585587576
62.0 40.0 0.235842219995255
62.0 42.0 0.15873656037941863
62.0 44.0 0.07426093781109716
62.0 46.0 0.012145009654649937
62.0 48.0 0.0
62.0 50.0 0.0
62.0 52.0 0.0
62.0 54.0 0.0
62.0 56.0 0.0
62.0 58.0 0.0
62.0 60.0 0.0
62.0 62.0 0.0
62.0 64.0 0.0
62.0 66.0 0.0
62.0 68.0 0.0
62.0 70.0 0.0
62.0 72.0 0.001375519091693124
62.0 74.0 0.027330639225213352
62.0 76.0 0.05427335257327404
62.0 78.0 0.07536046210759824
62.0 80.0 0.08652388285946022
62.0 82.0 0.08806753256653242
62.0 84.0 0.0814878862419204
62.0 86.0 0.06941776961055351
62.0 88.0 0.055334325735382474
62.0 90.0 0.04116393198447831
62.0 92.0 0.022344963555389726
62.0 94.0 0.010525212154661132
62.0 96.0 0.0035867066909803787
62.0 98.0 1.598583081282499E-4
62.0 100.0 0.0
62.0 102.0 0.0
62.0 104.0 0.0
62.0 106.0 0.0
62.0 108.0 0.0
62.0 110.0 0.0
62.0 112.0 0.0
62.0 114.0 0.0
62.0 116.0 0.0
62.0 118.0 0.0
62.0 120.0 0.0
62.0 122.0 0.0
62.0 124.0 0.0
62.0 126.0 0.059219811912520674
64.0 0.0 0.0
64.0 2.0 0.012466907139664585
64.0 4.0 0.0
64.0 6.0 0.0
64.0 8.0 0.0
64.0 10.0 0.0
64.0 12.0 0.0
64.0 14.0 0.0
64.0 16.0 0.0
64.0 18.0 0.002516240844989684
64.0 20.0 0.05326568186833458
64.0 22.0 0.1795226568253436
64.0 24.0 0.29896110340269794
64.0 26.0 0.39089016824126555
64.0 28.0 0.4564280610492049
64.0 30.0 0.4912297969359712
64.0 32.0 0.4961161112263864
64.0 34.0 0.458585867264077
64.0 36.0 0.3409126824697446
64.0 38.0 0.25219519403063534
64.0 40.0 0.13788056431944512
64.0 42.0 0.026373539864883513
64.0 44.0 0.0
64.0 46.0 0.0
64.0 48.0 0.0
64.0 50.0 0.0
64.0 52.0 0.0
64.0 54.0 0.0
64.0 56.0 0.0
64.0 58.0 0.0
64.0 60.0 0.0
64.0 62.0 0.0
64.0 64.0 0.0
64.0 66.0 0.0
64.0 68.0 0.0
64.0 70.0 0.010815675015637544
64.0 72.0 0.029447830711004413
64.0 74.0 0.05375318117859942
64.0 76.0 0.0755859665306511
64.0 78.0 0.08989640775389444
64.0 80.0 0.0959077618278139
64.0 82.0 0.09399309600709031
64.0 84.0 0.08582634449575118
64.0 86.0 0.06326636701233157
64.0 88.0 0.03575811325456246
64.0 90.0 0.021850393348492838
64.0 92.0 0.014819435558831308
64.0 94.0 0.012844596359971682
64.0 96.0 0.016261423442457755
64.0 98.0 0.01381282931471265
64.0 100.0 0.010380829923855818
64.0 102.0 0.010108367022289106
64.0 104.0 0.0044170957845800175
64.0 106.0 5.717917088375085E-4
64.0 108.0 0.0
64.0 110.0 0.0
64.0 112.0 0.0
64.0 114.0 0.0
64.0 116.0 0.0
64.0 118.0 0.0
64.0 120.0 0.0
64.0 122.0 0.0
64.0 124.0 0.0
64.0 126.0 0.0
66.0 0.0 0.0
66.0 2.0 0.0
66.0 4.0 0.0
66.0 6.0 0.0
66.0 8.0 0.0
66.0 10.0 0.0
66.0 12.0 0.0
66.0 14.0 0.0
66.0 16.0 0.0
66.0 18.0 0.01354870948891887
66.0 20.0 0.10283713107243282
66.0 22.0 0.23932277596664817
66.0 24.0 0.35483680719585675
66.0 26.0 0.4429803046244714
66.0 28.0 0.5005836704323033
66.0 30.0 0.5245392239529051
66.0 32.0 0.5041283389598471
66.0 34.0 0.3867480407466147
66.0 36.0 0.3047740807412586
66.0 38.0 0.1827171519505718
66.0 40.0 0.041033849353864164
66.0 42.0 6.889452141131792E-4
66.0 44.0 0.0
66.0 46.0 0.0
66.0 48.0 0.0
66.0 50.0 0.0
66.0 52.0 0.0
66.0 54.0 0.0
66.0 56.0 0.0
66.0 58.0 0.0
66.0 60.0 0.0
66.0 62.0 0.0
66.0 64.0 0.0
66.0 66.0 0.0021463413701628127
66.0 68.0 0.01848336290546799
66.0 70.0 0.044539242394947366
66.0 72.0 0.06507290119286234
66.0 74.0 0.08276029993405777
66.0 76.0 0.09604415592150685
66.0 78.0 0.1036488773846122
66.0 80.0 0.10536569673013656
66.0 82.0 0.09951801710636841
66.0 84.0 0.07340743534886227
66.0 86.0 0.04404916099437948
66.0 88.0 0.0251207516359606
66.0 90.0 0.013452385530910054
66.0 92.0 0.012349738574550856
66.0 94.0 0.022064807708557732
66.0 96.0 0.04627132519881141
66.0 98.0 0.07075922562980717
66.0 100.0 0.08608532782741755
66.0 102.0 0.09673343221859516
66.0 104.0 0.08481639319512065
66.0 106.0 0.0507723041621747
66.0 108.0 0.0158794487395662
66.0 110.0 0.0010150475324764846
66.0 112.0 0.0
66.0 114.0 0.0
66.0 116.0 0.0
66.0 118.0 0.0
66.0 120.0 0.0
66.0 122.0 0.0
66.0 124.0 0.0
66.0 126.0 0.0
68.0 0.0 0.0
68.0 2.0 0.0
68.0 4.0 0.0
68.0 6.0 0.0
68.0 8.0 0.0
68.0 10.0 0.0
68.0 12.0 0.0
68.0 14.0 0.0
68.0 16.0 0.0
68.0 18.0 0.019947875422632242
68.0 20.0 0.12316249616072729
68.0 22.0 0.2509626534376059
68.0 24.0 0.3776290653614837
68.0 26.0 0.4778351606365099
68.0 28.0 0.5286555365614485
68.0 30.0 0.5422214574451882
68.0 32.0 0.4814331023960538
68.0 34.0 0.35411358864250647
68.0 36.0 0.2560434109778668
68.0 38.0 0.114399718412242
68.0 40.0 0.01066851978578362
68.0 42.0 0.0
68.0 44.0 0.0
68.0 46.0 0.0
68.0 48.0 0.0
68.0 50.0 0.0
68.0 52.0 0.0
68.0 54.0 0.0
68.0 56.0 0.0
68.0 58.0 0.0
68.0 60.0 0.0
68.0 62.0 0.0
68.0 64.0 0.0
68.0 66.0 0.023018613258701606
68.0 68.0 0.0519718440554968
68.0 70.0 0.07572549462048246
68.0 72.0 0.08865866758044899
68.0 74.0 0.09895118538365848
68.0 76.0 0.10555554298119692
68.0 78.0 0.1047046549795695
68.0 80.0 0.0870978380391114
68.0 82.0 0.07804413853853186
68.0 84.0 0.06280219062631835
68.0 86.0 0.03219035831367733
68.0 88.0 0.016014688292368438
68.0 90.0 0.008372726122916589
68.0 92.0 0.012049570103474858
68.0 94.0 0.03319622111744425
68.0 96.0 0.07015160189790019
68.0 98.0 0.11453955682007122
68.0 100.0 0.17440900158907977
68.0 102.0 0.19293583864503536
68.0 104.0 0.18434463033014412
68.0 106.0 0.1442736530981861
68.0 108.0 0.08598160111947571
68.0 110.0 0.018930540106882016
68.0 112.0 7.839442173832806E-4
68.0 114.0 0.0
68.0 116.0 0.0
68.0 118.0 0.0
68.0 120.0 0.0
68.0 122.0 0.0
68.0 124.0 0.0
68.0 126.0 0.0
70.0 0.0 0.0
70.0 2.0 0.0
70.0 4.0 0.0
70.0 6.0 0.0
70.0 8.0 0.0
70.0 10.0 0.0
70.0 12.0 0.0
70.0 14.0 0.0
70.0 16.0 0.0
70.0 18.0 0.056248139043963884
70.0 20.0 0.17930286651397834
70.0 22.0 0.3121344577069824
70.0 24.0 0.42661526214169626
70.0 26.0 0.5065158973683951
70.0 28.0 0.5480798318646364
70.0 30.0 0.5336013012027777
70.0 32.0 0.4226254772676829
70.0 34.0 0.3452073900795669
70.0 36.0 0.2136344594022138
70.0 38.0 0.04544501949790578
70.0 40.0 0.0
70.0 42.0 0.0
70.0 44.0 0.0
70.0 46.0 0.0
70.0 48.0 0.0
70.0 50.0 0.0
70.0 52.0 0.0
70.0 54.0 0.0
70.0 56.0 0.0
70.0 58.0 0.0
70.0 60.0 0.0
70.0 62.0 0.0
70.0 64.0 0.012648975446884344
70.0 66.0 0.05154254718486367
70.0 68.0 0.08331065953063851
70.0 70.0 0.09817661331900153
70.0 72.0 0.10536981205755593
70.0 74.0 0.10810286839915505
70.0 76.0 0.10840277647059803
70.0 78.0 0.09154739052177165
70.0 80.0 0.07287264533299535
70.0 82.0 0.059272510702744
70.0 84.0 0.04489400556564584
70.0 86.0 0.0193966648360061
70.0 88.0 0.005026841943784701
70.0 90.0 0.0017769289829268264
70.0 92.0 0.009471792382993938
70.0 94.0 0.04404864401140321
70.0 96.0 0.09633507932023284
70.0 98.0 0.16584388900276284
70.0 100.0 0.2410269065630276
70.0 102.0 0.31372110657824653
70.0 104.0 0.3031450627286683
70.0 106.0 0.24489873164504194
70.0 108.0 0.17209514787561445
70.0 110.0 0.07702559470426154
70.0 112.0 0.011144371713284184
70.0 114.0 0.0
70.0 116.0 0.0
70.0 118.0 0.0
70.0 120.0 0.0
70.0 122.0 0.0
70.0 124.0 0.0
70.0 126.0 0.0
72.0 0.0 0.0
72.0 2.0 0.0
72.0 4.0 0.0
72.0 6.0 0.0
72.0 8.0 0.0
72.0 10.0 0.0
72.0 12.0 0.0
72.0 14.0 0.0
72.0 16.0 0.0016572442705559643
72.0 18.0 0.10131753633305436
72.0 20.0 0.2496926916547834
72.0 22.0 0.3765439363820076
72.0 24.0 0.4752466741660996
72.0 26.0 0.541646419700908
72.0 28.0 0.5722289866243514
72.0 30.0 0.5136506216210873
72.0 32.0 0.3968836827936981
72.0 34.0 0.3091363392821885
72.0 36.0 0.1644093632802148
72.0 38.0 0.020484402290450645
72.0 40.0 0.0
72.0 42.0 0.0
72.0 44.0 0.0
72.0 46.0 0.0
72.0 48.0 0.0
72.0 50.0 0.0
72.0 52.0 0.0
72.0 54.0 0.0
72.0 56.0 0.0
72.0 58.0 0.0
72.0 60.0 0.0
72.0 62.0 0.0016086647719219507
72.0 64.0 0.03806536592846795
72.0 66.0 0.08163148183846512
72.0 68.0 0.10475738850338695
72.0 70.0 0.113541408651318
72.0 72.0 0.11510053776846046
72.0 74.0 0.10970483904777255
72.0 76.0 0.09794872157798891
72.0 78.0 0.06532571797554519
72.0 80.0 0.03732021363836396
72.0 82.0 0.019152970078948523
72.0 84.0 0.012582670222522971
72.0 86.0 0.008155468836236598
72.0 88.0 0.0
72.0 90.0 0.0
72.0 92.0 0.0022963056203151593
72.0 94.0 0.05115971062774132
72.0 96.0 0.1241501335281457
72.0 98.0 0.21816609796183642
72.0 100.0 0.3014436216310177
72.0 102.0 0.3509334338824213
72.0 104.0 0.3601772704835608
72.0 106.0 0.32774240998656784
72.0 108.0 0.2568015748147822
72.0 110.0 0.1539619091811727
72.0 112.0 0.042204781079451074
72.0 114.0 0.002278797971627835
72.0 116.0 0.0
72.0 118.0 0.0
72.0 120.0 0.0
72.0 122.0 0.0
72.0 124.0 0.0
72.0 126.0 0.0
74.0 0.0 0.0
74.0 2.0 0.0
74.0 4.0 0.0
74.0 6.0 0.0
74.0 8.0 0.0
74.0 10.0 0.0
74.0 12.0 0.0
74.0 14.0 0.0
74.0 16.0 0.03191362954824101
74.0 18.0 0.15975940454599494
74.0 20.0 0.2655852663772136
74.0 22.0 0.39721148907874354
74.0 24.0 0.49767231706535525
74.0 26.0 0.5588101164102487
74.0 28.0 0.5278574021063968
74.0 30.0 0.4747128242619802
74.0 32.0 0.39817372114510147
74.0 34.0 0.2598846711274628
74.0 36.0 0.10024257551140868
74.0 38.0 0.007647027934740695
74.0 40.0 0.0
74.0 42.0 0.0
74.0 44.0 0.0
74.0 46.0 0.0
74.0 48.0 0.0
74.0 50.0 0.0
74.0 52.0 0.0
74.0 54.0 0.0
74.0 56.0 0.0
74.0 58.0 0.0
74.0 60.0 0.0
74.0 62.0 0.010927367323763232
74.0 64.0 0.06842753742953286
74.0 66.0 0.11096485789664647
74.0 68.0 0.1270497723578122
74.0 70.0 0.12844863562876926
74.0 72.0 0.117863509098809
74.0 74.0 0.10050359168075367
74.0 76.0 0.07288965939852439
74.0 78.0 0.04223495747801476
74.0 80.0 0.008896597741549866
74.0 82.0 0.0
74.0 84.0 0.0
74.0 86.0 0.0
74.0 88.0 0.0
74.0 90.0 0.0
74.0 92.0 0.005272515855419661
74.0 94.0 0.07249566411449025
74.0 96.0 0.16259305400656549
74.0 98.0 0.26198226132530555
74.0 100.0 0.3478071893925951
74.0 102.0 0.4036504061416792
74.0 104.0 0.42055906369081736
74.0 106.0 0.39525842781847714
74.0 108.0 0.3315808267442176
74.0 110.0 0.22913687974685495
74.0 112.0 0.09468658377940796
74.0 114.0 0.011893445329324894
74.0 116.0 0.0
74.0 118.0 0.0
74.0 120.0 0.0
74.0 122.0 0.0
74.0 124.0 0.0
74.0 126.0 0.0
76.0 0.0 0.0
76.0 2.0 0.0
76.0 4.0 0.0
76.0 6.0 0.0
76.0 8.0 0.0
76.0 10.0 0.0
76.0 12.0 0.0
76.0 14.0 0.0
76.0 16.0 0.06765672295997859
76.0 18.0 0.18716570430906943
76.0 20.0 0.28284594537916335
76.0 22.0 0.40663398830376235
76.0 24.0 0.49398577774237573
76.0 26.0 0.4983254626657458
76.0 28.0 0.5078209513287385
76.0 30.0 0.47020786303140727
76.0 32.0 0.3887000724622142
76.0 34.0 0.2471640021173782
76.0 36.0 0.046515527979529465
76.0 38.0 0.0
76.0 40.0 0.0
76.0 42.0 0.0
76.0 44.0 0.0
76.0 46.0 0.0
76.0 48.0 0.0
76.0 50.0 0.0
76.0 52.0 0.0
76.0 54.0 0.0
76.0 56.0 0.0
76.0 58.0 0.0
76.0 60.0 0.003135514088621354
76.0 62.0 0.04681062167218874
76.0 64.0 0.12280821943680391
76.0 66.0 0.15521754693527814
76.0 68.0 0.16310150358424888
76.0 70.0 0.14831676621664217
76.0 72.0 0.11870023838262217
76.0 74.0 0.08152908917815072
76.0 76.0 0.03306421204520651
76.0 78.0 0.002982233132007095
76.0 80.0 0.0
76.0 82.0 0.0
76.0 84.0 0.0
76.0 86.0 0.0
76.0 88.0 0.0
76.0 90.0 0.0
76.0 92.0 0.011415003585894347
76.0 94.0 0.09615329809468859
76.0 96.0 0.19858379657271588
76.0 98.0 0.28741179659892896
76.0 100.0 0.3688206365367696
76.0 102.0 0.4285596176838566
76.0 104.0 0.45385357998316683
76.0 106.0 0.4387152427651387
76.0 108.0 0.38547768574785085
76.0 110.0 0.2909262250847515
76.0 112.0 0.15821526721237825
76.0 114.0 0.03156832237730689
76.0 116.0 0.0
76.0 118.0 0.0
76.0 120.0 0.0
76.0 122.0 0.0
76.0 124.0 0.0
76.0 126.0 0.0
78.0 0.0 0.0
78.0 2.0 0.0
78.0 4.0 0.0
78.0 6.0 0.0
78.0 8.0 0.0
78.0 10.0 0.0
78.0 12.0 0.0
78.0 14.0 0.0
78.0 16.0 0.07014555865454276
78.0 18.0 0.17712733861866561
78.0 20.0 0.28281220070643315
78.0 22.0 0.4022371930744315
78.0 24.0 0.47454816305762
78.0 26.0 0.4769919530591255
78.0 28.0 0.48648963871396594
78.0 30.0 0.4576498461155945
78.0 32.0 0.36981818969936825
78.0 34.0 0.17663252766589185
78.0 36.0 0.020024686059384348
78.0 38.0 0.0
78.0 40.0 0.0
78.0 42.0 0.0
78.0 44.0 0.0
78.0 46.0 0.0
78.0 48.0 0.0
78.0 50.0 0.0
78.0 52.0 0.0
78.0 54.0 0.0
78.0 56.0 0.0
78.0 58.0 0.0
78.0 60.0 0.048012402825342276
78.0 62.0 0.13887511033510744
78.0 64.0 0.20162495727798976
78.0 66.0 0.2233544747259708
78.0 68.0 0.21471911275886443
78.0 70.0 0.1770415050438516
78.0 72.0 0.12091789133827778
78.0 74.0 0.04259699676703732
78.0 76.0 0.0
78.0 78.0 0.0
78.0 80.0 0.0
78.0 82.0 0.0
78.0 84.0 0.0
78.0 86.0 0.0
78.0 88.0 0.0
78.0 90.0 0.0
78.0 92.0 0.001919971807675275
78.0 94.0 0.09235725320504092
78.0 96.0 0.19582184590996457
78.0 98.0 0.2956397675470672
78.0 100.0 0.3805829030739005
78.0 102.0 0.4435871340292274
78.0 104.0 0.4768705030193996
78.0 106.0 0.4679548302691677
78.0 108.0 0.4223668242889788
78.0 110.0 0.33804572427797197
78.0 112.0 0.21095662576460392
78.0 114.0 0.06797170612924827
78.0 116.0 0.004429638050712395
78.0 118.0 0.0
78.0 120.0 0.0
78.0 122.0 0.0
78.0 124.0 0.0
78.0 126.0 0.0
80.0 0.0 0.0
80.0 2.0 0.0
80.0 4.0 0.0
80.0 6.0 0.0
80.0 8.0 0.0
80.0 10.0 0.0
80.0 12.0 0.0
80.0 14.0 0.0
80.0 16.0 0.04027189830791152
80.0 18.0 0.13047892525372554
80.0 20.0 0.24986924007676511
80.0 22.0 0.36942492463459864
80.0 24.0 0.4350170537210274
80.0 26.0 0.44096236281557605
80.0 28.0 0.4485619210964948
80.0 30.0 0.4492909803025393
80.0 32.0 0.326116585001582
80.0 34.0 0.0938725009962672
80.0 36.0 0.0050274442153654475
80.0 38.0 0.0
80.0 40.0 0.0
80.0 42.0 0.0
80.0 44.0 0.0
80.0 46.0 0.0
80.0 48.0 0.0
80.0 50.0 0.0
80.0 52.0 0.0
80.0 54.0 0.0
80.0 56.0 0.0
80.0 58.0 0.04495038467428167
80.0 60.0 0.18896984018053434
80.0 62.0 0.2600834712610461
80.0 64.0 0.2967169564350767
80.0 66.0 0.2996460507287889
80.0 68.0 0.2712727533163125
80.0 70.0 0.2130122486496937
80.0 72.0 0.12128895782804389
80.0 74.0 0.01899584119177847
80.0 76.0 0.0
80.0 78.0 0.0
80.0 80.0 0.0
80.0 82.0 0.0
80.0 84.0 0.0
80.0 86.0 0.0
80.0 88.0 0.0
80.0 90.0 0.0
80.0 92.0 0.0
80.0 94.0 0.03612128039460994
80.0 96.0 0.16376830105439463
80.0 98.0 0.27968148429367884
80.0 100.0 0.37140289234043117
80.0 102.0 0.4389285776798825
80.0 104.0 0.4801649705144207
80.0 106.0 0.48309479848155407
80.0 108.0 0.44205879121260216
80.0 110.0 0.38632797036058913
80.0 112.0 0.28458835351622
80.0 114.0 0.10637437138386945
80.0 116.0 0.010698651493769478
80.0 118.0 0.0
80.0 120.0 0.0
80.0 122.0 0.0
80.0 124.0 0.0
80.0 126.0 0.0
82.0 0.0 0.0
82.0 2.0 0.0
82.0 4.0 0.0
82.0 6.0 0.0
82.0 8.0 0.0
82.0 10.0 0.0
82.0 12.0 0.0
82.0 14.0 5.031504773423032E-4
82.0 16.0 0.02179864955859713
82.0 18.0 0.10211553589538945
82.0 20.0 0.18951805025236756
82.0 22.0 0.2933348294667012
82.0 24.0 0.3525023108406322
82.0 26.0 0.3758430339608041
82.0 28.0 0.38799004294914524
82.0 30.0 0.3460397501609471
82.0 32.0 0.22998120324953755
82.0 34.0 0.037125775093637084
82.0 36.0 0.0
82.0 38.0 0.0
82.0 40.0 0.0
82.0 42.0 0.0
82.0 44.0 0.0
82.0 46.0 0.0
82.0 48.0 0.0
82.0 50.0 0.0
82.0 52.0 0.0
82.0 54.0 0.0
82.0 56.0 0.038307048086428507
82.0 58.0 0.22529525851789947
82.0 60.0 0.31054116455519987
82.0 62.0 0.35519870678752546
82.0 64.0 0.3695187276638443
82.0 66.0 0.35404787082902517
82.0 68.0 0.30973540049304554
82.0 70.0 0.23128911761235327
82.0 72.0 0.11522302342688535
82.0 74.0 0.01354452273069018
82.0 76.0 0.0
82.0 78.0 0.0
82.0 80.0 0.0
82.0 82.0 0.0
82.0 84.0 0.0
82.0 86.0 0.0
82.0 88.0 0.0
82.0 90.0 0.0
82.0 92.0 0.0
82.0 94.0 0.0
82.0 96.0 0.09432592912950703
82.0 98.0 0.2285231910739648
82.0 100.0 0.3376967703511275
82.0 102.0 0.4176036165743471
82.0 104.0 0.46946833249910264
82.0 106.0 0.48553442531890906
82.0 108.0 0.4559874894437672
82.0 110.0 0.3854493639149557
82.0 112.0 0.2743905786851553
82.0 114.0 0.13653497594047723
82.0 116.0 0.019110852022252302
82.0 118.0 0.0
82.0 120.0 0.0
82.0 122.0 0.0
82.0 124.0 0.0
82.0 126.0 0.0
84.0 0.0 0.0
84.0 2.0 0.0
84.0 4.0 0.0
84.0 6.0 0.0
84.0 8.0 0.0
84.0 10.0 0.0
84.0 12.0 0.00386806723574357
84.0 14.0 0.01042693947292584
84.0 16.0 0.018174732402037954
84.0 18.0 0.026155636041902793
84.0 20.0 0.05447141147592533
84.0 22.0 0.11590573347671285
84.0 24.0 0.18760389180606427
84.0 26.0 0.2438865954809756
84.0 28.0 0.28516104490227384
84.0 30.0 0.2408553609626413
84.0 32.0 0.11352030703872425
84.0 34.0 0.009942084792299067
84.0 36.0 0.0
84.0 38.0 0.0
84.0 40.0 0.0
84.0 42.0 0.0
84.0 44.0 0.0
84.0 46.0 0.0
84.0 48.0 0.0
84.0 50.0 0.0
84.0 52.0 0.0
84.0 54.0 0.03366258845460967
84.0 56.0 0.2340389867354343
84.0 58.0 0.33543691677410986
84.0 60.0 0.4163566012045697
84.0 62.0 0.43116132631804893
84.0 64.0 0.41894234161508703
84.0 66.0 0.39042668643129863
84.0 68.0 0.33118382206858127
84.0 70.0 0.23136408876371584
84.0 72.0 0.09570640530250847
84.0 74.0 0.009704302675842472
84.0 76.0 0.0
84.0 78.0 0.0
84.0 80.0 0.0
84.0 82.0 0.0
84.0 84.0 0.0
84.0 86.0 0.0
84.0 88.0 0.0
84.0 90.0 0.0
84.0 92.0 0.0
84.0 94.0 0.0
84.0 96.0 0.03067508072435114
84.0 98.0 0.15381866646961204
84.0 100.0 0.27050086850528726
84.0 102.0 0.3648333615651545
84.0 104.0 0.4294357353407643
84.0 106.0 0.4593000655027541
84.0 108.0 0.44691114923952974
84.0 110.0 0.3881928636213405
84.0 112.0 0.2893485686619374
84.0 114.0 0.1541145688124318
84.0 116.0 0.027815482681603835
84.0 118.0 0.0
84.0 120.0 0.0
84.0 122.0 0.0
84.0 124.0 0.0
84.0 126.0 0.0
86.0 0.0 0.0
86.0 2.0 0.0
86.0 4.0 0.0
86.0 6.0 0.0
86.0 8.0 0.0
86.0 10.0 0.0
86.0 12.0 0.0
86.0 14.0 0.0
86.0 16.0 0.0
86.0 18.0 0.0
86.0 20.0 0.0
86.0 22.0 0.01764188521625715
86.0 24.0 0.06859440092735147
86.0 26.0 0.10779422449200182
86.0 28.0 0.1215098311588743
86.0 30.0 0.08254105014711048
86.0 32.0 0.015161909479894571
86.0 34.0 0.0
86.0 36.0 0.0
86.0 38.0 0.0
86.0 40.0 0.0
86.0 42.0 0.0
86.0 44.0 0.0
86.0 46.0 0.0
86.0 48.0 0.0
86.0 50.0 0.0
86.0 52.0 0.046864788720621005
86.0 54.0 0.2314244598870102
86.0 56.0 0.39491487481223353
86.0 58.0 0.4320786642958583
86.0 60.0 0.47187261792351026
86.0 62.0 0.47971157945047316
86.0 64.0 0.4565211356134676
86.0 66.0 0.41772082463088256
86.0 68.0 0.3447529760595674
86.0 70.0 0.22259139077316648
86.0 72.0 0.06247680464243066
86.0 74.0 0.0030368271616276004
86.0 76.0 0.0
86.0 78.0 0.0
86.0 80.0 0.0
86.0 82.0 0.0
86.0 84.0 0.0
86.0 86.0 0.0
86.0 88.0 0.0
86.0 90.0 0.0
86.0 92.0 0.0
86.0 94.0 0.0
86.0 96.0 4.8791560837697137E-4
86.0 98.0 0.0760970235386245
86.0 100.0 0.18786930041396635
86.0 102.0 0.29138358631059497
86.0 104.0 0.36920160739516567
86.0 106.0 0.43428917457315347
86.0 108.0 0.4468410287860552
86.0 110.0 0.3841550757954424
86.0 112.0 0.29210856442063127
86.0 114.0 0.17422562453241688
86.0 116.0 0.048825217565353664
86.0 118.0 0.0013673317218869869
86.0 120.0 0.0
86.0 122.0 0.0
86.0 124.0 0.0
86.0 126.0 0.0
88.0 0.0 0.0
88.0 2.0 0.0
88.0 4.0 0.0
88.0 6.0 0.0
88.0 8.0 0.0
88.0 10.0 0.008278451806070427
88.0 12.0 0.012479176887696538
88.0 14.0 0.003244668522065985
88.0 16.0 0.0
88.0 18.0 0.0
88.0 20.0 0.0
88.0 22.0 0.0
88.0 24.0 1.5384004194640924E-4
88.0 26.0 0.008501611128373023
88.0 28.0 0.002725852180960187
88.0 30.0 0.0
88.0 32.0 0.0
88.0 34.0 0.0
88.0 36.0 0.0
88.0 38.0 0.0
88.0 40.0 0.0
88.0 42.0 0.0
88.0 44.0 0.0
88.0 46.0 0.0
88.0 48.0 0.0
88.0 50.0 0.04638084966970974
88.0 52.0 0.2087689776458098
88.0 54.0 0.36643390928297076
88.0 56.0 0.47281030060464097
88.0 58.0 0.5407446004218268
88.0 60.0 0.5580875272862341
88.0 62.0 0.5105437539107437
88.0 64.0 0.48249723966011066
88.0 66.0 0.4428754090469947
88.0 68.0 0.3946599716438696
88.0 70.0 0.22521819272670196
88.0 72.0 0.035668028578179474
88.0 74.0 0.0
88.0 76.0 0.0
88.0 78.0 0.0
88.0 80.0 0.0
88.0 82.0 0.0
88.0 84.0 0.0
88.0 86.0 0.0
88.0 88.0 0.0
88.0 90.0 0.0
88.0 92.0 0.0
88.0 94.0 0.0
88.0 96.0 0.0
88.0 98.0 0.0400401134495768
88.0 100.0 0.11914797365160355
88.0 102.0 0.2143318902798758
88.0 104.0 0.293246258875054
88.0 106.0 0.3498596962928209
88.0 108.0 0.367342587614913
88.0 110.0 0.3370466765614711
88.0 112.0 0.268685039740624
88.0 114.0 0.17822927498146193
88.0 116.0 0.07400211593152765
88.0 118.0 0.005706306840242069
88.0 120.0 0.0
88.0 122.0 0.0
88.0 124.0 0.0
88.0 126.0 0.0
90.0 0.0 0.0
90.0 2.0 0.0
90.0 4.0 0.0
90.0 6.0 0.0
90.0 8.0 0.014809642412047979
90.0 10.0 0.030141110500640278
90.0 12.0 0.02512474335676636
90.0 14.0 0.005424586190545685
90.0 16.0 0.0
90.0 18.0 0.0
90.0 20.0 0.0
90.0 22.0 0.0
90.0 24.0 0.0
90.0 26.0 0.0
90.0 28.0 0.0
90.0 30.0 0.0
90.0 32.0 0.0
90.0 34.0 0.0
90.0 36.0 0.0
90.0 38.0 0.0
90.0 40.0 0.0
90.0 42.0 0.0
90.0 44.0 0.0
90.0 46.0 0.0
90.0 48.0 0.022981900992313908
90.0 50.0 0.13582388218225455
90.0 52.0 0.27005756660275015
90.0 54.0 0.3882972079862314
90.0 56.0 0.48137011808719493
90.0 58.0 0.5467734380866398
90.0 60.0 0.5661761195950495
90.0 62.0 0.5466133104852829
90.0 64.0 0.5287478530070541
90.0 66.0 0.5109114969551635
90.0 68.0 0.41563490986270657
90.0 70.0 0.1854090655869868
90.0 72.0 0.023903091309983915
90.0 74.0 0.0
90.0 76.0 0.0
90.0 78.0 0.0
90.0 80.0 0.0
90.0 82.0 0.0
90.0 84.0 0.0
90.0 86.0 0.0
90.0 88.0 0.0
90.0 90.0 0.0
90.0 92.0 0.0
90.0 94.0 0.0
90.0 96.0 0.0
90.0 98.0 0.015594455904204198
90.0 100.0 0.055710169441590775
90.0 102.0 0.12244062702522178
90.0 104.0 0.18710729949829683
90.0 106.0 0.24830980317954873
90.0 108.0 0.2750137314540692
90.0 110.0 0.2656207306198288
90.0 112.0 0.22295915488585302
90.0 114.0 0.16485499365317477
90.0 116.0 0.09977511256609817
90.0 118.0 0.029903417014970273
90.0 120.0 4.5588090840831095E-4
90.0 122.0 0.0
90.0 124.0 0.0
90.0 126.0 0.0
92.0 0.0 0.0
92.0 2.0 0.0
92.0 4.0 0.0
92.0 6.0 0.0
92.0 8.0 8.896589780136257E-4
92.0 10.0 0.02311902981062844
92.0 12.0 0.023138273903510666
92.0 14.0 0.003457533968909424
92.0 16.0 0.0
92.0 18.0 0.0
92.0 20.0 0.0
92.0 22.0 0.0
92.0 24.0 0.0
92.0 26.0 0.0
92.0 28.0 0.0
92.0 30.0 0.0
92.0 32.0 0.0
92.0 34.0 0.0
92.0 36.0 0.0
92.0 38.0 0.0
92.0 40.0 0.0
92.0 42.0 0.0
92.0 44.0 0.0
92.0 46.0 0.007987023875619432
92.0 48.0 0.07337838714294158
92.0 50.0 0.1992521932615806
92.0 52.0 0.32696727223542454
92.0 54.0 0.4194777320816974
92.0 56.0 0.4873552210760366
92.0 58.0 0.5278950857676027
92.0 60.0 0.5485588957480179
92.0 62.0 0.5542623626407724
92.0 64.0 0.5414518569146428
92.0 66.0 0.5372325992482684
92.0 68.0 0.4181804599059939
92.0 70.0 0.173977949479359
92.0 72.0 0.018722801581608554
92.0 74.0 0.0
92.0 76.0 0.0
92.0 78.0 0.0
92.0 80.0 0.0
92.0 82.0 0.0
92.0 84.0 0.0
92.0 86.0 0.0
92.0 88.0 0.0
92.0 90.0 0.0
92.0 92.0 0.0
92.0 94.0 0.0
92.0 96.0 0.0
92.0 98.0 0.008450013470160484
92.0 100.0 0.021395762803293594
92.0 102.0 0.0504757532632712
92.0 104.0 0.10226901330006731
92.0 106.0 0.14005546700683646
92.0 108.0 0.1701698970793392
92.0 110.0 0.18045439117063547
92.0 112.0 0.16931633621101158
92.0 114.0 0.14529032888762458
92.0 116.0 0.1200379693513814
92.0 118.0 0.10232536548619543
92.0 120.0 0.06840762723124476
92.0 122.0 0.0
92.0 124.0 0.0
92.0 126.0 0.0
94.0 0.0 0.0
94.0 2.0 0.0
94.0 4.0 0.0
94.0 6.0 0.0
94.0 8.0 0.014551250824276177
94.0 10.0 0.04120232320117658
94.0 12.0 0.021082459015460558
94.0 14.0 0.0019965806320948565
94.0 16.0 0.0
94.0 18.0 0.0
94.0 20.0 0.0
94.0 22.0 0.0
94.0 24.0 0.0
94.0 26.0 0.0
94.0 28.0 0.0
94.0 30.0 0.0
94.0 32.0 0.0
94.0 34.0 0.0013812338996137404
94.0 36.0 0.0071816993786838305
94.0 38.0 0.0
94.0 40.0 0.0
94.0 42.0 0.0
94.0 44.0 1.5013958167665515E-4
94.0 46.0 0.018230071538255614
94.0 48.0 0.09949405457053577
94.0 50.0 0.22030440567023177
94.0 52.0 0.33002566015590323
94.0 54.0 0.41760329010354974
94.0 56.0 0.47961335795081467
94.0 58.0 0.5248331183222796
94.0 60.0 0.551656257569895
94.0 62.0 0.5614879842644743
94.0 64.0 0.5486383176485274
94.0 66.0 0.5328726468434394
94.0 68.0 0.41323167431900965
94.0 70.0 0.17730752913769135
94.0 72.0 0.02042550855391317
94.0 74.0 0.0
94.0 76.0 0.0
94.0 78.0 0.0
94.0 80.0 0.0
94.0 82.0 0.0
94.0 84.0 0.0
94.0 86.0 0.0
94.0 88.0 0.0
94.0 90.0 0.0
94.0 92.0 0.0
94.0 94.0 0.0
94.0 96.0 0.0
94.0 98.0 0.0014665717237911681
94.0 100.0 0.01249471236044284
94.0 102.0 0.030670905309275607
94.0 104.0 0.047753324757840394
94.0 106.0 0.06261224697997474
94.0 108.0 0.07816111284261493
94.0 110.0 0.10583546640498649
94.0 112.0 0.12352131858929877
94.0 114.0 0.13433311629192576
94.0 116.0 0.15216227048184428
94.0 118.0 0.1502786211823876
94.0 120.0 0.0
94.0 122.0 0.0
94.0 124.0 0.0
94.0 126.0 0.0
96.0 0.0 0.0
96.0 2.0 0.0
96.0 4.0 0.0
96.0 6.0 0.0
96.0 8.0 0.0
96.0 10.0 0.03807022615502461
96.0 12.0 0.013042024371784108
96.0 14.0 0.0023761110856165054
96.0 16.0 0.0
96.0 18.0 0.0
96.0 20.0 0.0
96.0 22.0 0.0
96.0 24.0 0.0
96.0 26.0 0.0
96.0 28.0 0.0
96.0 30.0 0.0
96.0 32.0 0.0
96.0 34.0 0.012287096361613972
96.0 36.0 0.019693194276703664
96.0 38.0 0.004721939652759697
96.0 40.0 0.0
96.0 42.0 2.915516547332654E-4
96.0 44.0 0.004642004801025854
96.0 46.0 0.022699886048175646
96.0 48.0 0.09020067778342195
96.0 50.0 0.19152843980648707
96.0 52.0 0.2961882433968203
96.0 54.0 0.38629627069418665
96.0 56.0 0.45876124862088913
96.0 58.0 0.5109243161849222
96.0 60.0 0.5427464280736408
96.0 62.0 0.5572472470438655
96.0 64.0 0.5460574983176956
96.0 66.0 0.5050613443590021
96.0 68.0 0.39781144924140127
96.0 70.0 0.1863237178228896
96.0 72.0 0.02554971356852916
96.0 74.0 0.0
96.0 76.0 0.0
96.0 78.0 0.0
96.0 80.0 0.0
96.0 82.0 0.0
96.0 84.0 0.0
96.0 86.0 0.0
96.0 88.0 0.0
96.0 90.0 0.0
96.0 92.0 0.0
96.0 94.0 0.0
96.0 96.0 0.0
96.0 98.0 0.0
96.0 100.0 0.016546189311016007
96.0 102.0 0.022350575149803167
96.0 104.0 0.03933345904417693
96.0 106.0 0.04717537375940049
96.0 108.0 0.046824725235669
96.0 110.0 0.04905479752449552
96.0 112.0 0.09211601071156589
96.0 114.0 0.1308835544551235
96.0 116.0 0.1725776658825147
96.0 118.0 0.1904789324571452
96.0 120.0 0.0
96.0 122.0 0.0
96.0 124.0 0.0
96.0 126.0 0.0
98.0 0.0 0.0
98.0 2.0 0.0
98.0 4.0 0.0
98.0 6.0 0.0
98.0 8.0 0.0
98.0 10.0 0.0
98.0 12.0 0.048516641514552705
98.0 14.0 0.0
98.0 16.0 0.0
98.0 18.0 0.0
98.0 20.0 0.0
98.0 22.0 0.0
98.0 24.0 0.0
98.0 26.0 0.0
98.0 28.0 0.0
98.0 30.0 0.0
98.0 32.0 0.0013518374887467304
98.0 34.0 0.019838250387908284
98.0 36.0 0.030184660160269956
98.0 38.0 0.008995924425309637
98.0 40.0 0.0010834951005082964
98.0 42.0 0.0012862936396758925
98.0 44.0 0.0019008692330003535
98.0 46.0 0.009777731367082935
98.0 48.0 0.04437195148652912
98.0 50.0 0.13300702589812202
98.0 52.0 0.2322613527682649
98.0 54.0 0.3295839327661633
98.0 56.0 0.41345816848848044
98.0 58.0 0.4753258010056646
98.0 60.0 0.514251504693826
98.0 62.0 0.5339413463655164
98.0 64.0 0.5266825342465571
98.0 66.0 0.47709007689301614
98.0 68.0 0.37921527217546247
98.0 70.0 0.20601652203038948
98.0 72.0 0.03352650603661964
98.0 74.0 0.0
98.0 76.0 0.0
98.0 78.0 0.0
98.0 80.0 0.0
98.0 82.0 0.0
98.0 84.0 0.0
98.0 86.0 0.0
98.0 88.0 0.0
98.0 90.0 0.0
98.0 92.0 0.0
98.0 94.0 0.0
98.0 96.0 0.0
98.0 98.0 0.0
98.0 100.0 0.007804491797843213
98.0 102.0 0.020467560395887218
98.0 104.0 0.04023566065347584
98.0 106.0 0.04134239177142579
98.0 108.0 0.03692848170362516
98.0 110.0 0.03761954304949424
98.0 112.0 0.08183248873623676
98.0 114.0 0.13514648228201684
98.0 116.0 0.1875319519341239
98.0 118.0 0.0
98.0 120.0 0.0
98.0 122.0 0.0
98.0 124.0 0.0
98.0 126.0 0.0
100.0 0.0 0.0
100.0 2.0 0.0
100.0 4.0 0.0
100.0 6.0 0.0
100.0 8.0 0.0
100.0 10.0 0.0
100.0 12.0 0.07263330102807602
100.0 14.0 2.33206957103529E-6
100.0 16.0 0.0
100.0 18.0 0.0
100.0 20.0 0.0
100.0 22.0 0.0
100.0 24.0 0.0
100.0 26.0 0.0
100.0 28.0 0.0
100.0 30.0 0.0
100.0 32.0 0.0
100.0 34.0 0.028651083993308058
100.0 36.0 0.02533382908952461
100.0 38.0 0.007227926199731542
100.0 40.0 0.0
100.0 42.0 0.0
100.0 44.0 0.0
100.0 46.0 0.0
100.0 48.0 0.0027786045888689823
100.0 50.0 0.07013686159895773
100.0 52.0 0.14923326112619326
100.0 54.0 0.2401603547599622
100.0 56.0 0.3266196757881156
100.0 58.0 0.3992463664791878
100.0 60.0 0.4519658924337468
100.0 62.0 0.48057852414667573
100.0 64.0 0.47703421213811453
100.0 66.0 0.42184986687419457
100.0 68.0 0.3452346289648818
100.0 70.0 0.21586768017498906
100.0 72.0 0.047713571033780315
100.0 74.0 0.0
100.0 76.0 0.0
100.0 78.0 0.0
100.0 80.0 0.0
100.0 82.0 0.0
100.0 84.0 0.0
100.0 86.0 0.0
100.0 88.0 0.0
100.0 90.0 0.0
100.0 92.0 0.0
100.0 94.0 0.0
100.0 96.0 0.0
100.0 98.0 0.0
100.0 100.0 0.004942314684579174
100.0 102.0 0.014900144352874655
100.0 104.0 0.03645772478182334
100.0 106.0 0.05166365385529028
100.0 108.0 0.03738249072401737
100.0 110.0 0.03963427324834471
100.0 112.0 0.09417405845996728
100.0 114.0 0.14972883175969143
100.0 116.0 0.0
100.0 118.0 0.0
100.0 120.0 0.0
100.0 122.0 0.0
100.0 124.0 0.0
100.0 126.0 0.0
102.0 0.0 0.0
102.0 2.0 0.0
102.0 4.0 0.0
102.0 6.0 0.0
102.0 8.0 0.0
102.0 10.0 0.0
102.0 12.0 0.0
102.0 14.0 0.09671354563414793
102.0 16.0 0.0
102.0 18.0 0.0
102.0 20.0 0.0
102.0 22.0 0.0
102.0 24.0 0.0
102.0 26.0 0.0
102.0 28.0 0.0
102.0 30.0 0.0
102.0 32.0 0.009810679832910674
102.0 34.0 0.04267962395806656
102.0 36.0 0.03177589731775201
102.0 38.0 0.0011548651177272374
102.0 40.0 0.0
102.0 42.0 0.0
102.0 44.0 0.0
102.0 46.0 0.0
102.0 48.0 0.0
102.0 50.0 0.012095163282654477
102.0 52.0 0.06562014905687061
102.0 54.0 0.1412760544262228
102.0 56.0 0.21916300900479546
102.0 58.0 0.29146233905118557
102.0 60.0 0.35115312374875907
102.0 62.0 0.3894676098281377
102.0 64.0 0.40075489538583847
102.0 66.0 0.38027786949139447
102.0 68.0 0.3223039452364216
102.0 70.0 0.22151303787774504
102.0 72.0 0.07404022184166818
102.0 74.0 0.003991516467552292
102.0 76.0 0.0
102.0 78.0 0.0
102.0 80.0 0.0
102.0 82.0 0.0
102.0 84.0 0.0
102.0 86.0 0.0
102.0 88.0 0.0
102.0 90.0 0.0
102.0 92.0 0.0
102.0 94.0 0.0
102.0 96.0 0.0
102.0 98.0 0.0
102.0 100.0 0.001442172378715702
102.0 102.0 0.009851588968389289
102.0 104.0 0.029826524576807973
102.0 106.0 0.05179664713927038
102.0 108.0 0.043180511962804535
102.0 110.0 0.055772947476838426
102.0 112.0 0.11613925532241347
102.0 114.0 0.0
102.0 116.0 0.0
102.0 118.0 0.0
102.0 120.0 0.0
102.0 122.0 0.0
102.0 124.0 0.0
102.0 126.0 0.0
104.0 0.0 0.0
104.0 2.0 0.0
104.0 4.0 0.0
104.0 6.0 0.0
104.0 8.0 0.0
104.0 10.0 0.0
104.0 12.0 0.0
104.0 14.0 0.0
104.0 16.0 0.10958747208912623
104.0 18.0 0.0
104.0 20.0 0.0
104.0 22.0 0.0
104.0 24.0 0.0
104.0 26.0 0.0
104.0 28.0 0.0
104.0 30.0 0.0
104.0 32.0 0.04465835916715854
104.0 34.0 0.061988961042909026
104.0 36.0 0.025640779606890738
104.0 38.0 0.0
104.0 40.0 0.0
104.0 42.0 0.0
104.0 44.0 0.0
104.0 46.0 0.0
104.0 48.0 0.0
104.0 50.0 0.0
104.0 52.0 0.006626236447810148
104.0 54.0 0.05166810242366221
104.0 56.0 0.11719570730465607
104.0 58.0 0.1850954236243306
104.0 60.0 0.2545946803352032
104.0 62.0 0.37376870364877784
104.0 64.0 0.3982794901135769
104.0 66.0 0.3616936859474189
104.0 68.0 0.27523778870930543
104.0 70.0 0.22159614711781564
104.0 72.0 0.125911524128741
104.0 74.0 0.013016728043452176
104.0 76.0 0.0
104.0 78.0 0.0
104.0 80.0 0.0
104.0 82.0 0.0
104.0 84.0 0.0
104.0 86.0 0.0
104.0 88.0 0.0
104.0 90.0 0.0
104.0 92.0 0.0
104.0 94.0 0.0
104.0 96.0 0.0
104.0 98.0 0.0
104.0 100.0 0.0
104.0 102.0 2.1058732830690622E-4
104.0 104.0 0.011675700810900727
104.0 106.0 0.022977778494285273
104.0 108.0 0.032240537754682476
104.0 110.0 0.055875172824002055
104.0 112.0 0.12134792003656962
104.0 114.0 0.0
104.0 116.0 0.0
104.0 118.0 0.0
104.0 120.0 0.0
104.0 122.0 0.0
104.0 124.0 0.0
104.0 126.0 0.0
106.0 0.0 0.0
106.0 2.0 0.0
106.0 4.0 0.0
106.0 6.0 0.0
106.0 8.0 0.0
106.0 10.0 0.0
106.0 12.0 0.0
106.0 14.0 0.0
106.0 16.0 0.0
106.0 18.0 0.09438597638802158
106.0 20.0 0.0
106.0 22.0 0.0
106.0 24.0 0.0
106.0 26.0 0.0
106.0 28.0 0.0
106.0 30.0 0.010892241350316356
106.0 32.0 0.06126715538626878
106.0 34.0 0.06436360008462678
106.0 36.0 0.031118298058409377
106.0 38.0 0.0
106.0 40.0 0.0
106.0 42.0 0.0
106.0 44.0 0.0
106.0 46.0 0.0
106.0 48.0 0.0
106.0 50.0 0.0
106.0 52.0 0.0
106.0 54.0 0.004778830335599015
106.0 56.0 0.04093255808065283
106.0 58.0 0.09956270908437909
106.0 60.0 0.1659506662017013
106.0 62.0 0.2765590899655496
106.0 64.0 0.31442623775784
106.0 66.0 0.32907938760901706
106.0 68.0 0.27178110781992443
106.0 70.0 0.2259563099283498
106.0 72.0 0.17846231960663783
106.0 74.0 0.05726432433795715
106.0 76.0 0.0016022299808657896
106.0 78.0 0.0
106.0 80.0 0.0
106.0 82.0 0.0
106.0 84.0 0.0
106.0 86.0 0.0
106.0 88.0 0.0
106.0 90.0 0.0
106.0 92.0 0.0
106.0 94.0 0.0
106.0 96.0 0.0
106.0 98.0 0.0
106.0 100.0 0.0
106.0 102.0 0.0
106.0 104.0 0.0
106.0 106.0 0.0
106.0 108.0 0.0
106.0 110.0 0.022613985775673518
106.0 112.0 0.0
106.0 114.0 0.0
106.0 116.0 0.0
106.0 118.0 0.0
106.0 120.0 0.0
106.0 122.0 0.0
106.0 124.0 0.0
106.0 126.0 0.0
108.0 0.0 0.0
108.0 2.0 0.0
108.0 4.0 0.0
108.0 6.0 0.0
108.0 8.0 0.0
108.0 10.0 0.0
108.0 12.0 0.0
108.0 14.0 0.0
108.0 16.0 0.0
108.0 18.0 0.0
108.0 20.0 0.030359175163454943
108.0 22.0 0.0
108.0 24.0 0.0
108.0 26.0 0.0
108.0 28.0 0.01646006511851302
108.0 30.0 0.07773194976126606
108.0 32.0 0.08660125364947817
108.0 34.0 0.07408565591834809
108.0 36.0 0.03553491393215583
108.0 38.0 7.729244492567051E-4
108.0 40.0 0.0
108.0 42.0 0.0
108.0 44.0 0.0
108.0 46.0 0.0
108.0 48.0 0.0
108.0 50.0 0.0
108.0 52.0 0.0
108.0 54.0 0.0
108.0 56.0 0.006186083526642787
108.0 58.0 0.039999496068524036
108.0 60.0 0.09784924805367608
108.0 62.0 0.1789445349998797
108.0 64.0 0.226908920624579
108.0 66.0 0.27236459887033654
108.0 68.0 0.2632866600821684
108.0 70.0 0.22304957764650865
108.0 72.0 0.1982944930600555
108.0 74.0 0.1551002381847578
108.0 76.0 0.030983759428504398
108.0 78.0 0.0
108.0 80.0 0.0
108.0 82.0 0.0
108.0 84.0 0.0
108.0 86.0 0.0
108.0 88.0 0.0
108.0 90.0 0.0
108.0 92.0 0.0
108.0 94.0 0.0
108.0 96.0 0.0
108.0 98.0 0.0
108.0 100.0 0.0
108.0 102.0 0.0
108.0 104.0 0.0
108.0 106.0 0.0
108.0 108.0 0.0
108.0 110.0 0.0
108.0 112.0 0.0
108.0 114.0 0.0
108.0 116.0 0.0
108.0 118.0 0.0
108.0 120.0 0.0
108.0 122.0 0.0
108.0 124.0 0.0
108.0 126.0 0.0
110.0 0.0 0.0
110.0 2.0 0.0
110.0 4.0 0.0
110.0 6.0 0.0
110.0 8.0 0.0
110.0 10.0 0.0
110.0 12.0 0.0
110.0 14.0 0.0
110.0 16.0 0.0
110.0 18.0 0.0
110.0 20.0 0.0
110.0 22.0 0.0
110.0 24.0 0.01442135537238203
110.0 26.0 0.06523219988979391
110.0 28.0 0.08374716650107783
110.0 30.0 0.09831203179798668
110.0 32.0 0.09905238261683402
110.0 34.0 0.08078257697977761
110.0 36.0 0.05341743938451004
110.0 38.0 0.0014260458723748155
110.0 40.0 0.0
110.0 42.0 0.0
110.0 44.0 0.0
110.0 46.0 0.0
110.0 48.0 0.0
110.0 50.0 0.0
110.0 52.0 0.0
110.0 54.0 0.0
110.0 56.0 0.0
110.0 58.0 0.00815198347115914
110.0 60.0 0.0437749002046313
110.0 62.0 0.09400882710820828
110.0 64.0 0.1489405220961
110.0 66.0 0.2046430051769448
110.0 68.0 0.2149060964652185
110.0 70.0 0.22000529543941952
110.0 72.0 0.22032370626026385
110.0 74.0 0.21432917637418972
110.0 76.0 0.14937773583261882
110.0 78.0 0.03123712120039473
110.0 80.0 0.0
110.0 82.0 0.0
110.0 84.0 0.0
110.0 86.0 0.0
110.0 88.0 0.0
110.0 90.0 0.0
110.0 92.0 0.0
110.0 94.0 0.0
110.0 96.0 0.0
110.0 98.0 0.0
110.0 100.0 0.0
110.0 102.0 0.0
110.0 104.0 0.0
110.0 106.0 0.0
110.0 108.0 0.0
110.0 110.0 0.0
110.0 112.0 0.0
110.0 114.0 0.0
110.0 116.0 0.0
110.0 118.0 0.0
110.0 120.0 0.0
110.0 122.0 0.0
110.0 124.0 0.0
110.0 126.0 0.0
112.0 0.0 0.0
112.0 2.0 0.0
112.0 4.0 0.0
112.0 6.0 0.0
112.0 8.0 0.0
112.0 10.0 0.0
112.0 12.0 0.0
112.0 14.0 0.0
112.0 16.0 0.0
112.0 18.0 0.0
112.0 20.0 0.0
112.0 22.0 0.0
112.0 24.0 0.012073499222647154
112.0 26.0 0.06965791409472406
112.0 28.0 0.11960119522887618
112.0 30.0 0.1422369291396345
112.0 32.0 0.14132538778819062
112.0 34.0 0.10958082409271337
112.0 36.0 0.07048555421451054
112.0 38.0 0.009114152808036962
112.0 40.0 0.0
112.0 42.0 0.0
112.0 44.0 0.0
112.0 46.0 0.0
112.0 48.0 0.0
112.0 50.0 0.0
112.0 52.0 0.0
112.0 54.0 0.0
112.0 56.0 0.0
112.0 58.0 0.0
112.0 60.0 0.011151535928628364
112.0 62.0 0.040740151183759114
112.0 64.0 0.07964358097356962
112.0 66.0 0.13098626085218085
112.0 68.0 0.20161887136563975
112.0 70.0 0.20606765833311527
112.0 72.0 0.22735961590319476
112.0 74.0 0.24603517871589178
112.0 76.0 0.23277704616162928
112.0 78.0 0.16811310305380256
112.0 80.0 0.08164195113552203
112.0 82.0 0.021726500162268642
112.0 84.0 0.020584504994791187
112.0 86.0 0.005556167296291306
112.0 88.0 0.0
112.0 90.0 0.0
112.0 92.0 0.0
112.0 94.0 0.0
112.0 96.0 0.0
112.0 98.0 0.0
112.0 100.0 0.0
112.0 102.0 0.0
112.0 104.0 0.0
112.0 106.0 0.0
112.0 108.0 0.0
112.0 110.0 0.0
112.0 112.0 0.0
112.0 114.0 0.0
112.0 116.0 0.0
112.0 118.0 0.0
112.0 120.0 0.0
112.0 122.0 0.0
112.0 124.0 0.0
112.0 126.0 0.0
114.0 0.0 0.0
114.0 2.0 0.0
114.0 4.0 0.0
114.0 6.0 0.0
114.0 8.0 0.0
114.0 10.0 0.0
114.0 12.0 0.0
114.0 14.0 0.0
114.0 16.0 0.0
114.0 18.0 0.0
114.0 20.0 0.0
114.0 22.0 0.0
114.0 24.0 0.0
114.0 26.0 0.021398184297917733
114.0 28.0 0.09473970882343417
114.0 30.0 0.14306480340816927
114.0 32.0 0.15476403547267467
114.0 34.0 0.13527969293360462
114.0 36.0 0.08964327338022865
114.0 38.0 0.015791027392130494
114.0 40.0 3.7756556829388185E-4
114.0 42.0 0.0
114.0 44.0 0.0
114.0 46.0 0.0
114.0 48.0 0.0
114.0 50.0 0.0
114.0 52.0 0.0
114.0 54.0 0.0
114.0 56.0 0.0
114.0 58.0 0.0
114.0 60.0 0.0
114.0 62.0 0.00819500219424118
114.0 64.0 0.0402559801288023
114.0 66.0 0.07678103488020106
114.0 68.0 0.16372694688540268
114.0 70.0 0.23008482584342246
114.0 72.0 0.21832497338254853
114.0 74.0 0.24106602829021492
114.0 76.0 0.2815086290124854
114.0 78.0 0.25847331643663063
114.0 80.0 0.21335734395275555
114.0 82.0 0.12647849564135202
114.0 84.0 0.09324203650813995
114.0 86.0 0.05819295515937353
114.0 88.0 0.021534108692398798
114.0 90.0 0.003560958725669243
114.0 92.0 0.0
114.0 94.0 0.0
114.0 96.0 0.0
114.0 98.0 0.0
114.0 100.0 0.0
114.0 102.0 0.0
114.0 104.0 0.0
114.0 106.0 0.0
114.0 108.0 0.0
114.0 110.0 0.0
114.0 112.0 0.0
114.0 114.0 0.0
114.0 116.0 0.0
114.0 118.0 0.0
114.0 120.0 0.0
114.0 122.0 0.0
114.0 124.0 0.0
114.0 126.0 0.0
116.0 0.0 0.0
116.0 2.0 0.0
116.0 4.0 0.0
116.0 6.0 0.0
116.0 8.0 0.0
116.0 10.0 0.0
116.0 12.0 0.0
116.0 14.0 0.0
116.0 16.0 0.0
116.0 18.0 0.0
116.0 20.0 0.0
116.0 22.0 0.0
116.0 24.0 0.0
116.0 26.0 0.0
116.0 28.0 0.013854616984891639
116.0 30.0 0.07645498291582602
116.0 32.0 0.12403573931739835
116.0 34.0 0.12802772486815936
116.0 36.0 0.10434433505504055
116.0 38.0 0.01914830949554139
116.0 40.0 0.001380895620693613
116.0 42.0 0.0
116.0 44.0 0.0
116.0 46.0 0.0
116.0 48.0 0.0
116.0 50.0 0.0
116.0 52.0 0.0
116.0 54.0 0.0
116.0 56.0 0.0
116.0 58.0 0.0
116.0 60.0 0.0
116.0 62.0 0.0
116.0 64.0 0.010516189049346154
116.0 66.0 0.04221441635488046
116.0 68.0 0.11572073182858318
116.0 70.0 0.20406113683830496
116.0 72.0 0.22942884885796122
116.0 74.0 0.24960580375177413
116.0 76.0 0.2679763639213691
116.0 78.0 0.3192026531382367
116.0 80.0 0.3043754962287492
116.0 82.0 0.23174539863100888
116.0 84.0 0.16388152767346012
116.0 86.0 0.11434417427609467
116.0 88.0 0.06342070029950257
116.0 90.0 0.02688599774222394
116.0 92.0 0.002410774033812894
116.0 94.0 0.0
116.0 96.0 0.0
116.0 98.0 0.0
116.0 100.0 0.0
116.0 102.0 0.0
116.0 104.0 0.0
116.0 106.0 0.0
116.0 108.0 0.0
116.0 110.0 0.0
116.0 112.0 0.0
116.0 114.0 0.0
116.0 116.0 0.0
116.0 118.0 0.0
116.0 120.0 0.0
116.0 122.0 0.0
116.0 124.0 0.0
116.0 126.0 0.0
118.0 0.0 0.0
118.0 2.0 0.0
118.0 4.0 0.0
118.0 6.0 0.0
118.0 8.0 0.0
118.0 10.0 0.0
118.0 12.0 0.0
118.0 14.0 0.0
118.0 16.0 0.0
118.0 18.0 0.0
118.0 20.0 0.0
118.0 22.0 0.0
118.0 24.0 0.0
118.0 26.0 0.0
118.0 28.0 0.0
118.0 30.0 0.0
118.0 32.0 0.02451139540835154
118.0 34.0 0.08853088635222718
118.0 36.0 0.07073369777389565
118.0 38.0 0.01951924416212036
118.0 40.0 0.0020820428626002817
118.0 42.0 0.0
118.0 44.0 0.0
118.0 46.0 0.0
118.0 48.0 0.0
118.0 50.0 0.0
118.0 52.0 0.0
118.0 54.0 0.0
118.0 56.0 0.0
118.0 58.0 0.0
118.0 60.0 0.0
118.0 62.0 0.0
118.0 64.0 0.0
118.0 66.0 0.016404346391863892
118.0 68.0 0.05220599189305702
118.0 70.0 0.14567384022873922
118.0 72.0 0.2095538099157291
118.0 74.0 0.2662867613957656
118.0 76.0 0.30044457688802845
118.0 78.0 0.32976418613273156
118.0 80.0 0.36043260493476253
118.0 82.0 0.3081527038964529
118.0 84.0 0.22987266881306737
118.0 86.0 0.1552057275286387
118.0 88.0 0.09473097850760294
118.0 90.0 0.04893051147105659
118.0 92.0 0.006592990020160832
118.0 94.0 0.0
118.0 96.0 0.0
118.0 98.0 0.0
118.0 100.0 0.0
118.0 102.0 0.0
118.0 104.0 0.0
118.0 106.0 0.0
118.0 108.0 0.0
118.0 110.0 0.0
118.0 112.0 0.0
118.0 114.0 0.0
118.0 116.0 0.0
118.0 118.0 0.0
118.0 120.0 0.0
118.0 122.0 0.0
118.0 124.0 0.0
118.0 126.0 0.0
120.0 0.0 0.0
120.0 2.0 0.0
120.0 4.0 0.0
120.0 6.0 0.0
120.0 8.0 0.0
120.0 10.0 0.0
120.0 12.0 0.0
120.0 14.0 0.0
120.0 16.0 0.0
120.0 18.0 0.0
120.0 20.0 0.0
120.0 22.0 0.0
120.0 24.0 0.0
120.0 26.0 0.0
120.0 28.0 0.0
120.0 30.0 0.0
120.0 32.0 0.0
120.0 34.0 0.0
120.0 36.0 0.0
120.0 38.0 0.0
120.0 40.0 0.0
120.0 42.0 0.0
120.0 44.0 0.0
120.0 46.0 0.0
120.0 48.0 0.0
120.0 50.0 0.0
120.0 52.0 0.0
120.0 54.0 0.0
120.0 56.0 0.0
120.0 58.0 0.0
120.0 60.0 0.0
120.0 62.0 0.0
120.0 64.0 0.0
120.0 66.0 0.0
120.0 68.0 0.025780632659927177
120.0 70.0 0.09789567199167822
120.0 72.0 0.18933130099047993
120.0 74.0 0.2624382145771596
120.0 76.0 0.3107913310807771
120.0 78.0 0.3316571218887973
120.0 80.0 0.3797621453568623
120.0 82.0 0.34857294705987923
120.0 84.0 0.273700031857898
120.0 86.0 0.18835949861232934
120.0 88.0 0.10823941369764728
120.0 90.0 0.05172740159934024
120.0 92.0 0.009768717075419637
120.0 94.0 0.0
120.0 96.0 0.0
120.0 98.0 0.0
120.0 100.0 0.0
120.0 102.0 0.0
120.0 104.0 0.0
120.0 106.0 0.0
120.0 108.0 0.0
120.0 110.0 0.0
120.0 112.0 0.0
120.0 114.0 0.0
120.0 116.0 0.0
120.0 118.0 0.0
120.0 120.0 0.0
120.0 122.0 0.0
120.0 124.0 0.0
120.0 126.0 0.0
122.0 0.0 0.0
122.0 2.0 0.0
122.0 4.0 0.0
122.0 6.0 0.0
122.0 8.0 0.0
122.0 10.0 0.0
122.0 12.0 0.0
122.0 14.0 0.0
122.0 16.0 0.0
122.0 18.0 0.0
122.0 20.0 0.0
122.0 22.0 0.0
122.0 24.0 0.0
122.0 26.0 0.0
122.0 28.0 0.0
122.0 30.0 0.0
122.0 32.0 0.0
122.0 34.0 0.0
122.0 36.0 0.0
122.0 38.0 0.0
122.0 40.0 0.0
122.0 42.0 0.0
122.0 44.0 0.0
122.0 46.0 0.0
122.0 48.0 0.0
122.0 50.0 0.0
122.0 52.0 0.0
122.0 54.0 0.0
122.0 56.0 0.0
122.0 58.0 0.0
122.0 60.0 0.0
122.0 62.0 0.0
122.0 64.0 0.0
122.0 66.0 0.0
122.0 68.0 0.0038063756037164435
122.0 70.0 0.06117391646928635
122.0 72.0 0.16117648972252732
122.0 74.0 0.24271714892539678
122.0 76.0 0.29980780724181194
122.0 78.0 0.33002455531615893
122.0 80.0 0.3832250607731147
122.0 82.0 0.36591204501845004
122.0 84.0 0.298239049986609
122.0 86.0 0.20753858702311467
122.0 88.0 0.11188699350329508
122.0 90.0 0.0
122.0 92.0 0.0
122.0 94.0 0.0
122.0 96.0 0.0
122.0 98.0 0.0
122.0 100.0 0.0
122.0 102.0 0.0
122.0 104.0 0.0
122.0 106.0 0.0
122.0 108.0 0.0
122.0 110.0 0.0
122.0 112.0 0.0
122.0 114.0 0.0
122.0 116.0 0.0
122.0 118.0 0.0
122.0 120.0 0.0
122.0 122.0 0.0
122.0 124.0 0.0
122.0 126.0 0.0
124.0 0.0 0.0
124.0 2.0 0.0
124.0 4.0 0.0
124.0 6.0 0.0
124.0 8.0 0.0
124.0 10.0 0.0
124.0 12.0 0.0
124.0 14.0 0.0
124.0 16.0 0.0
124.0 18.0 0.0
124.0 20.0 0.0
124.0 22.0 0.0
124.0 24.0 0.0
124.0 26.0 0.0
124.0 28.0 0.0
124.0 30.0 0.0
124.0 32.0 0.0
124.0 34.0 0.0
124.0 36.0 0.0
124.0 38.0 0.0
124.0 40.0 0.0
124.0 42.0 0.0
124.0 44.0 0.0
124.0 46.0 0.011794131324026588
124.0 48.0 0.0
124.0 50.0 0.0
124.0 52.0 0.0
124.0 54.0 0.0
124.0 56.0 0.0
124.0 58.0 0.0
124.0 60.0 0.0
124.0 62.0 0.0
124.0 64.0 0.0
124.0 66.0 0.0
124.0 68.0 0.0
124.0 70.0 0.034283844263004626
124.0 72.0 0.13653151639077032
124.0 74.0 0.22847868599955481
124.0 76.0 0.2948678095230059
124.0 78.0 0.333649108713443
124.0 80.0 0.36662023374297786
124.0 82.0 0.37790845916027865
124.0 84.0 0.0
124.0 86.0 0.0
124.0 88.0 0.0
124.0 90.0 0.0
124.0 92.0 0.0
124.0 94.0 0.0
124.0 96.0 0.0
124.0 98.0 0.0
124.0 100.0 0.0
124.0 102.0 0.0
124.0 104.0 0.0
124.0 106.0 0.0
124.0 108.0 0.0
124.0 110.0 0.0
124.0 112.0 0.0
124.0 114.0 0.0
124.0 116.0 0.0
124.0 118.0 0.0
124.0 120.0 0.0
124.0 122.0 0.0
124.0 124.0 0.0
124.0 126.0 0.0
126.0 0.0 0.0
126.0 2.0 0.0
126.0 4.0 0.0
126.0 6.0 0.0
126.0 8.0 0.0
126.0 10.0 0.0
126.0 12.0 0.0
126.0 14.0 0.0
126.0 16.0 0.0
126.0 18.0 0.0
126.0 20.0 0.0
126.0 22.0 0.0
126.0 24.0 0.0
126.0 26.0 0.0
126.0 28.0 0.0
126.0 30.0 0.0
126.0 32.0 0.0
126.0 34.0 0.0
126.0 36.0 0.0
126.0 38.0 0.0
126.0 40.0 0.0
126.0 42.0 0.0
126.0 44.0 0.0
126.0 46.0 0.0
126.0 48.0 0.0
126.0 50.0 0.0
126.0 52.0 0.0
126.0 54.0 0.07994927213425897
126.0 56.0 0.0
126.0 58.0 0.0
126.0 60.0 0.0
126.0 62.0 0.0
126.0 64.0 0.0
126.0 66.0 0.0
126.0 68.0 0.0
126.0 70.0 0.03441226717822821
126.0 72.0 0.12398819441395205
126.0 74.0 0.21479745930501326
126.0 76.0 0.0
126.0 78.0 0.0
126.0 80.0 0.0
126.0 82.0 0.0
126.0 84.0 0.0
126.0 86.0 0.0
126.0 88.0 0.0
126.0 90.0 0.0
126.0 92.0 0.0
126.0 94.0 0.0
126.0 96.0 0.0
126.0 98.0 0.0
126.0 100.0 0.0
126.0 102.0 0.0
126.0 104.0 0.0
126.0 106.0 0.0
126.0 108.0 0.0
126.0 110.0 0.0
126.0 112.0 0.0
126.0 114.0 0.0
126.0 116.0 0.0
126.0 118.0 0.0
126.0 120.0 0.0
126.0 122.0 0.0
126.0 124.0 0.0
126.0 126.0 0.0
