0.0 0.0 0.0
0.0 2.0 0.0
0.0 4.0 0.0
0.0 6.0 0.0
0.0 8.0 0.0
0.0 10.0 0.0
0.0 12.0 0.0
0.0 14.0 0.0
0.0 16.0 0.0
0.0 18.0 0.0
0.0 20.0 0.0
0.0 22.0 0.0
0.0 24.0 0.0
0.0 26.0 0.0
0.0 28.0 0.0
0.0 30.0 0.0
0.0 32.0 0.0
0.0 34.0 0.0
0.0 36.0 0.0
0.0 38.0 0.0
0.0 40.0 0.0
0.0 42.0 0.0
0.0 44.0 0.0
0.0 46.0 0.0
0.0 48.0 0.0
0.0 50.0 0.0
0.0 52.0 0.0
0.0 54.0 0.0
0.0 56.0 0.0
0.0 58.0 0.0
0.0 60.0 0.0
0.0 62.0 0.0
0.0 64.0 0.0
0.0 66.0 0.0
0.0 68.0 0.0
0.0 70.0 0.0
0.0 72.0 0.0
0.0 74.0 0.0
0.0 76.0 0.0
0.0 78.0 0.0
0.0 80.0 0.0
0.0 82.0 0.0
0.0 84.0 0.0
0.0 86.0 0.0
0.0 88.0 0.0
0.0 90.0 0.0
0.0 92.0 0.0
0.0 94.0 0.0
0.0 96.0 0.0
0.0 98.0 0.0
0.0 100.0 0.0
0.0 102.0 0.0
0.0 104.0 0.0
0.0 106.0 0.0
0.0 108.0 0.0
0.0 110.0 0.0
0.0 112.0 0.0
0.0 114.0 0.0
0.0 116.0 0.0
0.0 118.0 0.0
0.0 120.0 0.0
0.0 122.0 0.0
0.0 124.0 0.0
0.0 126.0 0.0
2.0 0.0 0.0
2.0 2.0 0.0
2.0 4.0 0.0
2.0 6.0 0.0
2.0 8.0 0.0
2.0 10.0 0.0
2.0 12.0 0.0
2.0 14.0 0.0
2.0 16.0 0.0
2.0 18.0 0.0
2.0 20.0 0.0
2.0 22.0 0.0
2.0 24.0 0.0
2.0 26.0 0.0
2.0 28.0 0.0
2.0 30.0 0.0
2.0 32.0 0.0
2.0 34.0 0.0
2.0 36.0 0.0
2.0 38.0 0.0
2.0 40.0 0.0
2.0 42.0 0.0
2.0 44.0 0.0
2.0 46.0 0.0
2.0 48.0 0.010236583533990939
2.0 50.0 0.0
2.0 52.0 0.0
2.0 54.0 0.0
2.0 56.0 0.0
2.0 58.0 0.0
2.0 60.0 0.0
2.0 62.0 0.0
2.0 64.0 0.0
2.0 66.0 0.0
2.0 68.0 0.0
2.0 70.0 0.006453996322443024
2.0 72.0 0.09129035498882293
2.0 74.0 0.2183952131893709
2.0 76.0 0.31811610106178273
2.0 78.0 0.36768082519813494
2.0 80.0 0.0
2.0 82.0 0.0
2.0 84.0 0.0
2.0 86.0 0.0
2.0 88.0 0.0
2.0 90.0 0.0
2.0 92.0 0.0
2.0 94.0 0.0
2.0 96.0 0.0
2.0 98.0 0.0
2.0 100.0 0.0
2.0 102.0 0.0
2.0 104.0 0.0
2.0 106.0 0.0
2.0 108.0 0.0
2.0 110.0 0.0
2.0 112.0 0.0
2.0 114.0 0.0
2.0 116.0 0.0
2.0 118.0 0.0
2.0 120.0 0.0
2.0 122.0 0.0
2.0 124.0 0.0
2.0 126.0 0.0
4.0 0.0 0.0
4.0 2.0 0.0
4.0 4.0 0.0
4.0 6.0 0.0
4.0 8.0 0.0
4.0 10.0 0.0
4.0 12.0 0.0
4.0 14.0 0.0
4.0 16.0 0.0
4.0 18.0 0.0
4.0 20.0 0.0
4.0 22.0 0.0
4.0 24.0 0.0
4.0 26.0 0.0
4.0 28.0 0.0
4.0 30.0 0.0
4.0 32.0 0.0
4.0 34.0 0.0
4.0 36.0 0.0
4.0 38.0 0.0
4.0 40.0 0.0
4.0 42.0 0.36111832433572216
4.0 44.0 0.2182957706812307
4.0 46.0 0.173049652424675
4.0 48.0 0.1394302044304438
4.0 50.0 0.08000188343145327
4.0 52.0 0.007406838645678589
4.0 54.0 0.0
4.0 56.0 0.0
4.0 58.0 0.0
4.0 60.0 0.0
4.0 62.0 0.0
4.0 64.0 0.0
4.0 66.0 0.0
4.0 68.0 0.0
4.0 70.0 0.0033871548441023144
4.0 72.0 0.054605363319883214
4.0 74.0 0.185785577661664
4.0 76.0 0.2895535153753184
4.0 78.0 0.34321860634290885
4.0 80.0 0.3469648812112022
4.0 82.0 0.35348911002437733
4.0 84.0 0.3716071035557871
4.0 86.0 0.0
4.0 88.0 0.0
4.0 90.0 0.0
4.0 92.0 0.0
4.0 94.0 0.0
4.0 96.0 0.0
4.0 98.0 0.0
4.0 100.0 0.0
4.0 102.0 0.0
4.0 104.0 0.0
4.0 106.0 0.0
4.0 108.0 0.0
4.0 110.0 0.0
4.0 112.0 0.0
4.0 114.0 0.0
4.0 116.0 0.0
4.0 118.0 0.0
4.0 120.0 0.0
4.0 122.0 0.0
4.0 124.0 0.0
4.0 126.0 0.0
6.0 0.0 0.0
6.0 2.0 0.0
6.0 4.0 0.0
6.0 6.0 0.0
6.0 8.0 0.0
6.0 10.0 0.0
6.0 12.0 0.0
6.0 14.0 0.0
6.0 16.0 0.0
6.0 18.0 0.0
6.0 20.0 0.0
6.0 22.0 0.0
6.0 24.0 0.0
6.0 26.0 0.0
6.0 28.0 0.0
6.0 30.0 0.0
6.0 32.0 0.0
6.0 34.0 0.0
6.0 36.0 0.0
6.0 38.0 0.12844502477929837
6.0 40.0 0.00480159176428365
6.0 42.0 0.06996858157627713
6.0 44.0 0.14826279737938905
6.0 46.0 0.17025542962042947
6.0 48.0 0.14118502166313326
6.0 50.0 0.06360910587002773
6.0 52.0 0.001621078932251446
6.0 54.0 0.0
6.0 56.0 0.0
6.0 58.0 0.0
6.0 60.0 0.0
6.0 62.0 0.0
6.0 64.0 0.0
6.0 66.0 0.0
6.0 68.0 0.0
6.0 70.0 0.0014228652557778832
6.0 72.0 0.019042969088324726
6.0 74.0 0.14535230476097294
6.0 76.0 0.2568638137468448
6.0 78.0 0.31746936979927765
6.0 80.0 0.32995763265813693
6.0 82.0 0.32857269162613795
6.0 84.0 0.3472651570353557
6.0 86.0 0.2973338334228202
6.0 88.0 0.15735576734695195
6.0 90.0 0.004188869188047675
6.0 92.0 0.0
6.0 94.0 0.0
6.0 96.0 0.0
6.0 98.0 0.0
6.0 100.0 0.0
6.0 102.0 0.0
6.0 104.0 0.0
6.0 106.0 0.0
6.0 108.0 0.0
6.0 110.0 0.0
6.0 112.0 0.0
6.0 114.0 0.0
6.0 116.0 0.0
6.0 118.0 0.0
6.0 120.0 0.0
6.0 122.0 0.0
6.0 124.0 0.0
6.0 126.0 0.0
8.0 0.0 0.0
8.0 2.0 0.0
8.0 4.0 0.0
8.0 6.0 0.0
8.0 8.0 0.0
8.0 10.0 0.0
8.0 12.0 0.0
8.0 14.0 0.0
8.0 16.0 0.0
8.0 18.0 0.0
8.0 20.0 0.0
8.0 22.0 0.0
8.0 24.0 0.0
8.0 26.0 0.0
8.0 28.0 0.0
8.0 30.0 0.0
8.0 32.0 0.0
8.0 34.0 0.0
8.0 36.0 0.0
8.0 38.0 0.016657347508485545
8.0 40.0 0.13023493062869088
8.0 42.0 0.2383124839133125
8.0 44.0 0.2714749981551907
8.0 46.0 0.2689091741354008
8.0 48.0 0.2182886355670529
8.0 50.0 0.11674209921719388
8.0 52.0 0.005955685466194832
8.0 54.0 0.0
8.0 56.0 0.0
8.0 58.0 0.0
8.0 60.0 0.0
8.0 62.0 0.0
8.0 64.0 0.0
8.0 66.0 0.0
8.0 68.0 0.0
8.0 70.0 0.0
8.0 72.0 0.003862912287753376
8.0 74.0 0.0954078661534397
8.0 76.0 0.20878344156661352
8.0 78.0 0.280125989156771
8.0 80.0 0.2978468187414617
8.0 82.0 0.29111241440124336
8.0 84.0 0.30983523661737294
8.0 86.0 0.28443962916854465
8.0 88.0 0.20587861000325194
8.0 90.0 0.0246863735652704
8.0 92.0 0.0
8.0 94.0 0.0
8.0 96.0 0.0
8.0 98.0 0.0
8.0 100.0 0.0
8.0 102.0 0.0
8.0 104.0 0.0
8.0 106.0 0.0
8.0 108.0 0.0
8.0 110.0 0.0
8.0 112.0 0.0
8.0 114.0 0.0
8.0 116.0 0.0
8.0 118.0 0.0
8.0 120.0 0.0
8.0 122.0 0.0
8.0 124.0 0.0
8.0 126.0 0.0
10.0 0.0 0.0
10.0 2.0 0.0
10.0 4.0 0.0
10.0 6.0 0.0
10.0 8.0 0.0
10.0 10.0 0.0
10.0 12.0 0.0
10.0 14.0 0.0
10.0 16.0 0.0
10.0 18.0 0.0
10.0 20.0 0.0
10.0 22.0 0.0
10.0 24.0 0.0
10.0 26.0 0.0
10.0 28.0 0.0
10.0 30.0 0.0
10.0 32.0 0.0
10.0 34.0 0.0
10.0 36.0 0.07182082177507705
10.0 38.0 0.22233198589618908
10.0 40.0 0.34365434190538374
10.0 42.0 0.4057301812223115
10.0 44.0 0.35431762080977697
10.0 46.0 0.32284787097729134
10.0 48.0 0.26606444903438753
10.0 50.0 0.1600846057353289
10.0 52.0 0.008812224767445502
10.0 54.0 0.0
10.0 56.0 0.0
10.0 58.0 0.0
10.0 60.0 0.0
10.0 62.0 0.0
10.0 64.0 0.0
10.0 66.0 0.0
10.0 68.0 0.0
10.0 70.0 0.0
10.0 72.0 0.0
10.0 74.0 0.03744818320594185
10.0 76.0 0.13686804635249325
10.0 78.0 0.22261588354464912
10.0 80.0 0.24168401736558373
10.0 82.0 0.2529223223779358
10.0 84.0 0.2714228628765648
10.0 86.0 0.26159801098788843
10.0 88.0 0.22771808947149938
10.0 90.0 0.10909526062480213
10.0 92.0 0.0014258765692597918
10.0 94.0 0.0
10.0 96.0 0.0
10.0 98.0 0.0
10.0 100.0 0.0
10.0 102.0 0.0
10.0 104.0 0.0
10.0 106.0 0.0
10.0 108.0 0.0
10.0 110.0 0.0
10.0 112.0 0.0
10.0 114.0 0.0
10.0 116.0 0.0
10.0 118.0 0.0
10.0 120.0 0.0
10.0 122.0 0.0
10.0 124.0 0.0
10.0 126.0 0.0
12.0 0.0 0.0
12.0 2.0 0.0
12.0 4.0 0.0
12.0 6.0 0.0
12.0 8.0 0.0
12.0 10.0 0.0
12.0 12.0 0.0
12.0 14.0 0.0
12.0 16.0 0.0
12.0 18.0 0.0
12.0 20.0 0.0
12.0 22.0 0.0
12.0 24.0 0.0
12.0 26.0 0.0
12.0 28.0 0.0
12.0 30.0 0.0
12.0 32.0 0.0
12.0 34.0 0.03912525487354366
12.0 36.0 0.1944751289025318
12.0 38.0 0.3377876704266314
12.0 40.0 0.42488323758692537
12.0 42.0 0.4135010048466163
12.0 44.0 0.3805263040535098
12.0 46.0 0.3591174889367387
12.0 48.0 0.29971126847821367
12.0 50.0 0.19245951035480177
12.0 52.0 0.014543388840666053
12.0 54.0 0.0
12.0 56.0 0.0
12.0 58.0 0.0
12.0 60.0 0.0
12.0 62.0 0.0
12.0 64.0 0.0
12.0 66.0 0.0
12.0 68.0 0.0
12.0 70.0 0.0
12.0 72.0 0.0
12.0 74.0 2.6640641020381E-4
12.0 76.0 0.06932451385480438
12.0 78.0 0.15939629531266894
12.0 80.0 0.20098364083292508
12.0 82.0 0.20821816351325426
12.0 84.0 0.219793027028192
12.0 86.0 0.23953519366938728
12.0 88.0 0.20708101536072498
12.0 90.0 0.1596628565230677
12.0 92.0 0.028992004992757437
12.0 94.0 0.0
12.0 96.0 0.0
12.0 98.0 0.0
12.0 100.0 0.0
12.0 102.0 0.0
12.0 104.0 0.0
12.0 106.0 0.0
12.0 108.0 0.0
12.0 110.0 0.0
12.0 112.0 0.0
12.0 114.0 0.0
12.0 116.0 0.0
12.0 118.0 0.0
12.0 120.0 0.0
12.0 122.0 0.0
12.0 124.0 0.0
12.0 126.0 0.0
14.0 0.0 0.0
14.0 2.0 0.0
14.0 4.0 0.0
14.0 6.0 0.0
14.0 8.0 0.0
14.0 10.0 0.0
14.0 12.0 0.0
14.0 14.0 0.0
14.0 16.0 0.0
14.0 18.0 0.0
14.0 20.0 0.0
14.0 22.0 0.0
14.0 24.0 0.0
14.0 26.0 0.0
14.0 28.0 0.0
14.0 30.0 0.0
14.0 32.0 0.035740010284571716
14.0 34.0 0.1944749579398666
14.0 36.0 0.3322592105304101
14.0 38.0 0.41699454073640574
14.0 40.0 0.47823788391833594
14.0 42.0 0.43286643899751026
14.0 44.0 0.4190269451006206
14.0 46.0 0.404245861157289
14.0 48.0 0.3410913921248615
14.0 50.0 0.2141652920019527
14.0 52.0 0.03210632392630879
14.0 54.0 0.0
14.0 56.0 0.0
14.0 58.0 0.0
14.0 60.0 0.0
14.0 62.0 0.0
14.0 64.0 0.0
14.0 66.0 0.0
14.0 68.0 0.0
14.0 70.0 0.0
14.0 72.0 0.0
14.0 74.0 0.0
14.0 76.0 0.01536573033331233
14.0 78.0 0.09313887839591029
14.0 80.0 0.14432458380307372
14.0 82.0 0.16077283763612024
14.0 84.0 0.18118794465678278
14.0 86.0 0.20643280513797077
14.0 88.0 0.1902089025462872
14.0 90.0 0.17099622750642107
14.0 92.0 0.07411587003956487
14.0 94.0 0.0036708699912191695
14.0 96.0 0.0
14.0 98.0 0.0
14.0 100.0 0.0
14.0 102.0 0.0
14.0 104.0 0.0
14.0 106.0 0.0
14.0 108.0 0.0
14.0 110.0 0.0
14.0 112.0 0.0
14.0 114.0 0.0
14.0 116.0 0.0
14.0 118.0 0.0
14.0 120.0 0.0
14.0 122.0 0.0
14.0 124.0 0.0
14.0 126.0 0.0
16.0 0.0 0.0
16.0 2.0 0.0
16.0 4.0 0.0
16.0 6.0 0.0
16.0 8.0 0.0
16.0 10.0 0.0
16.0 12.0 0.0
16.0 14.0 0.0
16.0 16.0 0.0
16.0 18.0 0.0
16.0 20.0 0.0
16.0 22.0 0.0
16.0 24.0 0.0
16.0 26.0 0.0
16.0 28.0 0.0
16.0 30.0 0.0
16.0 32.0 0.07254719311378575
16.0 34.0 0.22114452293983458
16.0 36.0 0.3504284604286707
16.0 38.0 0.4264847779392275
16.0 40.0 0.4371539015129368
16.0 42.0 0.4547805377697756
16.0 44.0 0.4328459562503903
16.0 46.0 0.3810058283047777
16.0 48.0 0.38111962675983874
16.0 50.0 0.26735319242026495
16.0 52.0 0.07079388389469253
16.0 54.0 0.0
16.0 56.0 0.0
16.0 58.0 0.0
16.0 60.0 0.0
16.0 62.0 0.0
16.0 64.0 0.0
16.0 66.0 0.0
16.0 68.0 0.0
16.0 70.0 0.0
16.0 72.0 0.0
16.0 74.0 0.0
16.0 76.0 0.002889483755892059
16.0 78.0 0.04412195534849678
16.0 80.0 0.0991323938409127
16.0 82.0 0.12370224363997788
16.0 84.0 0.1367310123058303
16.0 86.0 0.1641878488017238
16.0 88.0 0.1743349974475201
16.0 90.0 0.1360393279505389
16.0 92.0 0.07962249118019782
16.0 94.0 0.02019120076713159
16.0 96.0 0.0
16.0 98.0 0.0
16.0 100.0 0.0
16.0 102.0 0.0
16.0 104.0 0.0
16.0 106.0 0.0
16.0 108.0 0.0
16.0 110.0 0.0
16.0 112.0 0.0
16.0 114.0 0.0
16.0 116.0 0.0
16.0 118.0 0.0
16.0 120.0 0.0
16.0 122.0 0.0
16.0 124.0 0.0
16.0 126.0 0.0
18.0 0.0 0.0
18.0 2.0 0.0
18.0 4.0 0.0
18.0 6.0 0.0
18.0 8.0 0.0
18.0 10.0 0.0
18.0 12.0 0.0
18.0 14.0 0.0
18.0 16.0 0.0
18.0 18.0 0.0
18.0 20.0 0.0
18.0 22.0 0.0
18.0 24.0 0.0
18.0 26.0 0.0
18.0 28.0 0.0
18.0 30.0 0.0
18.0 32.0 0.06619830076281193
18.0 34.0 0.2124371858894547
18.0 36.0 0.31879048479765143
18.0 38.0 0.3994079105590361
18.0 40.0 0.40539062241305834
18.0 42.0 0.4191920355707192
18.0 44.0 0.4465257848956294
18.0 46.0 0.43928744903241146
18.0 48.0 0.39227017696485356
18.0 50.0 0.31312101746792415
18.0 52.0 0.11151009849827043
18.0 54.0 0.003379767755327424
18.0 56.0 0.0
18.0 58.0 0.0
18.0 60.0 0.0
18.0 62.0 0.0
18.0 64.0 0.0
18.0 66.0 0.0
18.0 68.0 0.0
18.0 70.0 0.0
18.0 72.0 0.0
18.0 74.0 0.0
18.0 76.0 0.0
18.0 78.0 0.015988115763983502
18.0 80.0 0.06064659801096833
18.0 82.0 0.09181324887473208
18.0 84.0 0.10069552301587197
18.0 86.0 0.11561415266233499
18.0 88.0 0.1365017865694628
18.0 90.0 0.10637616081093494
18.0 92.0 0.05833290307409559
18.0 94.0 0.018268231775099553
18.0 96.0 0.0
18.0 98.0 0.0
18.0 100.0 0.0
18.0 102.0 0.0
18.0 104.0 0.0
18.0 106.0 0.0
18.0 108.0 0.0
18.0 110.0 0.0
18.0 112.0 0.0
18.0 114.0 0.0
18.0 116.0 0.0
18.0 118.0 0.0
18.0 120.0 0.0
18.0 122.0 0.0
18.0 124.0 0.0
18.0 126.0 0.0
20.0 0.0 0.0
20.0 2.0 0.0
20.0 4.0 0.0
20.0 6.0 0.0
20.0 8.0 0.0
20.0 10.0 0.0
20.0 12.0 0.0
20.0 14.0 0.0
20.0 16.0 0.0
20.0 18.0 0.011365588440853372
20.0 20.0 5.300571052448143E-4
20.0 22.0 0.0
20.0 24.0 0.0
20.0 26.0 0.0
20.0 28.0 0.0
20.0 30.0 0.0
20.0 32.0 0.028654735748161353
20.0 34.0 0.18850879693525166
20.0 36.0 0.2825852367503229
20.0 38.0 0.36845471322241163
20.0 40.0 0.3718365469850515
20.0 42.0 0.3810195034459427
20.0 44.0 0.41052091069262825
20.0 46.0 0.4189433865337094
20.0 48.0 0.4174536953067601
20.0 50.0 0.33068800493675793
20.0 52.0 0.18555687033008386
20.0 54.0 0.04178712149730888
20.0 56.0 0.0
20.0 58.0 0.0
20.0 60.0 0.0
20.0 62.0 0.0
20.0 64.0 0.0
20.0 66.0 0.0
20.0 68.0 0.0
20.0 70.0 0.0
20.0 72.0 0.0
20.0 74.0 0.0
20.0 76.0 0.0
20.0 78.0 0.007145657672938681
20.0 80.0 0.02464913575118235
20.0 82.0 0.05000797632919075
20.0 84.0 0.06545355386901512
20.0 86.0 0.07179999059676066
20.0 88.0 0.08495374995782955
20.0 90.0 0.06353930216642606
20.0 92.0 0.03286097072213746
20.0 94.0 0.010449649767899758
20.0 96.0 0.0
20.0 98.0 0.0
20.0 100.0 0.0
20.0 102.0 0.0
20.0 104.0 0.0
20.0 106.0 0.004023060455006715
20.0 108.0 0.04077421137916764
20.0 110.0 0.0
20.0 112.0 0.0
20.0 114.0 0.0
20.0 116.0 0.0
20.0 118.0 0.0
20.0 120.0 0.0
20.0 122.0 0.0
20.0 124.0 0.0
20.0 126.0 0.0
22.0 0.0 0.0
22.0 2.0 0.0
22.0 4.0 0.0
22.0 6.0 0.0
22.0 8.0 0.0
22.0 10.0 0.0
22.0 12.0 0.0
22.0 14.0 0.0
22.0 16.0 0.10253205983835782
22.0 18.0 0.0011108952645857153
22.0 20.0 0.0
22.0 22.0 0.0
22.0 24.0 0.0
22.0 26.0 0.0
22.0 28.0 0.0
22.0 30.0 0.0010327102788178129
22.0 32.0 0.009231850860126106
22.0 34.0 0.1400646069577975
22.0 36.0 0.24262801452907143
22.0 38.0 0.29816628949384005
22.0 40.0 0.36578158865744465
22.0 42.0 0.3990588999113549
22.0 44.0 0.41460793193258133
22.0 46.0 0.41490342678071834
22.0 48.0 0.4003300730463008
22.0 50.0 0.3811830258983167
22.0 52.0 0.24594385208655886
22.0 54.0 0.12667988438283137
22.0 56.0 0.0030909100567209653
22.0 58.0 0.0
22.0 60.0 0.0
22.0 62.0 0.0
22.0 64.0 0.0
22.0 66.0 0.0
22.0 68.0 0.0
22.0 70.0 0.0
22.0 72.0 0.0
22.0 74.0 0.0
22.0 76.0 0.0
22.0 78.0 0.0
22.0 80.0 0.005724349208619421
22.0 82.0 0.019230550028788606
22.0 84.0 0.029755158226042463
22.0 86.0 0.0348035101271558
22.0 88.0 0.036989232682997926
22.0 90.0 0.02888208559753802
22.0 92.0 0.014701925835277631
22.0 94.0 0.0
22.0 96.0 0.0
22.0 98.0 0.0
22.0 100.0 0.0
22.0 102.0 0.0
22.0 104.0 0.0
22.0 106.0 0.01988506025112641
22.0 108.0 0.10758764986191666
22.0 110.0 0.24661859974206166
22.0 112.0 0.0
22.0 114.0 0.0
22.0 116.0 0.0
22.0 118.0 0.0
22.0 120.0 0.0
22.0 122.0 0.0
22.0 124.0 0.0
22.0 126.0 0.0
24.0 0.0 0.0
24.0 2.0 0.0
24.0 4.0 0.0
24.0 6.0 0.0
24.0 8.0 0.0
24.0 10.0 0.0
24.0 12.0 0.0
24.0 14.0 0.1459036803823747
24.0 16.0 0.0
24.0 18.0 0.0
24.0 20.0 0.0
24.0 22.0 0.0
24.0 24.0 0.0
24.0 26.0 0.0
24.0 28.0 0.0
24.0 30.0 0.0
24.0 32.0 0.010010753298687195
24.0 34.0 0.08122637896060499
24.0 36.0 0.1776400329431932
24.0 38.0 0.248127397868369
24.0 40.0 0.275476615284772
24.0 42.0 0.31604835087210537
24.0 44.0 0.3561391661312521
24.0 46.0 0.3737718156321421
24.0 48.0 0.3819345577011477
24.0 50.0 0.3856597211892882
24.0 52.0 0.3050212623497146
24.0 54.0 0.21352735191763772
24.0 56.0 0.06117866128455671
24.0 58.0 0.0
24.0 60.0 0.0
24.0 62.0 0.0
24.0 64.0 0.0
24.0 66.0 0.0
24.0 68.0 0.0
24.0 70.0 0.0
24.0 72.0 0.0
24.0 74.0 0.0
24.0 76.0 0.0
24.0 78.0 0.0
24.0 80.0 0.0
24.0 82.0 0.0
24.0 84.0 0.001159768168435411
24.0 86.0 0.004181876371846998
24.0 88.0 0.0060154995534888655
24.0 90.0 0.00803590739798374
24.0 92.0 0.0
24.0 94.0 0.0
24.0 96.0 0.0
24.0 98.0 0.0
24.0 100.0 0.0
24.0 102.0 0.0
24.0 104.0 0.0
24.0 106.0 0.05732192628677744
24.0 108.0 0.1677685399396276
24.0 110.0 0.2863124806610432
24.0 112.0 0.3809192057415192
24.0 114.0 0.0
24.0 116.0 0.0
24.0 118.0 0.0
24.0 120.0 0.0
24.0 122.0 0.0
24.0 124.0 0.0
24.0 126.0 0.0
26.0 0.0 0.0
26.0 2.0 0.0
26.0 4.0 0.0
26.0 6.0 0.0
26.0 8.0 0.0
26.0 10.0 0.0
26.0 12.0 0.0
26.0 14.0 0.10571442724028673
26.0 16.0 0.0
26.0 18.0 0.0
26.0 20.0 0.0
26.0 22.0 0.0
26.0 24.0 0.0
26.0 26.0 0.0
26.0 28.0 0.0
26.0 30.0 0.0
26.0 32.0 0.0012576225906205018
26.0 34.0 0.01722112663971608
26.0 36.0 0.07804379601720395
26.0 38.0 0.14963826201036026
26.0 40.0 0.19539501078444324
26.0 42.0 0.23881476695668333
26.0 44.0 0.28186428773940064
26.0 46.0 0.31452476245624245
26.0 48.0 0.3380024598629722
26.0 50.0 0.37598245362750266
26.0 52.0 0.3374703339258776
26.0 54.0 0.2813327930516905
26.0 56.0 0.18879850361506056
26.0 58.0 0.02942739380892502
26.0 60.0 0.0
26.0 62.0 0.0
26.0 64.0 0.0
26.0 66.0 0.0
26.0 68.0 0.0
26.0 70.0 0.0
26.0 72.0 0.0
26.0 74.0 0.0
26.0 76.0 0.0
26.0 78.0 0.0
26.0 80.0 0.0
26.0 82.0 0.0
26.0 84.0 0.0
26.0 86.0 0.0
26.0 88.0 3.1120223177791203E-4
26.0 90.0 0.0
26.0 92.0 0.0
26.0 94.0 0.0
26.0 96.0 0.0
26.0 98.0 0.0
26.0 100.0 0.0
26.0 102.0 0.0
26.0 104.0 0.008918830295718867
26.0 106.0 0.11135247990954426
26.0 108.0 0.21689014839859763
26.0 110.0 0.3095520522716887
26.0 112.0 0.37031420268397564
26.0 114.0 0.3265704244807716
26.0 116.0 0.0
26.0 118.0 0.0
26.0 120.0 0.0
26.0 122.0 0.0
26.0 124.0 0.0
26.0 126.0 0.0
28.0 0.0 0.0
28.0 2.0 0.0
28.0 4.0 0.0
28.0 6.0 0.0
28.0 8.0 0.0
28.0 10.0 0.0
28.0 12.0 0.043039149839156764
28.0 14.0 0.0
28.0 16.0 0.0
28.0 18.0 0.0
28.0 20.0 0.0
28.0 22.0 0.0
28.0 24.0 0.0
28.0 26.0 0.0
28.0 28.0 0.0
28.0 30.0 0.0
28.0 32.0 0.0
28.0 34.0 2.9542978085155474E-4
28.0 36.0 0.0022995430142409476
28.0 38.0 0.020530897226469048
28.0 40.0 0.07620492505501113
28.0 42.0 0.12245037325010727
28.0 44.0 0.16477465888238427
28.0 46.0 0.20563293293027005
28.0 48.0 0.24213812180840333
28.0 50.0 0.33201119131613693
28.0 52.0 0.3402302674677881
28.0 54.0 0.3269931966698733
28.0 56.0 0.2959958969270035
28.0 58.0 0.21261710862176975
28.0 60.0 0.03940573547793497
28.0 62.0 0.0
28.0 64.0 0.0
28.0 66.0 0.0
28.0 68.0 0.0
28.0 70.0 0.0
28.0 72.0 0.0
28.0 74.0 0.0
28.0 76.0 0.0
28.0 78.0 0.0
28.0 80.0 0.0
28.0 82.0 0.0
28.0 84.0 0.0
28.0 86.0 0.0
28.0 88.0 0.0
28.0 90.0 0.0
28.0 92.0 0.0
28.0 94.0 0.0
28.0 96.0 0.0
28.0 98.0 0.0
28.0 100.0 0.0
28.0 102.0 0.032035078337538485
28.0 104.0 0.10517200217171985
28.0 106.0 0.18601615859048057
28.0 108.0 0.2577972862178546
28.0 110.0 0.34505209558869593
28.0 112.0 0.3687002326732518
28.0 114.0 0.29231543273120686
28.0 116.0 0.07903652537666576
28.0 118.0 0.0
28.0 120.0 0.0
28.0 122.0 0.0
28.0 124.0 0.0
28.0 126.0 0.0
30.0 0.0 0.0
30.0 2.0 0.0
30.0 4.0 0.0
30.0 6.0 0.0
30.0 8.0 0.0
30.0 10.0 0.0
30.0 12.0 0.0
30.0 14.0 0.0
30.0 16.0 0.0
30.0 18.0 0.0
30.0 20.0 0.0
30.0 22.0 0.0
30.0 24.0 0.0
30.0 26.0 0.0
30.0 28.0 0.0
30.0 30.0 3.388607521626083E-4
30.0 32.0 0.0
30.0 34.0 0.0
30.0 36.0 0.0
30.0 38.0 0.0
30.0 40.0 0.0
30.0 42.0 0.00437773858073845
30.0 44.0 0.03239796131520534
30.0 46.0 0.09252069553448795
30.0 48.0 0.17462326779785106
30.0 50.0 0.2600358904005086
30.0 52.0 0.32377237970226663
30.0 54.0 0.35503966496956463
30.0 56.0 0.3570736144909898
30.0 58.0 0.35407720132359805
30.0 60.0 0.28498469100039253
30.0 62.0 0.14821428038765175
30.0 64.0 0.012283355735694848
30.0 66.0 0.0
30.0 68.0 0.0
30.0 70.0 0.0
30.0 72.0 0.0
30.0 74.0 0.0
30.0 76.0 0.0
30.0 78.0 0.0
30.0 80.0 0.0
30.0 82.0 0.0
30.0 84.0 0.0
30.0 86.0 0.0
30.0 88.0 0.0
30.0 90.0 0.0
30.0 92.0 0.0
30.0 94.0 0.0
30.0 96.0 0.007111473540745237
30.0 98.0 0.029080545746868216
30.0 100.0 0.08213136643639223
30.0 102.0 0.16383004692467207
30.0 104.0 0.23943733587168717
30.0 106.0 0.2875953961709506
30.0 108.0 0.3197398689703204
30.0 110.0 0.32667250581411156
30.0 112.0 0.3638545664395098
30.0 114.0 0.2386695856273926
30.0 116.0 0.011183183335365235
30.0 118.0 0.0
30.0 120.0 0.0
30.0 122.0 0.0
30.0 124.0 0.0
30.0 126.0 0.0
32.0 0.0 0.0
32.0 2.0 0.0
32.0 4.0 0.0
32.0 6.0 0.0
32.0 8.0 0.0
32.0 10.0 0.0
32.0 12.0 0.0
32.0 14.0 0.0
32.0 16.0 0.0
32.0 18.0 0.0
32.0 20.0 0.0
32.0 22.0 0.0
32.0 24.0 0.0
32.0 26.0 0.0
32.0 28.0 3.662043732523672E-4
32.0 30.0 0.0012029377192107652
32.0 32.0 0.0
32.0 34.0 0.0
32.0 36.0 0.0
32.0 38.0 0.0
32.0 40.0 0.0
32.0 42.0 9.604883497374428E-4
32.0 44.0 0.005786330356252968
32.0 46.0 0.02484706498777912
32.0 48.0 0.07178166521363417
32.0 50.0 0.16228001850055737
32.0 52.0 0.284868044764768
32.0 54.0 0.36075717835870424
32.0 56.0 0.3915612346222457
32.0 58.0 0.4285926330980033
32.0 60.0 0.42321561091315113
32.0 62.0 0.36077892506505543
32.0 64.0 0.24394568401471284
32.0 66.0 0.08110935936493387
32.0 68.0 0.0016444718865967183
32.0 70.0 0.0
32.0 72.0 0.0
32.0 74.0 0.0
32.0 76.0 0.0
32.0 78.0 0.0
32.0 80.0 0.0
32.0 82.0 0.0
32.0 84.0 0.0
32.0 86.0 0.0
32.0 88.0 0.0
32.0 90.0 0.0
32.0 92.0 0.0
32.0 94.0 0.018589317728299443
32.0 96.0 0.0820653658593113
32.0 98.0 0.13331669621450407
32.0 100.0 0.20260815879987917
32.0 102.0 0.29001744104838617
32.0 104.0 0.3579623728144139
32.0 106.0 0.37762209537788066
32.0 108.0 0.3539966536418659
32.0 110.0 0.3333064644733596
32.0 112.0 0.35829659328111313
32.0 114.0 0.18043067643623126
32.0 116.0 0.0010146809150845214
32.0 118.0 0.0
32.0 120.0 0.0
32.0 122.0 0.0
32.0 124.0 0.0
32.0 126.0 0.0
34.0 0.0 0.0
34.0 2.0 0.0
34.0 4.0 0.0
34.0 6.0 0.0
34.0 8.0 0.0
34.0 10.0 0.0
34.0 12.0 0.0
34.0 14.0 0.0
34.0 16.0 0.0
34.0 18.0 0.0
34.0 20.0 0.0
34.0 22.0 0.0
34.0 24.0 0.002987820146652506
34.0 26.0 0.006483571016990582
34.0 28.0 0.005892975421617769
34.0 30.0 0.004035179346901365
34.0 32.0 0.0
34.0 34.0 0.0
34.0 36.0 0.0
34.0 38.0 0.0
34.0 40.0 0.0
34.0 42.0 0.0
34.0 44.0 0.0
34.0 46.0 0.0030261764110619004
34.0 48.0 0.031021180741232893
34.0 50.0 0.11467839322502016
34.0 52.0 0.23879950335082778
34.0 54.0 0.35235323381653805
34.0 56.0 0.4327715155649006
34.0 58.0 0.47782842463804825
34.0 60.0 0.4886500943844702
34.0 62.0 0.4638072997775815
34.0 64.0 0.3883813826762527
34.0 66.0 0.2579083898442114
34.0 68.0 0.07529376533014119
34.0 70.0 0.0029641582093085524
34.0 72.0 0.0
34.0 74.0 0.0
34.0 76.0 0.0
34.0 78.0 0.0
34.0 80.0 0.0
34.0 82.0 0.0
34.0 84.0 0.0
34.0 86.0 0.0
34.0 88.0 0.0
34.0 90.0 0.0
34.0 92.0 7.232012244772928E-4
34.0 94.0 0.06549564279503194
34.0 96.0 0.14990300872334936
34.0 98.0 0.2289267111766969
34.0 100.0 0.31276875103959273
34.0 102.0 0.3909751841401374
34.0 104.0 0.3990625938811984
34.0 106.0 0.3764821900986905
34.0 108.0 0.36208579463247365
34.0 110.0 0.39365303139083213
34.0 112.0 0.34018103743041145
34.0 114.0 0.12739505997550993
34.0 116.0 0.0
34.0 118.0 0.0
34.0 120.0 0.0
34.0 122.0 0.0
34.0 124.0 0.0
34.0 126.0 0.0
36.0 0.0 0.0
36.0 2.0 0.0
36.0 4.0 0.0
36.0 6.0 0.0
36.0 8.0 0.0
36.0 10.0 0.0
36.0 12.0 0.0
36.0 14.0 0.0
36.0 16.0 0.0
36.0 18.0 0.0
36.0 20.0 0.0
36.0 22.0 0.002309131584102418
36.0 24.0 0.007988542722253874
36.0 26.0 0.008178030451991804
36.0 28.0 0.0052589128977664976
36.0 30.0 0.0
36.0 32.0 0.0
36.0 34.0 0.0
36.0 36.0 0.0
36.0 38.0 0.0
36.0 40.0 0.0
36.0 42.0 0.0
36.0 44.0 0.0
36.0 46.0 0.0
36.0 48.0 0.014773920682704188
36.0 50.0 0.09554890369828496
36.0 52.0 0.2120705549348368
36.0 54.0 0.33128260410437266
36.0 56.0 0.42666990267191346
36.0 58.0 0.4950603442332345
36.0 60.0 0.5203888895867558
36.0 62.0 0.5135492007918983
36.0 64.0 0.46064508895804207
36.0 66.0 0.345071726645684
36.0 68.0 0.15318343542153826
36.0 70.0 0.006155175579590037
36.0 72.0 0.0
36.0 74.0 0.0
36.0 76.0 0.0
36.0 78.0 0.0
36.0 80.0 0.0
36.0 82.0 0.0
36.0 84.0 0.0
36.0 86.0 0.0
36.0 88.0 0.0
36.0 90.0 0.0
36.0 92.0 0.002988099360193761
36.0 94.0 0.10068805326252157
36.0 96.0 0.20666427189696404
36.0 98.0 0.30808358894891713
36.0 100.0 0.38932275811136585
36.0 102.0 0.44782413070997623
36.0 104.0 0.38676773455308916
36.0 106.0 0.3831536577839761
36.0 108.0 0.36538359812443716
36.0 110.0 0.4026834522295688
36.0 112.0 0.32678969749430803
36.0 114.0 0.09387989241743712
36.0 116.0 0.0
36.0 118.0 0.0
36.0 120.0 0.0
36.0 122.0 0.0
36.0 124.0 0.0
36.0 126.0 0.0
38.0 0.0 0.0
38.0 2.0 0.0
38.0 4.0 0.0
38.0 6.0 0.0
38.0 8.0 0.0
38.0 10.0 0.0
38.0 12.0 0.0
38.0 14.0 0.0
38.0 16.0 0.0
38.0 18.0 0.006259209408892608
38.0 20.0 0.03539196547157913
38.0 22.0 0.05804770848837407
38.0 24.0 0.030835117357675548
38.0 26.0 0.012174051436010467
38.0 28.0 0.0020376658987755225
38.0 30.0 0.0
38.0 32.0 0.0
38.0 34.0 0.0
38.0 36.0 0.0
38.0 38.0 0.0
38.0 40.0 0.0
38.0 42.0 0.0
38.0 44.0 0.0
38.0 46.0 0.0
38.0 48.0 0.006993140404615179
38.0 50.0 0.07338109241502531
38.0 52.0 0.2099607676705332
38.0 54.0 0.3394122534609017
38.0 56.0 0.44038236466097275
38.0 58.0 0.5039288978183479
38.0 60.0 0.533729225306005
38.0 62.0 0.532684851463007
38.0 64.0 0.49276038717494486
38.0 66.0 0.3879852304223111
38.0 68.0 0.18303459851457302
38.0 70.0 0.012060263000431391
38.0 72.0 0.0
38.0 74.0 0.0
38.0 76.0 0.0
38.0 78.0 0.0
38.0 80.0 0.0
38.0 82.0 0.0
38.0 84.0 0.0
38.0 86.0 0.0
38.0 88.0 0.0
38.0 90.0 0.0
38.0 92.0 0.00944976826952054
38.0 94.0 0.13340729083118727
38.0 96.0 0.25961644159528885
38.0 98.0 0.36300497897390976
38.0 100.0 0.4439621234460947
38.0 102.0 0.40822464335335734
38.0 104.0 0.40213926010710893
38.0 106.0 0.3962306629966539
38.0 108.0 0.3714113239451065
38.0 110.0 0.40030833842782676
38.0 112.0 0.30372099007180153
38.0 114.0 0.065568163193762
38.0 116.0 0.0
38.0 118.0 0.0
38.0 120.0 0.0
38.0 122.0 0.0
38.0 124.0 0.0
38.0 126.0 0.0
40.0 0.0 0.0
40.0 2.0 0.0
40.0 4.0 0.0
40.0 6.0 0.0
40.0 8.0 0.0
40.0 10.0 0.0
40.0 12.0 0.0
40.0 14.0 0.0
40.0 16.0 0.05332342115612745
40.0 18.0 0.13477395586326404
40.0 20.0 0.13727663540290752
40.0 22.0 0.08917562311075683
40.0 24.0 0.04080199848232712
40.0 26.0 0.023470875596782226
40.0 28.0 6.190558398979942E-4
40.0 30.0 0.0
40.0 32.0 0.0
40.0 34.0 0.0
40.0 36.0 0.0
40.0 38.0 0.0
40.0 40.0 0.0
40.0 42.0 0.0
40.0 44.0 0.0
40.0 46.0 0.0
40.0 48.0 0.001489439542928717
40.0 50.0 0.06327704852777176
40.0 52.0 0.18816340386534816
40.0 54.0 0.3382559646501992
40.0 56.0 0.4462004469339938
40.0 58.0 0.5080969205672909
40.0 60.0 0.5344670855001257
40.0 62.0 0.5302755190459615
40.0 64.0 0.49215517743011494
40.0 66.0 0.4053207245515698
40.0 68.0 0.2178530279716848
40.0 70.0 0.01945110221660958
40.0 72.0 0.0
40.0 74.0 0.0
40.0 76.0 0.0
40.0 78.0 0.0
40.0 80.0 0.0
40.0 82.0 0.0
40.0 84.0 0.0
40.0 86.0 0.0
40.0 88.0 0.0
40.0 90.0 0.0
40.0 92.0 0.00871090494715549
40.0 94.0 0.1401024451735015
40.0 96.0 0.27888419258847014
40.0 98.0 0.38950412823515257
40.0 100.0 0.4761328594646732
40.0 102.0 0.41550845119406093
40.0 104.0 0.41327147517750246
40.0 106.0 0.40083453924184154
40.0 108.0 0.37202746515379315
40.0 110.0 0.3756120830340079
40.0 112.0 0.2688570537834835
40.0 114.0 0.042980167841534495
40.0 116.0 0.0
40.0 118.0 0.0
40.0 120.0 0.0
40.0 122.0 0.0
40.0 124.0 0.0
40.0 126.0 0.0
42.0 0.0 0.0
42.0 2.0 0.0
42.0 4.0 0.0
42.0 6.0 0.0
42.0 8.0 0.0
42.0 10.0 0.0
42.0 12.0 0.003676679560770451
42.0 14.0 0.18934320872987861
42.0 16.0 0.3265312912422836
42.0 18.0 0.3422150842429074
42.0 20.0 0.25657786279955436
42.0 22.0 0.18404050212008394
42.0 24.0 0.08140350111924481
42.0 26.0 0.018015997962299052
42.0 28.0 0.0
42.0 30.0 0.0
42.0 32.0 0.0
42.0 34.0 0.0
42.0 36.0 0.0
42.0 38.0 0.0
42.0 40.0 0.0
42.0 42.0 0.0
42.0 44.0 0.0
42.0 46.0 0.0
42.0 48.0 0.0
42.0 50.0 0.06283881159348012
42.0 52.0 0.19415773806544365
42.0 54.0 0.3456260280633252
42.0 56.0 0.4513264066971669
42.0 58.0 0.5108465047461986
42.0 60.0 0.5324543909502906
42.0 62.0 0.5227419088700681
42.0 64.0 0.4800364692044046
42.0 66.0 0.40212935732816485
42.0 68.0 0.2456807840812805
42.0 70.0 0.034040701099039436
42.0 72.0 0.0
42.0 74.0 0.0
42.0 76.0 0.0
42.0 78.0 0.0
42.0 80.0 0.0
42.0 82.0 0.0
42.0 84.0 0.0
42.0 86.0 0.0
42.0 88.0 0.0
42.0 90.0 0.0
42.0 92.0 9.380503147653109E-4
42.0 94.0 0.1138828023142664
42.0 96.0 0.2598246837747716
42.0 98.0 0.38511233680708434
42.0 100.0 0.4705721266824019
42.0 102.0 0.4546444052196197
42.0 104.0 0.4170393973441407
42.0 106.0 0.4009928209267441
42.0 108.0 0.3664347220456412
42.0 110.0 0.3343466655811212
42.0 112.0 0.23286960442701402
42.0 114.0 0.023868667256650555
42.0 116.0 0.0
42.0 118.0 0.0
42.0 120.0 0.0
42.0 122.0 0.0
42.0 124.0 0.0
42.0 126.0 0.0
44.0 0.0 0.0
44.0 2.0 0.0
44.0 4.0 0.0
44.0 6.0 0.0
44.0 8.0 0.0
44.0 10.0 0.0
44.0 12.0 0.11792268188632832
44.0 14.0 0.37535232023500836
44.0 16.0 0.479729595529321
44.0 18.0 0.4429720169177651
44.0 20.0 0.37779544576768015
44.0 22.0 0.2424777265738144
44.0 24.0 0.11223166374442452
44.0 26.0 0.019731187687017208
44.0 28.0 0.0
44.0 30.0 0.0
44.0 32.0 0.0
44.0 34.0 0.0
44.0 36.0 0.0
44.0 38.0 0.0
44.0 40.0 0.0
44.0 42.0 0.0
44.0 44.0 0.0
44.0 46.0 0.0
44.0 48.0 0.0
44.0 50.0 0.06179008385157222
44.0 52.0 0.20303651589618635
44.0 54.0 0.35903597210426463
44.0 56.0 0.46288215629402346
44.0 58.0 0.5170086344146695
44.0 60.0 0.5326089792851523
44.0 62.0 0.518169318722288
44.0 64.0 0.47360011527558865
44.0 66.0 0.3911406136389975
44.0 68.0 0.2548328520406448
44.0 70.0 0.059016842625661516
44.0 72.0 0.0
44.0 74.0 0.0
44.0 76.0 0.0
44.0 78.0 0.0
44.0 80.0 0.0
44.0 82.0 0.0
44.0 84.0 0.0
44.0 86.0 0.0
44.0 88.0 0.0
44.0 90.0 0.0
44.0 92.0 0.0
44.0 94.0 0.07212425618552122
44.0 96.0 0.21853085690519536
44.0 98.0 0.33567229443776286
44.0 100.0 0.42049485321949703
44.0 102.0 0.4724452929395188
44.0 104.0 0.43478438589689333
44.0 106.0 0.3881075410632815
44.0 108.0 0.34465989851626677
44.0 110.0 0.29479052769750796
44.0 112.0 0.19072451229945278
44.0 114.0 0.009745727056046241
44.0 116.0 0.0
44.0 118.0 0.0
44.0 120.0 0.0
44.0 122.0 0.0
44.0 124.0 0.0
44.0 126.0 0.0
46.0 0.0 0.0
46.0 2.0 0.0
46.0 4.0 0.0
46.0 6.0 0.0
46.0 8.0 0.0
46.0 10.0 0.018025194204904418
46.0 12.0 0.2889101763450092
46.0 14.0 0.5191890691712987
46.0 16.0 0.5688823434489957
46.0 18.0 0.5147486817201791
46.0 20.0 0.437335023056271
46.0 22.0 0.2914780358778567
46.0 24.0 0.12909932256433024
46.0 26.0 0.01844113756990416
46.0 28.0 0.0
46.0 30.0 0.0
46.0 32.0 0.0
46.0 34.0 0.0
46.0 36.0 0.0
46.0 38.0 0.0
46.0 40.0 0.0
46.0 42.0 0.0
46.0 44.0 0.0
46.0 46.0 0.0
46.0 48.0 0.0
46.0 50.0 0.060833824872264165
46.0 52.0 0.2104292281744529
46.0 54.0 0.36886116723845347
46.0 56.0 0.47254942584906573
46.0 58.0 0.5263181896748197
46.0 60.0 0.537815831076535
46.0 62.0 0.4627118259007226
46.0 64.0 0.40076783140967565
46.0 66.0 0.3318049291061903
46.0 68.0 0.23438047262168804
46.0 70.0 0.09176744982798694
46.0 72.0 0.0
46.0 74.0 0.0
46.0 76.0 0.0
46.0 78.0 0.0
46.0 80.0 0.0
46.0 82.0 0.0
46.0 84.0 0.0
46.0 86.0 0.0
46.0 88.0 0.0
46.0 90.0 0.0
46.0 92.0 0.0
46.0 94.0 0.03870612354860608
46.0 96.0 0.16705008651850087
46.0 98.0 0.25731656669622444
46.0 100.0 0.3600256454558471
46.0 102.0 0.414096089386706
46.0 104.0 0.4287395900751492
46.0 106.0 0.38601202150701924
46.0 108.0 0.3182986543528277
46.0 110.0 0.2394794393021126
46.0 112.0 0.14018930601701804
46.0 114.0 0.0038656835962995427
46.0 116.0 0.0
46.0 118.0 0.0
46.0 120.0 0.0
46.0 122.0 0.0
46.0 124.0 0.0
46.0 126.0 0.0
48.0 0.0 0.0
48.0 2.0 0.0
48.0 4.0 0.0
48.0 6.0 0.0
48.0 8.0 0.019708558490018624
48.0 10.0 0.27887739607332124
48.0 12.0 0.5111090614843197
48.0 14.0 0.5677927472868104
48.0 16.0 0.5748190883747882
48.0 18.0 0.5436158186291975
48.0 20.0 0.4749457894754849
48.0 22.0 0.3217917799825866
48.0 24.0 0.14122503184107923
48.0 26.0 0.012882099629465947
48.0 28.0 0.0
48.0 30.0 0.0
48.0 32.0 0.0
48.0 34.0 0.0
48.0 36.0 0.0
48.0 38.0 0.0
48.0 40.0 0.0
48.0 42.0 0.0
48.0 44.0 0.0
48.0 46.0 0.0
48.0 48.0 0.0
48.0 50.0 0.06478310286970528
48.0 52.0 0.21352806032511773
48.0 54.0 0.367263333846838
48.0 56.0 0.47601449037623905
48.0 58.0 0.5142455013256576
48.0 60.0 0.4556520378972661
48.0 62.0 0.427830465698412
48.0 64.0 0.38462004668561645
48.0 66.0 0.3184568177281683
48.0 68.0 0.22901434819239638
48.0 70.0 0.09266677994185053
48.0 72.0 0.0
48.0 74.0 0.0
48.0 76.0 0.0
48.0 78.0 0.0
48.0 80.0 0.0
48.0 82.0 0.0
48.0 84.0 0.0
48.0 86.0 0.0
48.0 88.0 0.0
48.0 90.0 0.0
48.0 92.0 0.0
48.0 94.0 0.029107888442357493
48.0 96.0 0.13442087594434063
48.0 98.0 0.19853941359910235
48.0 100.0 0.2981176312899495
48.0 102.0 0.34344359494187326
48.0 104.0 0.35293559272528746
48.0 106.0 0.3295734972739046
48.0 108.0 0.27218578009905986
48.0 110.0 0.19054505567108046
48.0 112.0 0.08856006406614852
48.0 114.0 0.0014088941653140209
48.0 116.0 0.0
48.0 118.0 0.0
48.0 120.0 0.0
48.0 122.0 0.0
48.0 124.0 0.0
48.0 126.0 0.0
50.0 0.0 0.0
50.0 2.0 0.0
50.0 4.0 0.0
50.0 6.0 0.0
50.0 8.0 0.10927940618554459
50.0 10.0 0.39097926741260175
50.0 12.0 0.5194496025505981
50.0 14.0 0.5238697290351054
50.0 16.0 0.5423497549671343
50.0 18.0 0.5167426274302692
50.0 20.0 0.45411060134166975
50.0 22.0 0.321515280808834
50.0 24.0 0.13535007305953198
50.0 26.0 0.005642312097063114
50.0 28.0 0.0
50.0 30.0 0.0
50.0 32.0 0.0
50.0 34.0 0.0
50.0 36.0 0.0
50.0 38.0 0.0
50.0 40.0 0.0
50.0 42.0 0.0
50.0 44.0 0.0
50.0 46.0 0.0
50.0 48.0 0.0
50.0 50.0 0.041585066183287146
50.0 52.0 0.19435854056160862
50.0 54.0 0.35721378198690346
50.0 56.0 0.4692597917946957
50.0 58.0 0.5071325478085774
50.0 60.0 0.4331952282414336
50.0 62.0 0.3929673055077358
50.0 64.0 0.3551494886578303
50.0 66.0 0.2954098621035797
50.0 68.0 0.22105110857961743
50.0 70.0 0.06211810428559932
50.0 72.0 0.0
50.0 74.0 0.0
50.0 76.0 0.0
50.0 78.0 0.0
50.0 80.0 0.0
50.0 82.0 0.0
50.0 84.0 0.0
50.0 86.0 0.0
50.0 88.0 0.0
50.0 90.0 0.0
50.0 92.0 0.0
50.0 94.0 0.02309339565261496
50.0 96.0 0.0926899218617195
50.0 98.0 0.14809973308431004
50.0 100.0 0.18755614903163054
50.0 102.0 0.2516335747087847
50.0 104.0 0.2710160478403328
50.0 106.0 0.25576531250418993
50.0 108.0 0.22102585661461613
50.0 110.0 0.15020115406021736
50.0 112.0 0.05632874266965663
50.0 114.0 3.652036738243602E-4
50.0 116.0 0.0
50.0 118.0 0.0
50.0 120.0 0.0
50.0 122.0 0.0
50.0 124.0 0.0
50.0 126.0 0.0
52.0 0.0 0.0
52.0 2.0 0.0
52.0 4.0 0.0
52.0 6.0 0.04364497168410564
52.0 8.0 0.22571302424571382
52.0 10.0 0.40119721882389325
52.0 12.0 0.4959099385170005
52.0 14.0 0.4939064807683047
52.0 16.0 0.5110655054036284
52.0 18.0 0.48684167932675604
52.0 20.0 0.4302070563338627
52.0 22.0 0.31820254084243316
52.0 24.0 0.11778549508868612
52.0 26.0 0.002904160409046112
52.0 28.0 0.0
52.0 30.0 0.0
52.0 32.0 0.0
52.0 34.0 0.0
52.0 36.0 0.0
52.0 38.0 0.0
52.0 40.0 0.0
52.0 42.0 0.0
52.0 44.0 0.0
52.0 46.0 0.0
52.0 48.0 0.0
52.0 50.0 0.01455671591280687
52.0 52.0 0.1588510382882368
52.0 54.0 0.32842253865624
52.0 56.0 0.43717498602660365
52.0 58.0 0.4777235921337735
52.0 60.0 0.3985950331746071
52.0 62.0 0.3625901852416213
52.0 64.0 0.322295172643144
52.0 66.0 0.26768563222157776
52.0 68.0 0.20105976462915706
52.0 70.0 0.027301318974453148
52.0 72.0 0.0
52.0 74.0 0.0
52.0 76.0 0.0
52.0 78.0 0.0
52.0 80.0 0.0
52.0 82.0 0.0
52.0 84.0 0.0
52.0 86.0 0.0
52.0 88.0 0.0
52.0 90.0 0.0
52.0 92.0 0.0
52.0 94.0 0.017678193081040506
52.0 96.0 0.0696910997938494
52.0 98.0 0.11061500556927495
52.0 100.0 0.13821177618069977
52.0 102.0 0.16768473574426923
52.0 104.0 0.2070748989391555
52.0 106.0 0.1903966422711787
52.0 108.0 0.16831389015466178
52.0 110.0 0.11350161301120604
52.0 112.0 0.03797567662391643
52.0 114.0 5.110945047272585E-4
52.0 116.0 0.0
52.0 118.0 0.0
52.0 120.0 0.0
52.0 122.0 0.0
52.0 124.0 0.0
52.0 126.0 0.0
54.0 0.0 0.0
54.0 2.0 0.0
54.0 4.0 0.05350873970407887
54.0 6.0 0.17771933314539912
54.0 8.0 0.33273655388114015
54.0 10.0 0.41952739851146825
54.0 12.0 0.4568349668904011
54.0 14.0 0.48078978200061867
54.0 16.0 0.49009360312231126
54.0 18.0 0.4632327914626975
54.0 20.0 0.4126277307464801
54.0 22.0 0.2906926973308974
54.0 24.0 0.0867965143982967
54.0 26.0 0.0
54.0 28.0 0.0
54.0 30.0 0.0
54.0 32.0 0.0
54.0 34.0 0.0
54.0 36.0 0.0
54.0 38.0 0.0
54.0 40.0 0.0
54.0 42.0 0.0
54.0 44.0 0.0
54.0 46.0 0.0
54.0 48.0 0.0
54.0 50.0 1.2529185156105797E-4
54.0 52.0 0.1024195303391539
54.0 54.0 0.26961421001913943
54.0 56.0 0.3718866696566705
54.0 58.0 0.406937865369612
54.0 60.0 0.34103933320097185
54.0 62.0 0.31446057476904554
54.0 64.0 0.28254570231535114
54.0 66.0 0.22640710345644718
54.0 68.0 0.1481823579788152
54.0 70.0 0.006339650408777926
54.0 72.0 0.0
54.0 74.0 0.0
54.0 76.0 0.0
54.0 78.0 0.0
54.0 80.0 0.0
54.0 82.0 0.0
54.0 84.0 0.0
54.0 86.0 0.0
54.0 88.0 0.0
54.0 90.0 0.0
54.0 92.0 0.0
54.0 94.0 0.01564772392618845
54.0 96.0 0.05167021720489842
54.0 98.0 0.08336021160545522
54.0 100.0 0.10358127856792025
54.0 102.0 0.11822237005683213
54.0 104.0 0.14368331930437248
54.0 106.0 0.13239523809070972
54.0 108.0 0.1325828986635539
54.0 110.0 0.09204457216735641
54.0 112.0 0.0324510405641533
54.0 114.0 0.00334412308139103
54.0 116.0 0.0
54.0 118.0 0.0
54.0 120.0 0.0
54.0 122.0 0.0
54.0 124.0 0.0
54.0 126.0 0.0
56.0 0.0 0.0
56.0 2.0 0.1777868883496763
56.0 4.0 0.15950969625462624
56.0 6.0 0.20795642849399965
56.0 8.0 0.31974826162405773
56.0 10.0 0.38281976788918576
56.0 12.0 0.4169964912357987
56.0 14.0 0.42371489721159766
56.0 16.0 0.4275830142544104
56.0 18.0 0.4156446416790272
56.0 20.0 0.37309768535725607
56.0 22.0 0.23793654005884599
56.0 24.0 0.043700517460833
56.0 26.0 0.0
56.0 28.0 0.0
56.0 30.0 0.0
56.0 32.0 0.0
56.0 34.0 0.0
56.0 36.0 0.0
56.0 38.0 0.0
56.0 40.0 0.0
56.0 42.0 0.0
56.0 44.0 0.0
56.0 46.0 0.0
56.0 48.0 0.0
56.0 50.0 0.0
56.0 52.0 0.06117136845026324
56.0 54.0 0.20260759698835604
56.0 56.0 0.27798980482932295
56.0 58.0 0.30773227784540186
56.0 60.0 0.2633528669827258
56.0 62.0 0.2510169145327941
56.0 64.0 0.2211328460244266
56.0 66.0 0.16469215409025545
56.0 68.0 0.07140747254963763
56.0 70.0 0.0
56.0 72.0 0.0
56.0 74.0 0.0
56.0 76.0 0.0
56.0 78.0 0.0
56.0 80.0 0.0
56.0 82.0 0.0
56.0 84.0 0.0
56.0 86.0 0.0
56.0 88.0 0.0
56.0 90.0 0.0
56.0 92.0 0.0
56.0 94.0 0.0074685404597260455
56.0 96.0 0.021780373346993138
56.0 98.0 0.04242806138437171
56.0 100.0 0.058908721562846426
56.0 102.0 0.07176526457563742
56.0 104.0 0.0854397840692272
56.0 106.0 0.100713274915168
56.0 108.0 0.07443700643798905
56.0 110.0 0.05880077553941488
56.0 112.0 0.031279448047623934
56.0 114.0 0.010297654701365065
56.0 116.0 0.0014344353298699217
56.0 118.0 0.001114485138646904
56.0 120.0 0.009892484101118926
56.0 122.0 0.026756659383481356
56.0 124.0 0.06745900983953727
56.0 126.0 0.21576416661635456
58.0 0.0 0.0
58.0 2.0 0.33751827659333605
58.0 4.0 0.20882776298550218
58.0 6.0 0.23501490190796956
58.0 8.0 0.280725444551355
58.0 10.0 0.353938971107787
58.0 12.0 0.372230895626902
58.0 14.0 0.3735713098439443
58.0 16.0 0.37840582209102885
58.0 18.0 0.3851855576700067
58.0 20.0 0.3145107427735876
58.0 22.0 0.16038230714632154
58.0 24.0 0.009261373890087972
58.0 26.0 0.0
58.0 28.0 0.0
58.0 30.0 0.0
58.0 32.0 0.0
58.0 34.0 0.0
58.0 36.0 0.0
58.0 38.0 0.0
58.0 40.0 0.0
58.0 42.0 0.0
58.0 44.0 0.0
58.0 46.0 0.0
58.0 48.0 0.0
58.0 50.0 0.0
58.0 52.0 0.04790004699264758
58.0 54.0 0.14805924719169022
58.0 56.0 0.19864337851099356
58.0 58.0 0.2089235165889549
58.0 60.0 0.1987625195653386
58.0 62.0 0.15780974578296514
58.0 64.0 0.1382095509537916
58.0 66.0 0.08176060201013065
58.0 68.0 0.010215487558836014
58.0 70.0 0.0
58.0 72.0 0.0
58.0 74.0 0.0
58.0 76.0 0.0
58.0 78.0 0.0
58.0 80.0 0.0
58.0 82.0 0.0
58.0 84.0 0.0
58.0 86.0 0.0
58.0 88.0 0.0
58.0 90.0 0.0
58.0 92.0 0.005649069595230116
58.0 94.0 0.016042172317829662
58.0 96.0 0.02498492410348029
58.0 98.0 0.032906862478683865
58.0 100.0 0.038696958176376486
58.0 102.0 0.04230254383774973
58.0 104.0 0.046008533165269545
58.0 106.0 0.05320877283138015
58.0 108.0 0.040655912471306246
58.0 110.0 0.04140502394163945
58.0 112.0 0.026191568866916485
58.0 114.0 0.01777401129727547
58.0 116.0 0.017940140649035558
58.0 118.0 0.027578476883521677
58.0 120.0 0.0624579524308406
58.0 122.0 0.12188656768252065
58.0 124.0 0.22915015180305034
58.0 126.0 0.37020080776920516
60.0 0.0 0.0
60.0 2.0 0.36609894114195485
60.0 4.0 0.18293699404228447
60.0 6.0 0.19305101095429067
60.0 8.0 0.24418150144902637
60.0 10.0 0.2923967957083166
60.0 12.0 0.3212039674642327
60.0 14.0 0.3312932804670673
60.0 16.0 0.33844335291268535
60.0 18.0 0.3288383592234799
60.0 20.0 0.2378241030631013
60.0 22.0 0.08959948234413016
60.0 24.0 2.656765958524956E-4
60.0 26.0 0.0
60.0 28.0 0.0
60.0 30.0 0.0
60.0 32.0 0.0
60.0 34.0 0.0
60.0 36.0 0.0
60.0 38.0 0.0
60.0 40.0 0.0
60.0 42.0 0.0
60.0 44.0 0.0
60.0 46.0 0.0
60.0 48.0 0.0
60.0 50.0 0.008493682125416577
60.0 52.0 0.047597810297171333
60.0 54.0 0.10888745387794106
60.0 56.0 0.1330334177071338
60.0 58.0 0.13054129647152904
60.0 60.0 0.10899177003845419
60.0 62.0 0.05619916512448748
60.0 64.0 0.036848878382646943
60.0 66.0 0.017431914992555527
60.0 68.0 0.0
60.0 70.0 0.0
60.0 72.0 0.0
60.0 74.0 0.0
60.0 76.0 0.0
60.0 78.0 0.0
60.0 80.0 0.0
60.0 82.0 0.0
60.0 84.0 3.185932379654305E-4
60.0 86.0 4.7014537183702725E-4
60.0 88.0 0.0010454939542162611
60.0 90.0 0.0082529900713994
60.0 92.0 0.015528239813385842
60.0 94.0 0.022640486276467003
60.0 96.0 0.026645986676722647
60.0 98.0 0.026542835115568566
60.0 100.0 0.023470779714949624
60.0 102.0 0.01975154881833723
60.0 104.0 0.020591378072617687
60.0 106.0 0.024727915043547478
60.0 108.0 0.031112952976267916
60.0 110.0 0.015496747531206815
60.0 112.0 0.02088902345084741
60.0 114.0 0.021191347420881218
60.0 116.0 0.03197939891876455
60.0 118.0 0.059761997946939066
60.0 120.0 0.11643437943090786
60.0 122.0 0.19514739570792486
60.0 124.0 0.3152707178379115
60.0 126.0 0.4245161218289495
62.0 0.0 0.0
62.0 2.0 0.32931910876903164
62.0 4.0 0.11765720999045542
62.0 6.0 0.12754073869808735
62.0 8.0 0.16451148622124215
62.0 10.0 0.22984563740403383
62.0 12.0 0.26826517538590483
62.0 14.0 0.28615600584415596
62.0 16.0 0.29198884383356316
62.0 18.0 0.25348142533486173
62.0 20.0 0.14877828534799473
62.0 22.0 0.020419999146505687
62.0 24.0 0.0
62.0 26.0 0.0
62.0 28.0 0.0
62.0 30.0 0.0
62.0 32.0 0.0
62.0 34.0 0.0
62.0 36.0 0.0
62.0 38.0 0.0
62.0 40.0 0.0
62.0 42.0 0.0
62.0 44.0 0.0
62.0 46.0 0.0011198217595427909
62.0 48.0 0.019479432190300964
62.0 50.0 0.031067243287322025
62.0 52.0 0.044155347106922656
62.0 54.0 0.07026229879148428
62.0 56.0 0.0744474515218266
62.0 58.0 0.059146466794195586
62.0 60.0 0.031424239221733055
62.0 62.0 0.007669024357923389
62.0 64.0 0.0
62.0 66.0 0.0
62.0 68.0 0.0
62.0 70.0 0.0
62.0 72.0 0.0
62.0 74.0 0.0
62.0 76.0 0.0
62.0 78.0 0.0
62.0 80.0 0.0
62.0 82.0 0.0027981472368004156
62.0 84.0 0.008687210971405337
62.0 86.0 0.015609582530906998
62.0 88.0 0.022322927997757896
62.0 90.0 0.029873485468633252
62.0 92.0 0.03017674657222816
62.0 94.0 0.02863504572548835
62.0 96.0 0.02383172380895693
62.0 98.0 0.01779322718811826
62.0 100.0 0.012572092296062166
62.0 102.0 0.004011636826096476
62.0 104.0 0.0026512199083706905
62.0 106.0 0.0041508881189229905
62.0 108.0 0.010038662669675569
62.0 110.0 0.0060663241279321455
62.0 112.0 0.01871923973318349
62.0 114.0 0.02815991810527345
62.0 116.0 0.05152434027881814
62.0 118.0 0.09499801686352936
62.0 120.0 0.15445574290448147
62.0 122.0 0.2336153224271255
62.0 124.0 0.33769427483838693
62.0 126.0 0.4387448876987987
64.0 0.0 0.0
64.0 2.0 0.2509697839833293
64.0 4.0 0.012238246332408333
64.0 6.0 0.02894787600745713
64.0 8.0 0.06979848431972853
64.0 10.0 0.1530715090095708
64.0 12.0 0.2185941016740132
64.0 14.0 0.23299235333333443
64.0 16.0 0.22416969807395262
64.0 18.0 0.16712858969723587
64.0 20.0 0.06275279667523727
64.0 22.0 7.879037798640378E-4
64.0 24.0 0.0
64.0 26.0 0.0
64.0 28.0 0.0
64.0 30.0 0.0
64.0 32.0 0.0
64.0 34.0 0.0
64.0 36.0 0.0
64.0 38.0 0.0
64.0 40.0 0.0
64.0 42.0 0.0
64.0 44.0 0.0
64.0 46.0 0.009603571202566467
64.0 48.0 0.031283133262788566
64.0 50.0 0.046984631934408244
64.0 52.0 0.041445017363160204
64.0 54.0 0.03668886555643071
64.0 56.0 0.029927812442941595
64.0 58.0 0.018592051651492452
64.0 60.0 0.005375704627616728
64.0 62.0 0.0
64.0 64.0 0.0
64.0 66.0 0.0
64.0 68.0 0.0
64.0 70.0 0.0
64.0 72.0 0.0
64.0 74.0 0.0
64.0 76.0 0.0
64.0 78.0 0.005822133850462198
64.0 80.0 0.01777279009260418
64.0 82.0 0.033844996666194296
64.0 84.0 0.047640992872609846
64.0 86.0 0.0487648284307779
64.0 88.0 0.040129188884228374
64.0 90.0 0.03601635649779842
64.0 92.0 0.030374541267060687
64.0 94.0 0.02359801862767214
64.0 96.0 0.01783267263660623
64.0 98.0 0.007227880046642383
64.0 100.0 4.5382702753147186E-4
64.0 102.0 0.0
64.0 104.0 0.0
64.0 106.0 0.0
64.0 108.0 0.0
64.0 110.0 0.0014664817715115974
64.0 112.0 0.014186416543835829
64.0 114.0 0.034114789305174004
64.0 116.0 0.07326981407979774
64.0 118.0 0.1180151624872664
64.0 120.0 0.17896197666842992
64.0 122.0 0.2562589697645217
64.0 124.0 0.3389404745355755
64.0 126.0 0.4069180646335224
66.0 0.0 0.0
66.0 2.0 0.14629010859587563
66.0 4.0 0.0
66.0 6.0 0.0
66.0 8.0 0.018671034947665217
66.0 10.0 0.08834920461166695
66.0 12.0 0.15749506593252233
66.0 14.0 0.17401195816337192
66.0 16.0 0.14810278536357477
66.0 18.0 0.07964139383665321
66.0 20.0 0.005461566684009084
66.0 22.0 0.0
66.0 24.0 0.0
66.0 26.0 0.0
66.0 28.0 0.0
66.0 30.0 0.0
66.0 32.0 0.0
66.0 34.0 0.0
66.0 36.0 0.0
66.0 38.0 0.0
66.0 40.0 0.0
66.0 42.0 0.005066815972716369
66.0 44.0 0.024067932871006892
66.0 46.0 0.05134941022556058
66.0 48.0 0.07416698657283922
66.0 50.0 0.05649082283524223
66.0 52.0 0.03122088452230494
66.0 54.0 0.014473577019118772
66.0 56.0 0.004286709013634308
66.0 58.0 0.0
66.0 60.0 0.0
66.0 62.0 0.0
66.0 64.0 0.0
66.0 66.0 0.0
66.0 68.0 0.0
66.0 70.0 0.0
66.0 72.0 0.0
66.0 74.0 0.0023514265176656584
66.0 76.0 0.013606022660745003
66.0 78.0 0.03784059821477777
66.0 80.0 0.07285111860225447
66.0 82.0 0.1017997793417188
66.0 84.0 0.1074371060666432
66.0 86.0 0.100214693884989
66.0 88.0 0.08444707334883862
66.0 90.0 0.05737407968134612
66.0 92.0 0.034057672761570824
66.0 94.0 0.016497555070453508
66.0 96.0 0.005827383691576926
66.0 98.0 0.0
66.0 100.0 0.0
66.0 102.0 0.0
66.0 104.0 0.0
66.0 106.0 0.0
66.0 108.0 0.0
66.0 110.0 0.0
66.0 112.0 0.003410344995419132
66.0 114.0 0.02597830560270605
66.0 116.0 0.0760281328126667
66.0 118.0 0.12607514635411637
66.0 120.0 0.1939410002221124
66.0 122.0 0.2600158907630085
66.0 124.0 0.32578746958510785
66.0 126.0 0.36591804344034257
68.0 0.0 0.0
68.0 2.0 0.08946231249139384
68.0 4.0 0.0
68.0 6.0 0.0
68.0 8.0 0.0017595225110117734
68.0 10.0 0.042188997019958395
68.0 12.0 0.09007912171948446
68.0 14.0 0.09391188004396893
68.0 16.0 0.04771708656597612
68.0 18.0 0.0022226968296127857
68.0 20.0 0.0
68.0 22.0 0.0
68.0 24.0 0.0
68.0 26.0 0.0
68.0 28.0 0.0
68.0 30.0 0.0
68.0 32.0 0.0
68.0 34.0 0.0
68.0 36.0 0.0
68.0 38.0 0.006893285481180644
68.0 40.0 0.017605157486185765
68.0 42.0 0.04560147268353787
68.0 44.0 0.08458487331930663
68.0 46.0 0.10498567775694932
68.0 48.0 0.10026107254008683
68.0 50.0 0.0671599073724546
68.0 52.0 0.026073332050189024
68.0 54.0 0.001303732349633396
68.0 56.0 0.0
68.0 58.0 0.0
68.0 60.0 0.0
68.0 62.0 0.0
68.0 64.0 0.0
68.0 66.0 0.0
68.0 68.0 0.0
68.0 70.0 0.0
68.0 72.0 2.5432329905007324E-5
68.0 74.0 0.008915548475439261
68.0 76.0 0.03683149565971498
68.0 78.0 0.08142846436074375
68.0 80.0 0.12560579850015507
68.0 82.0 0.16888890258487255
68.0 84.0 0.1903818619237748
68.0 86.0 0.18325859498683508
68.0 88.0 0.1500810724023777
68.0 90.0 0.09853344357092193
68.0 92.0 0.04249380215105159
68.0 94.0 0.00594103289570921
68.0 96.0 0.0
68.0 98.0 0.0
68.0 100.0 0.0
68.0 102.0 0.0
68.0 104.0 0.0
68.0 106.0 0.0
68.0 108.0 0.0
68.0 110.0 0.0
68.0 112.0 0.0
68.0 114.0 0.012804207757317413
68.0 116.0 0.06753206267144803
68.0 118.0 0.13561230184043968
68.0 120.0 0.20273623252126824
68.0 122.0 0.24505724985719568
68.0 124.0 0.3109409253408086
68.0 126.0 0.30552929607114426
70.0 0.0 0.0
70.0 2.0 0.051122540996970556
70.0 4.0 0.0
70.0 6.0 0.0
70.0 8.0 0.0
70.0 10.0 0.016381141072991573
70.0 12.0 0.027199425348138
70.0 14.0 0.008419828291967878
70.0 16.0 0.0
70.0 18.0 0.0
70.0 20.0 0.0
70.0 22.0 0.0
70.0 24.0 0.0
70.0 26.0 0.0
70.0 28.0 0.0
70.0 30.0 0.0
70.0 32.0 0.0
70.0 34.0 0.0
70.0 36.0 0.011084913506603027
70.0 38.0 0.051215324612020774
70.0 40.0 0.09419619027488707
70.0 42.0 0.13148843520362988
70.0 44.0 0.15610089618134268
70.0 46.0 0.1649559395917783
70.0 48.0 0.14556842748037888
70.0 50.0 0.0918445337505057
70.0 52.0 0.022455515243394453
70.0 54.0 0.0
70.0 56.0 0.0
70.0 58.0 0.0
70.0 60.0 0.0
70.0 62.0 0.0
70.0 64.0 0.0
70.0 66.0 0.0
70.0 68.0 0.0
70.0 70.0 0.0
70.0 72.0 0.0
70.0 74.0 0.016980707697453797
70.0 76.0 0.07166144216817001
70.0 78.0 0.14044266301676409
70.0 80.0 0.2070406661126196
70.0 82.0 0.256733566152487
70.0 84.0 0.28243530325909416
70.0 86.0 0.27842887001960215
70.0 88.0 0.22493325171821166
70.0 90.0 0.14251431217104565
70.0 92.0 0.049759527454895786
70.0 94.0 1.451185623483401E-4
70.0 96.0 0.0
70.0 98.0 0.0
70.0 100.0 0.0
70.0 102.0 0.0
70.0 104.0 0.0
70.0 106.0 0.0
70.0 108.0 0.0
70.0 110.0 0.0
70.0 112.0 0.0
70.0 114.0 4.8063935006635133E-4
70.0 116.0 0.05309909269293808
70.0 118.0 0.12937925435990685
70.0 120.0 0.1891638049863076
70.0 122.0 0.23289481364838074
70.0 124.0 0.2765959795873928
70.0 126.0 0.21936464083795262
72.0 0.0 0.0
72.0 2.0 0.025814672407635287
72.0 4.0 0.0
72.0 6.0 0.0
72.0 8.0 0.0
72.0 10.0 0.005822695799911346
72.0 12.0 0.0
72.0 14.0 0.0
72.0 16.0 0.0
72.0 18.0 0.0
72.0 20.0 0.0
72.0 22.0 0.0
72.0 24.0 0.0
72.0 26.0 0.0
72.0 28.0 0.0
72.0 30.0 0.0
72.0 32.0 0.0024065502779641655
72.0 34.0 0.023995851848691272
72.0 36.0 0.07785843814360409
72.0 38.0 0.12596926693267887
72.0 40.0 0.16967422023560905
72.0 42.0 0.20426811905870598
72.0 44.0 0.2230308937424715
72.0 46.0 0.22117561000678618
72.0 48.0 0.1896643502560146
72.0 50.0 0.12478375782582206
72.0 52.0 0.0180972921823378
72.0 54.0 0.0
72.0 56.0 0.0
72.0 58.0 0.0
72.0 60.0 0.0
72.0 62.0 0.0
72.0 64.0 0.0
72.0 66.0 0.0
72.0 68.0 0.0
72.0 70.0 0.0
72.0 72.0 0.0
72.0 74.0 0.026021106563877086
72.0 76.0 0.1164203556691885
72.0 78.0 0.21579260359290967
72.0 80.0 0.29821086112876266
72.0 82.0 0.3518902981803889
72.0 84.0 0.3699011261574523
72.0 86.0 0.364208113434303
72.0 88.0 0.3026367650696998
72.0 90.0 0.185623007366153
72.0 92.0 0.04383287646407386
72.0 94.0 0.0
72.0 96.0 0.0
72.0 98.0 0.0
72.0 100.0 0.0
72.0 102.0 0.0
72.0 104.0 0.0
72.0 106.0 0.0
72.0 108.0 0.0
72.0 110.0 0.0
72.0 112.0 0.0
72.0 114.0 0.0
72.0 116.0 0.0195408417922054
72.0 118.0 0.1062246054605447
72.0 120.0 0.17309596275159259
72.0 122.0 0.21090424608248878
72.0 124.0 0.22413209845036042
72.0 126.0 0.11820530851507777
74.0 0.0 0.0
74.0 2.0 0.005073687412429375
74.0 4.0 0.0
74.0 6.0 0.0
74.0 8.0 0.0
74.0 10.0 2.1956433205932917E-4
74.0 12.0 0.0
74.0 14.0 0.0
74.0 16.0 0.0
74.0 18.0 0.0
74.0 20.0 0.0
74.0 22.0 0.0
74.0 24.0 0.0
74.0 26.0 0.0
74.0 28.0 0.0
74.0 30.0 0.0
74.0 32.0 0.007996683460687604
74.0 34.0 0.060192734722224604
74.0 36.0 0.1296067379037184
74.0 38.0 0.19380333271499497
74.0 40.0 0.2427804898771361
74.0 42.0 0.2805681258087883
74.0 44.0 0.299305020597622
74.0 46.0 0.28629457513484896
74.0 48.0 0.2348324008599112
74.0 50.0 0.14475595859981158
74.0 52.0 0.021085204525991646
74.0 54.0 0.0
74.0 56.0 0.0
74.0 58.0 0.0
74.0 60.0 0.0
74.0 62.0 0.0
74.0 64.0 0.0
74.0 66.0 0.0
74.0 68.0 0.0
74.0 70.0 0.0
74.0 72.0 0.0
74.0 74.0 0.04058581789843718
74.0 76.0 0.15552129636797174
74.0 78.0 0.27562001671022646
74.0 80.0 0.37678412144163453
74.0 82.0 0.42947474774973937
74.0 84.0 0.441231084499559
74.0 86.0 0.4393512294068013
74.0 88.0 0.37401800253461986
74.0 90.0 0.22887312566728105
74.0 92.0 0.04883486289552883
74.0 94.0 0.0
74.0 96.0 0.0
74.0 98.0 0.0
74.0 100.0 0.0
74.0 102.0 0.0
74.0 104.0 0.0
74.0 106.0 0.0
74.0 108.0 0.0
74.0 110.0 0.0
74.0 112.0 0.0
74.0 114.0 0.0
74.0 116.0 0.0020665391307823733
74.0 118.0 0.08098425567234353
74.0 120.0 0.14959764490803407
74.0 122.0 0.17814832793673288
74.0 124.0 0.14526643693534405
74.0 126.0 0.010679096622734476
76.0 0.0 0.0
76.0 2.0 0.0
76.0 4.0 0.0
76.0 6.0 0.0
76.0 8.0 0.0
76.0 10.0 0.0
76.0 12.0 0.0
76.0 14.0 0.0
76.0 16.0 0.0
76.0 18.0 0.0
76.0 20.0 0.0
76.0 22.0 0.0
76.0 24.0 0.0
76.0 26.0 0.0
76.0 28.0 0.0
76.0 30.0 0.0
76.0 32.0 0.024028252312175924
76.0 34.0 0.11189404176134794
76.0 36.0 0.18704252377265806
76.0 38.0 0.2562165563510744
76.0 40.0 0.31473369475220075
76.0 42.0 0.3553564642137011
76.0 44.0 0.37287889714813005
76.0 46.0 0.35048990072664715
76.0 48.0 0.282411176214254
76.0 50.0 0.19222949051187901
76.0 52.0 0.028165410150607
76.0 54.0 0.0
76.0 56.0 0.0
76.0 58.0 0.0
76.0 60.0 0.0
76.0 62.0 0.0
76.0 64.0 0.0
76.0 66.0 0.0
76.0 68.0 0.0
76.0 70.0 0.0
76.0 72.0 0.0
76.0 74.0 0.061181693327113866
76.0 76.0 0.20231705071605446
76.0 78.0 0.3183610668618228
76.0 80.0 0.3957111033249033
76.0 82.0 0.434774870677499
76.0 84.0 0.49276346261534565
76.0 86.0 0.5022843585828821
76.0 88.0 0.42167032155729856
76.0 90.0 0.26038498865542936
76.0 92.0 0.05499480974206542
76.0 94.0 0.0
76.0 96.0 0.0
76.0 98.0 0.0
76.0 100.0 0.0
76.0 102.0 0.0
76.0 104.0 0.0
76.0 106.0 0.0
76.0 108.0 0.0
76.0 110.0 0.0
76.0 112.0 0.0
76.0 114.0 0.0
76.0 116.0 0.0
76.0 118.0 0.052981025598600705
76.0 120.0 0.12059724820600896
76.0 122.0 0.13242231357073614
76.0 124.0 0.04376423896426912
76.0 126.0 0.0
78.0 0.0 0.0
78.0 2.0 0.0
78.0 4.0 0.0
78.0 6.0 0.0
78.0 8.0 0.0
78.0 10.0 0.0
78.0 12.0 0.0
78.0 14.0 0.0
78.0 16.0 0.0
78.0 18.0 0.0
78.0 20.0 0.0
78.0 22.0 0.0
78.0 24.0 0.0
78.0 26.0 0.0
78.0 28.0 0.0
78.0 30.0 0.0
78.0 32.0 0.046005818454983693
78.0 34.0 0.14599081618676932
78.0 36.0 0.237599757402534
78.0 38.0 0.3204369231998385
78.0 40.0 0.386461335445824
78.0 42.0 0.42699945269398326
78.0 44.0 0.4387201350909802
78.0 46.0 0.40977663963751976
78.0 48.0 0.329110489025383
78.0 50.0 0.24525112199443813
78.0 52.0 0.036427207875710264
78.0 54.0 0.0
78.0 56.0 0.0
78.0 58.0 0.0
78.0 60.0 0.0
78.0 62.0 0.0
78.0 64.0 0.0
78.0 66.0 0.0
78.0 68.0 0.0
78.0 70.0 0.0
78.0 72.0 0.0
78.0 74.0 0.07859921400580026
78.0 76.0 0.2415612452655487
78.0 78.0 0.351145910786777
78.0 80.0 0.4157353993241686
78.0 82.0 0.4479560540810383
78.0 84.0 0.5040232595907627
78.0 86.0 0.5345650114344188
78.0 88.0 0.4522589414213369
78.0 90.0 0.2663154126685046
78.0 92.0 0.04237386013215644
78.0 94.0 0.0
78.0 96.0 0.0
78.0 98.0 0.0
78.0 100.0 0.0
78.0 102.0 0.0
78.0 104.0 0.0
78.0 106.0 0.0
78.0 108.0 0.0
78.0 110.0 0.0
78.0 112.0 0.0
78.0 114.0 0.0
78.0 116.0 0.0
78.0 118.0 0.02969686567179101
78.0 120.0 0.08497236255626793
78.0 122.0 0.06610033168634892
78.0 124.0 0.005125319264865463
78.0 126.0 0.0
80.0 0.0 0.0
80.0 2.0 0.0
80.0 4.0 0.0
80.0 6.0 0.0
80.0 8.0 0.0
80.0 10.0 0.0
80.0 12.0 0.0
80.0 14.0 0.0
80.0 16.0 0.0
80.0 18.0 0.0
80.0 20.0 0.0
80.0 22.0 0.0
80.0 24.0 0.0
80.0 26.0 0.0
80.0 28.0 0.0
80.0 30.0 0.0
80.0 32.0 0.047098077819949534
80.0 34.0 0.17368124410033717
80.0 36.0 0.28883558419473726
80.0 38.0 0.3833119467641896
80.0 40.0 0.4533375767755512
80.0 42.0 0.49213139071783907
80.0 44.0 0.4998884713339829
80.0 46.0 0.4478325802736934
80.0 48.0 0.3696196961812186
80.0 50.0 0.309265785710972
80.0 52.0 0.05209613256166448
80.0 54.0 0.0
80.0 56.0 0.0
80.0 58.0 0.0
80.0 60.0 0.0
80.0 62.0 0.0
80.0 64.0 0.0
80.0 66.0 0.0
80.0 68.0 0.0
80.0 70.0 0.0
80.0 72.0 0.0
80.0 74.0 0.10049605016433698
80.0 76.0 0.24687375199977077
80.0 78.0 0.3427144387192465
80.0 80.0 0.40543014301880603
80.0 82.0 0.4761351098497959
80.0 84.0 0.5653153811603397
80.0 86.0 0.5587775814885385
80.0 88.0 0.48237998423211775
80.0 90.0 0.22759465601275333
80.0 92.0 0.006757923084252836
80.0 94.0 0.0
80.0 96.0 0.0
80.0 98.0 0.0
80.0 100.0 0.0
80.0 102.0 0.0
80.0 104.0 0.0
80.0 106.0 0.0
80.0 108.0 0.0
80.0 110.0 0.0
80.0 112.0 0.0
80.0 114.0 0.0
80.0 116.0 0.0
80.0 118.0 0.015447402338792729
80.0 120.0 0.04722606704765193
80.0 122.0 0.010346027695807504
80.0 124.0 0.0
80.0 126.0 0.0
82.0 0.0 0.0
82.0 2.0 0.0
82.0 4.0 0.0
82.0 6.0 5.664719301446249E-4
82.0 8.0 0.04321111129952246
82.0 10.0 0.10047518635869103
82.0 12.0 0.07357429493430605
82.0 14.0 0.004964269972175724
82.0 16.0 0.0
82.0 18.0 0.0
82.0 20.0 0.0
82.0 22.0 0.0
82.0 24.0 0.0
82.0 26.0 0.0
82.0 28.0 0.0
82.0 30.0 0.0
82.0 32.0 0.04423571313192454
82.0 34.0 0.20057596161183774
82.0 36.0 0.3343240055144723
82.0 38.0 0.43556435940878674
82.0 40.0 0.5071129999937641
82.0 42.0 0.5456115572151541
82.0 44.0 0.5190610570813522
82.0 46.0 0.4519215370325634
82.0 48.0 0.45392738777474323
82.0 50.0 0.3610810951384178
82.0 52.0 0.06964743183568235
82.0 54.0 0.0
82.0 56.0 0.0
82.0 58.0 0.0
82.0 60.0 0.0
82.0 62.0 0.0
82.0 64.0 0.0
82.0 66.0 0.0
82.0 68.0 0.0
82.0 70.0 0.0
82.0 72.0 2.977567730180778E-4
82.0 74.0 0.1125015757712396
82.0 76.0 0.25175213509907285
82.0 78.0 0.3489212098527317
82.0 80.0 0.4100799624896923
82.0 82.0 0.5101286172512132
82.0 84.0 0.5489131149162597
82.0 86.0 0.5433588844989029
82.0 88.0 0.45926536848814586
82.0 90.0 0.15526316931011885
82.0 92.0 0.0
82.0 94.0 0.0
82.0 96.0 0.0
82.0 98.0 0.0
82.0 100.0 0.0
82.0 102.0 0.0
82.0 104.0 0.0
82.0 106.0 0.0
82.0 108.0 0.0
82.0 110.0 0.0
82.0 112.0 0.0
82.0 114.0 0.0
82.0 116.0 0.0
82.0 118.0 0.01804157637456927
82.0 120.0 0.020713644515523953
82.0 122.0 0.0
82.0 124.0 0.0
82.0 126.0 0.0
84.0 0.0 0.0
84.0 2.0 0.0
84.0 4.0 0.0
84.0 6.0 0.064353996208266
84.0 8.0 0.14664286527955084
84.0 10.0 0.18629398977903608
84.0 12.0 0.17442012690586095
84.0 14.0 0.10036491272760266
84.0 16.0 0.005294567200927167
84.0 18.0 0.0
84.0 20.0 0.0
84.0 22.0 0.0
84.0 24.0 0.0
84.0 26.0 0.0
84.0 28.0 0.0
84.0 30.0 0.0
84.0 32.0 0.006925762769827037
84.0 34.0 0.20163659930193156
84.0 36.0 0.36880273755633003
84.0 38.0 0.46995640506108605
84.0 40.0 0.4700697912463436
84.0 42.0 0.4671679279302133
84.0 44.0 0.4841170439708071
84.0 46.0 0.4742064644053013
84.0 48.0 0.5149415706728845
84.0 50.0 0.3978749073134626
84.0 52.0 0.09533185700017854
84.0 54.0 0.0
84.0 56.0 0.0
84.0 58.0 0.0
84.0 60.0 0.0
84.0 62.0 0.0
84.0 64.0 0.0
84.0 66.0 0.0
84.0 68.0 0.0
84.0 70.0 0.0
84.0 72.0 0.0034006938105516776
84.0 74.0 0.11003445378042465
84.0 76.0 0.24083121584920722
84.0 78.0 0.33768824315583984
84.0 80.0 0.4004166502710456
84.0 82.0 0.4850094651766034
84.0 84.0 0.5130587509645382
84.0 86.0 0.4976821175249142
84.0 88.0 0.363369818514585
84.0 90.0 0.0859640410300404
84.0 92.0 0.0
84.0 94.0 0.0
84.0 96.0 0.0
84.0 98.0 0.0
84.0 100.0 0.0
84.0 102.0 0.0
84.0 104.0 0.0
84.0 106.0 0.0
84.0 108.0 0.0
84.0 110.0 0.0
84.0 112.0 0.0
84.0 114.0 0.0
84.0 116.0 0.015251202213823348
84.0 118.0 0.04172959535155645
84.0 120.0 0.019942360938503503
84.0 122.0 0.0
84.0 124.0 0.0
84.0 126.0 0.0
86.0 0.0 0.0
86.0 2.0 0.0
86.0 4.0 0.0
86.0 6.0 0.08157408105877174
86.0 8.0 0.1682380780639342
86.0 10.0 0.20992028416429145
86.0 12.0 0.21034339617389605
86.0 14.0 0.15937346602205768
86.0 16.0 0.04281806703202919
86.0 18.0 0.0
86.0 20.0 0.0
86.0 22.0 0.0
86.0 24.0 0.0
86.0 26.0 0.0
86.0 28.0 0.0
86.0 30.0 0.0
86.0 32.0 0.0
86.0 34.0 0.16498097068546946
86.0 36.0 0.3317374522791568
86.0 38.0 0.4123138826722663
86.0 40.0 0.49722930153767625
86.0 42.0 0.5395337375703811
86.0 44.0 0.521168783073176
86.0 46.0 0.48773581789277753
86.0 48.0 0.5524294380739658
86.0 50.0 0.4187868178593979
86.0 52.0 0.11917386334486314
86.0 54.0 0.0
86.0 56.0 0.0
86.0 58.0 0.0
86.0 60.0 0.0
86.0 62.0 0.0
86.0 64.0 0.0
86.0 66.0 0.0
86.0 68.0 0.0
86.0 70.0 0.0
86.0 72.0 0.0
86.0 74.0 0.07071732807486865
86.0 76.0 0.19415288821131274
86.0 78.0 0.2857757260511542
86.0 80.0 0.34171739824495967
86.0 82.0 0.4290385091205747
86.0 84.0 0.46350945458930587
86.0 86.0 0.42408474948843017
86.0 88.0 0.24999366788584654
86.0 90.0 0.03953014347193872
86.0 92.0 0.0
86.0 94.0 0.0
86.0 96.0 0.0
86.0 98.0 0.0
86.0 100.0 0.0
86.0 102.0 0.0
86.0 104.0 0.0
86.0 106.0 0.0
86.0 108.0 0.0
86.0 110.0 0.0
86.0 112.0 0.0
86.0 114.0 0.0022473572216221397
86.0 116.0 0.060478691859034546
86.0 118.0 0.09437784157610128
86.0 120.0 0.03676559833976239
86.0 122.0 0.0
86.0 124.0 0.0
86.0 126.0 0.0
88.0 0.0 0.0
88.0 2.0 0.0
88.0 4.0 0.0
88.0 6.0 0.09756386983079444
88.0 8.0 0.19616488337081106
88.0 10.0 0.23348163848207867
88.0 12.0 0.23731186623400913
88.0 14.0 0.19395068062139972
88.0 16.0 0.08839445903577071
88.0 18.0 0.001889053466042601
88.0 20.0 0.0
88.0 22.0 0.0
88.0 24.0 0.0
88.0 26.0 0.0
88.0 28.0 0.0
88.0 30.0 0.0
88.0 32.0 0.0
88.0 34.0 0.11533402193551974
88.0 36.0 0.33638074934918577
88.0 38.0 0.4752675186699258
88.0 40.0 0.5207707247462128
88.0 42.0 0.48809241743006604
88.0 44.0 0.5065545512838653
88.0 46.0 0.5653211041856232
88.0 48.0 0.5377364855926562
88.0 50.0 0.40345683034848334
88.0 52.0 0.1432574040413915
88.0 54.0 0.0
88.0 56.0 0.0
88.0 58.0 0.0
88.0 60.0 0.0
88.0 62.0 0.0
88.0 64.0 0.0
88.0 66.0 0.0
88.0 68.0 0.0
88.0 70.0 0.0
88.0 72.0 0.0
88.0 74.0 0.04288745739131311
88.0 76.0 0.14590322536392666
88.0 78.0 0.22403341425060605
88.0 80.0 0.3399744442707677
88.0 82.0 0.3885186833590139
88.0 84.0 0.39998086537373
88.0 86.0 0.32403238470743106
88.0 88.0 0.12206959112218135
88.0 90.0 0.001709727794273116
88.0 92.0 0.0
88.0 94.0 0.0
88.0 96.0 0.0
88.0 98.0 0.0
88.0 100.0 0.0
88.0 102.0 0.0
88.0 104.0 0.0
88.0 106.0 0.0
88.0 108.0 0.0
88.0 110.0 0.0
88.0 112.0 0.0
88.0 114.0 0.027942924080682968
88.0 116.0 0.11284131728324069
88.0 118.0 0.1324808770766324
88.0 120.0 0.09053036463647733
88.0 122.0 0.001263787959953396
88.0 124.0 0.0
88.0 126.0 0.0
90.0 0.0 0.0
90.0 2.0 0.0
90.0 4.0 0.0
90.0 6.0 0.1021415853752271
90.0 8.0 0.20864773886071886
90.0 10.0 0.2512369618033951
90.0 12.0 0.25514346229306173
90.0 14.0 0.2169962992991633
90.0 16.0 0.1144579044041309
90.0 18.0 0.004007650566045047
90.0 20.0 0.0
90.0 22.0 0.0
90.0 24.0 0.0
90.0 26.0 0.0
90.0 28.0 0.0
90.0 30.0 0.0
90.0 32.0 0.0
90.0 34.0 0.06817362937229364
90.0 36.0 0.26942660405106494
90.0 38.0 0.42584962853528124
90.0 40.0 0.5243387822695312
90.0 42.0 0.5765645802120519
90.0 44.0 0.5891954665168244
90.0 46.0 0.5519932934595154
90.0 48.0 0.49287293096227686
90.0 50.0 0.3611608536321016
90.0 52.0 0.13088233868629512
90.0 54.0 0.0
90.0 56.0 0.0
90.0 58.0 0.0
90.0 60.0 0.0
90.0 62.0 0.0
90.0 64.0 0.0
90.0 66.0 0.0
90.0 68.0 0.0
90.0 70.0 0.0
90.0 72.0 0.0
90.0 74.0 0.009063121598272814
90.0 76.0 0.09960345544136441
90.0 78.0 0.17400569445208514
90.0 80.0 0.23871991553538371
90.0 82.0 0.3161958416947209
90.0 84.0 0.2949212960132796
90.0 86.0 0.19168608892983052
90.0 88.0 0.02157588327650012
90.0 90.0 0.0
90.0 92.0 0.0
90.0 94.0 0.0
90.0 96.0 0.0
90.0 98.0 0.0
90.0 100.0 0.0
90.0 102.0 0.0
90.0 104.0 0.0
90.0 106.0 0.0
90.0 108.0 0.0
90.0 110.0 0.0
90.0 112.0 9.93917751161348E-4
90.0 114.0 0.07217840587253307
90.0 116.0 0.1478995389976375
90.0 118.0 0.18967096117212348
90.0 120.0 0.13934144230071882
90.0 122.0 0.0
90.0 124.0 0.0
90.0 126.0 0.0
92.0 0.0 0.0
92.0 2.0 0.0
92.0 4.0 0.0
92.0 6.0 0.0
92.0 8.0 0.18697994323319347
92.0 10.0 0.24709734081989856
92.0 12.0 0.25694752351190836
92.0 14.0 0.22904077728951502
92.0 16.0 0.1489276800628548
92.0 18.0 0.009949614114740527
92.0 20.0 0.0
92.0 22.0 0.0
92.0 24.0 0.0
92.0 26.0 0.0
92.0 28.0 0.0
92.0 30.0 0.0
92.0 32.0 0.0
92.0 34.0 0.017374307908450837
92.0 36.0 0.2026140377940282
92.0 38.0 0.3765652346730286
92.0 40.0 0.4977932684556932
92.0 42.0 0.5641911009502333
92.0 44.0 0.5840828394303933
92.0 46.0 0.5630896834175231
92.0 48.0 0.49580106587528344
92.0 50.0 0.3542348087137326
92.0 52.0 0.11723465770189774
92.0 54.0 0.0
92.0 56.0 0.0
92.0 58.0 0.0
92.0 60.0 0.0
92.0 62.0 0.0
92.0 64.0 0.0
92.0 66.0 0.0
92.0 68.0 0.0
92.0 70.0 0.0
92.0 72.0 0.0
92.0 74.0 0.0
92.0 76.0 0.05094821558743812
92.0 78.0 0.12481830583874805
92.0 80.0 0.17823221648094575
92.0 82.0 0.21914463757942726
92.0 84.0 0.1917062358804997
92.0 86.0 0.07593670720498709
92.0 88.0 0.0
92.0 90.0 0.0
92.0 92.0 0.0
92.0 94.0 0.0
92.0 96.0 0.0
92.0 98.0 0.0
92.0 100.0 0.0
92.0 102.0 0.0
92.0 104.0 0.0
92.0 106.0 0.0
92.0 108.0 0.0
92.0 110.0 0.0
92.0 112.0 0.038140630417052505
92.0 114.0 0.13407203158879435
92.0 116.0 0.1878741109751539
92.0 118.0 0.2173008138708613
92.0 120.0 0.15868098474835873
92.0 122.0 0.0
92.0 124.0 0.0
92.0 126.0 0.0
94.0 0.0 0.0
94.0 2.0 0.0
94.0 4.0 0.0
94.0 6.0 0.0
94.0 8.0 0.21344300825503795
94.0 10.0 0.2652720863379046
94.0 12.0 0.26934153331820226
94.0 14.0 0.23932246072769606
94.0 16.0 0.15574092460532138
94.0 18.0 0.012219997861503039
94.0 20.0 0.0
94.0 22.0 0.0
94.0 24.0 0.0
94.0 26.0 0.0
94.0 28.0 0.0
94.0 30.0 0.0
94.0 32.0 0.0
94.0 34.0 0.0010915676008917692
94.0 36.0 0.13160730985971356
94.0 38.0 0.3074018171091235
94.0 40.0 0.45429148207609127
94.0 42.0 0.5632241345904411
94.0 44.0 0.6029937617337741
94.0 46.0 0.590791673270028
94.0 48.0 0.5108816528699625
94.0 50.0 0.32259650876208107
94.0 52.0 0.10525476297942611
94.0 54.0 0.0
94.0 56.0 0.0
94.0 58.0 0.0
94.0 60.0 0.0
94.0 62.0 0.0
94.0 64.0 0.0
94.0 66.0 0.0
94.0 68.0 0.0
94.0 70.0 0.0
94.0 72.0 0.0
94.0 74.0 0.0
94.0 76.0 0.007823716638741696
94.0 78.0 0.07574320687917203
94.0 80.0 0.11652111584541537
94.0 82.0 0.13269871495355517
94.0 84.0 0.11081045914085456
94.0 86.0 0.030511025993389257
94.0 88.0 0.0
94.0 90.0 0.0
94.0 92.0 0.0
94.0 94.0 0.0
94.0 96.0 0.0
94.0 98.0 0.0
94.0 100.0 0.0
94.0 102.0 0.0
94.0 104.0 0.0
94.0 106.0 0.0
94.0 108.0 0.0
94.0 110.0 0.019886115252259282
94.0 112.0 0.11931254768852133
94.0 114.0 0.18921630763089634
94.0 116.0 0.23980534357808483
94.0 118.0 0.217785542400477
94.0 120.0 0.0
94.0 122.0 0.0
94.0 124.0 0.0
94.0 126.0 0.0
96.0 0.0 0.0
96.0 2.0 0.0
96.0 4.0 0.0
96.0 6.0 0.0
96.0 8.0 0.0
96.0 10.0 0.3207813409668873
96.0 12.0 0.2935012567762972
96.0 14.0 0.25823466733414263
96.0 16.0 0.17348864420115895
96.0 18.0 0.028946761352758806
96.0 20.0 0.0
96.0 22.0 0.0
96.0 24.0 0.0
96.0 26.0 0.0
96.0 28.0 0.0
96.0 30.0 0.0
96.0 32.0 0.0
96.0 34.0 0.0
96.0 36.0 0.0666058490536826
96.0 38.0 0.21939680416778262
96.0 40.0 0.38002112039831565
96.0 42.0 0.4904874017974625
96.0 44.0 0.5323587031872504
96.0 46.0 0.5187462145510513
96.0 48.0 0.4264033162771823
96.0 50.0 0.2529441946656747
96.0 52.0 0.0871895492428712
96.0 54.0 7.876945697516765E-4
96.0 56.0 0.0
96.0 58.0 0.0
96.0 60.0 0.0
96.0 62.0 0.0
96.0 64.0 0.0
96.0 66.0 0.0
96.0 68.0 0.0
96.0 70.0 0.0
96.0 72.0 0.0
96.0 74.0 0.0
96.0 76.0 0.0
96.0 78.0 0.012159669572245492
96.0 80.0 0.04896457858281663
96.0 82.0 0.06094373024035604
96.0 84.0 0.05894174805586752
96.0 86.0 0.030071152312385833
96.0 88.0 0.004715434921862636
96.0 90.0 0.0
96.0 92.0 0.0
96.0 94.0 0.0
96.0 96.0 0.0
96.0 98.0 0.0
96.0 100.0 0.0
96.0 102.0 0.0
96.0 104.0 0.0
96.0 106.0 0.007283535829623764
96.0 108.0 0.029916750611591506
96.0 110.0 0.09602216699165728
96.0 112.0 0.17836093116327686
96.0 114.0 0.2282583741213339
96.0 116.0 0.2610910074660852
96.0 118.0 0.22824400998746505
96.0 120.0 0.0
96.0 122.0 0.0
96.0 124.0 0.0
96.0 126.0 0.0
98.0 0.0 0.0
98.0 2.0 0.0
98.0 4.0 0.0
98.0 6.0 0.0
98.0 8.0 0.0
98.0 10.0 0.0
98.0 12.0 0.3589775815441814
98.0 14.0 0.2822957945635064
98.0 16.0 0.203462841426877
98.0 18.0 0.06055693969512099
98.0 20.0 0.0
98.0 22.0 0.0
98.0 24.0 0.0
98.0 26.0 0.0
98.0 28.0 0.0
98.0 30.0 0.0
98.0 32.0 0.0
98.0 34.0 0.0
98.0 36.0 0.02638768517554038
98.0 38.0 0.12852102720408645
98.0 40.0 0.277918345407377
98.0 42.0 0.3825345106874482
98.0 44.0 0.41926386919603376
98.0 46.0 0.4024559748038714
98.0 48.0 0.3094397377795655
98.0 50.0 0.17870204708099938
98.0 52.0 0.05936587537185864
98.0 54.0 1.782846237019934E-4
98.0 56.0 0.0
98.0 58.0 0.0
98.0 60.0 0.0
98.0 62.0 0.0
98.0 64.0 0.0
98.0 66.0 0.0
98.0 68.0 0.0
98.0 70.0 0.0
98.0 72.0 0.0
98.0 74.0 0.0
98.0 76.0 0.0
98.0 78.0 0.0
98.0 80.0 0.009293935328912659
98.0 82.0 0.02858992975509539
98.0 84.0 0.026897983828167115
98.0 86.0 0.022650634619178597
98.0 88.0 0.005729638930037594
98.0 90.0 0.001553929715632828
98.0 92.0 0.0
98.0 94.0 0.001156304310590585
98.0 96.0 0.004338546402651612
98.0 98.0 0.014289290587350428
98.0 100.0 0.02191310103840893
98.0 102.0 0.028187071334212693
98.0 104.0 0.06239433334581571
98.0 106.0 0.09698521949605488
98.0 108.0 0.1276252909201299
98.0 110.0 0.1603721135689912
98.0 112.0 0.2175016412010121
98.0 114.0 0.2508581070983501
98.0 116.0 0.2732791568660409
98.0 118.0 0.0
98.0 120.0 0.0
98.0 122.0 0.0
98.0 124.0 0.0
98.0 126.0 0.0
100.0 0.0 0.0
100.0 2.0 0.0
100.0 4.0 0.0
100.0 6.0 0.0
100.0 8.0 0.0
100.0 10.0 0.0
100.0 12.0 0.417628766347129
100.0 14.0 0.31450081877047603
100.0 16.0 0.21555606899524227
100.0 18.0 0.0548141807694015
100.0 20.0 0.0
100.0 22.0 0.0
100.0 24.0 0.0
100.0 26.0 0.0
100.0 28.0 0.0
100.0 30.0 0.0
100.0 32.0 0.0
100.0 34.0 0.0
100.0 36.0 0.006471717404982108
100.0 38.0 0.054097381451681026
100.0 40.0 0.180368935638195
100.0 42.0 0.2696638127183866
100.0 44.0 0.29714443167828686
100.0 46.0 0.27309697674755057
100.0 48.0 0.19345216936211598
100.0 50.0 0.11869590596067087
100.0 52.0 0.035783914214914656
100.0 54.0 0.0
100.0 56.0 0.0
100.0 58.0 0.0
100.0 60.0 0.0
100.0 62.0 0.0
100.0 64.0 0.0
100.0 66.0 0.0
100.0 68.0 0.0
100.0 70.0 0.0
100.0 72.0 0.0
100.0 74.0 0.0
100.0 76.0 0.0
100.0 78.0 0.0
100.0 80.0 0.004115415538127072
100.0 82.0 0.025377137628124075
100.0 84.0 0.02158286995452997
100.0 86.0 0.017906955537835625
100.0 88.0 0.014015440774695027
100.0 90.0 2.8242575387473054E-4
100.0 92.0 0.007422907588092698
100.0 94.0 0.022346269462070786
100.0 96.0 0.03220805535807784
100.0 98.0 0.03620556810252413
100.0 100.0 0.052667383156906195
100.0 102.0 0.07641863694422085
100.0 104.0 0.12363711042206006
100.0 106.0 0.17545280142136108
100.0 108.0 0.1929712241358943
100.0 110.0 0.20537150993573627
100.0 112.0 0.2458246217162574
100.0 114.0 0.26410009262361706
100.0 116.0 0.0
100.0 118.0 0.0
100.0 120.0 0.0
100.0 122.0 0.0
100.0 124.0 0.0
100.0 126.0 0.0
102.0 0.0 0.0
102.0 2.0 0.0
102.0 4.0 0.0
102.0 6.0 0.0
102.0 8.0 0.0
102.0 10.0 0.0
102.0 12.0 0.0
102.0 14.0 0.44442474820922934
102.0 16.0 0.3058107469968056
102.0 18.0 0.12385203446093003
102.0 20.0 0.008114937025168942
102.0 22.0 0.0
102.0 24.0 0.0
102.0 26.0 0.0
102.0 28.0 0.0
102.0 30.0 0.0
102.0 32.0 0.0
102.0 34.0 0.0
102.0 36.0 0.00583392327934721
102.0 38.0 0.023780396634402606
102.0 40.0 0.11573130267986038
102.0 42.0 0.18104908582497595
102.0 44.0 0.19091914587754352
102.0 46.0 0.164999635342807
102.0 48.0 0.10572174173020377
102.0 50.0 0.06936257864766374
102.0 52.0 0.019292126303529906
102.0 54.0 0.0
102.0 56.0 0.0
102.0 58.0 0.0
102.0 60.0 0.0
102.0 62.0 0.0
102.0 64.0 0.0
102.0 66.0 0.0
102.0 68.0 0.0
102.0 70.0 0.001061010805824601
102.0 72.0 0.01046357748797449
102.0 74.0 0.007610509846225716
102.0 76.0 0.0016249790347289863
102.0 78.0 0.0
102.0 80.0 0.001120780294202047
102.0 82.0 0.018393959996521398
102.0 84.0 0.016152154125152845
102.0 86.0 0.013301858887747557
102.0 88.0 0.01603185004038048
102.0 90.0 0.004641408165167625
102.0 92.0 0.018187104354785762
102.0 94.0 0.04377571290303637
102.0 96.0 0.04942061253007229
102.0 98.0 0.05699294630888554
102.0 100.0 0.07580199812078907
102.0 102.0 0.10508163492451945
102.0 104.0 0.14874353833036658
102.0 106.0 0.2082013302719349
102.0 108.0 0.2311640493526541
102.0 110.0 0.23588519349127124
102.0 112.0 0.2628926073170006
102.0 114.0 0.0
102.0 116.0 0.0
102.0 118.0 0.0
102.0 120.0 0.0
102.0 122.0 0.0
102.0 124.0 0.0
102.0 126.0 0.0
104.0 0.0 0.0
104.0 2.0 0.0
104.0 4.0 0.0
104.0 6.0 0.0
104.0 8.0 0.0
104.0 10.0 0.0
104.0 12.0 0.0
104.0 14.0 0.0
104.0 16.0 0.4393286009603967
104.0 18.0 0.23607683954807798
104.0 20.0 0.041658892288847255
104.0 22.0 0.0
104.0 24.0 0.0
104.0 26.0 0.0
104.0 28.0 0.0
104.0 30.0 0.0
104.0 32.0 0.0
104.0 34.0 0.0
104.0 36.0 4.746537824582547E-4
104.0 38.0 0.01637667628534839
104.0 40.0 0.07962027530800082
104.0 42.0 0.11976511639996067
104.0 44.0 0.11625993103815731
104.0 46.0 0.08723884036565649
104.0 48.0 0.04659505249777987
104.0 50.0 0.03566825956375081
104.0 52.0 0.009458574772897249
104.0 54.0 0.0
104.0 56.0 0.0
104.0 58.0 0.0
104.0 60.0 0.0
104.0 62.0 0.0
104.0 64.0 0.0
104.0 66.0 0.0
104.0 68.0 0.003394023119400801
104.0 70.0 0.024620104397591186
104.0 72.0 0.04064890543671481
104.0 74.0 0.030154037459487543
104.0 76.0 0.017499641805323155
104.0 78.0 0.0
104.0 80.0 0.0
104.0 82.0 0.015616064671973707
104.0 84.0 0.018977274112716106
104.0 86.0 0.012749571490034623
104.0 88.0 0.013452618751600422
104.0 90.0 1.8737128442496457E-4
104.0 92.0 0.014525852245607485
104.0 94.0 0.03732065649002379
104.0 96.0 0.05376340648916691
104.0 98.0 0.055412131022127185
104.0 100.0 0.07069546776463312
104.0 102.0 0.09741363826152932
104.0 104.0 0.14314798740126208
104.0 106.0 0.2034117226339749
104.0 108.0 0.23766851226953464
104.0 110.0 0.247888924079978
104.0 112.0 0.2686123222323018
104.0 114.0 0.0
104.0 116.0 0.0
104.0 118.0 0.0
104.0 120.0 0.0
104.0 122.0 0.0
104.0 124.0 0.0
104.0 126.0 0.0
106.0 0.0 0.0
106.0 2.0 0.0
106.0 4.0 0.0
106.0 6.0 0.0
106.0 8.0 0.0
106.0 10.0 0.0
106.0 12.0 0.0
106.0 14.0 0.0
106.0 16.0 0.0
106.0 18.0 0.26506941330831946
106.0 20.0 0.03293988261665892
106.0 22.0 0.0
106.0 24.0 0.0
106.0 26.0 0.0
106.0 28.0 0.0
106.0 30.0 0.0
106.0 32.0 0.0
106.0 34.0 0.0
106.0 36.0 0.0023208545377475564
106.0 38.0 0.0185808108089553
106.0 40.0 0.06258643701867037
106.0 42.0 0.08347469120046187
106.0 44.0 0.06974473031507662
106.0 46.0 0.03686651083159639
106.0 48.0 0.010658467277134794
106.0 50.0 0.015763345714223744
106.0 52.0 0.0019542231082005103
106.0 54.0 0.0
106.0 56.0 0.0
106.0 58.0 0.0
106.0 60.0 0.0
106.0 62.0 0.0
106.0 64.0 0.0
106.0 66.0 0.0
106.0 68.0 0.0014859396141831914
106.0 70.0 0.062244151163495236
106.0 72.0 0.09176014212497259
106.0 74.0 0.09470487658212778
106.0 76.0 0.05402071673731132
106.0 78.0 0.011774373334575578
106.0 80.0 0.0
106.0 82.0 0.013377394430027405
106.0 84.0 0.016271501094296707
106.0 86.0 0.005145703497745115
106.0 88.0 0.004282569620266106
106.0 90.0 0.0
106.0 92.0 0.002243978960963741
106.0 94.0 0.006832191766542154
106.0 96.0 0.022898871926834485
106.0 98.0 0.023954251221429967
106.0 100.0 0.032476505157503645
106.0 102.0 0.05224608743319734
106.0 104.0 0.10450145837889528
106.0 106.0 0.15525243203395775
106.0 108.0 0.20565287743181337
106.0 110.0 0.23678244725129463
106.0 112.0 0.0
106.0 114.0 0.0
106.0 116.0 0.0
106.0 118.0 0.0
106.0 120.0 0.0
106.0 122.0 0.0
106.0 124.0 0.0
106.0 126.0 0.0
108.0 0.0 0.0
108.0 2.0 0.0
108.0 4.0 0.0
108.0 6.0 0.0
108.0 8.0 0.0
108.0 10.0 0.0
108.0 12.0 0.0
108.0 14.0 0.0
108.0 16.0 0.0
108.0 18.0 0.0
108.0 20.0 0.10063748032477181
108.0 22.0 0.0
108.0 24.0 0.0
108.0 26.0 0.0
108.0 28.0 0.0
108.0 30.0 0.0
108.0 32.0 0.0
108.0 34.0 0.0
108.0 36.0 0.0
108.0 38.0 0.03688329416521287
108.0 40.0 0.08806710286861584
108.0 42.0 0.08623789528079108
108.0 44.0 0.0599855239424098
108.0 46.0 0.023215480777966046
108.0 48.0 9.866082308762306E-4
108.0 50.0 0.0
108.0 52.0 0.0
108.0 54.0 0.0
108.0 56.0 0.0
108.0 58.0 0.0
108.0 60.0 0.0
108.0 62.0 0.0
108.0 64.0 0.0
108.0 66.0 0.0
108.0 68.0 0.00891533929452431
108.0 70.0 0.08798901055951668
108.0 72.0 0.13713048524394467
108.0 74.0 0.16904053443269063
108.0 76.0 0.13702104424401504
108.0 78.0 0.06935017450164055
108.0 80.0 0.008134175422243534
108.0 82.0 0.008240079845945962
108.0 84.0 0.008665492489721103
108.0 86.0 0.0
108.0 88.0 0.0
108.0 90.0 0.0
108.0 92.0 0.0
108.0 94.0 0.0
108.0 96.0 0.0
108.0 98.0 0.0
108.0 100.0 0.0
108.0 102.0 0.0
108.0 104.0 0.008558266663075013
108.0 106.0 0.053059346309868506
108.0 108.0 0.10271516139160856
108.0 110.0 0.0
108.0 112.0 0.0
108.0 114.0 0.0
108.0 116.0 0.0
108.0 118.0 0.0
108.0 120.0 0.0
108.0 122.0 0.0
108.0 124.0 0.0
108.0 126.0 0.0
110.0 0.0 0.0
110.0 2.0 0.0
110.0 4.0 0.0
110.0 6.0 0.0
110.0 8.0 0.0
110.0 10.0 0.0
110.0 12.0 0.0
110.0 14.0 0.0
110.0 16.0 0.0
110.0 18.0 0.0
110.0 20.0 0.0
110.0 22.0 0.023832098190370035
110.0 24.0 0.0
110.0 26.0 0.0
110.0 28.0 0.0
110.0 30.0 0.0
110.0 32.0 0.0
110.0 34.0 0.0
110.0 36.0 0.002134164699142823
110.0 38.0 0.041411209893421785
110.0 40.0 0.09919195445725985
110.0 42.0 0.09502333669872474
110.0 44.0 0.06068214167413453
110.0 46.0 0.01770877822289756
110.0 48.0 0.0
110.0 50.0 0.0
110.0 52.0 0.0
110.0 54.0 0.0
110.0 56.0 0.0
110.0 58.0 0.0
110.0 60.0 0.0
110.0 62.0 0.0
110.0 64.0 0.0
110.0 66.0 0.0
110.0 68.0 0.007856880203213918
110.0 70.0 0.12303108728598904
110.0 72.0 0.179824368597193
110.0 74.0 0.2206544857673127
110.0 76.0 0.21332123342139722
110.0 78.0 0.15074481184240748
110.0 80.0 0.045925946640886416
110.0 82.0 0.001045135894204464
110.0 84.0 0.0012343391409996725
110.0 86.0 0.0
110.0 88.0 0.0
110.0 90.0 0.0
110.0 92.0 0.0
110.0 94.0 0.0
110.0 96.0 0.0
110.0 98.0 0.0
110.0 100.0 0.0
110.0 102.0 0.0
110.0 104.0 0.0
110.0 106.0 0.0
110.0 108.0 0.0
110.0 110.0 0.0
110.0 112.0 0.0
110.0 114.0 0.0
110.0 116.0 0.0
110.0 118.0 0.0
110.0 120.0 0.0
110.0 122.0 0.0
110.0 124.0 0.0
110.0 126.0 0.0
112.0 0.0 0.0
112.0 2.0 0.0
112.0 4.0 0.0
112.0 6.0 0.0
112.0 8.0 0.0
112.0 10.0 0.0
112.0 12.0 0.0
112.0 14.0 0.0
112.0 16.0 0.0
112.0 18.0 0.0
112.0 20.0 0.0
112.0 22.0 0.0
112.0 24.0 0.0
112.0 26.0 0.0
112.0 28.0 0.0
112.0 30.0 0.0
112.0 32.0 0.0
112.0 34.0 0.0
112.0 36.0 0.0055193789981589705
112.0 38.0 0.08476212439527793
112.0 40.0 0.13957289029417794
112.0 42.0 0.1317359100249688
112.0 44.0 0.08968581603894397
112.0 46.0 0.03630930061564638
112.0 48.0 0.0016311659048270303
112.0 50.0 0.0
112.0 52.0 0.0
112.0 54.0 0.0
112.0 56.0 0.0
112.0 58.0 0.0
112.0 60.0 0.0
112.0 62.0 0.0
112.0 64.0 0.0
112.0 66.0 0.0
112.0 68.0 0.0454242403579583
112.0 70.0 0.13943564968557098
112.0 72.0 0.21403443635200045
112.0 74.0 0.2607224592239576
112.0 76.0 0.2723759106352176
112.0 78.0 0.2186606313236026
112.0 80.0 0.1017069404745592
112.0 82.0 0.0015117934485197636
112.0 84.0 0.0
112.0 86.0 0.0
112.0 88.0 0.0
112.0 90.0 0.0
112.0 92.0 0.0
112.0 94.0 0.0
112.0 96.0 0.0
112.0 98.0 0.0
112.0 100.0 0.0
112.0 102.0 0.0
112.0 104.0 0.0
112.0 106.0 0.0
112.0 108.0 0.0
112.0 110.0 0.0
112.0 112.0 0.0
112.0 114.0 0.0
112.0 116.0 0.0
112.0 118.0 0.0
112.0 120.0 0.0
112.0 122.0 0.0
112.0 124.0 0.0
112.0 126.0 0.0
114.0 0.0 0.0
114.0 2.0 0.0
114.0 4.0 0.0
114.0 6.0 0.0
114.0 8.0 0.0
114.0 10.0 0.0
114.0 12.0 0.0
114.0 14.0 0.0
114.0 16.0 0.0
114.0 18.0 0.0
114.0 20.0 0.0
114.0 22.0 0.0
114.0 24.0 0.0
114.0 26.0 0.0
114.0 28.0 0.0
114.0 30.0 0.0
114.0 32.0 0.0
114.0 34.0 0.0
114.0 36.0 0.026202374926960866
114.0 38.0 0.11085587140468789
114.0 40.0 0.1647138365106064
114.0 42.0 0.16470457659827256
114.0 44.0 0.12264340115360955
114.0 46.0 0.0659057871401557
114.0 48.0 0.007775606437119558
114.0 50.0 0.0
114.0 52.0 0.0
114.0 54.0 0.0
114.0 56.0 0.0
114.0 58.0 0.0
114.0 60.0 0.0
114.0 62.0 0.0
114.0 64.0 0.0
114.0 66.0 3.457334106018874E-4
114.0 68.0 0.1043879699292533
114.0 70.0 0.2205110144422422
114.0 72.0 0.2364749481080509
114.0 74.0 0.269706486072912
114.0 76.0 0.31815537538134253
114.0 78.0 0.2699628912876086
114.0 80.0 0.14505049578943244
114.0 82.0 0.0027306749740866787
114.0 84.0 0.0
114.0 86.0 0.0
114.0 88.0 0.0
114.0 90.0 0.0
114.0 92.0 0.0
114.0 94.0 0.0
114.0 96.0 0.0
114.0 98.0 0.0
114.0 100.0 0.0
114.0 102.0 0.0
114.0 104.0 0.0
114.0 106.0 0.0
114.0 108.0 0.0
114.0 110.0 0.0
114.0 112.0 0.0
114.0 114.0 0.0
114.0 116.0 0.0
114.0 118.0 0.0
114.0 120.0 0.0
114.0 122.0 0.0
114.0 124.0 0.0
114.0 126.0 0.0
116.0 0.0 0.0
116.0 2.0 0.0
116.0 4.0 0.0
116.0 6.0 0.0
116.0 8.0 0.0
116.0 10.0 0.0
116.0 12.0 0.0
116.0 14.0 0.0
116.0 16.0 0.0
116.0 18.0 0.0
116.0 20.0 0.0
116.0 22.0 0.0
116.0 24.0 0.0
116.0 26.0 0.0
116.0 28.0 0.0
116.0 30.0 0.0
116.0 32.0 0.0
116.0 34.0 0.0
116.0 36.0 0.047511480620327805
116.0 38.0 0.12723494428143725
116.0 40.0 0.18326541986589495
116.0 42.0 0.18937860892069913
116.0 44.0 0.1519159272790603
116.0 46.0 0.09597418131259082
116.0 48.0 0.027443157875264412
116.0 50.0 0.0
116.0 52.0 0.0
116.0 54.0 0.0
116.0 56.0 0.0
116.0 58.0 0.0
116.0 60.0 0.0
116.0 62.0 0.0
116.0 64.0 0.0
116.0 66.0 0.005109436829579422
116.0 68.0 0.13195067985936168
116.0 70.0 0.263118335489929
116.0 72.0 0.29643862123852566
116.0 74.0 0.30842618872340705
116.0 76.0 0.30617251740814705
116.0 78.0 0.31578492216612614
116.0 80.0 0.182415272036655
116.0 82.0 0.0056843712399653025
116.0 84.0 0.0
116.0 86.0 0.0
116.0 88.0 0.0
116.0 90.0 0.0
116.0 92.0 0.0
116.0 94.0 0.0
116.0 96.0 0.0
116.0 98.0 0.0
116.0 100.0 0.0
116.0 102.0 0.0
116.0 104.0 0.0
116.0 106.0 0.0
116.0 108.0 0.0
116.0 110.0 0.0
116.0 112.0 0.0
116.0 114.0 0.0
116.0 116.0 0.0
116.0 118.0 0.0
116.0 120.0 0.0
116.0 122.0 0.0
116.0 124.0 0.0
116.0 126.0 0.0
118.0 0.0 0.0
118.0 2.0 0.0
118.0 4.0 0.0
118.0 6.0 0.0
118.0 8.0 0.0
118.0 10.0 0.0
118.0 12.0 0.0
118.0 14.0 0.0
118.0 16.0 0.0
118.0 18.0 0.0
118.0 20.0 0.0
118.0 22.0 0.0
118.0 24.0 0.0
118.0 26.0 0.0
118.0 28.0 0.0
118.0 30.0 0.0
118.0 32.0 0.0
118.0 34.0 0.0
118.0 36.0 0.0
118.0 38.0 0.07038846288337984
118.0 40.0 0.1641694737620185
118.0 42.0 0.18399919535100506
118.0 44.0 0.17764414994338903
118.0 46.0 0.13417732010885208
118.0 48.0 0.071136257271174
118.0 50.0 0.0053258208625340435
118.0 52.0 0.0
118.0 54.0 0.0
118.0 56.0 0.0
118.0 58.0 0.0
118.0 60.0 0.0
118.0 62.0 0.0
118.0 64.0 0.0
118.0 66.0 0.013959311932281407
118.0 68.0 0.1283583077106636
118.0 70.0 0.27594896718050355
118.0 72.0 0.32317091998229014
118.0 74.0 0.3636044302125249
118.0 76.0 0.35830964205281707
118.0 78.0 0.32350151860553306
118.0 80.0 0.21419215057652963
118.0 82.0 0.01572552615907902
118.0 84.0 0.0
118.0 86.0 0.0
118.0 88.0 0.0
118.0 90.0 0.0
118.0 92.0 0.0
118.0 94.0 0.0
118.0 96.0 0.0
118.0 98.0 0.0
118.0 100.0 0.0
118.0 102.0 0.0
118.0 104.0 0.0
118.0 106.0 0.0
118.0 108.0 0.0
118.0 110.0 0.0
118.0 112.0 0.0
118.0 114.0 0.0
118.0 116.0 0.0
118.0 118.0 0.0
118.0 120.0 0.0
118.0 122.0 0.0
118.0 124.0 0.0
118.0 126.0 0.0
120.0 0.0 0.0
120.0 2.0 0.0
120.0 4.0 0.0
120.0 6.0 0.0
120.0 8.0 0.0
120.0 10.0 0.0
120.0 12.0 0.0
120.0 14.0 0.0
120.0 16.0 0.0
120.0 18.0 0.0
120.0 20.0 0.0
120.0 22.0 0.0
120.0 24.0 0.0
120.0 26.0 0.0
120.0 28.0 0.0
120.0 30.0 0.0
120.0 32.0 0.0
120.0 34.0 0.0
120.0 36.0 0.0
120.0 38.0 0.0
120.0 40.0 0.0444250200474414
120.0 42.0 0.12770102558172172
120.0 44.0 0.15580777492845152
120.0 46.0 0.14637708929830093
120.0 48.0 0.09569375602282292
120.0 50.0 0.015386999820379004
120.0 52.0 0.0
120.0 54.0 0.0
120.0 56.0 0.0
120.0 58.0 0.0
120.0 60.0 0.0
120.0 62.0 0.0
120.0 64.0 0.0
120.0 66.0 0.002396410743718156
120.0 68.0 0.11926032051372742
120.0 70.0 0.26888083105121413
120.0 72.0 0.35160531875154644
120.0 74.0 0.39571024397637283
120.0 76.0 0.38857815433941584
120.0 78.0 0.32610583952928957
120.0 80.0 0.22886519686951903
120.0 82.0 0.024074655054917942
120.0 84.0 0.0
120.0 86.0 0.0
120.0 88.0 0.0
120.0 90.0 0.0
120.0 92.0 0.0
120.0 94.0 0.0
120.0 96.0 0.0
120.0 98.0 0.0
120.0 100.0 0.0
120.0 102.0 0.0
120.0 104.0 0.0
120.0 106.0 0.0
120.0 108.0 0.0
120.0 110.0 0.0
120.0 112.0 0.0
120.0 114.0 0.0
120.0 116.0 0.0
120.0 118.0 0.0
120.0 120.0 0.0
120.0 122.0 0.0
120.0 124.0 0.0
120.0 126.0 0.0
122.0 0.0 0.0
122.0 2.0 0.0
122.0 4.0 0.0
122.0 6.0 0.0
122.0 8.0 0.0
122.0 10.0 0.0
122.0 12.0 0.0
122.0 14.0 0.0
122.0 16.0 0.0
122.0 18.0 0.0
122.0 20.0 0.0
122.0 22.0 0.0
122.0 24.0 0.0
122.0 26.0 0.0
122.0 28.0 0.0
122.0 30.0 0.0
122.0 32.0 0.0
122.0 34.0 0.0
122.0 36.0 0.0
122.0 38.0 0.0
122.0 40.0 0.0
122.0 42.0 0.0
122.0 44.0 0.01345290115074895
122.0 46.0 0.03775044726065577
122.0 48.0 0.04428175080418767
122.0 50.0 0.0030742099223079536
122.0 52.0 0.0
122.0 54.0 0.0
122.0 56.0 0.0
122.0 58.0 0.0
122.0 60.0 0.0
122.0 62.0 0.0
122.0 64.0 0.0
122.0 66.0 0.0
122.0 68.0 0.0912688278143899
122.0 70.0 0.25741689932304057
122.0 72.0 0.3573638784484137
122.0 74.0 0.40192201186405624
122.0 76.0 0.3931255660023774
122.0 78.0 0.32797225452835027
122.0 80.0 0.22824481174440636
122.0 82.0 0.025586070283241513
122.0 84.0 0.0
122.0 86.0 0.0
122.0 88.0 0.0
122.0 90.0 0.0
122.0 92.0 0.0
122.0 94.0 0.0
122.0 96.0 0.0
122.0 98.0 0.0
122.0 100.0 0.0
122.0 102.0 0.0
122.0 104.0 0.0
122.0 106.0 0.0
122.0 108.0 0.0
122.0 110.0 0.0
122.0 112.0 0.0
122.0 114.0 0.0
122.0 116.0 0.0
122.0 118.0 0.0
122.0 120.0 0.0
122.0 122.0 0.0
122.0 124.0 0.0
122.0 126.0 0.0
124.0 0.0 0.0
124.0 2.0 0.0
124.0 4.0 0.0
124.0 6.0 0.0
124.0 8.0 0.0
124.0 10.0 0.0
124.0 12.0 0.0
124.0 14.0 0.0
124.0 16.0 0.0
124.0 18.0 0.0
124.0 20.0 0.0
124.0 22.0 0.0
124.0 24.0 0.0
124.0 26.0 0.0
124.0 28.0 0.0
124.0 30.0 0.0
124.0 32.0 0.0
124.0 34.0 0.0
124.0 36.0 0.0
124.0 38.0 0.0
124.0 40.0 0.0
124.0 42.0 0.0
124.0 44.0 0.0
124.0 46.0 0.0
124.0 48.0 0.0
124.0 50.0 0.0
124.0 52.0 0.0
124.0 54.0 0.0
124.0 56.0 0.0
124.0 58.0 0.0
124.0 60.0 0.0
124.0 62.0 0.0
124.0 64.0 0.0
124.0 66.0 0.0
124.0 68.0 0.08102248068981203
124.0 70.0 0.25633425399676396
124.0 72.0 0.36788048157917935
124.0 74.0 0.4145554161644445
124.0 76.0 0.40431842298077303
124.0 78.0 0.33473944816637924
124.0 80.0 0.20996842027753718
124.0 82.0 0.025223520521593493
124.0 84.0 0.0
124.0 86.0 0.0
124.0 88.0 0.0
124.0 90.0 0.0
124.0 92.0 0.0
124.0 94.0 0.0
124.0 96.0 0.0
124.0 98.0 0.0
124.0 100.0 0.0
124.0 102.0 0.0
124.0 104.0 0.0
124.0 106.0 0.0
124.0 108.0 0.0
124.0 110.0 0.0
124.0 112.0 0.0
124.0 114.0 0.0
124.0 116.0 0.0
124.0 118.0 0.0
124.0 120.0 0.0
124.0 122.0 0.0
124.0 124.0 0.0
124.0 126.0 0.0
126.0 0.0 0.0
126.0 2.0 0.0
126.0 4.0 0.0
126.0 6.0 0.0
126.0 8.0 0.0
126.0 10.0 0.0
126.0 12.0 0.0
126.0 14.0 0.0
126.0 16.0 0.0
126.0 18.0 0.0
126.0 20.0 0.0
126.0 22.0 0.0
126.0 24.0 0.0
126.0 26.0 0.0
126.0 28.0 0.0
126.0 30.0 0.0
126.0 32.0 0.0
126.0 34.0 0.0
126.0 36.0 0.0
126.0 38.0 0.0
126.0 40.0 0.0
126.0 42.0 0.0
126.0 44.0 0.0
126.0 46.0 0.0
126.0 48.0 0.0
126.0 50.0 0.0
126.0 52.0 0.0
126.0 54.0 0.0
126.0 56.0 0.0
126.0 58.0 0.0
126.0 60.0 0.0
126.0 62.0 0.0
126.0 64.0 0.0
126.0 66.0 0.0
126.0 68.0 0.0714384765411863
126.0 70.0 0.26067664125586715
126.0 72.0 0.3917905642297362
126.0 74.0 0.4135839951122617
126.0 76.0 0.0
126.0 78.0 0.0
126.0 80.0 0.0
126.0 82.0 0.0
126.0 84.0 0.0
126.0 86.0 0.0
126.0 88.0 0.0
126.0 90.0 0.0
126.0 92.0 0.0
126.0 94.0 0.0
126.0 96.0 0.0
126.0 98.0 0.0
126.0 100.0 0.0
126.0 102.0 0.0
126.0 104.0 0.0
126.0 106.0 0.0
126.0 108.0 0.0
126.0 110.0 0.0
126.0 112.0 0.0
126.0 114.0 0.0
126.0 116.0 0.0
126.0 118.0 0.0
126.0 120.0 0.0
126.0 122.0 0.0
126.0 124.0 0.0
126.0 126.0 0.0
