0.0 0.0 0.0
0.0 2.0 0.0
0.0 4.0 0.0
0.0 6.0 0.0
0.0 8.0 0.0
0.0 10.0 0.0
0.0 12.0 0.0
0.0 14.0 0.0
0.0 16.0 0.0
0.0 18.0 0.0
0.0 20.0 0.0
0.0 22.0 0.0
0.0 24.0 0.0
0.0 26.0 0.0
0.0 28.0 0.0
0.0 30.0 0.0
0.0 32.0 0.0
0.0 34.0 0.0
0.0 36.0 0.0
0.0 38.0 0.0
0.0 40.0 0.0
0.0 42.0 0.0
0.0 44.0 0.0
0.0 46.0 0.0
0.0 48.0 0.0
0.0 50.0 0.0
0.0 52.0 0.0
0.0 54.0 0.0
0.0 56.0 0.0
0.0 58.0 0.0
0.0 60.0 0.0
0.0 62.0 0.0
0.0 64.0 0.0
0.0 66.0 0.0
0.0 68.0 0.0
0.0 70.0 0.0
0.0 72.0 0.0
0.0 74.0 0.0
0.0 76.0 0.0
0.0 78.0 0.0
0.0 80.0 0.0
0.0 82.0 0.0
0.0 84.0 0.0
0.0 86.0 0.0
0.0 88.0 0.0
0.0 90.0 0.0
0.0 92.0 0.0
0.0 94.0 0.0
0.0 96.0 0.0
0.0 98.0 0.0
0.0 100.0 0.0
0.0 102.0 0.0
0.0 104.0 0.0
0.0 106.0 0.0
0.0 108.0 0.0
0.0 110.0 0.0
0.0 112.0 0.0
0.0 114.0 0.0
0.0 116.0 0.0
0.0 118.0 0.0
0.0 120.0 0.0
0.0 122.0 0.0
0.0 124.0 0.0
0.0 126.0 0.0
2.0 0.0 0.0
2.0 2.0 0.0
2.0 4.0 0.0
2.0 6.0 0.0
2.0 8.0 0.0
2.0 10.0 0.0
2.0 12.0 0.0
2.0 14.0 0.0
2.0 16.0 0.0
2.0 18.0 0.0
2.0 20.0 0.0
2.0 22.0 0.0
2.0 24.0 0.0
2.0 26.0 0.0
2.0 28.0 0.0
2.0 30.0 0.0
2.0 32.0 0.0
2.0 34.0 0.0
2.0 36.0 0.0
2.0 38.0 0.0
2.0 40.0 0.0
2.0 42.0 0.0
2.0 44.0 0.0
2.0 46.0 0.0
2.0 48.0 0.07652895209195824
2.0 50.0 0.0983998946056124
2.0 52.0 0.15127450148999586
2.0 54.0 0.23390247068515455
2.0 56.0 0.357044456951562
2.0 58.0 0.4333257057528681
2.0 60.0 0.42176536558287875
2.0 62.0 0.3437730463539546
2.0 64.0 0.18642535806919092
2.0 66.0 0.013134574975020678
2.0 68.0 0.0
2.0 70.0 0.0
2.0 72.0 0.0
2.0 74.0 0.0
2.0 76.0 0.0
2.0 78.0 0.0
2.0 80.0 0.0
2.0 82.0 0.0
2.0 84.0 0.0
2.0 86.0 0.0
2.0 88.0 0.0
2.0 90.0 0.0
2.0 92.0 0.0
2.0 94.0 0.0
2.0 96.0 0.0
2.0 98.0 0.0
2.0 100.0 0.0
2.0 102.0 0.0
2.0 104.0 0.0
2.0 106.0 0.0
2.0 108.0 0.0
2.0 110.0 0.0
2.0 112.0 0.0
2.0 114.0 0.0
2.0 116.0 0.0
2.0 118.0 0.0
2.0 120.0 0.0
2.0 122.0 0.0
2.0 124.0 0.0
2.0 126.0 0.0
4.0 0.0 0.0
4.0 2.0 0.0
4.0 4.0 0.0
4.0 6.0 0.0
4.0 8.0 0.0
4.0 10.0 0.0
4.0 12.0 0.0
4.0 14.0 0.0
4.0 16.0 0.0
4.0 18.0 0.0
4.0 20.0 0.0
4.0 22.0 0.0
4.0 24.0 0.0
4.0 26.0 0.0
4.0 28.0 0.0
4.0 30.0 0.0
4.0 32.0 0.0
4.0 34.0 0.0
4.0 36.0 0.0
4.0 38.0 0.0
4.0 40.0 0.0
4.0 42.0 0.0
4.0 44.0 0.0
4.0 46.0 0.0023605607774391073
4.0 48.0 0.054931284341580074
4.0 50.0 0.12026378128686782
4.0 52.0 0.21958161712729396
4.0 54.0 0.3321700145351871
4.0 56.0 0.3977456293686126
4.0 58.0 0.4280197796011263
4.0 60.0 0.38719441572061547
4.0 62.0 0.2583343717766526
4.0 64.0 0.14743212020721255
4.0 66.0 0.023209784265770347
4.0 68.0 0.0
4.0 70.0 0.0
4.0 72.0 0.0
4.0 74.0 0.0
4.0 76.0 0.0
4.0 78.0 0.0
4.0 80.0 0.0
4.0 82.0 0.0
4.0 84.0 0.0
4.0 86.0 0.0
4.0 88.0 0.0
4.0 90.0 0.0
4.0 92.0 0.0
4.0 94.0 0.0
4.0 96.0 0.0
4.0 98.0 0.0
4.0 100.0 0.0
4.0 102.0 0.0
4.0 104.0 0.0
4.0 106.0 0.0
4.0 108.0 0.0
4.0 110.0 0.0
4.0 112.0 0.0
4.0 114.0 0.0
4.0 116.0 0.0
4.0 118.0 0.0
4.0 120.0 0.0
4.0 122.0 0.0
4.0 124.0 0.0
4.0 126.0 0.0
6.0 0.0 0.0
6.0 2.0 0.0
6.0 4.0 0.0
6.0 6.0 0.0
6.0 8.0 0.0
6.0 10.0 0.0
6.0 12.0 0.0
6.0 14.0 0.0
6.0 16.0 0.0
6.0 18.0 0.0
6.0 20.0 0.0
6.0 22.0 0.0
6.0 24.0 0.0
6.0 26.0 0.0
6.0 28.0 0.0
6.0 30.0 0.0
6.0 32.0 0.0
6.0 34.0 0.0
6.0 36.0 0.0
6.0 38.0 0.030009877265969164
6.0 40.0 0.040633427707109794
6.0 42.0 0.027982815882608553
6.0 44.0 0.027668219071361036
6.0 46.0 0.05000267661423507
6.0 48.0 0.1004219467441494
6.0 50.0 0.17120713919624145
6.0 52.0 0.2725483370803958
6.0 54.0 0.38415357041401865
6.0 56.0 0.45048987969469007
6.0 58.0 0.46522820523675074
6.0 60.0 0.4114274842159978
6.0 62.0 0.27481661437287797
6.0 64.0 0.1518942640488468
6.0 66.0 0.026856051126941508
6.0 68.0 0.0
6.0 70.0 0.0
6.0 72.0 0.0
6.0 74.0 0.0
6.0 76.0 0.0
6.0 78.0 0.0
6.0 80.0 0.0
6.0 82.0 0.0
6.0 84.0 0.0
6.0 86.0 0.0
6.0 88.0 0.10126608103795161
6.0 90.0 0.33427518741178747
6.0 92.0 0.0
6.0 94.0 0.0
6.0 96.0 0.0
6.0 98.0 0.0
6.0 100.0 0.0
6.0 102.0 0.0
6.0 104.0 0.0
6.0 106.0 0.0
6.0 108.0 0.0
6.0 110.0 0.0
6.0 112.0 0.0
6.0 114.0 0.0
6.0 116.0 0.0
6.0 118.0 0.0
6.0 120.0 0.0
6.0 122.0 0.0
6.0 124.0 0.0
6.0 126.0 0.0
8.0 0.0 0.0
8.0 2.0 0.0
8.0 4.0 0.0
8.0 6.0 0.0
8.0 8.0 0.0
8.0 10.0 0.0
8.0 12.0 0.0
8.0 14.0 0.0
8.0 16.0 0.0
8.0 18.0 0.0
8.0 20.0 0.0
8.0 22.0 0.0
8.0 24.0 0.0
8.0 26.0 0.0
8.0 28.0 0.0
8.0 30.0 0.0
8.0 32.0 0.0
8.0 34.0 0.3407292717439387
8.0 36.0 0.11223022588353726
8.0 38.0 0.03520115564769075
8.0 40.0 0.004904663403914046
8.0 42.0 0.0
8.0 44.0 1.3421442210468574E-4
8.0 46.0 0.023176530569715026
8.0 48.0 0.09770486175395686
8.0 50.0 0.20135063717154608
8.0 52.0 0.3122342675320101
8.0 54.0 0.41311256712416494
8.0 56.0 0.4810810878110065
8.0 58.0 0.4895447702491386
8.0 60.0 0.43415848720216693
8.0 62.0 0.30237166500850643
8.0 64.0 0.15846245542527357
8.0 66.0 0.031531085312469176
8.0 68.0 0.0
8.0 70.0 0.0
8.0 72.0 0.0
8.0 74.0 0.0
8.0 76.0 0.0
8.0 78.0 0.0
8.0 80.0 0.0
8.0 82.0 0.0
8.0 84.0 0.0
8.0 86.0 0.0
8.0 88.0 0.04460455531266858
8.0 90.0 0.28131674210497615
8.0 92.0 0.41035294554356017
8.0 94.0 0.46127230057208785
8.0 96.0 0.0
8.0 98.0 0.0
8.0 100.0 0.0
8.0 102.0 0.0
8.0 104.0 0.0
8.0 106.0 0.0
8.0 108.0 0.0
8.0 110.0 0.0
8.0 112.0 0.0
8.0 114.0 0.0
8.0 116.0 0.0
8.0 118.0 0.0
8.0 120.0 0.0
8.0 122.0 0.0
8.0 124.0 0.0
8.0 126.0 0.0
10.0 0.0 0.0
10.0 2.0 0.0
10.0 4.0 0.0
10.0 6.0 0.0
10.0 8.0 0.0
10.0 10.0 0.0
10.0 12.0 0.0
10.0 14.0 0.0
10.0 16.0 0.0
10.0 18.0 0.0
10.0 20.0 0.0
10.0 22.0 0.0
10.0 24.0 0.0
10.0 26.0 0.0
10.0 28.0 0.0
10.0 30.0 0.3557460473682192
10.0 32.0 0.07046207438154395
10.0 34.0 0.02679827973337319
10.0 36.0 0.012705551166913567
10.0 38.0 0.0
10.0 40.0 0.0
10.0 42.0 0.0
10.0 44.0 0.0
10.0 46.0 0.013541878722156822
10.0 48.0 0.10128707367794669
10.0 50.0 0.22347905246464903
10.0 52.0 0.34804198590886903
10.0 54.0 0.44635481137302796
10.0 56.0 0.5090866312384547
10.0 58.0 0.5107427895516504
10.0 60.0 0.4544922846000306
10.0 62.0 0.3346535746729757
10.0 64.0 0.1540352636483745
10.0 66.0 0.0502343925651765
10.0 68.0 0.0
10.0 70.0 0.0
10.0 72.0 0.0
10.0 74.0 0.0
10.0 76.0 0.0
10.0 78.0 0.0
10.0 80.0 0.0
10.0 82.0 0.0
10.0 84.0 0.0
10.0 86.0 0.0
10.0 88.0 0.011515788549325811
10.0 90.0 0.22232243829876305
10.0 92.0 0.3726618224312466
10.0 94.0 0.44386400478940363
10.0 96.0 0.4602572339204341
10.0 98.0 0.0
10.0 100.0 0.0
10.0 102.0 0.0
10.0 104.0 0.0
10.0 106.0 0.0
10.0 108.0 0.0
10.0 110.0 0.0
10.0 112.0 0.0
10.0 114.0 0.0
10.0 116.0 0.0
10.0 118.0 0.0
10.0 120.0 0.0
10.0 122.0 0.0
10.0 124.0 0.0
10.0 126.0 0.0
12.0 0.0 0.0
12.0 2.0 0.0
12.0 4.0 0.0
12.0 6.0 0.0
12.0 8.0 0.0
12.0 10.0 0.0
12.0 12.0 0.0
12.0 14.0 0.0
12.0 16.0 0.0
12.0 18.0 0.0
12.0 20.0 0.0
12.0 22.0 0.0
12.0 24.0 0.0
12.0 26.0 0.0
12.0 28.0 0.28051635644304984
12.0 30.0 0.003340527922424381
12.0 32.0 0.0
12.0 34.0 0.0
12.0 36.0 0.0
12.0 38.0 0.0
12.0 40.0 0.0
12.0 42.0 0.0
12.0 44.0 0.0
12.0 46.0 0.00727487841951107
12.0 48.0 0.10261920920246365
12.0 50.0 0.2385674280442842
12.0 52.0 0.3770404740427673
12.0 54.0 0.4777426433838774
12.0 56.0 0.5356348360268711
12.0 58.0 0.5296349754480613
12.0 60.0 0.47306235006441466
12.0 62.0 0.36782996067834217
12.0 64.0 0.16959077639805786
12.0 66.0 0.05024339680510828
12.0 68.0 0.0
12.0 70.0 0.0
12.0 72.0 0.0
12.0 74.0 0.0
12.0 76.0 0.0
12.0 78.0 0.0
12.0 80.0 0.0
12.0 82.0 0.0
12.0 84.0 0.0
12.0 86.0 0.0
12.0 88.0 0.0029444586790508876
12.0 90.0 0.18321218034707534
12.0 92.0 0.34995572386411583
12.0 94.0 0.43841772727599176
12.0 96.0 0.4659685292002495
12.0 98.0 0.4487706775976146
12.0 100.0 0.3866788452295094
12.0 102.0 0.0
12.0 104.0 0.0
12.0 106.0 0.0
12.0 108.0 0.0
12.0 110.0 0.0
12.0 112.0 0.0
12.0 114.0 0.0
12.0 116.0 0.0
12.0 118.0 0.0
12.0 120.0 0.0
12.0 122.0 0.0
12.0 124.0 0.0
12.0 126.0 0.0
14.0 0.0 0.0
14.0 2.0 0.0
14.0 4.0 0.0
14.0 6.0 0.0
14.0 8.0 0.0
14.0 10.0 0.0
14.0 12.0 0.0
14.0 14.0 0.0
14.0 16.0 0.0
14.0 18.0 0.0
14.0 20.0 0.0
14.0 22.0 0.0
14.0 24.0 0.11453035073559224
14.0 26.0 0.0
14.0 28.0 0.0
14.0 30.0 0.0
14.0 32.0 0.0
14.0 34.0 0.0
14.0 36.0 0.0
14.0 38.0 0.0
14.0 40.0 0.0
14.0 42.0 0.0
14.0 44.0 0.0
14.0 46.0 0.0
14.0 48.0 0.08678785727233222
14.0 50.0 0.23295192886375418
14.0 52.0 0.37055090587566103
14.0 54.0 0.4745898156664901
14.0 56.0 0.5387485114775754
14.0 58.0 0.5389040712785836
14.0 60.0 0.485036482363783
14.0 62.0 0.38073356513088524
14.0 64.0 0.18445052056450154
14.0 66.0 0.049628398108425585
14.0 68.0 0.0
14.0 70.0 0.0
14.0 72.0 0.0
14.0 74.0 0.0
14.0 76.0 0.0
14.0 78.0 0.0
14.0 80.0 0.0
14.0 82.0 0.0
14.0 84.0 0.0
14.0 86.0 0.0
14.0 88.0 5.605728748576619E-4
14.0 90.0 0.15270761833568786
14.0 92.0 0.32857614323862455
14.0 94.0 0.4288321115300125
14.0 96.0 0.46255175126967657
14.0 98.0 0.452862461418219
14.0 100.0 0.4035191821979704
14.0 102.0 0.3193618139283233
14.0 104.0 0.0
14.0 106.0 0.0
14.0 108.0 0.0
14.0 110.0 0.0
14.0 112.0 0.0
14.0 114.0 0.0
14.0 116.0 0.0
14.0 118.0 0.0
14.0 120.0 0.0
14.0 122.0 0.0
14.0 124.0 0.0
14.0 126.0 0.0
16.0 0.0 0.0
16.0 2.0 0.0
16.0 4.0 0.0
16.0 6.0 0.0
16.0 8.0 0.0
16.0 10.0 0.0
16.0 12.0 0.0
16.0 14.0 0.0
16.0 16.0 0.0
16.0 18.0 0.0
16.0 20.0 0.0
16.0 22.0 0.059629732702194384
16.0 24.0 0.0
16.0 26.0 0.0
16.0 28.0 0.0
16.0 30.0 0.0
16.0 32.0 0.0
16.0 34.0 0.0
16.0 36.0 0.0
16.0 38.0 0.0
16.0 40.0 0.0
16.0 42.0 0.0
16.0 44.0 0.0
16.0 46.0 0.011749160931519584
16.0 48.0 0.10476443797887802
16.0 50.0 0.2506021529813621
16.0 52.0 0.39258188829135543
16.0 54.0 0.46294217267726495
16.0 56.0 0.5179014954163873
16.0 58.0 0.5365098583694021
16.0 60.0 0.49184607978038036
16.0 62.0 0.39024255382706946
16.0 64.0 0.21527879425881546
16.0 66.0 0.045310477620582094
16.0 68.0 0.0
16.0 70.0 0.0
16.0 72.0 0.0
16.0 74.0 0.0
16.0 76.0 0.0
16.0 78.0 0.0
16.0 80.0 0.0
16.0 82.0 0.0
16.0 84.0 0.0
16.0 86.0 0.0
16.0 88.0 0.0
16.0 90.0 0.11015647586557248
16.0 92.0 0.2761423815195055
16.0 94.0 0.37875982579197626
16.0 96.0 0.43013672607383774
16.0 98.0 0.4326917556298122
16.0 100.0 0.3987317168553422
16.0 102.0 0.3209154899054864
16.0 104.0 0.2531856095523163
16.0 106.0 0.0
16.0 108.0 0.0
16.0 110.0 0.0
16.0 112.0 0.0
16.0 114.0 0.0
16.0 116.0 0.0
16.0 118.0 0.0
16.0 120.0 0.0
16.0 122.0 0.0
16.0 124.0 0.0
16.0 126.0 0.0
18.0 0.0 0.0
18.0 2.0 0.0
18.0 4.0 0.0
18.0 6.0 0.0
18.0 8.0 0.0
18.0 10.0 0.0
18.0 12.0 0.0
18.0 14.0 0.0
18.0 16.0 0.0
18.0 18.0 0.0
18.0 20.0 0.02126915888609085
18.0 22.0 0.0
18.0 24.0 0.0
18.0 26.0 0.0
18.0 28.0 0.0
18.0 30.0 0.0
18.0 32.0 0.0
18.0 34.0 0.0
18.0 36.0 0.0
18.0 38.0 0.0
18.0 40.0 0.0
18.0 42.0 0.0
18.0 44.0 0.0
18.0 46.0 0.0
18.0 48.0 0.0882734711376222
18.0 50.0 0.24981521111343175
18.0 52.0 0.39886491462904644
18.0 54.0 0.4455954398915905
18.0 56.0 0.5049278606361993
18.0 58.0 0.5415890020690818
18.0 60.0 0.4998440030649554
18.0 62.0 0.3987993976946806
18.0 64.0 0.22673638858570866
18.0 66.0 0.04931227075605323
18.0 68.0 0.0
18.0 70.0 0.0
18.0 72.0 0.0
18.0 74.0 0.0
18.0 76.0 0.0
18.0 78.0 0.0
18.0 80.0 0.0
18.0 82.0 0.0
18.0 84.0 0.0
18.0 86.0 0.0
18.0 88.0 0.0
18.0 90.0 0.08868518828133871
18.0 92.0 0.2638005573250657
18.0 94.0 0.37860226574559924
18.0 96.0 0.42495860978917316
18.0 98.0 0.4249965021752626
18.0 100.0 0.39675871868879975
18.0 102.0 0.32595709922914834
18.0 104.0 0.23512649813474382
18.0 106.0 0.13253860888579425
18.0 108.0 0.0
18.0 110.0 0.0
18.0 112.0 0.0
18.0 114.0 0.0
18.0 116.0 0.0
18.0 118.0 0.0
18.0 120.0 0.0
18.0 122.0 0.0
18.0 124.0 0.0
18.0 126.0 0.0
20.0 0.0 0.0
20.0 2.0 0.0
20.0 4.0 0.0
20.0 6.0 0.0
20.0 8.0 0.0
20.0 10.0 0.0
20.0 12.0 0.0
20.0 14.0 0.0
20.0 16.0 0.0
20.0 18.0 3.555833970389237E-4
20.0 20.0 0.0
20.0 22.0 0.0
20.0 24.0 0.0
20.0 26.0 0.0
20.0 28.0 0.0
20.0 30.0 0.0
20.0 32.0 0.0
20.0 34.0 0.0
20.0 36.0 0.0
20.0 38.0 0.0
20.0 40.0 0.0
20.0 42.0 0.0
20.0 44.0 0.0
20.0 46.0 0.00506189008532184
20.0 48.0 0.0663028728234245
20.0 50.0 0.21403351506525056
20.0 52.0 0.369195283570072
20.0 54.0 0.4518292167218481
20.0 56.0 0.5088533058875444
20.0 58.0 0.5454752546454587
20.0 60.0 0.5070860082124317
20.0 62.0 0.4098988565611322
20.0 64.0 0.24231760121059895
20.0 66.0 0.0588759193188739
20.0 68.0 0.0
20.0 70.0 0.0
20.0 72.0 0.0
20.0 74.0 0.0
20.0 76.0 0.0
20.0 78.0 0.0
20.0 80.0 0.0
20.0 82.0 0.0
20.0 84.0 0.0
20.0 86.0 0.0
20.0 88.0 0.0
20.0 90.0 0.06515098574367356
20.0 92.0 0.23901552557226632
20.0 94.0 0.3567812188329144
20.0 96.0 0.3990907315831667
20.0 98.0 0.4000553132705116
20.0 100.0 0.376594971425017
20.0 102.0 0.3169822029427655
20.0 104.0 0.22933569018482555
20.0 106.0 0.1551460407696843
20.0 108.0 0.004039945910291697
20.0 110.0 0.0
20.0 112.0 0.0
20.0 114.0 0.0
20.0 116.0 0.0
20.0 118.0 0.0
20.0 120.0 0.0
20.0 122.0 0.0
20.0 124.0 0.0
20.0 126.0 0.0
22.0 0.0 0.0
22.0 2.0 0.0
22.0 4.0 0.0
22.0 6.0 0.0
22.0 8.0 0.0
22.0 10.0 0.0
22.0 12.0 0.0
22.0 14.0 0.0
22.0 16.0 0.0
22.0 18.0 0.0
22.0 20.0 0.0
22.0 22.0 0.0
22.0 24.0 0.0
22.0 26.0 0.0
22.0 28.0 0.0
22.0 30.0 0.0
22.0 32.0 0.0
22.0 34.0 0.0
22.0 36.0 0.0
22.0 38.0 0.0
22.0 40.0 0.0
22.0 42.0 0.0
22.0 44.0 0.0
22.0 46.0 0.0
22.0 48.0 0.058401744081476
22.0 50.0 0.19819763414114147
22.0 52.0 0.35248896939009805
22.0 54.0 0.468506842795078
22.0 56.0 0.5393042065283757
22.0 58.0 0.5600185735763458
22.0 60.0 0.5193437487425332
22.0 62.0 0.42679130535253323
22.0 64.0 0.2583692915806982
22.0 66.0 0.0787524686895185
22.0 68.0 7.779295448195186E-4
22.0 70.0 0.0
22.0 72.0 0.0
22.0 74.0 0.0
22.0 76.0 0.0
22.0 78.0 0.0
22.0 80.0 0.0
22.0 82.0 0.0
22.0 84.0 0.0
22.0 86.0 0.0
22.0 88.0 0.0
22.0 90.0 0.03522859131604686
22.0 92.0 0.2059159632501982
22.0 94.0 0.3079092855355688
22.0 96.0 0.35428340296647143
22.0 98.0 0.36225604155777374
22.0 100.0 0.34490907136838533
22.0 102.0 0.29602774961622114
22.0 104.0 0.21453656189092465
22.0 106.0 0.1571979384370943
22.0 108.0 0.02191183645680392
22.0 110.0 0.0
22.0 112.0 0.0
22.0 114.0 0.0
22.0 116.0 0.0
22.0 118.0 0.0
22.0 120.0 0.0
22.0 122.0 0.0
22.0 124.0 0.0
22.0 126.0 0.0
24.0 0.0 0.0
24.0 2.0 0.0
24.0 4.0 0.0
24.0 6.0 0.0
24.0 8.0 0.0
24.0 10.0 0.0
24.0 12.0 0.0
24.0 14.0 0.0
24.0 16.0 0.0
24.0 18.0 0.0
24.0 20.0 0.0
24.0 22.0 0.0
24.0 24.0 0.0
24.0 26.0 0.0
24.0 28.0 0.0
24.0 30.0 0.0
24.0 32.0 0.0
24.0 34.0 0.0
24.0 36.0 0.0
24.0 38.0 0.0
24.0 40.0 0.0
24.0 42.0 0.0
24.0 44.0 0.0
24.0 46.0 0.0033384144814767457
24.0 48.0 0.04928360726528928
24.0 50.0 0.16310677388028635
24.0 52.0 0.31511043769521047
24.0 54.0 0.44763306188824276
24.0 56.0 0.5218970375076544
24.0 58.0 0.5584897911044786
24.0 60.0 0.5300915426121333
24.0 62.0 0.4466931105948966
24.0 64.0 0.27814722243547757
24.0 66.0 0.10266364223252511
24.0 68.0 0.002764027272864593
24.0 70.0 0.0
24.0 72.0 0.0
24.0 74.0 0.0
24.0 76.0 0.0
24.0 78.0 0.0
24.0 80.0 0.0
24.0 82.0 0.0
24.0 84.0 0.0
24.0 86.0 0.0
24.0 88.0 0.0
24.0 90.0 0.011008248207497786
24.0 92.0 0.1325222592418084
24.0 94.0 0.23555633188648747
24.0 96.0 0.2890935389761608
24.0 98.0 0.30498986699458275
24.0 100.0 0.29873821982222826
24.0 102.0 0.2614601690106805
24.0 104.0 0.19080368369171286
24.0 106.0 0.13912886070891448
24.0 108.0 0.05010979707882299
24.0 110.0 0.0
24.0 112.0 0.0
24.0 114.0 0.0
24.0 116.0 0.0
24.0 118.0 0.0
24.0 120.0 0.0
24.0 122.0 0.0
24.0 124.0 0.0
24.0 126.0 0.0
26.0 0.0 0.0
26.0 2.0 0.0
26.0 4.0 0.0
26.0 6.0 0.0
26.0 8.0 0.0
26.0 10.0 0.0
26.0 12.0 0.0
26.0 14.0 0.0
26.0 16.0 0.0
26.0 18.0 0.0
26.0 20.0 0.0
26.0 22.0 0.0
26.0 24.0 0.0
26.0 26.0 0.0
26.0 28.0 0.0
26.0 30.0 0.0
26.0 32.0 0.0
26.0 34.0 0.0
26.0 36.0 0.0
26.0 38.0 0.0
26.0 40.0 0.0
26.0 42.0 0.0
26.0 44.0 0.0
26.0 46.0 0.0
26.0 48.0 0.033007745564728776
26.0 50.0 0.10992284713858769
26.0 52.0 0.26214544668328893
26.0 54.0 0.39964055497371137
26.0 56.0 0.4950979943243003
26.0 58.0 0.5505170766185193
26.0 60.0 0.5362559193407893
26.0 62.0 0.465214821152373
26.0 64.0 0.3063566039405337
26.0 66.0 0.12371027010529623
26.0 68.0 0.008796387795600597
26.0 70.0 0.0
26.0 72.0 0.0
26.0 74.0 0.0
26.0 76.0 0.0
26.0 78.0 0.0
26.0 80.0 0.0
26.0 82.0 0.0
26.0 84.0 0.0
26.0 86.0 0.0
26.0 88.0 0.0
26.0 90.0 0.0
26.0 92.0 0.04365545866171
26.0 94.0 0.14412789123161526
26.0 96.0 0.20639321266992416
26.0 98.0 0.2333598018362868
26.0 100.0 0.23828308994350633
26.0 102.0 0.21302507136704127
26.0 104.0 0.15751954501981813
26.0 106.0 0.12072030065534887
26.0 108.0 0.060963384752660506
26.0 110.0 0.0
26.0 112.0 0.0
26.0 114.0 0.0
26.0 116.0 0.0
26.0 118.0 0.0
26.0 120.0 0.0
26.0 122.0 0.0
26.0 124.0 0.0
26.0 126.0 0.0
28.0 0.0 0.0
28.0 2.0 0.0
28.0 4.0 0.0
28.0 6.0 0.0
28.0 8.0 0.0
28.0 10.0 0.0
28.0 12.0 0.0
28.0 14.0 0.010537962670964742
28.0 16.0 0.04165394210618627
28.0 18.0 0.022400417698223995
28.0 20.0 0.0
28.0 22.0 0.0
28.0 24.0 0.0
28.0 26.0 0.0
28.0 28.0 0.0
28.0 30.0 0.0
28.0 32.0 0.0
28.0 34.0 0.0
28.0 36.0 0.0
28.0 38.0 0.0
28.0 40.0 0.0
28.0 42.0 0.0
28.0 44.0 0.0
28.0 46.0 0.0
28.0 48.0 0.0037403776787766165
28.0 50.0 0.04253872624884922
28.0 52.0 0.18472475820002446
28.0 54.0 0.3329288812575748
28.0 56.0 0.4400869367673541
28.0 58.0 0.519829326248361
28.0 60.0 0.5269049803260203
28.0 62.0 0.4675255563126271
28.0 64.0 0.33975522277841125
28.0 66.0 0.13409140281131507
28.0 68.0 0.015225760260394162
28.0 70.0 0.0
28.0 72.0 0.0
28.0 74.0 0.0
28.0 76.0 0.0
28.0 78.0 0.0
28.0 80.0 0.0
28.0 82.0 0.0
28.0 84.0 0.0
28.0 86.0 0.0
28.0 88.0 0.0
28.0 90.0 0.0
28.0 92.0 0.009085710700906536
28.0 94.0 0.08313958078866066
28.0 96.0 0.13960775954342738
28.0 98.0 0.16583663398781556
28.0 100.0 0.1797876499858664
28.0 102.0 0.16849086384264833
28.0 104.0 0.12624959318665238
28.0 106.0 0.08792897570998921
28.0 108.0 0.05529839136634235
28.0 110.0 0.01613151094283142
28.0 112.0 0.0
28.0 114.0 0.0
28.0 116.0 0.0
28.0 118.0 0.0
28.0 120.0 0.0
28.0 122.0 0.0
28.0 124.0 0.0
28.0 126.0 0.0
30.0 0.0 0.0
30.0 2.0 0.0
30.0 4.0 0.0
30.0 6.0 0.0
30.0 8.0 0.0
30.0 10.0 0.04153052719606072
30.0 12.0 0.14936000981883313
30.0 14.0 0.21348990416259603
30.0 16.0 0.21566618802440587
30.0 18.0 0.10540488826609874
30.0 20.0 0.006330401532339769
30.0 22.0 0.0
30.0 24.0 0.0
30.0 26.0 0.0
30.0 28.0 0.0
30.0 30.0 0.0
30.0 32.0 0.0
30.0 34.0 0.0
30.0 36.0 0.0
30.0 38.0 0.0
30.0 40.0 0.0
30.0 42.0 0.0
30.0 44.0 0.0
30.0 46.0 0.0
30.0 48.0 0.0
30.0 50.0 0.0
30.0 52.0 0.07751903159035682
30.0 54.0 0.25205498685640954
30.0 56.0 0.3536133534426507
30.0 58.0 0.44036103196206894
30.0 60.0 0.47187371288867586
30.0 62.0 0.4318343195148513
30.0 64.0 0.3290400668585691
30.0 66.0 0.14503482188447311
30.0 68.0 0.017139257575818308
30.0 70.0 0.0
30.0 72.0 0.0
30.0 74.0 0.0
30.0 76.0 0.0
30.0 78.0 0.0
30.0 80.0 0.0
30.0 82.0 0.0
30.0 84.0 0.0
30.0 86.0 0.0
30.0 88.0 0.0
30.0 90.0 0.0
30.0 92.0 9.548268401317864E-4
30.0 94.0 0.04010507452311987
30.0 96.0 0.10650588303593504
30.0 98.0 0.1319615417088075
30.0 100.0 0.13314589158561238
30.0 102.0 0.12552810922422417
30.0 104.0 0.09889602635557786
30.0 106.0 0.05692341377487417
30.0 108.0 0.04351627958839215
30.0 110.0 0.04737342941977624
30.0 112.0 0.02182775675624325
30.0 114.0 0.0
30.0 116.0 0.0
30.0 118.0 0.0
30.0 120.0 0.0
30.0 122.0 0.0
30.0 124.0 0.0
30.0 126.0 0.0
32.0 0.0 0.0
32.0 2.0 0.0
32.0 4.0 0.0
32.0 6.0 0.0
32.0 8.0 0.0
32.0 10.0 0.13882279428667435
32.0 12.0 0.24834160218340753
32.0 14.0 0.26942341440891654
32.0 16.0 0.2318907333075515
32.0 18.0 0.1233217813968585
32.0 20.0 0.008475949185526112
32.0 22.0 0.0
32.0 24.0 0.0
32.0 26.0 0.0
32.0 28.0 0.0
32.0 30.0 0.0
32.0 32.0 0.0
32.0 34.0 0.0
32.0 36.0 0.0
32.0 38.0 0.0
32.0 40.0 0.0
32.0 42.0 0.0
32.0 44.0 0.0
32.0 46.0 0.0
32.0 48.0 0.0
32.0 50.0 0.0
32.0 52.0 0.018127173572158
32.0 54.0 0.16750887578933782
32.0 56.0 0.26474333660101507
32.0 58.0 0.34059023429421137
32.0 60.0 0.3728712881291811
32.0 62.0 0.349541011753651
32.0 64.0 0.26907317298366107
32.0 66.0 0.12582514900753833
32.0 68.0 0.007088025529409524
32.0 70.0 0.0
32.0 72.0 0.0
32.0 74.0 0.0
32.0 76.0 0.0
32.0 78.0 0.0
32.0 80.0 0.0
32.0 82.0 0.0
32.0 84.0 0.0
32.0 86.0 0.0
32.0 88.0 0.0
32.0 90.0 0.0
32.0 92.0 0.0023942211644570116
32.0 94.0 0.043754294015435236
32.0 96.0 0.0890067971991424
32.0 98.0 0.09011142349932832
32.0 100.0 0.07749569784448425
32.0 102.0 0.07171004304170776
32.0 104.0 0.05746817001050461
32.0 106.0 0.04129842020305991
32.0 108.0 0.061475526252735994
32.0 110.0 0.08311738061140626
32.0 112.0 0.05847154999976976
32.0 114.0 0.024907687442073407
32.0 116.0 0.0028775383651343744
32.0 118.0 0.0
32.0 120.0 0.0
32.0 122.0 0.0
32.0 124.0 0.0
32.0 126.0 0.0
34.0 0.0 0.0
34.0 2.0 0.0
34.0 4.0 0.0
34.0 6.0 0.0
34.0 8.0 0.16142530279608738
34.0 10.0 0.27076605551540683
34.0 12.0 0.3070020581776227
34.0 14.0 0.29555062774611074
34.0 16.0 0.20753710398716882
34.0 18.0 0.06097700189258212
34.0 20.0 0.0
34.0 22.0 0.0
34.0 24.0 0.0
34.0 26.0 0.0
34.0 28.0 0.0
34.0 30.0 0.0
34.0 32.0 0.0
34.0 34.0 0.0
34.0 36.0 0.0
34.0 38.0 0.0
34.0 40.0 0.0
34.0 42.0 0.0
34.0 44.0 0.0
34.0 46.0 0.0
34.0 48.0 7.101561682420597E-4
34.0 50.0 0.0016945977512768386
34.0 52.0 0.02875520214361375
34.0 54.0 0.11626000929712908
34.0 56.0 0.20043398791164382
34.0 58.0 0.24801296602990994
34.0 60.0 0.26394852351665193
34.0 62.0 0.24634271558105872
34.0 64.0 0.1833485856367938
34.0 66.0 0.080486871746967
34.0 68.0 0.0015530106747798074
34.0 70.0 0.0
34.0 72.0 0.0
34.0 74.0 0.0
34.0 76.0 0.0
34.0 78.0 0.0
34.0 80.0 0.0
34.0 82.0 0.0
34.0 84.0 0.0
34.0 86.0 0.0
34.0 88.0 0.0
34.0 90.0 0.0
34.0 92.0 0.007204935280275365
34.0 94.0 0.033226506495762406
34.0 96.0 0.05335230314893361
34.0 98.0 0.04521218133576362
34.0 100.0 0.03374687884593928
34.0 102.0 0.024431512334450275
34.0 104.0 0.02418960121803126
34.0 106.0 0.056678974918192015
34.0 108.0 0.0847554970234764
34.0 110.0 0.10672965485191675
34.0 112.0 0.09739088182114752
34.0 114.0 0.08315248750721044
34.0 116.0 0.06154830009989146
34.0 118.0 0.040923690875270945
34.0 120.0 0.0
34.0 122.0 0.0
34.0 124.0 0.0
34.0 126.0 0.0
36.0 0.0 0.0
36.0 2.0 0.0
36.0 4.0 0.0
36.0 6.0 0.0
36.0 8.0 0.2056832714332435
36.0 10.0 0.2757504721219736
36.0 12.0 0.29302151145004846
36.0 14.0 0.2606591443558094
36.0 16.0 0.15488079575604705
36.0 18.0 0.011050025042770353
36.0 20.0 0.0
36.0 22.0 0.0
36.0 24.0 0.0
36.0 26.0 0.0
36.0 28.0 0.0
36.0 30.0 0.0
36.0 32.0 0.0
36.0 34.0 0.0
36.0 36.0 0.0
36.0 38.0 0.0
36.0 40.0 0.0
36.0 42.0 0.0
36.0 44.0 0.0
36.0 46.0 0.0018234333540902922
36.0 48.0 0.006299642331570461
36.0 50.0 0.017777855408124432
36.0 52.0 0.030852468451516426
36.0 54.0 0.08591303227740481
36.0 56.0 0.13653806184614742
36.0 58.0 0.1544574932642788
36.0 60.0 0.15458954767930075
36.0 62.0 0.12952363279777482
36.0 64.0 0.06659175663662346
36.0 66.0 0.006938960527005593
36.0 68.0 0.0
36.0 70.0 0.0
36.0 72.0 0.0
36.0 74.0 0.0
36.0 76.0 0.0
36.0 78.0 0.0
36.0 80.0 0.0
36.0 82.0 0.0
36.0 84.0 0.0
36.0 86.0 0.0
36.0 88.0 0.0
36.0 90.0 0.0
36.0 92.0 0.004995247396751418
36.0 94.0 0.018041824819386387
36.0 96.0 0.024914061291741604
36.0 98.0 0.015959111655494896
36.0 100.0 0.009763779016021644
36.0 102.0 0.007489334379181625
36.0 104.0 0.029572914323876598
36.0 106.0 0.06975693907223124
36.0 108.0 0.08879409411035977
36.0 110.0 0.11068356329572442
36.0 112.0 0.11343524535777462
36.0 114.0 0.11744330866795127
36.0 116.0 0.11958061435074759
36.0 118.0 0.11565259130552907
36.0 120.0 0.07731704878884042
36.0 122.0 0.0
36.0 124.0 0.0
36.0 126.0 0.0
38.0 0.0 0.0
38.0 2.0 0.0
38.0 4.0 0.0
38.0 6.0 0.16308990020319894
38.0 8.0 0.19286998021620616
38.0 10.0 0.2186539613107782
38.0 12.0 0.22206885135381363
38.0 14.0 0.1604552894248919
38.0 16.0 0.05072510861908857
38.0 18.0 0.0
38.0 20.0 0.0
38.0 22.0 0.0
38.0 24.0 0.0
38.0 26.0 0.0
38.0 28.0 0.0
38.0 30.0 0.0
38.0 32.0 0.0
38.0 34.0 0.0
38.0 36.0 0.0
38.0 38.0 0.0
38.0 40.0 0.004126181973320726
38.0 42.0 0.0037292194460087397
38.0 44.0 0.003010906428469211
38.0 46.0 0.00581735509173775
38.0 48.0 0.009828213164113518
38.0 50.0 0.01841937785962626
38.0 52.0 0.0314755865146109
38.0 54.0 0.04281752941243646
38.0 56.0 0.07341610060502002
38.0 58.0 0.07117051191991937
38.0 60.0 0.05677066573384155
38.0 62.0 0.02847636806120107
38.0 64.0 6.32552626661313E-4
38.0 66.0 0.0
38.0 68.0 0.0
38.0 70.0 0.0
38.0 72.0 0.0
38.0 74.0 0.0
38.0 76.0 0.0
38.0 78.0 0.0
38.0 80.0 0.0
38.0 82.0 0.0020822119399857967
38.0 84.0 0.008419969533000093
38.0 86.0 0.002475330184818707
38.0 88.0 0.0019872713574861315
38.0 90.0 8.679758887491633E-4
38.0 92.0 0.0071217653063788645
38.0 94.0 0.007887865676408971
38.0 96.0 0.0021335514377359465
38.0 98.0 0.0
38.0 100.0 0.0
38.0 102.0 4.872189319688402E-4
38.0 104.0 0.027306169440919997
38.0 106.0 0.05482308130918958
38.0 108.0 0.07695161533713828
38.0 110.0 0.0978021013239297
38.0 112.0 0.10347633671232953
38.0 114.0 0.11256889134096941
38.0 116.0 0.12631402779656967
38.0 118.0 0.13629871828506732
38.0 120.0 0.10056950183025722
38.0 122.0 0.0
38.0 124.0 0.0
38.0 126.0 0.0
40.0 0.0 0.0
40.0 2.0 0.0
40.0 4.0 0.0
40.0 6.0 0.1254620763343107
40.0 8.0 0.09960054200483125
40.0 10.0 0.1428516044176956
40.0 12.0 0.15073652082624248
40.0 14.0 0.09632961565954241
40.0 16.0 0.009744738982299448
40.0 18.0 0.0
40.0 20.0 0.0
40.0 22.0 0.0
40.0 24.0 0.0
40.0 26.0 0.0
40.0 28.0 0.0
40.0 30.0 0.0
40.0 32.0 0.0
40.0 34.0 0.0
40.0 36.0 0.0
40.0 38.0 0.0
40.0 40.0 0.004424494473224298
40.0 42.0 0.0032308769000057077
40.0 44.0 7.674204287295526E-4
40.0 46.0 0.0029802271568677608
40.0 48.0 0.008047479076462053
40.0 50.0 0.013580864246567624
40.0 52.0 0.019972937689054556
40.0 54.0 0.025791507527141933
40.0 56.0 0.02917968080436449
40.0 58.0 0.02490442029959582
40.0 60.0 0.015160341418803777
40.0 62.0 0.004293899380839637
40.0 64.0 0.0
40.0 66.0 0.0
40.0 68.0 0.0
40.0 70.0 0.0
40.0 72.0 0.0
40.0 74.0 0.0
40.0 76.0 0.0
40.0 78.0 0.0033160205478292705
40.0 80.0 0.028405483840806153
40.0 82.0 0.06191836514692068
40.0 84.0 0.07781524067567995
40.0 86.0 0.06445219306201333
40.0 88.0 0.04010017862925857
40.0 90.0 0.0146606101814922
40.0 92.0 0.00959428615241434
40.0 94.0 0.0
40.0 96.0 0.0
40.0 98.0 0.0
40.0 100.0 0.0
40.0 102.0 0.0
40.0 104.0 0.0
40.0 106.0 0.018104201540910653
40.0 108.0 0.0416998029098388
40.0 110.0 0.06387513905933485
40.0 112.0 0.0722010074592573
40.0 114.0 0.08234820120650595
40.0 116.0 0.09957607062846756
40.0 118.0 0.1170546849750026
40.0 120.0 0.09932289241314635
40.0 122.0 0.06366681251326065
40.0 124.0 0.0
40.0 126.0 0.0
42.0 0.0 0.0
42.0 2.0 0.0
42.0 4.0 0.01657968948840816
42.0 6.0 0.015548279248479555
42.0 8.0 0.062150948118552256
42.0 10.0 0.09562842654023664
42.0 12.0 0.08848587088927516
42.0 14.0 0.018262176520446077
42.0 16.0 0.0
42.0 18.0 0.0
42.0 20.0 0.0
42.0 22.0 0.0
42.0 24.0 0.0
42.0 26.0 0.0
42.0 28.0 0.0
42.0 30.0 0.0
42.0 32.0 0.0
42.0 34.0 0.0
42.0 36.0 0.0
42.0 38.0 0.0
42.0 40.0 0.0
42.0 42.0 0.0
42.0 44.0 0.0
42.0 46.0 0.001396492714511932
42.0 48.0 0.007253301812609845
42.0 50.0 0.009323987188931631
42.0 52.0 0.010067007756903237
42.0 54.0 0.005966315239225799
42.0 56.0 0.0076006254172413905
42.0 58.0 0.0041504816387429215
42.0 60.0 8.053154721117825E-4
42.0 62.0 0.0
42.0 64.0 0.0
42.0 66.0 0.0
42.0 68.0 0.0
42.0 70.0 0.0
42.0 72.0 0.0
42.0 74.0 0.0
42.0 76.0 0.021796263574226666
42.0 78.0 0.07088116340060739
42.0 80.0 0.12314332893701173
42.0 82.0 0.1712834770381193
42.0 84.0 0.20836833605583405
42.0 86.0 0.20337878173559895
42.0 88.0 0.158225368024978
42.0 90.0 0.07163494167641656
42.0 92.0 0.009077449222963366
42.0 94.0 0.0
42.0 96.0 0.0
42.0 98.0 0.0
42.0 100.0 0.0
42.0 102.0 0.0
42.0 104.0 0.0
42.0 106.0 0.0
42.0 108.0 3.2727559237582317E-4
42.0 110.0 0.016429012863326528
42.0 112.0 0.028436800462120448
42.0 114.0 0.038273476104609044
42.0 116.0 0.059352188234939256
42.0 118.0 0.08854221928935656
42.0 120.0 0.08864841628986052
42.0 122.0 0.06593177174146901
42.0 124.0 0.0
42.0 126.0 0.0
44.0 0.0 0.0
44.0 2.0 0.0
44.0 4.0 0.011198701758129306
44.0 6.0 0.0012127581139058541
44.0 8.0 0.029747475308823563
44.0 10.0 0.05552186265771892
44.0 12.0 0.034873463776342185
44.0 14.0 0.0
44.0 16.0 0.0
44.0 18.0 0.0
44.0 20.0 0.0
44.0 22.0 0.0
44.0 24.0 0.0
44.0 26.0 0.0
44.0 28.0 8.976245713569036E-4
44.0 30.0 0.0024231948821462055
44.0 32.0 0.0014813520398690985
44.0 34.0 0.004738312087592791
44.0 36.0 0.0082064333908372
44.0 38.0 0.010072897536905802
44.0 40.0 0.003529694857973689
44.0 42.0 0.0
44.0 44.0 0.0
44.0 46.0 0.0041002208548135645
44.0 48.0 0.0033094472080777214
44.0 50.0 0.0017814053497596473
44.0 52.0 2.865476974449609E-4
44.0 54.0 0.0
44.0 56.0 0.0
44.0 58.0 0.0
44.0 60.0 0.0
44.0 62.0 0.0
44.0 64.0 0.0
44.0 66.0 0.0
44.0 68.0 0.0
44.0 70.0 0.0
44.0 72.0 0.0
44.0 74.0 0.03907794547334709
44.0 76.0 0.10971902229629397
44.0 78.0 0.181954232664972
44.0 80.0 0.2526535831034102
44.0 82.0 0.3054672601867872
44.0 84.0 0.34663536487477997
44.0 86.0 0.3663145442219135
44.0 88.0 0.3131190123197119
44.0 90.0 0.1771819762466724
44.0 92.0 0.015360811520832936
44.0 94.0 0.0
44.0 96.0 0.0
44.0 98.0 0.0
44.0 100.0 0.0
44.0 102.0 0.0
44.0 104.0 0.0
44.0 106.0 0.0
44.0 108.0 0.0
44.0 110.0 0.0
44.0 112.0 5.912758969781963E-4
44.0 114.0 0.005076423055264379
44.0 116.0 0.023531018827662818
44.0 118.0 0.056442934697302764
44.0 120.0 0.07727627253512456
44.0 122.0 0.0668236591569516
44.0 124.0 0.0
44.0 126.0 0.0
46.0 0.0 0.0
46.0 2.0 0.0
46.0 4.0 0.008170381087106245
46.0 6.0 0.0
46.0 8.0 0.00887035774566145
46.0 10.0 0.019185011184424495
46.0 12.0 0.0078849956143005
46.0 14.0 0.0
46.0 16.0 0.0
46.0 18.0 0.0
46.0 20.0 0.0
46.0 22.0 0.0
46.0 24.0 0.0
46.0 26.0 0.0
46.0 28.0 0.01703043504408662
46.0 30.0 0.021265641485822273
46.0 32.0 0.03982090277180363
46.0 34.0 0.07294763650051549
46.0 36.0 0.0864152996006079
46.0 38.0 0.07356829159955432
46.0 40.0 0.03441366185459529
46.0 42.0 0.002135435602277422
46.0 44.0 0.0066377492455568475
46.0 46.0 0.008328876635687
46.0 48.0 0.0017817232919065111
46.0 50.0 0.0
46.0 52.0 0.0
46.0 54.0 0.0
46.0 56.0 0.0
46.0 58.0 0.0
46.0 60.0 0.0
46.0 62.0 0.0
46.0 64.0 0.0
46.0 66.0 0.0
46.0 68.0 0.0020878995997527807
46.0 70.0 0.01147756877382225
46.0 72.0 0.030358110450478964
46.0 74.0 0.10331652153206496
46.0 76.0 0.18640322161583553
46.0 78.0 0.2758617670625841
46.0 80.0 0.36005473111517516
46.0 82.0 0.41928156530595206
46.0 84.0 0.4790168995874269
46.0 86.0 0.5203255867275013
46.0 88.0 0.46798817936465625
46.0 90.0 0.3136378546824661
46.0 92.0 0.05325238486352535
46.0 94.0 0.0
46.0 96.0 0.0
46.0 98.0 0.0
46.0 100.0 0.0
46.0 102.0 0.0
46.0 104.0 0.0
46.0 106.0 0.0
46.0 108.0 0.0
46.0 110.0 0.0
46.0 112.0 0.0
46.0 114.0 0.0
46.0 116.0 0.0014577445637588328
46.0 118.0 0.027430215584466257
46.0 120.0 0.06387754839752291
46.0 122.0 0.05711114256823693
46.0 124.0 0.024690840908957592
46.0 126.0 0.0
48.0 0.0 0.0
48.0 2.0 5.835363485112302E-4
48.0 4.0 0.0
48.0 6.0 0.0
48.0 8.0 7.11300922031622E-5
48.0 10.0 5.573381511730246E-4
48.0 12.0 0.0
48.0 14.0 0.0
48.0 16.0 0.0
48.0 18.0 0.0
48.0 20.0 0.0
48.0 22.0 0.0
48.0 24.0 0.0
48.0 26.0 0.00919481547354419
48.0 28.0 0.0510262153951218
48.0 30.0 0.09010156022373107
48.0 32.0 0.13984936093754471
48.0 34.0 0.18234067723667768
48.0 36.0 0.19283819652580989
48.0 38.0 0.16976393074511706
48.0 40.0 0.12014186707198687
48.0 42.0 0.06406698394260539
48.0 44.0 0.054553472921344374
48.0 46.0 0.014611615036857551
48.0 48.0 6.969410385680063E-4
48.0 50.0 0.0
48.0 52.0 0.0
48.0 54.0 0.0
48.0 56.0 0.0
48.0 58.0 0.0
48.0 60.0 0.0
48.0 62.0 0.0
48.0 64.0 0.0
48.0 66.0 0.002858418434147223
48.0 68.0 0.01321482152220082
48.0 70.0 0.031055886406879635
48.0 72.0 0.07098314551191569
48.0 74.0 0.155541896731281
48.0 76.0 0.2537520485238707
48.0 78.0 0.3521087933312355
48.0 80.0 0.4371789682835365
48.0 82.0 0.49635069821713945
48.0 84.0 0.5604202124428803
48.0 86.0 0.60241278067949
48.0 88.0 0.5474613592712593
48.0 90.0 0.41012538335567233
48.0 92.0 0.12851554912318758
48.0 94.0 0.0
48.0 96.0 0.0
48.0 98.0 0.0
48.0 100.0 0.0
48.0 102.0 0.0
48.0 104.0 0.0
48.0 106.0 0.0
48.0 108.0 0.0
48.0 110.0 0.0
48.0 112.0 0.0
48.0 114.0 0.0
48.0 116.0 0.0
48.0 118.0 0.00882574763114933
48.0 120.0 0.04593413872131633
48.0 122.0 0.04292082238950445
48.0 124.0 0.01995288750636124
48.0 126.0 0.0
50.0 0.0 0.0
50.0 2.0 6.194767116482401E-4
50.0 4.0 3.345673469042354E-4
50.0 6.0 0.0
50.0 8.0 0.0
50.0 10.0 0.0
50.0 12.0 0.0
50.0 14.0 0.0
50.0 16.0 0.0
50.0 18.0 0.0
50.0 20.0 0.0
50.0 22.0 0.0
50.0 24.0 0.0
50.0 26.0 0.04239739699041579
50.0 28.0 0.11993993365317224
50.0 30.0 0.18802390830191085
50.0 32.0 0.24700294636825948
50.0 34.0 0.2876742980066295
50.0 36.0 0.29655799511261
50.0 38.0 0.27933859058136457
50.0 40.0 0.23128028334586306
50.0 42.0 0.14006570383922115
50.0 44.0 0.09456217781510017
50.0 46.0 0.025438307901578167
50.0 48.0 0.0
50.0 50.0 0.0
50.0 52.0 0.0
50.0 54.0 0.0
50.0 56.0 0.0
50.0 58.0 0.0
50.0 60.0 0.0
50.0 62.0 0.0
50.0 64.0 0.0
50.0 66.0 0.005065530209622549
50.0 68.0 0.02200131394145502
50.0 70.0 0.028183752644705694
50.0 72.0 0.08968105306057612
50.0 74.0 0.1891269205770659
50.0 76.0 0.28604796868547155
50.0 78.0 0.3814607044244885
50.0 80.0 0.4765735107563249
50.0 82.0 0.5341833337968978
50.0 84.0 0.5874669054602735
50.0 86.0 0.6409034177854805
50.0 88.0 0.611270466894499
50.0 90.0 0.4861020527174624
50.0 92.0 0.17108033136110964
50.0 94.0 0.0021574008623586162
50.0 96.0 0.0
50.0 98.0 0.0
50.0 100.0 0.0
50.0 102.0 0.0
50.0 104.0 0.0
50.0 106.0 0.0
50.0 108.0 0.0
50.0 110.0 0.0
50.0 112.0 0.0
50.0 114.0 0.0
50.0 116.0 0.0
50.0 118.0 7.122754832774E-4
50.0 120.0 0.033358473438431686
50.0 122.0 0.042322990754410074
50.0 124.0 0.027620665386813403
50.0 126.0 0.0
52.0 0.0 0.0
52.0 2.0 0.004102130240017487
52.0 4.0 1.0745796360715683E-4
52.0 6.0 0.0
52.0 8.0 0.0
52.0 10.0 0.0
52.0 12.0 0.0
52.0 14.0 0.0
52.0 16.0 0.0
52.0 18.0 0.0
52.0 20.0 0.0
52.0 22.0 0.0
52.0 24.0 0.01007421659478301
52.0 26.0 0.10928687564744201
52.0 28.0 0.18932595752130946
52.0 30.0 0.27346719738066644
52.0 32.0 0.3346802860477089
52.0 34.0 0.3723078279050153
52.0 36.0 0.3825668961717985
52.0 38.0 0.3661070139889821
52.0 40.0 0.31162793372744496
52.0 42.0 0.20175993023693672
52.0 44.0 0.1280257015386609
52.0 46.0 0.03396558587664415
52.0 48.0 0.0
52.0 50.0 0.0
52.0 52.0 0.0
52.0 54.0 0.0
52.0 56.0 0.0
52.0 58.0 0.0
52.0 60.0 0.0
52.0 62.0 0.0
52.0 64.0 0.0
52.0 66.0 4.3833632614032454E-4
52.0 68.0 0.014629306039452755
52.0 70.0 0.016113894251209692
52.0 72.0 0.0906699480742602
52.0 74.0 0.20865429414835326
52.0 76.0 0.2989583206960425
52.0 78.0 0.3992385628703858
52.0 80.0 0.47968493574145704
52.0 82.0 0.5329243050574568
52.0 84.0 0.5963223040381547
52.0 86.0 0.653849197572378
52.0 88.0 0.6304797115290292
52.0 90.0 0.5197789312711413
52.0 92.0 0.21466211705373006
52.0 94.0 0.009327803460213955
52.0 96.0 0.0
52.0 98.0 0.0
52.0 100.0 0.0
52.0 102.0 0.0
52.0 104.0 0.0
52.0 106.0 0.0
52.0 108.0 0.0
52.0 110.0 0.0
52.0 112.0 0.0
52.0 114.0 0.0
52.0 116.0 0.0
52.0 118.0 0.0
52.0 120.0 0.03055460642368392
52.0 122.0 0.06016038361740167
52.0 124.0 0.0634008177808216
52.0 126.0 0.0
54.0 0.0 0.0
54.0 2.0 0.01945477052288712
54.0 4.0 0.0
54.0 6.0 0.0
54.0 8.0 0.0
54.0 10.0 0.0
54.0 12.0 0.0
54.0 14.0 0.0
54.0 16.0 0.0
54.0 18.0 0.0
54.0 20.0 0.0
54.0 22.0 0.0036491985975503315
54.0 24.0 0.0681728726463864
54.0 26.0 0.1801995220735427
54.0 28.0 0.2637202514716505
54.0 30.0 0.3458347975546802
54.0 32.0 0.4064701136299231
54.0 34.0 0.4398433285871895
54.0 36.0 0.44892828332511786
54.0 38.0 0.4333381821522255
54.0 40.0 0.3703610517524561
54.0 42.0 0.24990982227312597
54.0 44.0 0.1536578153196348
54.0 46.0 0.03441805627331309
54.0 48.0 0.0
54.0 50.0 0.0
54.0 52.0 0.0
54.0 54.0 0.0
54.0 56.0 0.0
54.0 58.0 0.0
54.0 60.0 0.0
54.0 62.0 0.0
54.0 64.0 0.0
54.0 66.0 0.0
54.0 68.0 4.6299410329369824E-4
54.0 70.0 0.0
54.0 72.0 0.057002649878920814
54.0 74.0 0.18984511697505368
54.0 76.0 0.286724203322509
54.0 78.0 0.38719655067222486
54.0 80.0 0.4685498021799909
54.0 82.0 0.5232615337066202
54.0 84.0 0.5606139934544498
54.0 86.0 0.6469679712045849
54.0 88.0 0.6226757846109482
54.0 90.0 0.5226406147106307
54.0 92.0 0.2533220981190834
54.0 94.0 0.017172392779112863
54.0 96.0 0.0
54.0 98.0 0.0
54.0 100.0 0.0
54.0 102.0 0.0
54.0 104.0 0.0
54.0 106.0 0.0
54.0 108.0 0.0
54.0 110.0 0.0
54.0 112.0 0.0
54.0 114.0 0.0
54.0 116.0 0.0
54.0 118.0 0.0
54.0 120.0 0.04038632588432139
54.0 122.0 0.08803296940765047
54.0 124.0 0.10089570775323319
54.0 126.0 0.08863770249986659
56.0 0.0 0.0
56.0 2.0 0.0047671311906128345
56.0 4.0 0.0
56.0 6.0 0.0
56.0 8.0 0.0
56.0 10.0 0.0
56.0 12.0 0.0
56.0 14.0 0.0
56.0 16.0 0.0
56.0 18.0 0.005184778501083392
56.0 20.0 0.007475386191951416
56.0 22.0 0.046671562666373824
56.0 24.0 0.14731672907895965
56.0 26.0 0.251699700074922
56.0 28.0 0.34081985378480883
56.0 30.0 0.4155662547729264
56.0 32.0 0.4684668708690061
56.0 34.0 0.496796083069822
56.0 36.0 0.503730393284549
56.0 38.0 0.4863828677134026
56.0 40.0 0.3754848213836561
56.0 42.0 0.28463221369256525
56.0 44.0 0.172272867699819
56.0 46.0 0.030317139176511368
56.0 48.0 0.0
56.0 50.0 0.0
56.0 52.0 0.0
56.0 54.0 0.0
56.0 56.0 0.0
56.0 58.0 0.0
56.0 60.0 0.0
56.0 62.0 0.0
56.0 64.0 0.0
56.0 66.0 0.0
56.0 68.0 0.0
56.0 70.0 0.0
56.0 72.0 0.008394855882444598
56.0 74.0 0.15211048660553103
56.0 76.0 0.2651078616401867
56.0 78.0 0.37070651218642614
56.0 80.0 0.45665919202850014
56.0 82.0 0.515068589616815
56.0 84.0 0.5436576602637769
56.0 86.0 0.5870209729338425
56.0 88.0 0.6060990905140563
56.0 90.0 0.5138017592363759
56.0 92.0 0.294576693827348
56.0 94.0 0.017986156422251272
56.0 96.0 0.0
56.0 98.0 0.0
56.0 100.0 0.0
56.0 102.0 0.0
56.0 104.0 0.0
56.0 106.0 0.0
56.0 108.0 0.0
56.0 110.0 0.0
56.0 112.0 0.0
56.0 114.0 0.0
56.0 116.0 0.0
56.0 118.0 0.0
56.0 120.0 0.06247509181322222
56.0 122.0 0.1269668484814503
56.0 124.0 0.15246701710921323
56.0 126.0 0.12515835756527782
58.0 0.0 0.0
58.0 2.0 0.007105625367082338
58.0 4.0 0.0
58.0 6.0 0.0
58.0 8.0 0.0
58.0 10.0 0.0
58.0 12.0 0.0
58.0 14.0 3.854175926542682E-5
58.0 16.0 0.006718293228044994
58.0 18.0 0.015526266152736112
58.0 20.0 0.03424208067696715
58.0 22.0 0.11902599917708713
58.0 24.0 0.22598772395759645
58.0 26.0 0.3271867719810619
58.0 28.0 0.4141215253997506
58.0 30.0 0.47907146900388003
58.0 32.0 0.5221819967241186
58.0 34.0 0.5463414945812751
58.0 36.0 0.5503606626170238
58.0 38.0 0.5256455164347316
58.0 40.0 0.38657335027373735
58.0 42.0 0.30219570256227796
58.0 44.0 0.17838338616733287
58.0 46.0 0.026064804426422426
58.0 48.0 0.0
58.0 50.0 0.0
58.0 52.0 0.0
58.0 54.0 0.0
58.0 56.0 0.0
58.0 58.0 0.0
58.0 60.0 0.0
58.0 62.0 0.0
58.0 64.0 0.0
58.0 66.0 0.0
58.0 68.0 0.0
58.0 70.0 0.0
58.0 72.0 0.0
58.0 74.0 0.11234187756915447
58.0 76.0 0.2366062963619616
58.0 78.0 0.3489989645316362
58.0 80.0 0.4352432311601182
58.0 82.0 0.47236636947150884
58.0 84.0 0.4936934380494678
58.0 86.0 0.6085921258694639
58.0 88.0 0.583934004160679
58.0 90.0 0.4910167533973336
58.0 92.0 0.2941722244192024
58.0 94.0 0.030311440659920873
58.0 96.0 0.0
58.0 98.0 0.0
58.0 100.0 0.0
58.0 102.0 0.0
58.0 104.0 0.0
58.0 106.0 0.0
58.0 108.0 0.0
58.0 110.0 0.0
58.0 112.0 0.0
58.0 114.0 0.0
58.0 116.0 0.0
58.0 118.0 0.009913314719597908
58.0 120.0 0.10545465311256241
58.0 122.0 0.17597085588741304
58.0 124.0 0.20801626350629296
58.0 126.0 0.13517242086313797
60.0 0.0 0.0
60.0 2.0 0.003981229793765563
60.0 4.0 0.0
60.0 6.0 0.0
60.0 8.0 0.0
60.0 10.0 0.0
60.0 12.0 0.0
60.0 14.0 0.0021074029750110515
60.0 16.0 0.016832782293262804
60.0 18.0 0.036497371738744615
60.0 20.0 0.10096940156461069
60.0 22.0 0.20207717395217586
60.0 24.0 0.30766149211485294
60.0 26.0 0.39875866634496165
60.0 28.0 0.467075151922703
60.0 30.0 0.5200912668542361
60.0 32.0 0.5575027218938902
60.0 34.0 0.5781820893686709
60.0 36.0 0.5790922420364055
60.0 38.0 0.4902631235971981
60.0 40.0 0.39510772240628045
60.0 42.0 0.3042227824386214
60.0 44.0 0.1664273868516091
60.0 46.0 0.017791541555574265
60.0 48.0 0.0
60.0 50.0 0.0
60.0 52.0 0.0
60.0 54.0 0.0
60.0 56.0 0.0
60.0 58.0 0.0
60.0 60.0 0.0
60.0 62.0 0.0
60.0 64.0 0.0
60.0 66.0 0.0
60.0 68.0 0.0
60.0 70.0 0.0
60.0 72.0 0.0
60.0 74.0 0.07692728227385391
60.0 76.0 0.1993148429565277
60.0 78.0 0.3143713895435501
60.0 80.0 0.3880858724106964
60.0 82.0 0.43125097160856624
60.0 84.0 0.46798833003597223
60.0 86.0 0.5708982730711541
60.0 88.0 0.5475630462525889
60.0 90.0 0.459184515997976
60.0 92.0 0.28118431505798064
60.0 94.0 0.03664825354775824
60.0 96.0 0.0
60.0 98.0 0.0
60.0 100.0 0.0
60.0 102.0 0.0
60.0 104.0 0.0
60.0 106.0 0.0
60.0 108.0 0.0
60.0 110.0 0.0
60.0 112.0 0.0
60.0 114.0 0.0
60.0 116.0 0.0
60.0 118.0 0.05746842602282919
60.0 120.0 0.1555113585866982
60.0 122.0 0.23309489958362176
60.0 124.0 0.2639762962450229
60.0 126.0 0.15378053385996818
62.0 0.0 0.0
62.0 2.0 0.003036733866620365
62.0 4.0 0.0
62.0 6.0 0.0
62.0 8.0 0.0
62.0 10.0 0.0
62.0 12.0 0.0
62.0 14.0 0.00402666700717989
62.0 16.0 0.03008842375127223
62.0 18.0 0.07586957518711865
62.0 20.0 0.15646282026733802
62.0 22.0 0.2572966371588402
62.0 24.0 0.3518086236546026
62.0 26.0 0.4265256509452266
62.0 28.0 0.4891352409979632
62.0 30.0 0.5377894503264612
62.0 32.0 0.5713098857369263
62.0 34.0 0.586625702983969
62.0 36.0 0.5439732941438246
62.0 38.0 0.457296016669874
62.0 40.0 0.3964076874402127
62.0 42.0 0.29417673132261607
62.0 44.0 0.13539187008335737
62.0 46.0 0.0038253210391759056
62.0 48.0 0.0
62.0 50.0 0.0
62.0 52.0 0.0
62.0 54.0 0.0
62.0 56.0 0.0
62.0 58.0 0.0
62.0 60.0 0.0
62.0 62.0 0.0
62.0 64.0 0.0
62.0 66.0 0.0
62.0 68.0 0.0
62.0 70.0 0.0
62.0 72.0 0.0
62.0 74.0 0.0463899648584443
62.0 76.0 0.16551966132162063
62.0 78.0 0.28926179076820063
62.0 80.0 0.394827935399342
62.0 82.0 0.46920061261717577
62.0 84.0 0.5095339421895829
62.0 86.0 0.5156986204717323
62.0 88.0 0.4843038204719449
62.0 90.0 0.4047982111548385
62.0 92.0 0.25501238271153825
62.0 94.0 0.037753107379267306
62.0 96.0 0.0
62.0 98.0 0.0
62.0 100.0 0.0
62.0 102.0 0.0
62.0 104.0 0.0
62.0 106.0 0.0
62.0 108.0 0.0
62.0 110.0 0.0
62.0 112.0 0.0
62.0 114.0 0.0
62.0 116.0 0.014514081922311572
62.0 118.0 0.1200142039201017
62.0 120.0 0.2110509959836808
62.0 122.0 0.28240257824167486
62.0 124.0 0.30268450182596096
62.0 126.0 0.18778814923741452
64.0 0.0 0.0
64.0 2.0 0.0033911798005855525
64.0 4.0 0.0
64.0 6.0 0.0
64.0 8.0 0.0
64.0 10.0 0.0
64.0 12.0 0.0
64.0 14.0 0.008096496997801862
64.0 16.0 0.04897001816514496
64.0 18.0 0.11523761310905722
64.0 20.0 0.20124491060167013
64.0 22.0 0.29124576270402147
64.0 24.0 0.36590288495769396
64.0 26.0 0.4313814871987227
64.0 28.0 0.4895119070575266
64.0 30.0 0.5335861548220409
64.0 32.0 0.5618313574266725
64.0 34.0 0.5624397413358556
64.0 36.0 0.4826347714014079
64.0 38.0 0.4466324496511094
64.0 40.0 0.37969913745785283
64.0 42.0 0.2644048383612127
64.0 44.0 0.09534174805939326
64.0 46.0 0.0
64.0 48.0 0.0
64.0 50.0 0.0
64.0 52.0 0.0
64.0 54.0 0.0
64.0 56.0 0.0
64.0 58.0 0.0
64.0 60.0 0.0
64.0 62.0 0.0
64.0 64.0 0.0
64.0 66.0 0.0
64.0 68.0 0.0
64.0 70.0 0.0
64.0 72.0 0.0
64.0 74.0 0.016583873452040876
64.0 76.0 0.11578740496257107
64.0 78.0 0.23193619525732745
64.0 80.0 0.33587759373651777
64.0 82.0 0.41231600874444135
64.0 84.0 0.4556916487787326
64.0 86.0 0.47805067931888484
64.0 88.0 0.45676066425208317
64.0 90.0 0.37043701474845364
64.0 92.0 0.22117444496714908
64.0 94.0 0.028444417651073958
64.0 96.0 0.0
64.0 98.0 0.0
64.0 100.0 0.0
64.0 102.0 0.0
64.0 104.0 0.0
64.0 106.0 0.0
64.0 108.0 0.0
64.0 110.0 0.0
64.0 112.0 0.0
64.0 114.0 3.4722115159854924E-4
64.0 116.0 0.08497457209302721
64.0 118.0 0.17641500424393589
64.0 120.0 0.25795423316107474
64.0 122.0 0.3272360534321789
64.0 124.0 0.3345326631872763
64.0 126.0 0.2063269961620476
66.0 0.0 0.0
66.0 2.0 0.004502494792992175
66.0 4.0 0.0
66.0 6.0 0.0
66.0 8.0 0.0
66.0 10.0 0.0
66.0 12.0 0.0
66.0 14.0 0.010831274301989208
66.0 16.0 0.07359468307041918
66.0 18.0 0.1467368776095866
66.0 20.0 0.22430973840633858
66.0 22.0 0.2947341132987357
66.0 24.0 0.355057835611098
66.0 26.0 0.4135811278167198
66.0 28.0 0.4662471672245345
66.0 30.0 0.5057730052684714
66.0 32.0 0.5190370161127219
66.0 34.0 0.4479159539996673
66.0 36.0 0.43353764276680895
66.0 38.0 0.3953957754334591
66.0 40.0 0.3245380986393284
66.0 42.0 0.209748810854021
66.0 44.0 0.05935954879839639
66.0 46.0 0.0
66.0 48.0 0.0
66.0 50.0 0.0
66.0 52.0 0.0
66.0 54.0 0.0
66.0 56.0 0.0
66.0 58.0 0.0
66.0 60.0 0.0
66.0 62.0 0.0
66.0 64.0 0.0
66.0 66.0 0.0
66.0 68.0 0.0
66.0 70.0 0.0
66.0 72.0 0.0
66.0 74.0 0.0114785593662029
66.0 76.0 0.07916215199330266
66.0 78.0 0.17260455225181967
66.0 80.0 0.2662376549021118
66.0 82.0 0.3501211528113734
66.0 84.0 0.41037312565500006
66.0 86.0 0.42819446835905356
66.0 88.0 0.39667246853493593
66.0 90.0 0.30903725661118736
66.0 92.0 0.17188422186445038
66.0 94.0 0.013214670543245407
66.0 96.0 0.0
66.0 98.0 0.0
66.0 100.0 0.0
66.0 102.0 0.0
66.0 104.0 0.0
66.0 106.0 0.0
66.0 108.0 0.0
66.0 110.0 0.0
66.0 112.0 0.0
66.0 114.0 0.03942084618427097
66.0 116.0 0.1449601002413207
66.0 118.0 0.2194824333698894
66.0 120.0 0.3025429918682389
66.0 122.0 0.3553103765313714
66.0 124.0 0.3533897850045494
66.0 126.0 0.20623490437266503
68.0 0.0 0.0
68.0 2.0 0.0036903524714267965
68.0 4.0 0.0
68.0 6.0 0.0
68.0 8.0 0.0
68.0 10.0 0.0
68.0 12.0 0.0
68.0 14.0 0.014719651991326932
68.0 16.0 0.08454704386804758
68.0 18.0 0.1514279656613318
68.0 20.0 0.17742923386051102
68.0 22.0 0.23577967033778982
68.0 24.0 0.3069732384944532
68.0 26.0 0.371160771541762
68.0 28.0 0.41879272701694253
68.0 30.0 0.4540067812203681
68.0 32.0 0.4368515130502861
68.0 34.0 0.3752890148613912
68.0 36.0 0.35970944010521544
68.0 38.0 0.3206245766426458
68.0 40.0 0.2737964882384491
68.0 42.0 0.14143141148446162
68.0 44.0 0.01809838436380105
68.0 46.0 0.0
68.0 48.0 0.0
68.0 50.0 0.0
68.0 52.0 0.0
68.0 54.0 0.0
68.0 56.0 0.0
68.0 58.0 0.0
68.0 60.0 0.0
68.0 62.0 0.0
68.0 64.0 0.0
68.0 66.0 0.0
68.0 68.0 0.0
68.0 70.0 0.0
68.0 72.0 0.0
68.0 74.0 0.009166243801932676
68.0 76.0 0.05371535813982478
68.0 78.0 0.1291664200948058
68.0 80.0 0.21489016993071805
68.0 82.0 0.29015679478888784
68.0 84.0 0.3381411385195812
68.0 86.0 0.35623802432822577
68.0 88.0 0.31830425593145945
68.0 90.0 0.2321440802851863
68.0 92.0 0.10999926022031832
68.0 94.0 0.004823914476895216
68.0 96.0 0.0
68.0 98.0 0.0
68.0 100.0 0.0
68.0 102.0 0.0
68.0 104.0 0.0
68.0 106.0 0.0
68.0 108.0 0.0
68.0 110.0 0.0
68.0 112.0 0.006117287911941563
68.0 114.0 0.10387723655359447
68.0 116.0 0.19087741908891456
68.0 118.0 0.27730000313460573
68.0 120.0 0.3501478211039384
68.0 122.0 0.3672426289162291
68.0 124.0 0.37440249309548007
68.0 126.0 0.17765123889756754
70.0 0.0 0.0
70.0 2.0 0.0
70.0 4.0 0.0
70.0 6.0 0.0
70.0 8.0 0.0
70.0 10.0 0.0
70.0 12.0 0.0
70.0 14.0 0.0262232305252403
70.0 16.0 0.08028006333293038
70.0 18.0 0.13398618952904554
70.0 20.0 0.17008031422093173
70.0 22.0 0.21804375235061033
70.0 24.0 0.26815301187510615
70.0 26.0 0.31333658473421233
70.0 28.0 0.35384409203978545
70.0 30.0 0.3676339209912746
70.0 32.0 0.32612067514754683
70.0 34.0 0.3241488264977745
70.0 36.0 0.3017075075738434
70.0 38.0 0.25639092571023375
70.0 40.0 0.17729542753936878
70.0 42.0 0.06176378668933525
70.0 44.0 0.0
70.0 46.0 0.0
70.0 48.0 0.0
70.0 50.0 0.0
70.0 52.0 0.0
70.0 54.0 0.0
70.0 56.0 0.0
70.0 58.0 0.0
70.0 60.0 0.0
70.0 62.0 0.0
70.0 64.0 0.0
70.0 66.0 0.0
70.0 68.0 0.0
70.0 70.0 0.0
70.0 72.0 7.412787924187357E-4
70.0 74.0 0.010812896603841472
70.0 76.0 0.03613145442158538
70.0 78.0 0.08282206994988861
70.0 80.0 0.15131000485976273
70.0 82.0 0.21355263722911513
70.0 84.0 0.25484006961772604
70.0 86.0 0.2637527768409507
70.0 88.0 0.2190320767454428
70.0 90.0 0.13487804177344537
70.0 92.0 0.03396023922833959
70.0 94.0 0.0
70.0 96.0 0.0
70.0 98.0 0.0
70.0 100.0 0.0
70.0 102.0 0.0
70.0 104.0 0.0
70.0 106.0 0.0
70.0 108.0 0.0
70.0 110.0 0.0
70.0 112.0 0.06533116977409326
70.0 114.0 0.1526567231247756
70.0 116.0 0.2581430184632491
70.0 118.0 0.33104792224017604
70.0 120.0 0.36948795574116877
70.0 122.0 0.38903921633020366
70.0 124.0 0.3865058498852843
70.0 126.0 0.1287104909838558
72.0 0.0 0.0
72.0 2.0 0.0
72.0 4.0 0.0
72.0 6.0 0.0
72.0 8.0 0.0
72.0 10.0 0.002170404677798027
72.0 12.0 0.01272658811085684
72.0 14.0 0.05273299924181401
72.0 16.0 0.09573716283101734
72.0 18.0 0.12175923114207647
72.0 20.0 0.15211779635432277
72.0 22.0 0.17308399810521166
72.0 24.0 0.20154821258251462
72.0 26.0 0.2391175436937958
72.0 28.0 0.2751668286679079
72.0 30.0 0.2645239808847971
72.0 32.0 0.25031914954958523
72.0 34.0 0.2462891548434111
72.0 36.0 0.22321894846704582
72.0 38.0 0.17171024466591742
72.0 40.0 0.08216128559248166
72.0 42.0 0.003730973566160809
72.0 44.0 0.0
72.0 46.0 0.0
72.0 48.0 0.0
72.0 50.0 0.0
72.0 52.0 0.0
72.0 54.0 0.0
72.0 56.0 0.0
72.0 58.0 0.0
72.0 60.0 0.0
72.0 62.0 0.0
72.0 64.0 0.0
72.0 66.0 0.0
72.0 68.0 0.0
72.0 70.0 1.1814572442387583E-4
72.0 72.0 0.004396198947711733
72.0 74.0 0.013919135958171966
72.0 76.0 0.031814582408606934
72.0 78.0 0.0509076674670722
72.0 80.0 0.09398306987527703
72.0 82.0 0.13540106509357933
72.0 84.0 0.16043557591549365
72.0 86.0 0.15046363780846908
72.0 88.0 0.08836206027923658
72.0 90.0 0.026645360098622967
72.0 92.0 0.0
72.0 94.0 0.0
72.0 96.0 0.0
72.0 98.0 0.0
72.0 100.0 0.0
72.0 102.0 0.0
72.0 104.0 0.0
72.0 106.0 0.0
72.0 108.0 0.0
72.0 110.0 0.034502226820417155
72.0 112.0 0.11705095060083177
72.0 114.0 0.2102667919097855
72.0 116.0 0.29976664047852636
72.0 118.0 0.3539734846806144
72.0 120.0 0.3898847244561153
72.0 122.0 0.4052223444686805
72.0 124.0 0.39145855739123947
72.0 126.0 0.09004970184710731
74.0 0.0 0.0
74.0 2.0 0.0
74.0 4.0 0.0
74.0 6.0 0.0
74.0 8.0 0.02097618110088055
74.0 10.0 0.07458504961338046
74.0 12.0 0.07397550802065364
74.0 14.0 0.07608600334315743
74.0 16.0 0.10775402346038611
74.0 18.0 0.09733100143937007
74.0 20.0 0.07089234411033286
74.0 22.0 0.08234496059460299
74.0 24.0 0.10397897362888932
74.0 26.0 0.1329871214627608
74.0 28.0 0.14544197410045762
74.0 30.0 0.1736434016194979
74.0 32.0 0.17834756939514096
74.0 34.0 0.15747129814884311
74.0 36.0 0.13481930446090737
74.0 38.0 0.07954912675327429
74.0 40.0 0.0050669769857029
74.0 42.0 0.0
74.0 44.0 0.0
74.0 46.0 0.0
74.0 48.0 0.0
74.0 50.0 0.0
74.0 52.0 0.0
74.0 54.0 0.0
74.0 56.0 0.0
74.0 58.0 0.0
74.0 60.0 0.0
74.0 62.0 0.0
74.0 64.0 0.0
74.0 66.0 0.0
74.0 68.0 0.0019268662703514083
74.0 70.0 0.006358510771429202
74.0 72.0 0.011150471769309845
74.0 74.0 0.021785663647453556
74.0 76.0 0.03443997171181185
74.0 78.0 0.04850326816399486
74.0 80.0 0.05987245802505167
74.0 82.0 0.07200028249501593
74.0 84.0 0.07610616523009238
74.0 86.0 0.048753218325579356
74.0 88.0 0.006738229771186147
74.0 90.0 0.0
74.0 92.0 0.0
74.0 94.0 0.0
74.0 96.0 0.0
74.0 98.0 0.0
74.0 100.0 0.0
74.0 102.0 0.0
74.0 104.0 0.0
74.0 106.0 0.004479667620245279
74.0 108.0 0.02802637338954544
74.0 110.0 0.0843127588632232
74.0 112.0 0.1516715489266573
74.0 114.0 0.23040844396708968
74.0 116.0 0.318818053625485
74.0 118.0 0.37257208976093437
74.0 120.0 0.40298955732140634
74.0 122.0 0.41594204267247786
74.0 124.0 0.3895709926765159
74.0 126.0 0.05910210194322054
76.0 0.0 0.0
76.0 2.0 0.0
76.0 4.0 0.0
76.0 6.0 0.030316385059980692
76.0 8.0 0.1141274651229044
76.0 10.0 0.1723308407408095
76.0 12.0 0.1768913397202867
76.0 14.0 0.115269323943827
76.0 16.0 0.09796926333305019
76.0 18.0 0.028864657364536122
76.0 20.0 0.008114351091076125
76.0 22.0 0.00402615450126892
76.0 24.0 0.006389032053889166
76.0 26.0 0.033008754206630214
76.0 28.0 0.06508781760228853
76.0 30.0 0.08766685657470225
76.0 32.0 0.09778569714326962
76.0 34.0 0.08555973020074713
76.0 36.0 0.038300929378230646
76.0 38.0 5.693185869779726E-4
76.0 40.0 0.0
76.0 42.0 0.0
76.0 44.0 0.0
76.0 46.0 0.0
76.0 48.0 0.0
76.0 50.0 0.0
76.0 52.0 0.0
76.0 54.0 0.0
76.0 56.0 0.0
76.0 58.0 0.0
76.0 60.0 0.0
76.0 62.0 0.0
76.0 64.0 0.002783461127432345
76.0 66.0 0.01752990335928981
76.0 68.0 0.028162974476525212
76.0 70.0 0.031157868340614157
76.0 72.0 0.03489341395444615
76.0 74.0 0.04725898517889415
76.0 76.0 0.04941304847401325
76.0 78.0 0.052355030209624905
76.0 80.0 0.05222275781232807
76.0 82.0 0.04560800800591261
76.0 84.0 0.02886220168010363
76.0 86.0 0.0
76.0 88.0 0.0
76.0 90.0 0.0
76.0 92.0 0.0
76.0 94.0 0.0
76.0 96.0 0.0
76.0 98.0 0.0
76.0 100.0 0.0
76.0 102.0 0.0
76.0 104.0 0.005234923074330705
76.0 106.0 0.029599710992332356
76.0 108.0 0.0678141444601245
76.0 110.0 0.11638821361475016
76.0 112.0 0.16930901088835926
76.0 114.0 0.24565428735718128
76.0 116.0 0.32753018932597205
76.0 118.0 0.3769229021493415
76.0 120.0 0.4056167305799409
76.0 122.0 0.41620823592454964
76.0 124.0 0.36798175076103684
76.0 126.0 0.0
78.0 0.0 0.0
78.0 2.0 0.03625313522819728
78.0 4.0 0.02646438994266087
78.0 6.0 0.1205465711433316
78.0 8.0 0.21628457046291136
78.0 10.0 0.26736572212805126
78.0 12.0 0.25293924654945904
78.0 14.0 0.15758394937323292
78.0 16.0 0.0599940248504259
78.0 18.0 2.8943870831831474E-4
78.0 20.0 0.0
78.0 22.0 0.0
78.0 24.0 0.0
78.0 26.0 0.0
78.0 28.0 0.0
78.0 30.0 0.002018476350994793
78.0 32.0 0.0031641423745123504
78.0 34.0 0.0
78.0 36.0 0.0
78.0 38.0 0.0
78.0 40.0 0.0
78.0 42.0 0.0
78.0 44.0 0.0
78.0 46.0 0.0
78.0 48.0 0.0
78.0 50.0 0.0
78.0 52.0 0.0
78.0 54.0 0.0
78.0 56.0 0.0
78.0 58.0 0.0
78.0 60.0 0.0
78.0 62.0 0.008762919886921962
78.0 64.0 0.07383033829013898
78.0 66.0 0.10870790327564288
78.0 68.0 0.11953903350092077
78.0 70.0 0.11583547863820609
78.0 72.0 0.11326676797672532
78.0 74.0 0.09957892087591257
78.0 76.0 0.08085454626532675
78.0 78.0 0.06311217794396516
78.0 80.0 0.04299840654743015
78.0 82.0 0.019473061129755123
78.0 84.0 0.005037180945653113
78.0 86.0 0.0
78.0 88.0 0.0
78.0 90.0 0.0
78.0 92.0 0.0
78.0 94.0 0.0
78.0 96.0 0.0
78.0 98.0 0.0
78.0 100.0 0.0
78.0 102.0 0.0
78.0 104.0 0.004463403318924415
78.0 106.0 0.036908882033672895
78.0 108.0 0.08194482386066222
78.0 110.0 0.12629939676593024
78.0 112.0 0.17125928534551782
78.0 114.0 0.25331377513165726
78.0 116.0 0.3181670030752914
78.0 118.0 0.3690413357539215
78.0 120.0 0.4016070939787159
78.0 122.0 0.41179708316644076
78.0 124.0 0.3403601866825439
78.0 126.0 0.0
80.0 0.0 0.0
80.0 2.0 0.0
80.0 4.0 0.21460217140967744
80.0 6.0 0.24932288609136652
80.0 8.0 0.29709525958917365
80.0 10.0 0.3172381636940727
80.0 12.0 0.2736367471841394
80.0 14.0 0.15549132758026793
80.0 16.0 0.022484736384918446
80.0 18.0 0.0
80.0 20.0 0.0
80.0 22.0 0.0
80.0 24.0 0.0
80.0 26.0 0.0
80.0 28.0 0.0
80.0 30.0 0.0
80.0 32.0 0.0
80.0 34.0 0.0
80.0 36.0 0.0
80.0 38.0 0.0
80.0 40.0 0.0
80.0 42.0 0.0
80.0 44.0 0.0
80.0 46.0 0.0
80.0 48.0 0.0
80.0 50.0 0.0
80.0 52.0 0.0
80.0 54.0 0.0
80.0 56.0 0.0
80.0 58.0 0.0
80.0 60.0 0.04770287421726898
80.0 62.0 0.14250601032849378
80.0 64.0 0.19631413924058239
80.0 66.0 0.22404516091774337
80.0 68.0 0.23003973716795834
80.0 70.0 0.22436249257564353
80.0 72.0 0.20531347945405243
80.0 74.0 0.17295200764709984
80.0 76.0 0.13471248809266537
80.0 78.0 0.1066413389940458
80.0 80.0 0.07115904434013243
80.0 82.0 0.02886936245675528
80.0 84.0 0.0
80.0 86.0 0.0
80.0 88.0 0.0
80.0 90.0 0.0
80.0 92.0 0.0
80.0 94.0 0.0
80.0 96.0 0.0
80.0 98.0 0.0
80.0 100.0 0.0
80.0 102.0 0.0
80.0 104.0 0.0
80.0 106.0 0.017702557793165766
80.0 108.0 0.07012734023061233
80.0 110.0 0.12212557340241054
80.0 112.0 0.1828162595245287
80.0 114.0 0.23592377204566728
80.0 116.0 0.29383406431045644
80.0 118.0 0.34609437792313935
80.0 120.0 0.3872342540580154
80.0 122.0 0.39285325768205004
80.0 124.0 0.29473058334470686
80.0 126.0 0.0
82.0 0.0 0.0
82.0 2.0 0.0
82.0 4.0 0.32799513479203984
82.0 6.0 0.3550023777805044
82.0 8.0 0.34270035208413363
82.0 10.0 0.32721305728743083
82.0 12.0 0.26695051303181344
82.0 14.0 0.1343566427333073
82.0 16.0 0.003629584807229377
82.0 18.0 0.0
82.0 20.0 0.0
82.0 22.0 0.0
82.0 24.0 0.0
82.0 26.0 0.0
82.0 28.0 0.0
82.0 30.0 0.0
82.0 32.0 0.0
82.0 34.0 0.0
82.0 36.0 0.0
82.0 38.0 0.0
82.0 40.0 0.0
82.0 42.0 0.0
82.0 44.0 0.0
82.0 46.0 0.0
82.0 48.0 0.0
82.0 50.0 0.0
82.0 52.0 0.0
82.0 54.0 0.0
82.0 56.0 0.002368735386099109
82.0 58.0 0.06238119071903469
82.0 60.0 0.16439124326779792
82.0 62.0 0.23618857057697315
82.0 64.0 0.2777650258241174
82.0 66.0 0.29811732000606334
82.0 68.0 0.3028486753517037
82.0 70.0 0.2939565085785814
82.0 72.0 0.26880138008464244
82.0 74.0 0.2247542173281478
82.0 76.0 0.18015133994859744
82.0 78.0 0.13559485695192794
82.0 80.0 0.08620687971595427
82.0 82.0 0.01670414487247012
82.0 84.0 0.0
82.0 86.0 0.0
82.0 88.0 0.0
82.0 90.0 0.0
82.0 92.0 0.0
82.0 94.0 0.0
82.0 96.0 0.0
82.0 98.0 0.0
82.0 100.0 0.0
82.0 102.0 0.0
82.0 104.0 0.0
82.0 106.0 0.0
82.0 108.0 0.023523945305554777
82.0 110.0 0.0825808393887383
82.0 112.0 0.1335335279816284
82.0 114.0 0.2076533472000427
82.0 116.0 0.2658423118967499
82.0 118.0 0.31419911104420917
82.0 120.0 0.3609057670198936
82.0 122.0 0.3594628193345389
82.0 124.0 0.2544572308978103
82.0 126.0 0.0
84.0 0.0 0.0
84.0 2.0 0.0
84.0 4.0 0.36837695203862947
84.0 6.0 0.3420053021809244
84.0 8.0 0.2944121364909104
84.0 10.0 0.26674965998227024
84.0 12.0 0.21496943257672452
84.0 14.0 0.11748270443870269
84.0 16.0 0.005788210618959955
84.0 18.0 0.0
84.0 20.0 0.0
84.0 22.0 0.0
84.0 24.0 0.0
84.0 26.0 0.0
84.0 28.0 0.0
84.0 30.0 0.0
84.0 32.0 0.0
84.0 34.0 0.0
84.0 36.0 0.0
84.0 38.0 0.0
84.0 40.0 0.0
84.0 42.0 0.0
84.0 44.0 0.0
84.0 46.0 0.0
84.0 48.0 5.181711637046541E-5
84.0 50.0 0.0
84.0 52.0 0.0
84.0 54.0 0.0029120800966007075
84.0 56.0 0.041614656237993666
84.0 58.0 0.13526889574326834
84.0 60.0 0.22347418774340258
84.0 62.0 0.276842711396075
84.0 64.0 0.309959998299178
84.0 66.0 0.33000741273668527
84.0 68.0 0.33562150089300613
84.0 70.0 0.3262958031299016
84.0 72.0 0.29699837967572745
84.0 74.0 0.2575084873620113
84.0 76.0 0.2119646608401028
84.0 78.0 0.15689332236832984
84.0 80.0 0.0950179870028906
84.0 82.0 0.014039699617359201
84.0 84.0 0.0
84.0 86.0 0.0
84.0 88.0 0.0
84.0 90.0 0.0
84.0 92.0 0.0
84.0 94.0 0.0
84.0 96.0 0.0
84.0 98.0 0.0
84.0 100.0 0.0
84.0 102.0 0.0
84.0 104.0 0.0
84.0 106.0 0.0
84.0 108.0 0.0
84.0 110.0 0.03507915771021019
84.0 112.0 0.1019345989241016
84.0 114.0 0.1537509588957969
84.0 116.0 0.23073189348834341
84.0 118.0 0.27660771080977903
84.0 120.0 0.3239605136058283
84.0 122.0 0.3286079090888225
84.0 124.0 0.0
84.0 126.0 0.0
86.0 0.0 0.0
86.0 2.0 0.0
86.0 4.0 0.0
86.0 6.0 0.38458803134857594
86.0 8.0 0.278110210045768
86.0 10.0 0.2322127328225083
86.0 12.0 0.18190827955058034
86.0 14.0 0.10709186372680773
86.0 16.0 0.010453999793688502
86.0 18.0 0.0
86.0 20.0 0.0
86.0 22.0 0.0
86.0 24.0 0.0
86.0 26.0 0.0
86.0 28.0 0.0
86.0 30.0 0.0
86.0 32.0 0.0
86.0 34.0 0.0
86.0 36.0 0.0
86.0 38.0 0.0
86.0 40.0 0.0
86.0 42.0 0.0
86.0 44.0 0.0
86.0 46.0 0.009458592053123674
86.0 48.0 0.01856806897230662
86.0 50.0 0.005505763271526053
86.0 52.0 0.017549860718066992
86.0 54.0 0.03295538837916713
86.0 56.0 0.09417098510395579
86.0 58.0 0.15258738125065432
86.0 60.0 0.21971601295544285
86.0 62.0 0.2738948726934917
86.0 64.0 0.30902550778522236
86.0 66.0 0.33249788759922866
86.0 68.0 0.3416547816138424
86.0 70.0 0.33570913836315625
86.0 72.0 0.3150101060772998
86.0 74.0 0.27332041932283774
86.0 76.0 0.21756121086600047
86.0 78.0 0.15732097135680617
86.0 80.0 0.08973233704246597
86.0 82.0 0.010878066916726326
86.0 84.0 0.0
86.0 86.0 0.0
86.0 88.0 0.0
86.0 90.0 0.0
86.0 92.0 0.0
86.0 94.0 0.0
86.0 96.0 0.0
86.0 98.0 0.0
86.0 100.0 0.0
86.0 102.0 0.0
86.0 104.0 0.0
86.0 106.0 0.0
86.0 108.0 0.0
86.0 110.0 0.0
86.0 112.0 0.05131570930903754
86.0 114.0 0.12051393168305986
86.0 116.0 0.19165402866258144
86.0 118.0 0.23628177178293855
86.0 120.0 0.2788949548611846
86.0 122.0 0.2898577180358343
86.0 124.0 0.0
86.0 126.0 0.0
88.0 0.0 0.0
88.0 2.0 0.0
88.0 4.0 0.0
88.0 6.0 0.285000283326549
88.0 8.0 0.1962131292410376
88.0 10.0 0.16127315262592118
88.0 12.0 0.12375444583995036
88.0 14.0 0.06681469661842822
88.0 16.0 0.006983115267422665
88.0 18.0 0.0
88.0 20.0 0.0
88.0 22.0 0.0
88.0 24.0 0.0
88.0 26.0 0.0
88.0 28.0 0.0
88.0 30.0 0.0
88.0 32.0 0.0
88.0 34.0 0.0
88.0 36.0 0.0
88.0 38.0 0.0
88.0 40.0 0.0
88.0 42.0 0.012701591785663416
88.0 44.0 0.032017108514717695
88.0 46.0 0.04463092706101707
88.0 48.0 0.039924488572226906
88.0 50.0 0.03997058385166986
88.0 52.0 0.04609830725441124
88.0 54.0 0.055653963276431496
88.0 56.0 0.0916213218018952
88.0 58.0 0.14724624426996932
88.0 60.0 0.2029593263081101
88.0 62.0 0.23638859571560925
88.0 64.0 0.2800221775515162
88.0 66.0 0.31209467031015226
88.0 68.0 0.3646975230615654
88.0 70.0 0.3703981517471792
88.0 72.0 0.33261311138885863
88.0 74.0 0.24572402216038192
88.0 76.0 0.21191711611071726
88.0 78.0 0.16425195066622236
88.0 80.0 0.12610062154945859
88.0 82.0 0.009943684583700247
88.0 84.0 0.0
88.0 86.0 0.0
88.0 88.0 0.0
88.0 90.0 0.0
88.0 92.0 0.0
88.0 94.0 0.0
88.0 96.0 0.0
88.0 98.0 0.0
88.0 100.0 0.0
88.0 102.0 0.0
88.0 104.0 0.0
88.0 106.0 0.0
88.0 108.0 0.0
88.0 110.0 0.0
88.0 112.0 0.0015232805722917677
88.0 114.0 0.07112797216915288
88.0 116.0 0.14467874267806197
88.0 118.0 0.17503007582401875
88.0 120.0 0.23081281272659934
88.0 122.0 0.2357384006186779
88.0 124.0 0.0
88.0 126.0 0.0
90.0 0.0 0.0
90.0 2.0 0.0
90.0 4.0 0.0
90.0 6.0 0.13772769755237863
90.0 8.0 0.11487132394180605
90.0 10.0 0.09130446850195569
90.0 12.0 0.06417494522496427
90.0 14.0 0.023729027039929126
90.0 16.0 5.958677191417662E-4
90.0 18.0 0.0
90.0 20.0 0.0
90.0 22.0 0.0
90.0 24.0 0.0
90.0 26.0 0.0
90.0 28.0 0.0
90.0 30.0 0.0
90.0 32.0 0.0
90.0 34.0 0.0
90.0 36.0 0.0055817301595583345
90.0 38.0 0.0163343201449804
90.0 40.0 0.04171222011349799
90.0 42.0 0.07201194266962745
90.0 44.0 0.0825688325520177
90.0 46.0 0.0926548353394201
90.0 48.0 0.0847306267068345
90.0 50.0 0.06713956327061983
90.0 52.0 0.047638672926855426
90.0 54.0 0.03843024510086516
90.0 56.0 0.04851612327751866
90.0 58.0 0.0811036420785732
90.0 60.0 0.1307960535223853
90.0 62.0 0.18304727579937233
90.0 64.0 0.23401843551289062
90.0 66.0 0.29339773842621125
90.0 68.0 0.3168090048144826
90.0 70.0 0.3171367098783682
90.0 72.0 0.30491416800652443
90.0 74.0 0.22602392243492633
90.0 76.0 0.2110998627498578
90.0 78.0 0.16940529471147556
90.0 80.0 0.12431445361219873
90.0 82.0 0.016408007634372734
90.0 84.0 0.0
90.0 86.0 0.0
90.0 88.0 0.0
90.0 90.0 0.0
90.0 92.0 0.0
90.0 94.0 0.0
90.0 96.0 0.0
90.0 98.0 0.0
90.0 100.0 0.0
90.0 102.0 0.0
90.0 104.0 0.0
90.0 106.0 0.0
90.0 108.0 0.0
90.0 110.0 0.0
90.0 112.0 0.0
90.0 114.0 0.009920139951071022
90.0 116.0 0.08388936125638165
90.0 118.0 0.15066830023439154
90.0 120.0 0.17991629137876522
90.0 122.0 0.0
90.0 124.0 0.0
90.0 126.0 0.0
92.0 0.0 0.0
92.0 2.0 0.0
92.0 4.0 0.0
92.0 6.0 0.0
92.0 8.0 0.032590898069336
92.0 10.0 0.029453688664714164
92.0 12.0 0.02365899383625736
92.0 14.0 0.007595763550062533
92.0 16.0 1.5747700580777127E-5
92.0 18.0 0.0
92.0 20.0 0.0
92.0 22.0 0.0
92.0 24.0 0.0
92.0 26.0 0.0
92.0 28.0 0.0
92.0 30.0 0.0
92.0 32.0 0.0
92.0 34.0 0.0048917766638646824
92.0 36.0 0.05318854733671575
92.0 38.0 0.10868220120205375
92.0 40.0 0.1630613901368162
92.0 42.0 0.20110334718884715
92.0 44.0 0.2081633365668375
92.0 46.0 0.18271199770216665
92.0 48.0 0.13506452524070928
92.0 50.0 0.07571205642609474
92.0 52.0 0.01853211476441747
92.0 54.0 0.0
92.0 56.0 0.0
92.0 58.0 0.001209606301726301
92.0 60.0 0.04111885733756472
92.0 62.0 0.09504127504884112
92.0 64.0 0.14959275519959916
92.0 66.0 0.1964698534899112
92.0 68.0 0.2105225100933488
92.0 70.0 0.22764107785398555
92.0 72.0 0.24379370307039905
92.0 74.0 0.19849224888174274
92.0 76.0 0.20065097349985295
92.0 78.0 0.17419800082972778
92.0 80.0 0.13786020197825485
92.0 82.0 0.04309616113371332
92.0 84.0 0.0
92.0 86.0 0.0
92.0 88.0 0.0
92.0 90.0 0.0
92.0 92.0 0.0
92.0 94.0 0.0
92.0 96.0 0.0
92.0 98.0 0.0
92.0 100.0 0.0
92.0 102.0 0.0
92.0 104.0 0.0
92.0 106.0 0.0
92.0 108.0 0.0
92.0 110.0 0.0
92.0 112.0 0.0
92.0 114.0 0.0
92.0 116.0 0.026421110014936407
92.0 118.0 0.08933447384182008
92.0 120.0 0.1186015879379827
92.0 122.0 0.0
92.0 124.0 0.0
92.0 126.0 0.0
94.0 0.0 0.0
94.0 2.0 0.0
94.0 4.0 0.0
94.0 6.0 0.0
94.0 8.0 0.013803233971864904
94.0 10.0 0.0
94.0 12.0 0.0
94.0 14.0 0.0
94.0 16.0 0.0
94.0 18.0 0.0
94.0 20.0 0.0
94.0 22.0 0.0
94.0 24.0 0.0
94.0 26.0 0.0
94.0 28.0 0.0
94.0 30.0 0.0
94.0 32.0 0.0
94.0 34.0 0.0465668499463961
94.0 36.0 0.14403150114644905
94.0 38.0 0.22882226131825115
94.0 40.0 0.30061616824788334
94.0 42.0 0.35367729485180743
94.0 44.0 0.35355356295020884
94.0 46.0 0.29986518070240686
94.0 48.0 0.1901629451442525
94.0 50.0 0.06406446342585938
94.0 52.0 0.002370190352022308
94.0 54.0 0.0
94.0 56.0 0.0
94.0 58.0 0.0
94.0 60.0 0.0
94.0 62.0 0.0
94.0 64.0 0.03580809792005469
94.0 66.0 0.057540424872531006
94.0 68.0 0.07749851844175312
94.0 70.0 0.10518514314293274
94.0 72.0 0.14970212385322712
94.0 74.0 0.15756722226466643
94.0 76.0 0.17203849095781298
94.0 78.0 0.1737800485244315
94.0 80.0 0.1469652585527992
94.0 82.0 0.08955647324596715
94.0 84.0 0.020416022200727513
94.0 86.0 0.0
94.0 88.0 0.0
94.0 90.0 0.0
94.0 92.0 0.0
94.0 94.0 0.0
94.0 96.0 0.0
94.0 98.0 0.0
94.0 100.0 0.0
94.0 102.0 0.0
94.0 104.0 0.0
94.0 106.0 0.0
94.0 108.0 0.0
94.0 110.0 0.0
94.0 112.0 0.0
94.0 114.0 0.0
94.0 116.0 0.0
94.0 118.0 0.021596930533342853
94.0 120.0 0.0
94.0 122.0 0.0
94.0 124.0 0.0
94.0 126.0 0.0
96.0 0.0 0.0
96.0 2.0 0.0
96.0 4.0 0.0
96.0 6.0 0.0
96.0 8.0 0.0
96.0 10.0 0.004773546610791033
96.0 12.0 0.0
96.0 14.0 0.0
96.0 16.0 0.0
96.0 18.0 0.0
96.0 20.0 0.0
96.0 22.0 0.0
96.0 24.0 0.0
96.0 26.0 0.0
96.0 28.0 0.0
96.0 30.0 0.0
96.0 32.0 0.016325095526934393
96.0 34.0 0.11524170424965174
96.0 36.0 0.23813877275060238
96.0 38.0 0.3393568796011089
96.0 40.0 0.4215311520765232
96.0 42.0 0.4620668138617811
96.0 44.0 0.4431505377680715
96.0 46.0 0.3656586077807166
96.0 48.0 0.2120363049679167
96.0 50.0 0.04339343944909668
96.0 52.0 0.0
96.0 54.0 0.0
96.0 56.0 0.0
96.0 58.0 0.0
96.0 60.0 0.0
96.0 62.0 0.0
96.0 64.0 0.0
96.0 66.0 0.0
96.0 68.0 0.0
96.0 70.0 0.011508166135736199
96.0 72.0 0.07072974533834923
96.0 74.0 0.12011560746311493
96.0 76.0 0.1441045439604737
96.0 78.0 0.14826004096273246
96.0 80.0 0.14458482630704167
96.0 82.0 0.11611336142361856
96.0 84.0 0.08767977561718789
96.0 86.0 0.01768723269394154
96.0 88.0 0.0
96.0 90.0 0.0
96.0 92.0 0.0
96.0 94.0 0.0
96.0 96.0 0.0
96.0 98.0 0.0
96.0 100.0 0.0
96.0 102.0 0.0
96.0 104.0 0.0
96.0 106.0 0.0
96.0 108.0 0.0
96.0 110.0 0.0
96.0 112.0 0.0
96.0 114.0 0.0
96.0 116.0 0.0
96.0 118.0 0.0
96.0 120.0 0.0
96.0 122.0 0.0
96.0 124.0 0.0
96.0 126.0 0.0
98.0 0.0 0.0
98.0 2.0 0.0
98.0 4.0 0.0
98.0 6.0 0.0
98.0 8.0 0.0
98.0 10.0 0.0
98.0 12.0 3.777274810664311E-4
98.0 14.0 0.0
98.0 16.0 0.0
98.0 18.0 0.0
98.0 20.0 0.0
98.0 22.0 0.0
98.0 24.0 0.0
98.0 26.0 0.0
98.0 28.0 0.0
98.0 30.0 0.001081510676598194
98.0 32.0 0.062349798308997485
98.0 34.0 0.17361460508572701
98.0 36.0 0.31579948867570923
98.0 38.0 0.43285206618276745
98.0 40.0 0.5042510416553125
98.0 42.0 0.5214709888006724
98.0 44.0 0.47992866796682704
98.0 46.0 0.38045497453623556
98.0 48.0 0.19384594079242326
98.0 50.0 0.028333387130164606
98.0 52.0 0.0
98.0 54.0 0.0
98.0 56.0 0.0
98.0 58.0 0.0
98.0 60.0 0.0
98.0 62.0 0.0
98.0 64.0 0.0
98.0 66.0 0.0
98.0 68.0 0.0
98.0 70.0 0.0
98.0 72.0 8.751465580140866E-4
98.0 74.0 0.04956824254657732
98.0 76.0 0.09347486981279014
98.0 78.0 0.12302938324696729
98.0 80.0 0.12976940262635614
98.0 82.0 0.13849499638352633
98.0 84.0 0.12031456718600932
98.0 86.0 0.0965368574836452
98.0 88.0 0.03182586761375182
98.0 90.0 0.0
98.0 92.0 0.0
98.0 94.0 0.0
98.0 96.0 0.0
98.0 98.0 0.0
98.0 100.0 0.0
98.0 102.0 0.0
98.0 104.0 0.0
98.0 106.0 0.0
98.0 108.0 0.0
98.0 110.0 0.0
98.0 112.0 0.0
98.0 114.0 0.0
98.0 116.0 0.0
98.0 118.0 0.0
98.0 120.0 0.0
98.0 122.0 0.0
98.0 124.0 0.0
98.0 126.0 0.0
100.0 0.0 0.0
100.0 2.0 0.0
100.0 4.0 0.0
100.0 6.0 0.0
100.0 8.0 0.0
100.0 10.0 0.0
100.0 12.0 0.0
100.0 14.0 0.0
100.0 16.0 0.0
100.0 18.0 0.0
100.0 20.0 0.0
100.0 22.0 0.0
100.0 24.0 0.0
100.0 26.0 0.0
100.0 28.0 0.0
100.0 30.0 0.004307289918288122
100.0 32.0 0.09999881373549857
100.0 34.0 0.25540910322416
100.0 36.0 0.3740947444204859
100.0 38.0 0.4988266978622731
100.0 40.0 0.5548614249349968
100.0 42.0 0.5484852968247228
100.0 44.0 0.48504946226067647
100.0 46.0 0.3594923215777068
100.0 48.0 0.14772572237866763
100.0 50.0 0.012443700715890883
100.0 52.0 0.0
100.0 54.0 0.0
100.0 56.0 0.0
100.0 58.0 0.0
100.0 60.0 0.0
100.0 62.0 0.0
100.0 64.0 0.0
100.0 66.0 0.0
100.0 68.0 0.0
100.0 70.0 0.0
100.0 72.0 0.0
100.0 74.0 0.005729960667015789
100.0 76.0 0.040629900968088425
100.0 78.0 0.08433614830831543
100.0 80.0 0.12325366347768026
100.0 82.0 0.15389468714356955
100.0 84.0 0.14967137415532855
100.0 86.0 0.13605675025897895
100.0 88.0 0.12424248958449673
100.0 90.0 0.047350331245176784
100.0 92.0 0.004878790897426999
100.0 94.0 0.0
100.0 96.0 0.0
100.0 98.0 0.0
100.0 100.0 0.0
100.0 102.0 0.0
100.0 104.0 0.0
100.0 106.0 0.0
100.0 108.0 0.0
100.0 110.0 0.0
100.0 112.0 0.0
100.0 114.0 0.0
100.0 116.0 0.0
100.0 118.0 0.0
100.0 120.0 0.0
100.0 122.0 0.0
100.0 124.0 0.0
100.0 126.0 0.0
102.0 0.0 0.0
102.0 2.0 0.0
102.0 4.0 0.0
102.0 6.0 0.0
102.0 8.0 0.0
102.0 10.0 0.0
102.0 12.0 0.0
102.0 14.0 0.0
102.0 16.0 0.0
102.0 18.0 0.0
102.0 20.0 0.0
102.0 22.0 0.0
102.0 24.0 0.0
102.0 26.0 0.0
102.0 28.0 0.0
102.0 30.0 0.03469934469189929
102.0 32.0 0.1635687965350702
102.0 34.0 0.2822226172758258
102.0 36.0 0.4573393379342055
102.0 38.0 0.5455698830687498
102.0 40.0 0.582125365543644
102.0 42.0 0.5561073215530831
102.0 44.0 0.4704682222545931
102.0 46.0 0.324609121231318
102.0 48.0 0.09584192161344808
102.0 50.0 3.745260392120162E-4
102.0 52.0 0.0
102.0 54.0 0.0
102.0 56.0 0.0
102.0 58.0 0.0
102.0 60.0 0.0
102.0 62.0 0.0
102.0 64.0 0.0
102.0 66.0 0.0
102.0 68.0 0.0
102.0 70.0 0.0
102.0 72.0 0.0
102.0 74.0 0.0028191896862007127
102.0 76.0 0.010764022229692811
102.0 78.0 0.03897490091459876
102.0 80.0 0.09651558833362617
102.0 82.0 0.14395459359999413
102.0 84.0 0.15457036345027816
102.0 86.0 0.1545591407623105
102.0 88.0 0.18086492745566674
102.0 90.0 0.14127305886575384
102.0 92.0 0.10656991741761568
102.0 94.0 0.04304087605146089
102.0 96.0 0.0
102.0 98.0 0.0
102.0 100.0 0.0
102.0 102.0 0.0
102.0 104.0 0.0
102.0 106.0 0.0
102.0 108.0 0.0
102.0 110.0 0.0
102.0 112.0 0.0
102.0 114.0 0.0
102.0 116.0 0.0
102.0 118.0 0.0
102.0 120.0 0.0
102.0 122.0 0.0
102.0 124.0 0.0
102.0 126.0 0.0
104.0 0.0 0.0
104.0 2.0 0.0
104.0 4.0 0.0
104.0 6.0 0.0
104.0 8.0 0.0
104.0 10.0 0.0
104.0 12.0 0.0
104.0 14.0 0.0
104.0 16.0 0.0
104.0 18.0 0.0
104.0 20.0 0.0
104.0 22.0 0.0
104.0 24.0 0.0
104.0 26.0 0.0
104.0 28.0 0.0
104.0 30.0 0.06086457642845078
104.0 32.0 0.21100036882290363
104.0 34.0 0.3447123895207735
104.0 36.0 0.5057581961130733
104.0 38.0 0.5759718130226799
104.0 40.0 0.5992205020054212
104.0 42.0 0.5535745236971533
104.0 44.0 0.4490850218155942
104.0 46.0 0.28267741941481167
104.0 48.0 0.05698366791696543
104.0 50.0 0.0
104.0 52.0 0.0
104.0 54.0 0.0
104.0 56.0 0.0
104.0 58.0 0.0
104.0 60.0 0.0
104.0 62.0 0.0
104.0 64.0 0.0
104.0 66.0 0.0
104.0 68.0 0.0
104.0 70.0 0.0
104.0 72.0 0.0
104.0 74.0 0.001178562695677488
104.0 76.0 0.006561342290936002
104.0 78.0 0.005903447481850448
104.0 80.0 0.06275034637748932
104.0 82.0 0.12907939039760882
104.0 84.0 0.1553603696694012
104.0 86.0 0.16020277956242515
104.0 88.0 0.20242502162247533
104.0 90.0 0.18337147058975548
104.0 92.0 0.18751726756419704
104.0 94.0 0.1391214005391553
104.0 96.0 0.02387606185154012
104.0 98.0 0.0
104.0 100.0 0.0
104.0 102.0 0.0
104.0 104.0 0.0
104.0 106.0 0.0
104.0 108.0 0.0
104.0 110.0 0.0
104.0 112.0 0.0
104.0 114.0 0.0
104.0 116.0 0.0
104.0 118.0 0.0
104.0 120.0 0.0
104.0 122.0 0.0
104.0 124.0 0.0
104.0 126.0 0.0
106.0 0.0 0.0
106.0 2.0 0.0
106.0 4.0 0.0
106.0 6.0 0.0
106.0 8.0 0.0
106.0 10.0 0.0
106.0 12.0 0.0
106.0 14.0 0.0
106.0 16.0 0.0
106.0 18.0 0.0
106.0 20.0 0.0
106.0 22.0 0.0
106.0 24.0 0.0
106.0 26.0 0.0
106.0 28.0 4.429414288685991E-5
106.0 30.0 0.09573931623310145
106.0 32.0 0.24787736955605247
106.0 34.0 0.37604091628162145
106.0 36.0 0.5161461245395751
106.0 38.0 0.6002427812991885
106.0 40.0 0.6100109828248351
106.0 42.0 0.5458816177802642
106.0 44.0 0.4222484010581044
106.0 46.0 0.23857227125010236
106.0 48.0 0.03050854097890517
106.0 50.0 0.0
106.0 52.0 0.0
106.0 54.0 0.0
106.0 56.0 0.0
106.0 58.0 0.0
106.0 60.0 0.0
106.0 62.0 0.0
106.0 64.0 0.0
106.0 66.0 0.0
106.0 68.0 0.0
106.0 70.0 0.0
106.0 72.0 0.0024415619262045797
106.0 74.0 0.009277724761505355
106.0 76.0 0.011408120601959419
106.0 78.0 0.006678772908291111
106.0 80.0 0.025568201786811368
106.0 82.0 0.11040574539696041
106.0 84.0 0.14698128818182699
106.0 86.0 0.15408176390493583
106.0 88.0 0.19441985440495424
106.0 90.0 0.19728742713238634
106.0 92.0 0.22838588076654268
106.0 94.0 0.19384474238954122
106.0 96.0 0.1008324189818331
106.0 98.0 0.0049762444797315656
106.0 100.0 0.0
106.0 102.0 0.0
106.0 104.0 0.0
106.0 106.0 0.0
106.0 108.0 0.0
106.0 110.0 0.0
106.0 112.0 0.0
106.0 114.0 0.0
106.0 116.0 0.0
106.0 118.0 0.0
106.0 120.0 0.0
106.0 122.0 0.0
106.0 124.0 0.0
106.0 126.0 0.0
108.0 0.0 0.0
108.0 2.0 0.0
108.0 4.0 0.0
108.0 6.0 0.0
108.0 8.0 0.0
108.0 10.0 0.0
108.0 12.0 0.0
108.0 14.0 0.0
108.0 16.0 0.0
108.0 18.0 0.0
108.0 20.0 0.0
108.0 22.0 0.0
108.0 24.0 0.0
108.0 26.0 0.0
108.0 28.0 0.005870151995312063
108.0 30.0 0.12384209735365627
108.0 32.0 0.26300111534305104
108.0 34.0 0.40015944582558455
108.0 36.0 0.509810966134664
108.0 38.0 0.5659839898891492
108.0 40.0 0.5794027260941176
108.0 42.0 0.516547624363048
108.0 44.0 0.38774761639333954
108.0 46.0 0.19937043848305006
108.0 48.0 0.010490662709160527
108.0 50.0 0.0
108.0 52.0 0.0
108.0 54.0 0.0
108.0 56.0 0.0
108.0 58.0 0.0
108.0 60.0 0.0
108.0 62.0 0.0
108.0 64.0 0.0
108.0 66.0 0.0
108.0 68.0 0.0
108.0 70.0 0.0
108.0 72.0 0.005349946939515994
108.0 74.0 0.027118623077239137
108.0 76.0 0.02177834912857037
108.0 78.0 0.01612551670584555
108.0 80.0 0.019704424236079102
108.0 82.0 0.09005268747301282
108.0 84.0 0.12938557249829788
108.0 86.0 0.13886784693161608
108.0 88.0 0.17102368497675366
108.0 90.0 0.20146583578743402
108.0 92.0 0.22189535455413203
108.0 94.0 0.21369994499728295
108.0 96.0 0.1609234539651701
108.0 98.0 0.025600839217630483
108.0 100.0 0.0
108.0 102.0 0.0
108.0 104.0 0.0
108.0 106.0 0.0
108.0 108.0 0.0
108.0 110.0 0.0
108.0 112.0 0.0
108.0 114.0 0.0
108.0 116.0 0.0
108.0 118.0 0.0
108.0 120.0 0.0
108.0 122.0 0.0
108.0 124.0 0.0
108.0 126.0 0.0
110.0 0.0 0.0
110.0 2.0 0.0
110.0 4.0 0.0
110.0 6.0 0.0
110.0 8.0 0.0
110.0 10.0 0.0
110.0 12.0 0.0
110.0 14.0 0.0
110.0 16.0 0.0
110.0 18.0 0.0
110.0 20.0 0.0
110.0 22.0 0.0
110.0 24.0 0.0
110.0 26.0 0.0
110.0 28.0 0.0
110.0 30.0 0.08814263802287868
110.0 32.0 0.2561767511058772
110.0 34.0 0.39185472550183703
110.0 36.0 0.5581666287875052
110.0 38.0 0.615479267128729
110.0 40.0 0.563966191197878
110.0 42.0 0.4940292550623726
110.0 44.0 0.3583543755889435
110.0 46.0 0.16445407441735074
110.0 48.0 0.0021713298671198595
110.0 50.0 0.0
110.0 52.0 0.0
110.0 54.0 0.0
110.0 56.0 0.0
110.0 58.0 0.0
110.0 60.0 0.0
110.0 62.0 0.0
110.0 64.0 0.0
110.0 66.0 0.0
110.0 68.0 0.0
110.0 70.0 0.0
110.0 72.0 0.01734620777371902
110.0 74.0 0.04181774305709196
110.0 76.0 0.03524917654273593
110.0 78.0 0.021570248032894142
110.0 80.0 0.015403532489034493
110.0 82.0 0.05687893654926964
110.0 84.0 0.10553847807631606
110.0 86.0 0.11974310533603168
110.0 88.0 0.14232600567754322
110.0 90.0 0.17040506273394804
110.0 92.0 0.19300770982535587
110.0 94.0 0.2153688452276046
110.0 96.0 0.18788528857831802
110.0 98.0 0.05693292735935385
110.0 100.0 0.0
110.0 102.0 0.0
110.0 104.0 0.0
110.0 106.0 0.0
110.0 108.0 0.0
110.0 110.0 0.0
110.0 112.0 0.0
110.0 114.0 0.0
110.0 116.0 0.0
110.0 118.0 0.0
110.0 120.0 0.0
110.0 122.0 0.0
110.0 124.0 0.0
110.0 126.0 0.0
112.0 0.0 0.0
112.0 2.0 0.0
112.0 4.0 0.0
112.0 6.0 0.0
112.0 8.0 0.0
112.0 10.0 0.0
112.0 12.0 0.0
112.0 14.0 0.0
112.0 16.0 0.0
112.0 18.0 0.0
112.0 20.0 0.0
112.0 22.0 0.0
112.0 24.0 0.0
112.0 26.0 0.0
112.0 28.0 0.0
112.0 30.0 0.0666244672249771
112.0 32.0 0.2108067105412642
112.0 34.0 0.3538333455392561
112.0 36.0 0.47317463465708137
112.0 38.0 0.5320741634908971
112.0 40.0 0.5086649422300549
112.0 42.0 0.4512208561048514
112.0 44.0 0.3231295961599665
112.0 46.0 0.14092133235708457
112.0 48.0 0.0015919960384725175
112.0 50.0 0.0
112.0 52.0 0.0
112.0 54.0 0.0
112.0 56.0 0.0
112.0 58.0 0.0
112.0 60.0 0.0
112.0 62.0 0.0
112.0 64.0 0.0
112.0 66.0 0.0
112.0 68.0 0.0
112.0 70.0 0.0
112.0 72.0 0.042222603649704794
112.0 74.0 0.06728162225165922
112.0 76.0 0.050990912958638696
112.0 78.0 0.026028494405625265
112.0 80.0 0.011554538646222768
112.0 82.0 0.02149642215358689
112.0 84.0 0.07161361597664932
112.0 86.0 0.08841933825789607
112.0 88.0 0.0958769296709141
112.0 90.0 0.12425009957602733
112.0 92.0 0.14229243459377372
112.0 94.0 0.17335564810251192
112.0 96.0 0.16186240205993166
112.0 98.0 0.041532110762593964
112.0 100.0 0.0
112.0 102.0 0.0
112.0 104.0 0.0
112.0 106.0 0.0
112.0 108.0 0.0
112.0 110.0 0.0
112.0 112.0 0.0
112.0 114.0 0.0
112.0 116.0 0.0
112.0 118.0 0.0
112.0 120.0 0.0
112.0 122.0 0.0
112.0 124.0 0.0
112.0 126.0 0.0
114.0 0.0 0.0
114.0 2.0 0.0
114.0 4.0 0.0
114.0 6.0 0.0
114.0 8.0 0.0
114.0 10.0 0.0
114.0 12.0 0.0
114.0 14.0 0.0
114.0 16.0 0.0
114.0 18.0 0.0
114.0 20.0 0.0
114.0 22.0 0.0
114.0 24.0 0.0
114.0 26.0 0.0
114.0 28.0 0.0
114.0 30.0 0.04927581240684004
114.0 32.0 0.15595196749657214
114.0 34.0 0.2858989180988613
114.0 36.0 0.41041132139988085
114.0 38.0 0.4727796416565428
114.0 40.0 0.4512990761138082
114.0 42.0 0.4074032687051717
114.0 44.0 0.290036307699728
114.0 46.0 0.12235793253264178
114.0 48.0 0.0013787534429798175
114.0 50.0 0.0
114.0 52.0 0.0
114.0 54.0 0.0
114.0 56.0 0.0
114.0 58.0 0.0
114.0 60.0 0.0
114.0 62.0 0.0
114.0 64.0 0.0
114.0 66.0 0.0
114.0 68.0 0.0
114.0 70.0 0.0
114.0 72.0 0.04232349105740404
114.0 74.0 0.0885910144098269
114.0 76.0 0.07747721527034708
114.0 78.0 0.03369091567486746
114.0 80.0 0.008708049843432942
114.0 82.0 0.0
114.0 84.0 0.02843935411682973
114.0 86.0 0.046864818976586425
114.0 88.0 0.05068509712628604
114.0 90.0 0.0693906866689603
114.0 92.0 0.06350901679698652
114.0 94.0 0.08835629139171124
114.0 96.0 0.08185436907208589
114.0 98.0 0.005371138905610517
114.0 100.0 0.0
114.0 102.0 0.0
114.0 104.0 0.0
114.0 106.0 0.0
114.0 108.0 0.0
114.0 110.0 0.0
114.0 112.0 0.0
114.0 114.0 0.0
114.0 116.0 0.0
114.0 118.0 0.0
114.0 120.0 0.0
114.0 122.0 0.0
114.0 124.0 0.0
114.0 126.0 0.0
116.0 0.0 0.0
116.0 2.0 0.0
116.0 4.0 0.0
116.0 6.0 0.0
116.0 8.0 0.0
116.0 10.0 0.0
116.0 12.0 0.0
116.0 14.0 0.0
116.0 16.0 0.0
116.0 18.0 0.0
116.0 20.0 0.0
116.0 22.0 0.0
116.0 24.0 0.0
116.0 26.0 0.0
116.0 28.0 0.019878578071103825
116.0 30.0 0.06275054926488376
116.0 32.0 0.1346407277500539
116.0 34.0 0.23715140013411587
116.0 36.0 0.3811911625882207
116.0 38.0 0.4397660861986874
116.0 40.0 0.41151554758624176
116.0 42.0 0.36974615436858804
116.0 44.0 0.25823819294956957
116.0 46.0 0.10243995470791371
116.0 48.0 9.081819136281376E-4
116.0 50.0 0.0
116.0 52.0 0.0
116.0 54.0 0.0
116.0 56.0 0.0
116.0 58.0 0.0
116.0 60.0 0.0
116.0 62.0 0.0
116.0 64.0 0.0
116.0 66.0 0.0
116.0 68.0 0.0
116.0 70.0 0.008097287663369455
116.0 72.0 0.05649943838297595
116.0 74.0 0.08879711877953946
116.0 76.0 0.09755609310535236
116.0 78.0 0.056638483156374715
116.0 80.0 0.008700851388536029
116.0 82.0 0.0
116.0 84.0 3.266798179196264E-4
116.0 86.0 0.006483592548789981
116.0 88.0 0.005765975963986602
116.0 90.0 0.01542196540013769
116.0 92.0 0.004408238103883125
116.0 94.0 2.6489615263698246E-4
116.0 96.0 0.0
116.0 98.0 0.0
116.0 100.0 0.0
116.0 102.0 0.0
116.0 104.0 0.0
116.0 106.0 0.0
116.0 108.0 0.0
116.0 110.0 0.0
116.0 112.0 0.0
116.0 114.0 0.0
116.0 116.0 0.0
116.0 118.0 0.0
116.0 120.0 0.0
116.0 122.0 0.0
116.0 124.0 0.0
116.0 126.0 0.0
118.0 0.0 0.0
118.0 2.0 0.0
118.0 4.0 0.0
118.0 6.0 0.0
118.0 8.0 0.0
118.0 10.0 0.0
118.0 12.0 0.0
118.0 14.0 0.0
118.0 16.0 0.0
118.0 18.0 0.0
118.0 20.0 0.0
118.0 22.0 0.0
118.0 24.0 0.0
118.0 26.0 0.0
118.0 28.0 0.0
118.0 30.0 0.0
118.0 32.0 0.12097949963836833
118.0 34.0 0.23726550073437744
118.0 36.0 0.3076001758542843
118.0 38.0 0.3663689975206208
118.0 40.0 0.3725391115358134
118.0 42.0 0.3070018478362166
118.0 44.0 0.22744699534198146
118.0 46.0 0.09784838178458173
118.0 48.0 0.0020359916801959577
118.0 50.0 0.0
118.0 52.0 0.0
118.0 54.0 0.0
118.0 56.0 0.0
118.0 58.0 0.0
118.0 60.0 0.0
118.0 62.0 0.0
118.0 64.0 0.0
118.0 66.0 0.0
118.0 68.0 0.0
118.0 70.0 0.027008942299137192
118.0 72.0 0.0920166951690594
118.0 74.0 0.11496519283249966
118.0 76.0 0.11498723697605434
118.0 78.0 0.09326472613326635
118.0 80.0 0.017451569325838287
118.0 82.0 0.0
118.0 84.0 0.0
118.0 86.0 0.0
118.0 88.0 0.0
118.0 90.0 0.0
118.0 92.0 0.0
118.0 94.0 0.0
118.0 96.0 0.0
118.0 98.0 0.0
118.0 100.0 0.0
118.0 102.0 0.0
118.0 104.0 0.0
118.0 106.0 0.0
118.0 108.0 0.0
118.0 110.0 0.0
118.0 112.0 0.0
118.0 114.0 0.0
118.0 116.0 0.0
118.0 118.0 0.0
118.0 120.0 0.0
118.0 122.0 0.0
118.0 124.0 0.0
118.0 126.0 0.0
120.0 0.0 0.0
120.0 2.0 0.0
120.0 4.0 0.0
120.0 6.0 0.0
120.0 8.0 0.0
120.0 10.0 0.0
120.0 12.0 0.0
120.0 14.0 0.0
120.0 16.0 0.0
120.0 18.0 0.0
120.0 20.0 0.0
120.0 22.0 0.0
120.0 24.0 0.0
120.0 26.0 0.0
120.0 28.0 0.0
120.0 30.0 0.0
120.0 32.0 0.0
120.0 34.0 0.0
120.0 36.0 0.21860651078147889
120.0 38.0 0.37540620817665693
120.0 40.0 0.3315954329961999
120.0 42.0 0.27446247777546745
120.0 44.0 0.19781662276059608
120.0 46.0 0.09274645575374592
120.0 48.0 0.0037407578032735895
120.0 50.0 0.0
120.0 52.0 0.0
120.0 54.0 0.0
120.0 56.0 0.0
120.0 58.0 0.0
120.0 60.0 0.0
120.0 62.0 0.0
120.0 64.0 0.0
120.0 66.0 0.0
120.0 68.0 0.01507563981822411
120.0 70.0 0.08308604420288672
120.0 72.0 0.13152038315797956
120.0 74.0 0.14650474264060853
120.0 76.0 0.13639090474787277
120.0 78.0 0.10428828881077289
120.0 80.0 0.03875835427441077
120.0 82.0 0.0
120.0 84.0 0.0
120.0 86.0 0.0
120.0 88.0 0.0
120.0 90.0 0.0
120.0 92.0 0.0
120.0 94.0 0.0
120.0 96.0 0.0
120.0 98.0 0.0
120.0 100.0 0.0
120.0 102.0 0.0
120.0 104.0 0.0
120.0 106.0 0.0
120.0 108.0 0.0
120.0 110.0 0.0
120.0 112.0 0.0
120.0 114.0 0.0
120.0 116.0 0.0
120.0 118.0 0.0
120.0 120.0 0.0
120.0 122.0 0.0
120.0 124.0 0.0
120.0 126.0 0.0
122.0 0.0 0.0
122.0 2.0 0.0
122.0 4.0 0.0
122.0 6.0 0.0
122.0 8.0 0.0
122.0 10.0 0.0
122.0 12.0 0.0
122.0 14.0 0.0
122.0 16.0 0.0
122.0 18.0 0.0
122.0 20.0 0.0
122.0 22.0 0.0
122.0 24.0 0.0
122.0 26.0 0.0
122.0 28.0 0.0
122.0 30.0 0.0
122.0 32.0 0.0
122.0 34.0 0.0
122.0 36.0 0.0
122.0 38.0 0.0
122.0 40.0 0.08725603069851261
122.0 42.0 0.15133664481990164
122.0 44.0 0.1293085333750001
122.0 46.0 0.061783926941587325
122.0 48.0 0.003900687488430091
122.0 50.0 0.0
122.0 52.0 0.0
122.0 54.0 0.0
122.0 56.0 0.0
122.0 58.0 0.0
122.0 60.0 0.0
122.0 62.0 0.0
122.0 64.0 0.0
122.0 66.0 0.0
122.0 68.0 0.04613280320476134
122.0 70.0 0.1245793865224996
122.0 72.0 0.16690685056971333
122.0 74.0 0.17358772474309514
122.0 76.0 0.15472719307320218
122.0 78.0 0.11241057947064
122.0 80.0 0.05494669248673465
122.0 82.0 0.0
122.0 84.0 0.0
122.0 86.0 0.0
122.0 88.0 0.0
122.0 90.0 0.0
122.0 92.0 0.0
122.0 94.0 0.0
122.0 96.0 0.0
122.0 98.0 0.0
122.0 100.0 0.0
122.0 102.0 0.0
122.0 104.0 0.0
122.0 106.0 0.0
122.0 108.0 0.0
122.0 110.0 0.0
122.0 112.0 0.0
122.0 114.0 0.0
122.0 116.0 0.0
122.0 118.0 0.0
122.0 120.0 0.0
122.0 122.0 0.0
122.0 124.0 0.0
122.0 126.0 0.0
124.0 0.0 0.0
124.0 2.0 0.0
124.0 4.0 0.0
124.0 6.0 0.0
124.0 8.0 0.0
124.0 10.0 0.0
124.0 12.0 0.0
124.0 14.0 0.0
124.0 16.0 0.0
124.0 18.0 0.0
124.0 20.0 0.0
124.0 22.0 0.0
124.0 24.0 0.0
124.0 26.0 0.0
124.0 28.0 0.0
124.0 30.0 0.0
124.0 32.0 0.0
124.0 34.0 0.0
124.0 36.0 0.0
124.0 38.0 0.0
124.0 40.0 0.0
124.0 42.0 0.0
124.0 44.0 0.0
124.0 46.0 0.0
124.0 48.0 0.0
124.0 50.0 0.0
124.0 52.0 0.0
124.0 54.0 0.0
124.0 56.0 0.0
124.0 58.0 0.0
124.0 60.0 0.0
124.0 62.0 0.0
124.0 64.0 0.0
124.0 66.0 0.0033942799623727965
124.0 68.0 0.08715167607181025
124.0 70.0 0.16243757728045055
124.0 72.0 0.20004473908729611
124.0 74.0 0.20006417449438782
124.0 76.0 0.17288074454207011
124.0 78.0 0.11229071199567142
124.0 80.0 0.05656570389264016
124.0 82.0 9.820994167195239E-4
124.0 84.0 0.0
124.0 86.0 0.0
124.0 88.0 0.0
124.0 90.0 0.0
124.0 92.0 0.0
124.0 94.0 0.0
124.0 96.0 0.0
124.0 98.0 0.0
124.0 100.0 0.0
124.0 102.0 0.0
124.0 104.0 0.0
124.0 106.0 0.0
124.0 108.0 0.0
124.0 110.0 0.0
124.0 112.0 0.0
124.0 114.0 0.0
124.0 116.0 0.0
124.0 118.0 0.0
124.0 120.0 0.0
124.0 122.0 0.0
124.0 124.0 0.0
124.0 126.0 0.0
126.0 0.0 0.0
126.0 2.0 0.0
126.0 4.0 0.0
126.0 6.0 0.0
126.0 8.0 0.0
126.0 10.0 0.0
126.0 12.0 0.0
126.0 14.0 0.0
126.0 16.0 0.0
126.0 18.0 0.0
126.0 20.0 0.0
126.0 22.0 0.0
126.0 24.0 0.0
126.0 26.0 0.0
126.0 28.0 0.0
126.0 30.0 0.0
126.0 32.0 0.0
126.0 34.0 0.0
126.0 36.0 0.0
126.0 38.0 0.0
126.0 40.0 0.0
126.0 42.0 0.0
126.0 44.0 0.0
126.0 46.0 0.0
126.0 48.0 0.0
126.0 50.0 0.0
126.0 52.0 0.0
126.0 54.0 0.0
126.0 56.0 0.0
126.0 58.0 0.0
126.0 60.0 0.0
126.0 62.0 0.0
126.0 64.0 1.8858532964006935E-4
126.0 66.0 0.07906514131935001
126.0 68.0 0.16015365994042288
126.0 70.0 0.2193392822229641
126.0 72.0 0.241659962947355
126.0 74.0 0.21672826660824784
126.0 76.0 0.0
126.0 78.0 0.0
126.0 80.0 0.0
126.0 82.0 0.0
126.0 84.0 0.0
126.0 86.0 0.0
126.0 88.0 0.0
126.0 90.0 0.0
126.0 92.0 0.0
126.0 94.0 0.0
126.0 96.0 0.0
126.0 98.0 0.0
126.0 100.0 0.0
126.0 102.0 0.0
126.0 104.0 0.0
126.0 106.0 0.0
126.0 108.0 0.0
126.0 110.0 0.0
126.0 112.0 0.0
126.0 114.0 0.0
126.0 116.0 0.0
126.0 118.0 0.0
126.0 120.0 0.0
126.0 122.0 0.0
126.0 124.0 0.0
126.0 126.0 0.0
