0.0 0.0 0.0
0.0 2.0 0.0
0.0 4.0 0.0
0.0 6.0 0.0
0.0 8.0 0.0
0.0 10.0 0.0
0.0 12.0 0.0
0.0 14.0 0.0
0.0 16.0 0.0
0.0 18.0 0.0
0.0 20.0 0.0
0.0 22.0 0.0
0.0 24.0 0.0
0.0 26.0 0.0
0.0 28.0 0.0
0.0 30.0 0.0
0.0 32.0 0.0
0.0 34.0 0.0
0.0 36.0 0.0
0.0 38.0 0.0
0.0 40.0 0.0
0.0 42.0 0.0
0.0 44.0 0.0
0.0 46.0 0.0
0.0 48.0 0.0
0.0 50.0 0.0
0.0 52.0 0.0
0.0 54.0 0.0
0.0 56.0 0.0
0.0 58.0 0.0
0.0 60.0 0.0
0.0 62.0 0.0
0.0 64.0 0.0
0.0 66.0 0.0
0.0 68.0 0.0
0.0 70.0 0.0
0.0 72.0 0.0
0.0 74.0 0.0
0.0 76.0 0.0
0.0 78.0 0.0
0.0 80.0 0.0
0.0 82.0 0.0
0.0 84.0 0.0
0.0 86.0 0.0
0.0 88.0 0.0
0.0 90.0 0.0
0.0 92.0 0.0
0.0 94.0 0.0
0.0 96.0 0.0
0.0 98.0 0.0
0.0 100.0 0.0
0.0 102.0 0.0
0.0 104.0 0.0
0.0 106.0 0.0
0.0 108.0 0.0
0.0 110.0 0.0
0.0 112.0 0.0
0.0 114.0 0.0
0.0 116.0 0.0
0.0 118.0 0.0
0.0 120.0 0.0
0.0 122.0 0.0
0.0 124.0 0.0
0.0 126.0 0.0
2.0 0.0 0.0
2.0 2.0 0.0
2.0 4.0 0.0
2.0 6.0 0.0
2.0 8.0 0.0
2.0 10.0 0.0
2.0 12.0 0.0
2.0 14.0 0.0
2.0 16.0 0.0
2.0 18.0 0.0
2.0 20.0 0.0
2.0 22.0 0.0
2.0 24.0 0.0
2.0 26.0 0.0
2.0 28.0 0.0
2.0 30.0 0.0
2.0 32.0 0.0
2.0 34.0 0.0
2.0 36.0 0.0
2.0 38.0 0.0
2.0 40.0 0.0
2.0 42.0 0.0
2.0 44.0 0.0
2.0 46.0 0.0
2.0 48.0 0.005174539956903466
2.0 50.0 0.0
2.0 52.0 0.0
2.0 54.0 0.0
2.0 56.0 0.0
2.0 58.0 0.0
2.0 60.0 0.0
2.0 62.0 0.0
2.0 64.0 0.0
2.0 66.0 0.0
2.0 68.0 0.007988912113835431
2.0 70.0 0.04518587616162412
2.0 72.0 0.11875081322822452
2.0 74.0 0.22136133616802697
2.0 76.0 0.3176611321262423
2.0 78.0 0.3789797322852119
2.0 80.0 0.0
2.0 82.0 0.0
2.0 84.0 0.0
2.0 86.0 0.0
2.0 88.0 0.0
2.0 90.0 0.0
2.0 92.0 0.0
2.0 94.0 0.0
2.0 96.0 0.0
2.0 98.0 0.0
2.0 100.0 0.0
2.0 102.0 0.0
2.0 104.0 0.0
2.0 106.0 0.0
2.0 108.0 0.0
2.0 110.0 0.0
2.0 112.0 0.0
2.0 114.0 0.0
2.0 116.0 0.0
2.0 118.0 0.0
2.0 120.0 0.0
2.0 122.0 0.0
2.0 124.0 0.0
2.0 126.0 0.0
4.0 0.0 0.0
4.0 2.0 0.0
4.0 4.0 0.0
4.0 6.0 0.0
4.0 8.0 0.0
4.0 10.0 0.0
4.0 12.0 0.0
4.0 14.0 0.0
4.0 16.0 0.0
4.0 18.0 0.0
4.0 20.0 0.0
4.0 22.0 0.0
4.0 24.0 0.0
4.0 26.0 0.0
4.0 28.0 0.0
4.0 30.0 0.0
4.0 32.0 0.0
4.0 34.0 0.0
4.0 36.0 0.0
4.0 38.0 0.0
4.0 40.0 0.0
4.0 42.0 0.07803223061371926
4.0 44.0 0.0
4.0 46.0 0.0
4.0 48.0 0.0
4.0 50.0 0.0
4.0 52.0 0.0
4.0 54.0 0.0
4.0 56.0 0.0
4.0 58.0 0.0
4.0 60.0 0.0
4.0 62.0 0.0
4.0 64.0 0.0
4.0 66.0 0.001415943612066129
4.0 68.0 0.015638894527645445
4.0 70.0 0.04813017643745992
4.0 72.0 0.1139284618066491
4.0 74.0 0.22108721007591772
4.0 76.0 0.31935800552936805
4.0 78.0 0.3831276593347574
4.0 80.0 0.4048823645342626
4.0 82.0 0.4311432718938169
4.0 84.0 0.49186681195773696
4.0 86.0 0.0
4.0 88.0 0.0
4.0 90.0 0.0
4.0 92.0 0.0
4.0 94.0 0.0
4.0 96.0 0.0
4.0 98.0 0.0
4.0 100.0 0.0
4.0 102.0 0.0
4.0 104.0 0.0
4.0 106.0 0.0
4.0 108.0 0.0
4.0 110.0 0.0
4.0 112.0 0.0
4.0 114.0 0.0
4.0 116.0 0.0
4.0 118.0 0.0
4.0 120.0 0.0
4.0 122.0 0.0
4.0 124.0 0.0
4.0 126.0 0.0
6.0 0.0 0.0
6.0 2.0 0.0
6.0 4.0 0.0
6.0 6.0 0.0
6.0 8.0 0.0
6.0 10.0 0.0
6.0 12.0 0.0
6.0 14.0 0.0
6.0 16.0 0.0
6.0 18.0 0.0
6.0 20.0 0.0
6.0 22.0 0.0
6.0 24.0 0.0
6.0 26.0 0.0
6.0 28.0 0.0
6.0 30.0 0.0
6.0 32.0 0.0
6.0 34.0 0.0
6.0 36.0 0.0
6.0 38.0 0.07121247965726579
6.0 40.0 0.0
6.0 42.0 0.0
6.0 44.0 0.0
6.0 46.0 0.0
6.0 48.0 0.0
6.0 50.0 0.0
6.0 52.0 0.0
6.0 54.0 0.0
6.0 56.0 0.0
6.0 58.0 0.0
6.0 60.0 0.0
6.0 62.0 0.0
6.0 64.0 0.0
6.0 66.0 4.2375814471576806E-4
6.0 68.0 0.015232262459716978
6.0 70.0 0.046699106283997566
6.0 72.0 0.10364843683029974
6.0 74.0 0.21658926765813277
6.0 76.0 0.32312823431627336
6.0 78.0 0.3932530535125469
6.0 80.0 0.4236790212161367
6.0 82.0 0.4354728172154893
6.0 84.0 0.4881110454961068
6.0 86.0 0.4873562504955132
6.0 88.0 0.40204947576517175
6.0 90.0 0.15346770420603467
6.0 92.0 0.0
6.0 94.0 0.0
6.0 96.0 0.0
6.0 98.0 0.0
6.0 100.0 0.0
6.0 102.0 0.0
6.0 104.0 0.0
6.0 106.0 0.0
6.0 108.0 0.0
6.0 110.0 0.0
6.0 112.0 0.0
6.0 114.0 0.0
6.0 116.0 0.0
6.0 118.0 0.0
6.0 120.0 0.0
6.0 122.0 0.0
6.0 124.0 0.0
6.0 126.0 0.0
8.0 0.0 0.0
8.0 2.0 0.0
8.0 4.0 0.0
8.0 6.0 0.0
8.0 8.0 0.0
8.0 10.0 0.0
8.0 12.0 0.0
8.0 14.0 0.0
8.0 16.0 0.0
8.0 18.0 0.0
8.0 20.0 0.0
8.0 22.0 0.0
8.0 24.0 0.0
8.0 26.0 0.0
8.0 28.0 0.0
8.0 30.0 0.0
8.0 32.0 0.0
8.0 34.0 0.0
8.0 36.0 0.0
8.0 38.0 0.0
8.0 40.0 0.0
8.0 42.0 0.0
8.0 44.0 0.0
8.0 46.0 0.0
8.0 48.0 0.0
8.0 50.0 0.0
8.0 52.0 1.86551137038838E-4
8.0 54.0 0.0
8.0 56.0 0.0
8.0 58.0 0.0
8.0 60.0 0.0
8.0 62.0 0.0
8.0 64.0 0.0
8.0 66.0 1.0138589600248808E-4
8.0 68.0 0.014550548060250475
8.0 70.0 0.03791543135614709
8.0 72.0 0.09713483221975532
8.0 74.0 0.21026743768482017
8.0 76.0 0.325192130299035
8.0 78.0 0.4054631982968755
8.0 80.0 0.4371934439020643
8.0 82.0 0.4324501889304828
8.0 84.0 0.47135973578259427
8.0 86.0 0.48280611323732603
8.0 88.0 0.4203842637258806
8.0 90.0 0.20974238520611133
8.0 92.0 0.0
8.0 94.0 0.0
8.0 96.0 0.0
8.0 98.0 0.0
8.0 100.0 0.0
8.0 102.0 0.0
8.0 104.0 0.0
8.0 106.0 0.0
8.0 108.0 0.0
8.0 110.0 0.0
8.0 112.0 0.0
8.0 114.0 0.0
8.0 116.0 0.0
8.0 118.0 0.0
8.0 120.0 0.0
8.0 122.0 0.0
8.0 124.0 0.0
8.0 126.0 0.0
10.0 0.0 0.0
10.0 2.0 0.0
10.0 4.0 0.0
10.0 6.0 0.0
10.0 8.0 0.0
10.0 10.0 0.0
10.0 12.0 0.0
10.0 14.0 0.0
10.0 16.0 0.0
10.0 18.0 0.0
10.0 20.0 0.0
10.0 22.0 0.0
10.0 24.0 0.0
10.0 26.0 0.0
10.0 28.0 0.0
10.0 30.0 0.0
10.0 32.0 0.0
10.0 34.0 0.0
10.0 36.0 0.0
10.0 38.0 0.0
10.0 40.0 0.0
10.0 42.0 0.0
10.0 44.0 8.773992547369431E-4
10.0 46.0 0.008176252562027772
10.0 48.0 0.0137989972463785
10.0 50.0 0.008540563322952688
10.0 52.0 0.0013171005203310984
10.0 54.0 0.0
10.0 56.0 0.0
10.0 58.0 0.0
10.0 60.0 0.0
10.0 62.0 0.0
10.0 64.0 0.0
10.0 66.0 0.0
10.0 68.0 0.007393127939459944
10.0 70.0 0.027495851714725714
10.0 72.0 0.08173213598607326
10.0 74.0 0.19841833754125637
10.0 76.0 0.31917246976595665
10.0 78.0 0.413654220993595
10.0 80.0 0.4254072468626699
10.0 82.0 0.43067756341328584
10.0 84.0 0.4601807384523524
10.0 86.0 0.4676342204441089
10.0 88.0 0.4268667640594113
10.0 90.0 0.23690596015323254
10.0 92.0 1.768033967872131E-4
10.0 94.0 0.0
10.0 96.0 0.0
10.0 98.0 0.0
10.0 100.0 0.0
10.0 102.0 0.0
10.0 104.0 0.0
10.0 106.0 0.0
10.0 108.0 0.0
10.0 110.0 0.0
10.0 112.0 0.0
10.0 114.0 0.0
10.0 116.0 0.0
10.0 118.0 0.0
10.0 120.0 0.0
10.0 122.0 0.0
10.0 124.0 0.0
10.0 126.0 0.0
12.0 0.0 0.0
12.0 2.0 0.0
12.0 4.0 0.0
12.0 6.0 0.0
12.0 8.0 0.0
12.0 10.0 0.0
12.0 12.0 0.0
12.0 14.0 0.0
12.0 16.0 0.0
12.0 18.0 0.0
12.0 20.0 0.0
12.0 22.0 0.0
12.0 24.0 0.0
12.0 26.0 0.0
12.0 28.0 0.0
12.0 30.0 0.0
12.0 32.0 0.0
12.0 34.0 0.0
12.0 36.0 0.0
12.0 38.0 0.0
12.0 40.0 0.0
12.0 42.0 0.0
12.0 44.0 0.02478375625741802
12.0 46.0 0.06345351601707226
12.0 48.0 0.0581498111660358
12.0 50.0 0.025752555388965533
12.0 52.0 0.0016957235948749404
12.0 54.0 0.0
12.0 56.0 0.0
12.0 58.0 0.0
12.0 60.0 0.0
12.0 62.0 0.0
12.0 64.0 0.0
12.0 66.0 0.0
12.0 68.0 0.0014231573444540761
12.0 70.0 0.01108264832139263
12.0 72.0 0.05363949446752589
12.0 74.0 0.1617734028126338
12.0 76.0 0.296941420485151
12.0 78.0 0.40099288546368017
12.0 80.0 0.4517361256941146
12.0 82.0 0.43155362110767254
12.0 84.0 0.43260748734844284
12.0 86.0 0.45123085039140537
12.0 88.0 0.3919295258166014
12.0 90.0 0.25522122160822563
12.0 92.0 0.00770063233457362
12.0 94.0 0.0
12.0 96.0 0.0
12.0 98.0 0.0
12.0 100.0 0.0
12.0 102.0 0.0
12.0 104.0 0.0
12.0 106.0 0.0
12.0 108.0 0.0
12.0 110.0 0.0
12.0 112.0 0.0
12.0 114.0 0.0
12.0 116.0 0.0
12.0 118.0 0.0
12.0 120.0 0.0
12.0 122.0 0.0
12.0 124.0 0.0
12.0 126.0 0.0
14.0 0.0 0.0
14.0 2.0 0.0
14.0 4.0 0.0
14.0 6.0 0.0
14.0 8.0 0.0
14.0 10.0 0.0
14.0 12.0 0.0
14.0 14.0 0.0
14.0 16.0 0.0
14.0 18.0 0.0
14.0 20.0 0.0
14.0 22.0 0.0
14.0 24.0 0.0
14.0 26.0 0.0
14.0 28.0 0.0
14.0 30.0 0.0
14.0 32.0 0.0
14.0 34.0 0.0
14.0 36.0 0.004737016904275117
14.0 38.0 0.019079987309973123
14.0 40.0 0.036445895207137056
14.0 42.0 0.07614455540176934
14.0 44.0 0.13724687724367468
14.0 46.0 0.13581817535489502
14.0 48.0 0.10960924368176693
14.0 50.0 0.05651193979130394
14.0 52.0 7.622052452201476E-4
14.0 54.0 0.0
14.0 56.0 0.0
14.0 58.0 0.0
14.0 60.0 0.0
14.0 62.0 0.0
14.0 64.0 0.0
14.0 66.0 0.0
14.0 68.0 0.0
14.0 70.0 0.0
14.0 72.0 0.019075990690305928
14.0 74.0 0.12588637098338726
14.0 76.0 0.2627260438778321
14.0 78.0 0.37493005845224725
14.0 80.0 0.43709799022484197
14.0 82.0 0.42650069667681895
14.0 84.0 0.416321870124372
14.0 86.0 0.4316345491066856
14.0 88.0 0.3748092732840411
14.0 90.0 0.24880653833127267
14.0 92.0 0.012551494496846458
14.0 94.0 0.0
14.0 96.0 0.0
14.0 98.0 0.0
14.0 100.0 0.0
14.0 102.0 0.0
14.0 104.0 0.0
14.0 106.0 0.0
14.0 108.0 0.0
14.0 110.0 0.0
14.0 112.0 0.0
14.0 114.0 0.0
14.0 116.0 0.0
14.0 118.0 0.0
14.0 120.0 0.0
14.0 122.0 0.0
14.0 124.0 0.0
14.0 126.0 0.0
16.0 0.0 0.0
16.0 2.0 0.0
16.0 4.0 0.0
16.0 6.0 0.0
16.0 8.0 0.0
16.0 10.0 0.0
16.0 12.0 0.0
16.0 14.0 0.0
16.0 16.0 0.0
16.0 18.0 0.0
16.0 20.0 0.0
16.0 22.0 0.0
16.0 24.0 0.0
16.0 26.0 0.0
16.0 28.0 0.0
16.0 30.0 0.0
16.0 32.0 0.0020652895759141836
16.0 34.0 0.09459988963021414
16.0 36.0 0.18882264248354905
16.0 38.0 0.21735626654282839
16.0 40.0 0.21609754747613874
16.0 42.0 0.24331683753688968
16.0 44.0 0.2335689580483065
16.0 46.0 0.21761179843533227
16.0 48.0 0.2019408783907594
16.0 50.0 0.11953434716498947
16.0 52.0 0.021239093376984167
16.0 54.0 0.0
16.0 56.0 0.0
16.0 58.0 0.0
16.0 60.0 0.0
16.0 62.0 0.0
16.0 64.0 0.0
16.0 66.0 0.0
16.0 68.0 0.0
16.0 70.0 0.0
16.0 72.0 0.002951482349614012
16.0 74.0 0.06890001487853835
16.0 76.0 0.2140265208826807
16.0 78.0 0.3312859410434259
16.0 80.0 0.40550475768143396
16.0 82.0 0.4336675091798217
16.0 84.0 0.40576953309866903
16.0 86.0 0.39540827752939517
16.0 88.0 0.36479419886965964
16.0 90.0 0.19798617353571057
16.0 92.0 0.011345822035704736
16.0 94.0 0.0
16.0 96.0 0.0
16.0 98.0 0.0
16.0 100.0 0.0
16.0 102.0 0.0
16.0 104.0 0.0
16.0 106.0 0.0
16.0 108.0 0.0
16.0 110.0 0.0
16.0 112.0 0.0
16.0 114.0 0.0
16.0 116.0 0.0
16.0 118.0 0.0
16.0 120.0 0.0
16.0 122.0 0.0
16.0 124.0 0.0
16.0 126.0 0.0
18.0 0.0 0.0
18.0 2.0 0.0
18.0 4.0 0.0
18.0 6.0 0.0
18.0 8.0 0.0
18.0 10.0 0.0
18.0 12.0 0.0
18.0 14.0 0.0
18.0 16.0 0.0
18.0 18.0 0.0
18.0 20.0 0.0
18.0 22.0 0.0
18.0 24.0 0.0
18.0 26.0 0.0
18.0 28.0 0.0
18.0 30.0 0.03113840605753847
18.0 32.0 0.168223094669699
18.0 34.0 0.2609053478292549
18.0 36.0 0.323240133212473
18.0 38.0 0.3683853549462757
18.0 40.0 0.3482723320152458
18.0 42.0 0.3411915790186674
18.0 44.0 0.3483896580778854
18.0 46.0 0.3255296862109552
18.0 48.0 0.27057762282068615
18.0 50.0 0.1808015437708196
18.0 52.0 0.042026654161612303
18.0 54.0 6.650494328289932E-4
18.0 56.0 0.0
18.0 58.0 0.0
18.0 60.0 0.0
18.0 62.0 0.0
18.0 64.0 0.0
18.0 66.0 0.0
18.0 68.0 0.0
18.0 70.0 0.0
18.0 72.0 0.0
18.0 74.0 0.020088630442429544
18.0 76.0 0.15471545316266355
18.0 78.0 0.274695449297381
18.0 80.0 0.3562909512635674
18.0 82.0 0.39361324056487074
18.0 84.0 0.38789450803920017
18.0 86.0 0.34658437040015305
18.0 88.0 0.329639474773288
18.0 90.0 0.16841095379508322
18.0 92.0 0.0014293248270120709
18.0 94.0 0.0
18.0 96.0 0.0
18.0 98.0 0.0
18.0 100.0 0.0
18.0 102.0 0.0
18.0 104.0 0.0
18.0 106.0 0.0
18.0 108.0 0.0
18.0 110.0 0.0
18.0 112.0 0.0
18.0 114.0 0.0
18.0 116.0 0.0
18.0 118.0 0.0
18.0 120.0 0.0
18.0 122.0 0.0
18.0 124.0 0.0
18.0 126.0 0.0
20.0 0.0 0.0
20.0 2.0 0.0
20.0 4.0 0.0
20.0 6.0 0.0
20.0 8.0 0.0
20.0 10.0 0.0
20.0 12.0 0.0
20.0 14.0 0.0
20.0 16.0 0.0
20.0 18.0 0.0
20.0 20.0 0.004017412941009326
20.0 22.0 0.01900675761615461
20.0 24.0 0.025055635294629338
20.0 26.0 0.04340570914010431
20.0 28.0 0.09819897903468207
20.0 30.0 0.2023969831329606
20.0 32.0 0.34993776506698754
20.0 34.0 0.3780856381759583
20.0 36.0 0.40223294383372904
20.0 38.0 0.4553365864235565
20.0 40.0 0.42903922530921307
20.0 42.0 0.40284886406532
20.0 44.0 0.40669698007321164
20.0 46.0 0.38915184838053474
20.0 48.0 0.35395094304637537
20.0 50.0 0.23434895330719596
20.0 52.0 0.09111729223106152
20.0 54.0 0.012756432554226123
20.0 56.0 0.0
20.0 58.0 0.0
20.0 60.0 0.0
20.0 62.0 0.0
20.0 64.0 0.0
20.0 66.0 0.0
20.0 68.0 0.0
20.0 70.0 0.0
20.0 72.0 0.0
20.0 74.0 6.565630670451131E-5
20.0 76.0 0.06745872510684854
20.0 78.0 0.19519682271486125
20.0 80.0 0.2853558432319914
20.0 82.0 0.3302210790880041
20.0 84.0 0.33303777448300687
20.0 86.0 0.2981173451246165
20.0 88.0 0.2670437617643749
20.0 90.0 0.12079342301428869
20.0 92.0 0.0
20.0 94.0 0.0
20.0 96.0 0.0
20.0 98.0 0.0
20.0 100.0 0.0
20.0 102.0 0.0
20.0 104.0 0.0
20.0 106.0 0.0
20.0 108.0 0.0
20.0 110.0 0.0
20.0 112.0 0.0
20.0 114.0 0.0
20.0 116.0 0.0
20.0 118.0 0.0
20.0 120.0 0.0
20.0 122.0 0.0
20.0 124.0 0.0
20.0 126.0 0.0
22.0 0.0 0.0
22.0 2.0 0.0
22.0 4.0 0.0
22.0 6.0 0.0
22.0 8.0 0.0
22.0 10.0 0.0
22.0 12.0 0.0
22.0 14.0 0.0
22.0 16.0 0.1083828422475173
22.0 18.0 0.18235929801062656
22.0 20.0 0.13757519199036203
22.0 22.0 0.0983949130932959
22.0 24.0 0.07617555155543437
22.0 26.0 0.09157112883982883
22.0 28.0 0.15197641574671014
22.0 30.0 0.2756754680327142
22.0 32.0 0.4360283553222714
22.0 34.0 0.4670547756644791
22.0 36.0 0.46538595360655294
22.0 38.0 0.4754112139486408
22.0 40.0 0.5125231636191232
22.0 42.0 0.5152147765346168
22.0 44.0 0.4965269632580616
22.0 46.0 0.45888386272911513
22.0 48.0 0.3997984788995311
22.0 50.0 0.31221352856862955
22.0 52.0 0.12489210878372785
22.0 54.0 0.028608017187806076
22.0 56.0 0.0
22.0 58.0 0.0
22.0 60.0 0.0
22.0 62.0 0.0
22.0 64.0 0.0
22.0 66.0 0.0
22.0 68.0 0.0
22.0 70.0 0.0
22.0 72.0 0.0
22.0 74.0 0.0
22.0 76.0 0.004343771736299628
22.0 78.0 0.09393501021337418
22.0 80.0 0.18582799443027684
22.0 82.0 0.24183833931176654
22.0 84.0 0.2545114362885056
22.0 86.0 0.22449344458239082
22.0 88.0 0.18463326172583752
22.0 90.0 0.062186337509371824
22.0 92.0 0.0
22.0 94.0 0.0
22.0 96.0 0.0
22.0 98.0 0.0
22.0 100.0 0.0
22.0 102.0 0.0
22.0 104.0 0.0
22.0 106.0 0.0
22.0 108.0 0.0
22.0 110.0 0.016164988368777663
22.0 112.0 0.0
22.0 114.0 0.0
22.0 116.0 0.0
22.0 118.0 0.0
22.0 120.0 0.0
22.0 122.0 0.0
22.0 124.0 0.0
22.0 126.0 0.0
24.0 0.0 0.0
24.0 2.0 0.0
24.0 4.0 0.0
24.0 6.0 0.0
24.0 8.0 0.0
24.0 10.0 0.0
24.0 12.0 0.0
24.0 14.0 0.39111429367568423
24.0 16.0 0.304153492372013
24.0 18.0 0.2078854532624634
24.0 20.0 0.14106970082523793
24.0 22.0 0.08781798203628632
24.0 24.0 0.06257961786779605
24.0 26.0 0.08672234153338049
24.0 28.0 0.16247533357137922
24.0 30.0 0.2728744366355436
24.0 32.0 0.3956774324899944
24.0 34.0 0.506529015058759
24.0 36.0 0.5175771813359196
24.0 38.0 0.5268365507396214
24.0 40.0 0.5117835742840049
24.0 42.0 0.5142314597885901
24.0 44.0 0.5141040315317494
24.0 46.0 0.4848462321042856
24.0 48.0 0.4369178952302786
24.0 50.0 0.35200075811652193
24.0 52.0 0.16272652193908166
24.0 54.0 0.03750659481379566
24.0 56.0 0.0
24.0 58.0 0.0
24.0 60.0 0.0
24.0 62.0 0.0
24.0 64.0 0.0
24.0 66.0 0.0
24.0 68.0 0.0
24.0 70.0 0.0
24.0 72.0 0.0
24.0 74.0 0.0
24.0 76.0 0.0
24.0 78.0 0.0047985221153594914
24.0 80.0 0.07853089449457078
24.0 82.0 0.13828318444150553
24.0 84.0 0.15770585191004197
24.0 86.0 0.1371730781730999
24.0 88.0 0.08635031884847327
24.0 90.0 0.010799669383809734
24.0 92.0 0.0
24.0 94.0 0.0
24.0 96.0 0.0
24.0 98.0 0.0
24.0 100.0 0.0
24.0 102.0 0.0
24.0 104.0 0.0
24.0 106.0 0.0
24.0 108.0 0.0
24.0 110.0 0.052796450845060926
24.0 112.0 0.28613991557392815
24.0 114.0 0.0
24.0 116.0 0.0
24.0 118.0 0.0
24.0 120.0 0.0
24.0 122.0 0.0
24.0 124.0 0.0
24.0 126.0 0.0
26.0 0.0 0.0
26.0 2.0 0.0
26.0 4.0 0.0
26.0 6.0 0.0
26.0 8.0 0.0
26.0 10.0 0.0
26.0 12.0 0.0
26.0 14.0 0.44395776109738616
26.0 16.0 0.28210009862883184
26.0 18.0 0.1707864282431335
26.0 20.0 0.11517617206032339
26.0 22.0 0.0681622058158284
26.0 24.0 0.049562850197557844
26.0 26.0 0.07250781940921436
26.0 28.0 0.1481053245647816
26.0 30.0 0.2602525071758322
26.0 32.0 0.3798732399207545
26.0 34.0 0.4915507963390828
26.0 36.0 0.5510609465735739
26.0 38.0 0.538854043365366
26.0 40.0 0.5245155382953454
26.0 42.0 0.5275531801670991
26.0 44.0 0.5238135775845976
26.0 46.0 0.4950787774700676
26.0 48.0 0.43884399873145497
26.0 50.0 0.36851435628791757
26.0 52.0 0.1741285826947124
26.0 54.0 0.036682912733478935
26.0 56.0 0.0
26.0 58.0 0.0
26.0 60.0 0.0
26.0 62.0 0.0
26.0 64.0 0.0
26.0 66.0 0.0
26.0 68.0 0.0
26.0 70.0 0.0
26.0 72.0 0.0
26.0 74.0 0.0
26.0 76.0 0.0
26.0 78.0 0.0
26.0 80.0 0.001225194525367541
26.0 82.0 0.037558499215642416
26.0 84.0 0.06092066581921066
26.0 86.0 0.05587404084552198
26.0 88.0 0.02894353196292973
26.0 90.0 0.0010181092615657629
26.0 92.0 0.0
26.0 94.0 0.0
26.0 96.0 0.0
26.0 98.0 0.0
26.0 100.0 0.0
26.0 102.0 0.0
26.0 104.0 0.0
26.0 106.0 0.0
26.0 108.0 0.009899780605828147
26.0 110.0 0.11553591343143166
26.0 112.0 0.31557583404391437
26.0 114.0 0.44394596159315963
26.0 116.0 0.0
26.0 118.0 0.0
26.0 120.0 0.0
26.0 122.0 0.0
26.0 124.0 0.0
26.0 126.0 0.0
28.0 0.0 0.0
28.0 2.0 0.0
28.0 4.0 0.0
28.0 6.0 0.0
28.0 8.0 0.0
28.0 10.0 0.0
28.0 12.0 0.3986098673029535
28.0 14.0 0.1573199838766833
28.0 16.0 0.08931512941916668
28.0 18.0 0.05291061737799611
28.0 20.0 0.026695802138187185
28.0 22.0 0.013069833820027384
28.0 24.0 0.013135671442913222
28.0 26.0 0.04926444628784261
28.0 28.0 0.12933880191844396
28.0 30.0 0.24163012002206274
28.0 32.0 0.36356513182572314
28.0 34.0 0.4753135703990439
28.0 36.0 0.5491764843101047
28.0 38.0 0.5186378665935957
28.0 40.0 0.5107699990334004
28.0 42.0 0.49604012773158135
28.0 44.0 0.4855009284774421
28.0 46.0 0.4532993519775968
28.0 48.0 0.3887249539526847
28.0 50.0 0.34643537509910605
28.0 52.0 0.14885455317668736
28.0 54.0 0.022784055020513717
28.0 56.0 0.0
28.0 58.0 0.0
28.0 60.0 0.0
28.0 62.0 0.0
28.0 64.0 0.0
28.0 66.0 0.0
28.0 68.0 0.0
28.0 70.0 0.0
28.0 72.0 0.0
28.0 74.0 0.0
28.0 76.0 0.0
28.0 78.0 0.0
28.0 80.0 0.0
28.0 82.0 0.0
28.0 84.0 0.0012656321787782668
28.0 86.0 0.002272781755783667
28.0 88.0 8.240557606315108E-4
28.0 90.0 0.0
28.0 92.0 0.0
28.0 94.0 0.0
28.0 96.0 0.0
28.0 98.0 0.0
28.0 100.0 0.0
28.0 102.0 0.0
28.0 104.0 0.0
28.0 106.0 0.0
28.0 108.0 0.035270176863877484
28.0 110.0 0.19433115592747233
28.0 112.0 0.3451536587195368
28.0 114.0 0.4597070226143654
28.0 116.0 0.4629269657867036
28.0 118.0 0.0
28.0 120.0 0.0
28.0 122.0 0.0
28.0 124.0 0.0
28.0 126.0 0.0
30.0 0.0 0.0
30.0 2.0 0.0
30.0 4.0 0.0
30.0 6.0 0.0
30.0 8.0 0.0
30.0 10.0 0.1879410420891102
30.0 12.0 0.002548379087648206
30.0 14.0 0.0
30.0 16.0 0.0
30.0 18.0 0.0
30.0 20.0 5.640335634893109E-4
30.0 22.0 0.0020722942413201172
30.0 24.0 0.0052639984485034486
30.0 26.0 0.022662555939639964
30.0 28.0 0.09182262382842536
30.0 30.0 0.1807884294356179
30.0 32.0 0.2778400068821567
30.0 34.0 0.37729217732245973
30.0 36.0 0.4556328480592611
30.0 38.0 0.482110951342519
30.0 40.0 0.4598414977055427
30.0 42.0 0.4563157476534991
30.0 44.0 0.43623723594608926
30.0 46.0 0.3992473758842516
30.0 48.0 0.3770297055185054
30.0 50.0 0.28784705355883977
30.0 52.0 0.09404048936003284
30.0 54.0 0.0033279540684276795
30.0 56.0 0.0
30.0 58.0 0.0
30.0 60.0 0.0
30.0 62.0 0.0
30.0 64.0 0.0
30.0 66.0 0.0
30.0 68.0 0.0
30.0 70.0 0.0
30.0 72.0 0.0
30.0 74.0 0.0
30.0 76.0 0.0
30.0 78.0 0.0
30.0 80.0 0.0
30.0 82.0 0.0
30.0 84.0 0.0
30.0 86.0 0.0
30.0 88.0 0.0
30.0 90.0 0.0
30.0 92.0 0.0
30.0 94.0 0.0
30.0 96.0 0.0
30.0 98.0 0.0
30.0 100.0 0.0
30.0 102.0 0.0
30.0 104.0 0.0
30.0 106.0 0.013652326245669357
30.0 108.0 0.11417517971653479
30.0 110.0 0.22860383408632035
30.0 112.0 0.37653223941807074
30.0 114.0 0.4645929381334688
30.0 116.0 0.4429237818421361
30.0 118.0 0.0
30.0 120.0 0.0
30.0 122.0 0.0
30.0 124.0 0.0
30.0 126.0 0.0
32.0 0.0 0.0
32.0 2.0 0.0
32.0 4.0 0.0
32.0 6.0 0.0
32.0 8.0 0.0
32.0 10.0 0.07907664369452523
32.0 12.0 0.0
32.0 14.0 0.0
32.0 16.0 0.0
32.0 18.0 0.0
32.0 20.0 0.0
32.0 22.0 0.0
32.0 24.0 0.0
32.0 26.0 0.004866154654110263
32.0 28.0 0.040345874812031696
32.0 30.0 0.10996874637827862
32.0 32.0 0.1775865550859477
32.0 34.0 0.24880926057576902
32.0 36.0 0.3180201744442897
32.0 38.0 0.3393719397215184
32.0 40.0 0.32991783732426444
32.0 42.0 0.3317317348450303
32.0 44.0 0.32532302086689474
32.0 46.0 0.29598293368063594
32.0 48.0 0.3059246571937478
32.0 50.0 0.1756507448253588
32.0 52.0 0.028508007038303338
32.0 54.0 0.0
32.0 56.0 0.0
32.0 58.0 0.0
32.0 60.0 0.0
32.0 62.0 0.0
32.0 64.0 0.0
32.0 66.0 0.0
32.0 68.0 0.0
32.0 70.0 0.0
32.0 72.0 0.0
32.0 74.0 0.0
32.0 76.0 0.0
32.0 78.0 0.0
32.0 80.0 0.0
32.0 82.0 0.0
32.0 84.0 0.0
32.0 86.0 0.0
32.0 88.0 0.0
32.0 90.0 0.0
32.0 92.0 0.0
32.0 94.0 0.0
32.0 96.0 6.106824124515123E-4
32.0 98.0 0.0014335309387063198
32.0 100.0 0.0
32.0 102.0 0.0056671566059040964
32.0 104.0 0.050411118474386805
32.0 106.0 0.1363490485995709
32.0 108.0 0.21667770659294247
32.0 110.0 0.28040445774953665
32.0 112.0 0.4124902400696126
32.0 114.0 0.46985006698991905
32.0 116.0 0.43199756922836796
32.0 118.0 0.2332464019372472
32.0 120.0 0.0
32.0 122.0 0.0
32.0 124.0 0.0
32.0 126.0 0.0
34.0 0.0 0.0
34.0 2.0 0.0
34.0 4.0 0.0
34.0 6.0 0.0
34.0 8.0 0.0017824074380180617
34.0 10.0 0.0
34.0 12.0 0.0
34.0 14.0 0.0
34.0 16.0 0.0
34.0 18.0 0.0
34.0 20.0 0.0
34.0 22.0 0.0
34.0 24.0 0.0
34.0 26.0 0.0016048036221972667
34.0 28.0 0.013920019996035635
34.0 30.0 0.052488845733233834
34.0 32.0 0.07760366215615604
34.0 34.0 0.11178340055871565
34.0 36.0 0.1546142291344176
34.0 38.0 0.189442024292697
34.0 40.0 0.21542717904460296
34.0 42.0 0.22744645535935368
34.0 44.0 0.21950335119717104
34.0 46.0 0.19407961678860716
34.0 48.0 0.17562969838472242
34.0 50.0 0.07926281710022177
34.0 52.0 1.0329294812012751E-5
34.0 54.0 0.0
34.0 56.0 0.0
34.0 58.0 0.0
34.0 60.0 0.0
34.0 62.0 0.0
34.0 64.0 0.0
34.0 66.0 0.0
34.0 68.0 0.0
34.0 70.0 0.0
34.0 72.0 0.0
34.0 74.0 0.0
34.0 76.0 0.0
34.0 78.0 0.0
34.0 80.0 0.0
34.0 82.0 0.0
34.0 84.0 0.0
34.0 86.0 0.0
34.0 88.0 0.0
34.0 90.0 0.0
34.0 92.0 6.171981979403027E-4
34.0 94.0 0.006252913522709541
34.0 96.0 0.01719140476788647
34.0 98.0 0.021029321958824204
34.0 100.0 0.039743570685532074
34.0 102.0 0.1141165665240403
34.0 104.0 0.18372905083963606
34.0 106.0 0.24025026032648814
34.0 108.0 0.2859104637218351
34.0 110.0 0.37923901015940104
34.0 112.0 0.4368908864252606
34.0 114.0 0.4707574430019095
34.0 116.0 0.4036444542764734
34.0 118.0 0.13061867987154627
34.0 120.0 0.0
34.0 122.0 0.0
34.0 124.0 0.0
34.0 126.0 0.0
36.0 0.0 0.0
36.0 2.0 0.0
36.0 4.0 0.0
36.0 6.0 0.0
36.0 8.0 0.0
36.0 10.0 0.0
36.0 12.0 0.0
36.0 14.0 0.0
36.0 16.0 0.0
36.0 18.0 0.0
36.0 20.0 0.0
36.0 22.0 0.0
36.0 24.0 0.0
36.0 26.0 5.397989488114635E-4
36.0 28.0 0.006604413001467417
36.0 30.0 0.007156020262670361
36.0 32.0 0.00258193409686701
36.0 34.0 0.00441181787723223
36.0 36.0 0.033958714487296114
36.0 38.0 0.09127475159256178
36.0 40.0 0.1130375304027792
36.0 42.0 0.11883058474742053
36.0 44.0 0.11449197472839086
36.0 46.0 0.0987694872300871
36.0 48.0 0.06964871480637058
36.0 50.0 0.02193852258574591
36.0 52.0 5.028895446157348E-5
36.0 54.0 0.0
36.0 56.0 0.0
36.0 58.0 0.0
36.0 60.0 0.0
36.0 62.0 0.0
36.0 64.0 0.0
36.0 66.0 0.0
36.0 68.0 0.0
36.0 70.0 6.139942827208815E-5
36.0 72.0 0.0022946539180656554
36.0 74.0 0.001128656983482301
36.0 76.0 2.7883201870136935E-4
36.0 78.0 0.0
36.0 80.0 0.0
36.0 82.0 0.0
36.0 84.0 0.0
36.0 86.0 0.0
36.0 88.0 0.0
36.0 90.0 0.0
36.0 92.0 8.556642474274799E-5
36.0 94.0 0.008705637998767167
36.0 96.0 0.03488338827138423
36.0 98.0 0.08150387677453651
36.0 100.0 0.15987816577898772
36.0 102.0 0.24479255616114978
36.0 104.0 0.26101255310343313
36.0 106.0 0.30417832167322045
36.0 108.0 0.33104611005277035
36.0 110.0 0.43009394731781064
36.0 112.0 0.46847957823077885
36.0 114.0 0.4806608316645881
36.0 116.0 0.37114861560997076
36.0 118.0 0.0630578337629289
36.0 120.0 0.0
36.0 122.0 0.0
36.0 124.0 0.0
36.0 126.0 0.0
38.0 0.0 0.0
38.0 2.0 0.0
38.0 4.0 0.0
38.0 6.0 0.0
38.0 8.0 0.0
38.0 10.0 0.0
38.0 12.0 0.0
38.0 14.0 0.0
38.0 16.0 0.0
38.0 18.0 0.0
38.0 20.0 0.0
38.0 22.0 0.0
38.0 24.0 0.0
38.0 26.0 2.1042299887714534E-4
38.0 28.0 0.002992969456199195
38.0 30.0 0.0031142983801269422
38.0 32.0 0.0
38.0 34.0 0.0
38.0 36.0 2.2179768663893357E-4
38.0 38.0 0.01070290363469376
38.0 40.0 0.026274470619197673
38.0 42.0 0.027056850689121822
38.0 44.0 0.02479029963706798
38.0 46.0 0.02163865914038135
38.0 48.0 0.01494380005817029
38.0 50.0 0.008925201895719652
38.0 52.0 0.0036455849876292795
38.0 54.0 0.0
38.0 56.0 0.0
38.0 58.0 0.0
38.0 60.0 0.0
38.0 62.0 0.0
38.0 64.0 0.0021212218985663766
38.0 66.0 0.013936874892052864
38.0 68.0 0.03314702191479355
38.0 70.0 0.07254662624286816
38.0 72.0 0.08997440154977247
38.0 74.0 0.06516343459509365
38.0 76.0 0.02963768561073553
38.0 78.0 0.0068990392053415615
38.0 80.0 1.7185212755916918E-4
38.0 82.0 0.0
38.0 84.0 0.0
38.0 86.0 0.0
38.0 88.0 0.0
38.0 90.0 0.0
38.0 92.0 0.0
38.0 94.0 0.005096604471781409
38.0 96.0 0.035152006086976974
38.0 98.0 0.11650288796639978
38.0 100.0 0.2302617254380012
38.0 102.0 0.27168936584836545
38.0 104.0 0.32031146175459585
38.0 106.0 0.35232279286168705
38.0 108.0 0.37069299972461733
38.0 110.0 0.4664882103011536
38.0 112.0 0.4887500122168986
38.0 114.0 0.47722280517239096
38.0 116.0 0.33939408307659047
38.0 118.0 0.042793531752218984
38.0 120.0 0.0
38.0 122.0 0.0
38.0 124.0 0.0
38.0 126.0 0.0
40.0 0.0 0.0
40.0 2.0 0.0
40.0 4.0 0.0
40.0 6.0 0.0
40.0 8.0 0.0
40.0 10.0 0.0
40.0 12.0 0.0
40.0 14.0 0.0
40.0 16.0 0.0
40.0 18.0 0.0
40.0 20.0 0.0
40.0 22.0 0.0
40.0 24.0 0.0
40.0 26.0 8.609037050812891E-4
40.0 28.0 0.002471810875563718
40.0 30.0 6.541055795265962E-4
40.0 32.0 0.0
40.0 34.0 0.0
40.0 36.0 0.0
40.0 38.0 0.0
40.0 40.0 0.0
40.0 42.0 0.0
40.0 44.0 0.0
40.0 46.0 0.0
40.0 48.0 0.0012906978062418109
40.0 50.0 0.0031488744325685963
40.0 52.0 0.003276116303497028
40.0 54.0 0.002810382748182501
40.0 56.0 0.004148191182365107
40.0 58.0 0.008546790549229013
40.0 60.0 0.02318123044454945
40.0 62.0 0.06260189704509223
40.0 64.0 0.11833725271102886
40.0 66.0 0.1659724761681007
40.0 68.0 0.19609759408164384
40.0 70.0 0.20473107581845026
40.0 72.0 0.19973883310725235
40.0 74.0 0.15416359573668634
40.0 76.0 0.08501569207810082
40.0 78.0 0.016070630297541796
40.0 80.0 6.998113486458145E-5
40.0 82.0 0.0
40.0 84.0 0.0
40.0 86.0 0.0
40.0 88.0 0.0
40.0 90.0 0.0
40.0 92.0 0.0
40.0 94.0 0.0
40.0 96.0 0.016545686781847455
40.0 98.0 0.11617511307315993
40.0 100.0 0.2672210352980908
40.0 102.0 0.3041150918942993
40.0 104.0 0.35689621402453303
40.0 106.0 0.38512245588278765
40.0 108.0 0.4021455281459143
40.0 110.0 0.475467809298825
40.0 112.0 0.49239306644805675
40.0 114.0 0.46681206172378165
40.0 116.0 0.31861675947870616
40.0 118.0 0.04015168375333344
40.0 120.0 0.0
40.0 122.0 0.0
40.0 124.0 0.0
40.0 126.0 0.0
42.0 0.0 0.0
42.0 2.0 0.0
42.0 4.0 0.0
42.0 6.0 0.0
42.0 8.0 0.0
42.0 10.0 0.0
42.0 12.0 0.0
42.0 14.0 0.0
42.0 16.0 0.0
42.0 18.0 0.0
42.0 20.0 0.0
42.0 22.0 0.0
42.0 24.0 0.0
42.0 26.0 0.0020895114754695657
42.0 28.0 0.0031244313580863522
42.0 30.0 0.0
42.0 32.0 0.0
42.0 34.0 0.0
42.0 36.0 0.0
42.0 38.0 0.0
42.0 40.0 0.0
42.0 42.0 0.0
42.0 44.0 0.0
42.0 46.0 0.0
42.0 48.0 0.0
42.0 50.0 0.001404792367779222
42.0 52.0 0.003194408724060289
42.0 54.0 0.005794744555302142
42.0 56.0 0.015001316980361432
42.0 58.0 0.032230902188734444
42.0 60.0 0.07656540176294972
42.0 62.0 0.15300809222558925
42.0 64.0 0.22033063722074833
42.0 66.0 0.278739330729145
42.0 68.0 0.31850855834890324
42.0 70.0 0.3164860041823851
42.0 72.0 0.2983935888734322
42.0 74.0 0.23880803345457377
42.0 76.0 0.14998589131792167
42.0 78.0 0.03846892941857886
42.0 80.0 0.0
42.0 82.0 0.0
42.0 84.0 0.0
42.0 86.0 0.0
42.0 88.0 0.0
42.0 90.0 0.0
42.0 92.0 0.0
42.0 94.0 0.0
42.0 96.0 0.0046189426978115525
42.0 98.0 0.09303980587954595
42.0 100.0 0.2641298941559657
42.0 102.0 0.34944200392444325
42.0 104.0 0.3804621558816632
42.0 106.0 0.410643281466994
42.0 108.0 0.42647299693431856
42.0 110.0 0.4602447777231031
42.0 112.0 0.4915438559087016
42.0 114.0 0.44820640253964344
42.0 116.0 0.2990016221860359
42.0 118.0 0.044058842490772764
42.0 120.0 0.0
42.0 122.0 0.0
42.0 124.0 0.0
42.0 126.0 0.0
44.0 0.0 0.0
44.0 2.0 0.0
44.0 4.0 0.0
44.0 6.0 0.0
44.0 8.0 0.0
44.0 10.0 0.0
44.0 12.0 0.0
44.0 14.0 0.0
44.0 16.0 0.0
44.0 18.0 0.0
44.0 20.0 0.0
44.0 22.0 0.0
44.0 24.0 0.0019239129805383897
44.0 26.0 0.009104512312083039
44.0 28.0 0.00445239743182824
44.0 30.0 0.0
44.0 32.0 0.0
44.0 34.0 0.0
44.0 36.0 0.0
44.0 38.0 0.0
44.0 40.0 0.0
44.0 42.0 0.0
44.0 44.0 0.0
44.0 46.0 0.0
44.0 48.0 0.0
44.0 50.0 5.106050675921834E-6
44.0 52.0 0.0013675196495143921
44.0 54.0 0.005279142667896558
44.0 56.0 0.021039038892097305
44.0 58.0 0.055226795520786305
44.0 60.0 0.1341214570781052
44.0 62.0 0.21975419076515731
44.0 64.0 0.2907751335651567
44.0 66.0 0.3430390372833509
44.0 68.0 0.3745051670348143
44.0 70.0 0.39762568632691825
44.0 72.0 0.36962757504615945
44.0 74.0 0.30534787365512445
44.0 76.0 0.2014772078555657
44.0 78.0 0.0655456243477305
44.0 80.0 0.0
44.0 82.0 0.0
44.0 84.0 0.0
44.0 86.0 0.0
44.0 88.0 0.0
44.0 90.0 0.0
44.0 92.0 0.0
44.0 94.0 0.0
44.0 96.0 0.0
44.0 98.0 0.03392825549166225
44.0 100.0 0.21918298241128334
44.0 102.0 0.36789324114133687
44.0 104.0 0.41237264279019864
44.0 106.0 0.42297898916142357
44.0 108.0 0.43438236214999915
44.0 110.0 0.45249538276243695
44.0 112.0 0.48127070185240123
44.0 114.0 0.4284329090122221
44.0 116.0 0.2802506971372533
44.0 118.0 0.04994030271362701
44.0 120.0 0.0
44.0 122.0 0.0
44.0 124.0 0.0
44.0 126.0 0.0
46.0 0.0 0.0
46.0 2.0 0.0
46.0 4.0 0.0
46.0 6.0 0.0
46.0 8.0 0.0
46.0 10.0 0.0
46.0 12.0 0.0
46.0 14.0 0.0
46.0 16.0 0.0
46.0 18.0 0.0
46.0 20.0 0.01588654131445211
46.0 22.0 7.986236706140529E-4
46.0 24.0 0.03220620223760793
46.0 26.0 0.03105624038053667
46.0 28.0 0.005771179778083473
46.0 30.0 0.0
46.0 32.0 0.0
46.0 34.0 0.0
46.0 36.0 0.0
46.0 38.0 0.0
46.0 40.0 0.0
46.0 42.0 0.0
46.0 44.0 0.0
46.0 46.0 0.0
46.0 48.0 0.0
46.0 50.0 0.0
46.0 52.0 2.180847742926822E-4
46.0 54.0 0.0022804796671207044
46.0 56.0 0.021846974130516714
46.0 58.0 0.07716733276861099
46.0 60.0 0.18424264975601087
46.0 62.0 0.24026709588268855
46.0 64.0 0.2950070875628627
46.0 66.0 0.3424496795522769
46.0 68.0 0.38475028197108313
46.0 70.0 0.44923759407905856
46.0 72.0 0.4324335824659438
46.0 74.0 0.35477599388138237
46.0 76.0 0.23289689379719838
46.0 78.0 0.07311111408150249
46.0 80.0 0.0
46.0 82.0 0.0
46.0 84.0 0.0
46.0 86.0 0.0
46.0 88.0 0.0
46.0 90.0 0.0
46.0 92.0 0.0
46.0 94.0 0.0
46.0 96.0 0.0
46.0 98.0 0.009834135302712524
46.0 100.0 0.15188223733393572
46.0 102.0 0.3096620476293025
46.0 104.0 0.41440329297979445
46.0 106.0 0.4504325729835828
46.0 108.0 0.44356644932377143
46.0 110.0 0.43419313436946266
46.0 112.0 0.44134685730251216
46.0 114.0 0.4029599902420609
46.0 116.0 0.2617784744498411
46.0 118.0 0.05573272073999578
46.0 120.0 0.0
46.0 122.0 0.0
46.0 124.0 0.0
46.0 126.0 0.0
48.0 0.0 0.0
48.0 2.0 0.0
48.0 4.0 0.0
48.0 6.0 0.0
48.0 8.0 0.0
48.0 10.0 0.0
48.0 12.0 0.0016766118448249794
48.0 14.0 0.1337151116192547
48.0 16.0 0.21517739093114926
48.0 18.0 0.22234696982800659
48.0 20.0 0.1901459215865046
48.0 22.0 0.12582573810292508
48.0 24.0 0.10160086291241681
48.0 26.0 0.06453513476489624
48.0 28.0 0.008996583669918288
48.0 30.0 0.0
48.0 32.0 0.0
48.0 34.0 0.0
48.0 36.0 0.0
48.0 38.0 0.0
48.0 40.0 0.0
48.0 42.0 0.0
48.0 44.0 0.0
48.0 46.0 0.0
48.0 48.0 0.0
48.0 50.0 0.0
48.0 52.0 0.0
48.0 54.0 0.0
48.0 56.0 0.014981864454828749
48.0 58.0 0.08935066895461248
48.0 60.0 0.19926482770628504
48.0 62.0 0.27748977163109206
48.0 64.0 0.3372827883523697
48.0 66.0 0.3809010216536153
48.0 68.0 0.4192874937474091
48.0 70.0 0.49171421377640884
48.0 72.0 0.4720962814982416
48.0 74.0 0.3879998874763098
48.0 76.0 0.24762064235466555
48.0 78.0 0.07035215925319684
48.0 80.0 0.0
48.0 82.0 0.0
48.0 84.0 0.0
48.0 86.0 0.0
48.0 88.0 0.0
48.0 90.0 0.0
48.0 92.0 0.0
48.0 94.0 0.0
48.0 96.0 0.0
48.0 98.0 0.0027972953196228434
48.0 100.0 0.08392885582205212
48.0 102.0 0.23342247720656742
48.0 104.0 0.3427688220693517
48.0 106.0 0.40626383772951585
48.0 108.0 0.42649137129670306
48.0 110.0 0.4172639738424408
48.0 112.0 0.403992780834265
48.0 114.0 0.3603222439214189
48.0 116.0 0.23769458700769966
48.0 118.0 0.06449923177874585
48.0 120.0 0.0
48.0 122.0 0.0
48.0 124.0 0.0
48.0 126.0 0.0
50.0 0.0 0.0
50.0 2.0 0.0
50.0 4.0 0.0
50.0 6.0 0.0
50.0 8.0 0.0
50.0 10.0 0.0
50.0 12.0 0.08132328353513794
50.0 14.0 0.2587308461511559
50.0 16.0 0.3217330599074631
50.0 18.0 0.32604486566706864
50.0 20.0 0.29978075062993814
50.0 22.0 0.23578570304859314
50.0 24.0 0.16525699890515197
50.0 26.0 0.0913786255114873
50.0 28.0 0.001303348970022029
50.0 30.0 0.0
50.0 32.0 0.0
50.0 34.0 0.0
50.0 36.0 0.0
50.0 38.0 0.0
50.0 40.0 0.0
50.0 42.0 0.0
50.0 44.0 0.0
50.0 46.0 0.0
50.0 48.0 0.0
50.0 50.0 0.0
50.0 52.0 0.0
50.0 54.0 0.0
50.0 56.0 0.007442001337925048
50.0 58.0 0.09878520149683252
50.0 60.0 0.2255281888735592
50.0 62.0 0.3054283735351431
50.0 64.0 0.3662042747372118
50.0 66.0 0.4084576127218141
50.0 68.0 0.45569232567329404
50.0 70.0 0.536759824631584
50.0 72.0 0.49038643045813685
50.0 74.0 0.3957048595905648
50.0 76.0 0.2343603600691788
50.0 78.0 0.06647978166748604
50.0 80.0 0.0
50.0 82.0 0.0
50.0 84.0 0.0
50.0 86.0 0.0
50.0 88.0 0.0
50.0 90.0 0.0
50.0 92.0 0.0
50.0 94.0 0.0
50.0 96.0 0.0
50.0 98.0 0.0
50.0 100.0 0.016588773846653405
50.0 102.0 0.14330098090585966
50.0 104.0 0.25667593131609967
50.0 106.0 0.3301124978970826
50.0 108.0 0.3706631228556731
50.0 110.0 0.3714711323503912
50.0 112.0 0.3589018405807241
50.0 114.0 0.31634412758059566
50.0 116.0 0.20905526126446636
50.0 118.0 0.07076291088184025
50.0 120.0 0.0
50.0 122.0 0.0
50.0 124.0 0.0
50.0 126.0 0.0
52.0 0.0 0.0
52.0 2.0 0.0
52.0 4.0 0.0
52.0 6.0 0.0
52.0 8.0 0.0
52.0 10.0 0.030838935800350048
52.0 12.0 0.22608529919529655
52.0 14.0 0.3255961594989563
52.0 16.0 0.38149543701828326
52.0 18.0 0.387480361063337
52.0 20.0 0.36653544113285214
52.0 22.0 0.3160905977201689
52.0 24.0 0.21670826884545077
52.0 26.0 0.10910893711890608
52.0 28.0 0.007159878296151757
52.0 30.0 0.0
52.0 32.0 0.0
52.0 34.0 0.0
52.0 36.0 0.0
52.0 38.0 0.0
52.0 40.0 0.0
52.0 42.0 0.0
52.0 44.0 0.0
52.0 46.0 0.0
52.0 48.0 0.0
52.0 50.0 0.0
52.0 52.0 0.0
52.0 54.0 0.0
52.0 56.0 0.004927596764247672
52.0 58.0 0.11939862210216613
52.0 60.0 0.2500440551338691
52.0 62.0 0.3380775952183486
52.0 64.0 0.3947194831422212
52.0 66.0 0.4381868421263326
52.0 68.0 0.5011879761338989
52.0 70.0 0.5703073285457024
52.0 72.0 0.5169510487793344
52.0 74.0 0.4036521578517893
52.0 76.0 0.20786160158584857
52.0 78.0 0.04281956386295291
52.0 80.0 0.0
52.0 82.0 0.0
52.0 84.0 0.0
52.0 86.0 0.0
52.0 88.0 0.0
52.0 90.0 0.0
52.0 92.0 0.0
52.0 94.0 0.0
52.0 96.0 0.0
52.0 98.0 0.0
52.0 100.0 0.005602097874046648
52.0 102.0 0.07480821851372352
52.0 104.0 0.18350511661955246
52.0 106.0 0.25416722569575617
52.0 108.0 0.30540064750395196
52.0 110.0 0.314683982506974
52.0 112.0 0.28822506307542434
52.0 114.0 0.25859301871797086
52.0 116.0 0.18285682311753282
52.0 118.0 0.07727099742909212
52.0 120.0 5.449265998980632E-4
52.0 122.0 0.0
52.0 124.0 0.0
52.0 126.0 0.0
54.0 0.0 0.0
54.0 2.0 0.0
54.0 4.0 0.0
54.0 6.0 0.0
54.0 8.0 0.0
54.0 10.0 0.109865323770122
54.0 12.0 0.30391029282890586
54.0 14.0 0.3849217490100909
54.0 16.0 0.43090160861057064
54.0 18.0 0.434509351053912
54.0 20.0 0.420723513235157
54.0 22.0 0.36469886931467693
54.0 24.0 0.24667376143170672
54.0 26.0 0.11160723808784247
54.0 28.0 0.006767981492100346
54.0 30.0 0.0
54.0 32.0 0.0
54.0 34.0 0.0
54.0 36.0 0.0
54.0 38.0 0.0
54.0 40.0 0.0
54.0 42.0 0.0
54.0 44.0 0.0
54.0 46.0 0.0
54.0 48.0 0.0
54.0 50.0 0.0
54.0 52.0 0.0
54.0 54.0 0.0
54.0 56.0 0.002632578590778145
54.0 58.0 0.13301643649307085
54.0 60.0 0.2707790278559614
54.0 62.0 0.36119479355148804
54.0 64.0 0.4276725506249575
54.0 66.0 0.471245484717209
54.0 68.0 0.5269031864160661
54.0 70.0 0.5996652474960793
54.0 72.0 0.5365364275929339
54.0 74.0 0.38377023825219053
54.0 76.0 0.17342460127267886
54.0 78.0 0.027983174645082362
54.0 80.0 0.0
54.0 82.0 0.0
54.0 84.0 0.0
54.0 86.0 0.0
54.0 88.0 0.0
54.0 90.0 0.0
54.0 92.0 0.0
54.0 94.0 0.0
54.0 96.0 0.0
54.0 98.0 0.0
54.0 100.0 0.0016843950175059656
54.0 102.0 0.03325234879871298
54.0 104.0 0.11379635129050943
54.0 106.0 0.17281606687870613
54.0 108.0 0.24861993516897132
54.0 110.0 0.28916749353097065
54.0 112.0 0.26887286301285135
54.0 114.0 0.21848737719074451
54.0 116.0 0.14745101403311256
54.0 118.0 0.07508898243338118
54.0 120.0 0.01349443470002836
54.0 122.0 0.0
54.0 124.0 0.0
54.0 126.0 0.0
56.0 0.0 0.0
56.0 2.0 0.0
56.0 4.0 0.0
56.0 6.0 0.0
56.0 8.0 0.03022909999472737
56.0 10.0 0.22164878419405887
56.0 12.0 0.34969185405300873
56.0 14.0 0.39940593002136815
56.0 16.0 0.4335309929430693
56.0 18.0 0.448460100511997
56.0 20.0 0.4515452154216504
56.0 22.0 0.38284655789773187
56.0 24.0 0.24937648313141011
56.0 26.0 0.08901887104888274
56.0 28.0 1.6064263142125912E-4
56.0 30.0 0.0
56.0 32.0 0.0
56.0 34.0 0.0
56.0 36.0 0.0
56.0 38.0 0.0
56.0 40.0 0.0
56.0 42.0 0.0
56.0 44.0 0.0
56.0 46.0 0.0
56.0 48.0 0.0
56.0 50.0 0.0
56.0 52.0 0.0
56.0 54.0 0.0
56.0 56.0 0.004299474448154644
56.0 58.0 0.15042468574275228
56.0 60.0 0.27894610811901094
56.0 62.0 0.3740349583947847
56.0 64.0 0.4453723370281446
56.0 66.0 0.4932768086791985
56.0 68.0 0.5888656288436623
56.0 70.0 0.598322910325292
56.0 72.0 0.5234043856563063
56.0 74.0 0.33678320080814617
56.0 76.0 0.1358317435721831
56.0 78.0 0.01288903256107281
56.0 80.0 0.0
56.0 82.0 0.0
56.0 84.0 0.0
56.0 86.0 0.0
56.0 88.0 0.0
56.0 90.0 0.0
56.0 92.0 0.0
56.0 94.0 0.0
56.0 96.0 0.0
56.0 98.0 0.0
56.0 100.0 0.0
56.0 102.0 0.009792858227226494
56.0 104.0 0.057490156333813595
56.0 106.0 0.12919679950024807
56.0 108.0 0.15896094493772908
56.0 110.0 0.20557579479188484
56.0 112.0 0.19405281156857965
56.0 114.0 0.15108046415002582
56.0 116.0 0.09796708945595849
56.0 118.0 0.055476824219100385
56.0 120.0 0.036686983282237316
56.0 122.0 0.01898411026830214
56.0 124.0 0.0027479912789068577
56.0 126.0 6.583802071999119E-4
58.0 0.0 0.0
58.0 2.0 0.0021674112691961
58.0 4.0 0.0
58.0 6.0 0.0
58.0 8.0 0.11465219372210528
58.0 10.0 0.30010124352212564
58.0 12.0 0.37629785474731364
58.0 14.0 0.40770155827419957
58.0 16.0 0.43866964335735187
58.0 18.0 0.48141070965145255
58.0 20.0 0.4616437532958418
58.0 22.0 0.36747448400334487
58.0 24.0 0.2159331724213938
58.0 26.0 0.05567275479864589
58.0 28.0 0.0
58.0 30.0 0.0
58.0 32.0 0.0
58.0 34.0 0.0
58.0 36.0 0.0
58.0 38.0 0.0
58.0 40.0 0.0
58.0 42.0 0.0
58.0 44.0 0.0
58.0 46.0 0.0
58.0 48.0 0.0
58.0 50.0 0.0
58.0 52.0 0.0
58.0 54.0 0.0
58.0 56.0 0.02231307296519401
58.0 58.0 0.16984809730344286
58.0 60.0 0.320475704129441
58.0 62.0 0.3806414122980286
58.0 64.0 0.44564605731663237
58.0 66.0 0.48804813812713693
58.0 68.0 0.520962752864541
58.0 70.0 0.5690306285318683
58.0 72.0 0.4730605508652887
58.0 74.0 0.2723841537807112
58.0 76.0 0.10151488586409352
58.0 78.0 0.0023664017391202222
58.0 80.0 0.0
58.0 82.0 0.0
58.0 84.0 0.0
58.0 86.0 0.0
58.0 88.0 0.0
58.0 90.0 0.0
58.0 92.0 0.0
58.0 94.0 0.0
58.0 96.0 0.0
58.0 98.0 0.0
58.0 100.0 0.0
58.0 102.0 0.0037125687868770174
58.0 104.0 0.027875031039987952
58.0 106.0 0.06760590646081156
58.0 108.0 0.0864347528332644
58.0 110.0 0.11652625155569452
58.0 112.0 0.10363813322294418
58.0 114.0 0.07823283571347216
58.0 116.0 0.05763487423770266
58.0 118.0 0.048506935794730144
58.0 120.0 0.05484426086217916
58.0 122.0 0.07425972960245657
58.0 124.0 0.10741848013904846
58.0 126.0 0.20380678439178887
60.0 0.0 0.0
60.0 2.0 0.11986807488369751
60.0 4.0 1.0216330645864407E-4
60.0 6.0 0.0808415240479149
60.0 8.0 0.21698233915095508
60.0 10.0 0.3332566312702379
60.0 12.0 0.38815077583371266
60.0 14.0 0.4179951584406472
60.0 16.0 0.45012202506215365
60.0 18.0 0.4854920002146869
60.0 20.0 0.43959647571842586
60.0 22.0 0.34057156425638907
60.0 24.0 0.17816099691573614
60.0 26.0 0.030464890905445352
60.0 28.0 0.0
60.0 30.0 0.0
60.0 32.0 0.0
60.0 34.0 0.0
60.0 36.0 0.0
60.0 38.0 0.0
60.0 40.0 0.0
60.0 42.0 0.0
60.0 44.0 0.0
60.0 46.0 0.0
60.0 48.0 0.0
60.0 50.0 0.0
60.0 52.0 0.0
60.0 54.0 0.0
60.0 56.0 0.04723914060381585
60.0 58.0 0.17175516778800584
60.0 60.0 0.29385662671838175
60.0 62.0 0.38780120319056954
60.0 64.0 0.41447710520349584
60.0 66.0 0.44537595607546837
60.0 68.0 0.45254864937696526
60.0 70.0 0.42470178716586754
60.0 72.0 0.3507641071355194
60.0 74.0 0.22698702596857387
60.0 76.0 0.06990429387698985
60.0 78.0 0.0
60.0 80.0 0.0
60.0 82.0 0.0
60.0 84.0 0.0
60.0 86.0 0.0
60.0 88.0 0.0
60.0 90.0 0.0
60.0 92.0 0.0
60.0 94.0 0.0
60.0 96.0 0.0
60.0 98.0 0.0
60.0 100.0 0.0
60.0 102.0 0.001147182995474429
60.0 104.0 0.013281460160458893
60.0 106.0 0.033322404738432315
60.0 108.0 0.046328746812617026
60.0 110.0 0.03669177710734663
60.0 112.0 0.03971919808598612
60.0 114.0 0.03061700020595338
60.0 116.0 0.028333535659568376
60.0 118.0 0.0344577978183404
60.0 120.0 0.06536665269051274
60.0 122.0 0.10542634529287309
60.0 124.0 0.18705525714541574
60.0 126.0 0.3233603547661941
62.0 0.0 0.0
62.0 2.0 0.28988154901051455
62.0 4.0 0.10991916101878213
62.0 6.0 0.16652138457453428
62.0 8.0 0.26176614576148455
62.0 10.0 0.3583246007760586
62.0 12.0 0.39202638005011275
62.0 14.0 0.4233086153911502
62.0 16.0 0.4568686842820214
62.0 18.0 0.4674651075641844
62.0 20.0 0.4007101377921769
62.0 22.0 0.2768224167853698
62.0 24.0 0.11063729358473767
62.0 26.0 0.0010441087009590898
62.0 28.0 0.0
62.0 30.0 0.0
62.0 32.0 0.0
62.0 34.0 0.0
62.0 36.0 0.0
62.0 38.0 0.0
62.0 40.0 0.0
62.0 42.0 0.0
62.0 44.0 0.0
62.0 46.0 0.0
62.0 48.0 0.0
62.0 50.0 0.0
62.0 52.0 0.0
62.0 54.0 9.804342998939077E-4
62.0 56.0 0.054408262287203725
62.0 58.0 0.15228216785760226
62.0 60.0 0.24936635391572712
62.0 62.0 0.32638221189057803
62.0 64.0 0.35688561038509065
62.0 66.0 0.383786863159766
62.0 68.0 0.38135560349186165
62.0 70.0 0.34752920868989706
62.0 72.0 0.2758437976063409
62.0 74.0 0.1658422980057733
62.0 76.0 0.05016003713626214
62.0 78.0 0.0
62.0 80.0 0.0
62.0 82.0 0.0
62.0 84.0 0.0
62.0 86.0 0.0
62.0 88.0 0.0
62.0 90.0 0.0
62.0 92.0 0.0
62.0 94.0 0.0
62.0 96.0 0.0
62.0 98.0 0.0
62.0 100.0 0.0
62.0 102.0 2.0295582012953058E-4
62.0 104.0 0.00579257767153656
62.0 106.0 0.01454261188138096
62.0 108.0 0.01875684782458188
62.0 110.0 0.013194606069348908
62.0 112.0 0.015618414252746043
62.0 114.0 0.013139931986125617
62.0 116.0 0.014958737689657844
62.0 118.0 0.02490972382080091
62.0 120.0 0.05747922551283897
62.0 122.0 0.1043566388683523
62.0 124.0 0.19722453294022468
62.0 126.0 0.36109147950157466
64.0 0.0 0.0
64.0 2.0 0.3539238884722651
64.0 4.0 0.1664264632130595
64.0 6.0 0.1965419924109668
64.0 8.0 0.2761567527089087
64.0 10.0 0.3600347840742691
64.0 12.0 0.3991698049154971
64.0 14.0 0.41905274943987836
64.0 16.0 0.44048726458230525
64.0 18.0 0.43075221673415315
64.0 20.0 0.33917070467799687
64.0 22.0 0.19402070490486803
64.0 24.0 0.0384385601677644
64.0 26.0 0.0
64.0 28.0 0.0
64.0 30.0 0.0
64.0 32.0 0.0
64.0 34.0 0.0
64.0 36.0 0.0
64.0 38.0 0.0
64.0 40.0 0.0
64.0 42.0 0.0
64.0 44.0 0.0
64.0 46.0 0.0
64.0 48.0 0.0
64.0 50.0 0.0
64.0 52.0 0.0
64.0 54.0 0.002388227535595528
64.0 56.0 0.05000510157602556
64.0 58.0 0.12599204666405325
64.0 60.0 0.19838554532383632
64.0 62.0 0.2553654725342313
64.0 64.0 0.2851110632161911
64.0 66.0 0.2964162001963175
64.0 68.0 0.28913249751494297
64.0 70.0 0.2589905681862743
64.0 72.0 0.20266604523280587
64.0 74.0 0.1196377383829516
64.0 76.0 0.02717846492595617
64.0 78.0 0.0
64.0 80.0 0.0
64.0 82.0 0.0
64.0 84.0 0.0
64.0 86.0 0.0
64.0 88.0 0.0
64.0 90.0 0.0
64.0 92.0 0.0
64.0 94.0 0.0
64.0 96.0 0.0
64.0 98.0 0.0
64.0 100.0 0.0
64.0 102.0 9.089585945758721E-4
64.0 104.0 0.00455001545145734
64.0 106.0 0.005993550941965691
64.0 108.0 0.005258562003843818
64.0 110.0 0.0038343166512101595
64.0 112.0 0.0033662783370859892
64.0 114.0 0.0031703150298802835
64.0 116.0 0.005609922686675063
64.0 118.0 0.015281524029327982
64.0 120.0 0.04394911170747665
64.0 122.0 0.08675078596983125
64.0 124.0 0.17340836405438775
64.0 126.0 0.32751076812383356
66.0 0.0 0.0
66.0 2.0 0.355606612252515
66.0 4.0 0.1655257509170772
66.0 6.0 0.20164832570739186
66.0 8.0 0.269652721184332
66.0 10.0 0.347875933654377
66.0 12.0 0.39657079939815615
66.0 14.0 0.41631719858009736
66.0 16.0 0.41665242034089195
66.0 18.0 0.36640840134947106
66.0 20.0 0.2558431332608816
66.0 22.0 0.10375487608056079
66.0 24.0 9.101485624138057E-4
66.0 26.0 0.0
66.0 28.0 0.0
66.0 30.0 0.0
66.0 32.0 0.0
66.0 34.0 0.0
66.0 36.0 0.0
66.0 38.0 0.0
66.0 40.0 0.0
66.0 42.0 0.0
66.0 44.0 0.0
66.0 46.0 0.0
66.0 48.0 0.0
66.0 50.0 0.0
66.0 52.0 0.0
66.0 54.0 0.0014980007178294447
66.0 56.0 0.033441949850358706
66.0 58.0 0.08848455978585311
66.0 60.0 0.1377020512799604
66.0 62.0 0.17525711033119293
66.0 64.0 0.19469779749481272
66.0 66.0 0.2092540191971968
66.0 68.0 0.20594961305872272
66.0 70.0 0.18486540467810283
66.0 72.0 0.14133166039778622
66.0 74.0 0.08218873174289161
66.0 76.0 0.01716726250568679
66.0 78.0 0.0
66.0 80.0 0.0
66.0 82.0 0.0
66.0 84.0 0.0
66.0 86.0 0.0
66.0 88.0 0.0
66.0 90.0 0.0
66.0 92.0 0.0
66.0 94.0 0.0
66.0 96.0 0.0
66.0 98.0 5.54506314558097E-4
66.0 100.0 0.006487291561272833
66.0 102.0 0.010999630825408988
66.0 104.0 0.005861967269561035
66.0 106.0 8.293481034874839E-4
66.0 108.0 8.977076301788956E-5
66.0 110.0 0.0
66.0 112.0 0.0
66.0 114.0 0.0
66.0 116.0 0.0
66.0 118.0 0.0026628466716305424
66.0 120.0 0.01675834395621123
66.0 122.0 0.04801946071551271
66.0 124.0 0.12073542742365045
66.0 126.0 0.25820022284275607
68.0 0.0 0.0
68.0 2.0 0.3031902101489264
68.0 4.0 0.1514892873096496
68.0 6.0 0.19135272634090147
68.0 8.0 0.24893749138845445
68.0 10.0 0.31923567578357626
68.0 12.0 0.3695713368133165
68.0 14.0 0.4073111781352765
68.0 16.0 0.3868226238002131
68.0 18.0 0.28983484097706336
68.0 20.0 0.1288039645068407
68.0 22.0 0.03771156749915081
68.0 24.0 0.0
68.0 26.0 0.0
68.0 28.0 0.0
68.0 30.0 0.0
68.0 32.0 0.0
68.0 34.0 0.0
68.0 36.0 0.0
68.0 38.0 0.0
68.0 40.0 0.0
68.0 42.0 0.0
68.0 44.0 0.0
68.0 46.0 0.0
68.0 48.0 0.0
68.0 50.0 0.0
68.0 52.0 2.5303674935580987E-5
68.0 54.0 6.557722409608935E-4
68.0 56.0 0.012546138418062703
68.0 58.0 0.04430681110827487
68.0 60.0 0.07085740731211594
68.0 62.0 0.08909929729651606
68.0 64.0 0.10726528083844515
68.0 66.0 0.13190844965075885
68.0 68.0 0.13364586124510264
68.0 70.0 0.12023982453502664
68.0 72.0 0.08978422465548103
68.0 74.0 0.050321869597285275
68.0 76.0 0.007394751347302515
68.0 78.0 0.0
68.0 80.0 0.0
68.0 82.0 0.0
68.0 84.0 0.0
68.0 86.0 0.0
68.0 88.0 0.0
68.0 90.0 0.0
68.0 92.0 0.0
68.0 94.0 0.0
68.0 96.0 0.0037362365937397522
68.0 98.0 0.040542368912189285
68.0 100.0 0.07114004871709752
68.0 102.0 0.05453178539652134
68.0 104.0 0.013234855883285934
68.0 106.0 4.7358331402684323E-4
68.0 108.0 0.0
68.0 110.0 0.0
68.0 112.0 0.0
68.0 114.0 0.0
68.0 116.0 0.0
68.0 118.0 0.0
68.0 120.0 0.0
68.0 122.0 0.0042454048504166515
68.0 124.0 0.0327106544750708
68.0 126.0 0.1315417133319878
70.0 0.0 0.0
70.0 2.0 0.19915176947680444
70.0 4.0 0.1287024310216269
70.0 6.0 0.16865146407471632
70.0 8.0 0.2186991488085512
70.0 10.0 0.2794175161487471
70.0 12.0 0.3674412419183016
70.0 14.0 0.3764771042332475
70.0 16.0 0.26726660231292076
70.0 18.0 0.16082487016149002
70.0 20.0 0.062276397729525555
70.0 22.0 0.0
70.0 24.0 0.0
70.0 26.0 0.0
70.0 28.0 0.0
70.0 30.0 0.0
70.0 32.0 0.0
70.0 34.0 0.0
70.0 36.0 0.0
70.0 38.0 0.0
70.0 40.0 0.0
70.0 42.0 0.0
70.0 44.0 0.0
70.0 46.0 0.0012273366227939272
70.0 48.0 0.005601275917691808
70.0 50.0 0.007246119558978233
70.0 52.0 0.004611700479150011
70.0 54.0 0.0013362105904999987
70.0 56.0 0.0011717520075820904
70.0 58.0 0.0042658960021762565
70.0 60.0 0.006213086111062835
70.0 62.0 0.005270223377888686
70.0 64.0 0.031915282462413784
70.0 66.0 0.06156044805956576
70.0 68.0 0.06982353808535889
70.0 70.0 0.061934139422912544
70.0 72.0 0.04529324660551964
70.0 74.0 0.023221478531660223
70.0 76.0 0.003974310860208563
70.0 78.0 0.0
70.0 80.0 0.0
70.0 82.0 0.0
70.0 84.0 0.0
70.0 86.0 0.0
70.0 88.0 0.0
70.0 90.0 0.0
70.0 92.0 0.0
70.0 94.0 0.006106658445086877
70.0 96.0 0.06190653822745393
70.0 98.0 0.12010322727633316
70.0 100.0 0.15078898549689762
70.0 102.0 0.12451274810891554
70.0 104.0 0.03015626543101091
70.0 106.0 0.0
70.0 108.0 0.0
70.0 110.0 0.0
70.0 112.0 0.0
70.0 114.0 0.0
70.0 116.0 0.0
70.0 118.0 0.0
70.0 120.0 0.0
70.0 122.0 0.0
70.0 124.0 0.0
70.0 126.0 0.008776666767401966
72.0 0.0 0.0
72.0 2.0 0.062022449228119274
72.0 4.0 0.0972557240061064
72.0 6.0 0.1394549084888117
72.0 8.0 0.18399936857364266
72.0 10.0 0.24801075457788332
72.0 12.0 0.3103866816798199
72.0 14.0 0.2729648969858766
72.0 16.0 0.1614088236676324
72.0 18.0 0.0790902202104504
72.0 20.0 0.006367613512592016
72.0 22.0 0.0
72.0 24.0 0.0
72.0 26.0 0.0
72.0 28.0 0.0
72.0 30.0 0.0
72.0 32.0 0.0
72.0 34.0 0.0
72.0 36.0 0.0
72.0 38.0 0.0
72.0 40.0 0.0
72.0 42.0 0.0
72.0 44.0 4.988634108406214E-4
72.0 46.0 0.0057712296414821505
72.0 48.0 0.01666860034563773
72.0 50.0 0.01913546982514699
72.0 52.0 0.009294699329703901
72.0 54.0 0.0025588158195195498
72.0 56.0 0.0
72.0 58.0 0.0
72.0 60.0 0.0
72.0 62.0 0.0
72.0 64.0 8.720989263146427E-4
72.0 66.0 0.005683891877564451
72.0 68.0 0.00905900269454351
72.0 70.0 0.00829862989884359
72.0 72.0 0.007094882723995554
72.0 74.0 0.005368633227969221
72.0 76.0 0.0022961486731794558
72.0 78.0 0.0
72.0 80.0 0.0
72.0 82.0 0.0
72.0 84.0 0.0
72.0 86.0 0.0
72.0 88.0 0.0
72.0 90.0 0.0
72.0 92.0 0.01829367821415707
72.0 94.0 0.09985694752198848
72.0 96.0 0.16292200640455864
72.0 98.0 0.21176916001907173
72.0 100.0 0.22561606850417892
72.0 102.0 0.18598852498234422
72.0 104.0 0.0973557047222543
72.0 106.0 0.0034259614919582453
72.0 108.0 0.0
72.0 110.0 0.0
72.0 112.0 0.0
72.0 114.0 0.0
72.0 116.0 0.0
72.0 118.0 0.0
72.0 120.0 0.0
72.0 122.0 0.0
72.0 124.0 0.0
72.0 126.0 0.0
74.0 0.0 0.0
74.0 2.0 0.0010063420398369722
74.0 4.0 0.06289434296760692
74.0 6.0 0.10839665076245382
74.0 8.0 0.14013246472679888
74.0 10.0 0.19054784913082123
74.0 12.0 0.17280366002184555
74.0 14.0 0.10723015801415897
74.0 16.0 0.06976344882664508
74.0 18.0 0.007131187052828215
74.0 20.0 0.0
74.0 22.0 0.0
74.0 24.0 0.0
74.0 26.0 0.0
74.0 28.0 0.0
74.0 30.0 0.0
74.0 32.0 0.0
74.0 34.0 0.0
74.0 36.0 0.0010965586247563212
74.0 38.0 0.0019085437801468076
74.0 40.0 4.80682590653357E-4
74.0 42.0 6.449074955279542E-5
74.0 44.0 6.636643239477398E-4
74.0 46.0 0.00557503787545955
74.0 48.0 0.013658068273192034
74.0 50.0 0.0203282580190698
74.0 52.0 0.013906816403502607
74.0 54.0 0.002502440321941933
74.0 56.0 0.0
74.0 58.0 0.0
74.0 60.0 0.0
74.0 62.0 0.0
74.0 64.0 0.0
74.0 66.0 0.0
74.0 68.0 0.0
74.0 70.0 0.0
74.0 72.0 0.0
74.0 74.0 0.0
74.0 76.0 9.048570642633943E-4
74.0 78.0 0.0015640798321597622
74.0 80.0 0.0
74.0 82.0 0.0
74.0 84.0 0.0015110741500294477
74.0 86.0 0.005627242594936338
74.0 88.0 0.010355707787235135
74.0 90.0 0.07138423204106711
74.0 92.0 0.15546672063541492
74.0 94.0 0.23273962616229302
74.0 96.0 0.28264185124416613
74.0 98.0 0.30382810689237644
74.0 100.0 0.2996120751259273
74.0 102.0 0.24877984539159184
74.0 104.0 0.14328301082786912
74.0 106.0 0.01986456146813152
74.0 108.0 0.0
74.0 110.0 0.0
74.0 112.0 0.0
74.0 114.0 0.0
74.0 116.0 0.0
74.0 118.0 0.0
74.0 120.0 0.0
74.0 122.0 0.0
74.0 124.0 0.0
74.0 126.0 0.0
76.0 0.0 0.0
76.0 2.0 0.0
76.0 4.0 0.021707385985501815
76.0 6.0 0.0646766416685999
76.0 8.0 0.08286923321871882
76.0 10.0 0.06387458179255069
76.0 12.0 0.012158044995990118
76.0 14.0 0.0017719438874914117
76.0 16.0 0.002048275079281917
76.0 18.0 0.0
76.0 20.0 0.0
76.0 22.0 0.0
76.0 24.0 0.0
76.0 26.0 0.0
76.0 28.0 0.0
76.0 30.0 0.0
76.0 32.0 1.1361658688206609E-4
76.0 34.0 0.0027533763807831226
76.0 36.0 0.004865857626674616
76.0 38.0 0.004410879511974352
76.0 40.0 0.0028642308796414766
76.0 42.0 1.8147714265957384E-4
76.0 44.0 0.0019122726487188595
76.0 46.0 0.007564610245689916
76.0 48.0 0.014887565747539305
76.0 50.0 0.04541013867008984
76.0 52.0 0.02073907469744481
76.0 54.0 3.1882943302900005E-4
76.0 56.0 0.0
76.0 58.0 0.0
76.0 60.0 0.0
76.0 62.0 0.0
76.0 64.0 0.0
76.0 66.0 0.0
76.0 68.0 0.0
76.0 70.0 0.0
76.0 72.0 0.0
76.0 74.0 0.0
76.0 76.0 6.441748287979576E-4
76.0 78.0 0.00520990589833092
76.0 80.0 0.013264158122774072
76.0 82.0 0.02586896912472164
76.0 84.0 0.039345092089247476
76.0 86.0 0.05737184728428304
76.0 88.0 0.11892648423436199
76.0 90.0 0.20446465418779636
76.0 92.0 0.2846674692938858
76.0 94.0 0.35192984527561455
76.0 96.0 0.39002090646573384
76.0 98.0 0.37494785100031874
76.0 100.0 0.35619147642793064
76.0 102.0 0.3000425469428604
76.0 104.0 0.18755102223957787
76.0 106.0 0.04513231542793785
76.0 108.0 0.0
76.0 110.0 0.0
76.0 112.0 0.0
76.0 114.0 0.0
76.0 116.0 0.0
76.0 118.0 0.0
76.0 120.0 0.0
76.0 122.0 0.0
76.0 124.0 0.0
76.0 126.0 0.0
78.0 0.0 0.0
78.0 2.0 0.0
78.0 4.0 0.0
78.0 6.0 0.0016201112238507802
78.0 8.0 0.0034460894495034235
78.0 10.0 0.0
78.0 12.0 0.0
78.0 14.0 0.0
78.0 16.0 0.0
78.0 18.0 0.0
78.0 20.0 0.0
78.0 22.0 0.0
78.0 24.0 0.0
78.0 26.0 0.0
78.0 28.0 0.0
78.0 30.0 0.0012059411882022002
78.0 32.0 0.009380790975161648
78.0 34.0 0.014383988338668488
78.0 36.0 0.012662267385567624
78.0 38.0 0.00950223220218699
78.0 40.0 0.005741530895337966
78.0 42.0 0.004363964389618614
78.0 44.0 0.008810357389644979
78.0 46.0 0.01307275489558856
78.0 48.0 0.04216828620349555
78.0 50.0 0.05179725694365325
78.0 52.0 0.014237930431848273
78.0 54.0 0.0
78.0 56.0 0.0
78.0 58.0 0.0
78.0 60.0 0.0
78.0 62.0 0.0
78.0 64.0 0.0
78.0 66.0 0.0
78.0 68.0 0.0
78.0 70.0 0.0
78.0 72.0 0.0
78.0 74.0 0.0
78.0 76.0 4.899266645629557E-4
78.0 78.0 0.006970499930531918
78.0 80.0 0.021746495447719557
78.0 82.0 0.0463991623402936
78.0 84.0 0.08894777799324938
78.0 86.0 0.12057203800849149
78.0 88.0 0.20247017459090055
78.0 90.0 0.2989106554827729
78.0 92.0 0.37971846020510097
78.0 94.0 0.4428995751910961
78.0 96.0 0.4409442071199945
78.0 98.0 0.4322228077962306
78.0 100.0 0.4106103526451174
78.0 102.0 0.3490496103904189
78.0 104.0 0.2296879406978283
78.0 106.0 0.06724431743457822
78.0 108.0 0.0
78.0 110.0 0.0
78.0 112.0 0.0
78.0 114.0 0.0
78.0 116.0 0.0
78.0 118.0 0.0
78.0 120.0 0.0
78.0 122.0 0.0
78.0 124.0 0.0
78.0 126.0 0.0
80.0 0.0 0.0
80.0 2.0 0.0
80.0 4.0 0.0
80.0 6.0 0.0
80.0 8.0 0.0
80.0 10.0 0.0
80.0 12.0 0.0
80.0 14.0 0.0
80.0 16.0 0.0
80.0 18.0 0.0
80.0 20.0 0.0
80.0 22.0 0.0
80.0 24.0 0.0
80.0 26.0 0.0
80.0 28.0 0.001966967831916206
80.0 30.0 0.01674819643395786
80.0 32.0 0.033496445288266286
80.0 34.0 0.033398976460813745
80.0 36.0 0.02745534061991765
80.0 38.0 0.020203961488942147
80.0 40.0 0.01435431580799644
80.0 42.0 0.011242743074067635
80.0 44.0 0.010099068377952637
80.0 46.0 0.021833234573526792
80.0 48.0 0.06473709578431468
80.0 50.0 0.050397551374594646
80.0 52.0 0.0026880867466362586
80.0 54.0 0.0
80.0 56.0 0.0
80.0 58.0 0.0
80.0 60.0 0.0
80.0 62.0 0.0
80.0 64.0 0.0
80.0 66.0 0.0
80.0 68.0 0.0
80.0 70.0 0.0
80.0 72.0 0.0
80.0 74.0 0.0
80.0 76.0 0.00789652322950167
80.0 78.0 0.027799725260071
80.0 80.0 0.048594349844418024
80.0 82.0 0.08172939861983687
80.0 84.0 0.09635994363232554
80.0 86.0 0.13676136880309783
80.0 88.0 0.23308934927400313
80.0 90.0 0.35827564220500396
80.0 92.0 0.4576057083542111
80.0 94.0 0.4505146398989137
80.0 96.0 0.4763766283414248
80.0 98.0 0.4816128582026338
80.0 100.0 0.455197280080758
80.0 102.0 0.39041101426603414
80.0 104.0 0.26774987833380665
80.0 106.0 0.08899854067572689
80.0 108.0 0.0
80.0 110.0 0.0
80.0 112.0 0.0
80.0 114.0 0.0
80.0 116.0 0.0
80.0 118.0 0.0
80.0 120.0 0.0
80.0 122.0 0.0
80.0 124.0 0.0
80.0 126.0 0.0
82.0 0.0 0.0
82.0 2.0 0.0
82.0 4.0 0.0
82.0 6.0 0.0
82.0 8.0 0.0
82.0 10.0 0.0
82.0 12.0 0.0
82.0 14.0 0.0
82.0 16.0 0.0
82.0 18.0 0.0
82.0 20.0 0.0
82.0 22.0 0.0
82.0 24.0 0.0
82.0 26.0 0.0
82.0 28.0 0.00673672827759943
82.0 30.0 0.043627757082838114
82.0 32.0 0.1052160292879238
82.0 34.0 0.10989959212839556
82.0 36.0 0.09230642586527388
82.0 38.0 0.07368723602316436
82.0 40.0 0.05769390872017552
82.0 42.0 0.03974306823556773
82.0 44.0 0.030203548001801
82.0 46.0 0.06968789958645677
82.0 48.0 0.0773359967341466
82.0 50.0 0.030038732660488916
82.0 52.0 0.0
82.0 54.0 0.0
82.0 56.0 0.0
82.0 58.0 0.0
82.0 60.0 0.0
82.0 62.0 0.0
82.0 64.0 0.0
82.0 66.0 0.0
82.0 68.0 0.0
82.0 70.0 0.0
82.0 72.0 0.0
82.0 74.0 0.003901776767711331
82.0 76.0 0.01651933418497444
82.0 78.0 0.02998605876530706
82.0 80.0 0.04942024524628943
82.0 82.0 0.06679248079800677
82.0 84.0 0.07658894085875188
82.0 86.0 0.10510248568823881
82.0 88.0 0.19284098003655412
82.0 90.0 0.3421056817951069
82.0 92.0 0.4638040629087423
82.0 94.0 0.4594098091789287
82.0 96.0 0.4962103001384532
82.0 98.0 0.509561582686416
82.0 100.0 0.48963886568128373
82.0 102.0 0.42843654753798127
82.0 104.0 0.30721447214097714
82.0 106.0 0.11531115525965903
82.0 108.0 0.0
82.0 110.0 0.0
82.0 112.0 0.0
82.0 114.0 0.0
82.0 116.0 0.0
82.0 118.0 0.0
82.0 120.0 0.0
82.0 122.0 0.0
82.0 124.0 0.0
82.0 126.0 0.0
84.0 0.0 0.0
84.0 2.0 0.0
84.0 4.0 0.0
84.0 6.0 0.0
84.0 8.0 0.0
84.0 10.0 0.0
84.0 12.0 0.0
84.0 14.0 0.0
84.0 16.0 0.0
84.0 18.0 0.0
84.0 20.0 0.0
84.0 22.0 0.0
84.0 24.0 0.0
84.0 26.0 9.003250310018232E-4
84.0 28.0 0.02467828968324942
84.0 30.0 0.1128044529618641
84.0 32.0 0.2006375606935719
84.0 34.0 0.2182290810333631
84.0 36.0 0.1944567756480334
84.0 38.0 0.1562709140271797
84.0 40.0 0.10693394785194882
84.0 42.0 0.10197576316045465
84.0 44.0 0.09208248484983167
84.0 46.0 0.08374566512405145
84.0 48.0 0.059689144549118944
84.0 50.0 5.671752993778768E-4
84.0 52.0 0.0
84.0 54.0 0.0
84.0 56.0 0.0
84.0 58.0 0.0
84.0 60.0 0.0
84.0 62.0 0.0
84.0 64.0 0.0
84.0 66.0 0.0
84.0 68.0 0.0
84.0 70.0 0.0
84.0 72.0 4.8605851645030417E-4
84.0 74.0 0.004676540004837572
84.0 76.0 0.011954689098070403
84.0 78.0 0.019432955572477737
84.0 80.0 0.028513032479232394
84.0 82.0 0.02561574870724512
84.0 84.0 0.01724804311367116
84.0 86.0 0.019567997168162748
84.0 88.0 0.07625305820170097
84.0 90.0 0.22845109589385973
84.0 92.0 0.37863607536095406
84.0 94.0 0.47799980276526766
84.0 96.0 0.46792615919769953
84.0 98.0 0.48983688175495854
84.0 100.0 0.48959433013328324
84.0 102.0 0.4468080267770056
84.0 104.0 0.3398602535547354
84.0 106.0 0.15242024630240922
84.0 108.0 0.001207959342173461
84.0 110.0 0.0
84.0 112.0 0.0
84.0 114.0 0.0
84.0 116.0 0.0
84.0 118.0 0.0
84.0 120.0 0.0
84.0 122.0 0.0
84.0 124.0 0.0
84.0 126.0 0.0
86.0 0.0 0.0
86.0 2.0 0.0
86.0 4.0 0.0
86.0 6.0 0.0
86.0 8.0 0.0
86.0 10.0 0.0
86.0 12.0 0.0
86.0 14.0 0.0
86.0 16.0 0.0
86.0 18.0 0.0
86.0 20.0 0.0
86.0 22.0 0.0
86.0 24.0 0.0
86.0 26.0 0.011549228489846861
86.0 28.0 0.07354991561450579
86.0 30.0 0.20135716506101176
86.0 32.0 0.306436975315424
86.0 34.0 0.3432233187204154
86.0 36.0 0.2872186303131627
86.0 38.0 0.23068700580877724
86.0 40.0 0.20054020328961705
86.0 42.0 0.1498048049729521
86.0 44.0 0.10112197103429195
86.0 46.0 0.08232845545205614
86.0 48.0 0.030781810986045672
86.0 50.0 0.0
86.0 52.0 0.0
86.0 54.0 0.0
86.0 56.0 0.0
86.0 58.0 0.0
86.0 60.0 0.0
86.0 62.0 0.0
86.0 64.0 0.0
86.0 66.0 0.0
86.0 68.0 0.0
86.0 70.0 0.0
86.0 72.0 0.0
86.0 74.0 4.19856816767834E-4
86.0 76.0 0.002260321118009364
86.0 78.0 0.0030289397980880484
86.0 80.0 0.003084638461520748
86.0 82.0 0.002289154671830142
86.0 84.0 0.0
86.0 86.0 0.0
86.0 88.0 1.8391376743037908E-4
86.0 90.0 0.08382923124353552
86.0 92.0 0.2316930785478405
86.0 94.0 0.3579636897031953
86.0 96.0 0.4423159539878163
86.0 98.0 0.48253139744490986
86.0 100.0 0.48471748244268303
86.0 102.0 0.4546118737500227
86.0 104.0 0.36620351965380943
86.0 106.0 0.19750293256410645
86.0 108.0 0.010215757535779024
86.0 110.0 0.0
86.0 112.0 0.0
86.0 114.0 0.0
86.0 116.0 0.0
86.0 118.0 0.0
86.0 120.0 0.0
86.0 122.0 0.0
86.0 124.0 0.0
86.0 126.0 0.0
88.0 0.0 0.0
88.0 2.0 0.0
88.0 4.0 0.0
88.0 6.0 0.0
88.0 8.0 0.0
88.0 10.0 0.0
88.0 12.0 0.0
88.0 14.0 0.0
88.0 16.0 0.0
88.0 18.0 0.0
88.0 20.0 0.0
88.0 22.0 0.0
88.0 24.0 0.0037567586961250892
88.0 26.0 0.045717536336962995
88.0 28.0 0.1440919793778093
88.0 30.0 0.26745507874111324
88.0 32.0 0.3669293363059187
88.0 34.0 0.4200511100189767
88.0 36.0 0.41600564571392745
88.0 38.0 0.36664565236145036
88.0 40.0 0.2736293526078847
88.0 42.0 0.1789160849253643
88.0 44.0 0.12243168801800403
88.0 46.0 0.062357279559474114
88.0 48.0 0.0
88.0 50.0 0.0
88.0 52.0 0.0
88.0 54.0 0.0
88.0 56.0 0.0
88.0 58.0 0.0
88.0 60.0 0.0
88.0 62.0 0.0
88.0 64.0 0.0
88.0 66.0 0.0
88.0 68.0 0.0
88.0 70.0 0.0
88.0 72.0 0.0
88.0 74.0 0.006663667051027384
88.0 76.0 0.008219709539375722
88.0 78.0 0.0029293973199683
88.0 80.0 7.078643011588414E-4
88.0 82.0 0.0
88.0 84.0 0.0
88.0 86.0 0.0
88.0 88.0 0.0
88.0 90.0 0.0
88.0 92.0 0.0782454473127004
88.0 94.0 0.19822360943931328
88.0 96.0 0.2954072630967226
88.0 98.0 0.3782350960955496
88.0 100.0 0.4834469243609216
88.0 102.0 0.47690643293041207
88.0 104.0 0.39658785480086184
88.0 106.0 0.23372369379381627
88.0 108.0 0.04161784269087553
88.0 110.0 0.0
88.0 112.0 0.0
88.0 114.0 0.0
88.0 116.0 0.0
88.0 118.0 0.0
88.0 120.0 0.0
88.0 122.0 0.0
88.0 124.0 0.0
88.0 126.0 0.0
90.0 0.0 0.0
90.0 2.0 0.0
90.0 4.0 0.0
90.0 6.0 0.0
90.0 8.0 0.0
90.0 10.0 0.0
90.0 12.0 0.0
90.0 14.0 0.0
90.0 16.0 0.0
90.0 18.0 0.0
90.0 20.0 0.0
90.0 22.0 0.0
90.0 24.0 0.010234914278937869
90.0 26.0 0.0823542805568994
90.0 28.0 0.19341401259616608
90.0 30.0 0.3022385128263378
90.0 32.0 0.3858576390340199
90.0 34.0 0.4352041909637688
90.0 36.0 0.455487294505633
90.0 38.0 0.43027549115175473
90.0 40.0 0.35940873732115897
90.0 42.0 0.24856087261322568
90.0 44.0 0.10396383483143214
90.0 46.0 0.009448069859103875
90.0 48.0 0.0
90.0 50.0 0.0
90.0 52.0 0.0
90.0 54.0 0.0
90.0 56.0 0.0
90.0 58.0 0.0
90.0 60.0 0.0
90.0 62.0 0.0
90.0 64.0 0.0
90.0 66.0 0.0
90.0 68.0 0.0
90.0 70.0 0.0
90.0 72.0 0.0
90.0 74.0 0.010470834199286011
90.0 76.0 0.008585074100090679
90.0 78.0 8.096832549074464E-5
90.0 80.0 0.0
90.0 82.0 0.0
90.0 84.0 0.0
90.0 86.0 0.0
90.0 88.0 0.0
90.0 90.0 0.0
90.0 92.0 0.0011059904144447108
90.0 94.0 0.08299399758608468
90.0 96.0 0.19427115190708452
90.0 98.0 0.3326836841498226
90.0 100.0 0.4147658451129154
90.0 102.0 0.45304977434374744
90.0 104.0 0.3935109124894572
90.0 106.0 0.2708791116598384
90.0 108.0 0.09115772763628238
90.0 110.0 0.0
90.0 112.0 0.0
90.0 114.0 0.0
90.0 116.0 0.0
90.0 118.0 0.0
90.0 120.0 0.0
90.0 122.0 0.0
90.0 124.0 0.0
90.0 126.0 0.0
92.0 0.0 0.0
92.0 2.0 0.0
92.0 4.0 0.0
92.0 6.0 0.0
92.0 8.0 0.0
92.0 10.0 0.0
92.0 12.0 0.0
92.0 14.0 0.0
92.0 16.0 0.0
92.0 18.0 0.0
92.0 20.0 0.0
92.0 22.0 3.9547900555165664E-4
92.0 24.0 0.021616553137694047
92.0 26.0 0.11376861062823412
92.0 28.0 0.22432170755607617
92.0 30.0 0.3313847086773052
92.0 32.0 0.4123015004957203
92.0 34.0 0.45728050354542144
92.0 36.0 0.49267116701572927
92.0 38.0 0.48996179649445465
92.0 40.0 0.415106334737447
92.0 42.0 0.27547976904545934
92.0 44.0 0.08970418909589224
92.0 46.0 0.0
92.0 48.0 0.0
92.0 50.0 0.0
92.0 52.0 0.0
92.0 54.0 0.0
92.0 56.0 0.0
92.0 58.0 0.0
92.0 60.0 0.0
92.0 62.0 0.0
92.0 64.0 0.001153329079490324
92.0 66.0 0.007730143197593798
92.0 68.0 0.009604907404723346
92.0 70.0 0.0037308950399094713
92.0 72.0 0.006063427508947801
92.0 74.0 0.019001637687898913
92.0 76.0 0.02127227864730384
92.0 78.0 0.0
92.0 80.0 0.0
92.0 82.0 0.0
92.0 84.0 0.0
92.0 86.0 0.0
92.0 88.0 0.0
92.0 90.0 0.0
92.0 92.0 0.0
92.0 94.0 0.0032738140530240603
92.0 96.0 0.08769523362436848
92.0 98.0 0.20531676786583197
92.0 100.0 0.3275993995617475
92.0 102.0 0.3901739147328605
92.0 104.0 0.3894877657390239
92.0 106.0 0.29092590426279635
92.0 108.0 0.13891191651784845
92.0 110.0 0.010248972429371632
92.0 112.0 0.0
92.0 114.0 0.0
92.0 116.0 0.0
92.0 118.0 0.0
92.0 120.0 0.0
92.0 122.0 0.0
92.0 124.0 0.0
92.0 126.0 0.0
94.0 0.0 0.0
94.0 2.0 0.0
94.0 4.0 0.0
94.0 6.0 0.0
94.0 8.0 0.0
94.0 10.0 0.0
94.0 12.0 0.0
94.0 14.0 0.0
94.0 16.0 0.0
94.0 18.0 0.0
94.0 20.0 0.0
94.0 22.0 0.0010691164926045697
94.0 24.0 0.03479588540592023
94.0 26.0 0.13367093355614754
94.0 28.0 0.2408202179760869
94.0 30.0 0.3617044571668906
94.0 32.0 0.43485218234731043
94.0 34.0 0.4742691988625782
94.0 36.0 0.525149260509846
94.0 38.0 0.5340498035566191
94.0 40.0 0.46089872870325704
94.0 42.0 0.29476455306959654
94.0 44.0 0.05133589944778443
94.0 46.0 0.0
94.0 48.0 0.0
94.0 50.0 0.0
94.0 52.0 0.0
94.0 54.0 0.0
94.0 56.0 0.0
94.0 58.0 0.0
94.0 60.0 0.0
94.0 62.0 0.0
94.0 64.0 0.027077909258837646
94.0 66.0 0.06868576865164379
94.0 68.0 0.09614764422246107
94.0 70.0 0.10704303038074643
94.0 72.0 0.10181675256201302
94.0 74.0 0.053615541754493734
94.0 76.0 0.0368700850539807
94.0 78.0 0.0
94.0 80.0 0.0
94.0 82.0 0.0
94.0 84.0 0.0
94.0 86.0 0.0
94.0 88.0 0.0
94.0 90.0 0.0
94.0 92.0 0.0
94.0 94.0 0.0
94.0 96.0 0.005474186725762834
94.0 98.0 0.09768215240056398
94.0 100.0 0.2155102013356082
94.0 102.0 0.2966175405543368
94.0 104.0 0.3408814288320115
94.0 106.0 0.28925094782792443
94.0 108.0 0.183918121042189
94.0 110.0 0.06958864899731598
94.0 112.0 0.0
94.0 114.0 0.0
94.0 116.0 0.0
94.0 118.0 0.0
94.0 120.0 0.0
94.0 122.0 0.0
94.0 124.0 0.0
94.0 126.0 0.0
96.0 0.0 0.0
96.0 2.0 0.0
96.0 4.0 0.0
96.0 6.0 0.0
96.0 8.0 0.0
96.0 10.0 0.0
96.0 12.0 0.0
96.0 14.0 0.0
96.0 16.0 0.0
96.0 18.0 0.0
96.0 20.0 0.0
96.0 22.0 0.0
96.0 24.0 0.028015050087493786
96.0 26.0 0.142153330765141
96.0 28.0 0.25966021675444323
96.0 30.0 0.3597962506658863
96.0 32.0 0.42954931354981823
96.0 34.0 0.4718271864904893
96.0 36.0 0.552231301871036
96.0 38.0 0.5577393576500336
96.0 40.0 0.48167822341453226
96.0 42.0 0.2755211912387571
96.0 44.0 0.0213119403567506
96.0 46.0 0.0
96.0 48.0 0.0
96.0 50.0 0.0
96.0 52.0 0.0
96.0 54.0 0.0
96.0 56.0 0.0
96.0 58.0 0.0
96.0 60.0 0.0
96.0 62.0 0.0
96.0 64.0 0.04494117395772936
96.0 66.0 0.12332929333857241
96.0 68.0 0.18134764629186284
96.0 70.0 0.22093077870847277
96.0 72.0 0.2228591130996452
96.0 74.0 0.16980696452559643
96.0 76.0 0.06410647119476333
96.0 78.0 0.0
96.0 80.0 0.0
96.0 82.0 0.0
96.0 84.0 0.0
96.0 86.0 0.0
96.0 88.0 0.0
96.0 90.0 0.0
96.0 92.0 0.0
96.0 94.0 0.0
96.0 96.0 0.0
96.0 98.0 0.009774888052749377
96.0 100.0 0.09844038489068146
96.0 102.0 0.19144003993757638
96.0 104.0 0.2601813628190657
96.0 106.0 0.2728151231020468
96.0 108.0 0.23128165428595834
96.0 110.0 0.14620875813647777
96.0 112.0 0.07106562365483728
96.0 114.0 0.0037730964869384085
96.0 116.0 0.0
96.0 118.0 0.0
96.0 120.0 0.0
96.0 122.0 0.0
96.0 124.0 0.0
96.0 126.0 0.0
98.0 0.0 0.0
98.0 2.0 0.0
98.0 4.0 0.0
98.0 6.0 0.0
98.0 8.0 0.0
98.0 10.0 0.0
98.0 12.0 0.0
98.0 14.0 0.0
98.0 16.0 0.0
98.0 18.0 0.0
98.0 20.0 0.0
98.0 22.0 0.0
98.0 24.0 0.03729204174555396
98.0 26.0 0.15766920434602286
98.0 28.0 0.2783602455605475
98.0 30.0 0.3785908469668276
98.0 32.0 0.4451580028672712
98.0 34.0 0.48052275582844045
98.0 36.0 0.556907462746653
98.0 38.0 0.5686306565100435
98.0 40.0 0.4745814056001354
98.0 42.0 0.23739658438986685
98.0 44.0 0.0026678781850469242
98.0 46.0 0.0
98.0 48.0 0.0
98.0 50.0 0.0
98.0 52.0 0.0
98.0 54.0 0.0
98.0 56.0 0.0
98.0 58.0 0.0
98.0 60.0 0.0
98.0 62.0 0.0
98.0 64.0 0.04700999221224315
98.0 66.0 0.15674090968135712
98.0 68.0 0.23390911110522258
98.0 70.0 0.28245874195406206
98.0 72.0 0.3120639721948902
98.0 74.0 0.25495402769457065
98.0 76.0 0.13307073546999412
98.0 78.0 0.004637479508799959
98.0 80.0 0.0
98.0 82.0 0.0
98.0 84.0 0.0
98.0 86.0 0.0
98.0 88.0 0.0
98.0 90.0 0.0
98.0 92.0 0.0
98.0 94.0 0.0
98.0 96.0 0.0
98.0 98.0 0.0
98.0 100.0 0.008741405772152303
98.0 102.0 0.08607360402324249
98.0 104.0 0.187422708286568
98.0 106.0 0.24070598495802695
98.0 108.0 0.24483561445159943
98.0 110.0 0.20914697341105906
98.0 112.0 0.18282178788296266
98.0 114.0 0.13492988092771382
98.0 116.0 0.0583887612928732
98.0 118.0 0.0
98.0 120.0 0.0
98.0 122.0 0.0
98.0 124.0 0.0
98.0 126.0 0.0
100.0 0.0 0.0
100.0 2.0 0.0
100.0 4.0 0.0
100.0 6.0 0.0
100.0 8.0 0.0
100.0 10.0 0.0
100.0 12.0 0.0
100.0 14.0 0.0
100.0 16.0 0.0
100.0 18.0 0.0
100.0 20.0 0.0
100.0 22.0 0.0017177437164069432
100.0 24.0 0.0650705296206184
100.0 26.0 0.1946335210757836
100.0 28.0 0.3164125146936005
100.0 30.0 0.42235348462766
100.0 32.0 0.4644793703418641
100.0 34.0 0.5229435667569443
100.0 36.0 0.5538051636431219
100.0 38.0 0.5586554202679296
100.0 40.0 0.4450443853571451
100.0 42.0 0.18868845605958248
100.0 44.0 0.0
100.0 46.0 0.0
100.0 48.0 0.0
100.0 50.0 0.0
100.0 52.0 0.0
100.0 54.0 0.0
100.0 56.0 0.0
100.0 58.0 0.0
100.0 60.0 0.0
100.0 62.0 0.0
100.0 64.0 0.03845924276818382
100.0 66.0 0.15866034616718375
100.0 68.0 0.25110814878100257
100.0 70.0 0.30516626226587257
100.0 72.0 0.3662710235055122
100.0 74.0 0.31986616742745655
100.0 76.0 0.20671792131920383
100.0 78.0 0.03468484490994188
100.0 80.0 0.0
100.0 82.0 0.0
100.0 84.0 0.0
100.0 86.0 0.0
100.0 88.0 0.0
100.0 90.0 0.0
100.0 92.0 0.0
100.0 94.0 0.0
100.0 96.0 0.0
100.0 98.0 0.0
100.0 100.0 0.0
100.0 102.0 0.017207841858309484
100.0 104.0 0.11446032627655539
100.0 106.0 0.21288710994159366
100.0 108.0 0.25611008517716577
100.0 110.0 0.25826944118256423
100.0 112.0 0.26645211318319056
100.0 114.0 0.2450068219264189
100.0 116.0 0.0
100.0 118.0 0.0
100.0 120.0 0.0
100.0 122.0 0.0
100.0 124.0 0.0
100.0 126.0 0.0
102.0 0.0 0.0
102.0 2.0 0.0
102.0 4.0 0.0
102.0 6.0 0.0
102.0 8.0 0.0
102.0 10.0 0.0
102.0 12.0 0.0
102.0 14.0 0.030114257693956894
102.0 16.0 0.0
102.0 18.0 0.0
102.0 20.0 0.0
102.0 22.0 0.0
102.0 24.0 0.05097582876370801
102.0 26.0 0.19567025484113407
102.0 28.0 0.33059366822416664
102.0 30.0 0.42775190429273
102.0 32.0 0.4591880305004632
102.0 34.0 0.4799635841028778
102.0 36.0 0.5690043217852924
102.0 38.0 0.5366880324884883
102.0 40.0 0.39849249764164085
102.0 42.0 0.13507163788679596
102.0 44.0 0.0
102.0 46.0 0.0
102.0 48.0 0.0
102.0 50.0 0.0
102.0 52.0 0.0
102.0 54.0 0.0
102.0 56.0 0.0
102.0 58.0 0.0
102.0 60.0 0.0
102.0 62.0 0.0
102.0 64.0 0.04483970702558527
102.0 66.0 0.16699794510542273
102.0 68.0 0.26127008573584487
102.0 70.0 0.3187566916778723
102.0 72.0 0.37677851667419815
102.0 74.0 0.3675424022369272
102.0 76.0 0.26957806301693193
102.0 78.0 0.08806829250586491
102.0 80.0 0.0
102.0 82.0 0.0
102.0 84.0 0.0
102.0 86.0 0.0
102.0 88.0 0.0
102.0 90.0 0.0
102.0 92.0 0.0
102.0 94.0 0.0
102.0 96.0 0.0
102.0 98.0 0.0
102.0 100.0 0.0
102.0 102.0 0.006000074902465989
102.0 104.0 0.06949631697105406
102.0 106.0 0.18949061824135158
102.0 108.0 0.26632485631688435
102.0 110.0 0.29648560075989966
102.0 112.0 0.32172995860810943
102.0 114.0 0.0
102.0 116.0 0.0
102.0 118.0 0.0
102.0 120.0 0.0
102.0 122.0 0.0
102.0 124.0 0.0
102.0 126.0 0.0
104.0 0.0 0.0
104.0 2.0 0.0
104.0 4.0 0.0
104.0 6.0 0.0
104.0 8.0 0.0
104.0 10.0 0.0
104.0 12.0 0.0
104.0 14.0 0.0
104.0 16.0 0.07108308580384005
104.0 18.0 0.0
104.0 20.0 0.0
104.0 22.0 0.0
104.0 24.0 0.05139212063388369
104.0 26.0 0.20117882954800406
104.0 28.0 0.3475253757209506
104.0 30.0 0.41073675316505814
104.0 32.0 0.4361331407810241
104.0 34.0 0.4888169434117642
104.0 36.0 0.5550127637722756
104.0 38.0 0.49813362570578174
104.0 40.0 0.3400977286606261
104.0 42.0 0.07758225504171924
104.0 44.0 0.0
104.0 46.0 0.0
104.0 48.0 0.0
104.0 50.0 0.0
104.0 52.0 0.0
104.0 54.0 0.0
104.0 56.0 0.0
104.0 58.0 0.0
104.0 60.0 0.0
104.0 62.0 0.0
104.0 64.0 0.024528765729240037
104.0 66.0 0.1611920868323004
104.0 68.0 0.24317944340346007
104.0 70.0 0.30998176588461507
104.0 72.0 0.40321391340250484
104.0 74.0 0.3918355336459502
104.0 76.0 0.3346313042537928
104.0 78.0 0.13893726149259958
104.0 80.0 0.0
104.0 82.0 0.0
104.0 84.0 0.0
104.0 86.0 0.0
104.0 88.0 0.0
104.0 90.0 0.0
104.0 92.0 0.0
104.0 94.0 0.0
104.0 96.0 0.0
104.0 98.0 0.0
104.0 100.0 0.0
104.0 102.0 5.379635514554717E-4
104.0 104.0 0.03793473657863288
104.0 106.0 0.1600538778442647
104.0 108.0 0.2711842697024839
104.0 110.0 0.3268925393214019
104.0 112.0 0.35860918520944346
104.0 114.0 0.0
104.0 116.0 0.0
104.0 118.0 0.0
104.0 120.0 0.0
104.0 122.0 0.0
104.0 124.0 0.0
104.0 126.0 0.0
106.0 0.0 0.0
106.0 2.0 0.0
106.0 4.0 0.0
106.0 6.0 0.0
106.0 8.0 0.0
106.0 10.0 0.0
106.0 12.0 0.0
106.0 14.0 0.0
106.0 16.0 0.0
106.0 18.0 0.09155875380548772
106.0 20.0 0.0
106.0 22.0 0.0
106.0 24.0 0.042909923856213276
106.0 26.0 0.19431932941378427
106.0 28.0 0.3285942615545087
106.0 30.0 0.4055852103219419
106.0 32.0 0.43843731053081547
106.0 34.0 0.47071846142013946
106.0 36.0 0.5005475349048836
106.0 38.0 0.4503220563847963
106.0 40.0 0.26641993573858247
106.0 42.0 0.023375962073146333
106.0 44.0 0.0
106.0 46.0 0.0
106.0 48.0 0.0
106.0 50.0 0.0
106.0 52.0 0.0
106.0 54.0 0.0
106.0 56.0 0.0
106.0 58.0 0.0
106.0 60.0 0.0
106.0 62.0 0.0
106.0 64.0 0.025522623444663464
106.0 66.0 0.17403972173464663
106.0 68.0 0.2578250716995398
106.0 70.0 0.31126867696212485
106.0 72.0 0.38383197296960586
106.0 74.0 0.40266395418795337
106.0 76.0 0.3741644423282225
106.0 78.0 0.20590514397083273
106.0 80.0 0.014410489271689801
106.0 82.0 0.0
106.0 84.0 0.0
106.0 86.0 0.0
106.0 88.0 0.0
106.0 90.0 0.0
106.0 92.0 0.0
106.0 94.0 0.0
106.0 96.0 0.0
106.0 98.0 0.0
106.0 100.0 0.0
106.0 102.0 0.0
106.0 104.0 0.019895620734662365
106.0 106.0 0.1194028248361576
106.0 108.0 0.26383453348056024
106.0 110.0 0.3485000169951517
106.0 112.0 0.0
106.0 114.0 0.0
106.0 116.0 0.0
106.0 118.0 0.0
106.0 120.0 0.0
106.0 122.0 0.0
106.0 124.0 0.0
106.0 126.0 0.0
108.0 0.0 0.0
108.0 2.0 0.0
108.0 4.0 0.0
108.0 6.0 0.0
108.0 8.0 0.0
108.0 10.0 0.0
108.0 12.0 0.0
108.0 14.0 0.0
108.0 16.0 0.0
108.0 18.0 0.0
108.0 20.0 0.124078710633812
108.0 22.0 0.011605994899182355
108.0 24.0 0.09317790029634614
108.0 26.0 0.19399463003833292
108.0 28.0 0.27493185147129096
108.0 30.0 0.35499215510588616
108.0 32.0 0.4143123851356502
108.0 34.0 0.44141810872180925
108.0 36.0 0.4307735557298194
108.0 38.0 0.3510677481712973
108.0 40.0 0.18384101103572145
108.0 42.0 0.0014883175239262154
108.0 44.0 0.0
108.0 46.0 0.0
108.0 48.0 0.0
108.0 50.0 0.0
108.0 52.0 0.0
108.0 54.0 0.0
108.0 56.0 0.0
108.0 58.0 0.0
108.0 60.0 0.0
108.0 62.0 0.0
108.0 64.0 0.03145913542008682
108.0 66.0 0.17316373569278262
108.0 68.0 0.27823066086321485
108.0 70.0 0.3101477982517103
108.0 72.0 0.347198021293098
108.0 74.0 0.4114052438236759
108.0 76.0 0.38794943389249115
108.0 78.0 0.27169292484784674
108.0 80.0 0.0732988119356814
108.0 82.0 0.0
108.0 84.0 0.0
108.0 86.0 0.0
108.0 88.0 0.0
108.0 90.0 0.0
108.0 92.0 0.0
108.0 94.0 0.0
108.0 96.0 0.0
108.0 98.0 0.0
108.0 100.0 0.0
108.0 102.0 0.0
108.0 104.0 0.003633308665801256
108.0 106.0 0.05675382681967448
108.0 108.0 0.21449985122354928
108.0 110.0 0.0
108.0 112.0 0.0
108.0 114.0 0.0
108.0 116.0 0.0
108.0 118.0 0.0
108.0 120.0 0.0
108.0 122.0 0.0
108.0 124.0 0.0
108.0 126.0 0.0
110.0 0.0 0.0
110.0 2.0 0.0
110.0 4.0 0.0
110.0 6.0 0.0
110.0 8.0 0.0
110.0 10.0 0.0
110.0 12.0 0.0
110.0 14.0 0.0
110.0 16.0 0.0
110.0 18.0 0.0
110.0 20.0 0.0
110.0 22.0 0.17905873395874342
110.0 24.0 0.13174219207487872
110.0 26.0 0.20137648879037076
110.0 28.0 0.2724977528614099
110.0 30.0 0.33790651083526213
110.0 32.0 0.38748933155873483
110.0 34.0 0.38437748386935505
110.0 36.0 0.4081525432459947
110.0 38.0 0.3012268663254529
110.0 40.0 0.09966807917420976
110.0 42.0 0.0
110.0 44.0 0.0
110.0 46.0 0.0
110.0 48.0 0.0
110.0 50.0 0.0
110.0 52.0 0.0
110.0 54.0 0.0
110.0 56.0 0.0
110.0 58.0 0.0
110.0 60.0 1.6654726709486293E-4
110.0 62.0 0.003121302594658575
110.0 64.0 0.04872653970944154
110.0 66.0 0.15982788351332033
110.0 68.0 0.2664447622497473
110.0 70.0 0.31145095042141974
110.0 72.0 0.34679935543886337
110.0 74.0 0.3938346499898749
110.0 76.0 0.3976531105873969
110.0 78.0 0.3193955606327518
110.0 80.0 0.13209735569713857
110.0 82.0 0.004122567744665251
110.0 84.0 0.0
110.0 86.0 0.0
110.0 88.0 0.0
110.0 90.0 0.0
110.0 92.0 0.0
110.0 94.0 0.0
110.0 96.0 0.0
110.0 98.0 0.0
110.0 100.0 0.0
110.0 102.0 0.0
110.0 104.0 0.0
110.0 106.0 0.00751963264784835
110.0 108.0 0.0
110.0 110.0 0.0
110.0 112.0 0.0
110.0 114.0 0.0
110.0 116.0 0.0
110.0 118.0 0.0
110.0 120.0 0.0
110.0 122.0 0.0
110.0 124.0 0.0
110.0 126.0 0.0
112.0 0.0 0.0
112.0 2.0 0.0
112.0 4.0 0.0
112.0 6.0 0.0
112.0 8.0 0.0
112.0 10.0 0.0
112.0 12.0 0.0
112.0 14.0 0.0
112.0 16.0 0.0
112.0 18.0 0.0
112.0 20.0 0.0
112.0 22.0 0.0
112.0 24.0 0.17147683623266644
112.0 26.0 0.19626452805715658
112.0 28.0 0.23528008648262078
112.0 30.0 0.275038095924076
112.0 32.0 0.3002645541857956
112.0 34.0 0.29630988215038007
112.0 36.0 0.2694784443458709
112.0 38.0 0.18000187219132094
112.0 40.0 0.05168064266600198
112.0 42.0 0.0
112.0 44.0 0.0
112.0 46.0 0.0
112.0 48.0 0.0
112.0 50.0 0.0
112.0 52.0 0.0
112.0 54.0 0.0
112.0 56.0 0.0
112.0 58.0 0.0
112.0 60.0 4.4712098431387966E-4
112.0 62.0 0.011892008760012488
112.0 64.0 0.054483009926227455
112.0 66.0 0.16259388700835395
112.0 68.0 0.3045754558854986
112.0 70.0 0.3243005900395078
112.0 72.0 0.33826736055826406
112.0 74.0 0.3811866220777828
112.0 76.0 0.4021517815295839
112.0 78.0 0.34561318160867344
112.0 80.0 0.18459509636145188
112.0 82.0 0.0149849781864018
112.0 84.0 0.0
112.0 86.0 0.0
112.0 88.0 0.0
112.0 90.0 0.0
112.0 92.0 0.0
112.0 94.0 0.0
112.0 96.0 0.0
112.0 98.0 0.0
112.0 100.0 0.0
112.0 102.0 0.0
112.0 104.0 0.0
112.0 106.0 0.0
112.0 108.0 0.0
112.0 110.0 0.0
112.0 112.0 0.0
112.0 114.0 0.0
112.0 116.0 0.0
112.0 118.0 0.0
112.0 120.0 0.0
112.0 122.0 0.0
112.0 124.0 0.0
112.0 126.0 0.0
114.0 0.0 0.0
114.0 2.0 0.0
114.0 4.0 0.0
114.0 6.0 0.0
114.0 8.0 0.0
114.0 10.0 0.0
114.0 12.0 0.0
114.0 14.0 0.0
114.0 16.0 0.0
114.0 18.0 0.0
114.0 20.0 0.0
114.0 22.0 0.0
114.0 24.0 0.0
114.0 26.0 0.13938749217592633
114.0 28.0 0.19473497651355695
114.0 30.0 0.20711357891532511
114.0 32.0 0.21424798799371983
114.0 34.0 0.204518093170494
114.0 36.0 0.17685775559251707
114.0 38.0 0.09907169100369073
114.0 40.0 0.018943217654292487
114.0 42.0 0.0
114.0 44.0 0.0
114.0 46.0 0.0
114.0 48.0 0.0
114.0 50.0 0.0
114.0 52.0 0.0
114.0 54.0 0.0
114.0 56.0 0.0
114.0 58.0 0.0
114.0 60.0 0.0
114.0 62.0 0.009537038789382633
114.0 64.0 0.06600917882608935
114.0 66.0 0.16654459335444396
114.0 68.0 0.30028925885679764
114.0 70.0 0.39086530901698363
114.0 72.0 0.3386832436342986
114.0 74.0 0.3507749704571304
114.0 76.0 0.4020496710615776
114.0 78.0 0.3541688152196685
114.0 80.0 0.21850306801650532
114.0 82.0 0.023793502760136014
114.0 84.0 0.0
114.0 86.0 0.0
114.0 88.0 0.0
114.0 90.0 0.0
114.0 92.0 0.0
114.0 94.0 0.0
114.0 96.0 0.0
114.0 98.0 0.0
114.0 100.0 0.0
114.0 102.0 0.0
114.0 104.0 0.0
114.0 106.0 0.0
114.0 108.0 0.0
114.0 110.0 0.0
114.0 112.0 0.0
114.0 114.0 0.0
114.0 116.0 0.0
114.0 118.0 0.0
114.0 120.0 0.0
114.0 122.0 0.0
114.0 124.0 0.0
114.0 126.0 0.0
116.0 0.0 0.0
116.0 2.0 0.0
116.0 4.0 0.0
116.0 6.0 0.0
116.0 8.0 0.0
116.0 10.0 0.0
116.0 12.0 0.0
116.0 14.0 0.0
116.0 16.0 0.0
116.0 18.0 0.0
116.0 20.0 0.0
116.0 22.0 0.0
116.0 24.0 0.0
116.0 26.0 0.0
116.0 28.0 0.04878678869332429
116.0 30.0 0.14664458212104106
116.0 32.0 0.15228975893174135
116.0 34.0 0.14169747634323962
116.0 36.0 0.12448106309611079
116.0 38.0 0.03688582554360904
116.0 40.0 0.002264088444110298
116.0 42.0 0.0
116.0 44.0 0.0
116.0 46.0 0.0
116.0 48.0 0.0
116.0 50.0 0.0
116.0 52.0 0.0
116.0 54.0 0.0
116.0 56.0 0.0
116.0 58.0 0.0
116.0 60.0 0.0
116.0 62.0 0.0020434931467928964
116.0 64.0 0.04688929945619405
116.0 66.0 0.1591765731005138
116.0 68.0 0.28578221087173006
116.0 70.0 0.3861023181349774
116.0 72.0 0.3804504102449748
116.0 74.0 0.3693780092207927
116.0 76.0 0.3550343804683051
116.0 78.0 0.36762743827430616
116.0 80.0 0.24140939132466635
116.0 82.0 0.03731871421004335
116.0 84.0 0.0
116.0 86.0 0.0
116.0 88.0 0.0
116.0 90.0 0.0
116.0 92.0 0.0
116.0 94.0 0.0
116.0 96.0 0.0
116.0 98.0 0.0
116.0 100.0 0.0
116.0 102.0 0.0
116.0 104.0 0.0
116.0 106.0 0.0
116.0 108.0 0.0
116.0 110.0 0.0
116.0 112.0 0.0
116.0 114.0 0.0
116.0 116.0 0.0
116.0 118.0 0.0
116.0 120.0 0.0
116.0 122.0 0.0
116.0 124.0 0.0
116.0 126.0 0.0
118.0 0.0 0.0
118.0 2.0 0.0
118.0 4.0 0.0
118.0 6.0 0.0
118.0 8.0 0.0
118.0 10.0 0.0
118.0 12.0 0.0
118.0 14.0 0.0
118.0 16.0 0.0
118.0 18.0 0.0
118.0 20.0 0.0
118.0 22.0 0.0
118.0 24.0 0.0
118.0 26.0 0.0
118.0 28.0 0.0
118.0 30.0 0.0
118.0 32.0 0.00788781623130774
118.0 34.0 0.06813977421304916
118.0 36.0 0.0436717557916056
118.0 38.0 0.0017408633214809008
118.0 40.0 1.9424957658630912E-4
118.0 42.0 0.0
118.0 44.0 0.0
118.0 46.0 0.0
118.0 48.0 0.0
118.0 50.0 0.0
118.0 52.0 0.0
118.0 54.0 0.0
118.0 56.0 0.0
118.0 58.0 0.0
118.0 60.0 0.0
118.0 62.0 0.0
118.0 64.0 0.017774724030650897
118.0 66.0 0.12354051832799455
118.0 68.0 0.26568628044212256
118.0 70.0 0.3732853046446934
118.0 72.0 0.37752798109703795
118.0 74.0 0.4013263290955311
118.0 76.0 0.3867387106087552
118.0 78.0 0.34870247865937604
118.0 80.0 0.26166467818354217
118.0 82.0 0.0652124818878827
118.0 84.0 0.0
118.0 86.0 0.0
118.0 88.0 0.0
118.0 90.0 0.0
118.0 92.0 0.0
118.0 94.0 0.0
118.0 96.0 0.0
118.0 98.0 0.0
118.0 100.0 0.0
118.0 102.0 0.0
118.0 104.0 0.0
118.0 106.0 0.0
118.0 108.0 0.0
118.0 110.0 0.0
118.0 112.0 0.0
118.0 114.0 0.0
118.0 116.0 0.0
118.0 118.0 0.0
118.0 120.0 0.0
118.0 122.0 0.0
118.0 124.0 0.0
118.0 126.0 0.0
120.0 0.0 0.0
120.0 2.0 0.0
120.0 4.0 0.0
120.0 6.0 0.0
120.0 8.0 0.0
120.0 10.0 0.0
120.0 12.0 0.0
120.0 14.0 0.0
120.0 16.0 0.0
120.0 18.0 0.0
120.0 20.0 0.0
120.0 22.0 0.0
120.0 24.0 0.0
120.0 26.0 0.0
120.0 28.0 0.0
120.0 30.0 0.0
120.0 32.0 0.0
120.0 34.0 0.0
120.0 36.0 0.0
120.0 38.0 0.0
120.0 40.0 0.0
120.0 42.0 0.0
120.0 44.0 0.0
120.0 46.0 0.0
120.0 48.0 0.0
120.0 50.0 0.0
120.0 52.0 0.0
120.0 54.0 0.0
120.0 56.0 0.0
120.0 58.0 0.0
120.0 60.0 0.0
120.0 62.0 0.0
120.0 64.0 0.007103452220987005
120.0 66.0 0.08123602353586325
120.0 68.0 0.22075487083668463
120.0 70.0 0.3353347222360677
120.0 72.0 0.3830176362278088
120.0 74.0 0.41120701025018985
120.0 76.0 0.3976965093941456
120.0 78.0 0.33963047546181374
120.0 80.0 0.26796656310491923
120.0 82.0 0.0889674519821111
120.0 84.0 0.0
120.0 86.0 0.0
120.0 88.0 0.0
120.0 90.0 0.0
120.0 92.0 0.0
120.0 94.0 0.0
120.0 96.0 0.0
120.0 98.0 0.0
120.0 100.0 0.0
120.0 102.0 0.0
120.0 104.0 0.0
120.0 106.0 0.0
120.0 108.0 0.0
120.0 110.0 0.0
120.0 112.0 0.0
120.0 114.0 0.0
120.0 116.0 0.0
120.0 118.0 0.0
120.0 120.0 0.0
120.0 122.0 0.0
120.0 124.0 0.0
120.0 126.0 0.0
122.0 0.0 0.0
122.0 2.0 0.0
122.0 4.0 0.0
122.0 6.0 0.0
122.0 8.0 0.0
122.0 10.0 0.0
122.0 12.0 0.0
122.0 14.0 0.0
122.0 16.0 0.0
122.0 18.0 0.0
122.0 20.0 0.0
122.0 22.0 0.0
122.0 24.0 0.0
122.0 26.0 0.0
122.0 28.0 0.0
122.0 30.0 0.0
122.0 32.0 0.0
122.0 34.0 0.0
122.0 36.0 0.0
122.0 38.0 0.0
122.0 40.0 0.0
122.0 42.0 0.0
122.0 44.0 0.0
122.0 46.0 0.0
122.0 48.0 0.0
122.0 50.0 0.0
122.0 52.0 0.0
122.0 54.0 0.0
122.0 56.0 0.0
122.0 58.0 0.0
122.0 60.0 0.0
122.0 62.0 0.0
122.0 64.0 0.0
122.0 66.0 0.031244916455740592
122.0 68.0 0.17669524370685044
122.0 70.0 0.3006909287769837
122.0 72.0 0.36953423036864247
122.0 74.0 0.3997800605156974
122.0 76.0 0.38739618657292935
122.0 78.0 0.33179607004010453
122.0 80.0 0.2652616152609193
122.0 82.0 0.10203323961417061
122.0 84.0 0.0
122.0 86.0 0.0
122.0 88.0 0.0
122.0 90.0 0.0
122.0 92.0 0.0
122.0 94.0 0.0
122.0 96.0 0.0
122.0 98.0 0.0
122.0 100.0 0.0
122.0 102.0 0.0
122.0 104.0 0.0
122.0 106.0 0.0
122.0 108.0 0.0
122.0 110.0 0.0
122.0 112.0 0.0
122.0 114.0 0.0
122.0 116.0 0.0
122.0 118.0 0.0
122.0 120.0 0.0
122.0 122.0 0.0
122.0 124.0 0.0
122.0 126.0 0.0
124.0 0.0 0.0
124.0 2.0 0.0
124.0 4.0 0.0
124.0 6.0 0.0
124.0 8.0 0.0
124.0 10.0 0.0
124.0 12.0 0.0
124.0 14.0 0.0
124.0 16.0 0.0
124.0 18.0 0.0
124.0 20.0 0.0
124.0 22.0 0.0
124.0 24.0 0.0
124.0 26.0 0.0
124.0 28.0 0.0
124.0 30.0 0.0
124.0 32.0 0.0
124.0 34.0 0.0
124.0 36.0 0.0
124.0 38.0 0.0
124.0 40.0 0.0
124.0 42.0 0.0
124.0 44.0 0.0
124.0 46.0 0.0
124.0 48.0 0.0
124.0 50.0 0.0
124.0 52.0 0.0
124.0 54.0 0.0
124.0 56.0 0.0
124.0 58.0 0.0
124.0 60.0 0.0
124.0 62.0 0.0
124.0 64.0 0.0
124.0 66.0 0.014626409600558027
124.0 68.0 0.1443461787328534
124.0 70.0 0.28406915282366085
124.0 72.0 0.36515227298386027
124.0 74.0 0.39900122065069604
124.0 76.0 0.38761415665088084
124.0 78.0 0.33230531069218616
124.0 80.0 0.2464972331438231
124.0 82.0 0.11201982614492752
124.0 84.0 0.0
124.0 86.0 0.0
124.0 88.0 0.0
124.0 90.0 0.0
124.0 92.0 0.0
124.0 94.0 0.0
124.0 96.0 0.0
124.0 98.0 0.0
124.0 100.0 0.0
124.0 102.0 0.0
124.0 104.0 0.0
124.0 106.0 0.0
124.0 108.0 0.0
124.0 110.0 0.0
124.0 112.0 0.0
124.0 114.0 0.0
124.0 116.0 0.0
124.0 118.0 0.0
124.0 120.0 0.0
124.0 122.0 0.0
124.0 124.0 0.0
124.0 126.0 0.0
126.0 0.0 0.0
126.0 2.0 0.0
126.0 4.0 0.0
126.0 6.0 0.0
126.0 8.0 0.0
126.0 10.0 0.0
126.0 12.0 0.0
126.0 14.0 0.0
126.0 16.0 0.0
126.0 18.0 0.0
126.0 20.0 0.0
126.0 22.0 0.0
126.0 24.0 0.0
126.0 26.0 0.0
126.0 28.0 0.0
126.0 30.0 0.0
126.0 32.0 0.0
126.0 34.0 0.0
126.0 36.0 0.0
126.0 38.0 0.0
126.0 40.0 0.0
126.0 42.0 0.0
126.0 44.0 0.0
126.0 46.0 0.0
126.0 48.0 0.0
126.0 50.0 0.0
126.0 52.0 0.0
126.0 54.0 0.0
126.0 56.0 0.0
126.0 58.0 0.0
126.0 60.0 0.0
126.0 62.0 0.0
126.0 64.0 0.0
126.0 66.0 0.005185009379810257
126.0 68.0 0.10639642704421215
126.0 70.0 0.27293362138857297
126.0 72.0 0.3752242199914972
126.0 74.0 0.3863997363557085
126.0 76.0 0.0
126.0 78.0 0.0
126.0 80.0 0.0
126.0 82.0 0.0
126.0 84.0 0.0
126.0 86.0 0.0
126.0 88.0 0.0
126.0 90.0 0.0
126.0 92.0 0.0
126.0 94.0 0.0
126.0 96.0 0.0
126.0 98.0 0.0
126.0 100.0 0.0
126.0 102.0 0.0
126.0 104.0 0.0
126.0 106.0 0.0
126.0 108.0 0.0
126.0 110.0 0.0
126.0 112.0 0.0
126.0 114.0 0.0
126.0 116.0 0.0
126.0 118.0 0.0
126.0 120.0 0.0
126.0 122.0 0.0
126.0 124.0 0.0
126.0 126.0 0.0
