0.0 0.0 0.0
0.0 2.0 0.0
0.0 4.0 0.0
0.0 6.0 0.0
0.0 8.0 0.0
0.0 10.0 0.0
0.0 12.0 0.0
0.0 14.0 0.0
0.0 16.0 0.0
0.0 18.0 0.0
0.0 20.0 0.0
0.0 22.0 0.0
0.0 24.0 0.0
0.0 26.0 0.0
0.0 28.0 0.0
0.0 30.0 0.0
0.0 32.0 0.0
0.0 34.0 0.0
0.0 36.0 0.0
0.0 38.0 0.0
0.0 40.0 0.0
0.0 42.0 0.0
0.0 44.0 0.0
0.0 46.0 0.0
0.0 48.0 0.0
0.0 50.0 0.0
0.0 52.0 0.0
0.0 54.0 0.0
0.0 56.0 0.0
0.0 58.0 0.0
0.0 60.0 0.0
0.0 62.0 0.0
0.0 64.0 0.0
0.0 66.0 0.0
0.0 68.0 0.0
0.0 70.0 0.0
0.0 72.0 0.0
0.0 74.0 0.0
0.0 76.0 0.0
0.0 78.0 0.0
0.0 80.0 0.0
0.0 82.0 0.0
0.0 84.0 0.0
0.0 86.0 0.0
0.0 88.0 0.0
0.0 90.0 0.0
0.0 92.0 0.0
0.0 94.0 0.0
0.0 96.0 0.0
0.0 98.0 0.0
0.0 100.0 0.0
0.0 102.0 0.0
0.0 104.0 0.0
0.0 106.0 0.0
0.0 108.0 0.0
0.0 110.0 0.0
0.0 112.0 0.0
0.0 114.0 0.0
0.0 116.0 0.0
0.0 118.0 0.0
0.0 120.0 0.0
0.0 122.0 0.0
0.0 124.0 0.0
0.0 126.0 0.0
2.0 0.0 0.0
2.0 2.0 0.0
2.0 4.0 0.0
2.0 6.0 0.0
2.0 8.0 0.0
2.0 10.0 0.0
2.0 12.0 0.0
2.0 14.0 0.0
2.0 16.0 0.0
2.0 18.0 0.0
2.0 20.0 0.0
2.0 22.0 0.0
2.0 24.0 0.0
2.0 26.0 0.0
2.0 28.0 0.0
2.0 30.0 0.0
2.0 32.0 0.0
2.0 34.0 0.0
2.0 36.0 0.0
2.0 38.0 0.0
2.0 40.0 0.0
2.0 42.0 0.0
2.0 44.0 0.0
2.0 46.0 0.0
2.0 48.0 0.0
2.0 50.0 0.0
2.0 52.0 0.0
2.0 54.0 0.0
2.0 56.0 0.0
2.0 58.0 0.0
2.0 60.0 0.0
2.0 62.0 0.0
2.0 64.0 0.0
2.0 66.0 0.0
2.0 68.0 0.06922729256840406
2.0 70.0 0.1848731223003898
2.0 72.0 0.29624761967402763
2.0 74.0 0.3848160744948264
2.0 76.0 0.43286785708604464
2.0 78.0 0.43580062916483225
2.0 80.0 0.0
2.0 82.0 0.0
2.0 84.0 0.0
2.0 86.0 0.0
2.0 88.0 0.0
2.0 90.0 0.0
2.0 92.0 0.0
2.0 94.0 0.0
2.0 96.0 0.0
2.0 98.0 0.0
2.0 100.0 0.0
2.0 102.0 0.0
2.0 104.0 0.0
2.0 106.0 0.0
2.0 108.0 0.0
2.0 110.0 0.0
2.0 112.0 0.0
2.0 114.0 0.0
2.0 116.0 0.0
2.0 118.0 0.0
2.0 120.0 0.0
2.0 122.0 0.0
2.0 124.0 0.0
2.0 126.0 0.0
4.0 0.0 0.0
4.0 2.0 0.0
4.0 4.0 0.0
4.0 6.0 0.0
4.0 8.0 0.0
4.0 10.0 0.0
4.0 12.0 0.0
4.0 14.0 0.0
4.0 16.0 0.0
4.0 18.0 0.0
4.0 20.0 0.0
4.0 22.0 0.0
4.0 24.0 0.0
4.0 26.0 0.0
4.0 28.0 0.0
4.0 30.0 0.0
4.0 32.0 0.0
4.0 34.0 0.0
4.0 36.0 0.0
4.0 38.0 0.0
4.0 40.0 0.0
4.0 42.0 0.1399498688008024
4.0 44.0 0.0
4.0 46.0 0.0
4.0 48.0 0.0
4.0 50.0 0.0
4.0 52.0 0.0
4.0 54.0 0.0
4.0 56.0 0.0
4.0 58.0 0.0
4.0 60.0 0.0
4.0 62.0 0.0
4.0 64.0 0.0
4.0 66.0 0.010991350927058755
4.0 68.0 0.07449158706578686
4.0 70.0 0.17786337135068822
4.0 72.0 0.28572114120470454
4.0 74.0 0.37414716436001755
4.0 76.0 0.42251330143981775
4.0 78.0 0.4264942385670875
4.0 80.0 0.3814396342903219
4.0 82.0 0.3377414719685279
4.0 84.0 0.2737822846901846
4.0 86.0 0.0
4.0 88.0 0.0
4.0 90.0 0.0
4.0 92.0 0.0
4.0 94.0 0.0
4.0 96.0 0.0
4.0 98.0 0.0
4.0 100.0 0.0
4.0 102.0 0.0
4.0 104.0 0.0
4.0 106.0 0.0
4.0 108.0 0.0
4.0 110.0 0.0
4.0 112.0 0.0
4.0 114.0 0.0
4.0 116.0 0.0
4.0 118.0 0.0
4.0 120.0 0.0
4.0 122.0 0.0
4.0 124.0 0.0
4.0 126.0 0.0
6.0 0.0 0.0
6.0 2.0 0.0
6.0 4.0 0.0
6.0 6.0 0.0
6.0 8.0 0.0
6.0 10.0 0.0
6.0 12.0 0.0
6.0 14.0 0.0
6.0 16.0 0.0
6.0 18.0 0.0
6.0 20.0 0.0
6.0 22.0 0.0
6.0 24.0 0.0
6.0 26.0 0.0
6.0 28.0 0.0
6.0 30.0 0.0
6.0 32.0 0.0
6.0 34.0 0.0
6.0 36.0 0.0
6.0 38.0 0.03777062864308308
6.0 40.0 0.0
6.0 42.0 0.0
6.0 44.0 0.0
6.0 46.0 0.0
6.0 48.0 0.0
6.0 50.0 0.0
6.0 52.0 0.0
6.0 54.0 0.0
6.0 56.0 0.0
6.0 58.0 0.0
6.0 60.0 0.0
6.0 62.0 0.0
6.0 64.0 0.0
6.0 66.0 0.004127179859932161
6.0 68.0 0.06296238772634367
6.0 70.0 0.16383141258043935
6.0 72.0 0.2638818624754366
6.0 74.0 0.35769422240518084
6.0 76.0 0.41104337565929744
6.0 78.0 0.41874299570962853
6.0 80.0 0.3799278984354681
6.0 82.0 0.3255026580059914
6.0 84.0 0.27256363370703557
6.0 86.0 0.10191267350368031
6.0 88.0 0.006433568144249922
6.0 90.0 0.0
6.0 92.0 0.0
6.0 94.0 0.0
6.0 96.0 0.0
6.0 98.0 0.0
6.0 100.0 0.0
6.0 102.0 0.0
6.0 104.0 0.0
6.0 106.0 0.0
6.0 108.0 0.0
6.0 110.0 0.0
6.0 112.0 0.0
6.0 114.0 0.0
6.0 116.0 0.0
6.0 118.0 0.0
6.0 120.0 0.0
6.0 122.0 0.0
6.0 124.0 0.0
6.0 126.0 0.0
8.0 0.0 0.0
8.0 2.0 0.0
8.0 4.0 0.0
8.0 6.0 0.0
8.0 8.0 0.0
8.0 10.0 0.0
8.0 12.0 0.0
8.0 14.0 0.0
8.0 16.0 0.0
8.0 18.0 0.0
8.0 20.0 0.0
8.0 22.0 0.0
8.0 24.0 0.0
8.0 26.0 0.0
8.0 28.0 0.0
8.0 30.0 0.0
8.0 32.0 0.0
8.0 34.0 0.0
8.0 36.0 0.0
8.0 38.0 0.0
8.0 40.0 0.0
8.0 42.0 0.0
8.0 44.0 0.0
8.0 46.0 0.0
8.0 48.0 0.0
8.0 50.0 0.0
8.0 52.0 0.0
8.0 54.0 0.0
8.0 56.0 0.0
8.0 58.0 0.0
8.0 60.0 0.0
8.0 62.0 0.0
8.0 64.0 0.0
8.0 66.0 0.0
8.0 68.0 0.05176745880989054
8.0 70.0 0.1417904855142784
8.0 72.0 0.23311689440749409
8.0 74.0 0.3351007898484471
8.0 76.0 0.39517919939639407
8.0 78.0 0.4085249939651572
8.0 80.0 0.3689859833185054
8.0 82.0 0.30346246326459825
8.0 84.0 0.2578900266745947
8.0 86.0 0.12474984955771551
8.0 88.0 0.015438005290244599
8.0 90.0 0.0
8.0 92.0 0.0
8.0 94.0 0.0
8.0 96.0 0.0
8.0 98.0 0.0
8.0 100.0 0.0
8.0 102.0 0.0
8.0 104.0 0.0
8.0 106.0 0.0
8.0 108.0 0.0
8.0 110.0 0.0
8.0 112.0 0.0
8.0 114.0 0.0
8.0 116.0 0.0
8.0 118.0 0.0
8.0 120.0 0.0
8.0 122.0 0.0
8.0 124.0 0.0
8.0 126.0 0.0
10.0 0.0 0.0
10.0 2.0 0.0
10.0 4.0 0.0
10.0 6.0 0.0
10.0 8.0 0.0
10.0 10.0 0.0
10.0 12.0 0.0
10.0 14.0 0.0
10.0 16.0 0.0
10.0 18.0 0.0
10.0 20.0 0.0
10.0 22.0 0.0
10.0 24.0 0.0
10.0 26.0 0.0
10.0 28.0 0.0
10.0 30.0 0.0
10.0 32.0 0.0
10.0 34.0 0.0
10.0 36.0 0.0
10.0 38.0 0.00387489212385459
10.0 40.0 0.0392483407919613
10.0 42.0 0.05726363595366138
10.0 44.0 0.06771898649173856
10.0 46.0 0.07352409073729592
10.0 48.0 0.028783631016963355
10.0 50.0 7.161161204140843E-4
10.0 52.0 0.0
10.0 54.0 0.0
10.0 56.0 0.0
10.0 58.0 0.0
10.0 60.0 0.0
10.0 62.0 0.0
10.0 64.0 0.0
10.0 66.0 0.0
10.0 68.0 0.02955726958629654
10.0 70.0 0.10610065336553587
10.0 72.0 0.19257510861052993
10.0 74.0 0.30161397988851174
10.0 76.0 0.3666199931473589
10.0 78.0 0.3884660702497415
10.0 80.0 0.3339309133947779
10.0 82.0 0.2830918716341261
10.0 84.0 0.24184457545655227
10.0 86.0 0.14267460298312665
10.0 88.0 0.024512505063361844
10.0 90.0 0.0
10.0 92.0 0.0
10.0 94.0 0.0
10.0 96.0 0.0
10.0 98.0 0.0
10.0 100.0 0.0
10.0 102.0 0.0
10.0 104.0 0.0
10.0 106.0 0.0
10.0 108.0 0.0
10.0 110.0 0.0
10.0 112.0 0.0
10.0 114.0 0.0
10.0 116.0 0.0
10.0 118.0 0.0
10.0 120.0 0.0
10.0 122.0 0.0
10.0 124.0 0.0
10.0 126.0 0.0
12.0 0.0 0.0
12.0 2.0 0.0
12.0 4.0 0.0
12.0 6.0 0.0
12.0 8.0 0.0
12.0 10.0 0.0
12.0 12.0 0.0
12.0 14.0 0.0
12.0 16.0 0.0
12.0 18.0 0.0
12.0 20.0 0.0
12.0 22.0 0.0
12.0 24.0 0.0
12.0 26.0 0.0
12.0 28.0 0.0
12.0 30.0 0.0
12.0 32.0 0.0
12.0 34.0 0.003334557054449348
12.0 36.0 0.06494778939875794
12.0 38.0 0.13120826127793597
12.0 40.0 0.13993101010230566
12.0 42.0 0.13553197757881424
12.0 44.0 0.14234595126920205
12.0 46.0 0.12850557271177368
12.0 48.0 0.07037688322894524
12.0 50.0 0.008918520658782741
12.0 52.0 0.0
12.0 54.0 0.0
12.0 56.0 0.0
12.0 58.0 0.0
12.0 60.0 0.0
12.0 62.0 0.0
12.0 64.0 0.0
12.0 66.0 0.0
12.0 68.0 0.008147051163367731
12.0 70.0 0.058349009041456144
12.0 72.0 0.1430077790615987
12.0 74.0 0.2401294043329311
12.0 76.0 0.31532552874757425
12.0 78.0 0.3477234278737243
12.0 80.0 0.3269298970954933
12.0 82.0 0.26067049164640993
12.0 84.0 0.21158188097213682
12.0 86.0 0.15245490117817376
12.0 88.0 0.0318106818592916
12.0 90.0 0.0
12.0 92.0 0.0
12.0 94.0 0.0
12.0 96.0 0.0
12.0 98.0 0.0
12.0 100.0 0.0
12.0 102.0 0.0
12.0 104.0 0.0
12.0 106.0 0.0
12.0 108.0 0.0
12.0 110.0 0.0
12.0 112.0 0.0
12.0 114.0 0.0
12.0 116.0 0.0
12.0 118.0 0.0
12.0 120.0 0.0
12.0 122.0 0.0
12.0 124.0 0.0
12.0 126.0 0.0
14.0 0.0 0.0
14.0 2.0 0.0
14.0 4.0 0.0
14.0 6.0 0.0
14.0 8.0 0.0
14.0 10.0 0.0
14.0 12.0 0.0
14.0 14.0 0.0
14.0 16.0 0.0
14.0 18.0 0.0
14.0 20.0 0.0
14.0 22.0 0.0
14.0 24.0 0.0
14.0 26.0 0.0
14.0 28.0 0.0
14.0 30.0 0.011486995283235263
14.0 32.0 0.09550727812574474
14.0 34.0 0.1879455105487621
14.0 36.0 0.24712130339290495
14.0 38.0 0.25742264215279137
14.0 40.0 0.2595887514175376
14.0 42.0 0.22067382647295739
14.0 44.0 0.2219481765064969
14.0 46.0 0.1849875413808412
14.0 48.0 0.10701029920081673
14.0 50.0 0.016629182185759445
14.0 52.0 0.0
14.0 54.0 0.0
14.0 56.0 0.0
14.0 58.0 0.0
14.0 60.0 0.0
14.0 62.0 0.0
14.0 64.0 0.0
14.0 66.0 0.0
14.0 68.0 0.0
14.0 70.0 0.02423976515163551
14.0 72.0 0.08103347704038284
14.0 74.0 0.18109745776489217
14.0 76.0 0.2579697165359583
14.0 78.0 0.2982389641030074
14.0 80.0 0.29175468781994535
14.0 82.0 0.23435957671971283
14.0 84.0 0.19270904196732844
14.0 86.0 0.14811361682880644
14.0 88.0 0.042839015672633825
14.0 90.0 0.0022744019103198144
14.0 92.0 0.0
14.0 94.0 0.0
14.0 96.0 0.0
14.0 98.0 0.0
14.0 100.0 0.0
14.0 102.0 0.0
14.0 104.0 0.0
14.0 106.0 0.0
14.0 108.0 0.0
14.0 110.0 0.0
14.0 112.0 0.0
14.0 114.0 0.0
14.0 116.0 0.0
14.0 118.0 0.0
14.0 120.0 0.0
14.0 122.0 0.0
14.0 124.0 0.0
14.0 126.0 0.0
16.0 0.0 0.0
16.0 2.0 0.0
16.0 4.0 0.0
16.0 6.0 0.0
16.0 8.0 0.0
16.0 10.0 0.0
16.0 12.0 0.0
16.0 14.0 0.0
16.0 16.0 0.0
16.0 18.0 0.0
16.0 20.0 0.0
16.0 22.0 0.0
16.0 24.0 0.0
16.0 26.0 1.7386540139780802E-4
16.0 28.0 0.03808805277562364
16.0 30.0 0.11907738364583231
16.0 32.0 0.22380096692863918
16.0 34.0 0.27809505044831767
16.0 36.0 0.3340361681269343
16.0 38.0 0.3516324009671748
16.0 40.0 0.3221539735562972
16.0 42.0 0.3231374174725321
16.0 44.0 0.28295009596002196
16.0 46.0 0.2375109835737623
16.0 48.0 0.17899754887841732
16.0 50.0 0.050684876846481465
16.0 52.0 0.002267298234910699
16.0 54.0 0.0
16.0 56.0 0.0
16.0 58.0 0.0
16.0 60.0 0.0
16.0 62.0 0.0
16.0 64.0 0.0
16.0 66.0 0.0
16.0 68.0 0.0
16.0 70.0 0.00111921397193234
16.0 72.0 0.02568300734888591
16.0 74.0 0.11155793568131565
16.0 76.0 0.1999736554633036
16.0 78.0 0.24608359926870937
16.0 80.0 0.2551004104442898
16.0 82.0 0.22380552187124658
16.0 84.0 0.16922535971149252
16.0 86.0 0.13311293841640384
16.0 88.0 0.05647488312963687
16.0 90.0 0.0011504093948962802
16.0 92.0 0.0
16.0 94.0 0.0
16.0 96.0 0.0
16.0 98.0 0.0
16.0 100.0 0.0
16.0 102.0 0.0
16.0 104.0 0.0
16.0 106.0 0.0
16.0 108.0 0.0
16.0 110.0 0.0
16.0 112.0 0.0
16.0 114.0 0.0
16.0 116.0 0.0
16.0 118.0 0.0
16.0 120.0 0.0
16.0 122.0 0.0
16.0 124.0 0.0
16.0 126.0 0.0
18.0 0.0 0.0
18.0 2.0 0.0
18.0 4.0 0.0
18.0 6.0 0.0
18.0 8.0 0.0
18.0 10.0 0.0
18.0 12.0 0.0
18.0 14.0 0.0
18.0 16.0 0.0
18.0 18.0 0.0
18.0 20.0 3.80851398774387E-4
18.0 22.0 0.040440999649082716
18.0 24.0 0.043129880107256845
18.0 26.0 0.0553386490921949
18.0 28.0 0.10198253943401821
18.0 30.0 0.18095194719900964
18.0 32.0 0.28637253873594365
18.0 34.0 0.33294999230650957
18.0 36.0 0.3699065315642356
18.0 38.0 0.40768569477250366
18.0 40.0 0.3776287857465504
18.0 42.0 0.36549918703343526
18.0 44.0 0.3634435916083414
18.0 46.0 0.32249911839493306
18.0 48.0 0.23585049027288385
18.0 50.0 0.08954414238738202
18.0 52.0 0.006652356705334849
18.0 54.0 0.0
18.0 56.0 0.0
18.0 58.0 0.0
18.0 60.0 0.0
18.0 62.0 0.0
18.0 64.0 0.0
18.0 66.0 0.0
18.0 68.0 0.0
18.0 70.0 0.0
18.0 72.0 5.55214336715014E-4
18.0 74.0 0.061194514449454646
18.0 76.0 0.14814717027057533
18.0 78.0 0.19851606003308156
18.0 80.0 0.21644435495423298
18.0 82.0 0.2002694778662
18.0 84.0 0.15313813370192103
18.0 86.0 0.10756357650756682
18.0 88.0 0.05153033677317812
18.0 90.0 0.0
18.0 92.0 0.0
18.0 94.0 0.0
18.0 96.0 0.0
18.0 98.0 0.0
18.0 100.0 0.0
18.0 102.0 0.0
18.0 104.0 0.0
18.0 106.0 0.0
18.0 108.0 0.0
18.0 110.0 0.0
18.0 112.0 0.0
18.0 114.0 0.0
18.0 116.0 0.0
18.0 118.0 0.0
18.0 120.0 0.0
18.0 122.0 0.0
18.0 124.0 0.0
18.0 126.0 0.0
20.0 0.0 0.0
20.0 2.0 0.0
20.0 4.0 0.0
20.0 6.0 0.0
20.0 8.0 0.0
20.0 10.0 0.0
20.0 12.0 0.0
20.0 14.0 0.0
20.0 16.0 0.0
20.0 18.0 0.11412648869240692
20.0 20.0 0.1178850151640296
20.0 22.0 0.07987447287938308
20.0 24.0 0.06581779844062095
20.0 26.0 0.07539606732494418
20.0 28.0 0.1269074346737952
20.0 30.0 0.22240523307751867
20.0 32.0 0.3502810839626033
20.0 34.0 0.37073281308433875
20.0 36.0 0.39134676298927823
20.0 38.0 0.441617232833685
20.0 40.0 0.41205612385483686
20.0 42.0 0.38918462777837387
20.0 44.0 0.38933806991904457
20.0 46.0 0.3601275525485288
20.0 48.0 0.29303257714267905
20.0 50.0 0.13748740013763586
20.0 52.0 0.022015140259668938
20.0 54.0 0.0
20.0 56.0 0.0
20.0 58.0 0.0
20.0 60.0 0.0
20.0 62.0 0.0
20.0 64.0 0.0
20.0 66.0 0.0
20.0 68.0 0.0
20.0 70.0 0.0
20.0 72.0 0.0
20.0 74.0 0.011498640888283266
20.0 76.0 0.0816130999242327
20.0 78.0 0.14958770435880894
20.0 80.0 0.17199968590130474
20.0 82.0 0.16396011223904933
20.0 84.0 0.13117020353310957
20.0 86.0 0.0843999531546165
20.0 88.0 0.040971409198619586
20.0 90.0 0.0
20.0 92.0 0.0
20.0 94.0 0.0
20.0 96.0 0.0
20.0 98.0 0.0
20.0 100.0 0.0
20.0 102.0 0.0
20.0 104.0 0.0
20.0 106.0 0.007400326649900442
20.0 108.0 0.07173381659060331
20.0 110.0 0.0
20.0 112.0 0.0
20.0 114.0 0.0
20.0 116.0 0.0
20.0 118.0 0.0
20.0 120.0 0.0
20.0 122.0 0.0
20.0 124.0 0.0
20.0 126.0 0.0
22.0 0.0 0.0
22.0 2.0 0.0
22.0 4.0 0.0
22.0 6.0 0.0
22.0 8.0 0.0
22.0 10.0 0.0
22.0 12.0 0.0
22.0 14.0 0.0
22.0 16.0 0.23196935868069446
22.0 18.0 0.11928589661198373
22.0 20.0 0.07015980032375109
22.0 22.0 0.04279338386170328
22.0 24.0 0.029593782236996508
22.0 26.0 0.0483868290052
22.0 28.0 0.1057292012906994
22.0 30.0 0.21558357093030753
22.0 32.0 0.3560693067718131
22.0 34.0 0.40070013715996905
22.0 36.0 0.41206823243160423
22.0 38.0 0.4257559511929198
22.0 40.0 0.4645370718457151
22.0 42.0 0.46756410418034994
22.0 44.0 0.447803299993319
22.0 46.0 0.4048912597349179
22.0 48.0 0.3298175344953804
22.0 50.0 0.1947279928557866
22.0 52.0 0.04434094119795348
22.0 54.0 0.003848936485784613
22.0 56.0 0.0
22.0 58.0 0.0
22.0 60.0 0.0
22.0 62.0 0.0
22.0 64.0 0.0
22.0 66.0 0.0
22.0 68.0 0.0
22.0 70.0 0.0
22.0 72.0 0.0
22.0 74.0 0.0
22.0 76.0 0.026488896648802055
22.0 78.0 0.08531182290889011
22.0 80.0 0.11900772200917124
22.0 82.0 0.12275123698763196
22.0 84.0 0.10169526273298224
22.0 86.0 0.0638031750910833
22.0 88.0 0.030077170570646215
22.0 90.0 0.0
22.0 92.0 0.0
22.0 94.0 0.0
22.0 96.0 0.0
22.0 98.0 0.0
22.0 100.0 0.0
22.0 102.0 0.0
22.0 104.0 0.0
22.0 106.0 0.02451600119370855
22.0 108.0 0.11650703501320951
22.0 110.0 0.2779567844637891
22.0 112.0 0.0
22.0 114.0 0.0
22.0 116.0 0.0
22.0 118.0 0.0
22.0 120.0 0.0
22.0 122.0 0.0
22.0 124.0 0.0
22.0 126.0 0.0
24.0 0.0 0.0
24.0 2.0 0.0
24.0 4.0 0.0
24.0 6.0 0.0
24.0 8.0 0.0
24.0 10.0 0.0
24.0 12.0 0.0
24.0 14.0 0.27678376268373756
24.0 16.0 0.07681929799098508
24.0 18.0 0.02671831330564801
24.0 20.0 0.01262688282749843
24.0 22.0 0.002154594431140681
24.0 24.0 1.2842229685224783E-4
24.0 26.0 0.008349830370797782
24.0 28.0 0.06677630516630197
24.0 30.0 0.1673034415808974
24.0 32.0 0.28309097901674174
24.0 34.0 0.3966671691130712
24.0 36.0 0.4231789195665006
24.0 38.0 0.44199871814507824
24.0 40.0 0.4317992980039012
24.0 42.0 0.43770578432124546
24.0 44.0 0.4402477631726156
24.0 46.0 0.4107149490685691
24.0 48.0 0.3542835477452861
24.0 50.0 0.24509578423163647
24.0 52.0 0.0764457129555945
24.0 54.0 0.009742224250968419
24.0 56.0 0.0
24.0 58.0 0.0
24.0 60.0 0.0
24.0 62.0 0.0
24.0 64.0 0.0
24.0 66.0 0.0
24.0 68.0 0.0
24.0 70.0 0.0
24.0 72.0 0.0
24.0 74.0 0.0
24.0 76.0 0.0
24.0 78.0 0.023497394393451106
24.0 80.0 0.053066050861765864
24.0 82.0 0.06265167149282315
24.0 84.0 0.050184554037112146
24.0 86.0 0.028307259728635206
24.0 88.0 0.00978255598292534
24.0 90.0 0.0
24.0 92.0 0.0
24.0 94.0 0.0
24.0 96.0 0.0
24.0 98.0 0.0
24.0 100.0 0.0
24.0 102.0 0.0
24.0 104.0 0.0
24.0 106.0 0.041778460566071714
24.0 108.0 0.15549273545036743
24.0 110.0 0.29594664146915484
24.0 112.0 0.4192323957331329
24.0 114.0 0.0
24.0 116.0 0.0
24.0 118.0 0.0
24.0 120.0 0.0
24.0 122.0 0.0
24.0 124.0 0.0
24.0 126.0 0.0
26.0 0.0 0.0
26.0 2.0 0.0
26.0 4.0 0.0
26.0 6.0 0.0
26.0 8.0 0.0
26.0 10.0 0.0
26.0 12.0 0.0
26.0 14.0 0.19992158781144043
26.0 16.0 0.0
26.0 18.0 0.0
26.0 20.0 0.0
26.0 22.0 0.0
26.0 24.0 0.0
26.0 26.0 0.0
26.0 28.0 0.027938617706149183
26.0 30.0 0.12258442369800752
26.0 32.0 0.2318616562995347
26.0 34.0 0.3424426341141326
26.0 36.0 0.41109767131879443
26.0 38.0 0.41537306052601397
26.0 40.0 0.410802172665399
26.0 42.0 0.4188809746614131
26.0 44.0 0.4201932630046164
26.0 46.0 0.3972983256993025
26.0 48.0 0.35019695709677917
26.0 50.0 0.26695283016786425
26.0 52.0 0.09992374824387444
26.0 54.0 0.014900086710416581
26.0 56.0 0.0
26.0 58.0 0.0
26.0 60.0 0.0
26.0 62.0 0.0
26.0 64.0 0.0
26.0 66.0 0.0
26.0 68.0 0.0
26.0 70.0 0.0
26.0 72.0 0.0
26.0 74.0 0.0
26.0 76.0 0.0
26.0 78.0 0.0
26.0 80.0 0.007808476497572041
26.0 82.0 0.01831541679282783
26.0 84.0 0.01890178495260389
26.0 86.0 0.011715174234456352
26.0 88.0 0.00807080455987562
26.0 90.0 0.0
26.0 92.0 0.0
26.0 94.0 0.0
26.0 96.0 0.0
26.0 98.0 0.0
26.0 100.0 0.0
26.0 102.0 0.0
26.0 104.0 0.0015522901530438647
26.0 106.0 0.07249968674366426
26.0 108.0 0.19054939062251827
26.0 110.0 0.3098088485715877
26.0 112.0 0.4086753421828994
26.0 114.0 0.4135334476493809
26.0 116.0 0.0
26.0 118.0 0.0
26.0 120.0 0.0
26.0 122.0 0.0
26.0 124.0 0.0
26.0 126.0 0.0
28.0 0.0 0.0
28.0 2.0 0.0
28.0 4.0 0.0
28.0 6.0 0.0
28.0 8.0 0.0
28.0 10.0 0.0
28.0 12.0 0.1167834813177535
28.0 14.0 0.0
28.0 16.0 0.0
28.0 18.0 0.0
28.0 20.0 0.0
28.0 22.0 0.0
28.0 24.0 0.0
28.0 26.0 0.0
28.0 28.0 0.011848079823689987
28.0 30.0 0.08381781997836613
28.0 32.0 0.18472011048062384
28.0 34.0 0.2857052293262135
28.0 36.0 0.358029826253808
28.0 38.0 0.34624240536772793
28.0 40.0 0.3542551602157906
28.0 42.0 0.3515476254808876
28.0 44.0 0.34915515673260655
28.0 46.0 0.3291872442106402
28.0 48.0 0.2854000642607206
28.0 50.0 0.2468272982701674
28.0 52.0 0.10056160425559758
28.0 54.0 0.016230864565090677
28.0 56.0 0.0
28.0 58.0 0.0
28.0 60.0 0.0
28.0 62.0 0.0
28.0 64.0 0.0
28.0 66.0 0.0
28.0 68.0 0.0
28.0 70.0 0.0
28.0 72.0 0.0
28.0 74.0 0.0
28.0 76.0 0.0
28.0 78.0 0.0
28.0 80.0 0.0
28.0 82.0 0.0
28.0 84.0 7.589589417350877E-4
28.0 86.0 1.2502801393818108E-4
28.0 88.0 0.0
28.0 90.0 0.0
28.0 92.0 0.0
28.0 94.0 0.0
28.0 96.0 0.0
28.0 98.0 0.0
28.0 100.0 0.0
28.0 102.0 0.0013063375445677837
28.0 104.0 0.032245255418885614
28.0 106.0 0.12564248749463836
28.0 108.0 0.22639798515140433
28.0 110.0 0.34652735964085185
28.0 112.0 0.4165020585577271
28.0 114.0 0.41643383428749386
28.0 116.0 0.2834446168967995
28.0 118.0 0.0
28.0 120.0 0.0
28.0 122.0 0.0
28.0 124.0 0.0
28.0 126.0 0.0
30.0 0.0 0.0
30.0 2.0 0.0
30.0 4.0 0.0
30.0 6.0 0.0
30.0 8.0 0.0
30.0 10.0 0.029324153340389906
30.0 12.0 0.0
30.0 14.0 0.0
30.0 16.0 0.0
30.0 18.0 0.0
30.0 20.0 0.0
30.0 22.0 0.0
30.0 24.0 0.0
30.0 26.0 0.0
30.0 28.0 0.010385871612953953
30.0 30.0 0.0518466126502416
30.0 32.0 0.1126661305601767
30.0 34.0 0.17701001526797652
30.0 36.0 0.23005508132796892
30.0 38.0 0.24952178001281525
30.0 40.0 0.25354090010294866
30.0 42.0 0.26168579189473534
30.0 44.0 0.2593223184038412
30.0 46.0 0.2487621116006288
30.0 48.0 0.25088586496165527
30.0 50.0 0.19096186609117305
30.0 52.0 0.07377647483090695
30.0 54.0 0.02003661494741447
30.0 56.0 0.0011180501399487227
30.0 58.0 0.0
30.0 60.0 0.0
30.0 62.0 0.0
30.0 64.0 0.0
30.0 66.0 0.0
30.0 68.0 0.0
30.0 70.0 0.0
30.0 72.0 0.0
30.0 74.0 0.0
30.0 76.0 0.0
30.0 78.0 0.0
30.0 80.0 0.0
30.0 82.0 0.0
30.0 84.0 0.0
30.0 86.0 0.0
30.0 88.0 0.0
30.0 90.0 0.0
30.0 92.0 0.0
30.0 94.0 0.0
30.0 96.0 2.7353853927606703E-4
30.0 98.0 0.0024000788181837793
30.0 100.0 0.012004181215966173
30.0 102.0 0.06254738160811513
30.0 104.0 0.14649505001441565
30.0 106.0 0.22157070250714184
30.0 108.0 0.2908851172028622
30.0 110.0 0.33557045159609394
30.0 112.0 0.4248820354117125
30.0 114.0 0.4057442217344993
30.0 116.0 0.2194015229472883
30.0 118.0 0.0
30.0 120.0 0.0
30.0 122.0 0.0
30.0 124.0 0.0
30.0 126.0 0.0
32.0 0.0 0.0
32.0 2.0 0.0
32.0 4.0 0.0
32.0 6.0 0.0
32.0 8.0 0.0
32.0 10.0 0.013377713438775729
32.0 12.0 0.0
32.0 14.0 0.0
32.0 16.0 0.0
32.0 18.0 0.0
32.0 20.0 0.0
32.0 22.0 0.0
32.0 24.0 0.0
32.0 26.0 0.0
32.0 28.0 0.002045630301392247
32.0 30.0 0.02123134144569121
32.0 32.0 0.04087736983270024
32.0 34.0 0.06306457428227193
32.0 36.0 0.0894137256407363
32.0 38.0 0.10891170590758387
32.0 40.0 0.13928183480061582
32.0 42.0 0.16111210735133105
32.0 44.0 0.1627330732597175
32.0 46.0 0.1592650236481888
32.0 48.0 0.17301426634633774
32.0 50.0 0.12066811651303659
32.0 52.0 0.061617770333299314
32.0 54.0 0.04343502629210486
32.0 56.0 0.01979598041887158
32.0 58.0 0.001913199755151547
32.0 60.0 0.0
32.0 62.0 0.0
32.0 64.0 0.0
32.0 66.0 0.0
32.0 68.0 0.0
32.0 70.0 0.0
32.0 72.0 0.0
32.0 74.0 0.0
32.0 76.0 0.0
32.0 78.0 0.0
32.0 80.0 0.0
32.0 82.0 0.0
32.0 84.0 0.0
32.0 86.0 0.0
32.0 88.0 0.0
32.0 90.0 0.0
32.0 92.0 0.0
32.0 94.0 0.011740008665982923
32.0 96.0 0.03484727591811366
32.0 98.0 0.05036282975231133
32.0 100.0 0.09631311524426496
32.0 102.0 0.1844270287063775
32.0 104.0 0.27226814898515
32.0 106.0 0.32421603533634324
32.0 108.0 0.3384349260008937
32.0 110.0 0.3523174127922602
32.0 112.0 0.43570170627974053
32.0 114.0 0.38943661136642654
32.0 116.0 0.14296907133988568
32.0 118.0 0.0064872748948313665
32.0 120.0 0.0
32.0 122.0 0.0
32.0 124.0 0.0
32.0 126.0 0.0
34.0 0.0 0.0
34.0 2.0 0.0
34.0 4.0 0.0
34.0 6.0 0.0
34.0 8.0 0.0
34.0 10.0 0.0
34.0 12.0 0.0
34.0 14.0 0.0
34.0 16.0 0.0
34.0 18.0 0.0
34.0 20.0 0.0
34.0 22.0 0.0
34.0 24.0 0.0
34.0 26.0 0.0
34.0 28.0 5.319880191924623E-4
34.0 30.0 0.010674858590359307
34.0 32.0 0.004654510419165693
34.0 34.0 0.0028219137926843133
34.0 36.0 0.01060269767421476
34.0 38.0 0.04417421718182444
34.0 40.0 0.07331441723477018
34.0 42.0 0.07695286524885332
34.0 44.0 0.07874405997556386
34.0 46.0 0.08337135987819845
34.0 48.0 0.10128632004367223
34.0 50.0 0.09757439643050862
34.0 52.0 0.10284452812733347
34.0 54.0 0.11771537458252106
34.0 56.0 0.1296862582434722
34.0 58.0 0.10914116468791409
34.0 60.0 0.06750535286651031
34.0 62.0 0.016007910778829626
34.0 64.0 4.0792516658836784E-4
34.0 66.0 0.0
34.0 68.0 0.0
34.0 70.0 0.0
34.0 72.0 0.0
34.0 74.0 0.0
34.0 76.0 0.0
34.0 78.0 0.0
34.0 80.0 0.0
34.0 82.0 0.0
34.0 84.0 0.0
34.0 86.0 0.0
34.0 88.0 0.0
34.0 90.0 0.0
34.0 92.0 0.003376164419919389
34.0 94.0 0.03395112186578731
34.0 96.0 0.08808148737922128
34.0 98.0 0.13807928461875774
34.0 100.0 0.21117979170713283
34.0 102.0 0.300209599781522
34.0 104.0 0.3376151465692275
34.0 106.0 0.3465731016751699
34.0 108.0 0.36030862807850794
34.0 110.0 0.4255703624633583
34.0 112.0 0.43488675973119156
34.0 114.0 0.36431408123487324
34.0 116.0 0.10345347157150823
34.0 118.0 2.271596405772992E-4
34.0 120.0 0.0
34.0 122.0 0.0
34.0 124.0 0.0
34.0 126.0 0.0
36.0 0.0 0.0
36.0 2.0 0.0
36.0 4.0 0.0
36.0 6.0 0.0
36.0 8.0 0.0
36.0 10.0 0.0
36.0 12.0 0.0
36.0 14.0 0.0
36.0 16.0 0.0
36.0 18.0 0.0
36.0 20.0 0.0
36.0 22.0 0.0
36.0 24.0 0.0
36.0 26.0 0.0
36.0 28.0 0.0
36.0 30.0 0.0
36.0 32.0 0.0
36.0 34.0 0.0
36.0 36.0 0.0
36.0 38.0 0.009408689615001855
36.0 40.0 0.016448465044670162
36.0 42.0 0.01679575553023224
36.0 44.0 0.02146203055191279
36.0 46.0 0.03220038547080588
36.0 48.0 0.052235928626186506
36.0 50.0 0.08838952457480358
36.0 52.0 0.12006787367113973
36.0 54.0 0.1703585589257801
36.0 56.0 0.21431701994115493
36.0 58.0 0.23040586840811897
36.0 60.0 0.22537873243499842
36.0 62.0 0.19759770094227347
36.0 64.0 0.13505148397643363
36.0 66.0 0.053646885160967044
36.0 68.0 0.003976579130850892
36.0 70.0 0.0
36.0 72.0 0.0
36.0 74.0 0.0
36.0 76.0 0.0
36.0 78.0 0.0
36.0 80.0 0.0
36.0 82.0 0.0
36.0 84.0 0.0
36.0 86.0 0.0
36.0 88.0 0.0
36.0 90.0 0.0
36.0 92.0 0.004361195986959964
36.0 94.0 0.05666339117285263
36.0 96.0 0.1353718860429273
36.0 98.0 0.21929636779637562
36.0 100.0 0.3054850064722651
36.0 102.0 0.3815372329277033
36.0 104.0 0.3521072249168273
36.0 106.0 0.36943539173117695
36.0 108.0 0.37549245399336056
36.0 110.0 0.448171397941354
36.0 112.0 0.43955545951514985
36.0 114.0 0.34365562760040674
36.0 116.0 0.07763651705192988
36.0 118.0 0.0
36.0 120.0 0.0
36.0 122.0 0.0
36.0 124.0 0.0
36.0 126.0 0.0
38.0 0.0 0.0
38.0 2.0 0.0
38.0 4.0 0.0
38.0 6.0 0.0
38.0 8.0 0.0
38.0 10.0 0.0
38.0 12.0 0.0
38.0 14.0 0.0
38.0 16.0 0.0
38.0 18.0 0.0
38.0 20.0 0.0
38.0 22.0 0.0
38.0 24.0 0.0
38.0 26.0 0.0
38.0 28.0 0.0
38.0 30.0 0.0
38.0 32.0 0.0
38.0 34.0 0.0
38.0 36.0 0.0
38.0 38.0 0.0
38.0 40.0 0.0
38.0 42.0 6.066539912189699E-5
38.0 44.0 0.002737428865359857
38.0 46.0 0.011661307638967186
38.0 48.0 0.02972633031726077
38.0 50.0 0.07127508853385303
38.0 52.0 0.1412653987740123
38.0 54.0 0.2087040849089151
38.0 56.0 0.2731030486086784
38.0 58.0 0.3080919368326494
38.0 60.0 0.32123829267553433
38.0 62.0 0.30744118142433424
38.0 64.0 0.2533681321872738
38.0 66.0 0.15062072910662813
38.0 68.0 0.02813993708126793
38.0 70.0 0.0015697743363238172
38.0 72.0 0.0
38.0 74.0 0.0
38.0 76.0 0.0
38.0 78.0 0.0
38.0 80.0 0.0
38.0 82.0 0.0
38.0 84.0 0.0
38.0 86.0 0.0
38.0 88.0 0.0
38.0 90.0 0.0
38.0 92.0 0.006131720678970776
38.0 94.0 0.076600778919194
38.0 96.0 0.17470094079811901
38.0 98.0 0.2736547299107122
38.0 100.0 0.3708589889263305
38.0 102.0 0.365135920805354
38.0 104.0 0.3807604061437153
38.0 106.0 0.3944840951729683
38.0 108.0 0.39281015915908063
38.0 110.0 0.4596331647621766
38.0 112.0 0.4326952111269458
38.0 114.0 0.3072687380168642
38.0 116.0 0.0601050069455266
38.0 118.0 0.0
38.0 120.0 0.0
38.0 122.0 0.0
38.0 124.0 0.0
38.0 126.0 0.0
40.0 0.0 0.0
40.0 2.0 0.0
40.0 4.0 0.0
40.0 6.0 0.0
40.0 8.0 0.0
40.0 10.0 0.0
40.0 12.0 0.0
40.0 14.0 0.0
40.0 16.0 0.0
40.0 18.0 0.0
40.0 20.0 0.0
40.0 22.0 0.0
40.0 24.0 0.0
40.0 26.0 0.0
40.0 28.0 0.0
40.0 30.0 0.0
40.0 32.0 0.0
40.0 34.0 0.0
40.0 36.0 0.0
40.0 38.0 0.0
40.0 40.0 0.0
40.0 42.0 0.0
40.0 44.0 0.0
40.0 46.0 2.0796307486418465E-4
40.0 48.0 0.018782374336554754
40.0 50.0 0.06648454125867391
40.0 52.0 0.14464823231812915
40.0 54.0 0.24247331001961223
40.0 56.0 0.318250074059538
40.0 58.0 0.3621533921292817
40.0 60.0 0.3798737872374196
40.0 62.0 0.3698891055389266
40.0 64.0 0.32535847310918276
40.0 66.0 0.23558885486619086
40.0 68.0 0.08052491033370006
40.0 70.0 0.00576051223222307
40.0 72.0 0.0
40.0 74.0 0.0
40.0 76.0 0.0
40.0 78.0 0.0
40.0 80.0 0.0
40.0 82.0 0.0
40.0 84.0 0.0
40.0 86.0 0.0
40.0 88.0 0.0
40.0 90.0 0.0
40.0 92.0 0.0021900516288064316
40.0 94.0 0.07537322234336558
40.0 96.0 0.18867637250130334
40.0 98.0 0.30209139878883234
40.0 100.0 0.41207309514006996
40.0 102.0 0.385112058633162
40.0 104.0 0.4021980834766132
40.0 106.0 0.4097152043929902
40.0 108.0 0.4045168696461414
40.0 110.0 0.4453405524803999
40.0 112.0 0.40867891090095965
40.0 114.0 0.26574380778677437
40.0 116.0 0.04783061528794349
40.0 118.0 0.0
40.0 120.0 0.0
40.0 122.0 0.0
40.0 124.0 0.0
40.0 126.0 0.0
42.0 0.0 0.0
42.0 2.0 0.0
42.0 4.0 0.0
42.0 6.0 0.0
42.0 8.0 0.0
42.0 10.0 0.0
42.0 12.0 0.0
42.0 14.0 0.024420867669653318
42.0 16.0 0.08676539804231644
42.0 18.0 0.06739555264137295
42.0 20.0 0.019999780172725183
42.0 22.0 0.0035253087171530297
42.0 24.0 0.0
42.0 26.0 0.0
42.0 28.0 0.0
42.0 30.0 0.0
42.0 32.0 0.0
42.0 34.0 0.0
42.0 36.0 0.0
42.0 38.0 0.0
42.0 40.0 0.0
42.0 42.0 0.0
42.0 44.0 0.0
42.0 46.0 0.0
42.0 48.0 0.014637904213525628
42.0 50.0 0.07056404792673031
42.0 52.0 0.163960304016849
42.0 54.0 0.27338838009404826
42.0 56.0 0.35520366317346913
42.0 58.0 0.40201021583762175
42.0 60.0 0.41815277417549773
42.0 62.0 0.4060152743179282
42.0 64.0 0.36288173594830697
42.0 66.0 0.28964671189266206
42.0 68.0 0.1473489160137773
42.0 70.0 0.01936905064133411
42.0 72.0 0.0
42.0 74.0 0.0
42.0 76.0 0.0
42.0 78.0 0.0
42.0 80.0 0.0
42.0 82.0 0.0
42.0 84.0 0.0
42.0 86.0 0.0
42.0 88.0 0.0
42.0 90.0 0.0
42.0 92.0 0.0
42.0 94.0 0.047643218329014886
42.0 96.0 0.1724826117934467
42.0 98.0 0.3034430402965033
42.0 100.0 0.41416288021177877
42.0 102.0 0.429638044292896
42.0 104.0 0.415828788175248
42.0 106.0 0.41986752623848983
42.0 108.0 0.41009566939150965
42.0 110.0 0.41178978817452516
42.0 112.0 0.38158204505029464
42.0 114.0 0.22490933647230582
42.0 116.0 0.037694228647715086
42.0 118.0 0.0
42.0 120.0 0.0
42.0 122.0 0.0
42.0 124.0 0.0
42.0 126.0 0.0
44.0 0.0 0.0
44.0 2.0 0.0
44.0 4.0 0.0
44.0 6.0 0.0
44.0 8.0 0.0
44.0 10.0 0.0
44.0 12.0 0.015477809701675622
44.0 14.0 0.14841188185406473
44.0 16.0 0.24876807799527131
44.0 18.0 0.19467244283746551
44.0 20.0 0.10824090257722879
44.0 22.0 0.02177236033862721
44.0 24.0 0.002995143008686412
44.0 26.0 0.0
44.0 28.0 0.0
44.0 30.0 0.0
44.0 32.0 0.0
44.0 34.0 0.0
44.0 36.0 0.0
44.0 38.0 0.0
44.0 40.0 0.0
44.0 42.0 0.0
44.0 44.0 0.0
44.0 46.0 0.0
44.0 48.0 0.01216958482091302
44.0 50.0 0.07516966752621931
44.0 52.0 0.1862616978384984
44.0 54.0 0.30737032646410417
44.0 56.0 0.3925013963948841
44.0 58.0 0.437477637545761
44.0 60.0 0.44902178407431537
44.0 62.0 0.43312791020486546
44.0 64.0 0.38965330151576105
44.0 66.0 0.3139690546884793
44.0 68.0 0.19709951392162015
44.0 70.0 0.05051261557797545
44.0 72.0 0.00196499295539856
44.0 74.0 0.0
44.0 76.0 0.0
44.0 78.0 0.0
44.0 80.0 0.0
44.0 82.0 0.0
44.0 84.0 0.0
44.0 86.0 0.0
44.0 88.0 0.0
44.0 90.0 0.0
44.0 92.0 0.0
44.0 94.0 0.006991015204893685
44.0 96.0 0.123231569212931
44.0 98.0 0.2576282756194869
44.0 100.0 0.36992896360662014
44.0 102.0 0.45073536506917095
44.0 104.0 0.44227956917726813
44.0 106.0 0.4172529616893051
44.0 108.0 0.39875288297362205
44.0 110.0 0.38275205126612905
44.0 112.0 0.3450100631389292
44.0 114.0 0.18600392235939142
44.0 116.0 0.028416028067828145
44.0 118.0 0.0
44.0 120.0 0.0
44.0 122.0 0.0
44.0 124.0 0.0
44.0 126.0 0.0
46.0 0.0 0.0
46.0 2.0 0.0
46.0 4.0 0.0
46.0 6.0 0.0
46.0 8.0 0.0
46.0 10.0 0.0
46.0 12.0 0.10948346855006101
46.0 14.0 0.3360926454662971
46.0 16.0 0.39733587095285844
46.0 18.0 0.32300518964517994
46.0 20.0 0.21899158819534206
46.0 22.0 0.07130544824556018
46.0 24.0 0.018212648839104017
46.0 26.0 0.001597028654798538
46.0 28.0 0.0
46.0 30.0 0.0
46.0 32.0 0.0
46.0 34.0 0.0
46.0 36.0 0.0
46.0 38.0 0.0
46.0 40.0 0.0
46.0 42.0 0.0
46.0 44.0 0.0
46.0 46.0 0.0
46.0 48.0 0.012841474307689971
46.0 50.0 0.08067713688015986
46.0 52.0 0.20976714779533526
46.0 54.0 0.3397630446912536
46.0 56.0 0.42762758015903385
46.0 58.0 0.47363138614864625
46.0 60.0 0.4811840181319911
46.0 62.0 0.40740127567132034
46.0 64.0 0.34944228501780095
46.0 66.0 0.28718594392309155
46.0 68.0 0.2038893291991856
46.0 70.0 0.08366734834183559
46.0 72.0 0.005554730244768065
46.0 74.0 0.0
46.0 76.0 0.0
46.0 78.0 0.0
46.0 80.0 0.0
46.0 82.0 0.0
46.0 84.0 0.0
46.0 86.0 0.0
46.0 88.0 0.0
46.0 90.0 0.0
46.0 92.0 0.0
46.0 94.0 0.0
46.0 96.0 0.08608404682743004
46.0 98.0 0.18900690139339552
46.0 100.0 0.30978013811171684
46.0 102.0 0.39331549516294356
46.0 104.0 0.43835014228403285
46.0 106.0 0.42748152750488616
46.0 108.0 0.38550052590202366
46.0 110.0 0.33750768496588185
46.0 112.0 0.28597574084169125
46.0 114.0 0.14460157792367173
46.0 116.0 0.01943631553731032
46.0 118.0 0.0
46.0 120.0 0.0
46.0 122.0 0.0
46.0 124.0 0.0
46.0 126.0 0.0
48.0 0.0 0.0
48.0 2.0 0.0
48.0 4.0 0.0
48.0 6.0 0.0
48.0 8.0 0.0
48.0 10.0 0.15997360871253843
48.0 12.0 0.4013943163232481
48.0 14.0 0.48282712373785514
48.0 16.0 0.4827132476613563
48.0 18.0 0.42957691832560946
48.0 20.0 0.3243236453539751
48.0 22.0 0.1419906802537078
48.0 24.0 0.04312165275484625
48.0 26.0 0.004260843633683238
48.0 28.0 0.0
48.0 30.0 0.0
48.0 32.0 0.0
48.0 34.0 0.0
48.0 36.0 0.0
48.0 38.0 0.0
48.0 40.0 0.0
48.0 42.0 0.0
48.0 44.0 0.0
48.0 46.0 0.0
48.0 48.0 0.014684950706715444
48.0 50.0 0.09750246922641266
48.0 52.0 0.23356627617778644
48.0 54.0 0.3661529104197865
48.0 56.0 0.459989037436658
48.0 58.0 0.489769291821224
48.0 60.0 0.4288229304627608
48.0 62.0 0.4009280803501918
48.0 64.0 0.3591791594652451
48.0 66.0 0.2975737936496495
48.0 68.0 0.21750454600407407
48.0 70.0 0.09353269889567505
48.0 72.0 0.006821954971812327
48.0 74.0 0.0
48.0 76.0 0.0
48.0 78.0 0.0
48.0 80.0 0.0
48.0 82.0 0.0
48.0 84.0 0.0
48.0 86.0 0.0
48.0 88.0 0.0
48.0 90.0 0.0
48.0 92.0 0.0
48.0 94.0 0.0
48.0 96.0 0.06594613655428999
48.0 98.0 0.14007123529172807
48.0 100.0 0.24707790030549182
48.0 102.0 0.3197074119583629
48.0 104.0 0.3606824470626215
48.0 106.0 0.37036713821872075
48.0 108.0 0.34602642601101247
48.0 110.0 0.29372645915727535
48.0 112.0 0.22668662551544125
48.0 114.0 0.10056530146798572
48.0 116.0 0.010975601707979366
48.0 118.0 0.0
48.0 120.0 0.0
48.0 122.0 0.0
48.0 124.0 0.0
48.0 126.0 0.0
50.0 0.0 0.0
50.0 2.0 0.0
50.0 4.0 0.0
50.0 6.0 0.0
50.0 8.0 0.048002988898026865
50.0 10.0 0.3033233119063019
50.0 12.0 0.4579570531650495
50.0 14.0 0.47476797822236483
50.0 16.0 0.48630154359133493
50.0 18.0 0.4453896050375312
50.0 20.0 0.35969837889483464
50.0 22.0 0.20433499205250505
50.0 24.0 0.0607760013574028
50.0 26.0 0.006164983868995873
50.0 28.0 0.0
50.0 30.0 0.0
50.0 32.0 0.0
50.0 34.0 0.0
50.0 36.0 0.0
50.0 38.0 0.0
50.0 40.0 0.0
50.0 42.0 0.0
50.0 44.0 0.0
50.0 46.0 0.0
50.0 48.0 0.016437333319019563
50.0 50.0 0.09628710742091877
50.0 52.0 0.24447033354735107
50.0 54.0 0.39233754139369803
50.0 56.0 0.4895421518682707
50.0 58.0 0.517083054407524
50.0 60.0 0.43654205312672323
50.0 62.0 0.39373557482658983
50.0 64.0 0.3556440867755825
50.0 66.0 0.2979104171867956
50.0 68.0 0.2286114081889038
50.0 70.0 0.08459616006119469
50.0 72.0 0.005041609861751063
50.0 74.0 0.0
50.0 76.0 0.0
50.0 78.0 0.0
50.0 80.0 0.0
50.0 82.0 0.0
50.0 84.0 0.0
50.0 86.0 0.0
50.0 88.0 0.0
50.0 90.0 0.0
50.0 92.0 0.0
50.0 94.0 0.0
50.0 96.0 0.02485009523065239
50.0 98.0 0.08489725430417888
50.0 100.0 0.1422514424941678
50.0 102.0 0.2246952764848985
50.0 104.0 0.2723790631008985
50.0 106.0 0.28785026265629204
50.0 108.0 0.28185924016081393
50.0 110.0 0.2379810593241135
50.0 112.0 0.1721072811239345
50.0 114.0 0.06659689924109986
50.0 116.0 0.004022478777006268
50.0 118.0 0.0
50.0 120.0 0.0
50.0 122.0 0.0
50.0 124.0 0.0
50.0 126.0 0.0
52.0 0.0 0.0
52.0 2.0 0.0
52.0 4.0 0.0
52.0 6.0 0.012169609200868431
52.0 8.0 0.17366955543400098
52.0 10.0 0.36922829773858434
52.0 12.0 0.47317111654499994
52.0 14.0 0.47266438741096284
52.0 16.0 0.4833855502532342
52.0 18.0 0.4476231612839017
52.0 20.0 0.37492197923095394
52.0 22.0 0.2400737341282988
52.0 24.0 0.06882179780563677
52.0 26.0 0.006085742598899788
52.0 28.0 0.0
52.0 30.0 0.0
52.0 32.0 0.0
52.0 34.0 0.0
52.0 36.0 0.0
52.0 38.0 0.0
52.0 40.0 0.0
52.0 42.0 0.0
52.0 44.0 0.0
52.0 46.0 0.0
52.0 48.0 0.008969951636928559
52.0 50.0 0.08753332467241161
52.0 52.0 0.2536568039252065
52.0 54.0 0.41297287283664863
52.0 56.0 0.5045876678531098
52.0 58.0 0.5321104278480325
52.0 60.0 0.4395982248704906
52.0 62.0 0.39415287623087414
52.0 64.0 0.35017366007032763
52.0 66.0 0.29407000824036006
52.0 68.0 0.2291095616443052
52.0 70.0 0.06685184303541071
52.0 72.0 0.0020674755781084427
52.0 74.0 0.0
52.0 76.0 0.0
52.0 78.0 0.0
52.0 80.0 0.0
52.0 82.0 0.0
52.0 84.0 0.0
52.0 86.0 0.0
52.0 88.0 0.0
52.0 90.0 0.0
52.0 92.0 0.0
52.0 94.0 0.0
52.0 96.0 0.01270912105437811
52.0 98.0 0.052277448089620794
52.0 100.0 0.09503752059781946
52.0 102.0 0.14131932079179607
52.0 104.0 0.2001597704097281
52.0 106.0 0.21054366133741
52.0 108.0 0.21339995088081629
52.0 110.0 0.17989320720900337
52.0 112.0 0.11765788226728628
52.0 114.0 0.042094400226113195
52.0 116.0 1.6139918816197648E-4
52.0 118.0 0.0
52.0 120.0 0.0
52.0 122.0 0.0
52.0 124.0 0.0
52.0 126.0 0.0
54.0 0.0 0.0
54.0 2.0 0.0
54.0 4.0 0.014301343031601755
54.0 6.0 0.15200242927309446
54.0 8.0 0.3336385918340707
54.0 10.0 0.43229367395393586
54.0 12.0 0.4677224407086944
54.0 14.0 0.4878404753046292
54.0 16.0 0.4898259570175205
54.0 18.0 0.4518329159125873
54.0 20.0 0.38388206409989833
54.0 22.0 0.23705586262617154
54.0 24.0 0.06139749746919209
54.0 26.0 0.004037013415978916
54.0 28.0 0.0
54.0 30.0 0.0
54.0 32.0 0.0
54.0 34.0 0.0
54.0 36.0 0.0
54.0 38.0 0.0
54.0 40.0 0.0
54.0 42.0 0.0
54.0 44.0 0.0
54.0 46.0 0.0
54.0 48.0 0.001788278846076216
54.0 50.0 0.07449718244567619
54.0 52.0 0.2518741917310619
54.0 54.0 0.4138142863403799
54.0 56.0 0.498543467885643
54.0 58.0 0.5181305250582575
54.0 60.0 0.4256198496320806
54.0 62.0 0.3817217237144031
54.0 64.0 0.3426442832398313
54.0 66.0 0.28088881249978576
54.0 68.0 0.20213961970183228
54.0 70.0 0.0388823302861901
54.0 72.0 0.0
54.0 74.0 0.0
54.0 76.0 0.0
54.0 78.0 0.0
54.0 80.0 0.0
54.0 82.0 0.0
54.0 84.0 0.0
54.0 86.0 0.0
54.0 88.0 0.0
54.0 90.0 0.0
54.0 92.0 0.0
54.0 94.0 0.0
54.0 96.0 0.0073330198943674235
54.0 98.0 0.030482096899355965
54.0 100.0 0.061982862206125026
54.0 102.0 0.09059983844057161
54.0 104.0 0.1297081410781724
54.0 106.0 0.13796342711408113
54.0 108.0 0.16022504118514194
54.0 110.0 0.1418361562582083
54.0 112.0 0.08191894247974106
54.0 114.0 0.026983008166276967
54.0 116.0 0.0
54.0 118.0 0.0
54.0 120.0 0.0
54.0 122.0 0.0
54.0 124.0 0.0
54.0 126.0 0.0
56.0 0.0 0.0
56.0 2.0 0.13876183734776604
56.0 4.0 0.18747586374238323
56.0 6.0 0.2606238158672206
56.0 8.0 0.38268199663678537
56.0 10.0 0.4426355191905254
56.0 12.0 0.462955479510431
56.0 14.0 0.462015915571411
56.0 16.0 0.45705086565511327
56.0 18.0 0.4331505894427376
56.0 20.0 0.3699498578017218
56.0 22.0 0.20142711033226382
56.0 24.0 0.03702728725462337
56.0 26.0 0.0
56.0 28.0 0.0
56.0 30.0 0.0
56.0 32.0 0.0
56.0 34.0 0.0
56.0 36.0 0.0
56.0 38.0 0.0
56.0 40.0 0.0
56.0 42.0 0.0
56.0 44.0 0.0
56.0 46.0 0.0
56.0 48.0 0.0015475569479391521
56.0 50.0 0.06470245797845979
56.0 52.0 0.2423469968535046
56.0 54.0 0.39119333312528765
56.0 56.0 0.45979742422799136
56.0 58.0 0.480302447481272
56.0 60.0 0.39981739050346493
56.0 62.0 0.35611593061682517
56.0 64.0 0.31645495562532683
56.0 66.0 0.25030208061676257
56.0 68.0 0.15885512883261116
56.0 70.0 0.020639356827616733
56.0 72.0 0.0
56.0 74.0 0.0
56.0 76.0 0.0
56.0 78.0 0.0
56.0 80.0 0.0
56.0 82.0 0.0
56.0 84.0 0.0
56.0 86.0 0.0
56.0 88.0 0.0
56.0 90.0 0.0
56.0 92.0 0.0
56.0 94.0 0.0
56.0 96.0 0.0
56.0 98.0 0.009010186310095682
56.0 100.0 0.02275697364502609
56.0 102.0 0.04237251503958977
56.0 104.0 0.06808897790610448
56.0 106.0 0.09616158282373789
56.0 108.0 0.08054433841398732
56.0 110.0 0.07645949549461381
56.0 112.0 0.040798781222539195
56.0 114.0 0.013629195733505987
56.0 116.0 0.0017844215991212956
56.0 118.0 8.060335399475048E-5
56.0 120.0 0.004598133606898353
56.0 122.0 0.011947507739895974
56.0 124.0 0.026003999849638425
56.0 126.0 0.1246804495256253
58.0 0.0 0.0
58.0 2.0 0.347905296241167
58.0 4.0 0.31236453667805447
58.0 6.0 0.3582536798141282
58.0 8.0 0.4073939829521442
58.0 10.0 0.4565361505503141
58.0 12.0 0.4569177912193822
58.0 14.0 0.44349410131599215
58.0 16.0 0.4393771156534468
58.0 18.0 0.4347118180121583
58.0 20.0 0.33890401447142815
58.0 22.0 0.1467593270290959
58.0 24.0 0.019205631864774527
58.0 26.0 0.0
58.0 28.0 0.0
58.0 30.0 0.0
58.0 32.0 0.0
58.0 34.0 0.0
58.0 36.0 0.0
58.0 38.0 0.0
58.0 40.0 0.0
58.0 42.0 0.0
58.0 44.0 0.0
58.0 46.0 0.0
58.0 48.0 0.005176522717265472
58.0 50.0 0.07307353609155197
58.0 52.0 0.2273226910428725
58.0 54.0 0.3502944755129554
58.0 56.0 0.4058591746742392
58.0 58.0 0.4169957507413075
58.0 60.0 0.40631205226743666
58.0 62.0 0.3188892871253939
58.0 64.0 0.2688558084408373
58.0 66.0 0.1928568365748743
58.0 68.0 0.08275801479069826
58.0 70.0 0.006033309286124176
58.0 72.0 0.0
58.0 74.0 0.0
58.0 76.0 0.0
58.0 78.0 0.0
58.0 80.0 0.0
58.0 82.0 0.0
58.0 84.0 0.0
58.0 86.0 0.0
58.0 88.0 0.0
58.0 90.0 0.0
58.0 92.0 0.0
58.0 94.0 0.0
58.0 96.0 0.0
58.0 98.0 0.003893476193224143
58.0 100.0 0.012218954418506367
58.0 102.0 0.018876114645583798
58.0 104.0 0.02532170454770503
58.0 106.0 0.03999870315465514
58.0 108.0 0.027778928646476086
58.0 110.0 0.03254424768283822
58.0 112.0 0.016191254714924604
58.0 114.0 0.008155117768994942
58.0 116.0 0.0069395803879316225
58.0 118.0 0.012693497045169762
58.0 120.0 0.02976980133848445
58.0 122.0 0.06557794857796825
58.0 124.0 0.1404516393146039
58.0 126.0 0.30140286293485885
60.0 0.0 0.0
60.0 2.0 0.4271014638446961
60.0 4.0 0.34382622302394
60.0 6.0 0.3673513505403907
60.0 8.0 0.4294755911559956
60.0 10.0 0.4502346106005474
60.0 12.0 0.444276729607612
60.0 14.0 0.4377130612215316
60.0 16.0 0.4367440159495184
60.0 18.0 0.4188241425422983
60.0 20.0 0.2948772663462493
60.0 22.0 0.10190358386939137
60.0 24.0 0.007674593064153715
60.0 26.0 0.0
60.0 28.0 0.0
60.0 30.0 0.0
60.0 32.0 0.0
60.0 34.0 0.0
60.0 36.0 0.0
60.0 38.0 0.0
60.0 40.0 0.0
60.0 42.0 0.0
60.0 44.0 0.0
60.0 46.0 0.001095290520489009
60.0 48.0 0.013096807898736343
60.0 50.0 0.09321581385322414
60.0 52.0 0.21277808871870132
60.0 54.0 0.30506876245650355
60.0 56.0 0.3468502929002737
60.0 58.0 0.353167816010218
60.0 60.0 0.33413815450119827
60.0 62.0 0.27665130922543135
60.0 64.0 0.19503100033293294
60.0 66.0 0.12528908116909024
60.0 68.0 0.02766594083229863
60.0 70.0 2.742936590037945E-4
60.0 72.0 0.0
60.0 74.0 0.0
60.0 76.0 0.0
60.0 78.0 0.0
60.0 80.0 0.0
60.0 82.0 0.0
60.0 84.0 0.0
60.0 86.0 0.0
60.0 88.0 0.0
60.0 90.0 0.0
60.0 92.0 0.0
60.0 94.0 0.0
60.0 96.0 9.187866563085755E-4
60.0 98.0 0.00262593775586897
60.0 100.0 0.0014902129096202486
60.0 102.0 0.0020566632706903927
60.0 104.0 0.0034674970428455417
60.0 106.0 0.006828240137232135
60.0 108.0 0.0060870732900717255
60.0 110.0 5.588210698793577E-4
60.0 112.0 0.004224947070907733
60.0 114.0 0.0038941423828983504
60.0 116.0 0.008835903804866712
60.0 118.0 0.02189110519365535
60.0 120.0 0.05523986467988728
60.0 122.0 0.11866251069024114
60.0 124.0 0.23260818980922793
60.0 126.0 0.3819643534243083
62.0 0.0 0.0
62.0 2.0 0.4366275076966128
62.0 4.0 0.328118107860284
62.0 6.0 0.3428479281216961
62.0 8.0 0.4016473672128135
62.0 10.0 0.44177301355336124
62.0 12.0 0.4317025909528025
62.0 14.0 0.43359945238366654
62.0 16.0 0.43559028491744506
62.0 18.0 0.39111121098742724
62.0 20.0 0.2385802926037532
62.0 22.0 0.053397410005016764
62.0 24.0 3.504893894866639E-4
62.0 26.0 0.0
62.0 28.0 0.0
62.0 30.0 0.0
62.0 32.0 0.0
62.0 34.0 0.0
62.0 36.0 0.0
62.0 38.0 0.0
62.0 40.0 0.0
62.0 42.0 0.0
62.0 44.0 0.0
62.0 46.0 0.0015552762893933033
62.0 48.0 0.04480157263487014
62.0 50.0 0.10945680833395229
62.0 52.0 0.18690748574661709
62.0 54.0 0.25367504168603466
62.0 56.0 0.28597549760211755
62.0 58.0 0.28707004525109453
62.0 60.0 0.25947951639424144
62.0 62.0 0.19620703382135965
62.0 64.0 0.12562070724247384
62.0 66.0 0.06038126176505899
62.0 68.0 0.005949667663968935
62.0 70.0 0.0
62.0 72.0 0.0
62.0 74.0 0.0
62.0 76.0 0.0
62.0 78.0 0.0
62.0 80.0 0.0
62.0 82.0 0.0
62.0 84.0 0.0
62.0 86.0 0.0
62.0 88.0 0.0
62.0 90.0 0.0
62.0 92.0 0.0010060677268414096
62.0 94.0 0.0024361784896851646
62.0 96.0 0.00172307833517729
62.0 98.0 4.287579465930944E-5
62.0 100.0 0.0
62.0 102.0 0.0
62.0 104.0 0.0
62.0 106.0 0.0
62.0 108.0 0.0
62.0 110.0 0.0
62.0 112.0 0.0
62.0 114.0 0.002042109578926253
62.0 116.0 0.01023897126288634
62.0 118.0 0.029548729661498786
62.0 120.0 0.07527436322602644
62.0 122.0 0.1465895288173912
62.0 124.0 0.26197614144389036
62.0 126.0 0.41342030145335057
64.0 0.0 0.0
64.0 2.0 0.40968051321440885
64.0 4.0 0.2832609802442431
64.0 6.0 0.2997678453052175
64.0 8.0 0.3600078939860951
64.0 10.0 0.41228405720884426
64.0 12.0 0.4256576679480278
64.0 14.0 0.4247828972866204
64.0 16.0 0.41866493202049143
64.0 18.0 0.35491234370208885
64.0 20.0 0.1810303290258575
64.0 22.0 0.025383339201942398
64.0 24.0 0.0
64.0 26.0 0.0
64.0 28.0 0.0
64.0 30.0 0.0
64.0 32.0 0.0
64.0 34.0 0.0
64.0 36.0 0.0
64.0 38.0 0.0
64.0 40.0 0.0
64.0 42.0 0.0
64.0 44.0 0.0
64.0 46.0 0.004188850145980741
64.0 48.0 0.04422530034793307
64.0 50.0 0.10789641294518217
64.0 52.0 0.15815881712955007
64.0 54.0 0.20311713010251195
64.0 56.0 0.2273450515319291
64.0 58.0 0.22499175122465762
64.0 60.0 0.19334379322897624
64.0 62.0 0.1308235751583833
64.0 64.0 0.06383128606802858
64.0 66.0 0.022180909888558285
64.0 68.0 8.683930525135512E-5
64.0 70.0 0.0
64.0 72.0 0.0
64.0 74.0 0.0
64.0 76.0 0.0
64.0 78.0 0.0
64.0 80.0 0.0
64.0 82.0 0.0
64.0 84.0 0.004383232769268222
64.0 86.0 0.006311062341496944
64.0 88.0 0.002220453706055552
64.0 90.0 0.0026002529000546024
64.0 92.0 0.0028189269421027567
64.0 94.0 0.0019065646479892598
64.0 96.0 3.184728249510215E-4
64.0 98.0 0.0
64.0 100.0 0.0
64.0 102.0 0.0
64.0 104.0 0.0
64.0 106.0 0.0
64.0 108.0 0.0
64.0 110.0 0.0
64.0 112.0 0.0
64.0 114.0 2.7341339767457027E-4
64.0 116.0 0.010168489178989373
64.0 118.0 0.034657677557485014
64.0 120.0 0.0895766904519469
64.0 122.0 0.1616005620938553
64.0 124.0 0.26684899340837515
64.0 126.0 0.3966822765598301
66.0 0.0 0.0
66.0 2.0 0.35154368607468806
66.0 4.0 0.1865269315390353
66.0 6.0 0.22936333223057145
66.0 8.0 0.29917289843413625
66.0 10.0 0.37268220423529047
66.0 12.0 0.41286767500924215
66.0 14.0 0.42117498791907576
66.0 16.0 0.3983764368578157
66.0 18.0 0.30283662030096564
66.0 20.0 0.12050301944249443
66.0 22.0 0.01094061621807761
66.0 24.0 0.0
66.0 26.0 0.0
66.0 28.0 0.0
66.0 30.0 0.0
66.0 32.0 0.0
66.0 34.0 0.0
66.0 36.0 0.0
66.0 38.0 0.0
66.0 40.0 0.0
66.0 42.0 0.0
66.0 44.0 0.0
66.0 46.0 0.017994695416061048
66.0 48.0 0.06113325746264505
66.0 50.0 0.09828981900460239
66.0 52.0 0.1261639487727836
66.0 54.0 0.15560783854926566
66.0 56.0 0.17240640416942163
66.0 58.0 0.16493881847100753
66.0 60.0 0.12981681390883343
66.0 62.0 0.06972673337311637
66.0 64.0 0.01994368487901481
66.0 66.0 0.009071907191150365
66.0 68.0 0.0
66.0 70.0 0.0
66.0 72.0 0.0
66.0 74.0 0.0
66.0 76.0 0.0027250031257009303
66.0 78.0 0.016277012456507367
66.0 80.0 0.0418991155480645
66.0 82.0 0.06476223049939707
66.0 84.0 0.06610667987509586
66.0 86.0 0.05956480123305499
66.0 88.0 0.049893371713822465
66.0 90.0 0.03178980220915261
66.0 92.0 0.014858681475989429
66.0 94.0 0.0011035182641981325
66.0 96.0 0.0
66.0 98.0 0.0
66.0 100.0 0.0
66.0 102.0 0.0
66.0 104.0 0.0
66.0 106.0 0.0
66.0 108.0 0.0
66.0 110.0 0.0
66.0 112.0 0.0
66.0 114.0 0.0
66.0 116.0 0.0039388659834200465
66.0 118.0 0.030865230349923136
66.0 120.0 0.092465978819962
66.0 122.0 0.16088440735693177
66.0 124.0 0.25795036476204486
66.0 126.0 0.3713050155121563
68.0 0.0 0.0
68.0 2.0 0.2539425241746905
68.0 4.0 0.10346934004560576
68.0 6.0 0.1653562170842741
68.0 8.0 0.23884160955116573
68.0 10.0 0.32085617633724745
68.0 12.0 0.37756286058929117
68.0 14.0 0.4130652805015254
68.0 16.0 0.3770517562170097
68.0 18.0 0.24039041859569302
68.0 20.0 0.057897826998310725
68.0 22.0 0.002977812685555354
68.0 24.0 0.0
68.0 26.0 0.0
68.0 28.0 0.0
68.0 30.0 0.0
68.0 32.0 0.0
68.0 34.0 0.0
68.0 36.0 0.0
68.0 38.0 0.0
68.0 40.0 0.0
68.0 42.0 0.0
68.0 44.0 0.0031890455852858746
68.0 46.0 0.025216136647254986
68.0 48.0 0.053604083332682434
68.0 50.0 0.08502746838886337
68.0 52.0 0.10309560568928598
68.0 54.0 0.11569691147317278
68.0 56.0 0.11999571124833153
68.0 58.0 0.1041158223381204
68.0 60.0 0.06525174027750659
68.0 62.0 0.020298362427671485
68.0 64.0 3.0522098968058757E-4
68.0 66.0 0.002308096949915977
68.0 68.0 6.393276741177809E-4
68.0 70.0 5.247180203121368E-4
68.0 72.0 0.002055312546227451
68.0 74.0 0.0108841136626002
68.0 76.0 0.037078895215056105
68.0 78.0 0.07364582837913768
68.0 80.0 0.10566937803894287
68.0 82.0 0.14634754506303024
68.0 84.0 0.16945902969235493
68.0 86.0 0.16629521234554773
68.0 88.0 0.14321004459235323
68.0 90.0 0.10415542545038986
68.0 92.0 0.05923824171683157
68.0 94.0 0.010478594906841927
68.0 96.0 0.0
68.0 98.0 0.0
68.0 100.0 0.0
68.0 102.0 0.0
68.0 104.0 0.0
68.0 106.0 0.0
68.0 108.0 0.0
68.0 110.0 0.0
68.0 112.0 0.0
68.0 114.0 0.0
68.0 116.0 0.0
68.0 118.0 0.021600032574743782
68.0 120.0 0.07483832350390705
68.0 122.0 0.1408682756969515
68.0 124.0 0.24139829391316925
68.0 126.0 0.32853241584588205
70.0 0.0 0.0
70.0 2.0 0.14379595845355256
70.0 4.0 0.04790527215814678
70.0 6.0 0.11089909984386455
70.0 8.0 0.18261949234538785
70.0 10.0 0.2635247120845603
70.0 12.0 0.36644782255170966
70.0 14.0 0.386831819031855
70.0 16.0 0.2721002180743445
70.0 18.0 0.1437675371042507
70.0 20.0 0.02373773732010274
70.0 22.0 0.0
70.0 24.0 0.0
70.0 26.0 0.0
70.0 28.0 0.0
70.0 30.0 0.0
70.0 32.0 0.0
70.0 34.0 0.0
70.0 36.0 0.0
70.0 38.0 0.0
70.0 40.0 0.0
70.0 42.0 0.0020786566063995637
70.0 44.0 0.01589386929278457
70.0 46.0 0.04026940013919554
70.0 48.0 0.06682579670004819
70.0 50.0 0.08684063429335513
70.0 52.0 0.08906680212392219
70.0 54.0 0.08057115865542434
70.0 56.0 0.06780734193039527
70.0 58.0 0.043014507901969805
70.0 60.0 0.013389768004683285
70.0 62.0 0.0
70.0 64.0 0.0
70.0 66.0 0.0
70.0 68.0 1.7783715467759392E-4
70.0 70.0 0.0015606850120883588
70.0 72.0 0.008390768265343546
70.0 74.0 0.03131698016386309
70.0 76.0 0.07989075212561858
70.0 78.0 0.13409525392117902
70.0 80.0 0.1929154282145924
70.0 82.0 0.24173752606901244
70.0 84.0 0.27238573132410837
70.0 86.0 0.27898793165293023
70.0 88.0 0.24360465995208216
70.0 90.0 0.1837408569379165
70.0 92.0 0.11128178492505202
70.0 94.0 0.033116895127691254
70.0 96.0 0.002098329470000857
70.0 98.0 0.0
70.0 100.0 0.0
70.0 102.0 0.0
70.0 104.0 0.0
70.0 106.0 0.0
70.0 108.0 0.0
70.0 110.0 0.0
70.0 112.0 0.0
70.0 114.0 0.0
70.0 116.0 0.0
70.0 118.0 0.0024199804083735736
70.0 120.0 0.045063170589222844
70.0 122.0 0.11215667199817742
70.0 124.0 0.1991077568493336
70.0 126.0 0.26716511307900903
72.0 0.0 0.0
72.0 2.0 0.0886856316011676
72.0 4.0 0.018874474469936255
72.0 6.0 0.07099472710776555
72.0 8.0 0.13570623780873906
72.0 10.0 0.2222474577532556
72.0 12.0 0.30438461357997443
72.0 14.0 0.2909200926062767
72.0 16.0 0.18170884519254846
72.0 18.0 0.08348017518556115
72.0 20.0 0.007895437872166058
72.0 22.0 0.0
72.0 24.0 0.0
72.0 26.0 0.0
72.0 28.0 0.0
72.0 30.0 0.0
72.0 32.0 0.0
72.0 34.0 0.0
72.0 36.0 0.0
72.0 38.0 0.0
72.0 40.0 0.0037323413441020937
72.0 42.0 0.015388307245339272
72.0 44.0 0.02946732259544171
72.0 46.0 0.05892882622717976
72.0 48.0 0.08888911999959069
72.0 50.0 0.10068244877391798
72.0 52.0 0.08234589347519385
72.0 54.0 0.049540293016166304
72.0 56.0 0.020949814844343967
72.0 58.0 4.229222372318559E-4
72.0 60.0 0.0
72.0 62.0 0.0
72.0 64.0 0.0
72.0 66.0 0.0
72.0 68.0 0.0
72.0 70.0 0.0
72.0 72.0 0.008041282766470424
72.0 74.0 0.04690370771810099
72.0 76.0 0.11879904416607573
72.0 78.0 0.1992016486934923
72.0 80.0 0.27404501044463375
72.0 82.0 0.3303190102583509
72.0 84.0 0.3591317220717028
72.0 86.0 0.3717029965910776
72.0 88.0 0.3421989613320817
72.0 90.0 0.2675644850368259
72.0 92.0 0.16731648455846906
72.0 94.0 0.05869235618563265
72.0 96.0 0.005222438249800448
72.0 98.0 0.0
72.0 100.0 0.0
72.0 102.0 0.0
72.0 104.0 0.0
72.0 106.0 0.0
72.0 108.0 0.0
72.0 110.0 0.0
72.0 112.0 0.0
72.0 114.0 0.0
72.0 116.0 0.0
72.0 118.0 0.0
72.0 120.0 0.012757592694951763
72.0 122.0 0.06663049327089858
72.0 124.0 0.1376412111923321
72.0 126.0 0.20267985821423085
74.0 0.0 0.0
74.0 2.0 0.05123065792342928
74.0 4.0 0.00411158931840686
74.0 6.0 0.04216543298545672
74.0 8.0 0.09041087711842784
74.0 10.0 0.15427246875973186
74.0 12.0 0.17113965957356744
74.0 14.0 0.142112656858136
74.0 16.0 0.10270486439258313
74.0 18.0 0.02320402820096566
74.0 20.0 0.0
74.0 22.0 0.0
74.0 24.0 0.0
74.0 26.0 0.0
74.0 28.0 0.0
74.0 30.0 0.0
74.0 32.0 0.0
74.0 34.0 0.0
74.0 36.0 0.002524736108532531
74.0 38.0 0.0146720118872275
74.0 40.0 0.027399949892436447
74.0 42.0 0.04286581357666971
74.0 44.0 0.0626340871653032
74.0 46.0 0.09405067188798656
74.0 48.0 0.10987232330767732
74.0 50.0 0.10869617900429619
74.0 52.0 0.08398845092885017
74.0 54.0 0.02391199697462128
74.0 56.0 0.0
74.0 58.0 0.0
74.0 60.0 0.0
74.0 62.0 0.0
74.0 64.0 0.0
74.0 66.0 0.0
74.0 68.0 0.0
74.0 70.0 0.0
74.0 72.0 9.901763027944637E-4
74.0 74.0 0.04994714578822223
74.0 76.0 0.1363816927301819
74.0 78.0 0.23822525721174
74.0 80.0 0.33274016610506146
74.0 82.0 0.39349606623040306
74.0 84.0 0.4223168567592161
74.0 86.0 0.4450070045339671
74.0 88.0 0.4249035535555825
74.0 90.0 0.3455479738329781
74.0 92.0 0.23043604613502397
74.0 94.0 0.09646496689941224
74.0 96.0 0.012967214835747568
74.0 98.0 0.0
74.0 100.0 0.0
74.0 102.0 0.0
74.0 104.0 0.0
74.0 106.0 0.0
74.0 108.0 0.0
74.0 110.0 0.0
74.0 112.0 0.0
74.0 114.0 0.0
74.0 116.0 0.0
74.0 118.0 0.0
74.0 120.0 0.0
74.0 122.0 0.013885128232267105
74.0 124.0 0.04847144373734017
74.0 126.0 0.10838779759976287
76.0 0.0 0.0
76.0 2.0 0.019599848030405733
76.0 4.0 5.641362449259531E-4
76.0 6.0 0.014097335644909231
76.0 8.0 0.03878075830992155
76.0 10.0 0.04229340922357549
76.0 12.0 0.02109894038928137
76.0 14.0 0.009185136491623074
76.0 16.0 0.02119333081762703
76.0 18.0 0.0
76.0 20.0 0.0
76.0 22.0 0.0
76.0 24.0 0.0
76.0 26.0 0.0
76.0 28.0 0.0
76.0 30.0 0.0
76.0 32.0 0.0
76.0 34.0 0.003913044035199326
76.0 36.0 0.01990288917772246
76.0 38.0 0.04631927956581843
76.0 40.0 0.0796991467439707
76.0 42.0 0.109505866253807
76.0 44.0 0.13893538234480027
76.0 46.0 0.15709694193951115
76.0 48.0 0.1537459814994794
76.0 50.0 0.1523892931264046
76.0 52.0 0.09690709872681319
76.0 54.0 0.007091396535813136
76.0 56.0 0.0
76.0 58.0 0.0
76.0 60.0 0.0
76.0 62.0 0.0
76.0 64.0 0.0
76.0 66.0 0.0
76.0 68.0 0.0
76.0 70.0 0.0
76.0 72.0 0.0
76.0 74.0 0.04232632971437297
76.0 76.0 0.14673919392494839
76.0 78.0 0.2501164382351154
76.0 80.0 0.33094682132998077
76.0 82.0 0.3838335786811469
76.0 84.0 0.46157241200734456
76.0 86.0 0.503289124095061
76.0 88.0 0.4779695425208845
76.0 90.0 0.4055954337721109
76.0 92.0 0.2879151604702156
76.0 94.0 0.13898551433813708
76.0 96.0 0.028857195707030204
76.0 98.0 3.4667270808879004E-4
76.0 100.0 0.0
76.0 102.0 0.0
76.0 104.0 0.0
76.0 106.0 0.0
76.0 108.0 0.0
76.0 110.0 0.0
76.0 112.0 0.0
76.0 114.0 0.0
76.0 116.0 0.0
76.0 118.0 0.0
76.0 120.0 0.0
76.0 122.0 0.0
76.0 124.0 0.0
76.0 126.0 0.0
78.0 0.0 0.0
78.0 2.0 0.0
78.0 4.0 0.0
78.0 6.0 0.0
78.0 8.0 0.0015884385214497692
78.0 10.0 0.0
78.0 12.0 0.0
78.0 14.0 0.0
78.0 16.0 0.0
78.0 18.0 0.0
78.0 20.0 0.0
78.0 22.0 0.0
78.0 24.0 0.0
78.0 26.0 0.0
78.0 28.0 0.0
78.0 30.0 0.0
78.0 32.0 0.0054361432108940115
78.0 34.0 0.027679586692636284
78.0 36.0 0.07125087908653509
78.0 38.0 0.1227619880503924
78.0 40.0 0.16987501929642512
78.0 42.0 0.2081248827811587
78.0 44.0 0.23672232220762487
78.0 46.0 0.23974459389314975
78.0 48.0 0.22275757016484624
78.0 50.0 0.20566703392503582
78.0 52.0 0.1075064492732361
78.0 54.0 0.009283733790942163
78.0 56.0 0.0
78.0 58.0 0.0
78.0 60.0 0.0
78.0 62.0 0.0
78.0 64.0 0.0
78.0 66.0 0.0
78.0 68.0 0.0
78.0 70.0 0.0
78.0 72.0 0.0
78.0 74.0 0.017098892384298136
78.0 76.0 0.1337401253712586
78.0 78.0 0.24477804339639708
78.0 80.0 0.32322452784470274
78.0 82.0 0.3762628601861682
78.0 84.0 0.4593499283092289
78.0 86.0 0.5272675200591697
78.0 88.0 0.5135644798820662
78.0 90.0 0.44623742428387186
78.0 92.0 0.3278678412865981
78.0 94.0 0.17146922993537272
78.0 96.0 0.052514327290429354
78.0 98.0 0.004423302992422509
78.0 100.0 0.0
78.0 102.0 0.0
78.0 104.0 0.0
78.0 106.0 0.0
78.0 108.0 0.0
78.0 110.0 0.0
78.0 112.0 0.0
78.0 114.0 0.0
78.0 116.0 0.0
78.0 118.0 0.0
78.0 120.0 0.0
78.0 122.0 0.0
78.0 124.0 0.0
78.0 126.0 0.0
80.0 0.0 0.0
80.0 2.0 0.0
80.0 4.0 0.0
80.0 6.0 0.0
80.0 8.0 0.0
80.0 10.0 0.0
80.0 12.0 0.0
80.0 14.0 0.0
80.0 16.0 0.0
80.0 18.0 0.0
80.0 20.0 0.0
80.0 22.0 0.0
80.0 24.0 0.0
80.0 26.0 0.0
80.0 28.0 0.0
80.0 30.0 0.0015552937185768858
80.0 32.0 0.03272503204714925
80.0 34.0 0.09151673010956603
80.0 36.0 0.15879804163265074
80.0 38.0 0.221616220675842
80.0 40.0 0.2774693061001962
80.0 42.0 0.3166957967129392
80.0 44.0 0.335933094771314
80.0 46.0 0.31368921890072504
80.0 48.0 0.2872381112957005
80.0 50.0 0.2740149282601611
80.0 52.0 0.11893792919511544
80.0 54.0 0.011499603848234929
80.0 56.0 0.0
80.0 58.0 0.0
80.0 60.0 0.0
80.0 62.0 0.0
80.0 64.0 0.0
80.0 66.0 0.0
80.0 68.0 0.0
80.0 70.0 0.0
80.0 72.0 0.0
80.0 74.0 0.0013325025284243919
80.0 76.0 0.10985916663891092
80.0 78.0 0.2186273468828548
80.0 80.0 0.29483973248543893
80.0 82.0 0.38643464301746683
80.0 84.0 0.5001907429658051
80.0 86.0 0.5407642864598722
80.0 88.0 0.554914184970195
80.0 90.0 0.48654187147640254
80.0 92.0 0.35174501604722214
80.0 94.0 0.1570728460388072
80.0 96.0 0.05520529179808317
80.0 98.0 0.005298808957443613
80.0 100.0 0.0
80.0 102.0 0.0
80.0 104.0 0.0
80.0 106.0 0.0
80.0 108.0 0.0
80.0 110.0 0.0
80.0 112.0 0.0
80.0 114.0 0.0
80.0 116.0 0.0
80.0 118.0 0.0
80.0 120.0 0.0
80.0 122.0 0.0
80.0 124.0 0.0
80.0 126.0 0.0
82.0 0.0 0.0
82.0 2.0 0.0
82.0 4.0 0.0
82.0 6.0 0.0
82.0 8.0 0.0
82.0 10.0 0.0
82.0 12.0 0.0
82.0 14.0 0.0
82.0 16.0 0.0
82.0 18.0 0.0
82.0 20.0 0.0
82.0 22.0 0.0
82.0 24.0 0.0
82.0 26.0 0.0
82.0 28.0 0.0
82.0 30.0 0.01270976124714993
82.0 32.0 0.10555345814234679
82.0 34.0 0.19496556382132432
82.0 36.0 0.2669260788008787
82.0 38.0 0.3310638909514188
82.0 40.0 0.3858630898594879
82.0 42.0 0.4208088115379396
82.0 44.0 0.4011845991109851
82.0 46.0 0.3634628388642444
82.0 48.0 0.3878165698130303
82.0 50.0 0.33840685163983286
82.0 52.0 0.14152704379654085
82.0 54.0 0.011436418352066503
82.0 56.0 0.0
82.0 58.0 0.0
82.0 60.0 0.0
82.0 62.0 0.0
82.0 64.0 0.0
82.0 66.0 0.0
82.0 68.0 0.0
82.0 70.0 0.0
82.0 72.0 0.0
82.0 74.0 5.9571198815483055E-5
82.0 76.0 0.09111729445298411
82.0 78.0 0.192447380046353
82.0 80.0 0.2726047644951595
82.0 82.0 0.38890305837915395
82.0 84.0 0.46175265144135413
82.0 86.0 0.5108572105326384
82.0 88.0 0.5429236236914731
82.0 90.0 0.47037402783172544
82.0 92.0 0.3128261811922894
82.0 94.0 0.13597517073864251
82.0 96.0 0.05169115524604373
82.0 98.0 0.005295482473731691
82.0 100.0 0.0
82.0 102.0 0.0
82.0 104.0 0.0
82.0 106.0 0.0
82.0 108.0 0.0
82.0 110.0 0.0
82.0 112.0 0.0
82.0 114.0 0.0
82.0 116.0 0.0
82.0 118.0 0.0
82.0 120.0 0.0
82.0 122.0 0.0
82.0 124.0 0.0
82.0 126.0 0.0
84.0 0.0 0.0
84.0 2.0 0.0
84.0 4.0 0.0
84.0 6.0 0.0
84.0 8.0 0.0
84.0 10.0 0.0
84.0 12.0 0.0
84.0 14.0 0.0
84.0 16.0 0.0
84.0 18.0 0.0
84.0 20.0 0.0
84.0 22.0 0.0
84.0 24.0 0.0
84.0 26.0 0.0
84.0 28.0 0.0
84.0 30.0 0.03484109383824276
84.0 32.0 0.17759662529226694
84.0 34.0 0.2981175099983995
84.0 36.0 0.37599447759875076
84.0 38.0 0.4262828023584673
84.0 40.0 0.40303858492385025
84.0 42.0 0.3964594815655995
84.0 44.0 0.41323319822585325
84.0 46.0 0.4116948219104304
84.0 48.0 0.4630534849580874
84.0 50.0 0.379685019135384
84.0 52.0 0.16039028297921568
84.0 54.0 0.014798961197303622
84.0 56.0 0.0
84.0 58.0 0.0
84.0 60.0 0.0
84.0 62.0 0.0
84.0 64.0 0.0
84.0 66.0 0.0
84.0 68.0 0.0
84.0 70.0 0.0
84.0 72.0 0.0
84.0 74.0 0.0
84.0 76.0 0.047385537618924924
84.0 78.0 0.1476156071655912
84.0 80.0 0.23302164746917217
84.0 82.0 0.3326199853715262
84.0 84.0 0.3960543132504706
84.0 86.0 0.4414019048260673
84.0 88.0 0.4406505084601087
84.0 90.0 0.3731718468584184
84.0 92.0 0.25440841943811804
84.0 94.0 0.12355187708555977
84.0 96.0 0.046267691019623636
84.0 98.0 0.01011373427731703
84.0 100.0 0.0
84.0 102.0 0.0
84.0 104.0 0.0
84.0 106.0 0.0
84.0 108.0 0.0
84.0 110.0 0.0
84.0 112.0 0.0
84.0 114.0 0.0
84.0 116.0 0.0
84.0 118.0 0.0
84.0 120.0 0.0
84.0 122.0 0.0
84.0 124.0 0.0
84.0 126.0 0.0
86.0 0.0 0.0
86.0 2.0 0.0
86.0 4.0 0.0
86.0 6.0 0.0
86.0 8.0 0.0
86.0 10.0 0.0
86.0 12.0 0.0
86.0 14.0 0.0
86.0 16.0 0.0
86.0 18.0 0.0
86.0 20.0 0.0
86.0 22.0 0.0
86.0 24.0 0.0
86.0 26.0 0.0
86.0 28.0 0.0
86.0 30.0 0.06328002848162778
86.0 32.0 0.23500959108772998
86.0 34.0 0.377987301878321
86.0 36.0 0.415611349266553
86.0 38.0 0.42302366820737536
86.0 40.0 0.4745817149085309
86.0 42.0 0.4984009312565209
86.0 44.0 0.4730090300437651
86.0 46.0 0.4423017848789729
86.0 48.0 0.5079008059008935
86.0 50.0 0.39197651971328584
86.0 52.0 0.16354839088162965
86.0 54.0 0.017447301871973745
86.0 56.0 0.0
86.0 58.0 0.0
86.0 60.0 0.0
86.0 62.0 0.0
86.0 64.0 0.0
86.0 66.0 0.0
86.0 68.0 0.0
86.0 70.0 0.0
86.0 72.0 0.0
86.0 74.0 0.0
86.0 76.0 0.003052041135200252
86.0 78.0 0.07885026218818057
86.0 80.0 0.1568318020911441
86.0 82.0 0.24756594049284153
86.0 84.0 0.30467715749158425
86.0 86.0 0.33390481341596745
86.0 88.0 0.3097661340283163
86.0 90.0 0.2556364218362
86.0 92.0 0.1781520717197401
86.0 94.0 0.1075248706346024
86.0 96.0 0.053518732813912784
86.0 98.0 0.016227545874137685
86.0 100.0 6.627127325022363E-4
86.0 102.0 0.0
86.0 104.0 0.0
86.0 106.0 0.0
86.0 108.0 0.0
86.0 110.0 0.0
86.0 112.0 0.0
86.0 114.0 0.0
86.0 116.0 0.0
86.0 118.0 0.0
86.0 120.0 0.0
86.0 122.0 0.0
86.0 124.0 0.0
86.0 126.0 0.0
88.0 0.0 0.0
88.0 2.0 0.0
88.0 4.0 0.0
88.0 6.0 0.0
88.0 8.0 0.0
88.0 10.0 0.0
88.0 12.0 0.0
88.0 14.0 0.0
88.0 16.0 0.0
88.0 18.0 0.0
88.0 20.0 0.0
88.0 22.0 0.0
88.0 24.0 0.0
88.0 26.0 0.0
88.0 28.0 0.0
88.0 30.0 0.08354224156774893
88.0 32.0 0.2484117859725753
88.0 34.0 0.3947545659623632
88.0 36.0 0.4882293992965219
88.0 38.0 0.5383332095384215
88.0 40.0 0.5333160862759494
88.0 42.0 0.47319255342843514
88.0 44.0 0.47639172994461504
88.0 46.0 0.5268575698373964
88.0 48.0 0.4906658870345264
88.0 50.0 0.35691032267018047
88.0 52.0 0.14716219333644998
88.0 54.0 0.014806372412459376
88.0 56.0 0.0
88.0 58.0 0.0
88.0 60.0 0.0
88.0 62.0 0.0
88.0 64.0 0.0
88.0 66.0 0.0
88.0 68.0 0.0
88.0 70.0 0.0
88.0 72.0 0.0
88.0 74.0 0.0
88.0 76.0 0.0
88.0 78.0 0.04417726922486242
88.0 80.0 0.12337129722611058
88.0 82.0 0.15658560740213112
88.0 84.0 0.1880149976859576
88.0 86.0 0.181945122099321
88.0 88.0 0.1505689125553632
88.0 90.0 0.1204626485619187
88.0 92.0 0.10348426348070221
88.0 94.0 0.07661381598235888
88.0 96.0 0.05888523978975508
88.0 98.0 0.05016005682097981
88.0 100.0 0.014582986556411695
88.0 102.0 0.0
88.0 104.0 0.0
88.0 106.0 0.0
88.0 108.0 0.0
88.0 110.0 0.0
88.0 112.0 0.0
88.0 114.0 0.0
88.0 116.0 0.0
88.0 118.0 0.0
88.0 120.0 0.0
88.0 122.0 0.0
88.0 124.0 0.0
88.0 126.0 0.0
90.0 0.0 0.0
90.0 2.0 0.0
90.0 4.0 0.0
90.0 6.0 0.0
90.0 8.0 0.0
90.0 10.0 0.0
90.0 12.0 0.0
90.0 14.0 0.0
90.0 16.0 0.0
90.0 18.0 0.0
90.0 20.0 0.0
90.0 22.0 0.0
90.0 24.0 0.0
90.0 26.0 0.0
90.0 28.0 0.008660801195818028
90.0 30.0 0.10431229369299826
90.0 32.0 0.23665616793988323
90.0 34.0 0.3604464584963474
90.0 36.0 0.4644305976557726
90.0 38.0 0.5318917595201709
90.0 40.0 0.5673816944605014
90.0 42.0 0.5797806203023292
90.0 44.0 0.5648654280778495
90.0 46.0 0.506706581852897
90.0 48.0 0.42715631397260667
90.0 50.0 0.27818795258286466
90.0 52.0 0.09143194747206164
90.0 54.0 0.007121572374684693
90.0 56.0 0.0
90.0 58.0 0.0
90.0 60.0 0.0
90.0 62.0 0.0
90.0 64.0 0.0
90.0 66.0 0.0
90.0 68.0 0.0
90.0 70.0 0.0
90.0 72.0 0.0
90.0 74.0 0.0
90.0 76.0 0.0
90.0 78.0 0.010517043333357094
90.0 80.0 0.05717377289579683
90.0 82.0 0.05192348011186058
90.0 84.0 0.04826181483590897
90.0 86.0 0.016635330967455213
90.0 88.0 0.0
90.0 90.0 0.005041137443144431
90.0 92.0 0.04555309946940859
90.0 94.0 0.06234240771758887
90.0 96.0 0.07182763049765202
90.0 98.0 0.08930135138383871
90.0 100.0 0.06368859304610722
90.0 102.0 0.021053537432885603
90.0 104.0 9.910927005557556E-4
90.0 106.0 0.0
90.0 108.0 0.0
90.0 110.0 0.0
90.0 112.0 0.0
90.0 114.0 0.0
90.0 116.0 0.0
90.0 118.0 0.0
90.0 120.0 0.0
90.0 122.0 0.0
90.0 124.0 0.0
90.0 126.0 0.0
92.0 0.0 0.0
92.0 2.0 0.0
92.0 4.0 0.0
92.0 6.0 0.0
92.0 8.0 0.0
92.0 10.0 0.0
92.0 12.0 0.0
92.0 14.0 0.0
92.0 16.0 0.0
92.0 18.0 0.0
92.0 20.0 0.0
92.0 22.0 0.0
92.0 24.0 0.0
92.0 26.0 0.0
92.0 28.0 0.008371126748366412
92.0 30.0 0.09849349008748803
92.0 32.0 0.21849985430998928
92.0 34.0 0.33405933476512684
92.0 36.0 0.4460003334589313
92.0 38.0 0.5305419699944992
92.0 40.0 0.5698452455354626
92.0 42.0 0.5798204387303513
92.0 44.0 0.5573686195331762
92.0 46.0 0.4964216406769781
92.0 48.0 0.38364929796321445
92.0 50.0 0.1987516476361395
92.0 52.0 0.04060243828886947
92.0 54.0 0.0
92.0 56.0 0.0
92.0 58.0 0.0
92.0 60.0 0.0
92.0 62.0 0.0
92.0 64.0 0.0
92.0 66.0 0.0
92.0 68.0 0.0
92.0 70.0 0.0
92.0 72.0 0.0
92.0 74.0 0.0
92.0 76.0 0.0
92.0 78.0 0.0017941673713891125
92.0 80.0 0.020280346597613744
92.0 82.0 0.0021842105410932
92.0 84.0 0.0035695192798448593
92.0 86.0 0.0
92.0 88.0 0.0
92.0 90.0 0.0
92.0 92.0 0.006531706442070752
92.0 94.0 0.03980528516692005
92.0 96.0 0.06746901368516976
92.0 98.0 0.10258598893790132
92.0 100.0 0.11357203571129543
92.0 102.0 0.10150689876316409
92.0 104.0 0.07413890705415287
92.0 106.0 0.026609211261908128
92.0 108.0 0.006776116562620481
92.0 110.0 5.627472317422958E-4
92.0 112.0 0.0
92.0 114.0 0.0
92.0 116.0 0.0
92.0 118.0 0.0
92.0 120.0 0.0
92.0 122.0 0.0
92.0 124.0 0.0
92.0 126.0 0.0
94.0 0.0 0.0
94.0 2.0 0.0
94.0 4.0 0.0
94.0 6.0 0.0
94.0 8.0 0.0
94.0 10.0 0.0
94.0 12.0 0.0
94.0 14.0 0.0
94.0 16.0 0.0
94.0 18.0 0.0
94.0 20.0 0.0
94.0 22.0 0.0
94.0 24.0 0.0
94.0 26.0 5.96301062207465E-4
94.0 28.0 0.0383681538801755
94.0 30.0 0.10906519252095953
94.0 32.0 0.2057698058896508
94.0 34.0 0.30633782130758674
94.0 36.0 0.42305677374422607
94.0 38.0 0.5114466479105415
94.0 40.0 0.5551800761861522
94.0 42.0 0.5835324133615841
94.0 44.0 0.5575485693977926
94.0 46.0 0.4723927352924786
94.0 48.0 0.29697196679514026
94.0 50.0 0.09975366815985905
94.0 52.0 0.01040330956732746
94.0 54.0 0.0
94.0 56.0 0.0
94.0 58.0 0.0
94.0 60.0 0.0
94.0 62.0 0.0
94.0 64.0 0.0
94.0 66.0 0.0
94.0 68.0 0.0
94.0 70.0 0.0
94.0 72.0 0.0
94.0 74.0 0.0
94.0 76.0 0.0
94.0 78.0 0.0
94.0 80.0 0.0053415330315274975
94.0 82.0 0.0
94.0 84.0 0.0
94.0 86.0 0.0
94.0 88.0 0.0
94.0 90.0 0.0
94.0 92.0 0.0
94.0 94.0 0.013976978968882737
94.0 96.0 0.05123725189040284
94.0 98.0 0.10098596492348318
94.0 100.0 0.14570198704634943
94.0 102.0 0.1661140936063196
94.0 104.0 0.1747307025440664
94.0 106.0 0.14529897669072542
94.0 108.0 0.10316374915340908
94.0 110.0 0.07601235842871555
94.0 112.0 0.045356405968708484
94.0 114.0 0.020452738204719406
94.0 116.0 0.00426508690441196
94.0 118.0 0.0
94.0 120.0 0.0
94.0 122.0 0.0
94.0 124.0 0.0
94.0 126.0 0.0
96.0 0.0 0.0
96.0 2.0 0.0
96.0 4.0 0.0
96.0 6.0 0.0
96.0 8.0 0.0
96.0 10.0 0.0
96.0 12.0 0.0
96.0 14.0 0.0
96.0 16.0 0.0
96.0 18.0 0.0
96.0 20.0 0.0
96.0 22.0 0.0
96.0 24.0 0.0
96.0 26.0 0.0
96.0 28.0 0.03106951856119985
96.0 30.0 0.10236182896449454
96.0 32.0 0.18418615205552824
96.0 34.0 0.27170912905697997
96.0 36.0 0.3951637900941416
96.0 38.0 0.46762676602253417
96.0 40.0 0.5059808387145355
96.0 42.0 0.504935232497718
96.0 44.0 0.4431663095719536
96.0 46.0 0.3136658544795029
96.0 48.0 0.12643114236303357
96.0 50.0 0.016154363239575642
96.0 52.0 0.0
96.0 54.0 0.0
96.0 56.0 0.0
96.0 58.0 0.0
96.0 60.0 0.0
96.0 62.0 0.0
96.0 64.0 0.0
96.0 66.0 0.0
96.0 68.0 0.0
96.0 70.0 0.0
96.0 72.0 0.0
96.0 74.0 0.0
96.0 76.0 0.0
96.0 78.0 0.0
96.0 80.0 0.0
96.0 82.0 0.0
96.0 84.0 0.0
96.0 86.0 0.0
96.0 88.0 0.0
96.0 90.0 0.0
96.0 92.0 0.0
96.0 94.0 0.00524371676539561
96.0 96.0 0.03470402010496513
96.0 98.0 0.08873323081688984
96.0 100.0 0.1527405725024675
96.0 102.0 0.19563416847767748
96.0 104.0 0.2279106766502522
96.0 106.0 0.23137276043138902
96.0 108.0 0.2078223167302722
96.0 110.0 0.1677216419854879
96.0 112.0 0.14873798099169147
96.0 114.0 0.1165782136544239
96.0 116.0 0.06336509572750428
96.0 118.0 0.007493635760474779
96.0 120.0 0.0
96.0 122.0 0.0
96.0 124.0 0.0
96.0 126.0 0.0
98.0 0.0 0.0
98.0 2.0 0.0
98.0 4.0 0.0
98.0 6.0 0.0
98.0 8.0 0.0
98.0 10.0 0.0
98.0 12.0 0.0
98.0 14.0 0.0
98.0 16.0 0.0
98.0 18.0 0.0
98.0 20.0 0.0
98.0 22.0 0.0
98.0 24.0 0.0
98.0 26.0 0.0013086009213622264
98.0 28.0 0.03975171678407935
98.0 30.0 0.10406965253277954
98.0 32.0 0.17273946191430997
98.0 34.0 0.2451441475316111
98.0 36.0 0.34626128681612106
98.0 38.0 0.4035685543289494
98.0 40.0 0.412835110493698
98.0 42.0 0.36855160889720234
98.0 44.0 0.2610565251714953
98.0 46.0 0.10935944239943562
98.0 48.0 0.014523375803495863
98.0 50.0 0.0
98.0 52.0 0.0
98.0 54.0 0.0
98.0 56.0 0.0
98.0 58.0 0.0
98.0 60.0 0.0
98.0 62.0 0.0
98.0 64.0 0.0
98.0 66.0 0.0
98.0 68.0 0.0
98.0 70.0 0.0
98.0 72.0 0.0
98.0 74.0 0.0
98.0 76.0 0.0
98.0 78.0 0.0
98.0 80.0 0.0
98.0 82.0 0.0
98.0 84.0 0.0
98.0 86.0 0.0
98.0 88.0 0.0
98.0 90.0 0.0
98.0 92.0 0.0
98.0 94.0 0.010251371122251746
98.0 96.0 0.03970016006941237
98.0 98.0 0.10050180084975836
98.0 100.0 0.15641868125744027
98.0 102.0 0.20118392735604115
98.0 104.0 0.2524491955065566
98.0 106.0 0.27517688494941944
98.0 108.0 0.2657757246465631
98.0 110.0 0.2336430935130611
98.0 112.0 0.22368454881728025
98.0 114.0 0.1975232711446491
98.0 116.0 0.15207131016175138
98.0 118.0 0.0
98.0 120.0 0.0
98.0 122.0 0.0
98.0 124.0 0.0
98.0 126.0 0.0
100.0 0.0 0.0
100.0 2.0 0.0
100.0 4.0 0.0
100.0 6.0 0.0
100.0 8.0 0.0
100.0 10.0 0.0
100.0 12.0 0.018398370404363155
100.0 14.0 0.0
100.0 16.0 0.0
100.0 18.0 0.0
100.0 20.0 0.0
100.0 22.0 0.0
100.0 24.0 0.0
100.0 26.0 0.008578290062411327
100.0 28.0 0.03220623605958878
100.0 30.0 0.0912307968298824
100.0 32.0 0.14732661986254955
100.0 34.0 0.23961480341917415
100.0 36.0 0.2838724908652606
100.0 38.0 0.31205178052648797
100.0 40.0 0.28527785674397516
100.0 42.0 0.1994728505290433
100.0 44.0 0.07225857314148142
100.0 46.0 0.006226823330707663
100.0 48.0 0.0
100.0 50.0 0.0
100.0 52.0 0.0
100.0 54.0 0.0
100.0 56.0 0.0
100.0 58.0 0.0
100.0 60.0 0.0
100.0 62.0 0.0
100.0 64.0 0.0
100.0 66.0 0.0
100.0 68.0 0.0
100.0 70.0 0.006085523314804914
100.0 72.0 0.004496150391352458
100.0 74.0 0.0055414043691051525
100.0 76.0 0.0
100.0 78.0 0.0
100.0 80.0 0.0
100.0 82.0 0.0
100.0 84.0 0.0
100.0 86.0 0.0
100.0 88.0 0.0
100.0 90.0 0.0
100.0 92.0 0.0
100.0 94.0 0.012613063143989278
100.0 96.0 0.04255960356472227
100.0 98.0 0.09048141132513556
100.0 100.0 0.15178057329557493
100.0 102.0 0.19960322267085243
100.0 104.0 0.23900555760621323
100.0 106.0 0.3024810215583697
100.0 108.0 0.311247882531076
100.0 110.0 0.2850853041938141
100.0 112.0 0.28042994776222235
100.0 114.0 0.2571704262714642
100.0 116.0 0.0
100.0 118.0 0.0
100.0 120.0 0.0
100.0 122.0 0.0
100.0 124.0 0.0
100.0 126.0 0.0
102.0 0.0 0.0
102.0 2.0 0.0
102.0 4.0 0.0
102.0 6.0 0.0
102.0 8.0 0.0
102.0 10.0 0.0
102.0 12.0 0.0
102.0 14.0 0.10737167733544618
102.0 16.0 0.0
102.0 18.0 0.0
102.0 20.0 0.0
102.0 22.0 0.0
102.0 24.0 0.0
102.0 26.0 0.008741422699339587
102.0 28.0 0.033334227994995545
102.0 30.0 0.08178300882835451
102.0 32.0 0.14054016988411344
102.0 34.0 0.18874828969892976
102.0 36.0 0.2353622739873599
102.0 38.0 0.20769360264640102
102.0 40.0 0.14886946322044814
102.0 42.0 0.04458869180498215
102.0 44.0 0.002151198035640661
102.0 46.0 0.0
102.0 48.0 0.0
102.0 50.0 0.0
102.0 52.0 0.0
102.0 54.0 0.0
102.0 56.0 0.0
102.0 58.0 0.0
102.0 60.0 0.0
102.0 62.0 0.0
102.0 64.0 0.0
102.0 66.0 3.971624035879194E-4
102.0 68.0 0.02693296246554427
102.0 70.0 0.07604447337363446
102.0 72.0 0.10581034493918921
102.0 74.0 0.08119298921047136
102.0 76.0 0.029134866151096547
102.0 78.0 0.0
102.0 80.0 0.0
102.0 82.0 0.0
102.0 84.0 0.0
102.0 86.0 0.0
102.0 88.0 0.0
102.0 90.0 0.0
102.0 92.0 0.0
102.0 94.0 0.010624831066530248
102.0 96.0 0.03306064041754841
102.0 98.0 0.08091689773317716
102.0 100.0 0.14939245852992575
102.0 102.0 0.20049840227715235
102.0 104.0 0.24708128843538288
102.0 106.0 0.3211779894456992
102.0 108.0 0.34704227262648074
102.0 110.0 0.32664646082328114
102.0 112.0 0.32157012725931455
102.0 114.0 0.0
102.0 116.0 0.0
102.0 118.0 0.0
102.0 120.0 0.0
102.0 122.0 0.0
102.0 124.0 0.0
102.0 126.0 0.0
104.0 0.0 0.0
104.0 2.0 0.0
104.0 4.0 0.0
104.0 6.0 0.0
104.0 8.0 0.0
104.0 10.0 0.0
104.0 12.0 0.0
104.0 14.0 0.0
104.0 16.0 0.2630207584918681
104.0 18.0 0.05140366725096193
104.0 20.0 0.011317684408001539
104.0 22.0 0.0
104.0 24.0 0.0023591731175132045
104.0 26.0 0.035296066678133446
104.0 28.0 0.02979106836761712
104.0 30.0 0.06124733518100595
104.0 32.0 0.1308521858904016
104.0 34.0 0.1652041108657815
104.0 36.0 0.15943471505142842
104.0 38.0 0.10461861451375037
104.0 40.0 0.025976349034738225
104.0 42.0 0.0
104.0 44.0 0.0
104.0 46.0 0.0
104.0 48.0 0.0
104.0 50.0 0.0
104.0 52.0 0.0
104.0 54.0 0.0
104.0 56.0 0.0
104.0 58.0 0.0
104.0 60.0 0.0
104.0 62.0 0.0
104.0 64.0 0.0
104.0 66.0 0.01926180309789586
104.0 68.0 0.10308367541869214
104.0 70.0 0.1616924542872966
104.0 72.0 0.21467855154623794
104.0 74.0 0.18961540853672146
104.0 76.0 0.09699293400764271
104.0 78.0 4.984409380913021E-4
104.0 80.0 0.0
104.0 82.0 0.0
104.0 84.0 0.0
104.0 86.0 0.0
104.0 88.0 0.0
104.0 90.0 0.0
104.0 92.0 0.0
104.0 94.0 0.0
104.0 96.0 0.022895540385967666
104.0 98.0 0.06663343338394165
104.0 100.0 0.14070324398007614
104.0 102.0 0.1990530271628006
104.0 104.0 0.25459785872979307
104.0 106.0 0.3396134993640409
104.0 108.0 0.37729713282771643
104.0 110.0 0.3656711974311286
104.0 112.0 0.3552881088794311
104.0 114.0 0.0
104.0 116.0 0.0
104.0 118.0 0.0
104.0 120.0 0.0
104.0 122.0 0.0
104.0 124.0 0.0
104.0 126.0 0.0
106.0 0.0 0.0
106.0 2.0 0.0
106.0 4.0 0.0
106.0 6.0 0.0
106.0 8.0 0.0
106.0 10.0 0.0
106.0 12.0 0.0
106.0 14.0 0.0
106.0 16.0 0.0
106.0 18.0 0.29576267129474393
106.0 20.0 0.05724744621495268
106.0 22.0 0.02439612059716714
106.0 24.0 0.004759843243677023
106.0 26.0 0.0335536273766714
106.0 28.0 0.036349545629544164
106.0 30.0 0.0527491603294726
106.0 32.0 0.09866239927628173
106.0 34.0 0.10648263059077777
106.0 36.0 0.0845064476250743
106.0 38.0 0.018563041846387133
106.0 40.0 0.0
106.0 42.0 0.0
106.0 44.0 0.0
106.0 46.0 0.0
106.0 48.0 0.0
106.0 50.0 0.0
106.0 52.0 0.0
106.0 54.0 0.0
106.0 56.0 0.0
106.0 58.0 0.0
106.0 60.0 0.0
106.0 62.0 0.0
106.0 64.0 0.018267910013502732
106.0 66.0 0.09903461506764716
106.0 68.0 0.1696711158108618
106.0 70.0 0.23067958707920386
106.0 72.0 0.2856820233650075
106.0 74.0 0.28400620637773677
106.0 76.0 0.20466427113073435
106.0 78.0 0.03497458759416019
106.0 80.0 0.0
106.0 82.0 0.0
106.0 84.0 0.0
106.0 86.0 0.0
106.0 88.0 0.0
106.0 90.0 0.0
106.0 92.0 0.0
106.0 94.0 0.0
106.0 96.0 6.332475962201129E-4
106.0 98.0 0.03607541812787205
106.0 100.0 0.11516897035331893
106.0 102.0 0.18512089357647965
106.0 104.0 0.2559647316925923
106.0 106.0 0.33538307148493046
106.0 108.0 0.4063801831299714
106.0 110.0 0.4028531446893811
106.0 112.0 0.0
106.0 114.0 0.0
106.0 116.0 0.0
106.0 118.0 0.0
106.0 120.0 0.0
106.0 122.0 0.0
106.0 124.0 0.0
106.0 126.0 0.0
108.0 0.0 0.0
108.0 2.0 0.0
108.0 4.0 0.0
108.0 6.0 0.0
108.0 8.0 0.0
108.0 10.0 0.0
108.0 12.0 0.0
108.0 14.0 0.0
108.0 16.0 0.0
108.0 18.0 0.0
108.0 20.0 0.3235663305760293
108.0 22.0 0.10739354371574843
108.0 24.0 0.08066788815984753
108.0 26.0 0.03348008816998462
108.0 28.0 0.023539609363713635
108.0 30.0 0.06339159728567025
108.0 32.0 0.05760335824522414
108.0 34.0 0.04269510325366072
108.0 36.0 0.014743094611862137
108.0 38.0 0.0
108.0 40.0 0.0
108.0 42.0 0.0
108.0 44.0 0.0
108.0 46.0 0.0
108.0 48.0 0.0
108.0 50.0 0.0
108.0 52.0 0.0
108.0 54.0 0.0
108.0 56.0 0.0
108.0 58.0 0.0
108.0 60.0 0.008590823882172723
108.0 62.0 0.01685862424854558
108.0 64.0 0.0776030881209029
108.0 66.0 0.18632164373953183
108.0 68.0 0.26769428844877696
108.0 70.0 0.2913283077612145
108.0 72.0 0.3178884641307194
108.0 74.0 0.35793128982224104
108.0 76.0 0.2895763508091838
108.0 78.0 0.10104244921370197
108.0 80.0 0.001810501863750396
108.0 82.0 0.0
108.0 84.0 0.0
108.0 86.0 0.0
108.0 88.0 0.0
108.0 90.0 0.0
108.0 92.0 0.0
108.0 94.0 0.0
108.0 96.0 0.0
108.0 98.0 0.0
108.0 100.0 0.050160228904858606
108.0 102.0 0.13270054741573445
108.0 104.0 0.2207187561245548
108.0 106.0 0.31440612927889955
108.0 108.0 0.4038600465289877
108.0 110.0 0.0
108.0 112.0 0.0
108.0 114.0 0.0
108.0 116.0 0.0
108.0 118.0 0.0
108.0 120.0 0.0
108.0 122.0 0.0
108.0 124.0 0.0
108.0 126.0 0.0
110.0 0.0 0.0
110.0 2.0 0.0
110.0 4.0 0.0
110.0 6.0 0.0
110.0 8.0 0.0
110.0 10.0 0.0
110.0 12.0 0.0
110.0 14.0 0.0
110.0 16.0 0.0
110.0 18.0 0.0
110.0 20.0 0.0
110.0 22.0 0.3017270882013116
110.0 24.0 0.1530653389964187
110.0 26.0 0.11228409520453088
110.0 28.0 0.062377942656221326
110.0 30.0 0.01970510573849496
110.0 32.0 8.508962566216915E-4
110.0 34.0 0.0
110.0 36.0 2.343595266608202E-4
110.0 38.0 0.0
110.0 40.0 0.0
110.0 42.0 0.0
110.0 44.0 0.0
110.0 46.0 0.0
110.0 48.0 0.0
110.0 50.0 0.0
110.0 52.0 0.0
110.0 54.0 0.0
110.0 56.0 0.0
110.0 58.0 0.004210451063433027
110.0 60.0 0.023882878943506023
110.0 62.0 0.061154583055321836
110.0 64.0 0.14529414085441414
110.0 66.0 0.2731765198431833
110.0 68.0 0.34252818216293707
110.0 70.0 0.35293728576629935
110.0 72.0 0.3700403529235608
110.0 74.0 0.395642672916739
110.0 76.0 0.3526949957092662
110.0 78.0 0.16913860144331938
110.0 80.0 0.012371594374950471
110.0 82.0 0.0
110.0 84.0 0.0
110.0 86.0 0.0
110.0 88.0 0.0
110.0 90.0 0.0
110.0 92.0 0.0
110.0 94.0 0.0
110.0 96.0 0.0
110.0 98.0 0.0
110.0 100.0 8.557219096548895E-5
110.0 102.0 0.05196509351656511
110.0 104.0 0.14067295103279312
110.0 106.0 0.22922684162333798
110.0 108.0 0.0
110.0 110.0 0.0
110.0 112.0 0.0
110.0 114.0 0.0
110.0 116.0 0.0
110.0 118.0 0.0
110.0 120.0 0.0
110.0 122.0 0.0
110.0 124.0 0.0
110.0 126.0 0.0
112.0 0.0 0.0
112.0 2.0 0.0
112.0 4.0 0.0
112.0 6.0 0.0
112.0 8.0 0.0
112.0 10.0 0.0
112.0 12.0 0.0
112.0 14.0 0.0
112.0 16.0 0.0
112.0 18.0 0.0
112.0 20.0 0.0
112.0 22.0 0.0
112.0 24.0 0.24910038622155897
112.0 26.0 0.15544543325030438
112.0 28.0 0.10047948889387169
112.0 30.0 0.042439673871625734
112.0 32.0 0.0024717638641486013
112.0 34.0 0.0
112.0 36.0 0.0
112.0 38.0 0.0
112.0 40.0 0.0
112.0 42.0 0.0
112.0 44.0 0.0
112.0 46.0 0.0
112.0 48.0 0.0
112.0 50.0 0.0
112.0 52.0 0.0
112.0 54.0 0.0
112.0 56.0 5.661421760323957E-4
112.0 58.0 0.010538084390072219
112.0 60.0 0.03935471150931845
112.0 62.0 0.10324291340987975
112.0 64.0 0.2011146629200042
112.0 66.0 0.348275260894049
112.0 68.0 0.46243585912910873
112.0 70.0 0.43068819226369365
112.0 72.0 0.40455808333229853
112.0 74.0 0.42511051174205866
112.0 76.0 0.40004821262461737
112.0 78.0 0.22363236772342088
112.0 80.0 0.024576074327725017
112.0 82.0 0.0
112.0 84.0 0.0
112.0 86.0 0.0
112.0 88.0 0.0
112.0 90.0 0.0
112.0 92.0 0.0
112.0 94.0 0.0
112.0 96.0 0.0
112.0 98.0 0.0
112.0 100.0 0.0
112.0 102.0 0.0
112.0 104.0 0.016413129195708007
112.0 106.0 0.0
112.0 108.0 0.0
112.0 110.0 0.0
112.0 112.0 0.0
112.0 114.0 0.0
112.0 116.0 0.0
112.0 118.0 0.0
112.0 120.0 0.0
112.0 122.0 0.0
112.0 124.0 0.0
112.0 126.0 0.0
114.0 0.0 0.0
114.0 2.0 0.0
114.0 4.0 0.0
114.0 6.0 0.0
114.0 8.0 0.0
114.0 10.0 0.0
114.0 12.0 0.0
114.0 14.0 0.0
114.0 16.0 0.0
114.0 18.0 0.0
114.0 20.0 0.0
114.0 22.0 0.0
114.0 24.0 0.0
114.0 26.0 0.16124225587455696
114.0 28.0 0.12419435253050443
114.0 30.0 0.06894333323220413
114.0 32.0 0.014624889112728315
114.0 34.0 0.0
114.0 36.0 0.0
114.0 38.0 0.0
114.0 40.0 0.0
114.0 42.0 0.0
114.0 44.0 0.0
114.0 46.0 0.0
114.0 48.0 0.0
114.0 50.0 0.0
114.0 52.0 0.0
114.0 54.0 0.0
114.0 56.0 0.0
114.0 58.0 0.0
114.0 60.0 0.00672661828936575
114.0 62.0 0.09535418480459697
114.0 64.0 0.2307959236370616
114.0 66.0 0.38820055986221863
114.0 68.0 0.5007251965851035
114.0 70.0 0.5571048460945198
114.0 72.0 0.45144013680729606
114.0 74.0 0.4247437577435653
114.0 76.0 0.4308540739874573
114.0 78.0 0.26607275593565366
114.0 80.0 0.03713120483359331
114.0 82.0 0.0
114.0 84.0 0.0
114.0 86.0 0.0
114.0 88.0 0.0
114.0 90.0 0.0
114.0 92.0 0.0
114.0 94.0 0.0
114.0 96.0 0.0
114.0 98.0 0.0
114.0 100.0 0.0
114.0 102.0 0.0
114.0 104.0 0.0
114.0 106.0 0.0
114.0 108.0 0.0
114.0 110.0 0.0
114.0 112.0 0.0
114.0 114.0 0.0
114.0 116.0 0.0
114.0 118.0 0.0
114.0 120.0 0.0
114.0 122.0 0.0
114.0 124.0 0.0
114.0 126.0 0.0
116.0 0.0 0.0
116.0 2.0 0.0
116.0 4.0 0.0
116.0 6.0 0.0
116.0 8.0 0.0
116.0 10.0 0.0
116.0 12.0 0.0
116.0 14.0 0.0
116.0 16.0 0.0
116.0 18.0 0.0
116.0 20.0 0.0
116.0 22.0 0.0
116.0 24.0 0.0
116.0 26.0 0.0
116.0 28.0 0.045344043874531344
116.0 30.0 0.08976249447658959
116.0 32.0 0.045257368291127725
116.0 34.0 0.0045893759490475495
116.0 36.0 0.0
116.0 38.0 0.0
116.0 40.0 0.0
116.0 42.0 0.0
116.0 44.0 0.0
116.0 46.0 0.0
116.0 48.0 0.0
116.0 50.0 0.0
116.0 52.0 0.0
116.0 54.0 0.0
116.0 56.0 0.0
116.0 58.0 0.0
116.0 60.0 0.0033334233845976405
116.0 62.0 0.07090871883869439
116.0 64.0 0.2050459880147816
116.0 66.0 0.39943870773376294
116.0 68.0 0.521046045799019
116.0 70.0 0.5852544376584269
116.0 72.0 0.5371289145898553
116.0 74.0 0.4799668247444922
116.0 76.0 0.4084694791605214
116.0 78.0 0.3020561464709847
116.0 80.0 0.04853142002426645
116.0 82.0 0.0
116.0 84.0 0.0
116.0 86.0 0.0
116.0 88.0 0.0
116.0 90.0 0.0
116.0 92.0 0.0
116.0 94.0 0.0
116.0 96.0 0.0
116.0 98.0 0.0
116.0 100.0 0.0
116.0 102.0 0.0
116.0 104.0 0.0
116.0 106.0 0.0
116.0 108.0 0.0
116.0 110.0 0.0
116.0 112.0 0.0
116.0 114.0 0.0
116.0 116.0 0.0
116.0 118.0 0.0
116.0 120.0 0.0
116.0 122.0 0.0
116.0 124.0 0.0
116.0 126.0 0.0
118.0 0.0 0.0
118.0 2.0 0.0
118.0 4.0 0.0
118.0 6.0 0.0
118.0 8.0 0.0
118.0 10.0 0.0
118.0 12.0 0.0
118.0 14.0 0.0
118.0 16.0 0.0
118.0 18.0 0.0
118.0 20.0 0.0
118.0 22.0 0.0
118.0 24.0 0.0
118.0 26.0 0.0
118.0 28.0 0.0
118.0 30.0 0.0
118.0 32.0 0.0
118.0 34.0 0.0
118.0 36.0 0.0
118.0 38.0 0.0
118.0 40.0 0.0
118.0 42.0 0.0
118.0 44.0 0.0
118.0 46.0 0.0
118.0 48.0 0.0
118.0 50.0 0.0
118.0 52.0 0.0
118.0 54.0 0.0
118.0 56.0 0.0
118.0 58.0 0.0
118.0 60.0 0.0
118.0 62.0 0.061968394496960656
118.0 64.0 0.20328712282173236
118.0 66.0 0.35754098308035487
118.0 68.0 0.5478741437551057
118.0 70.0 0.6117923848363719
118.0 72.0 0.5610452205729185
118.0 74.0 0.5405623862909049
118.0 76.0 0.4639319150066154
118.0 78.0 0.31634041148419295
118.0 80.0 0.05958865295331852
118.0 82.0 0.0
118.0 84.0 0.0
118.0 86.0 0.0
118.0 88.0 0.0
118.0 90.0 0.0
118.0 92.0 0.0
118.0 94.0 0.0
118.0 96.0 0.0
118.0 98.0 0.0
118.0 100.0 0.0
118.0 102.0 0.0
118.0 104.0 0.0
118.0 106.0 0.0
118.0 108.0 0.0
118.0 110.0 0.0
118.0 112.0 0.0
118.0 114.0 0.0
118.0 116.0 0.0
118.0 118.0 0.0
118.0 120.0 0.0
118.0 122.0 0.0
118.0 124.0 0.0
118.0 126.0 0.0
120.0 0.0 0.0
120.0 2.0 0.0
120.0 4.0 0.0
120.0 6.0 0.0
120.0 8.0 0.0
120.0 10.0 0.0
120.0 12.0 0.0
120.0 14.0 0.0
120.0 16.0 0.0
120.0 18.0 0.0
120.0 20.0 0.0
120.0 22.0 0.0
120.0 24.0 0.0
120.0 26.0 0.0
120.0 28.0 0.0
120.0 30.0 0.0
120.0 32.0 0.0
120.0 34.0 0.0
120.0 36.0 0.0
120.0 38.0 0.0
120.0 40.0 0.0
120.0 42.0 0.0
120.0 44.0 0.0
120.0 46.0 0.0
120.0 48.0 0.0
120.0 50.0 0.0
120.0 52.0 0.0
120.0 54.0 0.0
120.0 56.0 0.0
120.0 58.0 0.0
120.0 60.0 0.0
120.0 62.0 0.04739728057106602
120.0 64.0 0.19846858346499838
120.0 66.0 0.3578333518355293
120.0 68.0 0.5156495611618842
120.0 70.0 0.594257465057881
120.0 72.0 0.5874042111798512
120.0 74.0 0.5688500301031744
120.0 76.0 0.49189663915580023
120.0 78.0 0.3213059497030762
120.0 80.0 0.07383853020875024
120.0 82.0 0.0
120.0 84.0 0.0
120.0 86.0 0.0
120.0 88.0 0.0
120.0 90.0 0.0
120.0 92.0 0.0
120.0 94.0 0.0
120.0 96.0 0.0
120.0 98.0 0.0
120.0 100.0 0.0
120.0 102.0 0.0
120.0 104.0 0.0
120.0 106.0 0.0
120.0 108.0 0.0
120.0 110.0 0.0
120.0 112.0 0.0
120.0 114.0 0.0
120.0 116.0 0.0
120.0 118.0 0.0
120.0 120.0 0.0
120.0 122.0 0.0
120.0 124.0 0.0
120.0 126.0 0.0
122.0 0.0 0.0
122.0 2.0 0.0
122.0 4.0 0.0
122.0 6.0 0.0
122.0 8.0 0.0
122.0 10.0 0.0
122.0 12.0 0.0
122.0 14.0 0.0
122.0 16.0 0.0
122.0 18.0 0.0
122.0 20.0 0.0
122.0 22.0 0.0
122.0 24.0 0.0
122.0 26.0 0.0
122.0 28.0 0.0
122.0 30.0 0.0
122.0 32.0 0.0
122.0 34.0 0.0
122.0 36.0 0.0
122.0 38.0 0.0
122.0 40.0 0.0
122.0 42.0 0.0
122.0 44.0 0.0
122.0 46.0 0.0
122.0 48.0 0.0
122.0 50.0 0.0
122.0 52.0 0.0
122.0 54.0 0.0
122.0 56.0 0.0
122.0 58.0 0.0
122.0 60.0 0.0
122.0 62.0 0.03023628567655261
122.0 64.0 0.1907912278322924
122.0 66.0 0.36833045020170374
122.0 68.0 0.4999751351572506
122.0 70.0 0.5724797308662807
122.0 72.0 0.5856569875991194
122.0 74.0 0.5678025657444247
122.0 76.0 0.49164725097962
122.0 78.0 0.3239526212767423
122.0 80.0 0.08487394850921774
122.0 82.0 5.34666336795739E-4
122.0 84.0 0.0
122.0 86.0 0.0
122.0 88.0 0.0
122.0 90.0 0.0
122.0 92.0 0.0
122.0 94.0 0.0
122.0 96.0 0.0
122.0 98.0 0.0
122.0 100.0 0.0
122.0 102.0 0.0
122.0 104.0 0.0
122.0 106.0 0.0
122.0 108.0 0.0
122.0 110.0 0.0
122.0 112.0 0.0
122.0 114.0 0.0
122.0 116.0 0.0
122.0 118.0 0.0
122.0 120.0 0.0
122.0 122.0 0.0
122.0 124.0 0.0
122.0 126.0 0.0
124.0 0.0 0.0
124.0 2.0 0.0
124.0 4.0 0.0
124.0 6.0 0.0
124.0 8.0 0.0
124.0 10.0 0.0
124.0 12.0 0.0
124.0 14.0 0.0
124.0 16.0 0.0
124.0 18.0 0.0
124.0 20.0 0.0
124.0 22.0 0.0
124.0 24.0 0.0
124.0 26.0 0.0
124.0 28.0 0.0
124.0 30.0 0.0
124.0 32.0 0.0
124.0 34.0 0.0
124.0 36.0 0.0
124.0 38.0 0.0
124.0 40.0 0.0
124.0 42.0 0.0
124.0 44.0 0.0
124.0 46.0 0.0
124.0 48.0 0.0
124.0 50.0 0.0
124.0 52.0 0.0
124.0 54.0 0.0
124.0 56.0 0.0
124.0 58.0 0.0
124.0 60.0 0.0
124.0 62.0 0.006331205288624662
124.0 64.0 0.1567709936127449
124.0 66.0 0.34801720642566325
124.0 68.0 0.49203549147207976
124.0 70.0 0.5719523143662733
124.0 72.0 0.5915193637951177
124.0 74.0 0.5751085465652434
124.0 76.0 0.49944240063792145
124.0 78.0 0.32960075266898914
124.0 80.0 0.08970926446326204
124.0 82.0 0.0029613530991137375
124.0 84.0 0.0
124.0 86.0 0.0
124.0 88.0 0.0
124.0 90.0 0.0
124.0 92.0 0.0
124.0 94.0 0.0
124.0 96.0 0.0
124.0 98.0 0.0
124.0 100.0 0.0
124.0 102.0 0.0
124.0 104.0 0.0
124.0 106.0 0.0
124.0 108.0 0.0
124.0 110.0 0.0
124.0 112.0 0.0
124.0 114.0 0.0
124.0 116.0 0.0
124.0 118.0 0.0
124.0 120.0 0.0
124.0 122.0 0.0
124.0 124.0 0.0
124.0 126.0 0.0
126.0 0.0 0.0
126.0 2.0 0.0
126.0 4.0 0.0
126.0 6.0 0.0
126.0 8.0 0.0
126.0 10.0 0.0
126.0 12.0 0.0
126.0 14.0 0.0
126.0 16.0 0.0
126.0 18.0 0.0
126.0 20.0 0.0
126.0 22.0 0.0
126.0 24.0 0.0
126.0 26.0 0.0
126.0 28.0 0.0
126.0 30.0 0.0
126.0 32.0 0.0
126.0 34.0 0.0
126.0 36.0 0.0
126.0 38.0 0.0
126.0 40.0 0.0
126.0 42.0 0.0
126.0 44.0 0.0
126.0 46.0 0.0
126.0 48.0 0.0
126.0 50.0 0.0
126.0 52.0 0.0
126.0 54.0 0.0
126.0 56.0 0.0
126.0 58.0 0.0
126.0 60.0 0.0
126.0 62.0 0.0
126.0 64.0 0.0
126.0 66.0 0.143800947376812
126.0 68.0 0.41387180105551985
126.0 70.0 0.554992303842051
126.0 72.0 0.6047096660448279
126.0 74.0 0.5598863160263513
126.0 76.0 0.0
126.0 78.0 0.0
126.0 80.0 0.0
126.0 82.0 0.0
126.0 84.0 0.0
126.0 86.0 0.0
126.0 88.0 0.0
126.0 90.0 0.0
126.0 92.0 0.0
126.0 94.0 0.0
126.0 96.0 0.0
126.0 98.0 0.0
126.0 100.0 0.0
126.0 102.0 0.0
126.0 104.0 0.0
126.0 106.0 0.0
126.0 108.0 0.0
126.0 110.0 0.0
126.0 112.0 0.0
126.0 114.0 0.0
126.0 116.0 0.0
126.0 118.0 0.0
126.0 120.0 0.0
126.0 122.0 0.0
126.0 124.0 0.0
126.0 126.0 0.0
