0.0 0.0 0.0
0.0 2.0 0.0
0.0 4.0 0.0
0.0 6.0 0.0
0.0 8.0 0.0
0.0 10.0 0.0
0.0 12.0 0.0
0.0 14.0 0.0
0.0 16.0 0.0
0.0 18.0 0.0
0.0 20.0 0.0
0.0 22.0 0.0
0.0 24.0 0.0
0.0 26.0 0.0
0.0 28.0 0.0
0.0 30.0 0.0
0.0 32.0 0.0
0.0 34.0 0.0
0.0 36.0 0.0
0.0 38.0 0.0
0.0 40.0 0.0
0.0 42.0 0.0
0.0 44.0 0.0
0.0 46.0 0.0
0.0 48.0 0.0
0.0 50.0 0.0
0.0 52.0 0.0
0.0 54.0 0.0
0.0 56.0 0.0
0.0 58.0 0.0
0.0 60.0 0.0
0.0 62.0 0.0
0.0 64.0 0.0
0.0 66.0 0.0
0.0 68.0 0.0
0.0 70.0 0.0
0.0 72.0 0.0
0.0 74.0 0.0
0.0 76.0 0.0
0.0 78.0 0.0
0.0 80.0 0.0
0.0 82.0 0.0
0.0 84.0 0.0
0.0 86.0 0.0
0.0 88.0 0.0
0.0 90.0 0.0
0.0 92.0 0.0
0.0 94.0 0.0
0.0 96.0 0.0
0.0 98.0 0.0
0.0 100.0 0.0
0.0 102.0 0.0
0.0 104.0 0.0
0.0 106.0 0.0
0.0 108.0 0.0
0.0 110.0 0.0
0.0 112.0 0.0
0.0 114.0 0.0
0.0 116.0 0.0
0.0 118.0 0.0
0.0 120.0 0.0
0.0 122.0 0.0
0.0 124.0 0.0
0.0 126.0 0.0
2.0 0.0 0.0
2.0 2.0 0.0
2.0 4.0 0.0
2.0 6.0 0.0
2.0 8.0 0.0
2.0 10.0 0.0
2.0 12.0 0.0
2.0 14.0 0.0
2.0 16.0 0.0
2.0 18.0 0.0
2.0 20.0 0.0
2.0 22.0 0.0
2.0 24.0 0.0
2.0 26.0 0.0
2.0 28.0 0.0
2.0 30.0 0.0
2.0 32.0 0.0
2.0 34.0 0.0
2.0 36.0 0.0
2.0 38.0 0.0
2.0 40.0 0.0
2.0 42.0 0.0
2.0 44.0 0.0
2.0 46.0 0.0
2.0 48.0 0.21861225211948834
2.0 50.0 0.18736105041617448
2.0 52.0 0.1887759704604354
2.0 54.0 0.2064388024309217
2.0 56.0 0.21614172317304384
2.0 58.0 0.13988862751026077
2.0 60.0 0.0316792789135196
2.0 62.0 0.0
2.0 64.0 0.0
2.0 66.0 0.0
2.0 68.0 0.0
2.0 70.0 0.0
2.0 72.0 0.0
2.0 74.0 0.0
2.0 76.0 0.0
2.0 78.0 0.0
2.0 80.0 0.0
2.0 82.0 0.0
2.0 84.0 0.0
2.0 86.0 0.0
2.0 88.0 0.0
2.0 90.0 0.0
2.0 92.0 0.0
2.0 94.0 0.0
2.0 96.0 0.0
2.0 98.0 0.0
2.0 100.0 0.0
2.0 102.0 0.0
2.0 104.0 0.0
2.0 106.0 0.0
2.0 108.0 0.0
2.0 110.0 0.0
2.0 112.0 0.0
2.0 114.0 0.0
2.0 116.0 0.0
2.0 118.0 0.0
2.0 120.0 0.0
2.0 122.0 0.0
2.0 124.0 0.0
2.0 126.0 0.0
4.0 0.0 0.0
4.0 2.0 0.0
4.0 4.0 0.0
4.0 6.0 0.0
4.0 8.0 0.0
4.0 10.0 0.0
4.0 12.0 0.0
4.0 14.0 0.0
4.0 16.0 0.0
4.0 18.0 0.0
4.0 20.0 0.0
4.0 22.0 0.0
4.0 24.0 0.0
4.0 26.0 0.0
4.0 28.0 0.0
4.0 30.0 0.0
4.0 32.0 0.0
4.0 34.0 0.0
4.0 36.0 0.0
4.0 38.0 0.0
4.0 40.0 0.0
4.0 42.0 0.09577685867759257
4.0 44.0 0.22563025327697953
4.0 46.0 0.22873881804791416
4.0 48.0 0.24107806288259015
4.0 50.0 0.2569731363394756
4.0 52.0 0.28800887359189425
4.0 54.0 0.29056204186639406
4.0 56.0 0.20260995126972084
4.0 58.0 0.07092871366865368
4.0 60.0 0.005786044250535478
4.0 62.0 0.0
4.0 64.0 0.0
4.0 66.0 0.0
4.0 68.0 0.0
4.0 70.0 0.0
4.0 72.0 0.0
4.0 74.0 0.0
4.0 76.0 0.0
4.0 78.0 0.0
4.0 80.0 0.0
4.0 82.0 0.013671144272713315
4.0 84.0 0.04089774704034776
4.0 86.0 0.0
4.0 88.0 0.0
4.0 90.0 0.0
4.0 92.0 0.0
4.0 94.0 0.0
4.0 96.0 0.0
4.0 98.0 0.0
4.0 100.0 0.0
4.0 102.0 0.0
4.0 104.0 0.0
4.0 106.0 0.0
4.0 108.0 0.0
4.0 110.0 0.0
4.0 112.0 0.0
4.0 114.0 0.0
4.0 116.0 0.0
4.0 118.0 0.0
4.0 120.0 0.0
4.0 122.0 0.0
4.0 124.0 0.0
4.0 126.0 0.0
6.0 0.0 0.0
6.0 2.0 0.0
6.0 4.0 0.0
6.0 6.0 0.0
6.0 8.0 0.0
6.0 10.0 0.0
6.0 12.0 0.0
6.0 14.0 0.0
6.0 16.0 0.0
6.0 18.0 0.0
6.0 20.0 0.0
6.0 22.0 0.0
6.0 24.0 0.0
6.0 26.0 0.0
6.0 28.0 0.0
6.0 30.0 0.0
6.0 32.0 0.0
6.0 34.0 0.0
6.0 36.0 0.0
6.0 38.0 0.2983320483640606
6.0 40.0 0.3078354365939234
6.0 42.0 0.2285263281187281
6.0 44.0 0.2023584372470105
6.0 46.0 0.2063743207119203
6.0 48.0 0.22689275993609972
6.0 50.0 0.2471108088727371
6.0 52.0 0.2668851665849359
6.0 54.0 0.25096646165720876
6.0 56.0 0.16454771555397232
6.0 58.0 0.04593124806509174
6.0 60.0 0.0
6.0 62.0 0.0
6.0 64.0 0.0
6.0 66.0 0.0
6.0 68.0 0.0
6.0 70.0 0.0
6.0 72.0 0.0
6.0 74.0 0.0
6.0 76.0 0.0
6.0 78.0 0.0
6.0 80.0 0.0
6.0 82.0 0.008420293198042777
6.0 84.0 0.0401474495099658
6.0 86.0 0.08518240024472788
6.0 88.0 0.15490953467916851
6.0 90.0 0.2165266901955367
6.0 92.0 0.0
6.0 94.0 0.0
6.0 96.0 0.0
6.0 98.0 0.0
6.0 100.0 0.0
6.0 102.0 0.0
6.0 104.0 0.0
6.0 106.0 0.0
6.0 108.0 0.0
6.0 110.0 0.0
6.0 112.0 0.0
6.0 114.0 0.0
6.0 116.0 0.0
6.0 118.0 0.0
6.0 120.0 0.0
6.0 122.0 0.0
6.0 124.0 0.0
6.0 126.0 0.0
8.0 0.0 0.0
8.0 2.0 0.0
8.0 4.0 0.0
8.0 6.0 0.0
8.0 8.0 0.0
8.0 10.0 0.0
8.0 12.0 0.0
8.0 14.0 0.0
8.0 16.0 0.0
8.0 18.0 0.0
8.0 20.0 0.0
8.0 22.0 0.0
8.0 24.0 0.0
8.0 26.0 0.0
8.0 28.0 0.0
8.0 30.0 0.0
8.0 32.0 0.0
8.0 34.0 0.4385440292602571
8.0 36.0 0.4066500356997605
8.0 38.0 0.2799035695666195
8.0 40.0 0.1881863163837841
8.0 42.0 0.13166656022561127
8.0 44.0 0.12015928106147249
8.0 46.0 0.1464532185647365
8.0 48.0 0.18502062845787778
8.0 50.0 0.22444880781456408
8.0 52.0 0.24091132474674903
8.0 54.0 0.2131450952418584
8.0 56.0 0.13085206522730394
8.0 58.0 0.03199350777475316
8.0 60.0 0.0
8.0 62.0 0.0
8.0 64.0 0.0
8.0 66.0 0.0
8.0 68.0 0.0
8.0 70.0 0.0
8.0 72.0 0.0
8.0 74.0 0.0
8.0 76.0 0.0
8.0 78.0 0.0
8.0 80.0 0.0
8.0 82.0 0.0051911773104045605
8.0 84.0 0.04133248895361382
8.0 86.0 0.07753464467793221
8.0 88.0 0.14761895212022563
8.0 90.0 0.20827966280942214
8.0 92.0 0.2048295872405664
8.0 94.0 0.1832946925689779
8.0 96.0 0.0
8.0 98.0 0.0
8.0 100.0 0.0
8.0 102.0 0.0
8.0 104.0 0.0
8.0 106.0 0.0
8.0 108.0 0.0
8.0 110.0 0.0
8.0 112.0 0.0
8.0 114.0 0.0
8.0 116.0 0.0
8.0 118.0 0.0
8.0 120.0 0.0
8.0 122.0 0.0
8.0 124.0 0.0
8.0 126.0 0.0
10.0 0.0 0.0
10.0 2.0 0.0
10.0 4.0 0.0
10.0 6.0 0.0
10.0 8.0 0.0
10.0 10.0 0.0
10.0 12.0 0.0
10.0 14.0 0.0
10.0 16.0 0.0
10.0 18.0 0.0
10.0 20.0 0.0
10.0 22.0 0.0
10.0 24.0 0.0
10.0 26.0 0.0
10.0 28.0 0.0
10.0 30.0 0.39541960547956423
10.0 32.0 0.5046304478892871
10.0 34.0 0.36522639943110113
10.0 36.0 0.2727907179088497
10.0 38.0 0.18139015482224338
10.0 40.0 0.09511771971860712
10.0 42.0 0.023289592020805966
10.0 44.0 0.03017858260897713
10.0 46.0 0.08691606709800896
10.0 48.0 0.13179609320894456
10.0 50.0 0.1798561687400164
10.0 52.0 0.1989921484174982
10.0 54.0 0.17701986637483436
10.0 56.0 0.10062034774370139
10.0 58.0 0.020246825222436777
10.0 60.0 0.0
10.0 62.0 0.0
10.0 64.0 0.0
10.0 66.0 0.0
10.0 68.0 0.0
10.0 70.0 0.0
10.0 72.0 0.0
10.0 74.0 0.0
10.0 76.0 0.0
10.0 78.0 0.0
10.0 80.0 0.0
10.0 82.0 0.005528130400646124
10.0 84.0 0.040720281501729315
10.0 86.0 0.07775077736817089
10.0 88.0 0.14375654688928108
10.0 90.0 0.1937079473867631
10.0 92.0 0.18859090198147976
10.0 94.0 0.16692094565034996
10.0 96.0 0.1299680172756036
10.0 98.0 0.0
10.0 100.0 0.0
10.0 102.0 0.0
10.0 104.0 0.0
10.0 106.0 0.0
10.0 108.0 0.0
10.0 110.0 0.0
10.0 112.0 0.0
10.0 114.0 0.0
10.0 116.0 0.0
10.0 118.0 0.0
10.0 120.0 0.0
10.0 122.0 0.0
10.0 124.0 0.0
10.0 126.0 0.0
12.0 0.0 0.0
12.0 2.0 0.0
12.0 4.0 0.0
12.0 6.0 0.0
12.0 8.0 0.0
12.0 10.0 0.0
12.0 12.0 0.0
12.0 14.0 0.0
12.0 16.0 0.0
12.0 18.0 0.0
12.0 20.0 0.0
12.0 22.0 0.0
12.0 24.0 0.0
12.0 26.0 0.0
12.0 28.0 0.3377473357946977
12.0 30.0 0.4405478554856368
12.0 32.0 0.3751969336848486
12.0 34.0 0.312507768576562
12.0 36.0 0.23395616609458758
12.0 38.0 0.12840453882993355
12.0 40.0 0.015444399800895918
12.0 42.0 0.0
12.0 44.0 0.0036248531786837964
12.0 46.0 0.03571329649910802
12.0 48.0 0.08042547547921561
12.0 50.0 0.12906143864141587
12.0 52.0 0.1531179144913385
12.0 54.0 0.14019763035864674
12.0 56.0 0.07360364686291196
12.0 58.0 0.011018277045252501
12.0 60.0 0.0
12.0 62.0 0.0
12.0 64.0 0.0
12.0 66.0 0.0
12.0 68.0 0.0
12.0 70.0 0.0
12.0 72.0 0.0
12.0 74.0 0.0
12.0 76.0 0.0
12.0 78.0 0.0
12.0 80.0 0.0
12.0 82.0 0.006927715628221344
12.0 84.0 0.04144467240228104
12.0 86.0 0.09630400086907483
12.0 88.0 0.13078484761646278
12.0 90.0 0.18788415598686778
12.0 92.0 0.17286893101539338
12.0 94.0 0.14196310498713915
12.0 96.0 0.09028543047212108
12.0 98.0 0.04105941921722953
12.0 100.0 0.011073611574810424
12.0 102.0 0.0
12.0 104.0 0.0
12.0 106.0 0.0
12.0 108.0 0.0
12.0 110.0 0.0
12.0 112.0 0.0
12.0 114.0 0.0
12.0 116.0 0.0
12.0 118.0 0.0
12.0 120.0 0.0
12.0 122.0 0.0
12.0 124.0 0.0
12.0 126.0 0.0
14.0 0.0 0.0
14.0 2.0 0.0
14.0 4.0 0.0
14.0 6.0 0.0
14.0 8.0 0.0
14.0 10.0 0.0
14.0 12.0 0.0
14.0 14.0 0.0
14.0 16.0 0.0
14.0 18.0 0.0
14.0 20.0 0.0
14.0 22.0 0.0
14.0 24.0 0.20620327453177634
14.0 26.0 0.2886755107272461
14.0 28.0 0.2992733373467767
14.0 30.0 0.3122558141437826
14.0 32.0 0.3099289350711141
14.0 34.0 0.2659511917262746
14.0 36.0 0.16735976401149588
14.0 38.0 0.02731415639696561
14.0 40.0 0.0
14.0 42.0 0.0
14.0 44.0 0.0
14.0 46.0 0.0
14.0 48.0 0.008121175354540289
14.0 50.0 0.05981504783627711
14.0 52.0 0.095999450480943
14.0 54.0 0.09707068134405582
14.0 56.0 0.05406341492198682
14.0 58.0 0.006397841118520125
14.0 60.0 0.0
14.0 62.0 0.0
14.0 64.0 0.0
14.0 66.0 0.0
14.0 68.0 0.0
14.0 70.0 0.0
14.0 72.0 0.0
14.0 74.0 0.0
14.0 76.0 0.0
14.0 78.0 0.0
14.0 80.0 0.0
14.0 82.0 0.011747178537559877
14.0 84.0 0.054477007100167736
14.0 86.0 0.11126680518489006
14.0 88.0 0.1405424446752257
14.0 90.0 0.18752038008039798
14.0 92.0 0.1600574754061588
14.0 94.0 0.11412393756680715
14.0 96.0 0.043767050441637895
14.0 98.0 6.011059907207898E-4
14.0 100.0 0.0
14.0 102.0 0.0
14.0 104.0 0.0
14.0 106.0 0.0
14.0 108.0 0.0
14.0 110.0 0.0
14.0 112.0 0.0
14.0 114.0 0.0
14.0 116.0 0.0
14.0 118.0 0.0
14.0 120.0 0.0
14.0 122.0 0.0
14.0 124.0 0.0
14.0 126.0 0.0
16.0 0.0 0.0
16.0 2.0 0.0
16.0 4.0 0.0
16.0 6.0 0.0
16.0 8.0 0.0
16.0 10.0 0.0
16.0 12.0 0.0
16.0 14.0 0.0
16.0 16.0 0.0
16.0 18.0 0.0
16.0 20.0 0.0
16.0 22.0 0.12226386886267908
16.0 24.0 0.2093048556098612
16.0 26.0 0.21688942600317573
16.0 28.0 0.23367127541819877
16.0 30.0 0.27235527922823943
16.0 32.0 0.2921255222360762
16.0 34.0 0.20603753689902263
16.0 36.0 0.09641139450930543
16.0 38.0 0.006745998382663495
16.0 40.0 0.0
16.0 42.0 0.0
16.0 44.0 0.0
16.0 46.0 0.0
16.0 48.0 0.0
16.0 50.0 0.018554660169423434
16.0 52.0 0.05939654807885947
16.0 54.0 0.07961692648933086
16.0 56.0 0.054966359865570774
16.0 58.0 0.007333908047375297
16.0 60.0 0.0
16.0 62.0 0.0
16.0 64.0 0.0
16.0 66.0 0.0
16.0 68.0 0.0
16.0 70.0 0.0
16.0 72.0 0.0
16.0 74.0 0.0
16.0 76.0 0.0
16.0 78.0 0.0
16.0 80.0 0.00901868767453672
16.0 82.0 0.0308661933233436
16.0 84.0 0.07265172195911192
16.0 86.0 0.13387035540934836
16.0 88.0 0.17530789937463329
16.0 90.0 0.16953605895570525
16.0 92.0 0.13667196873381812
16.0 94.0 0.08292123070320165
16.0 96.0 0.023873102214558507
16.0 98.0 0.0
16.0 100.0 0.0
16.0 102.0 0.0
16.0 104.0 0.0
16.0 106.0 0.0
16.0 108.0 0.0
16.0 110.0 0.0
16.0 112.0 0.0
16.0 114.0 0.0
16.0 116.0 0.0
16.0 118.0 0.0
16.0 120.0 0.0
16.0 122.0 0.0
16.0 124.0 0.0
16.0 126.0 0.0
18.0 0.0 0.0
18.0 2.0 0.0
18.0 4.0 0.0
18.0 6.0 0.0
18.0 8.0 0.0
18.0 10.0 0.0
18.0 12.0 0.0
18.0 14.0 0.0
18.0 16.0 0.0
18.0 18.0 0.0
18.0 20.0 0.08425169129954746
18.0 22.0 0.1640560335013789
18.0 24.0 0.14692635318709937
18.0 26.0 0.14436503053652733
18.0 28.0 0.1726932998468219
18.0 30.0 0.19391444258636378
18.0 32.0 0.1729816403122232
18.0 34.0 0.11679121241784036
18.0 36.0 0.055905641957309536
18.0 38.0 0.004071243530885325
18.0 40.0 0.0
18.0 42.0 0.0
18.0 44.0 0.0
18.0 46.0 0.0
18.0 48.0 0.0
18.0 50.0 0.0
18.0 52.0 0.00850195543054063
18.0 54.0 0.07871627095741317
18.0 56.0 0.06846785830014478
18.0 58.0 0.011557390087390167
18.0 60.0 0.0
18.0 62.0 0.0
18.0 64.0 0.0
18.0 66.0 0.0
18.0 68.0 0.0
18.0 70.0 0.0
18.0 72.0 0.0
18.0 74.0 0.0
18.0 76.0 0.006024114723525758
18.0 78.0 0.025050276518587624
18.0 80.0 0.06749542445685326
18.0 82.0 0.11192709047392578
18.0 84.0 0.13803537679664915
18.0 86.0 0.16550581914868304
18.0 88.0 0.21295089110156207
18.0 90.0 0.18918795167531569
18.0 92.0 0.12750560370603978
18.0 94.0 0.04365480138269306
18.0 96.0 0.0
18.0 98.0 0.0
18.0 100.0 0.0
18.0 102.0 0.0
18.0 104.0 0.0
18.0 106.0 0.0
18.0 108.0 0.0
18.0 110.0 0.0
18.0 112.0 0.0
18.0 114.0 0.0
18.0 116.0 0.0
18.0 118.0 0.0
18.0 120.0 0.0
18.0 122.0 0.0
18.0 124.0 0.0
18.0 126.0 0.0
20.0 0.0 0.0
20.0 2.0 0.0
20.0 4.0 0.0
20.0 6.0 0.0
20.0 8.0 0.0
20.0 10.0 0.0
20.0 12.0 0.0
20.0 14.0 0.0
20.0 16.0 0.0
20.0 18.0 0.06281412367744414
20.0 20.0 0.16520316236669177
20.0 22.0 0.1274983703001882
20.0 24.0 0.09648724756284253
20.0 26.0 0.07970208837085088
20.0 28.0 0.07801914087581358
20.0 30.0 0.05544171749917484
20.0 32.0 0.014822861633600914
20.0 34.0 0.02862807252033156
20.0 36.0 0.022598584341273185
20.0 38.0 1.8885133099048705E-4
20.0 40.0 0.0
20.0 42.0 0.0
20.0 44.0 0.0
20.0 46.0 0.0
20.0 48.0 0.0
20.0 50.0 0.0
20.0 52.0 0.014023617877768887
20.0 54.0 0.08049803948675838
20.0 56.0 0.07650611657439911
20.0 58.0 0.01297195742284201
20.0 60.0 0.0
20.0 62.0 0.0
20.0 64.0 0.0
20.0 66.0 0.0
20.0 68.0 0.0
20.0 70.0 0.0
20.0 72.0 0.0
20.0 74.0 0.009376806192263774
20.0 76.0 0.05353389537321248
20.0 78.0 0.11922741173110707
20.0 80.0 0.16706745311373608
20.0 82.0 0.20341818896718902
20.0 84.0 0.22206631963342285
20.0 86.0 0.22522312698149105
20.0 88.0 0.2534908773394589
20.0 90.0 0.21404090589350636
20.0 92.0 0.11784701539186977
20.0 94.0 0.020901153144978896
20.0 96.0 0.0
20.0 98.0 0.0
20.0 100.0 0.0
20.0 102.0 0.0
20.0 104.0 0.0
20.0 106.0 0.0
20.0 108.0 0.0
20.0 110.0 0.0
20.0 112.0 0.0
20.0 114.0 0.0
20.0 116.0 0.0
20.0 118.0 0.0
20.0 120.0 0.0
20.0 122.0 0.0
20.0 124.0 0.0
20.0 126.0 0.0
22.0 0.0 0.0
22.0 2.0 0.0
22.0 4.0 0.0
22.0 6.0 0.0
22.0 8.0 0.0
22.0 10.0 0.0
22.0 12.0 0.0
22.0 14.0 0.0
22.0 16.0 0.05746927632461629
22.0 18.0 0.21519739062393858
22.0 20.0 0.1706023981539312
22.0 22.0 0.10366547723069884
22.0 24.0 0.036910564434409834
22.0 26.0 0.0013132432738014238
22.0 28.0 0.0
22.0 30.0 0.0
22.0 32.0 0.0
22.0 34.0 0.0
22.0 36.0 0.0
22.0 38.0 0.0
22.0 40.0 0.0
22.0 42.0 0.0
22.0 44.0 0.0
22.0 46.0 0.0
22.0 48.0 0.0
22.0 50.0 0.0
22.0 52.0 0.006313036516747729
22.0 54.0 0.08459355700731198
22.0 56.0 0.08951688383987234
22.0 58.0 0.022679692861388795
22.0 60.0 0.0
22.0 62.0 0.0
22.0 64.0 0.0
22.0 66.0 0.0
22.0 68.0 0.0
22.0 70.0 0.0
22.0 72.0 0.0038403444715033493
22.0 74.0 0.04837619339142388
22.0 76.0 0.12707569172653904
22.0 78.0 0.1977290231929195
22.0 80.0 0.2523892848024383
22.0 82.0 0.29041425151305694
22.0 84.0 0.30250910247010615
22.0 86.0 0.2877146857252702
22.0 88.0 0.2898035648937465
22.0 90.0 0.2378424103288382
22.0 92.0 0.10381789812251711
22.0 94.0 0.013375354142156773
22.0 96.0 0.0
22.0 98.0 0.0
22.0 100.0 0.0
22.0 102.0 0.0
22.0 104.0 0.0
22.0 106.0 0.0
22.0 108.0 0.0
22.0 110.0 0.0
22.0 112.0 0.0
22.0 114.0 0.0
22.0 116.0 0.0
22.0 118.0 0.0
22.0 120.0 0.0
22.0 122.0 0.0
22.0 124.0 0.0
22.0 126.0 0.0
24.0 0.0 0.0
24.0 2.0 0.0
24.0 4.0 0.0
24.0 6.0 0.0
24.0 8.0 0.0
24.0 10.0 0.0
24.0 12.0 0.0
24.0 14.0 0.10464396587662493
24.0 16.0 0.34086959619154217
24.0 18.0 0.28703791295027276
24.0 20.0 0.19376177185478072
24.0 22.0 0.07453971976466062
24.0 24.0 0.00415807739559632
24.0 26.0 0.0
24.0 28.0 0.0
24.0 30.0 0.0
24.0 32.0 0.0
24.0 34.0 0.0
24.0 36.0 0.0
24.0 38.0 0.0
24.0 40.0 0.0
24.0 42.0 0.0
24.0 44.0 0.0
24.0 46.0 0.0
24.0 48.0 0.0
24.0 50.0 0.0
24.0 52.0 0.012837200421259137
24.0 54.0 0.07927772606745413
24.0 56.0 0.09575761624939937
24.0 58.0 0.04703897124621489
24.0 60.0 0.0
24.0 62.0 0.0
24.0 64.0 0.0
24.0 66.0 0.0
24.0 68.0 0.0
24.0 70.0 0.009167790314602329
24.0 72.0 0.03774408575771505
24.0 74.0 0.12676984013980905
24.0 76.0 0.23332415714409815
24.0 78.0 0.3019545254957278
24.0 80.0 0.35334060763700137
24.0 82.0 0.37976009772932784
24.0 84.0 0.37969953675033713
24.0 86.0 0.35077512196393107
24.0 88.0 0.29529498530624715
24.0 90.0 0.2236663234554096
24.0 92.0 0.08021576067868517
24.0 94.0 0.007301991812485156
24.0 96.0 0.0
24.0 98.0 0.0
24.0 100.0 0.0
24.0 102.0 0.0
24.0 104.0 0.0
24.0 106.0 0.0
24.0 108.0 0.0
24.0 110.0 0.0
24.0 112.0 0.0
24.0 114.0 0.0
24.0 116.0 0.0
24.0 118.0 0.0
24.0 120.0 0.0
24.0 122.0 0.0
24.0 124.0 0.0
24.0 126.0 0.0
26.0 0.0 0.0
26.0 2.0 0.0
26.0 4.0 0.0
26.0 6.0 0.0
26.0 8.0 0.0
26.0 10.0 0.0
26.0 12.0 0.0
26.0 14.0 0.22841069730561267
26.0 16.0 0.4748822924644967
26.0 18.0 0.3807345065199827
26.0 20.0 0.2588297924048258
26.0 22.0 0.09365136159823227
26.0 24.0 0.005523400740082989
26.0 26.0 0.0
26.0 28.0 0.0
26.0 30.0 0.0
26.0 32.0 0.0
26.0 34.0 0.0
26.0 36.0 0.0
26.0 38.0 0.0
26.0 40.0 0.0
26.0 42.0 0.0
26.0 44.0 0.0
26.0 46.0 0.0
26.0 48.0 0.007788375110939251
26.0 50.0 3.7710072407958715E-4
26.0 52.0 0.015838420930340887
26.0 54.0 0.06656988770769749
26.0 56.0 0.09294448260469283
26.0 58.0 0.06090803235345337
26.0 60.0 3.025707839290625E-4
26.0 62.0 0.0
26.0 64.0 0.0
26.0 66.0 0.0
26.0 68.0 0.012301731021748918
26.0 70.0 0.0532125419330354
26.0 72.0 0.11801644164361276
26.0 74.0 0.2464101080275869
26.0 76.0 0.3856518245605751
26.0 78.0 0.41908867538068434
26.0 80.0 0.4278638814985864
26.0 82.0 0.4156411397542165
26.0 84.0 0.39332560276811845
26.0 86.0 0.3578378567434275
26.0 88.0 0.3199600368280695
26.0 90.0 0.21789004819572558
26.0 92.0 0.06634144683965298
26.0 94.0 0.0012816814750364347
26.0 96.0 0.0
26.0 98.0 0.0
26.0 100.0 0.0
26.0 102.0 0.0
26.0 104.0 0.0
26.0 106.0 0.0
26.0 108.0 0.0
26.0 110.0 0.0
26.0 112.0 0.0
26.0 114.0 0.0
26.0 116.0 0.0
26.0 118.0 0.0
26.0 120.0 0.0
26.0 122.0 0.0
26.0 124.0 0.0
26.0 126.0 0.0
28.0 0.0 0.0
28.0 2.0 0.0
28.0 4.0 0.0
28.0 6.0 0.0
28.0 8.0 0.0
28.0 10.0 0.0
28.0 12.0 0.36235132714522417
28.0 14.0 0.5439803338988555
28.0 16.0 0.4934659956291434
28.0 18.0 0.41235031896538143
28.0 20.0 0.2568209518435469
28.0 22.0 0.06429295088549865
28.0 24.0 4.660742419691749E-4
28.0 26.0 0.0
28.0 28.0 0.0
28.0 30.0 0.0
28.0 32.0 0.0
28.0 34.0 0.0
28.0 36.0 0.0
28.0 38.0 0.0
28.0 40.0 0.0
28.0 42.0 0.0
28.0 44.0 0.0
28.0 46.0 0.0
28.0 48.0 0.002808498708206503
28.0 50.0 0.0
28.0 52.0 0.009680767667633929
28.0 54.0 0.04429498492667706
28.0 56.0 0.07732631578709136
28.0 58.0 0.05438215320274739
28.0 60.0 0.008512851329601022
28.0 62.0 0.0
28.0 64.0 0.0
28.0 66.0 2.652677517804783E-4
28.0 68.0 0.03665150698725635
28.0 70.0 0.09767350877190334
28.0 72.0 0.2151988399685942
28.0 74.0 0.3622340275811508
28.0 76.0 0.5033473434507916
28.0 78.0 0.5414979836505978
28.0 80.0 0.5137167391142743
28.0 82.0 0.4745543977789201
28.0 84.0 0.43935103590715535
28.0 86.0 0.3892786082309723
28.0 88.0 0.31949333590405976
28.0 90.0 0.19140980821996104
28.0 92.0 0.057241424433096044
28.0 94.0 0.0
28.0 96.0 0.0
28.0 98.0 0.0
28.0 100.0 0.0
28.0 102.0 0.0
28.0 104.0 0.0
28.0 106.0 0.0
28.0 108.0 0.0
28.0 110.0 0.0
28.0 112.0 0.0
28.0 114.0 0.0
28.0 116.0 0.02188699306814412
28.0 118.0 0.0
28.0 120.0 0.0
28.0 122.0 0.0
28.0 124.0 0.0
28.0 126.0 0.0
30.0 0.0 0.0
30.0 2.0 0.0
30.0 4.0 0.0
30.0 6.0 0.0
30.0 8.0 0.0
30.0 10.0 0.4210557596686384
30.0 12.0 0.5452547949181002
30.0 14.0 0.5284190070154178
30.0 16.0 0.5304202827588851
30.0 18.0 0.4158085857704041
30.0 20.0 0.2175773354260423
30.0 22.0 0.04676756625782697
30.0 24.0 0.0
30.0 26.0 0.0
30.0 28.0 0.0
30.0 30.0 0.0
30.0 32.0 0.0
30.0 34.0 0.0
30.0 36.0 0.0
30.0 38.0 0.0
30.0 40.0 0.0
30.0 42.0 0.0
30.0 44.0 0.0
30.0 46.0 0.0
30.0 48.0 0.0
30.0 50.0 0.0
30.0 52.0 0.0
30.0 54.0 0.024289784620767595
30.0 56.0 0.049751614093426155
30.0 58.0 0.03722671625539674
30.0 60.0 0.011938492263034561
30.0 62.0 4.940700664141943E-4
30.0 64.0 0.0
30.0 66.0 0.010073047093810536
30.0 68.0 0.06753163159805241
30.0 70.0 0.1373117731604245
30.0 72.0 0.25831362821885867
30.0 74.0 0.4403414328765128
30.0 76.0 0.5479562488753494
30.0 78.0 0.603544908471465
30.0 80.0 0.5755959752188109
30.0 82.0 0.5384695602184978
30.0 84.0 0.4830756079873904
30.0 86.0 0.41921956350275397
30.0 88.0 0.31605985357373045
30.0 90.0 0.17520592214241604
30.0 92.0 0.04726193029504027
30.0 94.0 0.0
30.0 96.0 0.0
30.0 98.0 0.0
30.0 100.0 0.0
30.0 102.0 0.0
30.0 104.0 0.0
30.0 106.0 0.0
30.0 108.0 0.0
30.0 110.0 0.0
30.0 112.0 0.0
30.0 114.0 0.0
30.0 116.0 0.04086110557521954
30.0 118.0 0.0
30.0 120.0 0.0
30.0 122.0 0.0
30.0 124.0 0.0
30.0 126.0 0.0
32.0 0.0 0.0
32.0 2.0 0.0
32.0 4.0 0.0
32.0 6.0 0.0
32.0 8.0 0.0
32.0 10.0 0.4391532420221372
32.0 12.0 0.5611168079693659
32.0 14.0 0.5418803842172867
32.0 16.0 0.5027057219069161
32.0 18.0 0.377042846914648
32.0 20.0 0.19469988995680002
32.0 22.0 0.039352593554693664
32.0 24.0 0.0
32.0 26.0 0.0
32.0 28.0 0.0
32.0 30.0 0.0
32.0 32.0 0.0
32.0 34.0 0.0
32.0 36.0 0.0
32.0 38.0 0.0
32.0 40.0 0.0
32.0 42.0 0.0
32.0 44.0 0.0
32.0 46.0 0.0
32.0 48.0 0.0
32.0 50.0 0.0
32.0 52.0 0.0
32.0 54.0 0.01380217714243741
32.0 56.0 0.030405972570262202
32.0 58.0 0.024205067834144764
32.0 60.0 0.011455641487482295
32.0 62.0 0.0027344842183648246
32.0 64.0 0.004333569690018586
32.0 66.0 0.023279936707294887
32.0 68.0 0.08662014203830959
32.0 70.0 0.17974919072779452
32.0 72.0 0.2813163186320527
32.0 74.0 0.40193619243524964
32.0 76.0 0.5103996990410985
32.0 78.0 0.581634792565906
32.0 80.0 0.6108541464049004
32.0 82.0 0.6133638718777601
32.0 84.0 0.5734787530431528
32.0 86.0 0.49184780681551193
32.0 88.0 0.34407368088517476
32.0 90.0 0.15064165617338576
32.0 92.0 0.03795269388940585
32.0 94.0 0.0
32.0 96.0 0.0
32.0 98.0 0.0
32.0 100.0 0.0
32.0 102.0 0.0
32.0 104.0 0.0
32.0 106.0 0.0
32.0 108.0 0.0
32.0 110.0 0.0
32.0 112.0 0.0
32.0 114.0 0.0
32.0 116.0 0.07105518777573422
32.0 118.0 0.21454963364409266
32.0 120.0 0.0
32.0 122.0 0.0
32.0 124.0 0.0
32.0 126.0 0.0
34.0 0.0 0.0
34.0 2.0 0.0
34.0 4.0 0.0
34.0 6.0 0.0
34.0 8.0 0.46306391889336057
34.0 10.0 0.525141950017319
34.0 12.0 0.518160383323771
34.0 14.0 0.5013558326515851
34.0 16.0 0.42465588458572284
34.0 18.0 0.27452655015506383
34.0 20.0 0.08348829138287574
34.0 22.0 0.008493948745639038
34.0 24.0 0.0
34.0 26.0 0.0
34.0 28.0 0.0
34.0 30.0 0.0
34.0 32.0 0.0
34.0 34.0 0.0
34.0 36.0 0.0
34.0 38.0 0.0
34.0 40.0 0.0
34.0 42.0 0.0
34.0 44.0 0.0
34.0 46.0 0.0014779542061108331
34.0 48.0 0.004147219153720016
34.0 50.0 0.003607494182138147
34.0 52.0 0.006351487573105393
34.0 54.0 0.011956597177808075
34.0 56.0 0.017662226370872506
34.0 58.0 0.007704684529578502
34.0 60.0 0.004389341164874455
34.0 62.0 0.0028243354636863795
34.0 64.0 0.006700503664521682
34.0 66.0 0.03161473208318501
34.0 68.0 0.09643281703271546
34.0 70.0 0.20358403883902884
34.0 72.0 0.3034181788019574
34.0 74.0 0.4068557844253921
34.0 76.0 0.5000876739125188
34.0 78.0 0.5660979759937809
34.0 80.0 0.5976712119315505
34.0 82.0 0.5978592081610804
34.0 84.0 0.563636382771231
34.0 86.0 0.48175496155342334
34.0 88.0 0.3301523889694023
34.0 90.0 0.1366869623074001
34.0 92.0 0.030395520290214407
34.0 94.0 0.0
34.0 96.0 0.0
34.0 98.0 0.0
34.0 100.0 0.0
34.0 102.0 0.0
34.0 104.0 0.0
34.0 106.0 0.0
34.0 108.0 0.0
34.0 110.0 0.0
34.0 112.0 0.0
34.0 114.0 0.0038242272125893553
34.0 116.0 0.12537397546747228
34.0 118.0 0.2772969406587502
34.0 120.0 0.0
34.0 122.0 0.0
34.0 124.0 0.0
34.0 126.0 0.0
36.0 0.0 0.0
36.0 2.0 0.0
36.0 4.0 0.0
36.0 6.0 0.0
36.0 8.0 0.4675614390695592
36.0 10.0 0.5109296241922675
36.0 12.0 0.49795097317424614
36.0 14.0 0.46131051569899356
36.0 16.0 0.36373420451080934
36.0 18.0 0.1956443107468218
36.0 20.0 0.0393391054952262
36.0 22.0 0.0011051395786863562
36.0 24.0 0.0
36.0 26.0 0.0
36.0 28.0 0.0
36.0 30.0 0.0
36.0 32.0 0.0
36.0 34.0 0.0
36.0 36.0 0.0
36.0 38.0 0.0
36.0 40.0 0.0
36.0 42.0 0.0
36.0 44.0 0.0017619516692950787
36.0 46.0 0.009292161886029862
36.0 48.0 0.016209596464551477
36.0 50.0 0.016448789075791177
36.0 52.0 0.011720077265457172
36.0 54.0 0.01342380826613362
36.0 56.0 0.010542588748899302
36.0 58.0 0.0
36.0 60.0 0.0
36.0 62.0 0.0
36.0 64.0 0.0
36.0 66.0 0.010831984742115315
36.0 68.0 0.06993598838876439
36.0 70.0 0.18807001950892752
36.0 72.0 0.30189521651968304
36.0 74.0 0.40526719399035255
36.0 76.0 0.4889366621198569
36.0 78.0 0.5513630781174205
36.0 80.0 0.5841762145912067
36.0 82.0 0.5826906626378671
36.0 84.0 0.5466058596656717
36.0 86.0 0.47208611568295744
36.0 88.0 0.3269076838066772
36.0 90.0 0.12093867767051691
36.0 92.0 0.018551294165928694
36.0 94.0 0.0
36.0 96.0 0.0
36.0 98.0 0.0
36.0 100.0 0.0
36.0 102.0 0.0
36.0 104.0 0.0
36.0 106.0 0.0
36.0 108.0 0.0
36.0 110.0 0.0
36.0 112.0 0.0
36.0 114.0 0.035479011547860775
36.0 116.0 0.18818267910275477
36.0 118.0 0.3345329182704426
36.0 120.0 0.3838433471529792
36.0 122.0 0.0
36.0 124.0 0.0
36.0 126.0 0.0
38.0 0.0 0.0
38.0 2.0 0.0
38.0 4.0 0.0
38.0 6.0 0.42962095344338275
38.0 8.0 0.43563287519395244
38.0 10.0 0.4067013213821518
38.0 12.0 0.3950722399265847
38.0 14.0 0.3334097893143258
38.0 16.0 0.2225445776817819
38.0 18.0 0.06018734287938173
38.0 20.0 0.0016185922278096196
38.0 22.0 0.0
38.0 24.0 0.0
38.0 26.0 0.0
38.0 28.0 0.0
38.0 30.0 0.0
38.0 32.0 0.0
38.0 34.0 0.0
38.0 36.0 0.0
38.0 38.0 0.0
38.0 40.0 0.0
38.0 42.0 2.1250428646579878E-4
38.0 44.0 0.007282971150847303
38.0 46.0 0.016355054366067757
38.0 48.0 0.021585870792694025
38.0 50.0 0.021965708312154313
38.0 52.0 0.010924329376918812
38.0 54.0 0.0029621207330350653
38.0 56.0 0.0
38.0 58.0 0.0
38.0 60.0 0.0
38.0 62.0 0.0
38.0 64.0 0.0
38.0 66.0 0.0
38.0 68.0 0.015960712622053817
38.0 70.0 0.14010357918636535
38.0 72.0 0.28696118511483293
38.0 74.0 0.39602678854991674
38.0 76.0 0.47695813554967254
38.0 78.0 0.5364071749623226
38.0 80.0 0.5687134745781744
38.0 82.0 0.5670771425010355
38.0 84.0 0.5415190991285359
38.0 86.0 0.4833027840455417
38.0 88.0 0.2968404157210897
38.0 90.0 0.0961102652449498
38.0 92.0 0.0087448215309262
38.0 94.0 0.0
38.0 96.0 0.0
38.0 98.0 0.0
38.0 100.0 0.0
38.0 102.0 0.0
38.0 104.0 0.0
38.0 106.0 0.0
38.0 108.0 0.0
38.0 110.0 0.0
38.0 112.0 0.0043251670853638536
38.0 114.0 0.0801313867786312
38.0 116.0 0.23661319051317845
38.0 118.0 0.353401540578645
38.0 120.0 0.3943466380320067
38.0 122.0 0.0
38.0 124.0 0.0
38.0 126.0 0.0
40.0 0.0 0.0
40.0 2.0 0.0
40.0 4.0 0.0
40.0 6.0 0.39134833905354033
40.0 8.0 0.3106140068958157
40.0 10.0 0.3046847980498271
40.0 12.0 0.29992700284429846
40.0 14.0 0.23959603765499815
40.0 16.0 0.13027449251332676
40.0 18.0 0.01789214419478039
40.0 20.0 0.0
40.0 22.0 0.0
40.0 24.0 0.0
40.0 26.0 0.0
40.0 28.0 0.0
40.0 30.0 0.0
40.0 32.0 0.0
40.0 34.0 0.0
40.0 36.0 0.0
40.0 38.0 0.0
40.0 40.0 0.0
40.0 42.0 0.0017807469733813897
40.0 44.0 0.008850290915498825
40.0 46.0 0.018973427397885052
40.0 48.0 0.02457788495770559
40.0 50.0 0.02039019657311467
40.0 52.0 0.011132147215959273
40.0 54.0 0.0
40.0 56.0 0.0
40.0 58.0 0.0
40.0 60.0 0.0
40.0 62.0 0.0
40.0 64.0 0.0
40.0 66.0 0.0
40.0 68.0 3.4903149292159983E-4
40.0 70.0 0.08684554158474722
40.0 72.0 0.2500508253175335
40.0 74.0 0.3690936163337009
40.0 76.0 0.4577195556186861
40.0 78.0 0.5156640338999129
40.0 80.0 0.5463260743731668
40.0 82.0 0.5438634080385133
40.0 84.0 0.5251603841985416
40.0 86.0 0.46312345790886766
40.0 88.0 0.26267691513970376
40.0 90.0 0.07253360996870942
40.0 92.0 0.0014820533942843446
40.0 94.0 0.0
40.0 96.0 0.0
40.0 98.0 0.0
40.0 100.0 0.0
40.0 102.0 0.0
40.0 104.0 0.0
40.0 106.0 0.0
40.0 108.0 0.0
40.0 110.0 0.0
40.0 112.0 0.02767000195897826
40.0 114.0 0.12149928905148426
40.0 116.0 0.263166952036902
40.0 118.0 0.3547633394799365
40.0 120.0 0.38211722101581924
40.0 122.0 0.3507015312409947
40.0 124.0 0.0
40.0 126.0 0.0
42.0 0.0 0.0
42.0 2.0 0.0
42.0 4.0 0.23364331839090124
42.0 6.0 0.13228281057125443
42.0 8.0 0.1565213366569063
42.0 10.0 0.18612899477980174
42.0 12.0 0.17861297710542254
42.0 14.0 0.10956870846031225
42.0 16.0 0.00762581146869482
42.0 18.0 0.0
42.0 20.0 0.0
42.0 22.0 0.0
42.0 24.0 0.0
42.0 26.0 0.0
42.0 28.0 0.0
42.0 30.0 0.0
42.0 32.0 0.0
42.0 34.0 0.0
42.0 36.0 0.0
42.0 38.0 0.0
42.0 40.0 0.0
42.0 42.0 5.732919683872486E-4
42.0 44.0 0.00835962010191929
42.0 46.0 0.038715333515573234
42.0 48.0 0.04220678218769524
42.0 50.0 0.02487678880282085
42.0 52.0 0.00491962891488255
42.0 54.0 0.0
42.0 56.0 0.0
42.0 58.0 0.0
42.0 60.0 0.0
42.0 62.0 0.0
42.0 64.0 0.0
42.0 66.0 0.0
42.0 68.0 0.0
42.0 70.0 0.05298309471298113
42.0 72.0 0.19675616662410125
42.0 74.0 0.32113786724187515
42.0 76.0 0.40905982757680914
42.0 78.0 0.46995567129690813
42.0 80.0 0.49988188050701354
42.0 82.0 0.5094647879300663
42.0 84.0 0.5102810438585573
42.0 86.0 0.4208904803149302
42.0 88.0 0.21765013964189164
42.0 90.0 0.04788597285293695
42.0 92.0 0.0
42.0 94.0 0.0
42.0 96.0 0.0
42.0 98.0 0.0
42.0 100.0 0.0
42.0 102.0 0.0
42.0 104.0 0.0
42.0 106.0 0.0
42.0 108.0 0.0
42.0 110.0 0.00682967171771717
42.0 112.0 0.05527615539064625
42.0 114.0 0.15106006414202902
42.0 116.0 0.2690483185174102
42.0 118.0 0.3405956929629246
42.0 120.0 0.36169636843940367
42.0 122.0 0.3313723478994501
42.0 124.0 0.0
42.0 126.0 0.0
44.0 0.0 0.0
44.0 2.0 0.0
44.0 4.0 0.1547542528372505
44.0 6.0 0.0762933377656425
44.0 8.0 0.09721077880616702
44.0 10.0 0.11971980640232645
44.0 12.0 0.1092734645049932
44.0 14.0 0.006501923496514726
44.0 16.0 0.0
44.0 18.0 0.0
44.0 20.0 0.0
44.0 22.0 0.0
44.0 24.0 0.0
44.0 26.0 0.0
44.0 28.0 0.0
44.0 30.0 0.0
44.0 32.0 0.0
44.0 34.0 0.0
44.0 36.0 0.0
44.0 38.0 2.3420866120842023E-4
44.0 40.0 0.012319224769406405
44.0 42.0 0.03053653676052787
44.0 44.0 0.05348587855655939
44.0 46.0 0.08924778254557762
44.0 48.0 0.07053768437192026
44.0 50.0 0.03261410237823518
44.0 52.0 0.0
44.0 54.0 0.0
44.0 56.0 0.0
44.0 58.0 0.0
44.0 60.0 0.0
44.0 62.0 0.0
44.0 64.0 0.0
44.0 66.0 0.0
44.0 68.0 1.7513795340465247E-4
44.0 70.0 0.035123269908091635
44.0 72.0 0.13687627748555609
44.0 74.0 0.2583369560986725
44.0 76.0 0.34212062657230474
44.0 78.0 0.4158117529140047
44.0 80.0 0.4615602631606173
44.0 82.0 0.4609731488835169
44.0 84.0 0.43284159527313143
44.0 86.0 0.35353901451664815
44.0 88.0 0.14794198140139783
44.0 90.0 0.01875237021207046
44.0 92.0 0.0
44.0 94.0 0.0
44.0 96.0 0.0
44.0 98.0 0.0
44.0 100.0 0.0
44.0 102.0 0.0
44.0 104.0 0.0
44.0 106.0 0.0
44.0 108.0 0.0
44.0 110.0 0.019761105881032963
44.0 112.0 0.07602577115245635
44.0 114.0 0.1617524393172091
44.0 116.0 0.25766959348873586
44.0 118.0 0.31655745909039895
44.0 120.0 0.33790910319871287
44.0 122.0 0.32311836356064827
44.0 124.0 0.0
44.0 126.0 0.0
46.0 0.0 0.0
46.0 2.0 0.0
46.0 4.0 0.11651663002395624
46.0 6.0 0.051492501339636516
46.0 8.0 0.06267315519899416
46.0 10.0 0.0701256787046638
46.0 12.0 0.012465451376885999
46.0 14.0 0.0
46.0 16.0 0.0
46.0 18.0 0.0
46.0 20.0 0.0
46.0 22.0 0.0
46.0 24.0 0.0
46.0 26.0 0.0
46.0 28.0 0.0
46.0 30.0 0.0
46.0 32.0 0.0
46.0 34.0 0.006667726228970778
46.0 36.0 0.03138911725652373
46.0 38.0 0.07327729008080654
46.0 40.0 0.11906076811494441
46.0 42.0 0.14460440227148694
46.0 44.0 0.15647316696764416
46.0 46.0 0.15001479902482318
46.0 48.0 0.10971101103250873
46.0 50.0 0.04419063663561778
46.0 52.0 3.5069996481155524E-4
46.0 54.0 0.0
46.0 56.0 0.0
46.0 58.0 0.0
46.0 60.0 0.0
46.0 62.0 0.0
46.0 64.0 0.0
46.0 66.0 0.0
46.0 68.0 0.0
46.0 70.0 0.026833478799816925
46.0 72.0 0.09256349983330263
46.0 74.0 0.18920005242419455
46.0 76.0 0.266998734693117
46.0 78.0 0.329376700074027
46.0 80.0 0.3664372782738184
46.0 82.0 0.3630178607424122
46.0 84.0 0.34161653806018993
46.0 86.0 0.26096438917359216
46.0 88.0 0.07545255354347656
46.0 90.0 8.996345027668782E-4
46.0 92.0 0.0
46.0 94.0 0.0
46.0 96.0 0.0
46.0 98.0 0.0
46.0 100.0 0.0
46.0 102.0 0.0
46.0 104.0 0.0
46.0 106.0 0.0
46.0 108.0 0.0
46.0 110.0 0.01681241941934974
46.0 112.0 0.0814384376797024
46.0 114.0 0.15353475336584763
46.0 116.0 0.2275232547045755
46.0 118.0 0.2809316621457226
46.0 120.0 0.3036820578735541
46.0 122.0 0.30133436923259627
46.0 124.0 0.2588324365743814
46.0 126.0 0.0
48.0 0.0 0.0
48.0 2.0 0.0658505521201898
48.0 4.0 0.03135167995828297
48.0 6.0 0.019393015115520103
48.0 8.0 0.0154149956013541
48.0 10.0 0.0
48.0 12.0 0.0
48.0 14.0 0.0
48.0 16.0 0.0
48.0 18.0 0.0
48.0 20.0 0.0
48.0 22.0 0.0
48.0 24.0 0.0
48.0 26.0 7.167009449713535E-4
48.0 28.0 0.010352358355103371
48.0 30.0 0.016164764020464042
48.0 32.0 0.04270494082264554
48.0 34.0 0.09931833095614429
48.0 36.0 0.16314772860074006
48.0 38.0 0.21904927410686778
48.0 40.0 0.26942839422776094
48.0 42.0 0.26498123735102913
48.0 44.0 0.24772467505942752
48.0 46.0 0.21470663005892676
48.0 48.0 0.15309238189826546
48.0 50.0 0.057002159407253915
48.0 52.0 5.654410177547202E-4
48.0 54.0 0.0
48.0 56.0 0.0
48.0 58.0 0.0
48.0 60.0 0.0
48.0 62.0 0.0
48.0 64.0 0.0
48.0 66.0 0.0
48.0 68.0 0.0
48.0 70.0 0.005118006451861679
48.0 72.0 0.043926555382117545
48.0 74.0 0.10966493999593573
48.0 76.0 0.18081825696419498
48.0 78.0 0.23053463301231583
48.0 80.0 0.25132683195411537
48.0 82.0 0.2510045596810135
48.0 84.0 0.23145817064726723
48.0 86.0 0.16095024308740122
48.0 88.0 0.03921393710523744
48.0 90.0 0.0
48.0 92.0 0.0
48.0 94.0 0.0
48.0 96.0 0.0
48.0 98.0 0.0
48.0 100.0 0.0
48.0 102.0 0.0
48.0 104.0 0.0
48.0 106.0 0.0
48.0 108.0 0.0
48.0 110.0 0.012525069733333602
48.0 112.0 0.06177322172608704
48.0 114.0 0.11778158903165396
48.0 116.0 0.175621234532763
48.0 118.0 0.2220939969280887
48.0 120.0 0.25195760374140425
48.0 122.0 0.2569109195376402
48.0 124.0 0.23758848760556298
48.0 126.0 0.0
50.0 0.0 0.0
50.0 2.0 0.11401159599200451
50.0 4.0 0.05960642812326086
50.0 6.0 0.012008070337389265
50.0 8.0 6.904129199772076E-4
50.0 10.0 0.0
50.0 12.0 0.0
50.0 14.0 0.0
50.0 16.0 0.0
50.0 18.0 0.0
50.0 20.0 0.0
50.0 22.0 0.0
50.0 24.0 0.0
50.0 26.0 0.013483481452632444
50.0 28.0 0.04503477178983012
50.0 30.0 0.08442694977233976
50.0 32.0 0.14562804447027555
50.0 34.0 0.2229234567733841
50.0 36.0 0.29251718792114834
50.0 38.0 0.3558785197706549
50.0 40.0 0.4033448426722835
50.0 42.0 0.36130757059194035
50.0 44.0 0.3213727576385657
50.0 46.0 0.2765419638960131
50.0 48.0 0.20258264541607318
50.0 50.0 0.07366936755377622
50.0 52.0 0.0028513951807765223
50.0 54.0 0.0
50.0 56.0 0.0
50.0 58.0 0.0
50.0 60.0 0.0
50.0 62.0 0.0
50.0 64.0 0.0
50.0 66.0 0.0
50.0 68.0 0.0
50.0 70.0 0.0
50.0 72.0 0.007152786187949547
50.0 74.0 0.04588501997711661
50.0 76.0 0.10332420539898689
50.0 78.0 0.14104621156380875
50.0 80.0 0.15406660708924808
50.0 82.0 0.1533319407796397
50.0 84.0 0.14265724519333609
50.0 86.0 0.09415681937701888
50.0 88.0 0.026041126334378672
50.0 90.0 0.0
50.0 92.0 0.0
50.0 94.0 0.0
50.0 96.0 0.0
50.0 98.0 0.0
50.0 100.0 0.0
50.0 102.0 0.0
50.0 104.0 0.0
50.0 106.0 0.0
50.0 108.0 0.001383119454977183
50.0 110.0 0.012238767301678041
50.0 112.0 0.03594740508407348
50.0 114.0 0.06505288869133899
50.0 116.0 0.10157349887428298
50.0 118.0 0.14233466134989414
50.0 120.0 0.17369176890161164
50.0 122.0 0.185085479343049
50.0 124.0 0.19544506016202456
50.0 126.0 0.0
52.0 0.0 0.0
52.0 2.0 0.16768241712044563
52.0 4.0 0.09759628021528312
52.0 6.0 0.010778066121167365
52.0 8.0 0.0
52.0 10.0 0.0
52.0 12.0 0.0
52.0 14.0 0.0
52.0 16.0 0.0
52.0 18.0 0.0
52.0 20.0 0.0
52.0 22.0 0.0
52.0 24.0 0.0
52.0 26.0 0.03445516660650001
52.0 28.0 0.08583337219823861
52.0 30.0 0.15861392161851226
52.0 32.0 0.23340058410269715
52.0 34.0 0.31622827731635716
52.0 36.0 0.38951552874364886
52.0 38.0 0.4488418979104208
52.0 40.0 0.48027660272726475
52.0 42.0 0.4191821450677742
52.0 44.0 0.3830210160895233
52.0 46.0 0.3274906121623428
52.0 48.0 0.2600198432764708
52.0 50.0 0.08827380618247783
52.0 52.0 0.0038381663000529743
52.0 54.0 0.0
52.0 56.0 0.0
52.0 58.0 0.0
52.0 60.0 0.0
52.0 62.0 0.0
52.0 64.0 0.0
52.0 66.0 0.0
52.0 68.0 0.0
52.0 70.0 0.0
52.0 72.0 0.0
52.0 74.0 0.004230283913642641
52.0 76.0 0.04205248660935751
52.0 78.0 0.06417887913712376
52.0 80.0 0.08171304289506896
52.0 82.0 0.09059893051118134
52.0 84.0 0.09222367960602708
52.0 86.0 0.0647494191794678
52.0 88.0 0.042762669348419526
52.0 90.0 0.026847807507245178
52.0 92.0 0.018798668002340993
52.0 94.0 0.04374764531788625
52.0 96.0 0.03720627997461982
52.0 98.0 0.02619811390532568
52.0 100.0 0.01461038551442815
52.0 102.0 0.007914594315488237
52.0 104.0 0.0
52.0 106.0 0.0
52.0 108.0 4.4051727971153987E-4
52.0 110.0 0.0013732382653497196
52.0 112.0 0.004647539538325435
52.0 114.0 0.011986382304209885
52.0 116.0 0.02541342292282503
52.0 118.0 0.04603542462500762
52.0 120.0 0.06894571700021834
52.0 122.0 0.08729933785757586
52.0 124.0 0.12356707055422672
52.0 126.0 0.0
54.0 0.0 0.0
54.0 2.0 0.19635750902115087
54.0 4.0 0.10792131094819107
54.0 6.0 0.0017505449230426774
54.0 8.0 0.0
54.0 10.0 0.0
54.0 12.0 0.0
54.0 14.0 0.0
54.0 16.0 0.0
54.0 18.0 0.0
54.0 20.0 0.0
54.0 22.0 0.0
54.0 24.0 0.003138741796204209
54.0 26.0 0.05590673484441308
54.0 28.0 0.12316790680054897
54.0 30.0 0.20931730887705136
54.0 32.0 0.29709616632718694
54.0 34.0 0.3837001519897812
54.0 36.0 0.4567936390340393
54.0 38.0 0.51224320820572
54.0 40.0 0.528783522330413
54.0 42.0 0.4699397388671334
54.0 44.0 0.4328867308884499
54.0 46.0 0.3838764691287421
54.0 48.0 0.308108736352095
54.0 50.0 0.10112278178176785
54.0 52.0 0.004624514271017504
54.0 54.0 0.0
54.0 56.0 0.0
54.0 58.0 0.0
54.0 60.0 0.0
54.0 62.0 0.0
54.0 64.0 0.0
54.0 66.0 0.0
54.0 68.0 0.0
54.0 70.0 0.0
54.0 72.0 0.0
54.0 74.0 0.0
54.0 76.0 0.01667871063852257
54.0 78.0 0.029247210326119485
54.0 80.0 0.0395097737675812
54.0 82.0 0.049948467846707485
54.0 84.0 0.06322170450697188
54.0 86.0 0.06702244790615879
54.0 88.0 0.08481265690242192
54.0 90.0 0.10872954827525977
54.0 92.0 0.11792539991666369
54.0 94.0 0.132031044262896
54.0 96.0 0.13568129765084103
54.0 98.0 0.1251568461830465
54.0 100.0 0.10063635157074062
54.0 102.0 0.06841863888751831
54.0 104.0 0.030578090086164914
54.0 106.0 0.0
54.0 108.0 0.0
54.0 110.0 0.0
54.0 112.0 0.0
54.0 114.0 0.0
54.0 116.0 0.0
54.0 118.0 0.0
54.0 120.0 0.0011126550426573047
54.0 122.0 0.011222475908119393
54.0 124.0 0.03456457962955469
54.0 126.0 0.1302927398450122
56.0 0.0 0.0
56.0 2.0 0.20016135040260633
56.0 4.0 0.031375929628145637
56.0 6.0 0.0
56.0 8.0 0.0
56.0 10.0 0.0
56.0 12.0 0.0
56.0 14.0 0.0
56.0 16.0 0.0
56.0 18.0 0.0
56.0 20.0 0.0
56.0 22.0 0.0
56.0 24.0 0.008293288394542893
56.0 26.0 0.06361231571368191
56.0 28.0 0.146668470580415
56.0 30.0 0.24550560729942683
56.0 32.0 0.34399418924744335
56.0 34.0 0.43402430538670744
56.0 36.0 0.5070228791415372
56.0 38.0 0.5589344933103438
56.0 40.0 0.5203037407859997
56.0 42.0 0.499857233116023
56.0 44.0 0.46921879889674695
56.0 46.0 0.4233139456104858
56.0 48.0 0.33128413381158817
56.0 50.0 0.11090926801000504
56.0 52.0 0.0051131757384946155
56.0 54.0 0.0
56.0 56.0 0.0
56.0 58.0 0.0
56.0 60.0 0.0
56.0 62.0 0.0
56.0 64.0 0.0
56.0 66.0 0.0
56.0 68.0 0.0
56.0 70.0 0.0
56.0 72.0 0.0
56.0 74.0 0.0
56.0 76.0 0.0027885848579469654
56.0 78.0 0.010151934803012139
56.0 80.0 0.01814693954397141
56.0 82.0 0.02971510585844705
56.0 84.0 0.04919162039082726
56.0 86.0 0.09243515440522104
56.0 88.0 0.13905744636567396
56.0 90.0 0.19176849080991712
56.0 92.0 0.23048657695613542
56.0 94.0 0.22762838347510728
56.0 96.0 0.2069799014352938
56.0 98.0 0.19209450155518118
56.0 100.0 0.15494360788572215
56.0 102.0 0.10621604112075922
56.0 104.0 0.05413045940056538
56.0 106.0 0.007042194634922262
56.0 108.0 0.0
56.0 110.0 0.0
56.0 112.0 0.0
56.0 114.0 0.0
56.0 116.0 0.0
56.0 118.0 0.0
56.0 120.0 0.0
56.0 122.0 0.0
56.0 124.0 0.0
56.0 126.0 0.06260735570872066
58.0 0.0 0.0
58.0 2.0 0.18509589633715837
58.0 4.0 0.040417674146365296
58.0 6.0 0.0
58.0 8.0 0.0
58.0 10.0 0.0
58.0 12.0 0.0
58.0 14.0 0.0
58.0 16.0 0.0
58.0 18.0 0.0
58.0 20.0 0.0
58.0 22.0 0.0
58.0 24.0 0.014325418966345602
58.0 26.0 0.06942519362735802
58.0 28.0 0.16493587456536205
58.0 30.0 0.2717316104243003
58.0 32.0 0.37746015542581435
58.0 34.0 0.47217150935381214
58.0 36.0 0.5455416290883945
58.0 38.0 0.5909008082064506
58.0 40.0 0.5212704731130483
58.0 42.0 0.5153524355748851
58.0 44.0 0.4853642112188154
58.0 46.0 0.4507742626036855
58.0 48.0 0.3382894566611885
58.0 50.0 0.11652176483767007
58.0 52.0 0.006843759871462719
58.0 54.0 0.0
58.0 56.0 0.0
58.0 58.0 0.0
58.0 60.0 0.0
58.0 62.0 0.0
58.0 64.0 0.0
58.0 66.0 0.0
58.0 68.0 0.0
58.0 70.0 0.0
58.0 72.0 0.0
58.0 74.0 0.0
58.0 76.0 0.0
58.0 78.0 0.0014974260386677741
58.0 80.0 0.009197378466294297
58.0 82.0 0.02866845968399498
58.0 84.0 0.06257910073001681
58.0 86.0 0.11758854368289355
58.0 88.0 0.18497374936574784
58.0 90.0 0.2610418749666738
58.0 92.0 0.3079450359041211
58.0 94.0 0.32692502997791223
58.0 96.0 0.31979128624566777
58.0 98.0 0.2883020944949885
58.0 100.0 0.23202041848770402
58.0 102.0 0.1493173756541522
58.0 104.0 0.05597531981782272
58.0 106.0 0.008825043632032408
58.0 108.0 0.0
58.0 110.0 0.0
58.0 112.0 0.0
58.0 114.0 0.0
58.0 116.0 0.0
58.0 118.0 0.0
58.0 120.0 0.0
58.0 122.0 0.0
58.0 124.0 0.0
58.0 126.0 9.407041280734856E-4
60.0 0.0 0.0
60.0 2.0 0.1579161104484139
60.0 4.0 0.0601369368267007
60.0 6.0 9.626472033699091E-4
60.0 8.0 0.0
60.0 10.0 0.0
60.0 12.0 0.0
60.0 14.0 0.0
60.0 16.0 0.0
60.0 18.0 0.0
60.0 20.0 0.0
60.0 22.0 0.0
60.0 24.0 0.021230220886304597
60.0 26.0 0.07866428535443033
60.0 28.0 0.16554624274203586
60.0 30.0 0.27373877699244353
60.0 32.0 0.38762269962236845
60.0 34.0 0.4876366141901099
60.0 36.0 0.5628892891194351
60.0 38.0 0.5471248576504402
60.0 40.0 0.5235993252396497
60.0 42.0 0.518213139425267
60.0 44.0 0.4879726334962757
60.0 46.0 0.44785121753234364
60.0 48.0 0.33455009687682447
60.0 50.0 0.11768591552124896
60.0 52.0 0.011219863701924696
60.0 54.0 0.0
60.0 56.0 0.0
60.0 58.0 0.0
60.0 60.0 0.0
60.0 62.0 0.0
60.0 64.0 0.0
60.0 66.0 0.0
60.0 68.0 0.0
60.0 70.0 0.0
60.0 72.0 0.0
60.0 74.0 0.0
60.0 76.0 0.0
60.0 78.0 0.0
60.0 80.0 0.006924103630515076
60.0 82.0 0.03570347670727816
60.0 84.0 0.0765063880519689
60.0 86.0 0.15792177790723852
60.0 88.0 0.24138613392694844
60.0 90.0 0.3204286662393162
60.0 92.0 0.367440608051675
60.0 94.0 0.38746629950873057
60.0 96.0 0.3817380483169343
60.0 98.0 0.3516100679223637
60.0 100.0 0.2901224606161784
60.0 102.0 0.18088624323681135
60.0 104.0 0.06198646342056056
60.0 106.0 0.008990808302129753
60.0 108.0 0.0
60.0 110.0 0.0
60.0 112.0 0.0
60.0 114.0 0.0
60.0 116.0 0.0
60.0 118.0 0.0
60.0 120.0 0.0
60.0 122.0 0.0
60.0 124.0 0.0
60.0 126.0 0.0
62.0 0.0 0.0
62.0 2.0 0.13997609050424897
62.0 4.0 0.09242581774005755
62.0 6.0 0.013401176622266753
62.0 8.0 0.0
62.0 10.0 0.0
62.0 12.0 0.0
62.0 14.0 0.0
62.0 16.0 0.0
62.0 18.0 0.0
62.0 20.0 0.0
62.0 22.0 0.0
62.0 24.0 0.01407424660390326
62.0 26.0 0.05450611591560131
62.0 28.0 0.138993138799986
62.0 30.0 0.2517396205612403
62.0 32.0 0.3708175930172362
62.0 34.0 0.4732187599656345
62.0 36.0 0.5106606716720373
62.0 38.0 0.5010802199476316
62.0 40.0 0.5214319586503975
62.0 42.0 0.5209126157542737
62.0 44.0 0.4892201197290147
62.0 46.0 0.4152186477644988
62.0 48.0 0.2861703472381446
62.0 50.0 0.11535297784036656
62.0 52.0 0.014786844973104294
62.0 54.0 0.0
62.0 56.0 0.0
62.0 58.0 0.0
62.0 60.0 0.0
62.0 62.0 0.0
62.0 64.0 0.0
62.0 66.0 0.0
62.0 68.0 0.0
62.0 70.0 0.0
62.0 72.0 0.0
62.0 74.0 0.0
62.0 76.0 0.0
62.0 78.0 0.0
62.0 80.0 0.008914297032903208
62.0 82.0 0.039661351284306305
62.0 84.0 0.10231227908979816
62.0 86.0 0.19262259731083256
62.0 88.0 0.2830751212975181
62.0 90.0 0.3581244999373949
62.0 92.0 0.406997739088532
62.0 94.0 0.4299951059900076
62.0 96.0 0.43351407459660835
62.0 98.0 0.4083080100977879
62.0 100.0 0.33973118298581784
62.0 102.0 0.21450894002390275
62.0 104.0 0.07457091405647902
62.0 106.0 0.010979933139833364
62.0 108.0 0.0
62.0 110.0 0.0
62.0 112.0 0.0
62.0 114.0 0.0
62.0 116.0 0.0
62.0 118.0 0.0
62.0 120.0 0.0
62.0 122.0 0.0
62.0 124.0 0.0
62.0 126.0 0.0
64.0 0.0 0.0
64.0 2.0 0.11780955376398285
64.0 4.0 0.1153717715347592
64.0 6.0 0.023458604466341043
64.0 8.0 0.0
64.0 10.0 0.0
64.0 12.0 0.0
64.0 14.0 0.0
64.0 16.0 0.0
64.0 18.0 0.0
64.0 20.0 0.0
64.0 22.0 0.0
64.0 24.0 0.0022546126452834287
64.0 26.0 0.027537047141569196
64.0 28.0 0.0992177346286122
64.0 30.0 0.2081233128969258
64.0 32.0 0.3242769895470827
64.0 34.0 0.41796287896932166
64.0 36.0 0.43041801973021854
64.0 38.0 0.47652089594674435
64.0 40.0 0.5025511019997165
64.0 42.0 0.5027267792656003
64.0 44.0 0.47177710541575135
64.0 46.0 0.3996822459744746
64.0 48.0 0.27293012583236687
64.0 50.0 0.10708625033448037
64.0 52.0 0.017527449492837254
64.0 54.0 0.0
64.0 56.0 0.0
64.0 58.0 0.0
64.0 60.0 0.0
64.0 62.0 0.0
64.0 64.0 0.0
64.0 66.0 0.0
64.0 68.0 0.0
64.0 70.0 0.0
64.0 72.0 0.0
64.0 74.0 0.0
64.0 76.0 0.0
64.0 78.0 0.0
64.0 80.0 0.014123135822300141
64.0 82.0 0.05827257975403164
64.0 84.0 0.13866557401394616
64.0 86.0 0.2395855313783826
64.0 88.0 0.3398174755766266
64.0 90.0 0.41343861624664835
64.0 92.0 0.456088330333316
64.0 94.0 0.47204126179965294
64.0 96.0 0.4728414414761615
64.0 98.0 0.45805340895051444
64.0 100.0 0.3899414000979616
64.0 102.0 0.2483991595297522
64.0 104.0 0.0950059850008359
64.0 106.0 0.016877104249618628
64.0 108.0 0.0
64.0 110.0 0.0
64.0 112.0 0.0
64.0 114.0 0.0
64.0 116.0 0.0
64.0 118.0 0.0
64.0 120.0 0.0
64.0 122.0 0.0
64.0 124.0 0.0
64.0 126.0 0.0
66.0 0.0 0.0
66.0 2.0 0.0803511037527599
66.0 4.0 0.13396436892307698
66.0 6.0 0.061949162793460445
66.0 8.0 0.0039712100540074185
66.0 10.0 0.0
66.0 12.0 0.0
66.0 14.0 0.0
66.0 16.0 0.0
66.0 18.0 0.0
66.0 20.0 0.0
66.0 22.0 0.0
66.0 24.0 0.0
66.0 26.0 0.006215868731054327
66.0 28.0 0.05414853860691016
66.0 30.0 0.1448271004150826
66.0 32.0 0.2431030084789688
66.0 34.0 0.2937380288519758
66.0 36.0 0.35911038906423737
66.0 38.0 0.40651501805216744
66.0 40.0 0.43334204280973276
66.0 42.0 0.43628480610668957
66.0 44.0 0.41121554596351667
66.0 46.0 0.35187955496773665
66.0 48.0 0.2512369877024258
66.0 50.0 0.1011749537807541
66.0 52.0 0.018437018203121252
66.0 54.0 0.0
66.0 56.0 0.0
66.0 58.0 0.0
66.0 60.0 0.0
66.0 62.0 0.0
66.0 64.0 0.0
66.0 66.0 0.0
66.0 68.0 0.0
66.0 70.0 0.0
66.0 72.0 0.0
66.0 74.0 0.0
66.0 76.0 0.0
66.0 78.0 0.0024466775815677883
66.0 80.0 0.024573680405091784
66.0 82.0 0.07796846887452587
66.0 84.0 0.16558906836345938
66.0 86.0 0.27797250325052125
66.0 88.0 0.38197742253102884
66.0 90.0 0.45191230614828726
66.0 92.0 0.49183295719773196
66.0 94.0 0.5051506459322419
66.0 96.0 0.4966883112777751
66.0 98.0 0.4830867061410164
66.0 100.0 0.43817470014348153
66.0 102.0 0.29463082094402737
66.0 104.0 0.12376745934177813
66.0 106.0 0.028281151333886295
66.0 108.0 0.0
66.0 110.0 0.0
66.0 112.0 0.0
66.0 114.0 0.0
66.0 116.0 0.0
66.0 118.0 0.0
66.0 120.0 0.0
66.0 122.0 0.0
66.0 124.0 0.0
66.0 126.0 0.0
68.0 0.0 0.0
68.0 2.0 0.05738950780034959
68.0 4.0 0.16982743572423264
68.0 6.0 0.116788849323108
68.0 8.0 0.0379631370374997
68.0 10.0 0.0011356445291582243
68.0 12.0 0.0
68.0 14.0 0.0
68.0 16.0 0.0
68.0 18.0 0.0
68.0 20.0 0.0
68.0 22.0 0.0
68.0 24.0 0.0
68.0 26.0 0.0
68.0 28.0 0.01855465052512859
68.0 30.0 0.07799579999078671
68.0 32.0 0.15162308244849856
68.0 34.0 0.21657203981174014
68.0 36.0 0.269831470326677
68.0 38.0 0.3114127948545799
68.0 40.0 0.3729347166815143
68.0 42.0 0.37568187464744
68.0 44.0 0.3588754169115886
68.0 46.0 0.31155201831853424
68.0 48.0 0.22398160997635694
68.0 50.0 0.09601262361690122
68.0 52.0 0.021251455882868187
68.0 54.0 0.0
68.0 56.0 0.0
68.0 58.0 0.0
68.0 60.0 0.0
68.0 62.0 0.0
68.0 64.0 0.0
68.0 66.0 0.0
68.0 68.0 0.0
68.0 70.0 0.0
68.0 72.0 0.0
68.0 74.0 0.0
68.0 76.0 0.0
68.0 78.0 4.899302650929969E-4
68.0 80.0 0.012482681756972128
68.0 82.0 0.07608533246740738
68.0 84.0 0.18762732806647964
68.0 86.0 0.31218433400825724
68.0 88.0 0.41483389110873015
68.0 90.0 0.4817654908552312
68.0 92.0 0.5191226140659232
68.0 94.0 0.5304903456655882
68.0 96.0 0.5185350575395302
68.0 98.0 0.483011260175573
68.0 100.0 0.4673339734594146
68.0 102.0 0.333029791458793
68.0 104.0 0.15707229197070904
68.0 106.0 0.04590375357753251
68.0 108.0 0.0
68.0 110.0 0.0
68.0 112.0 0.0
68.0 114.0 0.0
68.0 116.0 0.0
68.0 118.0 0.0
68.0 120.0 0.0
68.0 122.0 0.0
68.0 124.0 0.0
68.0 126.0 0.0
70.0 0.0 0.0
70.0 2.0 0.04457800118753998
70.0 4.0 0.20273640495059483
70.0 6.0 0.1633315539249715
70.0 8.0 0.09475870479647545
70.0 10.0 0.025595280284716675
70.0 12.0 0.0
70.0 14.0 0.0
70.0 16.0 0.0
70.0 18.0 0.0
70.0 20.0 0.0
70.0 22.0 0.0
70.0 24.0 0.0
70.0 26.0 0.0
70.0 28.0 6.562368653220465E-4
70.0 30.0 0.024866612817404887
70.0 32.0 0.09705613741456072
70.0 34.0 0.1467037745050195
70.0 36.0 0.1906316114991344
70.0 38.0 0.22805993595035368
70.0 40.0 0.2530378862592408
70.0 42.0 0.2610525872484031
70.0 44.0 0.25496488595022687
70.0 46.0 0.233454857756863
70.0 48.0 0.18558416028507826
70.0 50.0 0.09988889345998908
70.0 52.0 0.026728328768133875
70.0 54.0 0.0
70.0 56.0 0.0
70.0 58.0 0.0
70.0 60.0 0.0
70.0 62.0 0.0
70.0 64.0 0.0
70.0 66.0 0.0
70.0 68.0 0.0
70.0 70.0 0.0
70.0 72.0 0.0
70.0 74.0 0.0
70.0 76.0 0.0
70.0 78.0 0.0
70.0 80.0 0.01187210467070477
70.0 82.0 0.07887431531319432
70.0 84.0 0.1980518206116896
70.0 86.0 0.3326786990116651
70.0 88.0 0.4369600605453161
70.0 90.0 0.5040911759656448
70.0 92.0 0.5412671126797616
70.0 94.0 0.5536865588427623
70.0 96.0 0.5425461038017442
70.0 98.0 0.5075822928726148
70.0 100.0 0.468030811194522
70.0 102.0 0.40133428416005296
70.0 104.0 0.20896847047006004
70.0 106.0 0.07035403031990291
70.0 108.0 0.005281077830459477
70.0 110.0 0.0
70.0 112.0 0.0
70.0 114.0 0.0
70.0 116.0 0.0
70.0 118.0 0.0
70.0 120.0 0.0
70.0 122.0 0.0
70.0 124.0 0.0
70.0 126.0 0.0
72.0 0.0 0.0
72.0 2.0 0.04022800945885512
72.0 4.0 0.22509969243723074
72.0 6.0 0.20087624725615494
72.0 8.0 0.1432488993019158
72.0 10.0 0.0656940606767346
72.0 12.0 0.0
72.0 14.0 0.0
72.0 16.0 0.0
72.0 18.0 0.0
72.0 20.0 0.0
72.0 22.0 0.0
72.0 24.0 0.0
72.0 26.0 0.0
72.0 28.0 0.0
72.0 30.0 0.0035764578888061306
72.0 32.0 0.0538015094532853
72.0 34.0 0.0850612241562249
72.0 36.0 0.11397234678640332
72.0 38.0 0.130103002959652
72.0 40.0 0.13918655809091726
72.0 42.0 0.14660624228299524
72.0 44.0 0.15146399440938757
72.0 46.0 0.15549531416981147
72.0 48.0 0.14619198544610937
72.0 50.0 0.11356526462648048
72.0 52.0 0.04118101247686008
72.0 54.0 0.004386056430181726
72.0 56.0 0.0
72.0 58.0 0.0
72.0 60.0 0.0
72.0 62.0 0.0
72.0 64.0 0.0
72.0 66.0 0.0
72.0 68.0 0.0
72.0 70.0 0.0
72.0 72.0 0.0
72.0 74.0 0.0
72.0 76.0 0.0
72.0 78.0 0.0
72.0 80.0 0.00597382651441056
72.0 82.0 0.06640789312910304
72.0 84.0 0.18782713822873812
72.0 86.0 0.32965386721740964
72.0 88.0 0.4494679824803205
72.0 90.0 0.5219210581450335
72.0 92.0 0.5607152275678692
72.0 94.0 0.5760312827584738
72.0 96.0 0.5672290989586652
72.0 98.0 0.5317266303703746
72.0 100.0 0.4887748664039084
72.0 102.0 0.4004073711375474
72.0 104.0 0.24474443408942834
72.0 106.0 0.1027101079816659
72.0 108.0 0.019508798845536808
72.0 110.0 0.0
72.0 112.0 0.0
72.0 114.0 0.0
72.0 116.0 0.0
72.0 118.0 0.0
72.0 120.0 0.0
72.0 122.0 0.0
72.0 124.0 0.0
72.0 126.0 0.0
74.0 0.0 0.0
74.0 2.0 0.03803473935771976
74.0 4.0 0.24462464012835997
74.0 6.0 0.23504278097834178
74.0 8.0 0.18100823032971655
74.0 10.0 0.09688247471571503
74.0 12.0 9.155870118265013E-4
74.0 14.0 0.0
74.0 16.0 0.0
74.0 18.0 0.0
74.0 20.0 0.0
74.0 22.0 0.0
74.0 24.0 0.0
74.0 26.0 0.0
74.0 28.0 0.0
74.0 30.0 6.590380063961548E-4
74.0 32.0 0.006957827991001676
74.0 34.0 0.02049971583627749
74.0 36.0 0.035337376929431924
74.0 38.0 0.035839491235098664
74.0 40.0 0.03378601771730013
74.0 42.0 0.03663607437825344
74.0 44.0 0.0460409455378176
74.0 46.0 0.07617637518560645
74.0 48.0 0.09949138524522753
74.0 50.0 0.10888877888384262
74.0 52.0 0.09311363700658852
74.0 54.0 0.026545372632270154
74.0 56.0 4.923329673305074E-4
74.0 58.0 0.0
74.0 60.0 0.0
74.0 62.0 0.0
74.0 64.0 0.0
74.0 66.0 0.0
74.0 68.0 0.0
74.0 70.0 0.0
74.0 72.0 0.0
74.0 74.0 0.0
74.0 76.0 0.0
74.0 78.0 0.0
74.0 80.0 0.004781324419184254
74.0 82.0 0.05562711312237494
74.0 84.0 0.16886602427323236
74.0 86.0 0.3134912354964425
74.0 88.0 0.43808473373547957
74.0 90.0 0.5147392972239372
74.0 92.0 0.5569084976086432
74.0 94.0 0.5770622714433736
74.0 96.0 0.5727206920155318
74.0 98.0 0.5351063532964965
74.0 100.0 0.4963284759064501
74.0 102.0 0.429888458027411
74.0 104.0 0.304911857887505
74.0 106.0 0.14463595614938762
74.0 108.0 0.04069248774503969
74.0 110.0 0.0
74.0 112.0 0.0
74.0 114.0 0.0
74.0 116.0 0.0
74.0 118.0 0.0
74.0 120.0 0.0
74.0 122.0 0.0
74.0 124.0 0.0
74.0 126.0 0.0
76.0 0.0 0.0
76.0 2.0 0.03787301376475389
76.0 4.0 0.2704192504484995
76.0 6.0 0.27477364757796946
76.0 8.0 0.23486074808173937
76.0 10.0 0.13490798350399555
76.0 12.0 0.0082717866476584
76.0 14.0 0.0
76.0 16.0 0.0
76.0 18.0 0.0
76.0 20.0 0.0
76.0 22.0 0.0
76.0 24.0 0.0
76.0 26.0 0.0
76.0 28.0 0.0
76.0 30.0 0.0
76.0 32.0 0.0
76.0 34.0 0.0
76.0 36.0 0.0
76.0 38.0 0.0
76.0 40.0 0.0
76.0 42.0 0.0
76.0 44.0 0.0021394423697671636
76.0 46.0 0.023906366292630887
76.0 48.0 0.06394348449770693
76.0 50.0 0.13117333808740989
76.0 52.0 0.15074737177019526
76.0 54.0 0.11116969608696581
76.0 56.0 0.02897602930825681
76.0 58.0 0.0
76.0 60.0 0.0
76.0 62.0 0.0
76.0 64.0 0.0
76.0 66.0 0.0
76.0 68.0 0.0
76.0 70.0 0.0
76.0 72.0 0.0
76.0 74.0 0.0
76.0 76.0 0.0
76.0 78.0 0.0
76.0 80.0 0.005566745982117796
76.0 82.0 0.05043256587225566
76.0 84.0 0.1521170781943693
76.0 86.0 0.2787323461668994
76.0 88.0 0.4067568707854465
76.0 90.0 0.4924287362410536
76.0 92.0 0.539171374769542
76.0 94.0 0.5640092469311667
76.0 96.0 0.5662967424573147
76.0 98.0 0.518772028452177
76.0 100.0 0.4878196772802652
76.0 102.0 0.4417185965612789
76.0 104.0 0.34834254637415135
76.0 106.0 0.19385255230294754
76.0 108.0 0.0654162085233523
76.0 110.0 0.003793153186239005
76.0 112.0 0.0
76.0 114.0 0.0
76.0 116.0 0.0
76.0 118.0 0.0
76.0 120.0 0.0
76.0 122.0 0.0
76.0 124.0 0.0
76.0 126.0 0.0
78.0 0.0 0.0
78.0 2.0 0.0
78.0 4.0 0.16791846103933464
78.0 6.0 0.2784071252602512
78.0 8.0 0.26118133267586413
78.0 10.0 0.1648498211282546
78.0 12.0 0.034323926030401276
78.0 14.0 0.0
78.0 16.0 0.0
78.0 18.0 0.0
78.0 20.0 0.0
78.0 22.0 0.0
78.0 24.0 0.0
78.0 26.0 0.0
78.0 28.0 0.0
78.0 30.0 0.0
78.0 32.0 0.0
78.0 34.0 0.0
78.0 36.0 0.0
78.0 38.0 0.0
78.0 40.0 0.0
78.0 42.0 0.0
78.0 44.0 0.0
78.0 46.0 0.01159041184567747
78.0 48.0 0.07332058612743249
78.0 50.0 0.15539405349887206
78.0 52.0 0.2034371773174177
78.0 54.0 0.20295048224567047
78.0 56.0 0.14423808349893802
78.0 58.0 0.03678455889972251
78.0 60.0 0.0
78.0 62.0 0.0
78.0 64.0 0.0
78.0 66.0 0.0
78.0 68.0 0.0
78.0 70.0 0.0
78.0 72.0 0.0
78.0 74.0 0.0
78.0 76.0 0.0
78.0 78.0 0.0
78.0 80.0 0.0013201772759956433
78.0 82.0 0.033240741927932575
78.0 84.0 0.11723084198274071
78.0 86.0 0.22758125705583832
78.0 88.0 0.3642274068561618
78.0 90.0 0.46081045883300775
78.0 92.0 0.515528371222581
78.0 94.0 0.5466988039258177
78.0 96.0 0.518706103070958
78.0 98.0 0.4968861168140062
78.0 100.0 0.482704177313934
78.0 102.0 0.45007174970301506
78.0 104.0 0.38010601639226116
78.0 106.0 0.249896359812509
78.0 108.0 0.09583070836073583
78.0 110.0 0.015080047115530371
78.0 112.0 0.0
78.0 114.0 0.0
78.0 116.0 0.0
78.0 118.0 0.0
78.0 120.0 0.0
78.0 122.0 0.0
78.0 124.0 0.0
78.0 126.0 0.0
80.0 0.0 0.0
80.0 2.0 0.0
80.0 4.0 0.019213106646165375
80.0 6.0 0.31626250223339186
80.0 8.0 0.36261260680266694
80.0 10.0 0.2905406317882731
80.0 12.0 0.14588733904949155
80.0 14.0 0.025615940933238383
80.0 16.0 0.0
80.0 18.0 0.0
80.0 20.0 0.0
80.0 22.0 0.0
80.0 24.0 0.0
80.0 26.0 0.0
80.0 28.0 0.0
80.0 30.0 0.0
80.0 32.0 0.0
80.0 34.0 0.0
80.0 36.0 0.0
80.0 38.0 0.0
80.0 40.0 0.0
80.0 42.0 0.0
80.0 44.0 0.0
80.0 46.0 0.013229124137618654
80.0 48.0 0.09000960179518902
80.0 50.0 0.19841917279353968
80.0 52.0 0.25592739699320927
80.0 54.0 0.29651409036569887
80.0 56.0 0.2652309655897047
80.0 58.0 0.16854462870669087
80.0 60.0 0.03180967583245368
80.0 62.0 0.0
80.0 64.0 0.0
80.0 66.0 0.0
80.0 68.0 0.0
80.0 70.0 0.0
80.0 72.0 0.0
80.0 74.0 0.0
80.0 76.0 0.0
80.0 78.0 0.0
80.0 80.0 0.004639726426107156
80.0 82.0 0.03469150504860765
80.0 84.0 0.0724885820278849
80.0 86.0 0.1571696321001143
80.0 88.0 0.30052808022792177
80.0 90.0 0.4237448104210848
80.0 92.0 0.49557973171400765
80.0 94.0 0.4597709479449263
80.0 96.0 0.4673312728613022
80.0 98.0 0.47177637394727073
80.0 100.0 0.4645197886613477
80.0 102.0 0.4431100706278614
80.0 104.0 0.392467607173995
80.0 106.0 0.2880042477427929
80.0 108.0 0.1291033931214815
80.0 110.0 0.028450020334992526
80.0 112.0 0.0
80.0 114.0 0.0
80.0 116.0 0.0
80.0 118.0 0.0
80.0 120.0 0.0
80.0 122.0 0.0
80.0 124.0 0.0
80.0 126.0 0.0
82.0 0.0 0.0
82.0 2.0 0.0
82.0 4.0 0.06346014453665284
82.0 6.0 0.455551678900797
82.0 8.0 0.4482781295063214
82.0 10.0 0.3732509257302898
82.0 12.0 0.2534334175173028
82.0 14.0 0.07596266676855457
82.0 16.0 0.003009383101189504
82.0 18.0 0.0
82.0 20.0 0.0
82.0 22.0 0.0
82.0 24.0 0.0
82.0 26.0 0.0
82.0 28.0 0.0
82.0 30.0 0.0
82.0 32.0 0.0
82.0 34.0 0.0
82.0 36.0 0.0
82.0 38.0 0.0
82.0 40.0 0.0
82.0 42.0 0.0
82.0 44.0 0.0
82.0 46.0 0.040147751156644554
82.0 48.0 0.13538580340323025
82.0 50.0 0.24051786759199978
82.0 52.0 0.338210700595553
82.0 54.0 0.3889569673055327
82.0 56.0 0.3703008369169425
82.0 58.0 0.28790926866594496
82.0 60.0 0.1329096074031322
82.0 62.0 0.028944063100088752
82.0 64.0 0.0
82.0 66.0 0.0
82.0 68.0 0.0
82.0 70.0 0.0
82.0 72.0 0.0
82.0 74.0 0.0
82.0 76.0 0.0
82.0 78.0 0.0
82.0 80.0 0.0012775377462731835
82.0 82.0 0.015224286227583877
82.0 84.0 0.038496237467143826
82.0 86.0 0.08261872961931242
82.0 88.0 0.17012833801426241
82.0 90.0 0.2967957021079984
82.0 92.0 0.38482437963347
82.0 94.0 0.3666690559715948
82.0 96.0 0.3953492037903725
82.0 98.0 0.41647265338666867
82.0 100.0 0.4266670497051159
82.0 102.0 0.42109035575726356
82.0 104.0 0.3890920702641332
82.0 106.0 0.30689538044421916
82.0 108.0 0.15966116661632024
82.0 110.0 0.03907266786764111
82.0 112.0 0.0
82.0 114.0 0.0
82.0 116.0 0.0
82.0 118.0 0.0
82.0 120.0 0.0
82.0 122.0 0.0
82.0 124.0 0.0
82.0 126.0 0.0
84.0 0.0 0.0
84.0 2.0 0.0
84.0 4.0 0.14928803585802297
84.0 6.0 0.509672911194519
84.0 8.0 0.4554338067267645
84.0 10.0 0.3976368475010064
84.0 12.0 0.3158172937036996
84.0 14.0 0.17514329645052884
84.0 16.0 0.03510228499389501
84.0 18.0 0.0
84.0 20.0 0.0
84.0 22.0 0.0
84.0 24.0 0.0
84.0 26.0 0.0
84.0 28.0 0.0
84.0 30.0 0.0
84.0 32.0 0.0
84.0 34.0 0.0
84.0 36.0 0.0
84.0 38.0 0.0
84.0 40.0 0.0
84.0 42.0 0.0
84.0 44.0 0.01180333388252113
84.0 46.0 0.06565512086833077
84.0 48.0 0.18617947369656151
84.0 50.0 0.29324843997957534
84.0 52.0 0.4022084431924302
84.0 54.0 0.45959101640333194
84.0 56.0 0.4408410027217648
84.0 58.0 0.3125212911705895
84.0 60.0 0.20702693030580163
84.0 62.0 0.08750265777270733
84.0 64.0 0.008382768526243374
84.0 66.0 0.0
84.0 68.0 0.0
84.0 70.0 0.0
84.0 72.0 0.0
84.0 74.0 0.0
84.0 76.0 0.0
84.0 78.0 0.0
84.0 80.0 0.0
84.0 82.0 0.001275628434086824
84.0 84.0 0.007641311112627056
84.0 86.0 0.01857617770418585
84.0 88.0 0.049682470027947616
84.0 90.0 0.12308467190012871
84.0 92.0 0.20561879402582595
84.0 94.0 0.2638748102469633
84.0 96.0 0.27091658407414615
84.0 98.0 0.311204569122421
84.0 100.0 0.3458900332097927
84.0 102.0 0.3654762308558515
84.0 104.0 0.356083281167979
84.0 106.0 0.2999626054402779
84.0 108.0 0.18066467691478494
84.0 110.0 0.04828493515261875
84.0 112.0 2.1415510814701765E-4
84.0 114.0 0.0
84.0 116.0 0.0
84.0 118.0 0.0
84.0 120.0 0.0
84.0 122.0 0.0
84.0 124.0 0.0
84.0 126.0 0.0
86.0 0.0 0.0
86.0 2.0 0.0
86.0 4.0 0.0
86.0 6.0 0.16374112722953277
86.0 8.0 0.4568483008385298
86.0 10.0 0.4316219438905728
86.0 12.0 0.36691987509573737
86.0 14.0 0.2558275284716958
86.0 16.0 0.08829757444247986
86.0 18.0 0.006148873680838993
86.0 20.0 0.0
86.0 22.0 0.0
86.0 24.0 0.0
86.0 26.0 0.0
86.0 28.0 0.0
86.0 30.0 0.0
86.0 32.0 0.0
86.0 34.0 0.0
86.0 36.0 0.0
86.0 38.0 0.0
86.0 40.0 0.0
86.0 42.0 0.0
86.0 44.0 0.02675259470771259
86.0 46.0 0.10336140808251437
86.0 48.0 0.2494389721907125
86.0 50.0 0.35227681508745284
86.0 52.0 0.4404490692668199
86.0 54.0 0.4882083665169623
86.0 56.0 0.4715616185530715
86.0 58.0 0.3522046559001894
86.0 60.0 0.24405272666765973
86.0 62.0 0.1263856158078333
86.0 64.0 0.025630963482783636
86.0 66.0 0.0
86.0 68.0 0.0
86.0 70.0 0.0
86.0 72.0 0.0
86.0 74.0 0.0
86.0 76.0 0.0
86.0 78.0 0.0
86.0 80.0 0.0
86.0 82.0 0.0
86.0 84.0 0.0
86.0 86.0 0.0
86.0 88.0 0.005695437833787849
86.0 90.0 0.03280659343549124
86.0 92.0 0.06886362449468102
86.0 94.0 0.11397539012113415
86.0 96.0 0.16098380089389772
86.0 98.0 0.20325855247096106
86.0 100.0 0.24322108183808247
86.0 102.0 0.2817322806891756
86.0 104.0 0.29552375309452533
86.0 106.0 0.2777559476337616
86.0 108.0 0.1771493942491277
86.0 110.0 0.04793595339186844
86.0 112.0 0.0013885785424605148
86.0 114.0 0.0
86.0 116.0 0.0
86.0 118.0 0.0
86.0 120.0 0.0
86.0 122.0 0.0
86.0 124.0 0.0
86.0 126.0 0.0
88.0 0.0 0.0
88.0 2.0 0.0
88.0 4.0 0.0
88.0 6.0 0.26685841445834496
88.0 8.0 0.48003388498719796
88.0 10.0 0.44997301208878654
88.0 12.0 0.38706447222254164
88.0 14.0 0.2873406253950602
88.0 16.0 0.13029796053852286
88.0 18.0 0.014739572232117299
88.0 20.0 0.0
88.0 22.0 0.0
88.0 24.0 0.0
88.0 26.0 0.0
88.0 28.0 0.0
88.0 30.0 0.0
88.0 32.0 0.0
88.0 34.0 0.0
88.0 36.0 0.0
88.0 38.0 0.0
88.0 40.0 0.0
88.0 42.0 0.0167821081429896
88.0 44.0 0.07058906654017026
88.0 46.0 0.18450829447003514
88.0 48.0 0.28634615022595594
88.0 50.0 0.3833503553963777
88.0 52.0 0.4685497404480994
88.0 54.0 0.496884902583597
88.0 56.0 0.474500687585131
88.0 58.0 0.4128059809547209
88.0 60.0 0.29465693802288023
88.0 62.0 0.1496598947486253
88.0 64.0 0.042920124899789615
88.0 66.0 0.001513460395495633
88.0 68.0 0.0
88.0 70.0 0.0
88.0 72.0 0.0
88.0 74.0 0.0
88.0 76.0 0.0
88.0 78.0 0.0
88.0 80.0 0.0
88.0 82.0 0.0
88.0 84.0 0.0
88.0 86.0 0.0
88.0 88.0 0.0
88.0 90.0 0.0
88.0 92.0 0.009822382242936138
88.0 94.0 0.02105458826148837
88.0 96.0 0.04541515152527467
88.0 98.0 0.09038513784800807
88.0 100.0 0.13245080305041165
88.0 102.0 0.17131407154437514
88.0 104.0 0.19590121819605358
88.0 106.0 0.19274417126054766
88.0 108.0 0.13781661267348053
88.0 110.0 0.038110726948065776
88.0 112.0 2.234170909863612E-4
88.0 114.0 0.0
88.0 116.0 0.0
88.0 118.0 0.0
88.0 120.0 0.0
88.0 122.0 0.0
88.0 124.0 0.0
88.0 126.0 0.0
90.0 0.0 0.0
90.0 2.0 0.0
90.0 4.0 0.0
90.0 6.0 0.3707347882908654
90.0 8.0 0.4941112780635954
90.0 10.0 0.46710024041502857
90.0 12.0 0.40556203768552085
90.0 14.0 0.31008120067945905
90.0 16.0 0.1567860611383947
90.0 18.0 0.023445000186205905
90.0 20.0 0.0
90.0 22.0 0.0
90.0 24.0 0.0
90.0 26.0 0.0
90.0 28.0 0.0
90.0 30.0 0.0
90.0 32.0 0.0
90.0 34.0 0.0
90.0 36.0 0.0
90.0 38.0 0.0
90.0 40.0 0.0026436116584092795
90.0 42.0 0.041445123059578835
90.0 44.0 0.11383576119058077
90.0 46.0 0.21597365959244
90.0 48.0 0.3120192983368508
90.0 50.0 0.3872516565217739
90.0 52.0 0.4328277128149525
90.0 54.0 0.44903816959239334
90.0 56.0 0.43541547667608915
90.0 58.0 0.386667529897256
90.0 60.0 0.28719363237985923
90.0 62.0 0.1578313179091683
90.0 64.0 0.044209157334695444
90.0 66.0 0.0019325568125624834
90.0 68.0 0.0
90.0 70.0 0.0
90.0 72.0 0.0
90.0 74.0 0.0
90.0 76.0 0.0
90.0 78.0 0.0
90.0 80.0 0.0
90.0 82.0 0.0
90.0 84.0 0.0
90.0 86.0 0.0
90.0 88.0 0.0
90.0 90.0 0.0
90.0 92.0 0.0
90.0 94.0 0.0
90.0 96.0 0.0040534412418810895
90.0 98.0 0.014248064255757571
90.0 100.0 0.016939092915280604
90.0 102.0 0.024345085297518387
90.0 104.0 0.04933985175926156
90.0 106.0 0.07729408113623758
90.0 108.0 0.06364789556254753
90.0 110.0 0.016258206462199613
90.0 112.0 0.0
90.0 114.0 0.0
90.0 116.0 0.0
90.0 118.0 0.0
90.0 120.0 0.0
90.0 122.0 0.0
90.0 124.0 0.0
90.0 126.0 0.0
92.0 0.0 0.0
92.0 2.0 0.0
92.0 4.0 0.0
92.0 6.0 0.0
92.0 8.0 0.38573475458018525
92.0 10.0 0.47481541421136586
92.0 12.0 0.43048293081087247
92.0 14.0 0.3521591126955486
92.0 16.0 0.2253928080043018
92.0 18.0 0.046315476823379054
92.0 20.0 0.0
92.0 22.0 0.0
92.0 24.0 0.0
92.0 26.0 0.0
92.0 28.0 0.0
92.0 30.0 0.0
92.0 32.0 0.0
92.0 34.0 0.0
92.0 36.0 0.0
92.0 38.0 0.0
92.0 40.0 0.03148157061326436
92.0 42.0 0.11502447884650274
92.0 44.0 0.21946127065106336
92.0 46.0 0.30898127271440945
92.0 48.0 0.3841224357493614
92.0 50.0 0.436506025459956
92.0 52.0 0.4613756480980729
92.0 54.0 0.443721301210457
92.0 56.0 0.40230285764061285
92.0 58.0 0.3355339093889574
92.0 60.0 0.24949730814343032
92.0 62.0 0.1441457616090513
92.0 64.0 0.043093584987717065
92.0 66.0 0.002532242441232836
92.0 68.0 0.0
92.0 70.0 0.0
92.0 72.0 0.0
92.0 74.0 0.0
92.0 76.0 0.0
92.0 78.0 0.0
92.0 80.0 0.0
92.0 82.0 0.0
92.0 84.0 0.0
92.0 86.0 0.0
92.0 88.0 0.0
92.0 90.0 0.0
92.0 92.0 0.0
92.0 94.0 0.0
92.0 96.0 0.0
92.0 98.0 0.0
92.0 100.0 0.0
92.0 102.0 0.0
92.0 104.0 0.0
92.0 106.0 0.0
92.0 108.0 0.0
92.0 110.0 0.0
92.0 112.0 0.0
92.0 114.0 0.0
92.0 116.0 0.0
92.0 118.0 0.0
92.0 120.0 0.02929737863239969
92.0 122.0 0.0
92.0 124.0 0.0
92.0 126.0 0.0
94.0 0.0 0.0
94.0 2.0 0.0
94.0 4.0 0.0
94.0 6.0 0.0
94.0 8.0 0.4291319409077861
94.0 10.0 0.49316444755968075
94.0 12.0 0.44209609080322226
94.0 14.0 0.3581542621128191
94.0 16.0 0.228940865746914
94.0 18.0 0.050475322048018745
94.0 20.0 0.0
94.0 22.0 0.0
94.0 24.0 0.0
94.0 26.0 0.0
94.0 28.0 0.0
94.0 30.0 0.0
94.0 32.0 0.0
94.0 34.0 0.0
94.0 36.0 0.0
94.0 38.0 0.02019910663035917
94.0 40.0 0.10588203002993402
94.0 42.0 0.2356344291295194
94.0 44.0 0.35417946850735244
94.0 46.0 0.440840931480031
94.0 48.0 0.48572768108767694
94.0 50.0 0.4709041685274797
94.0 52.0 0.4463539201896916
94.0 54.0 0.4157848286018786
94.0 56.0 0.3622315230440936
94.0 58.0 0.2945862133290119
94.0 60.0 0.20768181596535448
94.0 62.0 0.10360189869246715
94.0 64.0 0.02921665024875121
94.0 66.0 3.748808138483619E-4
94.0 68.0 0.0
94.0 70.0 0.0
94.0 72.0 0.0
94.0 74.0 0.0
94.0 76.0 0.0
94.0 78.0 0.0
94.0 80.0 0.0
94.0 82.0 0.0
94.0 84.0 0.0
94.0 86.0 0.0
94.0 88.0 0.0
94.0 90.0 0.0
94.0 92.0 0.0
94.0 94.0 0.0
94.0 96.0 0.0
94.0 98.0 0.0
94.0 100.0 0.0
94.0 102.0 0.0
94.0 104.0 0.0
94.0 106.0 0.0
94.0 108.0 0.0
94.0 110.0 0.0
94.0 112.0 0.0
94.0 114.0 0.0
94.0 116.0 0.007222697755701557
94.0 118.0 0.03840599778459639
94.0 120.0 0.0
94.0 122.0 0.0
94.0 124.0 0.0
94.0 126.0 0.0
96.0 0.0 0.0
96.0 2.0 0.0
96.0 4.0 0.0
96.0 6.0 0.0
96.0 8.0 0.0
96.0 10.0 0.4197719084573545
96.0 12.0 0.4691125966446387
96.0 14.0 0.39167214439847053
96.0 16.0 0.2699198087422543
96.0 18.0 0.08595498295203507
96.0 20.0 0.002053888505297139
96.0 22.0 0.0
96.0 24.0 0.0
96.0 26.0 0.0
96.0 28.0 0.0
96.0 30.0 0.0
96.0 32.0 0.0
96.0 34.0 0.0
96.0 36.0 0.011429524801026237
96.0 38.0 0.08157991042522443
96.0 40.0 0.21431809034756963
96.0 42.0 0.3495425854330638
96.0 44.0 0.4439160762095995
96.0 46.0 0.4978079836083256
96.0 48.0 0.5014621709739875
96.0 50.0 0.4538238251326567
96.0 52.0 0.4109081600157463
96.0 54.0 0.36691976857098174
96.0 56.0 0.3049532907856102
96.0 58.0 0.2273133362712355
96.0 60.0 0.13409531138348832
96.0 62.0 0.05043788261027496
96.0 64.0 0.009816974041191761
96.0 66.0 0.0
96.0 68.0 0.0
96.0 70.0 0.0
96.0 72.0 0.0
96.0 74.0 0.0
96.0 76.0 0.0
96.0 78.0 0.0
96.0 80.0 0.0
96.0 82.0 0.0
96.0 84.0 0.0
96.0 86.0 0.0
96.0 88.0 0.0
96.0 90.0 0.0
96.0 92.0 0.0
96.0 94.0 0.0
96.0 96.0 0.0
96.0 98.0 0.0
96.0 100.0 0.0
96.0 102.0 0.0
96.0 104.0 0.0
96.0 106.0 0.0
96.0 108.0 0.0
96.0 110.0 0.0
96.0 112.0 0.0
96.0 114.0 0.0
96.0 116.0 0.017873852350813808
96.0 118.0 0.06702605657407455
96.0 120.0 0.0
96.0 122.0 0.0
96.0 124.0 0.0
96.0 126.0 0.0
98.0 0.0 0.0
98.0 2.0 0.0
98.0 4.0 0.0
98.0 6.0 0.0
98.0 8.0 0.0
98.0 10.0 0.0
98.0 12.0 0.4282286235526997
98.0 14.0 0.414398493316033
98.0 16.0 0.3118622388047697
98.0 18.0 0.14258460801737527
98.0 20.0 0.009198931390195883
98.0 22.0 0.0
98.0 24.0 0.0
98.0 26.0 0.0
98.0 28.0 0.0
98.0 30.0 0.0
98.0 32.0 0.0
98.0 34.0 0.00218906271935551
98.0 36.0 0.05569218368217762
98.0 38.0 0.16324719024692214
98.0 40.0 0.31220812163635175
98.0 42.0 0.427836585860307
98.0 44.0 0.48700738268657423
98.0 46.0 0.5098241722894846
98.0 48.0 0.47841752199287435
98.0 50.0 0.4009316609842617
98.0 52.0 0.35652300492898253
98.0 54.0 0.29700935400122525
98.0 56.0 0.21641687107533106
98.0 58.0 0.12084579208272346
98.0 60.0 0.04808090537978976
98.0 62.0 0.009921325065442707
98.0 64.0 0.0
98.0 66.0 0.0
98.0 68.0 0.0
98.0 70.0 0.0
98.0 72.0 0.0
98.0 74.0 0.0
98.0 76.0 0.0
98.0 78.0 0.0
98.0 80.0 0.0
98.0 82.0 0.0
98.0 84.0 5.857464288482442E-4
98.0 86.0 0.00450051385430208
98.0 88.0 0.0
98.0 90.0 0.0
98.0 92.0 0.0
98.0 94.0 0.0
98.0 96.0 0.0
98.0 98.0 0.0
98.0 100.0 0.0
98.0 102.0 0.0
98.0 104.0 0.0
98.0 106.0 0.0
98.0 108.0 0.0
98.0 110.0 0.0
98.0 112.0 0.0
98.0 114.0 0.0
98.0 116.0 0.00668461123929217
98.0 118.0 0.0
98.0 120.0 0.0
98.0 122.0 0.0
98.0 124.0 0.0
98.0 126.0 0.0
100.0 0.0 0.0
100.0 2.0 0.0
100.0 4.0 0.0
100.0 6.0 0.0
100.0 8.0 0.0
100.0 10.0 0.0
100.0 12.0 0.39967242380320056
100.0 14.0 0.4220825011061584
100.0 16.0 0.3085235418983195
100.0 18.0 0.12718006651234146
100.0 20.0 0.004032195043559021
100.0 22.0 0.0
100.0 24.0 0.0
100.0 26.0 0.0
100.0 28.0 0.0
100.0 30.0 0.0
100.0 32.0 0.0
100.0 34.0 0.009220943197289576
100.0 36.0 0.09529936595672829
100.0 38.0 0.24166945214978863
100.0 40.0 0.38450630081313514
100.0 42.0 0.4699590528413217
100.0 44.0 0.49944350059300374
100.0 46.0 0.4951460731476192
100.0 48.0 0.4308186687796067
100.0 50.0 0.34061717843487194
100.0 52.0 0.2826477946458549
100.0 54.0 0.20424031332993667
100.0 56.0 0.1037985444442739
100.0 58.0 0.03508197193949892
100.0 60.0 0.003905740514832221
100.0 62.0 0.0
100.0 64.0 0.0
100.0 66.0 0.0
100.0 68.0 0.0
100.0 70.0 0.0
100.0 72.0 0.0
100.0 74.0 0.0
100.0 76.0 0.0
100.0 78.0 0.0
100.0 80.0 0.0031583095648204784
100.0 82.0 0.03959185994635302
100.0 84.0 0.06527701735569874
100.0 86.0 0.0642853113716315
100.0 88.0 0.03231626706799961
100.0 90.0 8.861397559388812E-4
100.0 92.0 0.0
100.0 94.0 0.0
100.0 96.0 0.0
100.0 98.0 0.0
100.0 100.0 0.0
100.0 102.0 0.0
100.0 104.0 0.0
100.0 106.0 0.0
100.0 108.0 0.0
100.0 110.0 0.0
100.0 112.0 0.0
100.0 114.0 0.0
100.0 116.0 0.0
100.0 118.0 0.0
100.0 120.0 0.0
100.0 122.0 0.0
100.0 124.0 0.0
100.0 126.0 0.0
102.0 0.0 0.0
102.0 2.0 0.0
102.0 4.0 0.0
102.0 6.0 0.0
102.0 8.0 0.0
102.0 10.0 0.0
102.0 12.0 0.0
102.0 14.0 0.31340995758381635
102.0 16.0 0.3533089062562038
102.0 18.0 0.1817373486362177
102.0 20.0 0.015669227363657137
102.0 22.0 0.0
102.0 24.0 0.0
102.0 26.0 0.0
102.0 28.0 0.0
102.0 30.0 0.0
102.0 32.0 0.0
102.0 34.0 0.04001839833951567
102.0 36.0 0.15389389753778396
102.0 38.0 0.2989965235435812
102.0 40.0 0.42967163963245825
102.0 42.0 0.48741541698098717
102.0 44.0 0.49228115287129753
102.0 46.0 0.47119715446356936
102.0 48.0 0.37812079784650804
102.0 50.0 0.2852481612352839
102.0 52.0 0.2100794829689756
102.0 54.0 0.1135321976244113
102.0 56.0 0.03636127882753699
102.0 58.0 0.003410359786156006
102.0 60.0 0.0
102.0 62.0 0.0
102.0 64.0 0.0
102.0 66.0 0.0
102.0 68.0 0.0
102.0 70.0 0.0
102.0 72.0 0.0
102.0 74.0 0.0
102.0 76.0 0.0
102.0 78.0 0.0
102.0 80.0 0.017909371627533966
102.0 82.0 0.11062951312967483
102.0 84.0 0.13428583677829856
102.0 86.0 0.12806852005666294
102.0 88.0 0.09689298622184091
102.0 90.0 0.031506938870227985
102.0 92.0 0.002202878324105005
102.0 94.0 0.0
102.0 96.0 0.0
102.0 98.0 0.0
102.0 100.0 0.0
102.0 102.0 0.0
102.0 104.0 0.0
102.0 106.0 0.0
102.0 108.0 0.0
102.0 110.0 0.0
102.0 112.0 0.0
102.0 114.0 0.0
102.0 116.0 0.0
102.0 118.0 0.0
102.0 120.0 0.0
102.0 122.0 0.0
102.0 124.0 0.0
102.0 126.0 0.0
104.0 0.0 0.0
104.0 2.0 0.0
104.0 4.0 0.0
104.0 6.0 0.0
104.0 8.0 0.0
104.0 10.0 0.0
104.0 12.0 0.0
104.0 14.0 0.0
104.0 16.0 0.13495403878256593
104.0 18.0 0.17094618592029706
104.0 20.0 0.019317233710517228
104.0 22.0 0.0
104.0 24.0 0.0
104.0 26.0 0.0
104.0 28.0 0.0
104.0 30.0 0.0
104.0 32.0 0.0
104.0 34.0 0.06092505999672113
104.0 36.0 0.1869033694396619
104.0 38.0 0.3387686694900283
104.0 40.0 0.45376782229184176
104.0 42.0 0.48829820450462996
104.0 44.0 0.4766769008139741
104.0 46.0 0.4406737806192676
104.0 48.0 0.33093432777747034
104.0 50.0 0.23121885274673284
104.0 52.0 0.14196508485792217
104.0 54.0 0.05013595284015974
104.0 56.0 0.007904035359155468
104.0 58.0 0.0
104.0 60.0 0.0
104.0 62.0 0.0
104.0 64.0 0.0
104.0 66.0 0.0
104.0 68.0 0.0
104.0 70.0 0.0
104.0 72.0 0.0
104.0 74.0 0.0
104.0 76.0 0.0
104.0 78.0 0.003990129244789216
104.0 80.0 0.08907362926134416
104.0 82.0 0.16818611896847416
104.0 84.0 0.19464138119026617
104.0 86.0 0.1822700678140021
104.0 88.0 0.16909339159525813
104.0 90.0 0.07622704536315401
104.0 92.0 0.01954213100472349
104.0 94.0 0.0
104.0 96.0 0.0
104.0 98.0 0.0
104.0 100.0 0.0
104.0 102.0 0.0
104.0 104.0 0.0
104.0 106.0 0.0
104.0 108.0 0.0
104.0 110.0 0.0
104.0 112.0 0.0
104.0 114.0 0.0
104.0 116.0 0.0
104.0 118.0 0.0
104.0 120.0 0.0
104.0 122.0 0.0
104.0 124.0 0.0
104.0 126.0 0.0
106.0 0.0 0.0
106.0 2.0 0.0
106.0 4.0 0.0
106.0 6.0 0.0
106.0 8.0 0.0
106.0 10.0 0.0
106.0 12.0 0.0
106.0 14.0 0.0
106.0 16.0 0.0
106.0 18.0 0.0
106.0 20.0 0.0
106.0 22.0 0.0
106.0 24.0 0.0
106.0 26.0 0.0
106.0 28.0 0.0
106.0 30.0 0.0
106.0 32.0 0.0
106.0 34.0 0.051663885398348736
106.0 36.0 0.20094519192533453
106.0 38.0 0.36193893908371805
106.0 40.0 0.4612659775923001
106.0 42.0 0.47828157057372805
106.0 44.0 0.45266122729342734
106.0 46.0 0.4054850357445023
106.0 48.0 0.27907456855278906
106.0 50.0 0.1812506138132158
106.0 52.0 0.08686303403785194
106.0 54.0 0.021443428901463692
106.0 56.0 0.0
106.0 58.0 0.0
106.0 60.0 0.0
106.0 62.0 0.0
106.0 64.0 0.0
106.0 66.0 0.0
106.0 68.0 0.0
106.0 70.0 0.0
106.0 72.0 0.0
106.0 74.0 0.0
106.0 76.0 0.0
106.0 78.0 0.056049593551570305
106.0 80.0 0.15853708970781918
106.0 82.0 0.20978083973641773
106.0 84.0 0.23921411420638225
106.0 86.0 0.2231955833214582
106.0 88.0 0.21689937742897694
106.0 90.0 0.13033323002815836
106.0 92.0 0.04126827922487987
106.0 94.0 0.0
106.0 96.0 0.0
106.0 98.0 0.0
106.0 100.0 0.0
106.0 102.0 0.0
106.0 104.0 0.0
106.0 106.0 0.0
106.0 108.0 0.0
106.0 110.0 0.0
106.0 112.0 0.0
106.0 114.0 0.0
106.0 116.0 0.0
106.0 118.0 0.0
106.0 120.0 0.0
106.0 122.0 0.0
106.0 124.0 0.0
106.0 126.0 0.0
108.0 0.0 0.0
108.0 2.0 0.0
108.0 4.0 0.0
108.0 6.0 0.0
108.0 8.0 0.0
108.0 10.0 0.0
108.0 12.0 0.0
108.0 14.0 0.0
108.0 16.0 0.0
108.0 18.0 0.0
108.0 20.0 0.0
108.0 22.0 0.0
108.0 24.0 0.0
108.0 26.0 0.0
108.0 28.0 0.0
108.0 30.0 0.0
108.0 32.0 0.0
108.0 34.0 0.029734956378556675
108.0 36.0 0.1731366710748027
108.0 38.0 0.32596788275498106
108.0 40.0 0.42569670007894483
108.0 42.0 0.443730840192966
108.0 44.0 0.4157215259167056
108.0 46.0 0.36296890207091553
108.0 48.0 0.2763687752360956
108.0 50.0 0.13827729684506077
108.0 52.0 0.04751815757773504
108.0 54.0 0.009472915092556832
108.0 56.0 0.0
108.0 58.0 0.0
108.0 60.0 0.0
108.0 62.0 0.0
108.0 64.0 0.0
108.0 66.0 0.0
108.0 68.0 0.0
108.0 70.0 0.0
108.0 72.0 5.204714097109919E-4
108.0 74.0 0.012443784629483477
108.0 76.0 0.04819989692500024
108.0 78.0 0.1288837328612307
108.0 80.0 0.2208421357625151
108.0 82.0 0.2514500788974429
108.0 84.0 0.2708470266494847
108.0 86.0 0.25486105149354527
108.0 88.0 0.24457229070885764
108.0 90.0 0.18668240857384277
108.0 92.0 0.06253477039049046
108.0 94.0 0.005885187261445049
108.0 96.0 0.0
108.0 98.0 0.0
108.0 100.0 0.0
108.0 102.0 0.0
108.0 104.0 0.0
108.0 106.0 0.0
108.0 108.0 0.0
108.0 110.0 0.0
108.0 112.0 0.0
108.0 114.0 0.0
108.0 116.0 0.0
108.0 118.0 0.0
108.0 120.0 0.0
108.0 122.0 0.0
108.0 124.0 0.0
108.0 126.0 0.0
110.0 0.0 0.0
110.0 2.0 0.0
110.0 4.0 0.0
110.0 6.0 0.0
110.0 8.0 0.0
110.0 10.0 0.0
110.0 12.0 0.0
110.0 14.0 0.0
110.0 16.0 0.0
110.0 18.0 0.0
110.0 20.0 0.0
110.0 22.0 0.0
110.0 24.0 0.0
110.0 26.0 0.0
110.0 28.0 0.0
110.0 30.0 0.0
110.0 32.0 0.0
110.0 34.0 0.004695416483670278
110.0 36.0 0.1551643660208108
110.0 38.0 0.32951849614021117
110.0 40.0 0.3918335928300964
110.0 42.0 0.4105273328883216
110.0 44.0 0.38118861111260954
110.0 46.0 0.3239076243537545
110.0 48.0 0.22872422685990879
110.0 50.0 0.09133628897932396
110.0 52.0 0.01788000785584341
110.0 54.0 0.002738806047378448
110.0 56.0 0.0
110.0 58.0 0.0
110.0 60.0 0.0
110.0 62.0 0.0
110.0 64.0 0.0
110.0 66.0 0.0
110.0 68.0 0.0
110.0 70.0 0.0
110.0 72.0 0.011190692293769391
110.0 74.0 0.04640129429313078
110.0 76.0 0.08257236935604718
110.0 78.0 0.15515605768480473
110.0 80.0 0.24653710248753527
110.0 82.0 0.2820769138255808
110.0 84.0 0.2837814578693499
110.0 86.0 0.2735901393900762
110.0 88.0 0.25937178797739774
110.0 90.0 0.21942993348478668
110.0 92.0 0.08941839679542322
110.0 94.0 0.01665896462847508
110.0 96.0 0.0
110.0 98.0 0.0
110.0 100.0 0.0
110.0 102.0 0.0
110.0 104.0 0.0
110.0 106.0 0.0
110.0 108.0 0.0
110.0 110.0 0.0
110.0 112.0 0.0
110.0 114.0 0.0
110.0 116.0 0.0
110.0 118.0 0.0
110.0 120.0 0.0
110.0 122.0 0.0
110.0 124.0 0.0
110.0 126.0 0.0
112.0 0.0 0.0
112.0 2.0 0.0
112.0 4.0 0.0
112.0 6.0 0.0
112.0 8.0 0.0
112.0 10.0 0.0
112.0 12.0 0.0
112.0 14.0 0.0
112.0 16.0 0.0
112.0 18.0 0.0
112.0 20.0 0.0
112.0 22.0 0.0
112.0 24.0 0.0
112.0 26.0 0.0
112.0 28.0 0.0
112.0 30.0 0.0
112.0 32.0 0.0
112.0 34.0 0.0
112.0 36.0 0.07240816554962
112.0 38.0 0.234546678039009
112.0 40.0 0.3287488313936426
112.0 42.0 0.36024411446242594
112.0 44.0 0.3366977468156236
112.0 46.0 0.2822152129309931
112.0 48.0 0.18906652414998518
112.0 50.0 0.06351189568931082
112.0 52.0 0.005240783853816586
112.0 54.0 0.0
112.0 56.0 0.0
112.0 58.0 0.0
112.0 60.0 0.0
112.0 62.0 0.0
112.0 64.0 0.0
112.0 66.0 0.0
112.0 68.0 0.0
112.0 70.0 0.0
112.0 72.0 0.02108043820222398
112.0 74.0 0.057894486920075976
112.0 76.0 0.08646635075086956
112.0 78.0 0.14518056954938055
112.0 80.0 0.24442410486980568
112.0 82.0 0.2958561461001301
112.0 84.0 0.29730300159705425
112.0 86.0 0.28693421731955465
112.0 88.0 0.25302115619441085
112.0 90.0 0.23307121144072074
112.0 92.0 0.1270706460893688
112.0 94.0 0.026446621181307122
112.0 96.0 0.0
112.0 98.0 0.0
112.0 100.0 0.0
112.0 102.0 0.0
112.0 104.0 0.0
112.0 106.0 0.0
112.0 108.0 0.0
112.0 110.0 0.0
112.0 112.0 0.0
112.0 114.0 0.0
112.0 116.0 0.0
112.0 118.0 0.0
112.0 120.0 0.0
112.0 122.0 0.0
112.0 124.0 0.0
112.0 126.0 0.0
114.0 0.0 0.0
114.0 2.0 0.0
114.0 4.0 0.0
114.0 6.0 0.0
114.0 8.0 0.0
114.0 10.0 0.0
114.0 12.0 0.0
114.0 14.0 0.0
114.0 16.0 0.0
114.0 18.0 0.0
114.0 20.0 0.0
114.0 22.0 0.0
114.0 24.0 0.0
114.0 26.0 0.0
114.0 28.0 0.0
114.0 30.0 0.0
114.0 32.0 0.0
114.0 34.0 0.0
114.0 36.0 0.020011235520399493
114.0 38.0 0.154958408556284
114.0 40.0 0.26343734732448715
114.0 42.0 0.30961241979156845
114.0 44.0 0.29432180657612816
114.0 46.0 0.2446442392072253
114.0 48.0 0.15889676887952256
114.0 50.0 0.0447821883074149
114.0 52.0 8.849988732807238E-4
114.0 54.0 0.0
114.0 56.0 0.0
114.0 58.0 0.0
114.0 60.0 0.0
114.0 62.0 0.0
114.0 64.0 0.0
114.0 66.0 0.0
114.0 68.0 0.0
114.0 70.0 0.0
114.0 72.0 0.011362821087799973
114.0 74.0 0.049410889127200604
114.0 76.0 0.08078062598972138
114.0 78.0 0.11735447233576611
114.0 80.0 0.20964770430055676
114.0 82.0 0.27786526151069474
114.0 84.0 0.29425582996506533
114.0 86.0 0.29035834077619405
114.0 88.0 0.26161172329109533
114.0 90.0 0.24210841822913112
114.0 92.0 0.16644504651571548
114.0 94.0 0.0431585838261817
114.0 96.0 0.0
114.0 98.0 0.0
114.0 100.0 0.0
114.0 102.0 0.0
114.0 104.0 0.0
114.0 106.0 0.0
114.0 108.0 0.0
114.0 110.0 0.0
114.0 112.0 0.0
114.0 114.0 0.0
114.0 116.0 0.0
114.0 118.0 0.0
114.0 120.0 0.0
114.0 122.0 0.0
114.0 124.0 0.0
114.0 126.0 0.0
116.0 0.0 0.0
116.0 2.0 0.0
116.0 4.0 0.0
116.0 6.0 0.0
116.0 8.0 0.0
116.0 10.0 0.0
116.0 12.0 0.0
116.0 14.0 0.0
116.0 16.0 0.0
116.0 18.0 0.0
116.0 20.0 0.0
116.0 22.0 0.0
116.0 24.0 0.0
116.0 26.0 0.0
116.0 28.0 0.0
116.0 30.0 0.0
116.0 32.0 0.0
116.0 34.0 0.0
116.0 36.0 0.0
116.0 38.0 0.07022405575452094
116.0 40.0 0.20047229031048483
116.0 42.0 0.25779963305607384
116.0 44.0 0.2515662115574918
116.0 46.0 0.20751396185312573
116.0 48.0 0.12950468525705283
116.0 50.0 0.030072767765123933
116.0 52.0 0.0
116.0 54.0 0.0
116.0 56.0 0.0
116.0 58.0 0.0
116.0 60.0 0.0
116.0 62.0 0.0
116.0 64.0 0.0
116.0 66.0 0.0
116.0 68.0 0.0
116.0 70.0 0.0
116.0 72.0 1.6267032422096243E-5
116.0 74.0 0.019208860871213335
116.0 76.0 0.055646620657653495
116.0 78.0 0.09501123599937382
116.0 80.0 0.16277073977756198
116.0 82.0 0.24509258210664756
116.0 84.0 0.28628183653121925
116.0 86.0 0.2866510019442488
116.0 88.0 0.2660835754891964
116.0 90.0 0.2511485826287058
116.0 92.0 0.203057496418568
116.0 94.0 0.07201924256397058
116.0 96.0 0.007340037176289671
116.0 98.0 0.0
116.0 100.0 0.0
116.0 102.0 0.0
116.0 104.0 0.0
116.0 106.0 0.0
116.0 108.0 0.0
116.0 110.0 0.0
116.0 112.0 0.0
116.0 114.0 0.0
116.0 116.0 0.0
116.0 118.0 0.0
116.0 120.0 0.0
116.0 122.0 0.0
116.0 124.0 0.0
116.0 126.0 0.0
118.0 0.0 0.0
118.0 2.0 0.0
118.0 4.0 0.0
118.0 6.0 0.0
118.0 8.0 0.0
118.0 10.0 0.0
118.0 12.0 0.0
118.0 14.0 0.0
118.0 16.0 0.0
118.0 18.0 0.0
118.0 20.0 0.0
118.0 22.0 0.0
118.0 24.0 0.0
118.0 26.0 0.0
118.0 28.0 0.0
118.0 30.0 0.0
118.0 32.0 0.0
118.0 34.0 0.0
118.0 36.0 0.0
118.0 38.0 3.7362027293534123E-4
118.0 40.0 0.0900810087276203
118.0 42.0 0.17011664438999827
118.0 44.0 0.19569252732746892
118.0 46.0 0.16810374476499831
118.0 48.0 0.10497586595149605
118.0 50.0 0.02115514264508705
118.0 52.0 0.0
118.0 54.0 0.0
118.0 56.0 0.0
118.0 58.0 0.0
118.0 60.0 0.0
118.0 62.0 0.0
118.0 64.0 0.0
118.0 66.0 0.0
118.0 68.0 0.0
118.0 70.0 0.0
118.0 72.0 0.0
118.0 74.0 0.006242857605649053
118.0 76.0 0.030828964525826574
118.0 78.0 0.07563590162876124
118.0 80.0 0.12950187767418836
118.0 82.0 0.21180196160584175
118.0 84.0 0.27342753078038146
118.0 86.0 0.2830496754350927
118.0 88.0 0.26955273818092623
118.0 90.0 0.2589924039973082
118.0 92.0 0.23171919507709737
118.0 94.0 0.14472350701440337
118.0 96.0 0.03508004992144385
118.0 98.0 0.0
118.0 100.0 0.0
118.0 102.0 0.0
118.0 104.0 0.0
118.0 106.0 0.0
118.0 108.0 0.0
118.0 110.0 0.0
118.0 112.0 0.0
118.0 114.0 0.0
118.0 116.0 0.0
118.0 118.0 0.0
118.0 120.0 0.0
118.0 122.0 0.0
118.0 124.0 0.0
118.0 126.0 0.0
120.0 0.0 0.0
120.0 2.0 0.0
120.0 4.0 0.0
120.0 6.0 0.0
120.0 8.0 0.0
120.0 10.0 0.0
120.0 12.0 0.0
120.0 14.0 0.0
120.0 16.0 0.0
120.0 18.0 0.0
120.0 20.0 0.0
120.0 22.0 0.0
120.0 24.0 0.0
120.0 26.0 0.0
120.0 28.0 0.0
120.0 30.0 0.0
120.0 32.0 0.0
120.0 34.0 0.0
120.0 36.0 0.0
120.0 38.0 0.0
120.0 40.0 0.0
120.0 42.0 0.05447107027847861
120.0 44.0 0.10864133569906742
120.0 46.0 0.11268889499267216
120.0 48.0 0.06569350330040542
120.0 50.0 0.007096790783560393
120.0 52.0 0.0
120.0 54.0 0.0
120.0 56.0 0.0
120.0 58.0 0.0
120.0 60.0 0.0
120.0 62.0 0.0
120.0 64.0 0.0
120.0 66.0 0.0
120.0 68.0 0.0
120.0 70.0 0.0
120.0 72.0 0.0
120.0 74.0 5.122498578174204E-4
120.0 76.0 0.015568463492361927
120.0 78.0 0.05015698819161496
120.0 80.0 0.11053220482967718
120.0 82.0 0.1901058993735173
120.0 84.0 0.25465686677212285
120.0 86.0 0.28081549219076024
120.0 88.0 0.27312964531709066
120.0 90.0 0.25266092955369357
120.0 92.0 0.24340773989016995
120.0 94.0 0.0
120.0 96.0 0.0
120.0 98.0 0.0
120.0 100.0 0.0
120.0 102.0 0.0
120.0 104.0 0.0
120.0 106.0 0.0
120.0 108.0 0.0
120.0 110.0 0.0
120.0 112.0 0.0
120.0 114.0 0.0
120.0 116.0 0.0
120.0 118.0 0.0
120.0 120.0 0.0
120.0 122.0 0.0
120.0 124.0 0.0
120.0 126.0 0.0
122.0 0.0 0.0
122.0 2.0 0.0
122.0 4.0 0.0
122.0 6.0 0.0
122.0 8.0 0.0
122.0 10.0 0.0
122.0 12.0 0.0
122.0 14.0 0.0
122.0 16.0 0.0
122.0 18.0 0.0
122.0 20.0 0.0
122.0 22.0 0.0
122.0 24.0 0.0
122.0 26.0 0.0
122.0 28.0 0.0
122.0 30.0 0.0
122.0 32.0 0.0
122.0 34.0 0.0
122.0 36.0 0.0
122.0 38.0 0.0
122.0 40.0 0.0770655472350554
122.0 42.0 0.00358925134319521
122.0 44.0 0.02829310076815557
122.0 46.0 0.04085065074648694
122.0 48.0 0.024418340521325858
122.0 50.0 5.205956016159939E-5
122.0 52.0 0.0
122.0 54.0 0.0
122.0 56.0 0.0
122.0 58.0 0.0
122.0 60.0 0.0
122.0 62.0 0.0
122.0 64.0 0.0
122.0 66.0 0.0
122.0 68.0 0.0
122.0 70.0 0.0
122.0 72.0 0.0
122.0 74.0 0.0
122.0 76.0 0.007881809617954639
122.0 78.0 0.03385069729968595
122.0 80.0 0.09726694863377044
122.0 82.0 0.17518994746089592
122.0 84.0 0.24298819720263123
122.0 86.0 0.27603662528834955
122.0 88.0 0.2740840581803861
122.0 90.0 0.0
122.0 92.0 0.0
122.0 94.0 0.0
122.0 96.0 0.0
122.0 98.0 0.0
122.0 100.0 0.0
122.0 102.0 0.0
122.0 104.0 0.0
122.0 106.0 0.0
122.0 108.0 0.0
122.0 110.0 0.0
122.0 112.0 0.0
122.0 114.0 0.0
122.0 116.0 0.0
122.0 118.0 0.0
122.0 120.0 0.0
122.0 122.0 0.0
122.0 124.0 0.0
122.0 126.0 0.0
124.0 0.0 0.0
124.0 2.0 0.0
124.0 4.0 0.0
124.0 6.0 0.0
124.0 8.0 0.0
124.0 10.0 0.0
124.0 12.0 0.0
124.0 14.0 0.0
124.0 16.0 0.0
124.0 18.0 0.0
124.0 20.0 0.0
124.0 22.0 0.0
124.0 24.0 0.0
124.0 26.0 0.0
124.0 28.0 0.0
124.0 30.0 0.0
124.0 32.0 0.0
124.0 34.0 0.0
124.0 36.0 0.0
124.0 38.0 0.0
124.0 40.0 0.0
124.0 42.0 0.0
124.0 44.0 0.0
124.0 46.0 0.14576911961422145
124.0 48.0 0.03920552247746495
124.0 50.0 0.013447688624869183
124.0 52.0 0.0
124.0 54.0 0.0
124.0 56.0 0.0
124.0 58.0 0.0
124.0 60.0 0.0
124.0 62.0 0.0
124.0 64.0 0.0
124.0 66.0 0.0
124.0 68.0 0.0
124.0 70.0 0.0
124.0 72.0 0.0
124.0 74.0 0.0
124.0 76.0 0.0033921363800048926
124.0 78.0 0.018206494609103528
124.0 80.0 0.08380979384698095
124.0 82.0 0.17264979692181545
124.0 84.0 0.0
124.0 86.0 0.0
124.0 88.0 0.0
124.0 90.0 0.0
124.0 92.0 0.0
124.0 94.0 0.0
124.0 96.0 0.0
124.0 98.0 0.0
124.0 100.0 0.0
124.0 102.0 0.0
124.0 104.0 0.0
124.0 106.0 0.0
124.0 108.0 0.0
124.0 110.0 0.0
124.0 112.0 0.0
124.0 114.0 0.0
124.0 116.0 0.0
124.0 118.0 0.0
124.0 120.0 0.0
124.0 122.0 0.0
124.0 124.0 0.0
124.0 126.0 0.0
126.0 0.0 0.0
126.0 2.0 0.0
126.0 4.0 0.0
126.0 6.0 0.0
126.0 8.0 0.0
126.0 10.0 0.0
126.0 12.0 0.0
126.0 14.0 0.0
126.0 16.0 0.0
126.0 18.0 0.0
126.0 20.0 0.0
126.0 22.0 0.0
126.0 24.0 0.0
126.0 26.0 0.0
126.0 28.0 0.0
126.0 30.0 0.0
126.0 32.0 0.0
126.0 34.0 0.0
126.0 36.0 0.0
126.0 38.0 0.0
126.0 40.0 0.0
126.0 42.0 0.0
126.0 44.0 0.0
126.0 46.0 0.0
126.0 48.0 0.0
126.0 50.0 0.0
126.0 52.0 0.0
126.0 54.0 0.08966717128578204
126.0 56.0 0.0
126.0 58.0 0.006791933804619177
126.0 60.0 0.0
126.0 62.0 0.0
126.0 64.0 2.8863190225990646E-4
126.0 66.0 0.003289205424399838
126.0 68.0 0.0
126.0 70.0 0.0
126.0 72.0 0.0
126.0 74.0 0.0
126.0 76.0 0.0
126.0 78.0 0.0
126.0 80.0 0.0
126.0 82.0 0.0
126.0 84.0 0.0
126.0 86.0 0.0
126.0 88.0 0.0
126.0 90.0 0.0
126.0 92.0 0.0
126.0 94.0 0.0
126.0 96.0 0.0
126.0 98.0 0.0
126.0 100.0 0.0
126.0 102.0 0.0
126.0 104.0 0.0
126.0 106.0 0.0
126.0 108.0 0.0
126.0 110.0 0.0
126.0 112.0 0.0
126.0 114.0 0.0
126.0 116.0 0.0
126.0 118.0 0.0
126.0 120.0 0.0
126.0 122.0 0.0
126.0 124.0 0.0
126.0 126.0 0.0
