0.0 0.0 0.0
0.0 2.0 0.0
0.0 4.0 0.0
0.0 6.0 0.0
0.0 8.0 0.0
0.0 10.0 0.0
0.0 12.0 0.0
0.0 14.0 0.0
0.0 16.0 0.0
0.0 18.0 0.0
0.0 20.0 0.0
0.0 22.0 0.0
0.0 24.0 0.0
0.0 26.0 0.0
0.0 28.0 0.0
0.0 30.0 0.0
0.0 32.0 0.0
0.0 34.0 0.0
0.0 36.0 0.0
0.0 38.0 0.0
0.0 40.0 0.0
0.0 42.0 0.0
0.0 44.0 0.0
0.0 46.0 0.0
0.0 48.0 0.0
0.0 50.0 0.0
0.0 52.0 0.0
0.0 54.0 0.0
0.0 56.0 0.0
0.0 58.0 0.0
0.0 60.0 0.0
0.0 62.0 0.0
0.0 64.0 0.0
0.0 66.0 0.0
0.0 68.0 0.0
0.0 70.0 0.0
0.0 72.0 0.0
0.0 74.0 0.0
0.0 76.0 0.0
0.0 78.0 0.0
0.0 80.0 0.0
0.0 82.0 0.0
0.0 84.0 0.0
0.0 86.0 0.0
0.0 88.0 0.0
0.0 90.0 0.0
0.0 92.0 0.0
0.0 94.0 0.0
0.0 96.0 0.0
0.0 98.0 0.0
0.0 100.0 0.0
0.0 102.0 0.0
0.0 104.0 0.0
0.0 106.0 0.0
0.0 108.0 0.0
0.0 110.0 0.0
0.0 112.0 0.0
0.0 114.0 0.0
0.0 116.0 0.0
0.0 118.0 0.0
0.0 120.0 0.0
0.0 122.0 0.0
0.0 124.0 0.0
0.0 126.0 0.0
2.0 0.0 0.0
2.0 2.0 0.0
2.0 4.0 0.0
2.0 6.0 0.0
2.0 8.0 0.0
2.0 10.0 0.0
2.0 12.0 0.0
2.0 14.0 0.0
2.0 16.0 0.0
2.0 18.0 0.0
2.0 20.0 0.0
2.0 22.0 0.0
2.0 24.0 0.0
2.0 26.0 0.0
2.0 28.0 0.0
2.0 30.0 0.0
2.0 32.0 0.0
2.0 34.0 0.0
2.0 36.0 0.0
2.0 38.0 0.0
2.0 40.0 0.0
2.0 42.0 0.0
2.0 44.0 0.0
2.0 46.0 0.0
2.0 48.0 0.15194192916478882
2.0 50.0 0.21293876147012744
2.0 52.0 0.2397354050563101
2.0 54.0 0.27726829609244064
2.0 56.0 0.3481634067801454
2.0 58.0 0.3584120267960113
2.0 60.0 0.28289748433358214
2.0 62.0 0.14312619199901064
2.0 64.0 0.01880097419628381
2.0 66.0 0.0
2.0 68.0 0.0
2.0 70.0 0.0
2.0 72.0 0.0
2.0 74.0 0.0
2.0 76.0 0.0
2.0 78.0 0.0
2.0 80.0 0.0
2.0 82.0 0.0
2.0 84.0 0.0
2.0 86.0 0.0
2.0 88.0 0.0
2.0 90.0 0.0
2.0 92.0 0.0
2.0 94.0 0.0
2.0 96.0 0.0
2.0 98.0 0.0
2.0 100.0 0.0
2.0 102.0 0.0
2.0 104.0 0.0
2.0 106.0 0.0
2.0 108.0 0.0
2.0 110.0 0.0
2.0 112.0 0.0
2.0 114.0 0.0
2.0 116.0 0.0
2.0 118.0 0.0
2.0 120.0 0.0
2.0 122.0 0.0
2.0 124.0 0.0
2.0 126.0 0.0
4.0 0.0 0.0
4.0 2.0 0.0
4.0 4.0 0.0
4.0 6.0 0.0
4.0 8.0 0.0
4.0 10.0 0.0
4.0 12.0 0.0
4.0 14.0 0.0
4.0 16.0 0.0
4.0 18.0 0.0
4.0 20.0 0.0
4.0 22.0 0.0
4.0 24.0 0.0
4.0 26.0 0.0
4.0 28.0 0.0
4.0 30.0 0.0
4.0 32.0 0.0
4.0 34.0 0.0
4.0 36.0 0.0
4.0 38.0 0.0
4.0 40.0 0.0
4.0 42.0 0.0
4.0 44.0 0.05856734147981213
4.0 46.0 0.10056171051863146
4.0 48.0 0.15276168552334993
4.0 50.0 0.20390463625850438
4.0 52.0 0.27984982795005015
4.0 54.0 0.3537653772206291
4.0 56.0 0.35719767495963833
4.0 58.0 0.32116199049343425
4.0 60.0 0.20869858443301226
4.0 62.0 0.0676627990554343
4.0 64.0 0.014004295434369199
4.0 66.0 0.0
4.0 68.0 0.0
4.0 70.0 0.0
4.0 72.0 0.0
4.0 74.0 0.0
4.0 76.0 0.0
4.0 78.0 0.0
4.0 80.0 0.0
4.0 82.0 0.0
4.0 84.0 0.03981742264182496
4.0 86.0 0.0
4.0 88.0 0.0
4.0 90.0 0.0
4.0 92.0 0.0
4.0 94.0 0.0
4.0 96.0 0.0
4.0 98.0 0.0
4.0 100.0 0.0
4.0 102.0 0.0
4.0 104.0 0.0
4.0 106.0 0.0
4.0 108.0 0.0
4.0 110.0 0.0
4.0 112.0 0.0
4.0 114.0 0.0
4.0 116.0 0.0
4.0 118.0 0.0
4.0 120.0 0.0
4.0 122.0 0.0
4.0 124.0 0.0
4.0 126.0 0.0
6.0 0.0 0.0
6.0 2.0 0.0
6.0 4.0 0.0
6.0 6.0 0.0
6.0 8.0 0.0
6.0 10.0 0.0
6.0 12.0 0.0
6.0 14.0 0.0
6.0 16.0 0.0
6.0 18.0 0.0
6.0 20.0 0.0
6.0 22.0 0.0
6.0 24.0 0.0
6.0 26.0 0.0
6.0 28.0 0.0
6.0 30.0 0.0
6.0 32.0 0.0
6.0 34.0 0.0
6.0 36.0 0.0
6.0 38.0 0.1551856031504484
6.0 40.0 0.09041102015108232
6.0 42.0 0.07136031196567358
6.0 44.0 0.08610814755176598
6.0 46.0 0.12640521180440098
6.0 48.0 0.1850088626241826
6.0 50.0 0.24940992359488398
6.0 52.0 0.32637092103838095
6.0 54.0 0.399331980454029
6.0 56.0 0.41073152635636895
6.0 58.0 0.36243493793385145
6.0 60.0 0.23851224989561273
6.0 62.0 0.08580459011822346
6.0 64.0 0.01948648657814483
6.0 66.0 0.0
6.0 68.0 0.0
6.0 70.0 0.0
6.0 72.0 0.0
6.0 74.0 0.0
6.0 76.0 0.0
6.0 78.0 0.0
6.0 80.0 0.0
6.0 82.0 0.0
6.0 84.0 0.016158853208543236
6.0 86.0 0.1386477825834944
6.0 88.0 0.3470574194865134
6.0 90.0 0.5352307745344019
6.0 92.0 0.0
6.0 94.0 0.0
6.0 96.0 0.0
6.0 98.0 0.0
6.0 100.0 0.0
6.0 102.0 0.0
6.0 104.0 0.0
6.0 106.0 0.0
6.0 108.0 0.0
6.0 110.0 0.0
6.0 112.0 0.0
6.0 114.0 0.0
6.0 116.0 0.0
6.0 118.0 0.0
6.0 120.0 0.0
6.0 122.0 0.0
6.0 124.0 0.0
6.0 126.0 0.0
8.0 0.0 0.0
8.0 2.0 0.0
8.0 4.0 0.0
8.0 6.0 0.0
8.0 8.0 0.0
8.0 10.0 0.0
8.0 12.0 0.0
8.0 14.0 0.0
8.0 16.0 0.0
8.0 18.0 0.0
8.0 20.0 0.0
8.0 22.0 0.0
8.0 24.0 0.0
8.0 26.0 0.0
8.0 28.0 0.0
8.0 30.0 0.0
8.0 32.0 0.0
8.0 34.0 0.3861026751791357
8.0 36.0 0.028419478823863364
8.0 38.0 0.0011774855499402006
8.0 40.0 0.0
8.0 42.0 0.0
8.0 44.0 0.026280083222995927
8.0 46.0 0.09634819864743384
8.0 48.0 0.18824933423132387
8.0 50.0 0.28609832406817753
8.0 52.0 0.37015903719938376
8.0 54.0 0.4309954321595559
8.0 56.0 0.450306421109749
8.0 58.0 0.4018962178190586
8.0 60.0 0.2796443820007355
8.0 62.0 0.114850039123136
8.0 64.0 0.026144132305347928
8.0 66.0 0.0
8.0 68.0 0.0
8.0 70.0 0.0
8.0 72.0 0.0
8.0 74.0 0.0
8.0 76.0 0.0
8.0 78.0 0.0
8.0 80.0 0.0
8.0 82.0 0.0
8.0 84.0 0.002329365798058637
8.0 86.0 0.09399096614500385
8.0 88.0 0.30177478353602355
8.0 90.0 0.5196884143446663
8.0 92.0 0.5766946041214956
8.0 94.0 0.5806652176916814
8.0 96.0 0.0
8.0 98.0 0.0
8.0 100.0 0.0
8.0 102.0 0.0
8.0 104.0 0.0
8.0 106.0 0.0
8.0 108.0 0.0
8.0 110.0 0.0
8.0 112.0 0.0
8.0 114.0 0.0
8.0 116.0 0.0
8.0 118.0 0.0
8.0 120.0 0.0
8.0 122.0 0.0
8.0 124.0 0.0
8.0 126.0 0.0
10.0 0.0 0.0
10.0 2.0 0.0
10.0 4.0 0.0
10.0 6.0 0.0
10.0 8.0 0.0
10.0 10.0 0.0
10.0 12.0 0.0
10.0 14.0 0.0
10.0 16.0 0.0
10.0 18.0 0.0
10.0 20.0 0.0
10.0 22.0 0.0
10.0 24.0 0.0
10.0 26.0 0.0
10.0 28.0 0.0
10.0 30.0 0.3289928533500734
10.0 32.0 0.0
10.0 34.0 0.0
10.0 36.0 0.0
10.0 38.0 0.0
10.0 40.0 0.0
10.0 42.0 0.0
10.0 44.0 0.009015819466892089
10.0 46.0 0.08286084176987858
10.0 48.0 0.18909085133197642
10.0 50.0 0.3095430541543503
10.0 52.0 0.41138879319005434
10.0 54.0 0.4689473876510612
10.0 56.0 0.48800980532091587
10.0 58.0 0.4388983808851639
10.0 60.0 0.3207247106602232
10.0 62.0 0.14875027292984477
10.0 64.0 0.03187619954474049
10.0 66.0 0.004615638581683452
10.0 68.0 0.0
10.0 70.0 0.0
10.0 72.0 0.0
10.0 74.0 0.0
10.0 76.0 0.0
10.0 78.0 0.0
10.0 80.0 0.0
10.0 82.0 0.0
10.0 84.0 0.0
10.0 86.0 0.06245727753737767
10.0 88.0 0.2659580390796737
10.0 90.0 0.48075511346690075
10.0 92.0 0.5593590754327393
10.0 94.0 0.5766564489844678
10.0 96.0 0.5501216024935839
10.0 98.0 0.0
10.0 100.0 0.0
10.0 102.0 0.0
10.0 104.0 0.0
10.0 106.0 0.0
10.0 108.0 0.0
10.0 110.0 0.0
10.0 112.0 0.0
10.0 114.0 0.0
10.0 116.0 0.0
10.0 118.0 0.0
10.0 120.0 0.0
10.0 122.0 0.0
10.0 124.0 0.0
10.0 126.0 0.0
12.0 0.0 0.0
12.0 2.0 0.0
12.0 4.0 0.0
12.0 6.0 0.0
12.0 8.0 0.0
12.0 10.0 0.0
12.0 12.0 0.0
12.0 14.0 0.0
12.0 16.0 0.0
12.0 18.0 0.0
12.0 20.0 0.0
12.0 22.0 0.0
12.0 24.0 0.0
12.0 26.0 0.0
12.0 28.0 0.23307064376254008
12.0 30.0 0.0
12.0 32.0 0.0
12.0 34.0 0.0
12.0 36.0 0.0
12.0 38.0 0.0
12.0 40.0 0.0
12.0 42.0 0.0
12.0 44.0 0.0018832682060806948
12.0 46.0 0.07174389373186635
12.0 48.0 0.18822820382090844
12.0 50.0 0.3231107434854094
12.0 52.0 0.4404113372376736
12.0 54.0 0.5037158261423118
12.0 56.0 0.5234140237387576
12.0 58.0 0.47285451426043035
12.0 60.0 0.3608048566077093
12.0 62.0 0.1939700030242324
12.0 64.0 0.05337574697642194
12.0 66.0 0.0064826622867929715
12.0 68.0 0.0
12.0 70.0 0.0
12.0 72.0 0.0
12.0 74.0 0.0
12.0 76.0 0.0
12.0 78.0 0.0
12.0 80.0 0.0
12.0 82.0 0.0
12.0 84.0 0.0
12.0 86.0 0.0486169489650476
12.0 88.0 0.2155420036819861
12.0 90.0 0.4702964530062226
12.0 92.0 0.5578807229415285
12.0 94.0 0.5854065849406386
12.0 96.0 0.565383643163004
12.0 98.0 0.495440353220201
12.0 100.0 0.3602713445440792
12.0 102.0 0.0
12.0 104.0 0.0
12.0 106.0 0.0
12.0 108.0 0.0
12.0 110.0 0.0
12.0 112.0 0.0
12.0 114.0 0.0
12.0 116.0 0.0
12.0 118.0 0.0
12.0 120.0 0.0
12.0 122.0 0.0
12.0 124.0 0.0
12.0 126.0 0.0
14.0 0.0 0.0
14.0 2.0 0.0
14.0 4.0 0.0
14.0 6.0 0.0
14.0 8.0 0.0
14.0 10.0 0.0
14.0 12.0 0.0
14.0 14.0 0.0
14.0 16.0 0.0
14.0 18.0 0.0
14.0 20.0 0.0
14.0 22.0 0.0
14.0 24.0 0.08054768373793997
14.0 26.0 0.0
14.0 28.0 0.0
14.0 30.0 0.0
14.0 32.0 0.0
14.0 34.0 0.0
14.0 36.0 0.0
14.0 38.0 0.0
14.0 40.0 0.0
14.0 42.0 0.0
14.0 44.0 0.0
14.0 46.0 0.04803813308109587
14.0 48.0 0.17844922220280876
14.0 50.0 0.3198025017516472
14.0 52.0 0.4321563098888996
14.0 54.0 0.5038184773283069
14.0 56.0 0.5356236696405138
14.0 58.0 0.4978747085606932
14.0 60.0 0.3964936805775998
14.0 62.0 0.2358691117645394
14.0 64.0 0.07584503473183254
14.0 66.0 0.010496136155331624
14.0 68.0 0.0
14.0 70.0 0.0
14.0 72.0 0.0
14.0 74.0 0.0
14.0 76.0 0.0
14.0 78.0 0.0
14.0 80.0 0.0
14.0 82.0 0.0
14.0 84.0 0.0
14.0 86.0 0.030802004917457586
14.0 88.0 0.19351894086488855
14.0 90.0 0.45224960951333554
14.0 92.0 0.5523961629712367
14.0 94.0 0.5875172601882183
14.0 96.0 0.5701260735430694
14.0 98.0 0.5034530828385984
14.0 100.0 0.37497326731523417
14.0 102.0 0.19169081566115734
14.0 104.0 0.0
14.0 106.0 0.0
14.0 108.0 0.0
14.0 110.0 0.0
14.0 112.0 0.0
14.0 114.0 0.0
14.0 116.0 0.0
14.0 118.0 0.0
14.0 120.0 0.0
14.0 122.0 0.0
14.0 124.0 0.0
14.0 126.0 0.0
16.0 0.0 0.0
16.0 2.0 0.0
16.0 4.0 0.0
16.0 6.0 0.0
16.0 8.0 0.0
16.0 10.0 0.0
16.0 12.0 0.0
16.0 14.0 0.0
16.0 16.0 0.0
16.0 18.0 0.0
16.0 20.0 0.0
16.0 22.0 0.02710418777506672
16.0 24.0 0.0
16.0 26.0 0.0
16.0 28.0 0.0
16.0 30.0 0.0
16.0 32.0 0.0
16.0 34.0 0.0
16.0 36.0 0.0
16.0 38.0 0.0
16.0 40.0 0.0
16.0 42.0 0.0
16.0 44.0 0.0
16.0 46.0 0.06136336300283827
16.0 48.0 0.18919997911093836
16.0 50.0 0.3365342900831503
16.0 52.0 0.455615311749293
16.0 54.0 0.495732513168673
16.0 56.0 0.5238524025950849
16.0 58.0 0.511571296373442
16.0 60.0 0.4283745980837177
16.0 62.0 0.27777835096218045
16.0 64.0 0.10023331257838053
16.0 66.0 0.013926674765253284
16.0 68.0 0.0
16.0 70.0 0.0
16.0 72.0 0.0
16.0 74.0 0.0
16.0 76.0 0.0
16.0 78.0 0.0
16.0 80.0 0.0
16.0 82.0 0.0
16.0 84.0 0.0
16.0 86.0 0.018680147236818493
16.0 88.0 0.19357320738669645
16.0 90.0 0.3900851686352465
16.0 92.0 0.4998634510688586
16.0 94.0 0.5431150271393314
16.0 96.0 0.5397120534459235
16.0 98.0 0.4847458791510931
16.0 100.0 0.37317571569980384
16.0 102.0 0.19766592772159033
16.0 104.0 0.055284529843166036
16.0 106.0 0.0
16.0 108.0 0.0
16.0 110.0 0.0
16.0 112.0 0.0
16.0 114.0 0.0
16.0 116.0 0.0
16.0 118.0 0.0
16.0 120.0 0.0
16.0 122.0 0.0
16.0 124.0 0.0
16.0 126.0 0.0
18.0 0.0 0.0
18.0 2.0 0.0
18.0 4.0 0.0
18.0 6.0 0.0
18.0 8.0 0.0
18.0 10.0 0.0
18.0 12.0 0.0
18.0 14.0 0.0
18.0 16.0 0.0
18.0 18.0 0.0
18.0 20.0 0.0
18.0 22.0 0.0
18.0 24.0 0.0
18.0 26.0 0.0
18.0 28.0 0.0
18.0 30.0 0.0
18.0 32.0 0.0
18.0 34.0 0.0
18.0 36.0 0.0
18.0 38.0 0.0
18.0 40.0 0.0
18.0 42.0 0.0
18.0 44.0 0.0
18.0 46.0 0.03832715736355642
18.0 48.0 0.16413402003061311
18.0 50.0 0.33915435532204113
18.0 52.0 0.470383536370286
18.0 54.0 0.48367379954432227
18.0 56.0 0.5214117053067654
18.0 58.0 0.5329332239643538
18.0 60.0 0.4619112435810351
18.0 62.0 0.31995097048430793
18.0 64.0 0.13061379066435017
18.0 66.0 0.024657696258736466
18.0 68.0 0.0
18.0 70.0 0.0
18.0 72.0 0.0
18.0 74.0 0.0
18.0 76.0 0.0
18.0 78.0 0.0
18.0 80.0 0.0
18.0 82.0 0.0
18.0 84.0 0.0
18.0 86.0 0.00620429590825871
18.0 88.0 0.18327098278448595
18.0 90.0 0.3901145618168611
18.0 92.0 0.5076756945016722
18.0 94.0 0.5572387564648458
18.0 96.0 0.5459107727324577
18.0 98.0 0.4827960052551667
18.0 100.0 0.37096795608450983
18.0 102.0 0.19404745143820964
18.0 104.0 0.05251107526127748
18.0 106.0 0.0024377004021595198
18.0 108.0 0.0
18.0 110.0 0.0
18.0 112.0 0.0
18.0 114.0 0.0
18.0 116.0 0.0
18.0 118.0 0.0
18.0 120.0 0.0
18.0 122.0 0.0
18.0 124.0 0.0
18.0 126.0 0.0
20.0 0.0 0.0
20.0 2.0 0.0
20.0 4.0 0.0
20.0 6.0 0.0
20.0 8.0 0.0
20.0 10.0 0.0
20.0 12.0 0.0
20.0 14.0 0.0
20.0 16.0 0.0
20.0 18.0 0.0
20.0 20.0 0.0
20.0 22.0 0.0
20.0 24.0 0.0
20.0 26.0 0.0
20.0 28.0 0.0
20.0 30.0 0.0
20.0 32.0 0.0
20.0 34.0 0.0
20.0 36.0 0.0
20.0 38.0 0.0
20.0 40.0 0.0
20.0 42.0 0.0
20.0 44.0 0.004055823065592018
20.0 46.0 0.04587478862824094
20.0 48.0 0.1467815400500634
20.0 50.0 0.3038051206411307
20.0 52.0 0.44366175416321857
20.0 54.0 0.4995735215157145
20.0 56.0 0.53868816241982
20.0 58.0 0.555851361389856
20.0 60.0 0.4949354749973692
20.0 62.0 0.36492963081619934
20.0 64.0 0.1675623014791201
20.0 66.0 0.03830464890810969
20.0 68.0 0.0013202177376513112
20.0 70.0 0.0
20.0 72.0 0.0
20.0 74.0 0.0
20.0 76.0 0.0
20.0 78.0 0.0
20.0 80.0 0.0
20.0 82.0 0.0
20.0 84.0 0.0
20.0 86.0 0.0
20.0 88.0 0.15559016065980116
20.0 90.0 0.369799143953968
20.0 92.0 0.49553695224129285
20.0 94.0 0.5482296862157261
20.0 96.0 0.5302953401971449
20.0 98.0 0.4635875503228056
20.0 100.0 0.353267694294809
20.0 102.0 0.18631329675193165
20.0 104.0 0.04732945952348381
20.0 106.0 0.002993084616441642
20.0 108.0 0.0
20.0 110.0 0.0
20.0 112.0 0.0
20.0 114.0 0.0
20.0 116.0 0.0
20.0 118.0 0.0
20.0 120.0 0.0
20.0 122.0 0.0
20.0 124.0 0.0
20.0 126.0 0.0
22.0 0.0 0.0
22.0 2.0 0.0
22.0 4.0 0.0
22.0 6.0 0.0
22.0 8.0 0.0
22.0 10.0 0.0
22.0 12.0 0.0
22.0 14.0 0.0
22.0 16.0 0.0
22.0 18.0 0.0
22.0 20.0 0.0
22.0 22.0 0.0
22.0 24.0 0.0
22.0 26.0 0.0
22.0 28.0 0.0
22.0 30.0 0.0
22.0 32.0 0.0
22.0 34.0 0.0
22.0 36.0 0.0
22.0 38.0 0.0
22.0 40.0 0.0
22.0 42.0 0.0
22.0 44.0 0.0
22.0 46.0 0.03271713674557068
22.0 48.0 0.1318928893443874
22.0 50.0 0.30635110888635875
22.0 52.0 0.44887252487805074
22.0 54.0 0.5311745578873192
22.0 56.0 0.5854641355215194
22.0 58.0 0.5904046075758944
22.0 60.0 0.532210267924026
22.0 62.0 0.4124795377165331
22.0 64.0 0.21278167862336594
22.0 66.0 0.05683000312452555
22.0 68.0 0.005770569689622367
22.0 70.0 0.0
22.0 72.0 0.0
22.0 74.0 0.0
22.0 76.0 0.0
22.0 78.0 0.0
22.0 80.0 0.0
22.0 82.0 0.0
22.0 84.0 0.0
22.0 86.0 0.0
22.0 88.0 0.1192192718003225
22.0 90.0 0.33254807989342233
22.0 92.0 0.47221961256441713
22.0 94.0 0.5165181940153353
22.0 96.0 0.4986789226075432
22.0 98.0 0.4334651830408496
22.0 100.0 0.3252366495886633
22.0 102.0 0.16790944139151143
22.0 104.0 0.039187560883337344
22.0 106.0 0.002024459392441668
22.0 108.0 0.0
22.0 110.0 0.0
22.0 112.0 0.0
22.0 114.0 0.0
22.0 116.0 0.0
22.0 118.0 0.0
22.0 120.0 0.0
22.0 122.0 0.0
22.0 124.0 0.0
22.0 126.0 0.0
24.0 0.0 0.0
24.0 2.0 0.0
24.0 4.0 0.0
24.0 6.0 0.0
24.0 8.0 0.0
24.0 10.0 0.0
24.0 12.0 0.0
24.0 14.0 0.0
24.0 16.0 0.0
24.0 18.0 0.0
24.0 20.0 0.0
24.0 22.0 0.0
24.0 24.0 0.0
24.0 26.0 0.0
24.0 28.0 0.0
24.0 30.0 0.0
24.0 32.0 0.0
24.0 34.0 0.0
24.0 36.0 0.0
24.0 38.0 0.0
24.0 40.0 0.0
24.0 42.0 0.0
24.0 44.0 0.0036192497182817936
24.0 46.0 0.04033388236183729
24.0 48.0 0.12571435030710246
24.0 50.0 0.280500428321572
24.0 52.0 0.42819762582187
24.0 54.0 0.5317434181203239
24.0 56.0 0.5877416038262259
24.0 58.0 0.6088806480152561
24.0 60.0 0.5657557797382623
24.0 62.0 0.45814716339414147
24.0 64.0 0.2591179488458791
24.0 66.0 0.07660986641950623
24.0 68.0 0.011864958693457465
24.0 70.0 0.0
24.0 72.0 0.0
24.0 74.0 0.0
24.0 76.0 0.0
24.0 78.0 0.0
24.0 80.0 0.0
24.0 82.0 0.0
24.0 84.0 0.0
24.0 86.0 0.0
24.0 88.0 0.061725677923342104
24.0 90.0 0.2470455533304555
24.0 92.0 0.3964261151854733
24.0 94.0 0.45618328670232117
24.0 96.0 0.4452830970300055
24.0 98.0 0.38403212145823784
24.0 100.0 0.28451922766425647
24.0 102.0 0.14100409801338587
24.0 104.0 0.029051760456131573
24.0 106.0 4.0243311634716384E-4
24.0 108.0 0.0
24.0 110.0 0.0
24.0 112.0 0.0
24.0 114.0 0.0
24.0 116.0 0.0
24.0 118.0 0.0
24.0 120.0 0.0
24.0 122.0 0.0
24.0 124.0 0.0
24.0 126.0 0.0
26.0 0.0 0.0
26.0 2.0 0.0
26.0 4.0 0.0
26.0 6.0 0.0
26.0 8.0 0.0
26.0 10.0 0.0
26.0 12.0 0.0
26.0 14.0 0.0
26.0 16.0 0.0
26.0 18.0 0.0
26.0 20.0 0.0
26.0 22.0 0.0
26.0 24.0 0.0
26.0 26.0 0.0
26.0 28.0 0.0
26.0 30.0 0.0
26.0 32.0 0.0
26.0 34.0 0.0
26.0 36.0 0.0
26.0 38.0 0.0
26.0 40.0 0.0
26.0 42.0 0.0
26.0 44.0 4.3547541519940914E-4
26.0 46.0 0.030999138658350262
26.0 48.0 0.11402861855573164
26.0 50.0 0.2512431224134346
26.0 52.0 0.4033573726198258
26.0 54.0 0.5115707301935329
26.0 56.0 0.5841225156967434
26.0 58.0 0.6210755400100109
26.0 60.0 0.5918845866706651
26.0 62.0 0.4966824359685535
26.0 64.0 0.30087825752943337
26.0 66.0 0.09461541485717295
26.0 68.0 0.01768572418331785
26.0 70.0 0.0
26.0 72.0 0.0
26.0 74.0 0.0
26.0 76.0 0.0
26.0 78.0 0.0
26.0 80.0 0.0
26.0 82.0 0.0
26.0 84.0 0.0
26.0 86.0 0.0
26.0 88.0 0.037146780398967814
26.0 90.0 0.1552152418354712
26.0 92.0 0.29710242092995637
26.0 94.0 0.37195613644579795
26.0 96.0 0.373440679653175
26.0 98.0 0.3204925779117251
26.0 100.0 0.23082508070355676
26.0 102.0 0.10232784197553724
26.0 104.0 0.01415547391012729
26.0 106.0 0.0
26.0 108.0 0.0
26.0 110.0 0.0
26.0 112.0 0.0
26.0 114.0 0.0
26.0 116.0 0.0
26.0 118.0 0.0
26.0 120.0 0.0
26.0 122.0 0.0
26.0 124.0 0.0
26.0 126.0 0.0
28.0 0.0 0.0
28.0 2.0 0.0
28.0 4.0 0.0
28.0 6.0 0.0
28.0 8.0 0.0
28.0 10.0 0.0
28.0 12.0 0.0
28.0 14.0 0.04418095913806953
28.0 16.0 0.10891667360022944
28.0 18.0 0.05408800270349524
28.0 20.0 0.006804026516401616
28.0 22.0 0.0
28.0 24.0 0.0
28.0 26.0 0.0
28.0 28.0 0.0
28.0 30.0 0.0
28.0 32.0 0.0
28.0 34.0 0.0
28.0 36.0 0.0
28.0 38.0 0.0
28.0 40.0 0.0
28.0 42.0 0.0
28.0 44.0 0.0
28.0 46.0 0.011883452775587064
28.0 48.0 0.07294202357164459
28.0 50.0 0.212947841846854
28.0 52.0 0.3656678548233138
28.0 54.0 0.48030336161849635
28.0 56.0 0.5545607810215399
28.0 58.0 0.6117585701825193
28.0 60.0 0.5993914535237062
28.0 62.0 0.5127869886531305
28.0 64.0 0.33440572778084027
28.0 66.0 0.10470340714115027
28.0 68.0 0.01973448039478642
28.0 70.0 0.0
28.0 72.0 0.0
28.0 74.0 0.0
28.0 76.0 0.0
28.0 78.0 0.0
28.0 80.0 0.0
28.0 82.0 0.0
28.0 84.0 0.0
28.0 86.0 0.0
28.0 88.0 0.007889486456289207
28.0 90.0 0.06564709335991019
28.0 92.0 0.18692972686395581
28.0 94.0 0.2728718563790566
28.0 96.0 0.2870164148362066
28.0 98.0 0.24845481175273332
28.0 100.0 0.1812538570336297
28.0 102.0 0.08368252278479872
28.0 104.0 0.007195524456443113
28.0 106.0 0.0
28.0 108.0 0.0
28.0 110.0 0.0
28.0 112.0 0.0
28.0 114.0 0.0
28.0 116.0 0.0
28.0 118.0 0.0
28.0 120.0 0.0
28.0 122.0 0.0
28.0 124.0 0.0
28.0 126.0 0.0
30.0 0.0 0.0
30.0 2.0 0.0
30.0 4.0 0.0
30.0 6.0 0.0
30.0 8.0 0.0
30.0 10.0 0.06389200471585683
30.0 12.0 0.29551873574623516
30.0 14.0 0.31948075332159176
30.0 16.0 0.286449064671667
30.0 18.0 0.14043084054229246
30.0 20.0 0.024579862862194726
30.0 22.0 0.0
30.0 24.0 0.0
30.0 26.0 0.0
30.0 28.0 0.0
30.0 30.0 0.0
30.0 32.0 0.0
30.0 34.0 0.0
30.0 36.0 0.0
30.0 38.0 0.0
30.0 40.0 0.0
30.0 42.0 0.0
30.0 44.0 0.0
30.0 46.0 0.0017251551185774115
30.0 48.0 0.05331706982077542
30.0 50.0 0.15329647835737623
30.0 52.0 0.32001821549566517
30.0 54.0 0.4345525252652283
30.0 56.0 0.49362778735841256
30.0 58.0 0.5531465936503758
30.0 60.0 0.5599453129680463
30.0 62.0 0.48615300463241856
30.0 64.0 0.3283252817008388
30.0 66.0 0.11334768968398772
30.0 68.0 0.015892588773556305
30.0 70.0 0.0
30.0 72.0 0.0
30.0 74.0 0.0
30.0 76.0 0.0
30.0 78.0 0.0
30.0 80.0 0.0
30.0 82.0 0.0
30.0 84.0 0.0
30.0 86.0 0.0
30.0 88.0 0.0
30.0 90.0 0.025096439249047975
30.0 92.0 0.10142863586405759
30.0 94.0 0.18148410218796993
30.0 96.0 0.2152672868836681
30.0 98.0 0.20082566386848733
30.0 100.0 0.1443469817667321
30.0 102.0 0.06748498211095715
30.0 104.0 8.244779527620682E-4
30.0 106.0 0.0
30.0 108.0 0.0
30.0 110.0 0.0
30.0 112.0 0.0
30.0 114.0 0.0
30.0 116.0 0.0
30.0 118.0 0.0
30.0 120.0 0.0
30.0 122.0 0.0
30.0 124.0 0.0
30.0 126.0 0.0
32.0 0.0 0.0
32.0 2.0 0.0
32.0 4.0 0.0
32.0 6.0 0.0
32.0 8.0 0.0
32.0 10.0 0.2051575812784329
32.0 12.0 0.38925650224001274
32.0 14.0 0.38031726617494793
32.0 16.0 0.3132114648598824
32.0 18.0 0.1614240084472245
32.0 20.0 0.02662592632151688
32.0 22.0 0.0
32.0 24.0 0.0
32.0 26.0 0.0
32.0 28.0 0.0
32.0 30.0 0.0
32.0 32.0 0.0
32.0 34.0 0.0
32.0 36.0 0.0
32.0 38.0 0.0
32.0 40.0 0.0
32.0 42.0 0.0
32.0 44.0 0.0
32.0 46.0 0.009347013021245024
32.0 48.0 0.03057978256894714
32.0 50.0 0.11301825198883576
32.0 52.0 0.26199183396366127
32.0 54.0 0.3682740250156789
32.0 56.0 0.4174447261242817
32.0 58.0 0.4672517661749427
32.0 60.0 0.4721613270396568
32.0 62.0 0.41107828596225415
32.0 64.0 0.2730226108562867
32.0 66.0 0.09031698632834058
32.0 68.0 0.008603096256621966
32.0 70.0 0.0
32.0 72.0 0.0
32.0 74.0 0.0
32.0 76.0 0.0
32.0 78.0 0.0
32.0 80.0 0.0
32.0 82.0 0.0
32.0 84.0 0.0
32.0 86.0 0.0
32.0 88.0 0.0
32.0 90.0 0.009942142423063457
32.0 92.0 0.06839629460063947
32.0 94.0 0.13854576363998009
32.0 96.0 0.17268136235078613
32.0 98.0 0.16008151029799086
32.0 100.0 0.10343921290595533
32.0 102.0 0.043820120246654694
32.0 104.0 0.0032699452865839634
32.0 106.0 0.0
32.0 108.0 0.0021326989939178154
32.0 110.0 0.019543045724388308
32.0 112.0 0.0017265586596871205
32.0 114.0 1.3756627876437383E-4
32.0 116.0 0.002298016442910333
32.0 118.0 0.01558176498900052
32.0 120.0 0.0
32.0 122.0 0.0
32.0 124.0 0.0
32.0 126.0 0.0
34.0 0.0 0.0
34.0 2.0 0.0
34.0 4.0 0.0
34.0 6.0 0.0
34.0 8.0 0.2709664193649918
34.0 10.0 0.4108091969967431
34.0 12.0 0.41656868786638723
34.0 14.0 0.38313660827281343
34.0 16.0 0.2661054682126132
34.0 18.0 0.0818483473026709
34.0 20.0 0.002688442660899586
34.0 22.0 0.0
34.0 24.0 0.0
34.0 26.0 0.0
34.0 28.0 0.0
34.0 30.0 0.0
34.0 32.0 0.0
34.0 34.0 0.0
34.0 36.0 0.0
34.0 38.0 0.0
34.0 40.0 0.0
34.0 42.0 0.0
34.0 44.0 0.0013166355292346527
34.0 46.0 0.015193033828185326
34.0 48.0 0.054113067648228035
34.0 50.0 0.1181666595308407
34.0 52.0 0.2095565256908908
34.0 54.0 0.2975639261004068
34.0 56.0 0.3602761703102156
34.0 58.0 0.38456673492150256
34.0 60.0 0.37148714799238086
34.0 62.0 0.31411130019988903
34.0 64.0 0.19625063719640293
34.0 66.0 0.055153791445750784
34.0 68.0 7.782755292995318E-4
34.0 70.0 0.0
34.0 72.0 0.0
34.0 74.0 0.0
34.0 76.0 0.0
34.0 78.0 0.0
34.0 80.0 0.0
34.0 82.0 0.0
34.0 84.0 0.0
34.0 86.0 0.0
34.0 88.0 0.0
34.0 90.0 0.013471023212622299
34.0 92.0 0.057270882703528724
34.0 94.0 0.10690958985378494
34.0 96.0 0.13784292411943008
34.0 98.0 0.1154512315521052
34.0 100.0 0.06529042926498453
34.0 102.0 0.024763091958210554
34.0 104.0 0.010168934887922098
34.0 106.0 0.025336026586427626
34.0 108.0 0.04680317989233979
34.0 110.0 0.06737506739617395
34.0 112.0 0.06187228938459818
34.0 114.0 0.06932370940620337
34.0 116.0 0.0876789537581704
34.0 118.0 0.10789519778827782
34.0 120.0 0.0
34.0 122.0 0.0
34.0 124.0 0.0
34.0 126.0 0.0
36.0 0.0 0.0
36.0 2.0 0.0
36.0 4.0 0.0
36.0 6.0 0.0
36.0 8.0 0.31176924514438215
36.0 10.0 0.4163805821627174
36.0 12.0 0.4088180206834433
36.0 14.0 0.353900448109491
36.0 16.0 0.2182124849418463
36.0 18.0 0.046425447831393775
36.0 20.0 0.0
36.0 22.0 0.0
36.0 24.0 0.0
36.0 26.0 0.0
36.0 28.0 0.0
36.0 30.0 0.0
36.0 32.0 0.0
36.0 34.0 0.0
36.0 36.0 0.0
36.0 38.0 0.0
36.0 40.0 0.0
36.0 42.0 7.861137625390866E-4
36.0 44.0 0.00887978155665034
36.0 46.0 0.025837501074031488
36.0 48.0 0.05724270271918655
36.0 50.0 0.11991506183552607
36.0 52.0 0.17204599137974572
36.0 54.0 0.23265927534614872
36.0 56.0 0.2785182468966529
36.0 58.0 0.2916464965521671
36.0 60.0 0.268839085159102
36.0 62.0 0.20907999472732908
36.0 64.0 0.09675681530588968
36.0 66.0 0.016205293016278596
36.0 68.0 0.0
36.0 70.0 0.0
36.0 72.0 0.0
36.0 74.0 0.0
36.0 76.0 0.0
36.0 78.0 0.0
36.0 80.0 0.0
36.0 82.0 0.0
36.0 84.0 0.0
36.0 86.0 0.0
36.0 88.0 0.0
36.0 90.0 0.009978406822680827
36.0 92.0 0.042876045626962546
36.0 94.0 0.07838521197314251
36.0 96.0 0.09716774641542099
36.0 98.0 0.0732277971771664
36.0 100.0 0.04240749043827909
36.0 102.0 0.02237063904670102
36.0 104.0 0.04163528015846333
36.0 106.0 0.06249482817245181
36.0 108.0 0.07640390551673315
36.0 110.0 0.0964897702709304
36.0 112.0 0.10080909178089507
36.0 114.0 0.1184329981327734
36.0 116.0 0.15024979967327798
36.0 118.0 0.17042847600764507
36.0 120.0 0.1565579028707567
36.0 122.0 0.0
36.0 124.0 0.0
36.0 126.0 0.0
38.0 0.0 0.0
38.0 2.0 0.0
38.0 4.0 0.0
38.0 6.0 0.276112246013875
38.0 8.0 0.3571756974344072
38.0 10.0 0.3461805983862389
38.0 12.0 0.32702083030181145
38.0 14.0 0.24189532843175954
38.0 16.0 0.09892938960610066
38.0 18.0 0.00798198289925179
38.0 20.0 0.0
38.0 22.0 0.0
38.0 24.0 0.0
38.0 26.0 0.0
38.0 28.0 0.0
38.0 30.0 0.0
38.0 32.0 0.0
38.0 34.0 0.0
38.0 36.0 0.0
38.0 38.0 0.0
38.0 40.0 0.0012206093888930682
38.0 42.0 0.0036096482200376864
38.0 44.0 0.0107886645654172
38.0 46.0 0.02718051172803849
38.0 48.0 0.05301760856693449
38.0 50.0 0.09187556029837661
38.0 52.0 0.14871174396351414
38.0 54.0 0.18640649725750358
38.0 56.0 0.2169251286211874
38.0 58.0 0.2104981953602754
38.0 60.0 0.1790372795326004
38.0 62.0 0.11577045148696609
38.0 64.0 0.02556057253768464
38.0 66.0 0.0
38.0 68.0 0.0
38.0 70.0 0.0
38.0 72.0 0.0
38.0 74.0 0.0
38.0 76.0 0.0
38.0 78.0 0.0
38.0 80.0 0.0
38.0 82.0 0.0
38.0 84.0 0.0
38.0 86.0 0.0
38.0 88.0 0.0
38.0 90.0 0.012428962649710502
38.0 92.0 0.039531318235109025
38.0 94.0 0.061617043372582996
38.0 96.0 0.049228318488137524
38.0 98.0 0.022734391716594016
38.0 100.0 0.007938341120647981
38.0 102.0 0.02202026419663942
38.0 104.0 0.05065945225351031
38.0 106.0 0.06686574834043346
38.0 108.0 0.0806636215785631
38.0 110.0 0.09991112440496587
38.0 112.0 0.10555824847408646
38.0 114.0 0.12235025190060311
38.0 116.0 0.15145868973914203
38.0 118.0 0.17165805486742106
38.0 120.0 0.15333070009931074
38.0 122.0 0.0
38.0 124.0 0.0
38.0 126.0 0.0
40.0 0.0 0.0
40.0 2.0 0.0
40.0 4.0 0.0
40.0 6.0 0.22673306667505821
40.0 8.0 0.24305047508553976
40.0 10.0 0.25706525668954067
40.0 12.0 0.24751658913963992
40.0 14.0 0.17016125396094972
40.0 16.0 0.044480570958492664
40.0 18.0 0.0
40.0 20.0 0.0
40.0 22.0 0.0
40.0 24.0 0.0
40.0 26.0 0.0
40.0 28.0 0.0
40.0 30.0 0.0
40.0 32.0 0.0
40.0 34.0 0.0
40.0 36.0 0.0
40.0 38.0 0.0
40.0 40.0 0.0
40.0 42.0 0.0
40.0 44.0 0.0023710012885146286
40.0 46.0 0.014193023526201581
40.0 48.0 0.037849127793199204
40.0 50.0 0.06931413968264694
40.0 52.0 0.1086521793252434
40.0 54.0 0.1449385662144136
40.0 56.0 0.1615435218339948
40.0 58.0 0.15048567845767408
40.0 60.0 0.12158253534836318
40.0 62.0 0.06989841031975219
40.0 64.0 0.006918219813084686
40.0 66.0 0.0
40.0 68.0 0.0
40.0 70.0 0.0
40.0 72.0 0.0
40.0 74.0 0.0
40.0 76.0 0.0
40.0 78.0 0.0
40.0 80.0 0.0
40.0 82.0 0.0
40.0 84.0 0.0
40.0 86.0 0.0
40.0 88.0 0.006592953730490767
40.0 90.0 0.01890148513680426
40.0 92.0 0.03914077361509872
40.0 94.0 0.038527169199866464
40.0 96.0 0.008797171272162223
40.0 98.0 0.0
40.0 100.0 0.0
40.0 102.0 0.006821073531815002
40.0 104.0 0.02299831917826001
40.0 106.0 0.04320855443359279
40.0 108.0 0.05927641804224227
40.0 110.0 0.08028985396903514
40.0 112.0 0.08498572785600383
40.0 114.0 0.09654635048044623
40.0 116.0 0.11787799393478214
40.0 118.0 0.1374928386468827
40.0 120.0 0.12719291850359712
40.0 122.0 0.09610626357865276
40.0 124.0 0.0
40.0 126.0 0.0
42.0 0.0 0.0
42.0 2.0 0.0
42.0 4.0 0.07379827238009101
42.0 6.0 0.09774768657988775
42.0 8.0 0.14020498643829216
42.0 10.0 0.17008478599011687
42.0 12.0 0.15504165116787347
42.0 14.0 0.06072697765060564
42.0 16.0 0.0
42.0 18.0 0.0
42.0 20.0 0.0
42.0 22.0 0.0
42.0 24.0 0.0
42.0 26.0 0.0
42.0 28.0 0.0
42.0 30.0 0.0
42.0 32.0 0.0
42.0 34.0 0.0
42.0 36.0 0.0
42.0 38.0 0.0
42.0 40.0 0.0
42.0 42.0 0.0
42.0 44.0 0.0
42.0 46.0 0.005161934660756641
42.0 48.0 0.023445719498436043
42.0 50.0 0.04591971734934316
42.0 52.0 0.07619352341257331
42.0 54.0 0.09861194747482889
42.0 56.0 0.11354568738123137
42.0 58.0 0.10730036570358063
42.0 60.0 0.08933227386588656
42.0 62.0 0.0575453839458717
42.0 64.0 0.010782966634133135
42.0 66.0 0.0
42.0 68.0 0.0
42.0 70.0 0.0
42.0 72.0 0.0
42.0 74.0 0.0
42.0 76.0 0.0
42.0 78.0 0.0
42.0 80.0 0.0
42.0 82.0 0.0
42.0 84.0 0.006977182554222243
42.0 86.0 0.02410320327778589
42.0 88.0 0.04223489656062054
42.0 90.0 0.043630937617338696
42.0 92.0 0.04426868298296763
42.0 94.0 0.008327026685947264
42.0 96.0 0.0
42.0 98.0 0.0
42.0 100.0 0.0
42.0 102.0 0.0
42.0 104.0 0.0
42.0 106.0 0.00393407894473288
42.0 108.0 0.01760260925514628
42.0 110.0 0.03653772456320731
42.0 112.0 0.0394332149259002
42.0 114.0 0.05090135946775226
42.0 116.0 0.07130439986285583
42.0 118.0 0.0959345802410317
42.0 120.0 0.09786085037329545
42.0 122.0 0.07755457903593038
42.0 124.0 0.0
42.0 126.0 0.0
44.0 0.0 0.0
44.0 2.0 0.0
44.0 4.0 0.010309886268469402
44.0 6.0 0.043536360536877504
44.0 8.0 0.08300613368865482
44.0 10.0 0.1097115867426064
44.0 12.0 0.09542283003607566
44.0 14.0 0.0029635480765425274
44.0 16.0 0.0
44.0 18.0 0.0
44.0 20.0 0.0
44.0 22.0 0.0
44.0 24.0 0.0
44.0 26.0 0.0
44.0 28.0 0.0
44.0 30.0 0.0
44.0 32.0 0.0
44.0 34.0 0.0
44.0 36.0 0.0
44.0 38.0 0.0
44.0 40.0 0.0
44.0 42.0 0.0
44.0 44.0 0.0
44.0 46.0 0.002666537106467635
44.0 48.0 0.009851308264415245
44.0 50.0 0.021092207121138008
44.0 52.0 0.03550643064513252
44.0 54.0 0.044552014383255144
44.0 56.0 0.05807687071442566
44.0 58.0 0.0658110784557122
44.0 60.0 0.0657868471113436
44.0 62.0 0.05399237636101742
44.0 64.0 0.028215646182169995
44.0 66.0 0.002027000953055695
44.0 68.0 0.0
44.0 70.0 0.0
44.0 72.0 0.0
44.0 74.0 0.0
44.0 76.0 0.0
44.0 78.0 0.0
44.0 80.0 0.008288175791633332
44.0 82.0 0.05169980412445977
44.0 84.0 0.11150517030870509
44.0 86.0 0.1567632537216421
44.0 88.0 0.1700511171821835
44.0 90.0 0.13153483756579645
44.0 92.0 0.06010233605166688
44.0 94.0 0.002427012149099778
44.0 96.0 0.0
44.0 98.0 0.0
44.0 100.0 0.0
44.0 102.0 0.0
44.0 104.0 0.0
44.0 106.0 0.0
44.0 108.0 0.0
44.0 110.0 0.0013919423529614855
44.0 112.0 0.0010469897682349968
44.0 114.0 0.010446564013222326
44.0 116.0 0.028814966834094003
44.0 118.0 0.05784783152792685
44.0 120.0 0.0736789640517734
44.0 122.0 0.06428491395467911
44.0 124.0 0.0
44.0 126.0 0.0
46.0 0.0 0.0
46.0 2.0 0.0
46.0 4.0 0.0010042593957839282
46.0 6.0 0.01809305165198088
46.0 8.0 0.04166387018668589
46.0 10.0 0.057153578513211296
46.0 12.0 0.006942637445421836
46.0 14.0 0.0
46.0 16.0 0.0
46.0 18.0 0.0
46.0 20.0 0.0
46.0 22.0 0.0
46.0 24.0 0.0
46.0 26.0 0.0
46.0 28.0 0.003261734157858633
46.0 30.0 0.0010846636941541819
46.0 32.0 0.0017621992180425596
46.0 34.0 8.975960244536379E-4
46.0 36.0 0.0
46.0 38.0 0.0
46.0 40.0 0.0
46.0 42.0 0.0
46.0 44.0 0.0
46.0 46.0 2.15425025734273E-4
46.0 48.0 0.0011126365049475841
46.0 50.0 0.002828130285837009
46.0 52.0 0.0012929829550089509
46.0 54.0 0.004156199743846294
46.0 56.0 0.011036643559584183
46.0 58.0 0.024399853154853237
46.0 60.0 0.036734990285215874
46.0 62.0 0.03808693718778072
46.0 64.0 0.047830279932743934
46.0 66.0 0.032137170155016485
46.0 68.0 0.015865062010046765
46.0 70.0 0.0048903015215273175
46.0 72.0 0.0
46.0 74.0 0.0026601361474175664
46.0 76.0 0.02038024485516489
46.0 78.0 0.056352753068670824
46.0 80.0 0.11444414744692384
46.0 82.0 0.19398917491373333
46.0 84.0 0.2755674217408954
46.0 86.0 0.34477949207213215
46.0 88.0 0.3408721919802784
46.0 90.0 0.258983654154589
46.0 92.0 0.10762273973372026
46.0 94.0 0.015631394559661674
46.0 96.0 0.0
46.0 98.0 0.0
46.0 100.0 0.0
46.0 102.0 0.0
46.0 104.0 0.0
46.0 106.0 0.0
46.0 108.0 0.0
46.0 110.0 0.0
46.0 112.0 0.0
46.0 114.0 0.0
46.0 116.0 0.003768613640205543
46.0 118.0 0.026995256893444456
46.0 120.0 0.052084991620286326
46.0 122.0 0.04293541470697401
46.0 124.0 0.015246679272811174
46.0 126.0 0.0
48.0 0.0 0.0
48.0 2.0 0.0
48.0 4.0 7.211318766896535E-4
48.0 6.0 0.0032056964972538814
48.0 8.0 0.005445838160945849
48.0 10.0 0.0
48.0 12.0 0.0
48.0 14.0 0.0
48.0 16.0 0.0
48.0 18.0 0.0
48.0 20.0 0.0
48.0 22.0 0.0
48.0 24.0 0.0
48.0 26.0 0.018780820324206055
48.0 28.0 0.05028995073812368
48.0 30.0 0.05607048330989805
48.0 32.0 0.06621964661013181
48.0 34.0 0.06575682492384917
48.0 36.0 0.035593117337692055
48.0 38.0 0.0
48.0 40.0 0.0
48.0 42.0 0.0
48.0 44.0 0.0
48.0 46.0 0.0
48.0 48.0 0.0
48.0 50.0 0.0
48.0 52.0 0.0
48.0 54.0 0.0
48.0 56.0 0.0
48.0 58.0 0.0
48.0 60.0 0.021879407702053242
48.0 62.0 0.04636671422292867
48.0 64.0 0.06227413000729292
48.0 66.0 0.06025572553164154
48.0 68.0 0.057306947440012475
48.0 70.0 0.04377675022897732
48.0 72.0 0.027935404417112324
48.0 74.0 0.046493936153719044
48.0 76.0 0.09706856719785856
48.0 78.0 0.17008507074756787
48.0 80.0 0.249900235511851
48.0 82.0 0.3322367151555041
48.0 84.0 0.4189558207545659
48.0 86.0 0.4856832289048591
48.0 88.0 0.45813818129645706
48.0 90.0 0.36215213696520426
48.0 92.0 0.17368627758089403
48.0 94.0 0.03561052074462765
48.0 96.0 0.0011079511615705415
48.0 98.0 0.0
48.0 100.0 0.0
48.0 102.0 0.0
48.0 104.0 0.0
48.0 106.0 0.0
48.0 108.0 0.0
48.0 110.0 0.0
48.0 112.0 0.0
48.0 114.0 0.0
48.0 116.0 0.0
48.0 118.0 0.007044393049580854
48.0 120.0 0.029867623040260752
48.0 122.0 0.019769635464270543
48.0 124.0 0.002883048020450351
48.0 126.0 0.0
50.0 0.0 0.0
50.0 2.0 0.0
50.0 4.0 0.0
50.0 6.0 0.0
50.0 8.0 0.0
50.0 10.0 0.0
50.0 12.0 0.0
50.0 14.0 0.0
50.0 16.0 0.0
50.0 18.0 0.0
50.0 20.0 0.0
50.0 22.0 0.0
50.0 24.0 0.003981526631797302
50.0 26.0 0.06666250178061171
50.0 28.0 0.12470727465509417
50.0 30.0 0.16782295307996908
50.0 32.0 0.1886106173507334
50.0 34.0 0.1886151242940116
50.0 36.0 0.1530633352130841
50.0 38.0 0.09084595017043158
50.0 40.0 0.016470369339771813
50.0 42.0 0.001156499409277195
50.0 44.0 0.0
50.0 46.0 0.0
50.0 48.0 0.0
50.0 50.0 0.0
50.0 52.0 0.0
50.0 54.0 0.0
50.0 56.0 0.0
50.0 58.0 0.0
50.0 60.0 0.0
50.0 62.0 0.03009307123291884
50.0 64.0 0.05795484930537389
50.0 66.0 0.07488721744870809
50.0 68.0 0.0846229667313303
50.0 70.0 0.06089421682218663
50.0 72.0 0.06576593812910851
50.0 74.0 0.10712871639529076
50.0 76.0 0.17858787469313198
50.0 78.0 0.2572902311016179
50.0 80.0 0.34796178379198883
50.0 82.0 0.42176487808401203
50.0 84.0 0.4942837946222263
50.0 86.0 0.564099865052118
50.0 88.0 0.54744415487625
50.0 90.0 0.44103233090597516
50.0 92.0 0.21589264763747032
50.0 94.0 0.05598447497133884
50.0 96.0 9.398529418786758E-4
50.0 98.0 0.0
50.0 100.0 0.0
50.0 102.0 0.0
50.0 104.0 0.0
50.0 106.0 0.0
50.0 108.0 0.0
50.0 110.0 0.0
50.0 112.0 0.0
50.0 114.0 0.0
50.0 116.0 0.0
50.0 118.0 0.0
50.0 120.0 0.015431726695330222
50.0 122.0 0.013736483409915812
50.0 124.0 0.005048130821604062
50.0 126.0 0.0
52.0 0.0 0.0
52.0 2.0 0.0015805739756707526
52.0 4.0 0.0
52.0 6.0 0.0
52.0 8.0 0.0
52.0 10.0 0.0
52.0 12.0 0.0
52.0 14.0 0.0
52.0 16.0 0.0
52.0 18.0 0.0
52.0 20.0 0.0
52.0 22.0 0.0019650784387857854
52.0 24.0 0.04617711261265717
52.0 26.0 0.13719720535143523
52.0 28.0 0.20457207552595688
52.0 30.0 0.2675922249690889
52.0 32.0 0.2981664881782621
52.0 34.0 0.3007602701129781
52.0 36.0 0.27140567031977436
52.0 38.0 0.21091228470802403
52.0 40.0 0.12104234304547408
52.0 42.0 0.052239909816445544
52.0 44.0 0.010234569916283099
52.0 46.0 0.0
52.0 48.0 0.0
52.0 50.0 0.0
52.0 52.0 0.0
52.0 54.0 0.0
52.0 56.0 0.0
52.0 58.0 0.0
52.0 60.0 0.0
52.0 62.0 0.0012618111654384737
52.0 64.0 0.03468432129920871
52.0 66.0 0.06451125994077643
52.0 68.0 0.08419725159905311
52.0 70.0 0.061767332687572646
52.0 72.0 0.0888349514112537
52.0 74.0 0.1508668361683037
52.0 76.0 0.22348382365820452
52.0 78.0 0.31063004689572044
52.0 80.0 0.3943086475182482
52.0 82.0 0.4586176866591914
52.0 84.0 0.5347775329009425
52.0 86.0 0.6032350020237424
52.0 88.0 0.5865083941620788
52.0 90.0 0.4838518223531609
52.0 92.0 0.24634715017755604
52.0 94.0 0.06568322076823961
52.0 96.0 0.0024317995168062476
52.0 98.0 0.0
52.0 100.0 0.0
52.0 102.0 0.0
52.0 104.0 0.0
52.0 106.0 0.0
52.0 108.0 0.0
52.0 110.0 0.0
52.0 112.0 0.0
52.0 114.0 0.0
52.0 116.0 0.0
52.0 118.0 0.0
52.0 120.0 0.008550481025041624
52.0 122.0 0.01832612858632765
52.0 124.0 0.019598947787241933
52.0 126.0 0.0
54.0 0.0 0.0
54.0 2.0 0.001665082131820249
54.0 4.0 0.0
54.0 6.0 0.0
54.0 8.0 0.0
54.0 10.0 0.0
54.0 12.0 0.0
54.0 14.0 0.0
54.0 16.0 0.0
54.0 18.0 0.0
54.0 20.0 0.005370989077877875
54.0 22.0 0.035426132550856734
54.0 24.0 0.11281296205621975
54.0 26.0 0.21746081190519306
54.0 28.0 0.28950463581827085
54.0 30.0 0.3536848108961667
54.0 32.0 0.39080161488936954
54.0 34.0 0.3955785257717484
54.0 36.0 0.3712900978980193
54.0 38.0 0.3163595625381392
54.0 40.0 0.21876019947138378
54.0 42.0 0.11054473205550215
54.0 44.0 0.030711594211671148
54.0 46.0 8.449262132437916E-4
54.0 48.0 0.0
54.0 50.0 0.0
54.0 52.0 0.0
54.0 54.0 0.0
54.0 56.0 0.0
54.0 58.0 0.0
54.0 60.0 0.0
54.0 62.0 0.0
54.0 64.0 0.002405759794740953
54.0 66.0 0.026029590284366383
54.0 68.0 0.04951961313251382
54.0 70.0 0.034991654484449373
54.0 72.0 0.08209580686542338
54.0 74.0 0.15898833485038472
54.0 76.0 0.24277420062977392
54.0 78.0 0.33195411241441203
54.0 80.0 0.41402878930456116
54.0 82.0 0.47543660114456815
54.0 84.0 0.5209563693405537
54.0 86.0 0.6148836629310818
54.0 88.0 0.5940380005691567
54.0 90.0 0.4969207665046169
54.0 92.0 0.2664055161982067
54.0 94.0 0.07159156223320969
54.0 96.0 0.0030237314697324318
54.0 98.0 0.0
54.0 100.0 0.0
54.0 102.0 0.0
54.0 104.0 0.0
54.0 106.0 0.0
54.0 108.0 0.0
54.0 110.0 0.0
54.0 112.0 0.0
54.0 114.0 0.0
54.0 116.0 0.0
54.0 118.0 0.0
54.0 120.0 0.009562909721736325
54.0 122.0 0.03187878199719527
54.0 124.0 0.03761299440936841
54.0 126.0 0.054834032652443694
56.0 0.0 0.0
56.0 2.0 0.0
56.0 4.0 0.0
56.0 6.0 0.0
56.0 8.0 0.0
56.0 10.0 0.0
56.0 12.0 0.0
56.0 14.0 0.0
56.0 16.0 0.001121298026444467
56.0 18.0 0.013262204709048224
56.0 20.0 0.027485284143278135
56.0 22.0 0.09436536896435001
56.0 24.0 0.19903037841524254
56.0 26.0 0.2988007626605279
56.0 28.0 0.3783784803823436
56.0 30.0 0.43772588531994105
56.0 32.0 0.4713147676866943
56.0 34.0 0.4760122321857072
56.0 36.0 0.4545525856139711
56.0 38.0 0.40175930891439643
56.0 40.0 0.2701485983665306
56.0 42.0 0.16126571583736637
56.0 44.0 0.053801742716849205
56.0 46.0 0.004694440728478377
56.0 48.0 0.0
56.0 50.0 0.0
56.0 52.0 0.0
56.0 54.0 0.0
56.0 56.0 0.0
56.0 58.0 0.0
56.0 60.0 0.0
56.0 62.0 0.0
56.0 64.0 0.0
56.0 66.0 0.0
56.0 68.0 0.006719213727147653
56.0 70.0 0.007823889044681127
56.0 72.0 0.054792269647300836
56.0 74.0 0.151374020134639
56.0 76.0 0.2451909746134655
56.0 78.0 0.3407059857568184
56.0 80.0 0.425808244015833
56.0 82.0 0.4880227288958567
56.0 84.0 0.5213569225540908
56.0 86.0 0.5703704791795361
56.0 88.0 0.5896595691369997
56.0 90.0 0.49684810686587055
56.0 92.0 0.28752256903850243
56.0 94.0 0.0870296294210502
56.0 96.0 0.0011614647591939766
56.0 98.0 0.0
56.0 100.0 0.0
56.0 102.0 0.0
56.0 104.0 0.0
56.0 106.0 0.0
56.0 108.0 0.0
56.0 110.0 0.0
56.0 112.0 0.0
56.0 114.0 0.0
56.0 116.0 0.0
56.0 118.0 0.0
56.0 120.0 0.0188589510303666
56.0 122.0 0.05845742938045365
56.0 124.0 0.07766022402506316
56.0 126.0 0.08059913662215713
58.0 0.0 0.0
58.0 2.0 0.0032328654668869316
58.0 4.0 0.0
58.0 6.0 0.0
58.0 8.0 0.0
58.0 10.0 0.0
58.0 12.0 0.0
58.0 14.0 3.0889827045302596E-4
58.0 16.0 0.011661929626497675
58.0 18.0 0.022938072684751495
58.0 20.0 0.06397168251743975
58.0 22.0 0.16212340176893708
58.0 24.0 0.27941464515777015
58.0 26.0 0.38183216456511104
58.0 28.0 0.4615241814109227
58.0 30.0 0.5140589804792057
58.0 32.0 0.5410843667582782
58.0 34.0 0.5455273213002247
58.0 36.0 0.5251040169677915
58.0 38.0 0.46794979073445625
58.0 40.0 0.31024377328180663
58.0 42.0 0.19618818431350193
58.0 44.0 0.07287305787628987
58.0 46.0 0.010079087124932053
58.0 48.0 0.0
58.0 50.0 0.0
58.0 52.0 0.0
58.0 54.0 0.0
58.0 56.0 0.0
58.0 58.0 0.0
58.0 60.0 0.0
58.0 62.0 0.0
58.0 64.0 0.0
58.0 66.0 0.0
58.0 68.0 0.0
58.0 70.0 0.0
58.0 72.0 0.028504173502743427
58.0 74.0 0.1369795072094719
58.0 76.0 0.2379348649362463
58.0 78.0 0.3406743405758072
58.0 80.0 0.42467711857622287
58.0 82.0 0.46330760930141723
58.0 84.0 0.4861439654337876
58.0 86.0 0.6023303881425258
58.0 88.0 0.5775864176140343
58.0 90.0 0.4817475779819839
58.0 92.0 0.2850654226459597
58.0 94.0 0.08680692009672908
58.0 96.0 0.001968503603485608
58.0 98.0 0.0
58.0 100.0 0.0
58.0 102.0 0.0
58.0 104.0 0.0
58.0 106.0 0.0
58.0 108.0 0.0
58.0 110.0 0.0
58.0 112.0 0.0
58.0 114.0 0.0
58.0 116.0 0.0
58.0 118.0 0.0
58.0 120.0 0.046254947860377364
58.0 122.0 0.1101371927142355
58.0 124.0 0.13066510490287986
58.0 126.0 0.0881335976848941
60.0 0.0 0.0
60.0 2.0 0.002305300131870383
60.0 4.0 0.0
60.0 6.0 0.0
60.0 8.0 0.0
60.0 10.0 0.0
60.0 12.0 0.0
60.0 14.0 0.002067647183006673
60.0 16.0 0.020152131509023674
60.0 18.0 0.04504734383678797
60.0 20.0 0.12449778930364815
60.0 22.0 0.24433477679184637
60.0 24.0 0.362790887561385
60.0 26.0 0.4575850973242597
60.0 28.0 0.5226671523347469
60.0 30.0 0.5666292099383206
60.0 32.0 0.5907092037803373
60.0 34.0 0.5948462596234517
60.0 36.0 0.5745483389205125
60.0 38.0 0.46104920314584513
60.0 40.0 0.3396806070683363
60.0 42.0 0.21386728974180516
60.0 44.0 0.08157603115996001
60.0 46.0 0.012825039870074648
60.0 48.0 0.0
60.0 50.0 0.0
60.0 52.0 0.0
60.0 54.0 0.0
60.0 56.0 0.0
60.0 58.0 0.0
60.0 60.0 0.0
60.0 62.0 0.0
60.0 64.0 0.0
60.0 66.0 0.0
60.0 68.0 0.0
60.0 70.0 0.0
60.0 72.0 0.03183670196115998
60.0 74.0 0.12030832900658948
60.0 76.0 0.21973857116882875
60.0 78.0 0.3251814358451183
60.0 80.0 0.39412344592637033
60.0 82.0 0.43522481225418264
60.0 84.0 0.47192450595529234
60.0 86.0 0.5740511377206431
60.0 88.0 0.549301770008057
60.0 90.0 0.45571471847569395
60.0 92.0 0.2716398421739275
60.0 94.0 0.0817126647408744
60.0 96.0 0.0016365095167280767
60.0 98.0 0.0
60.0 100.0 0.0
60.0 102.0 0.0
60.0 104.0 0.0
60.0 106.0 0.0
60.0 108.0 0.0
60.0 110.0 0.0
60.0 112.0 0.0
60.0 114.0 0.0
60.0 116.0 0.0
60.0 118.0 0.023216279225591555
60.0 120.0 0.10557044506106167
60.0 122.0 0.17518833915263252
60.0 124.0 0.19520100879805768
60.0 126.0 0.10801779018195383
62.0 0.0 0.0
62.0 2.0 0.0033902810366731565
62.0 4.0 0.0
62.0 6.0 0.0
62.0 8.0 0.0
62.0 10.0 0.0
62.0 12.0 0.0
62.0 14.0 0.0037531545392346494
62.0 16.0 0.02844133057607229
62.0 18.0 0.07641044412567173
62.0 20.0 0.17698214016801894
62.0 22.0 0.29985511938182213
62.0 24.0 0.41009465911658455
62.0 26.0 0.49248748324907093
62.0 28.0 0.5545333967270799
62.0 30.0 0.5962835931336206
62.0 32.0 0.6188152062232367
62.0 34.0 0.6200825695774584
62.0 36.0 0.55878321132872
62.0 38.0 0.44989858217362716
62.0 40.0 0.3550449043870054
62.0 42.0 0.21448083111373206
62.0 44.0 0.08115245574780476
62.0 46.0 0.01048219124604064
62.0 48.0 0.0
62.0 50.0 0.0
62.0 52.0 0.0
62.0 54.0 0.0
62.0 56.0 0.0
62.0 58.0 0.0
62.0 60.0 0.0
62.0 62.0 0.0
62.0 64.0 0.0
62.0 66.0 0.0
62.0 68.0 0.0
62.0 70.0 0.0
62.0 72.0 0.015434351015977258
62.0 74.0 0.09340946937471856
62.0 76.0 0.20157954338629425
62.0 78.0 0.315463512596339
62.0 80.0 0.4144058745325874
62.0 82.0 0.48501409217624647
62.0 84.0 0.5230322821216888
62.0 86.0 0.5270798905943498
62.0 88.0 0.49241637556602874
62.0 90.0 0.40659038837820977
62.0 92.0 0.2464717967327
62.0 94.0 0.07131455454086721
62.0 96.0 3.360693820637928E-4
62.0 98.0 0.0
62.0 100.0 0.0
62.0 102.0 0.0
62.0 104.0 0.0
62.0 106.0 0.0
62.0 108.0 0.0
62.0 110.0 0.0
62.0 112.0 0.0
62.0 114.0 0.0
62.0 116.0 0.008221450681237226
62.0 118.0 0.0832397677352397
62.0 120.0 0.17613002621378518
62.0 122.0 0.2411639108315795
62.0 124.0 0.2520437735775118
62.0 126.0 0.14054504970123924
64.0 0.0 0.0
64.0 2.0 0.005451986011467871
64.0 4.0 0.0
64.0 6.0 0.0
64.0 8.0 0.0
64.0 10.0 0.0
64.0 12.0 0.0
64.0 14.0 0.0048372332336636134
64.0 16.0 0.038391265352367275
64.0 18.0 0.10785448068132396
64.0 20.0 0.2217654334298275
64.0 22.0 0.33796344142895
64.0 24.0 0.431490140020123
64.0 26.0 0.5073035205300157
64.0 28.0 0.5672219033063907
64.0 30.0 0.6066073647963642
64.0 32.0 0.626083770310346
64.0 34.0 0.6150348397136254
64.0 36.0 0.5192559699560934
64.0 38.0 0.458153851526182
64.0 40.0 0.35719672086910764
64.0 42.0 0.2010087122828265
64.0 44.0 0.07205302880889147
64.0 46.0 0.005500127613366951
64.0 48.0 0.0
64.0 50.0 0.0
64.0 52.0 0.0
64.0 54.0 0.0
64.0 56.0 0.0
64.0 58.0 0.0
64.0 60.0 0.0
64.0 62.0 0.0
64.0 64.0 0.0
64.0 66.0 0.0
64.0 68.0 0.0
64.0 70.0 0.0
64.0 72.0 0.012645858225418347
64.0 74.0 0.06528663278739621
64.0 76.0 0.15941861021325696
64.0 78.0 0.26703138227188133
64.0 80.0 0.36371148341923004
64.0 82.0 0.43514659235136116
64.0 84.0 0.4750875165379665
64.0 86.0 0.4944473207215185
64.0 88.0 0.4696268205617958
64.0 90.0 0.37574036427484653
64.0 92.0 0.21490652097896099
64.0 94.0 0.05551365887670295
64.0 96.0 0.0
64.0 98.0 0.0
64.0 100.0 0.0
64.0 102.0 0.0
64.0 104.0 0.0
64.0 106.0 0.0
64.0 108.0 0.0
64.0 110.0 0.0
64.0 112.0 0.0
64.0 114.0 0.0
64.0 116.0 0.06885030051485297
64.0 118.0 0.16174131678903877
64.0 120.0 0.2433570334056556
64.0 122.0 0.306709911582781
64.0 124.0 0.30169647905778113
64.0 126.0 0.15809702077736248
66.0 0.0 0.0
66.0 2.0 0.007388124339423832
66.0 4.0 0.0
66.0 6.0 0.0
66.0 8.0 0.0
66.0 10.0 0.0
66.0 12.0 0.0
66.0 14.0 0.0032772630011559697
66.0 16.0 0.04883309338155525
66.0 18.0 0.13699242957311755
66.0 20.0 0.24857122750735075
66.0 22.0 0.3490709551886084
66.0 24.0 0.43149776675953283
66.0 26.0 0.5035142696180472
66.0 28.0 0.5611257693219611
66.0 30.0 0.5985338344021179
66.0 32.0 0.6056866015403829
66.0 34.0 0.521468037567483
66.0 36.0 0.4903617107682316
66.0 38.0 0.4298872637892998
66.0 40.0 0.32608162392759116
66.0 42.0 0.17466890660957357
66.0 44.0 0.06035041868140461
66.0 46.0 0.0021754503189986645
66.0 48.0 0.0
66.0 50.0 0.0
66.0 52.0 0.0
66.0 54.0 0.0
66.0 56.0 0.0
66.0 58.0 0.0
66.0 60.0 0.0
66.0 62.0 0.0
66.0 64.0 0.0
66.0 66.0 0.0
66.0 68.0 0.0
66.0 70.0 0.0
66.0 72.0 0.010595771539173406
66.0 74.0 0.04912787090140314
66.0 76.0 0.11884474087208248
66.0 78.0 0.20666743851920236
66.0 80.0 0.2954498452278933
66.0 82.0 0.3758801579238784
66.0 84.0 0.4341753850879427
66.0 86.0 0.4495477324941408
66.0 88.0 0.41392896138422347
66.0 90.0 0.3193013729515431
66.0 92.0 0.1704522375562293
66.0 94.0 0.03568556114462877
66.0 96.0 0.0
66.0 98.0 0.0
66.0 100.0 0.0
66.0 102.0 0.0
66.0 104.0 0.0
66.0 106.0 0.0
66.0 108.0 0.0
66.0 110.0 0.0
66.0 112.0 0.0
66.0 114.0 0.04416476096499952
66.0 116.0 0.1469739814155193
66.0 118.0 0.22615294265989613
66.0 120.0 0.30769694311526324
66.0 122.0 0.35596170973749325
66.0 124.0 0.3374966124869856
66.0 126.0 0.15383646341739757
68.0 0.0 0.0
68.0 2.0 0.007007284538912413
68.0 4.0 0.0
68.0 6.0 0.0
68.0 8.0 0.0
68.0 10.0 0.0
68.0 12.0 0.0
68.0 14.0 0.0
68.0 16.0 0.04480311881055423
68.0 18.0 0.13884781994829284
68.0 20.0 0.20151248092325577
68.0 22.0 0.28876528101979243
68.0 24.0 0.38739565230191353
68.0 26.0 0.477945033564744
68.0 28.0 0.5363583806519457
68.0 30.0 0.5724026625892326
68.0 32.0 0.5504076817640521
68.0 34.0 0.46659901259443526
68.0 36.0 0.43732384308753997
68.0 38.0 0.3771463981344691
68.0 40.0 0.2985072888913039
68.0 42.0 0.1419114341228361
68.0 44.0 0.04099001705582832
68.0 46.0 0.0
68.0 48.0 0.0
68.0 50.0 0.0
68.0 52.0 0.0
68.0 54.0 0.0
68.0 56.0 0.0
68.0 58.0 0.0
68.0 60.0 0.0
68.0 62.0 0.0
68.0 64.0 0.0
68.0 66.0 0.0
68.0 68.0 0.0
68.0 70.0 0.0
68.0 72.0 0.00931977987728508
68.0 74.0 0.03689235921774791
68.0 76.0 0.08675528289914676
68.0 78.0 0.16780045918496792
68.0 80.0 0.2480450920710963
68.0 82.0 0.3187429051613134
68.0 84.0 0.3641892328067191
68.0 86.0 0.3816839154440346
68.0 88.0 0.3411718463255558
68.0 90.0 0.24964670457506866
68.0 92.0 0.11694006842345193
68.0 94.0 0.014338505724528541
68.0 96.0 0.0
68.0 98.0 0.0
68.0 100.0 0.0
68.0 102.0 0.0
68.0 104.0 0.0
68.0 106.0 0.0
68.0 108.0 0.0
68.0 110.0 0.0
68.0 112.0 0.018898577373361064
68.0 114.0 0.11306266968848404
68.0 116.0 0.21213926622887533
68.0 118.0 0.3048624013091559
68.0 120.0 0.3791929801298008
68.0 122.0 0.3871330199790372
68.0 124.0 0.36901797285280113
68.0 126.0 0.13983282504701738
70.0 0.0 0.0
70.0 2.0 0.0035103439972846012
70.0 4.0 0.0
70.0 6.0 0.0
70.0 8.0 0.0
70.0 10.0 0.0
70.0 12.0 0.0
70.0 14.0 0.0
70.0 16.0 0.0340248728672612
70.0 18.0 0.12341335653181758
70.0 20.0 0.20154108166585946
70.0 22.0 0.2871646840756583
70.0 24.0 0.3707740816590917
70.0 26.0 0.4437388500315123
70.0 28.0 0.5001261278035177
70.0 30.0 0.5171325094720356
70.0 32.0 0.45390946042065866
70.0 34.0 0.4444909985138498
70.0 36.0 0.4092998366624278
70.0 38.0 0.3418126202061737
70.0 40.0 0.22924980328898334
70.0 42.0 0.09306496987177214
70.0 44.0 0.01854283283029706
70.0 46.0 0.0
70.0 48.0 0.0
70.0 50.0 0.0
70.0 52.0 0.0
70.0 54.0 0.0
70.0 56.0 0.0
70.0 58.0 0.0
70.0 60.0 0.0
70.0 62.0 0.0
70.0 64.0 0.0
70.0 66.0 0.0
70.0 68.0 0.0
70.0 70.0 2.5567209980292854E-4
70.0 72.0 0.009667343690693076
70.0 74.0 0.03009974840484335
70.0 76.0 0.06757217175232932
70.0 78.0 0.1133306472920431
70.0 80.0 0.18011425479474086
70.0 82.0 0.24114517386587528
70.0 84.0 0.28275623349425777
70.0 86.0 0.2950467177071413
70.0 88.0 0.25122389009602775
70.0 90.0 0.16419708653640416
70.0 92.0 0.05035826079609928
70.0 94.0 0.0
70.0 96.0 0.0
70.0 98.0 0.0
70.0 100.0 0.0
70.0 102.0 0.0
70.0 104.0 0.0
70.0 106.0 0.0
70.0 108.0 0.0
70.0 110.0 0.002975317328016249
70.0 112.0 0.07360809540826198
70.0 114.0 0.17607269329318118
70.0 116.0 0.3004180029173333
70.0 118.0 0.3813315215475129
70.0 120.0 0.4180388137025631
70.0 122.0 0.4286782477692848
70.0 124.0 0.39637916426936265
70.0 126.0 0.12966844951021825
72.0 0.0 0.0
72.0 2.0 0.0
72.0 4.0 0.0
72.0 6.0 0.0
72.0 8.0 0.0
72.0 10.0 0.0
72.0 12.0 0.0
72.0 14.0 0.0
72.0 16.0 0.03125714332437541
72.0 18.0 0.10746911320530111
72.0 20.0 0.19284358402562998
72.0 22.0 0.2651052084130035
72.0 24.0 0.3372650107688515
72.0 26.0 0.4070163422629544
72.0 28.0 0.4627708049507529
72.0 30.0 0.44991238015173823
72.0 32.0 0.3938247976915321
72.0 34.0 0.38549999549866976
72.0 36.0 0.35075709479018097
72.0 38.0 0.28314824952007334
72.0 40.0 0.15729008864031122
72.0 42.0 0.049835310329694814
72.0 44.0 0.0011280379016014917
72.0 46.0 0.0
72.0 48.0 0.0
72.0 50.0 0.0
72.0 52.0 0.0
72.0 54.0 0.0
72.0 56.0 0.0
72.0 58.0 0.0
72.0 60.0 0.0
72.0 62.0 0.0
72.0 64.0 0.0
72.0 66.0 0.0
72.0 68.0 0.0
72.0 70.0 0.0011865811037846672
72.0 72.0 0.009992706544007883
72.0 74.0 0.026600659734710957
72.0 76.0 0.05131359418747331
72.0 78.0 0.07666030829380573
72.0 80.0 0.11970977421363743
72.0 82.0 0.16417541396158117
72.0 84.0 0.19267880103293464
72.0 86.0 0.19284618200758238
72.0 88.0 0.13757403031193646
72.0 90.0 0.05733443916774337
72.0 92.0 0.0
72.0 94.0 0.0
72.0 96.0 0.0
72.0 98.0 0.0
72.0 100.0 0.0
72.0 102.0 0.0
72.0 104.0 0.0
72.0 106.0 0.0
72.0 108.0 1.0934972194360285E-4
72.0 110.0 0.043442928709353235
72.0 112.0 0.13016001185207413
72.0 114.0 0.24993370111505095
72.0 116.0 0.35822386567895514
72.0 118.0 0.4196797719449143
72.0 120.0 0.4553146501101919
72.0 122.0 0.46391339679786436
72.0 124.0 0.4199261032759312
72.0 126.0 0.1325624757801939
74.0 0.0 0.0
74.0 2.0 0.0
74.0 4.0 0.0
74.0 6.0 0.0
74.0 8.0 0.0
74.0 10.0 0.0
74.0 12.0 0.0
74.0 14.0 0.0
74.0 16.0 0.020622083026800745
74.0 18.0 0.0694446442833949
74.0 20.0 0.11177445111790019
74.0 22.0 0.18655606354767784
74.0 24.0 0.2657290239308358
74.0 26.0 0.34004211819401076
74.0 28.0 0.3542373420516533
74.0 30.0 0.3635970064729763
74.0 32.0 0.3601713382995573
74.0 34.0 0.31702686194927404
74.0 36.0 0.28105340670699797
74.0 38.0 0.20931445856001404
74.0 40.0 0.08943565730463372
74.0 42.0 0.0177980933205009
74.0 44.0 0.0
74.0 46.0 0.0
74.0 48.0 0.0
74.0 50.0 0.0
74.0 52.0 0.0
74.0 54.0 0.0
74.0 56.0 0.0
74.0 58.0 0.0
74.0 60.0 0.0
74.0 62.0 0.0
74.0 64.0 0.0
74.0 66.0 0.0
74.0 68.0 0.0
74.0 70.0 0.002863988588653304
74.0 72.0 0.01118764772867121
74.0 74.0 0.02686291387810398
74.0 76.0 0.044844534509077986
74.0 78.0 0.0669448012014355
74.0 80.0 0.08241785346987258
74.0 82.0 0.1021595927350798
74.0 84.0 0.11413472822651265
74.0 86.0 0.09653707704730542
74.0 88.0 0.03028307979265084
74.0 90.0 1.9913350247622575E-5
74.0 92.0 0.0
74.0 94.0 0.0
74.0 96.0 0.0
74.0 98.0 0.0
74.0 100.0 0.0
74.0 102.0 0.0
74.0 104.0 0.0
74.0 106.0 0.002522705054326686
74.0 108.0 0.028645354403554094
74.0 110.0 0.0853694296768625
74.0 112.0 0.1717568951057128
74.0 114.0 0.27551764001509926
74.0 116.0 0.3853703873699104
74.0 118.0 0.4490279273015567
74.0 120.0 0.4810252963594816
74.0 122.0 0.4895097375285238
74.0 124.0 0.43760893652115357
74.0 126.0 0.1320213610525815
76.0 0.0 0.0
76.0 2.0 0.0
76.0 4.0 0.0
76.0 6.0 0.0
76.0 8.0 0.0
76.0 10.0 0.0
76.0 12.0 0.0
76.0 14.0 0.0
76.0 16.0 0.0
76.0 18.0 0.0
76.0 20.0 0.03276048257054052
76.0 22.0 0.09216544020805434
76.0 24.0 0.16024014397206351
76.0 26.0 0.2164938400258011
76.0 28.0 0.2751031271695947
76.0 30.0 0.30486837359883684
76.0 32.0 0.3107436413879915
76.0 34.0 0.2937553690829357
76.0 36.0 0.2245837212491548
76.0 38.0 0.12705895977776754
76.0 40.0 0.03637477692198921
76.0 42.0 0.0
76.0 44.0 0.0
76.0 46.0 0.0
76.0 48.0 0.0
76.0 50.0 0.0
76.0 52.0 0.0
76.0 54.0 0.0
76.0 56.0 0.0
76.0 58.0 0.0
76.0 60.0 0.0
76.0 62.0 0.0
76.0 64.0 0.0
76.0 66.0 0.0
76.0 68.0 0.003928926460812412
76.0 70.0 0.011084097476875375
76.0 72.0 0.021446111490840872
76.0 74.0 0.038487914927745843
76.0 76.0 0.049907151192222714
76.0 78.0 0.06087092320449201
76.0 80.0 0.0701686075773948
76.0 82.0 0.07224152715399494
76.0 84.0 0.05950366341936161
76.0 86.0 0.014157981672416534
76.0 88.0 0.0
76.0 90.0 0.0
76.0 92.0 0.0
76.0 94.0 0.0
76.0 96.0 0.0
76.0 98.0 0.0
76.0 100.0 0.0
76.0 102.0 0.0
76.0 104.0 0.008216114148149115
76.0 106.0 0.029930377469719546
76.0 108.0 0.06469065544005871
76.0 110.0 0.12094457595392649
76.0 112.0 0.1932476683626112
76.0 114.0 0.29497105786942535
76.0 116.0 0.3986904999137992
76.0 118.0 0.45975003079034865
76.0 120.0 0.4915046238994121
76.0 122.0 0.4998764890332929
76.0 124.0 0.43267964068309034
76.0 126.0 0.0
78.0 0.0 0.0
78.0 2.0 0.07325419474030397
78.0 4.0 0.0
78.0 6.0 0.0
78.0 8.0 0.0
78.0 10.0 0.0
78.0 12.0 0.0
78.0 14.0 0.0
78.0 16.0 0.0
78.0 18.0 0.0
78.0 20.0 0.0
78.0 22.0 0.0
78.0 24.0 0.037272042633976356
78.0 26.0 0.1247320405902867
78.0 28.0 0.19101620457304358
78.0 30.0 0.23211228325265773
78.0 32.0 0.24816192354634378
78.0 34.0 0.20783858626079801
78.0 36.0 0.13262900631530752
78.0 38.0 0.04431318420842879
78.0 40.0 0.003363891425535906
78.0 42.0 0.0
78.0 44.0 0.0
78.0 46.0 0.0
78.0 48.0 0.0
78.0 50.0 0.0
78.0 52.0 0.0
78.0 54.0 0.0
78.0 56.0 0.0
78.0 58.0 0.0
78.0 60.0 0.0
78.0 62.0 0.0
78.0 64.0 0.0
78.0 66.0 0.015334888455070576
78.0 68.0 0.032168930905051664
78.0 70.0 0.04575617573310526
78.0 72.0 0.06579510261494502
78.0 74.0 0.07701917774170523
78.0 76.0 0.07617953569113356
78.0 78.0 0.07154761185822649
78.0 80.0 0.06109116272325262
78.0 82.0 0.04524812479049171
78.0 84.0 0.02254327784902164
78.0 86.0 0.0
78.0 88.0 0.0
78.0 90.0 0.0
78.0 92.0 0.0
78.0 94.0 0.0
78.0 96.0 0.0
78.0 98.0 0.0
78.0 100.0 0.0
78.0 102.0 2.8788098815670066E-5
78.0 104.0 0.012551644464332821
78.0 106.0 0.04311666592201848
78.0 108.0 0.08206926614208944
78.0 110.0 0.13628857964569976
78.0 112.0 0.19805417550444093
78.0 114.0 0.3065441154524526
78.0 116.0 0.3909268506135977
78.0 118.0 0.4549825536576398
78.0 120.0 0.49234200052099436
78.0 122.0 0.5023618232460092
78.0 124.0 0.4127630349382285
78.0 126.0 0.0
80.0 0.0 0.0
80.0 2.0 0.0
80.0 4.0 0.09160457216686528
80.0 6.0 0.0
80.0 8.0 0.0
80.0 10.0 0.0023833010929359168
80.0 12.0 0.0
80.0 14.0 0.0
80.0 16.0 0.0
80.0 18.0 0.0
80.0 20.0 0.0
80.0 22.0 0.0
80.0 24.0 0.0
80.0 26.0 0.026548041047241094
80.0 28.0 0.08654387164048932
80.0 30.0 0.1440660174348116
80.0 32.0 0.1522032017103456
80.0 34.0 0.10171802511439154
80.0 36.0 0.03244958639538578
80.0 38.0 0.0016593881406921772
80.0 40.0 0.0
80.0 42.0 0.0
80.0 44.0 0.0
80.0 46.0 0.0
80.0 48.0 0.0
80.0 50.0 0.0
80.0 52.0 0.0
80.0 54.0 0.0
80.0 56.0 0.0
80.0 58.0 0.0
80.0 60.0 0.0
80.0 62.0 0.004557313036934261
80.0 64.0 0.04621161609118282
80.0 66.0 0.09566304530867009
80.0 68.0 0.13429780496354746
80.0 70.0 0.15975201313430037
80.0 72.0 0.16981898149776212
80.0 74.0 0.16136696528906877
80.0 76.0 0.13940013183446964
80.0 78.0 0.11821699669588426
80.0 80.0 0.08730986855000923
80.0 82.0 0.04970333349927023
80.0 84.0 0.0
80.0 86.0 0.0
80.0 88.0 0.0
80.0 90.0 0.0
80.0 92.0 0.0
80.0 94.0 0.0
80.0 96.0 0.0
80.0 98.0 0.0
80.0 100.0 0.0
80.0 102.0 0.0
80.0 104.0 0.0035442387018999374
80.0 106.0 0.03298638113592522
80.0 108.0 0.07933982301949154
80.0 110.0 0.14246402632699662
80.0 112.0 0.21992190830828504
80.0 114.0 0.2904411673187703
80.0 116.0 0.36762026139179643
80.0 118.0 0.4337377712680212
80.0 120.0 0.4810216895495801
80.0 122.0 0.4866174463068869
80.0 124.0 0.3683622427335276
80.0 126.0 0.0
82.0 0.0 0.0
82.0 2.0 0.0
82.0 4.0 0.20895948336184045
82.0 6.0 0.1719590850703947
82.0 8.0 0.16581108152088256
82.0 10.0 0.11726159843131612
82.0 12.0 0.030191293936314867
82.0 14.0 0.0
82.0 16.0 0.0
82.0 18.0 0.0
82.0 20.0 0.0
82.0 22.0 0.0
82.0 24.0 0.0
82.0 26.0 0.0
82.0 28.0 0.0
82.0 30.0 0.014007471199077885
82.0 32.0 0.03751742127655371
82.0 34.0 0.005747830803400535
82.0 36.0 0.0
82.0 38.0 0.0
82.0 40.0 0.0
82.0 42.0 0.0
82.0 44.0 0.0
82.0 46.0 0.0
82.0 48.0 0.0
82.0 50.0 0.0
82.0 52.0 0.0
82.0 54.0 0.0
82.0 56.0 0.0
82.0 58.0 0.0
82.0 60.0 0.01118697545930888
82.0 62.0 0.07494984868233599
82.0 64.0 0.1481352270428844
82.0 66.0 0.2039805527027142
82.0 68.0 0.24088429668406527
82.0 70.0 0.26052096800607294
82.0 72.0 0.2598268623543391
82.0 74.0 0.23452517546343143
82.0 76.0 0.19571360350153344
82.0 78.0 0.15292439763239343
82.0 80.0 0.10100354168459935
82.0 82.0 0.03068962061972605
82.0 84.0 0.0
82.0 86.0 0.0
82.0 88.0 0.0
82.0 90.0 0.0
82.0 92.0 0.0
82.0 94.0 0.0
82.0 96.0 0.0
82.0 98.0 0.0
82.0 100.0 0.0
82.0 102.0 0.0
82.0 104.0 0.0
82.0 106.0 0.007986051598107361
82.0 108.0 0.05003797653621015
82.0 110.0 0.10792271006736516
82.0 112.0 0.17021431101742426
82.0 114.0 0.265104420115313
82.0 116.0 0.3402712383669037
82.0 118.0 0.40204819387952156
82.0 120.0 0.4552479607284126
82.0 122.0 0.4517429885969784
82.0 124.0 0.3142100441588089
82.0 126.0 0.0
84.0 0.0 0.0
84.0 2.0 0.0
84.0 4.0 0.36141186759045807
84.0 6.0 0.3444115396482992
84.0 8.0 0.26637445987429154
84.0 10.0 0.18523354569178643
84.0 12.0 0.0666712922883582
84.0 14.0 0.0037029687800851367
84.0 16.0 0.0
84.0 18.0 0.0
84.0 20.0 0.0
84.0 22.0 0.0
84.0 24.0 0.0
84.0 26.0 0.0
84.0 28.0 0.0
84.0 30.0 0.0
84.0 32.0 0.0
84.0 34.0 0.0
84.0 36.0 0.0
84.0 38.0 0.0
84.0 40.0 0.0
84.0 42.0 0.0
84.0 44.0 0.0
84.0 46.0 0.0
84.0 48.0 0.0
84.0 50.0 0.0
84.0 52.0 0.0
84.0 54.0 0.0
84.0 56.0 0.0
84.0 58.0 0.013162297421952662
84.0 60.0 0.06835131809288282
84.0 62.0 0.14798622877342482
84.0 64.0 0.22357250086723077
84.0 66.0 0.27528287914906213
84.0 68.0 0.3096745539738039
84.0 70.0 0.32585337191051783
84.0 72.0 0.3171443558096759
84.0 74.0 0.2867633899336789
84.0 76.0 0.24325933939908626
84.0 78.0 0.18095320105337107
84.0 80.0 0.10550538310868983
84.0 82.0 0.026038446652466588
84.0 84.0 0.0
84.0 86.0 0.0
84.0 88.0 0.0
84.0 90.0 0.0
84.0 92.0 0.0
84.0 94.0 0.0
84.0 96.0 0.0
84.0 98.0 0.0
84.0 100.0 0.0
84.0 102.0 0.0
84.0 104.0 0.0
84.0 106.0 0.0
84.0 108.0 0.018123785512897783
84.0 110.0 0.07760656594542038
84.0 112.0 0.1481498353184433
84.0 114.0 0.20728608665055084
84.0 116.0 0.30435136480456243
84.0 118.0 0.3623527618490507
84.0 120.0 0.4164391758401427
84.0 122.0 0.41349400250544904
84.0 124.0 0.0
84.0 126.0 0.0
86.0 0.0 0.0
86.0 2.0 0.0
86.0 4.0 0.0
86.0 6.0 0.4512146253576936
86.0 8.0 0.3322446892134485
86.0 10.0 0.2389733891744216
86.0 12.0 0.12785578438726256
86.0 14.0 0.02055158717987646
86.0 16.0 0.0
86.0 18.0 0.0
86.0 20.0 0.0
86.0 22.0 0.0
86.0 24.0 0.0
86.0 26.0 0.0
86.0 28.0 0.0
86.0 30.0 0.0
86.0 32.0 0.0
86.0 34.0 0.0
86.0 36.0 0.0
86.0 38.0 0.0
86.0 40.0 0.0
86.0 42.0 0.0
86.0 44.0 0.0
86.0 46.0 0.003232402955772869
86.0 48.0 0.0
86.0 50.0 0.0
86.0 52.0 0.0
86.0 54.0 0.0
86.0 56.0 0.006606852110295783
86.0 58.0 0.03960460373097358
86.0 60.0 0.10808010390246048
86.0 62.0 0.19382488266506245
86.0 64.0 0.26456294916764317
86.0 66.0 0.317191967854357
86.0 68.0 0.3529558770094096
86.0 70.0 0.36987168129463005
86.0 72.0 0.36527240162679014
86.0 74.0 0.3300625280778366
86.0 76.0 0.26630958350653294
86.0 78.0 0.18613244382802815
86.0 80.0 0.09185108792428949
86.0 82.0 0.024730779567497797
86.0 84.0 0.0
86.0 86.0 0.0
86.0 88.0 0.0
86.0 90.0 0.0
86.0 92.0 0.0
86.0 94.0 0.0
86.0 96.0 0.0
86.0 98.0 0.0
86.0 100.0 0.0
86.0 102.0 0.0
86.0 104.0 0.0
86.0 106.0 0.0
86.0 108.0 0.0
86.0 110.0 0.03501063740631332
86.0 112.0 0.11504223005861051
86.0 114.0 0.18432854802949117
86.0 116.0 0.26564730128491815
86.0 118.0 0.3167332869113643
86.0 120.0 0.36631395932634997
86.0 122.0 0.3629937464264143
86.0 124.0 0.0
86.0 126.0 0.0
88.0 0.0 0.0
88.0 2.0 0.0
88.0 4.0 0.0
88.0 6.0 0.39838703939277226
88.0 8.0 0.2931275822199322
88.0 10.0 0.2155433249173079
88.0 12.0 0.11972933551995096
88.0 14.0 0.021244206928667544
88.0 16.0 0.0
88.0 18.0 0.0
88.0 20.0 0.0
88.0 22.0 0.0
88.0 24.0 0.0
88.0 26.0 0.0
88.0 28.0 0.0
88.0 30.0 0.0
88.0 32.0 0.0
88.0 34.0 0.0
88.0 36.0 0.0
88.0 38.0 2.8050488051603747E-4
88.0 40.0 7.700384545818589E-4
88.0 42.0 0.024149804245271644
88.0 44.0 0.02897860446076533
88.0 46.0 0.025897528417655646
88.0 48.0 0.007211675970274099
88.0 50.0 0.002467067548439284
88.0 52.0 0.001090585338713754
88.0 54.0 0.002649768858450509
88.0 56.0 0.015155367186516387
88.0 58.0 0.055108926556635705
88.0 60.0 0.12630655490137868
88.0 62.0 0.20331755531474147
88.0 64.0 0.2788715008464819
88.0 66.0 0.3386226929297021
88.0 68.0 0.4180696422502479
88.0 70.0 0.45547017337686535
88.0 72.0 0.42947365544282384
88.0 74.0 0.3226561828289144
88.0 76.0 0.2672862922329144
88.0 78.0 0.1926543946562822
88.0 80.0 0.10682088800800012
88.0 82.0 0.01951160411818836
88.0 84.0 0.0
88.0 86.0 0.0
88.0 88.0 0.0
88.0 90.0 0.0
88.0 92.0 0.0
88.0 94.0 0.0
88.0 96.0 0.0
88.0 98.0 0.0
88.0 100.0 0.0
88.0 102.0 0.0
88.0 104.0 0.0
88.0 106.0 0.0
88.0 108.0 0.0
88.0 110.0 0.0025109549415442945
88.0 112.0 0.06794482513757504
88.0 114.0 0.15082134946494172
88.0 116.0 0.2242691880183103
88.0 118.0 0.2421163643772601
88.0 120.0 0.3033382932768949
88.0 122.0 0.2874649611927761
88.0 124.0 0.0
88.0 126.0 0.0
90.0 0.0 0.0
90.0 2.0 0.0
90.0 4.0 0.0
90.0 6.0 0.2944812335046877
90.0 8.0 0.2399006955448378
90.0 10.0 0.17681024987145957
90.0 12.0 0.09414240317727397
90.0 14.0 0.015026703560291602
90.0 16.0 0.0
90.0 18.0 0.0
90.0 20.0 0.0
90.0 22.0 0.0
90.0 24.0 0.0
90.0 26.0 0.0
90.0 28.0 0.0
90.0 30.0 0.0
90.0 32.0 0.0
90.0 34.0 0.008066807243859114
90.0 36.0 0.02636290222003659
90.0 38.0 0.04102381494363865
90.0 40.0 0.058274866054721645
90.0 42.0 0.06392551368135993
90.0 44.0 0.04774506688352694
90.0 46.0 0.03644878168198291
90.0 48.0 0.017311330100128128
90.0 50.0 0.00481277601566658
90.0 52.0 2.1339594925125278E-4
90.0 54.0 5.573447490883164E-4
90.0 56.0 0.008464167025615268
90.0 58.0 0.041218362722098265
90.0 60.0 0.1110154954076687
90.0 62.0 0.20034709969099004
90.0 64.0 0.28350045699293197
90.0 66.0 0.3764704708547882
90.0 68.0 0.4379786180949115
90.0 70.0 0.4654847731337539
90.0 72.0 0.4591811892967937
90.0 74.0 0.33650957720731633
90.0 76.0 0.2800052326051418
90.0 78.0 0.1990245676954402
90.0 80.0 0.0989608680068872
90.0 82.0 0.02499026634908366
90.0 84.0 0.0
90.0 86.0 0.0
90.0 88.0 0.0
90.0 90.0 0.0
90.0 92.0 0.0
90.0 94.0 0.0
90.0 96.0 0.0
90.0 98.0 0.0
90.0 100.0 0.0
90.0 102.0 0.0
90.0 104.0 0.0
90.0 106.0 0.0
90.0 108.0 0.0
90.0 110.0 0.0
90.0 112.0 0.02785711332283844
90.0 114.0 0.10464379070881547
90.0 116.0 0.16472434786524726
90.0 118.0 0.22162461641976836
90.0 120.0 0.2330273078584266
90.0 122.0 0.0
90.0 124.0 0.0
90.0 126.0 0.0
92.0 0.0 0.0
92.0 2.0 0.0
92.0 4.0 0.0
92.0 6.0 0.0
92.0 8.0 0.16345872418062118
92.0 10.0 0.14312970028385963
92.0 12.0 0.09083539297768096
92.0 14.0 0.020691413370756775
92.0 16.0 0.0
92.0 18.0 0.0
92.0 20.0 0.0
92.0 22.0 0.0
92.0 24.0 0.0
92.0 26.0 0.0
92.0 28.0 0.0
92.0 30.0 0.0
92.0 32.0 0.0
92.0 34.0 0.02198705623937665
92.0 36.0 0.06952347770133885
92.0 38.0 0.10428800504454074
92.0 40.0 0.13746430276919405
92.0 42.0 0.14969166900676623
92.0 44.0 0.12954495167700364
92.0 46.0 0.07651633048194471
92.0 48.0 0.013403853827659807
92.0 50.0 0.0
92.0 52.0 0.0
92.0 54.0 0.0
92.0 56.0 0.0
92.0 58.0 0.011692357048637372
92.0 60.0 0.0724978024078557
92.0 62.0 0.16434625833224273
92.0 64.0 0.25413557762258704
92.0 66.0 0.3559779886610923
92.0 68.0 0.4130495817896209
92.0 70.0 0.4623009747113958
92.0 72.0 0.4721608145782838
92.0 74.0 0.3545764177139421
92.0 76.0 0.2819777272333209
92.0 78.0 0.20299372567374319
92.0 80.0 0.09958476279655291
92.0 82.0 0.026394468952461125
92.0 84.0 0.0
92.0 86.0 0.0
92.0 88.0 0.0
92.0 90.0 0.0
92.0 92.0 0.0
92.0 94.0 0.0
92.0 96.0 0.0
92.0 98.0 0.0
92.0 100.0 0.0
92.0 102.0 0.0
92.0 104.0 0.0
92.0 106.0 0.0
92.0 108.0 0.0
92.0 110.0 0.0
92.0 112.0 0.0010920345775056785
92.0 114.0 0.05684542827838179
92.0 116.0 0.11686416936306265
92.0 118.0 0.16115710241287634
92.0 120.0 0.1539678832718804
92.0 122.0 0.0
92.0 124.0 0.0
92.0 126.0 0.0
94.0 0.0 0.0
94.0 2.0 0.0
94.0 4.0 0.0
94.0 6.0 0.0
94.0 8.0 0.056778173168785466
94.0 10.0 0.07764104408864157
94.0 12.0 0.04392699242512482
94.0 14.0 0.005470105932176881
94.0 16.0 0.0
94.0 18.0 0.0
94.0 20.0 0.0
94.0 22.0 0.0
94.0 24.0 0.0
94.0 26.0 0.0
94.0 28.0 0.0
94.0 30.0 0.0
94.0 32.0 3.5602364733653883E-4
94.0 34.0 0.04403893253195679
94.0 36.0 0.12082434246019874
94.0 38.0 0.18150607760697332
94.0 40.0 0.23032806876417503
94.0 42.0 0.24965457407440964
94.0 44.0 0.21124619053576107
94.0 46.0 0.11267327142287252
94.0 48.0 0.004219932055417274
94.0 50.0 0.0
94.0 52.0 0.0
94.0 54.0 0.0
94.0 56.0 0.0
94.0 58.0 0.0
94.0 60.0 0.02571771746034433
94.0 62.0 0.10269389852197224
94.0 64.0 0.2002341575880805
94.0 66.0 0.29042950662946326
94.0 68.0 0.35260824215589187
94.0 70.0 0.41140947596949534
94.0 72.0 0.4283455822529385
94.0 74.0 0.35649395764443503
94.0 76.0 0.2668333773814317
94.0 78.0 0.20042998397886327
94.0 80.0 0.09821842760705075
94.0 82.0 0.027293254184970653
94.0 84.0 0.0
94.0 86.0 0.0
94.0 88.0 0.0
94.0 90.0 0.0
94.0 92.0 0.0
94.0 94.0 0.0
94.0 96.0 0.0
94.0 98.0 0.0
94.0 100.0 0.0
94.0 102.0 0.0
94.0 104.0 0.0
94.0 106.0 0.0
94.0 108.0 0.0
94.0 110.0 0.0
94.0 112.0 0.0
94.0 114.0 0.02467587500980316
94.0 116.0 0.07297777697838305
94.0 118.0 0.08274983453102032
94.0 120.0 0.0
94.0 122.0 0.0
94.0 124.0 0.0
94.0 126.0 0.0
96.0 0.0 0.0
96.0 2.0 0.0
96.0 4.0 0.0
96.0 6.0 0.0
96.0 8.0 0.0
96.0 10.0 0.017503768575688746
96.0 12.0 1.3594255572469416E-4
96.0 14.0 1.090326635473228E-4
96.0 16.0 0.0
96.0 18.0 0.0
96.0 20.0 0.0
96.0 22.0 0.0
96.0 24.0 0.0
96.0 26.0 0.0
96.0 28.0 0.0
96.0 30.0 0.0
96.0 32.0 0.009528371913668883
96.0 34.0 0.07408165480397727
96.0 36.0 0.17855464675774899
96.0 38.0 0.25589184186730074
96.0 40.0 0.3197212465587507
96.0 42.0 0.335044602651325
96.0 44.0 0.27906332251700006
96.0 46.0 0.15082942664951718
96.0 48.0 0.017191143826951777
96.0 50.0 0.0
96.0 52.0 0.0
96.0 54.0 0.0
96.0 56.0 0.0
96.0 58.0 0.0
96.0 60.0 0.0
96.0 62.0 0.02818136796721736
96.0 64.0 0.11722398443593152
96.0 66.0 0.19916648958335922
96.0 68.0 0.2672008480509033
96.0 70.0 0.32814042319241177
96.0 72.0 0.3539653091124271
96.0 74.0 0.33648786328633484
96.0 76.0 0.2761465751194001
96.0 78.0 0.17574033654922125
96.0 80.0 0.08406586737125189
96.0 82.0 0.022314408697391524
96.0 84.0 0.0
96.0 86.0 0.0
96.0 88.0 0.0
96.0 90.0 0.0
96.0 92.0 0.0
96.0 94.0 0.0
96.0 96.0 0.0
96.0 98.0 0.0
96.0 100.0 0.0
96.0 102.0 0.0
96.0 104.0 0.0
96.0 106.0 0.0
96.0 108.0 0.0
96.0 110.0 0.0
96.0 112.0 0.0
96.0 114.0 0.004836931707026924
96.0 116.0 0.025153002118984153
96.0 118.0 0.021832204921188633
96.0 120.0 0.0
96.0 122.0 0.0
96.0 124.0 0.0
96.0 126.0 0.0
98.0 0.0 0.0
98.0 2.0 0.0
98.0 4.0 0.0
98.0 6.0 0.0
98.0 8.0 0.0
98.0 10.0 0.0
98.0 12.0 0.004503290331859737
98.0 14.0 0.0
98.0 16.0 0.0
98.0 18.0 0.0
98.0 20.0 0.0
98.0 22.0 0.0
98.0 24.0 0.0
98.0 26.0 0.0
98.0 28.0 0.0
98.0 30.0 0.0
98.0 32.0 0.022822225400567706
98.0 34.0 0.10516082048204874
98.0 36.0 0.22782875584575776
98.0 38.0 0.3250782626549161
98.0 40.0 0.3896202485980489
98.0 42.0 0.39114551800375436
98.0 44.0 0.31577873317399985
98.0 46.0 0.16927990141221846
98.0 48.0 0.026843880714433777
98.0 50.0 0.0
98.0 52.0 0.0
98.0 54.0 0.0
98.0 56.0 0.0
98.0 58.0 0.0
98.0 60.0 0.0
98.0 62.0 0.0
98.0 64.0 0.027869315191294607
98.0 66.0 0.1069042640611823
98.0 68.0 0.17928166098126108
98.0 70.0 0.23758430992670587
98.0 72.0 0.2833004411809656
98.0 74.0 0.2721827914624406
98.0 76.0 0.22545831094375243
98.0 78.0 0.14674420123046655
98.0 80.0 0.06605583444951947
98.0 82.0 0.022949955274184156
98.0 84.0 8.214122391084041E-4
98.0 86.0 0.0
98.0 88.0 0.0
98.0 90.0 0.0
98.0 92.0 0.0
98.0 94.0 0.0
98.0 96.0 0.0
98.0 98.0 0.0
98.0 100.0 0.0
98.0 102.0 0.0
98.0 104.0 0.0
98.0 106.0 0.0
98.0 108.0 0.0
98.0 110.0 0.0
98.0 112.0 0.0
98.0 114.0 0.0
98.0 116.0 0.001240870431307648
98.0 118.0 0.0
98.0 120.0 0.0
98.0 122.0 0.0
98.0 124.0 0.0
98.0 126.0 0.0
100.0 0.0 0.0
100.0 2.0 0.0
100.0 4.0 0.0
100.0 6.0 0.0
100.0 8.0 0.0
100.0 10.0 0.0
100.0 12.0 0.0
100.0 14.0 0.0
100.0 16.0 0.0
100.0 18.0 0.0
100.0 20.0 0.0
100.0 22.0 0.0
100.0 24.0 0.0
100.0 26.0 0.0
100.0 28.0 0.0
100.0 30.0 0.0
100.0 32.0 0.028278692950900713
100.0 34.0 0.15554093878891925
100.0 36.0 0.26413100967823916
100.0 38.0 0.38073786940072263
100.0 40.0 0.438835793558427
100.0 42.0 0.4204857594931528
100.0 44.0 0.32738844443874143
100.0 46.0 0.16248646312892387
100.0 48.0 0.027616192816554034
100.0 50.0 0.0
100.0 52.0 0.0
100.0 54.0 0.0
100.0 56.0 0.0
100.0 58.0 0.0
100.0 60.0 0.0
100.0 62.0 0.0
100.0 64.0 0.0
100.0 66.0 0.028064390459691238
100.0 68.0 0.09908038315333838
100.0 70.0 0.1612946410969159
100.0 72.0 0.2068620107340439
100.0 74.0 0.19779768841821233
100.0 76.0 0.16408082054608272
100.0 78.0 0.10326606379716054
100.0 80.0 0.06436664181141384
100.0 82.0 0.040772218936019046
100.0 84.0 0.008308450986222968
100.0 86.0 0.0
100.0 88.0 0.0
100.0 90.0 0.0
100.0 92.0 0.0
100.0 94.0 0.0
100.0 96.0 0.0
100.0 98.0 0.0
100.0 100.0 0.0
100.0 102.0 0.0
100.0 104.0 0.0
100.0 106.0 0.0
100.0 108.0 0.0
100.0 110.0 0.0
100.0 112.0 0.0
100.0 114.0 0.0
100.0 116.0 0.0
100.0 118.0 0.0
100.0 120.0 0.0
100.0 122.0 0.0
100.0 124.0 0.0
100.0 126.0 0.0
102.0 0.0 0.0
102.0 2.0 0.0
102.0 4.0 0.0
102.0 6.0 0.0
102.0 8.0 0.0
102.0 10.0 0.0
102.0 12.0 0.0
102.0 14.0 0.0
102.0 16.0 0.0
102.0 18.0 0.0
102.0 20.0 0.0
102.0 22.0 0.0
102.0 24.0 0.0
102.0 26.0 0.0
102.0 28.0 0.0
102.0 30.0 0.0
102.0 32.0 0.05758046605706508
102.0 34.0 0.17762887846430317
102.0 36.0 0.33139178360813387
102.0 38.0 0.42635108914142683
102.0 40.0 0.4694779180952832
102.0 42.0 0.43265486071361153
102.0 44.0 0.3210610091542785
102.0 46.0 0.1478260366649223
102.0 48.0 0.024434193590999288
102.0 50.0 0.0
102.0 52.0 0.0
102.0 54.0 0.0
102.0 56.0 0.0
102.0 58.0 0.0
102.0 60.0 0.0
102.0 62.0 0.0
102.0 64.0 0.0
102.0 66.0 8.109499102002077E-4
102.0 68.0 0.040752315024386684
102.0 70.0 0.09607686989933205
102.0 72.0 0.1367127687479411
102.0 74.0 0.13201755278072522
102.0 76.0 0.09863611503904816
102.0 78.0 0.05223194584583587
102.0 80.0 0.03673003971496018
102.0 82.0 0.053142155335535145
102.0 84.0 0.032628222990627884
102.0 86.0 0.014598028445050829
102.0 88.0 0.004123622287321224
102.0 90.0 0.0
102.0 92.0 0.0
102.0 94.0 0.0
102.0 96.0 0.0
102.0 98.0 0.0
102.0 100.0 0.0
102.0 102.0 0.0
102.0 104.0 0.0
102.0 106.0 0.0
102.0 108.0 0.0
102.0 110.0 0.0
102.0 112.0 0.0
102.0 114.0 0.0
102.0 116.0 0.0
102.0 118.0 0.0
102.0 120.0 0.0
102.0 122.0 0.0
102.0 124.0 0.0
102.0 126.0 0.0
104.0 0.0 0.0
104.0 2.0 0.0
104.0 4.0 0.0
104.0 6.0 0.0
104.0 8.0 0.0
104.0 10.0 0.0
104.0 12.0 0.0
104.0 14.0 0.0
104.0 16.0 0.0
104.0 18.0 0.0
104.0 20.0 0.0
104.0 22.0 0.0
104.0 24.0 0.0
104.0 26.0 0.0
104.0 28.0 0.0
104.0 30.0 0.002609733368890138
104.0 32.0 0.09873844046753118
104.0 34.0 0.22680448510954968
104.0 36.0 0.37647875702680095
104.0 38.0 0.4619823590234035
104.0 40.0 0.49096690836863494
104.0 42.0 0.43474529654315036
104.0 44.0 0.3102563138652052
104.0 46.0 0.13122069398664235
104.0 48.0 0.021966711211367212
104.0 50.0 0.0
104.0 52.0 0.0
104.0 54.0 0.0
104.0 56.0 0.0
104.0 58.0 0.0
104.0 60.0 0.0
104.0 62.0 0.0
104.0 64.0 0.0
104.0 66.0 0.0
104.0 68.0 0.015784676674998884
104.0 70.0 0.059821875320978414
104.0 72.0 0.09232141274761833
104.0 74.0 0.08194374465712899
104.0 76.0 0.03954910531423702
104.0 78.0 0.0036742424767192
104.0 80.0 0.013423923533394146
104.0 82.0 0.06178087438095386
104.0 84.0 0.0682086425330877
104.0 86.0 0.059299424946355435
104.0 88.0 0.04424793758092751
104.0 90.0 0.004943949267562405
104.0 92.0 0.010271314443285969
104.0 94.0 0.0
104.0 96.0 0.0
104.0 98.0 0.0
104.0 100.0 0.0
104.0 102.0 0.0
104.0 104.0 0.0
104.0 106.0 0.0
104.0 108.0 0.0
104.0 110.0 0.0
104.0 112.0 0.0
104.0 114.0 0.0
104.0 116.0 0.0
104.0 118.0 0.0
104.0 120.0 0.0
104.0 122.0 0.0
104.0 124.0 0.0
104.0 126.0 0.0
106.0 0.0 0.0
106.0 2.0 0.0
106.0 4.0 0.0
106.0 6.0 0.0
106.0 8.0 0.0
106.0 10.0 0.0
106.0 12.0 0.0
106.0 14.0 0.0
106.0 16.0 0.0
106.0 18.0 0.0
106.0 20.0 0.0
106.0 22.0 0.0
106.0 24.0 0.0
106.0 26.0 0.0
106.0 28.0 0.0
106.0 30.0 0.007097842025041823
106.0 32.0 0.12089403210952869
106.0 34.0 0.25091619398727694
106.0 36.0 0.39700318866613515
106.0 38.0 0.49449334762298663
106.0 40.0 0.5068937974401937
106.0 42.0 0.4331964751278379
106.0 44.0 0.29726274050871204
106.0 46.0 0.11946590765343627
106.0 48.0 0.01920144731669418
106.0 50.0 0.0
106.0 52.0 0.0
106.0 54.0 0.0
106.0 56.0 0.0
106.0 58.0 0.0
106.0 60.0 0.0
106.0 62.0 0.0
106.0 64.0 0.0
106.0 66.0 0.0
106.0 68.0 0.0
106.0 70.0 0.03776798693896966
106.0 72.0 0.06721554626523894
106.0 74.0 0.06601294761438305
106.0 76.0 0.02314577030828269
106.0 78.0 0.00423527587966228
106.0 80.0 0.0010219466280123881
106.0 82.0 0.06117649255390545
106.0 84.0 0.08350991451974309
106.0 86.0 0.07958146873794446
106.0 88.0 0.08722535198576777
106.0 90.0 0.06343448383878549
106.0 92.0 0.07799094175003017
106.0 94.0 0.045090652436076996
106.0 96.0 0.004308282271427141
106.0 98.0 0.0
106.0 100.0 0.0
106.0 102.0 0.0
106.0 104.0 0.0
106.0 106.0 0.0
106.0 108.0 0.0
106.0 110.0 0.0
106.0 112.0 0.0
106.0 114.0 0.0
106.0 116.0 0.0
106.0 118.0 0.0
106.0 120.0 0.0
106.0 122.0 0.0
106.0 124.0 0.0
106.0 126.0 0.0
108.0 0.0 0.0
108.0 2.0 0.0
108.0 4.0 0.0
108.0 6.0 0.0
108.0 8.0 0.0
108.0 10.0 0.0
108.0 12.0 0.0
108.0 14.0 0.0
108.0 16.0 0.0
108.0 18.0 0.0
108.0 20.0 0.0
108.0 22.0 0.0
108.0 24.0 0.0
108.0 26.0 0.0
108.0 28.0 0.0
108.0 30.0 0.028282464923723518
108.0 32.0 0.13929846179276847
108.0 34.0 0.27839884976378243
108.0 36.0 0.4034700502663457
108.0 38.0 0.4726739537679631
108.0 40.0 0.48734873735768375
108.0 42.0 0.41785275992879956
108.0 44.0 0.2855323296414719
108.0 46.0 0.11577718905898189
108.0 48.0 0.02052318898560085
108.0 50.0 0.0
108.0 52.0 0.0
108.0 54.0 0.0
108.0 56.0 0.0
108.0 58.0 0.0
108.0 60.0 0.0
108.0 62.0 0.0
108.0 64.0 0.0
108.0 66.0 0.0
108.0 68.0 0.0
108.0 70.0 0.018032856623720065
108.0 72.0 0.05264927981917533
108.0 74.0 0.06530667499158516
108.0 76.0 0.029233316650474645
108.0 78.0 0.010273537851418478
108.0 80.0 0.006387189830778459
108.0 82.0 0.055840817448532455
108.0 84.0 0.08673322176874693
108.0 86.0 0.08770778618135328
108.0 88.0 0.10497653900437787
108.0 90.0 0.10574433776262608
108.0 92.0 0.10859004988975864
108.0 94.0 0.09564970511630637
108.0 96.0 0.05713385410351601
108.0 98.0 0.0
108.0 100.0 0.0
108.0 102.0 0.0
108.0 104.0 0.0
108.0 106.0 0.0
108.0 108.0 0.0
108.0 110.0 0.0
108.0 112.0 0.0
108.0 114.0 0.0
108.0 116.0 0.0
108.0 118.0 0.0
108.0 120.0 0.0
108.0 122.0 0.0
108.0 124.0 0.0
108.0 126.0 0.0
110.0 0.0 0.0
110.0 2.0 0.0
110.0 4.0 0.0
110.0 6.0 0.0
110.0 8.0 0.0
110.0 10.0 0.0
110.0 12.0 0.0
110.0 14.0 0.0
110.0 16.0 0.0
110.0 18.0 0.0
110.0 20.0 0.0
110.0 22.0 0.0
110.0 24.0 0.0
110.0 26.0 0.0
110.0 28.0 0.0
110.0 30.0 0.010685565676484023
110.0 32.0 0.1372504697226187
110.0 34.0 0.2879021205791176
110.0 36.0 0.467367439098084
110.0 38.0 0.534999796055039
110.0 40.0 0.4851864303566778
110.0 42.0 0.41107540400668124
110.0 44.0 0.27938101697099843
110.0 46.0 0.11367213110533186
110.0 48.0 0.020858487736889978
110.0 50.0 0.0
110.0 52.0 0.0
110.0 54.0 0.0
110.0 56.0 0.0
110.0 58.0 0.0
110.0 60.0 0.0
110.0 62.0 0.0
110.0 64.0 0.0
110.0 66.0 0.0
110.0 68.0 0.0
110.0 70.0 0.010933921179352364
110.0 72.0 0.04862984251194923
110.0 74.0 0.06773542056466113
110.0 76.0 0.03820250527819266
110.0 78.0 0.011077418738361336
110.0 80.0 0.010686628511345329
110.0 82.0 0.04196042315887064
110.0 84.0 0.08510383299995906
110.0 86.0 0.09402122008275084
110.0 88.0 0.1084830026333141
110.0 90.0 0.11512046961406162
110.0 92.0 0.11895223663084753
110.0 94.0 0.12644454785703324
110.0 96.0 0.0934194839714531
110.0 98.0 0.002647513436274875
110.0 100.0 0.0
110.0 102.0 0.0
110.0 104.0 0.0
110.0 106.0 0.0
110.0 108.0 0.0
110.0 110.0 0.0
110.0 112.0 0.0
110.0 114.0 0.0
110.0 116.0 0.0
110.0 118.0 0.0
110.0 120.0 0.0
110.0 122.0 0.0
110.0 124.0 0.0
110.0 126.0 0.0
112.0 0.0 0.0
112.0 2.0 0.0
112.0 4.0 0.0
112.0 6.0 0.0
112.0 8.0 0.0
112.0 10.0 0.0
112.0 12.0 0.0
112.0 14.0 0.0
112.0 16.0 0.0
112.0 18.0 0.0
112.0 20.0 0.0
112.0 22.0 0.0
112.0 24.0 0.0
112.0 26.0 0.0
112.0 28.0 0.0
112.0 30.0 0.02728920598505992
112.0 32.0 0.14553992093169318
112.0 34.0 0.28264376458449153
112.0 36.0 0.40715365463939995
112.0 38.0 0.47043479569906904
112.0 40.0 0.4510341924362036
112.0 42.0 0.39405967854207763
112.0 44.0 0.27612850162242847
112.0 46.0 0.12046827293818684
112.0 48.0 0.025103604789919406
112.0 50.0 0.0
112.0 52.0 0.0
112.0 54.0 0.0
112.0 56.0 0.0
112.0 58.0 0.0
112.0 60.0 0.0
112.0 62.0 0.0
112.0 64.0 0.0
112.0 66.0 0.0
112.0 68.0 0.0
112.0 70.0 8.459233266367074E-4
112.0 72.0 0.049047275406177725
112.0 74.0 0.07108390470364843
112.0 76.0 0.04504251624411094
112.0 78.0 0.011583036907825325
112.0 80.0 0.010049846337313536
112.0 82.0 0.028426181105285605
112.0 84.0 0.07351843106645767
112.0 86.0 0.08791642687230618
112.0 88.0 0.0903332424235786
112.0 90.0 0.10986082268238813
112.0 92.0 0.10686355987300393
112.0 94.0 0.11647556895896011
112.0 96.0 0.08592088868786486
112.0 98.0 4.235815343020812E-4
112.0 100.0 0.0
112.0 102.0 0.0
112.0 104.0 0.0
112.0 106.0 0.0
112.0 108.0 0.0
112.0 110.0 0.0
112.0 112.0 0.0
112.0 114.0 0.0
112.0 116.0 0.0
112.0 118.0 0.0
112.0 120.0 0.0
112.0 122.0 0.0
112.0 124.0 0.0
112.0 126.0 0.0
114.0 0.0 0.0
114.0 2.0 0.0
114.0 4.0 0.0
114.0 6.0 0.0
114.0 8.0 0.0
114.0 10.0 0.0
114.0 12.0 0.0
114.0 14.0 0.0
114.0 16.0 0.0
114.0 18.0 0.0
114.0 20.0 0.0
114.0 22.0 0.0
114.0 24.0 0.0
114.0 26.0 0.0
114.0 28.0 0.0016301318132079855
114.0 30.0 0.05237345299523891
114.0 32.0 0.14222189239376756
114.0 34.0 0.25761269117534985
114.0 36.0 0.3751137177890847
114.0 38.0 0.4363025952670623
114.0 40.0 0.4184541431407062
114.0 42.0 0.3794738837274885
114.0 44.0 0.2766548559403205
114.0 46.0 0.13386766639463563
114.0 48.0 0.03199485351244507
114.0 50.0 0.0
114.0 52.0 0.0
114.0 54.0 0.0
114.0 56.0 0.0
114.0 58.0 0.0
114.0 60.0 0.0
114.0 62.0 0.0
114.0 64.0 0.0
114.0 66.0 0.0
114.0 68.0 0.0
114.0 70.0 0.0
114.0 72.0 0.030521353192921177
114.0 74.0 0.06337084536936548
114.0 76.0 0.05741878387071184
114.0 78.0 0.017763719042455762
114.0 80.0 0.0035141868407125537
114.0 82.0 0.007085719549953499
114.0 84.0 0.05708091016820413
114.0 86.0 0.07547780346238296
114.0 88.0 0.07520518137273934
114.0 90.0 0.09021819697886062
114.0 92.0 0.0745119102303989
114.0 94.0 0.07608336634341563
114.0 96.0 0.042791127682524195
114.0 98.0 0.0
114.0 100.0 0.0
114.0 102.0 0.0
114.0 104.0 0.0
114.0 106.0 0.0
114.0 108.0 0.0
114.0 110.0 0.0
114.0 112.0 0.0
114.0 114.0 0.0
114.0 116.0 0.0
114.0 118.0 0.0
114.0 120.0 0.0
114.0 122.0 0.0
114.0 124.0 0.0
114.0 126.0 0.0
116.0 0.0 0.0
116.0 2.0 0.0
116.0 4.0 0.0
116.0 6.0 0.0
116.0 8.0 0.0
116.0 10.0 0.0
116.0 12.0 0.0
116.0 14.0 0.0
116.0 16.0 0.0
116.0 18.0 0.0
116.0 20.0 0.0
116.0 22.0 0.0
116.0 24.0 0.0
116.0 26.0 0.0
116.0 28.0 0.030778708764490608
116.0 30.0 0.09493198054368189
116.0 32.0 0.1553679773920069
116.0 34.0 0.2463932628472363
116.0 36.0 0.37895863500951266
116.0 38.0 0.4336686676217035
116.0 40.0 0.4072140060429483
116.0 42.0 0.3741415451315073
116.0 44.0 0.281418238314551
116.0 46.0 0.14999775532097517
116.0 48.0 0.03895968950115761
116.0 50.0 0.0
116.0 52.0 0.0
116.0 54.0 0.0
116.0 56.0 0.0
116.0 58.0 0.0
116.0 60.0 0.0
116.0 62.0 0.0
116.0 64.0 0.0
116.0 66.0 0.0
116.0 68.0 0.0
116.0 70.0 0.0
116.0 72.0 0.00937136579909789
116.0 74.0 0.034010783308924354
116.0 76.0 0.05459327048611335
116.0 78.0 0.03190321248660343
116.0 80.0 0.0033961007999770334
116.0 82.0 0.0
116.0 84.0 0.03591225384323269
116.0 86.0 0.06297015359001824
116.0 88.0 0.06165842738566347
116.0 90.0 0.06971239564446645
116.0 92.0 0.04053343548345477
116.0 94.0 0.016490637476240733
116.0 96.0 0.0011101973704042197
116.0 98.0 0.0
116.0 100.0 0.0
116.0 102.0 0.0
116.0 104.0 0.0
116.0 106.0 0.0
116.0 108.0 0.0
116.0 110.0 0.0
116.0 112.0 0.0
116.0 114.0 0.0
116.0 116.0 0.0
116.0 118.0 0.0
116.0 120.0 0.0
116.0 122.0 0.0
116.0 124.0 0.0
116.0 126.0 0.0
118.0 0.0 0.0
118.0 2.0 0.0
118.0 4.0 0.0
118.0 6.0 0.0
118.0 8.0 0.0
118.0 10.0 0.0
118.0 12.0 0.0
118.0 14.0 0.0
118.0 16.0 0.0
118.0 18.0 0.0
118.0 20.0 0.0
118.0 22.0 0.0
118.0 24.0 0.0
118.0 26.0 0.0
118.0 28.0 0.0
118.0 30.0 0.0
118.0 32.0 0.1358337441651352
118.0 34.0 0.2807766409818087
118.0 36.0 0.34681013537345295
118.0 38.0 0.39968171948934494
118.0 40.0 0.40540037062021855
118.0 42.0 0.34816414495811143
118.0 44.0 0.28620395811384786
118.0 46.0 0.17854845044082537
118.0 48.0 0.05481343293398482
118.0 50.0 0.002533731106261522
118.0 52.0 0.0
118.0 54.0 0.0
118.0 56.0 0.0
118.0 58.0 0.0
118.0 60.0 0.0
118.0 62.0 0.0
118.0 64.0 0.0
118.0 66.0 0.0
118.0 68.0 0.0
118.0 70.0 0.0
118.0 72.0 0.004278035812456158
118.0 74.0 0.020670784303578965
118.0 76.0 0.04007703399399879
118.0 78.0 0.05263486180555552
118.0 80.0 0.012795325620379874
118.0 82.0 0.0022446425861704987
118.0 84.0 0.019324950243545084
118.0 86.0 0.03728467605473356
118.0 88.0 0.04007786883887581
118.0 90.0 0.04437471010718855
118.0 92.0 0.014294815946881862
118.0 94.0 9.156667558557686E-4
118.0 96.0 0.0
118.0 98.0 0.0
118.0 100.0 0.0
118.0 102.0 0.0
118.0 104.0 0.0
118.0 106.0 0.0
118.0 108.0 0.0
118.0 110.0 0.0
118.0 112.0 0.0
118.0 114.0 0.0
118.0 116.0 0.0
118.0 118.0 0.0
118.0 120.0 0.0
118.0 122.0 0.0
118.0 124.0 0.0
118.0 126.0 0.0
120.0 0.0 0.0
120.0 2.0 0.0
120.0 4.0 0.0
120.0 6.0 0.0
120.0 8.0 0.0
120.0 10.0 0.0
120.0 12.0 0.0
120.0 14.0 0.0
120.0 16.0 0.0
120.0 18.0 0.0
120.0 20.0 0.0
120.0 22.0 0.0
120.0 24.0 0.0
120.0 26.0 0.0
120.0 28.0 0.0
120.0 30.0 0.0
120.0 32.0 0.0
120.0 34.0 0.0
120.0 36.0 0.2674967859859396
120.0 38.0 0.47068399169981795
120.0 40.0 0.42390671595393514
120.0 42.0 0.36328677642819457
120.0 44.0 0.3020518458169648
120.0 46.0 0.21656420765471196
120.0 48.0 0.08473189809984362
120.0 50.0 0.010980933494681011
120.0 52.0 0.0
120.0 54.0 0.0
120.0 56.0 0.0
120.0 58.0 0.0
120.0 60.0 0.0
120.0 62.0 0.0
120.0 64.0 0.0
120.0 66.0 0.0
120.0 68.0 0.0
120.0 70.0 0.0
120.0 72.0 4.792270128140622E-4
120.0 74.0 0.012331380517194538
120.0 76.0 0.029814924076078806
120.0 78.0 0.04657114233543014
120.0 80.0 0.037442905216628915
120.0 82.0 0.0165790675889784
120.0 84.0 0.008571087499197346
120.0 86.0 0.009191499625530411
120.0 88.0 0.0033029244015619678
120.0 90.0 0.008149980322269766
120.0 92.0 0.003155950745799132
120.0 94.0 0.0
120.0 96.0 0.0
120.0 98.0 0.0
120.0 100.0 0.0
120.0 102.0 0.0
120.0 104.0 0.0
120.0 106.0 0.0
120.0 108.0 0.0
120.0 110.0 0.0
120.0 112.0 0.0
120.0 114.0 0.0
120.0 116.0 0.0
120.0 118.0 0.0
120.0 120.0 0.0
120.0 122.0 0.0
120.0 124.0 0.0
120.0 126.0 0.0
122.0 0.0 0.0
122.0 2.0 0.0
122.0 4.0 0.0
122.0 6.0 0.0
122.0 8.0 0.0
122.0 10.0 0.0
122.0 12.0 0.0
122.0 14.0 0.0
122.0 16.0 0.0
122.0 18.0 0.0
122.0 20.0 0.0
122.0 22.0 0.0
122.0 24.0 0.0
122.0 26.0 0.0
122.0 28.0 0.0
122.0 30.0 0.0
122.0 32.0 0.0
122.0 34.0 0.0
122.0 36.0 0.0
122.0 38.0 0.0
122.0 40.0 0.2192524740685309
122.0 42.0 0.32023169020447867
122.0 44.0 0.2870258951764656
122.0 46.0 0.22082354892457348
122.0 48.0 0.1283441269928897
122.0 50.0 0.0298498806406344
122.0 52.0 0.0
122.0 54.0 0.0
122.0 56.0 0.0
122.0 58.0 0.0
122.0 60.0 0.0
122.0 62.0 0.0
122.0 64.0 0.0
122.0 66.0 0.0
122.0 68.0 0.0
122.0 70.0 0.0
122.0 72.0 0.0
122.0 74.0 0.00927414194858965
122.0 76.0 0.02497664970745114
122.0 78.0 0.03932023562427855
122.0 80.0 0.047013381531161635
122.0 82.0 0.02947977040875888
122.0 84.0 0.00822925803764983
122.0 86.0 0.0
122.0 88.0 0.0
122.0 90.0 0.0
122.0 92.0 0.0
122.0 94.0 0.0
122.0 96.0 0.0
122.0 98.0 0.0
122.0 100.0 0.0
122.0 102.0 0.0
122.0 104.0 0.0
122.0 106.0 0.0
122.0 108.0 0.0
122.0 110.0 0.0
122.0 112.0 0.0
122.0 114.0 0.0
122.0 116.0 0.0
122.0 118.0 0.0
122.0 120.0 0.0
122.0 122.0 0.0
122.0 124.0 0.0
122.0 126.0 0.0
124.0 0.0 0.0
124.0 2.0 0.0
124.0 4.0 0.0
124.0 6.0 0.0
124.0 8.0 0.0
124.0 10.0 0.0
124.0 12.0 0.0
124.0 14.0 0.0
124.0 16.0 0.0
124.0 18.0 0.0
124.0 20.0 0.0
124.0 22.0 0.0
124.0 24.0 0.0
124.0 26.0 0.0
124.0 28.0 0.0
124.0 30.0 0.0
124.0 32.0 0.0
124.0 34.0 0.0
124.0 36.0 0.0
124.0 38.0 0.0
124.0 40.0 0.0
124.0 42.0 0.0
124.0 44.0 0.0
124.0 46.0 0.06544460880085728
124.0 48.0 0.12096738222005506
124.0 50.0 0.07931566103505412
124.0 52.0 0.012741429657768822
124.0 54.0 0.0
124.0 56.0 0.0
124.0 58.0 0.0
124.0 60.0 0.0
124.0 62.0 0.0
124.0 64.0 0.0
124.0 66.0 0.0
124.0 68.0 0.0
124.0 70.0 0.0
124.0 72.0 0.0
124.0 74.0 0.0053751130860587165
124.0 76.0 0.01822858494616593
124.0 78.0 0.018935151869487073
124.0 80.0 0.04256766347771224
124.0 82.0 0.03971932609256387
124.0 84.0 0.0
124.0 86.0 0.0
124.0 88.0 0.0
124.0 90.0 0.0
124.0 92.0 0.0
124.0 94.0 0.0
124.0 96.0 0.0
124.0 98.0 0.0
124.0 100.0 0.0
124.0 102.0 0.0
124.0 104.0 0.0
124.0 106.0 0.0
124.0 108.0 0.0
124.0 110.0 0.0
124.0 112.0 0.0
124.0 114.0 0.0
124.0 116.0 0.0
124.0 118.0 0.0
124.0 120.0 0.0
124.0 122.0 0.0
124.0 124.0 0.0
124.0 126.0 0.0
126.0 0.0 0.0
126.0 2.0 0.0
126.0 4.0 0.0
126.0 6.0 0.0
126.0 8.0 0.0
126.0 10.0 0.0
126.0 12.0 0.0
126.0 14.0 0.0
126.0 16.0 0.0
126.0 18.0 0.0
126.0 20.0 0.0
126.0 22.0 0.0
126.0 24.0 0.0
126.0 26.0 0.0
126.0 28.0 0.0
126.0 30.0 0.0
126.0 32.0 0.0
126.0 34.0 0.0
126.0 36.0 0.0
126.0 38.0 0.0
126.0 40.0 0.0
126.0 42.0 0.0
126.0 44.0 0.0
126.0 46.0 0.0
126.0 48.0 0.0
126.0 50.0 0.0
126.0 52.0 0.0
126.0 54.0 0.003858918168202031
126.0 56.0 0.0
126.0 58.0 0.0
126.0 60.0 0.0
126.0 62.0 0.0
126.0 64.0 0.0
126.0 66.0 0.0
126.0 68.0 0.0
126.0 70.0 0.0
126.0 72.0 0.0
126.0 74.0 0.008970879197388149
126.0 76.0 0.0
126.0 78.0 0.0
126.0 80.0 0.0
126.0 82.0 0.0
126.0 84.0 0.0
126.0 86.0 0.0
126.0 88.0 0.0
126.0 90.0 0.0
126.0 92.0 0.0
126.0 94.0 0.0
126.0 96.0 0.0
126.0 98.0 0.0
126.0 100.0 0.0
126.0 102.0 0.0
126.0 104.0 0.0
126.0 106.0 0.0
126.0 108.0 0.0
126.0 110.0 0.0
126.0 112.0 0.0
126.0 114.0 0.0
126.0 116.0 0.0
126.0 118.0 0.0
126.0 120.0 0.0
126.0 122.0 0.0
126.0 124.0 0.0
126.0 126.0 0.0
