0.0 0.0 0.0
0.0 2.0 0.0
0.0 4.0 0.0
0.0 6.0 0.0
0.0 8.0 0.0
0.0 10.0 0.0
0.0 12.0 0.0
0.0 14.0 0.0
0.0 16.0 0.0
0.0 18.0 0.0
0.0 20.0 0.0
0.0 22.0 0.0
0.0 24.0 0.0
0.0 26.0 0.0
0.0 28.0 0.0
0.0 30.0 0.0
0.0 32.0 0.0
0.0 34.0 0.0
0.0 36.0 0.0
0.0 38.0 0.0
0.0 40.0 0.0
0.0 42.0 0.0
0.0 44.0 0.0
0.0 46.0 0.0
0.0 48.0 0.0
0.0 50.0 0.0
0.0 52.0 0.0
0.0 54.0 0.0
0.0 56.0 0.0
0.0 58.0 0.0
0.0 60.0 0.0
0.0 62.0 0.0
0.0 64.0 0.0
0.0 66.0 0.0
0.0 68.0 0.0
0.0 70.0 0.0
0.0 72.0 0.0
0.0 74.0 0.0
0.0 76.0 0.0
0.0 78.0 0.0
0.0 80.0 0.0
0.0 82.0 0.0
0.0 84.0 0.0
0.0 86.0 0.0
0.0 88.0 0.0
0.0 90.0 0.0
0.0 92.0 0.0
0.0 94.0 0.0
0.0 96.0 0.0
0.0 98.0 0.0
0.0 100.0 0.0
0.0 102.0 0.0
0.0 104.0 0.0
0.0 106.0 0.0
0.0 108.0 0.0
0.0 110.0 0.0
0.0 112.0 0.0
0.0 114.0 0.0
0.0 116.0 0.0
0.0 118.0 0.0
0.0 120.0 0.0
0.0 122.0 0.0
0.0 124.0 0.0
0.0 126.0 0.0
2.0 0.0 0.0
2.0 2.0 0.0
2.0 4.0 0.0
2.0 6.0 0.0
2.0 8.0 0.0
2.0 10.0 0.0
2.0 12.0 0.0
2.0 14.0 0.0
2.0 16.0 0.0
2.0 18.0 0.0
2.0 20.0 0.0
2.0 22.0 0.0
2.0 24.0 0.0
2.0 26.0 0.0
2.0 28.0 0.0
2.0 30.0 0.0
2.0 32.0 0.0
2.0 34.0 0.0
2.0 36.0 0.0
2.0 38.0 0.0
2.0 40.0 0.0
2.0 42.0 0.0
2.0 44.0 0.0
2.0 46.0 0.0
2.0 48.0 0.15058418058563247
2.0 50.0 0.08417743806119853
2.0 52.0 7.737181927667831E-4
2.0 54.0 0.0
2.0 56.0 0.0
2.0 58.0 0.0
2.0 60.0 0.002267891877876868
2.0 62.0 0.08084677521624804
2.0 64.0 0.22452205362840147
2.0 66.0 0.36323247764218897
2.0 68.0 0.4298951977259
2.0 70.0 0.48459795379246734
2.0 72.0 0.504798887315475
2.0 74.0 0.44978206442466706
2.0 76.0 0.3163556651763465
2.0 78.0 0.11171103640492919
2.0 80.0 0.0
2.0 82.0 0.0
2.0 84.0 0.0
2.0 86.0 0.0
2.0 88.0 0.0
2.0 90.0 0.0
2.0 92.0 0.0
2.0 94.0 0.0
2.0 96.0 0.0
2.0 98.0 0.0
2.0 100.0 0.0
2.0 102.0 0.0
2.0 104.0 0.0
2.0 106.0 0.0
2.0 108.0 0.0
2.0 110.0 0.0
2.0 112.0 0.0
2.0 114.0 0.0
2.0 116.0 0.0
2.0 118.0 0.0
2.0 120.0 0.0
2.0 122.0 0.0
2.0 124.0 0.0
2.0 126.0 0.0
4.0 0.0 0.0
4.0 2.0 0.0
4.0 4.0 0.0
4.0 6.0 0.0
4.0 8.0 0.0
4.0 10.0 0.0
4.0 12.0 0.0
4.0 14.0 0.0
4.0 16.0 0.0
4.0 18.0 0.0
4.0 20.0 0.0
4.0 22.0 0.0
4.0 24.0 0.0
4.0 26.0 0.0
4.0 28.0 0.0
4.0 30.0 0.0
4.0 32.0 0.0
4.0 34.0 0.0
4.0 36.0 0.0
4.0 38.0 0.0
4.0 40.0 0.0
4.0 42.0 0.018764334411414795
4.0 44.0 0.0015328640248823066
4.0 46.0 0.0
4.0 48.0 0.0
4.0 50.0 0.0
4.0 52.0 0.0
4.0 54.0 0.0
4.0 56.0 0.0
4.0 58.0 0.0
4.0 60.0 0.0
4.0 62.0 0.0
4.0 64.0 0.12707387284694904
4.0 66.0 0.2644886592588062
4.0 68.0 0.35909271769539436
4.0 70.0 0.4468545271982491
4.0 72.0 0.48964224820336755
4.0 74.0 0.4338720169962094
4.0 76.0 0.2994753669436802
4.0 78.0 0.09929791011405525
4.0 80.0 0.009089474149741617
4.0 82.0 0.0
4.0 84.0 0.0
4.0 86.0 0.0
4.0 88.0 0.0
4.0 90.0 0.0
4.0 92.0 0.0
4.0 94.0 0.0
4.0 96.0 0.0
4.0 98.0 0.0
4.0 100.0 0.0
4.0 102.0 0.0
4.0 104.0 0.0
4.0 106.0 0.0
4.0 108.0 0.0
4.0 110.0 0.0
4.0 112.0 0.0
4.0 114.0 0.0
4.0 116.0 0.0
4.0 118.0 0.0
4.0 120.0 0.0
4.0 122.0 0.0
4.0 124.0 0.0
4.0 126.0 0.0
6.0 0.0 0.0
6.0 2.0 0.0
6.0 4.0 0.0
6.0 6.0 0.0
6.0 8.0 0.0
6.0 10.0 0.0
6.0 12.0 0.0
6.0 14.0 0.0
6.0 16.0 0.0
6.0 18.0 0.0
6.0 20.0 0.0
6.0 22.0 0.0
6.0 24.0 0.0
6.0 26.0 0.0
6.0 28.0 0.0
6.0 30.0 0.0
6.0 32.0 0.0
6.0 34.0 0.0
6.0 36.0 0.0
6.0 38.0 0.030368467576162888
6.0 40.0 0.16643493730021475
6.0 42.0 0.1422671020241811
6.0 44.0 0.054139829484980195
6.0 46.0 0.006155244490407836
6.0 48.0 0.0
6.0 50.0 0.0
6.0 52.0 0.0
6.0 54.0 0.0
6.0 56.0 0.0
6.0 58.0 0.0
6.0 60.0 0.0
6.0 62.0 0.0
6.0 64.0 0.10572198441559089
6.0 66.0 0.24092614852058267
6.0 68.0 0.33080472824332846
6.0 70.0 0.43552975759133966
6.0 72.0 0.4823190347832685
6.0 74.0 0.4264738483167183
6.0 76.0 0.2882530165174406
6.0 78.0 0.08821462836875515
6.0 80.0 0.005580328559813326
6.0 82.0 0.0
6.0 84.0 0.0
6.0 86.0 0.0
6.0 88.0 0.0
6.0 90.0 0.0
6.0 92.0 0.0
6.0 94.0 0.0
6.0 96.0 0.0
6.0 98.0 0.0
6.0 100.0 0.0
6.0 102.0 0.0
6.0 104.0 0.0
6.0 106.0 0.0
6.0 108.0 0.0
6.0 110.0 0.0
6.0 112.0 0.0
6.0 114.0 0.0
6.0 116.0 0.0
6.0 118.0 0.0
6.0 120.0 0.0
6.0 122.0 0.0
6.0 124.0 0.0
6.0 126.0 0.0
8.0 0.0 0.0
8.0 2.0 0.0
8.0 4.0 0.0
8.0 6.0 0.0
8.0 8.0 0.0
8.0 10.0 0.0
8.0 12.0 0.0
8.0 14.0 0.0
8.0 16.0 0.0
8.0 18.0 0.0
8.0 20.0 0.0
8.0 22.0 0.0
8.0 24.0 0.0
8.0 26.0 0.0
8.0 28.0 0.0
8.0 30.0 0.0
8.0 32.0 0.0
8.0 34.0 0.1341782190872661
8.0 36.0 0.5297473303978805
8.0 38.0 0.48671141195415685
8.0 40.0 0.39482964846310686
8.0 42.0 0.2538209420268464
8.0 44.0 0.08326441907741133
8.0 46.0 0.008684080192852833
8.0 48.0 0.0
8.0 50.0 0.0
8.0 52.0 0.0
8.0 54.0 0.0
8.0 56.0 0.0
8.0 58.0 0.0
8.0 60.0 0.0
8.0 62.0 0.0
8.0 64.0 0.08321884031752225
8.0 66.0 0.215563164587438
8.0 68.0 0.31982847241175566
8.0 70.0 0.4359473947193065
8.0 72.0 0.4609257444334229
8.0 74.0 0.4158823119530217
8.0 76.0 0.2710348121125925
8.0 78.0 0.07282126438621035
8.0 80.0 0.0018902755074871585
8.0 82.0 0.0
8.0 84.0 0.0
8.0 86.0 0.0
8.0 88.0 0.0
8.0 90.0 0.0
8.0 92.0 0.0
8.0 94.0 0.0
8.0 96.0 0.0
8.0 98.0 0.0
8.0 100.0 0.0
8.0 102.0 0.0
8.0 104.0 0.0
8.0 106.0 0.0
8.0 108.0 0.0
8.0 110.0 0.0
8.0 112.0 0.0
8.0 114.0 0.0
8.0 116.0 0.0
8.0 118.0 0.0
8.0 120.0 0.0
8.0 122.0 0.0
8.0 124.0 0.0
8.0 126.0 0.0
10.0 0.0 0.0
10.0 2.0 0.0
10.0 4.0 0.0
10.0 6.0 0.0
10.0 8.0 0.0
10.0 10.0 0.0
10.0 12.0 0.0
10.0 14.0 0.0
10.0 16.0 0.0
10.0 18.0 0.0
10.0 20.0 0.0
10.0 22.0 0.0
10.0 24.0 0.0
10.0 26.0 0.0
10.0 28.0 0.0
10.0 30.0 0.15037638214305124
10.0 32.0 0.6029197674399865
10.0 34.0 0.5693729144837582
10.0 36.0 0.5369812937623529
10.0 38.0 0.5032409972720512
10.0 40.0 0.4220565281813862
10.0 42.0 0.24110488117682413
10.0 44.0 0.057435137047532205
10.0 46.0 0.0030838045459319857
10.0 48.0 0.0
10.0 50.0 0.0
10.0 52.0 0.0
10.0 54.0 0.0
10.0 56.0 0.0
10.0 58.0 0.0
10.0 60.0 0.0
10.0 62.0 0.0
10.0 64.0 0.05672077330726764
10.0 66.0 0.19741529036762206
10.0 68.0 0.3073362278972863
10.0 70.0 0.41723816064019165
10.0 72.0 0.4347342589658403
10.0 74.0 0.40082817058482784
10.0 76.0 0.244978213023726
10.0 78.0 0.05643029801841584
10.0 80.0 0.0
10.0 82.0 0.0
10.0 84.0 0.0
10.0 86.0 0.0
10.0 88.0 0.0
10.0 90.0 0.0
10.0 92.0 0.0
10.0 94.0 0.0
10.0 96.0 0.0
10.0 98.0 0.0
10.0 100.0 0.0
10.0 102.0 0.0
10.0 104.0 0.0
10.0 106.0 0.0
10.0 108.0 0.0
10.0 110.0 0.0
10.0 112.0 0.0
10.0 114.0 0.0
10.0 116.0 0.0
10.0 118.0 0.0
10.0 120.0 0.0
10.0 122.0 0.0
10.0 124.0 0.0
10.0 126.0 0.0
12.0 0.0 0.0
12.0 2.0 0.0
12.0 4.0 0.0
12.0 6.0 0.0
12.0 8.0 0.0
12.0 10.0 0.0
12.0 12.0 0.0
12.0 14.0 0.0
12.0 16.0 0.0
12.0 18.0 0.0
12.0 20.0 0.0
12.0 22.0 0.0
12.0 24.0 0.0
12.0 26.0 0.0
12.0 28.0 0.15424564131542873
12.0 30.0 0.5127913040443957
12.0 32.0 0.5486797587802518
12.0 34.0 0.5521327698175417
12.0 36.0 0.5445983332851695
12.0 38.0 0.5163189504081281
12.0 40.0 0.40207881439026444
12.0 42.0 0.17421575124403288
12.0 44.0 0.0343153489828213
12.0 46.0 0.0
12.0 48.0 0.0
12.0 50.0 0.0
12.0 52.0 0.0
12.0 54.0 0.0
12.0 56.0 0.0
12.0 58.0 0.0
12.0 60.0 0.0
12.0 62.0 0.0
12.0 64.0 0.03532054245943761
12.0 66.0 0.17041071655561882
12.0 68.0 0.2810409564222743
12.0 70.0 0.38828928348658925
12.0 72.0 0.41199114964174893
12.0 74.0 0.37073622306901455
12.0 76.0 0.21966007328500245
12.0 78.0 0.04770625816952453
12.0 80.0 0.0
12.0 82.0 0.0
12.0 84.0 0.0
12.0 86.0 0.0
12.0 88.0 0.0
12.0 90.0 0.0
12.0 92.0 0.0
12.0 94.0 0.0
12.0 96.0 0.0
12.0 98.0 0.0
12.0 100.0 0.0
12.0 102.0 0.0
12.0 104.0 0.0
12.0 106.0 0.0
12.0 108.0 0.0
12.0 110.0 0.0
12.0 112.0 0.0
12.0 114.0 0.0
12.0 116.0 0.0
12.0 118.0 0.0
12.0 120.0 0.0
12.0 122.0 0.0
12.0 124.0 0.0
12.0 126.0 0.0
14.0 0.0 0.0
14.0 2.0 0.0
14.0 4.0 0.0
14.0 6.0 0.0
14.0 8.0 0.0
14.0 10.0 0.0
14.0 12.0 0.0
14.0 14.0 0.0
14.0 16.0 0.0
14.0 18.0 0.0
14.0 20.0 0.0
14.0 22.0 0.0
14.0 24.0 0.1653565078502466
14.0 26.0 0.31911696706383436
14.0 28.0 0.3860238160513845
14.0 30.0 0.4679860803304763
14.0 32.0 0.5381897364599636
14.0 34.0 0.5663536923596438
14.0 36.0 0.5649378542459801
14.0 38.0 0.49300506353883494
14.0 40.0 0.3262688637755813
14.0 42.0 0.11024037348901161
14.0 44.0 0.020989843738083023
14.0 46.0 0.0
14.0 48.0 0.0
14.0 50.0 0.0
14.0 52.0 0.0
14.0 54.0 0.0
14.0 56.0 0.0
14.0 58.0 0.0
14.0 60.0 0.0
14.0 62.0 0.0
14.0 64.0 0.024770499237612497
14.0 66.0 0.14967382645831404
14.0 68.0 0.23533500494391493
14.0 70.0 0.3304560772479909
14.0 72.0 0.37528408067628755
14.0 74.0 0.3379324730106757
14.0 76.0 0.19976375725790604
14.0 78.0 0.03946134037271162
14.0 80.0 0.0
14.0 82.0 0.0
14.0 84.0 0.0
14.0 86.0 0.0
14.0 88.0 0.0
14.0 90.0 0.0
14.0 92.0 0.0
14.0 94.0 0.0
14.0 96.0 0.0
14.0 98.0 0.0
14.0 100.0 0.0
14.0 102.0 0.013648175357707829
14.0 104.0 0.0
14.0 106.0 0.0
14.0 108.0 0.0
14.0 110.0 0.0
14.0 112.0 0.0
14.0 114.0 0.0
14.0 116.0 0.0
14.0 118.0 0.0
14.0 120.0 0.0
14.0 122.0 0.0
14.0 124.0 0.0
14.0 126.0 0.0
16.0 0.0 0.0
16.0 2.0 0.0
16.0 4.0 0.0
16.0 6.0 0.0
16.0 8.0 0.0
16.0 10.0 0.0
16.0 12.0 0.0
16.0 14.0 0.0
16.0 16.0 0.0
16.0 18.0 0.0
16.0 20.0 0.0
16.0 22.0 0.20555206538055318
16.0 24.0 0.24354676468754902
16.0 26.0 0.25982274191139154
16.0 28.0 0.32161213091305235
16.0 30.0 0.4387362850142021
16.0 32.0 0.5628863959546588
16.0 34.0 0.5404825335180157
16.0 36.0 0.5115608957557756
16.0 38.0 0.4192800089557375
16.0 40.0 0.22756659944630064
16.0 42.0 0.06642894601304279
16.0 44.0 0.004231752612810191
16.0 46.0 0.0
16.0 48.0 0.0
16.0 50.0 0.0
16.0 52.0 0.0
16.0 54.0 0.0
16.0 56.0 0.0
16.0 58.0 0.0
16.0 60.0 0.0
16.0 62.0 0.0
16.0 64.0 0.021362137142153265
16.0 66.0 0.12702593120721276
16.0 68.0 0.2116940700869843
16.0 70.0 0.2871517859977268
16.0 72.0 0.33799327840081633
16.0 74.0 0.29935045793443443
16.0 76.0 0.18953576293561977
16.0 78.0 0.03755353008261226
16.0 80.0 0.0
16.0 82.0 0.0
16.0 84.0 0.0
16.0 86.0 0.0
16.0 88.0 0.0
16.0 90.0 0.0
16.0 92.0 0.0
16.0 94.0 0.0
16.0 96.0 0.0
16.0 98.0 0.0
16.0 100.0 0.0019742046860132018
16.0 102.0 0.021334034750688635
16.0 104.0 0.07556721416012793
16.0 106.0 0.0
16.0 108.0 0.0
16.0 110.0 0.0
16.0 112.0 0.0
16.0 114.0 0.0
16.0 116.0 0.0
16.0 118.0 0.0
16.0 120.0 0.0
16.0 122.0 0.0
16.0 124.0 0.0
16.0 126.0 0.0
18.0 0.0 0.0
18.0 2.0 0.0
18.0 4.0 0.0
18.0 6.0 0.0
18.0 8.0 0.0
18.0 10.0 0.0
18.0 12.0 0.0
18.0 14.0 0.0
18.0 16.0 0.0
18.0 18.0 0.0
18.0 20.0 0.2265551249108361
18.0 22.0 0.1634494419371721
18.0 24.0 0.12470711557501478
18.0 26.0 0.14878864269740683
18.0 28.0 0.24876320093086338
18.0 30.0 0.3863086044066873
18.0 32.0 0.47901985229492317
18.0 34.0 0.4506174911591498
18.0 36.0 0.3981153639587387
18.0 38.0 0.3231855127836721
18.0 40.0 0.16306809747171055
18.0 42.0 0.043776684646458425
18.0 44.0 0.0012910350354719583
18.0 46.0 0.0
18.0 48.0 0.0
18.0 50.0 0.0
18.0 52.0 0.0
18.0 54.0 0.0
18.0 56.0 0.0
18.0 58.0 0.0
18.0 60.0 0.0
18.0 62.0 0.0
18.0 64.0 0.022753901226788092
18.0 66.0 0.11574928127374828
18.0 68.0 0.18891121365394473
18.0 70.0 0.2429276371047345
18.0 72.0 0.29418036352223126
18.0 74.0 0.2685866977541759
18.0 76.0 0.186098845572536
18.0 78.0 0.0432725333312326
18.0 80.0 0.0
18.0 82.0 0.0
18.0 84.0 0.0
18.0 86.0 0.0
18.0 88.0 0.0
18.0 90.0 0.0
18.0 92.0 0.0
18.0 94.0 0.0
18.0 96.0 0.0
18.0 98.0 0.0
18.0 100.0 0.003827402942284373
18.0 102.0 0.01614490444695906
18.0 104.0 0.05696872474863795
18.0 106.0 0.12103962932385333
18.0 108.0 0.0
18.0 110.0 0.0
18.0 112.0 0.0
18.0 114.0 0.0
18.0 116.0 0.0
18.0 118.0 0.0
18.0 120.0 0.0
18.0 122.0 0.0
18.0 124.0 0.0
18.0 126.0 0.0
20.0 0.0 0.0
20.0 2.0 0.0
20.0 4.0 0.0
20.0 6.0 0.0
20.0 8.0 0.0
20.0 10.0 0.0
20.0 12.0 0.0
20.0 14.0 0.0
20.0 16.0 0.0
20.0 18.0 0.18231870535768166
20.0 20.0 0.030503312314055592
20.0 22.0 0.00598946983931833
20.0 24.0 0.010610551953438527
20.0 26.0 0.03955073782793308
20.0 28.0 0.12474048369276793
20.0 30.0 0.2524174341086362
20.0 32.0 0.3720287745052722
20.0 34.0 0.3430973423161432
20.0 36.0 0.2975300400692551
20.0 38.0 0.24799465529793766
20.0 40.0 0.12377668708777488
20.0 42.0 0.032674588346450574
20.0 44.0 0.0
20.0 46.0 0.0
20.0 48.0 0.0
20.0 50.0 0.0
20.0 52.0 0.0
20.0 54.0 0.0
20.0 56.0 0.0
20.0 58.0 0.0
20.0 60.0 0.0
20.0 62.0 0.0
20.0 64.0 0.031104054134695806
20.0 66.0 0.10907401379539754
20.0 68.0 0.168832870215166
20.0 70.0 0.21442921655303923
20.0 72.0 0.25510164006411956
20.0 74.0 0.21887046417579978
20.0 76.0 0.1563150856783517
20.0 78.0 0.07112179174080764
20.0 80.0 0.0014104287633720629
20.0 82.0 0.0
20.0 84.0 0.0
20.0 86.0 0.0
20.0 88.0 0.0
20.0 90.0 0.0
20.0 92.0 0.0
20.0 94.0 0.0
20.0 96.0 0.0014498497363398914
20.0 98.0 0.007358774942871929
20.0 100.0 0.015013552791170484
20.0 102.0 0.021924902278620036
20.0 104.0 0.04421881336918413
20.0 106.0 0.09286547738949995
20.0 108.0 0.12090236496623653
20.0 110.0 0.0
20.0 112.0 0.0
20.0 114.0 0.0
20.0 116.0 0.0
20.0 118.0 0.0
20.0 120.0 0.0
20.0 122.0 0.0
20.0 124.0 0.0
20.0 126.0 0.0
22.0 0.0 0.0
22.0 2.0 0.0
22.0 4.0 0.0
22.0 6.0 0.0
22.0 8.0 0.0
22.0 10.0 0.0
22.0 12.0 0.0
22.0 14.0 0.0
22.0 16.0 0.037813738407351326
22.0 18.0 0.0
22.0 20.0 0.0
22.0 22.0 0.0
22.0 24.0 0.0
22.0 26.0 0.0
22.0 28.0 0.01499758816842023
22.0 30.0 0.09212146057013432
22.0 32.0 0.1818612469712043
22.0 34.0 0.21852192595401232
22.0 36.0 0.20849143663053482
22.0 38.0 0.16093604505913398
22.0 40.0 0.09537330452043052
22.0 42.0 0.008369785814466218
22.0 44.0 0.0
22.0 46.0 0.0
22.0 48.0 0.0
22.0 50.0 0.0
22.0 52.0 0.0
22.0 54.0 0.0
22.0 56.0 0.0
22.0 58.0 0.0
22.0 60.0 0.0
22.0 62.0 0.006485480685162158
22.0 64.0 0.03987857119984148
22.0 66.0 0.10752181950088614
22.0 68.0 0.1531020197191221
22.0 70.0 0.1983853234125956
22.0 72.0 0.21997514090115736
22.0 74.0 0.1915913789039677
22.0 76.0 0.14359519973388604
22.0 78.0 0.07551452987990977
22.0 80.0 0.010649089945728217
22.0 82.0 0.0
22.0 84.0 0.0
22.0 86.0 0.0
22.0 88.0 0.0
22.0 90.0 0.0
22.0 92.0 0.01131167144410135
22.0 94.0 0.030338333806844142
22.0 96.0 0.05145270559435048
22.0 98.0 0.06106023580195308
22.0 100.0 0.058387944035968274
22.0 102.0 0.0454845173727409
22.0 104.0 0.0360305390694704
22.0 106.0 0.061246964213851986
22.0 108.0 0.03475674741512703
22.0 110.0 5.158700577688115E-4
22.0 112.0 0.0
22.0 114.0 0.0
22.0 116.0 0.0
22.0 118.0 0.0
22.0 120.0 0.0
22.0 122.0 0.0
22.0 124.0 0.0
22.0 126.0 0.0
24.0 0.0 0.0
24.0 2.0 0.0
24.0 4.0 0.0
24.0 6.0 0.0
24.0 8.0 0.0
24.0 10.0 0.0
24.0 12.0 0.0
24.0 14.0 0.0
24.0 16.0 0.0
24.0 18.0 0.0
24.0 20.0 0.0
24.0 22.0 0.0
24.0 24.0 0.0
24.0 26.0 0.0
24.0 28.0 0.0
24.0 30.0 0.0023461940865108534
24.0 32.0 0.039886451785559454
24.0 34.0 0.08313268211519435
24.0 36.0 0.1007576722169793
24.0 38.0 0.08631519696324778
24.0 40.0 0.031645186954782974
24.0 42.0 0.0
24.0 44.0 0.0
24.0 46.0 0.0
24.0 48.0 0.0
24.0 50.0 0.0
24.0 52.0 0.0
24.0 54.0 0.0
24.0 56.0 0.0
24.0 58.0 0.0011479704736940704
24.0 60.0 0.005977036729747274
24.0 62.0 0.017985465219723502
24.0 64.0 0.04616554205504539
24.0 66.0 0.10455354207434348
24.0 68.0 0.13701577790585842
24.0 70.0 0.17337115776553957
24.0 72.0 0.18641757311706117
24.0 74.0 0.16440076651455357
24.0 76.0 0.11621922889065885
24.0 78.0 0.07393892614746111
24.0 80.0 0.024986641533798995
24.0 82.0 0.003900815780403749
24.0 84.0 5.616085354192652E-4
24.0 86.0 0.003064856737474086
24.0 88.0 0.024649247445843524
24.0 90.0 0.07550750838110527
24.0 92.0 0.13192239772890577
24.0 94.0 0.16728158814308894
24.0 96.0 0.17421825399528076
24.0 98.0 0.15869875425147936
24.0 100.0 0.1318607841201259
24.0 102.0 0.08759829006351148
24.0 104.0 0.035781868734043286
24.0 106.0 0.024571758058125694
24.0 108.0 0.00658519336809495
24.0 110.0 0.0
24.0 112.0 0.0
24.0 114.0 0.0
24.0 116.0 0.0
24.0 118.0 0.0
24.0 120.0 0.0
24.0 122.0 0.0
24.0 124.0 0.0
24.0 126.0 0.0
26.0 0.0 0.0
26.0 2.0 0.0
26.0 4.0 0.0
26.0 6.0 0.0
26.0 8.0 0.0
26.0 10.0 0.0
26.0 12.0 0.0
26.0 14.0 0.0
26.0 16.0 0.0
26.0 18.0 0.0
26.0 20.0 0.0
26.0 22.0 0.0
26.0 24.0 0.0
26.0 26.0 0.0
26.0 28.0 0.0
26.0 30.0 0.0
26.0 32.0 0.0
26.0 34.0 0.002503611761441813
26.0 36.0 0.005127625248977575
26.0 38.0 0.009698165705426004
26.0 40.0 0.003315524758095495
26.0 42.0 0.0
26.0 44.0 0.0
26.0 46.0 0.0
26.0 48.0 0.0
26.0 50.0 0.0
26.0 52.0 0.0
26.0 54.0 0.0
26.0 56.0 0.0020896656965035203
26.0 58.0 0.017050875806066703
26.0 60.0 0.022038305048088767
26.0 62.0 0.02847253906120976
26.0 64.0 0.04470603648383046
26.0 66.0 0.08707452859789723
26.0 68.0 0.11202058433602526
26.0 70.0 0.13253708910700343
26.0 72.0 0.12992481431439964
26.0 74.0 0.09425844156719293
26.0 76.0 0.05928042152679706
26.0 78.0 0.05944396402875593
26.0 80.0 0.04748422247660442
26.0 82.0 0.043739115039951225
26.0 84.0 0.05327404685090709
26.0 86.0 0.07886058139383434
26.0 88.0 0.1392815495043737
26.0 90.0 0.20927257477159492
26.0 92.0 0.2697233321793064
26.0 94.0 0.3054642331085587
26.0 96.0 0.3014666276967649
26.0 98.0 0.2677273015807666
26.0 100.0 0.2164179841820757
26.0 102.0 0.13745360712435278
26.0 104.0 0.050590394763093655
26.0 106.0 0.01650563325501309
26.0 108.0 0.0
26.0 110.0 0.0
26.0 112.0 0.0
26.0 114.0 0.0
26.0 116.0 0.0
26.0 118.0 0.0
26.0 120.0 0.0
26.0 122.0 0.0
26.0 124.0 0.0
26.0 126.0 0.0
28.0 0.0 0.0
28.0 2.0 0.0
28.0 4.0 0.0
28.0 6.0 0.0
28.0 8.0 0.0
28.0 10.0 0.0
28.0 12.0 0.0
28.0 14.0 0.0
28.0 16.0 0.0
28.0 18.0 0.0
28.0 20.0 0.0
28.0 22.0 0.0
28.0 24.0 0.0
28.0 26.0 0.0
28.0 28.0 0.0
28.0 30.0 0.0
28.0 32.0 0.0
28.0 34.0 0.0
28.0 36.0 0.0
28.0 38.0 0.0
28.0 40.0 0.0
28.0 42.0 0.0
28.0 44.0 0.0
28.0 46.0 0.0
28.0 48.0 0.0
28.0 50.0 0.0
28.0 52.0 0.0
28.0 54.0 0.0
28.0 56.0 0.014646163795441683
28.0 58.0 0.027057460264501454
28.0 60.0 0.031223284516765912
28.0 62.0 0.030810223542883697
28.0 64.0 0.031819254110614266
28.0 66.0 0.04359614653695909
28.0 68.0 0.06535775345417096
28.0 70.0 0.07138712087205597
28.0 72.0 0.05879958836937501
28.0 74.0 0.022457519683297875
28.0 76.0 0.02367553511837212
28.0 78.0 0.03771831424523706
28.0 80.0 0.0576225793250068
28.0 82.0 0.08303625867004623
28.0 84.0 0.10958036606098992
28.0 86.0 0.1475306180990194
28.0 88.0 0.21426254237933315
28.0 90.0 0.31795212807658574
28.0 92.0 0.3797402186784558
28.0 94.0 0.4171042765231714
28.0 96.0 0.4108784297031043
28.0 98.0 0.3703388512900206
28.0 100.0 0.3073738913847707
28.0 102.0 0.20575812216944525
28.0 104.0 0.08076701979163696
28.0 106.0 0.016028758718334417
28.0 108.0 0.0
28.0 110.0 0.0
28.0 112.0 0.0
28.0 114.0 0.0
28.0 116.0 0.0
28.0 118.0 0.0
28.0 120.0 0.0
28.0 122.0 0.0
28.0 124.0 0.0
28.0 126.0 0.0
30.0 0.0 0.0
30.0 2.0 0.0
30.0 4.0 0.0
30.0 6.0 0.0
30.0 8.0 0.0
30.0 10.0 0.0
30.0 12.0 0.0
30.0 14.0 0.0
30.0 16.0 0.0
30.0 18.0 0.0
30.0 20.0 0.0
30.0 22.0 0.0
30.0 24.0 0.0
30.0 26.0 0.0
30.0 28.0 0.0
30.0 30.0 0.0
30.0 32.0 0.0
30.0 34.0 0.0
30.0 36.0 0.0
30.0 38.0 0.0
30.0 40.0 0.0
30.0 42.0 0.0
30.0 44.0 0.0
30.0 46.0 0.0
30.0 48.0 0.0
30.0 50.0 0.0
30.0 52.0 0.0
30.0 54.0 0.004397981121844626
30.0 56.0 0.027161784314544222
30.0 58.0 0.028463305034609362
30.0 60.0 0.021375665989632323
30.0 62.0 0.012164934130297659
30.0 64.0 0.005077278174200951
30.0 66.0 0.006150235264693837
30.0 68.0 0.016346169853847767
30.0 70.0 0.013941045959679946
30.0 72.0 0.01787444400978698
30.0 74.0 0.0051513685744311736
30.0 76.0 0.01266083614110401
30.0 78.0 0.04114167696597449
30.0 80.0 0.0701772954947652
30.0 82.0 0.11300639507728637
30.0 84.0 0.15381718332193386
30.0 86.0 0.2059156932478479
30.0 88.0 0.27377525829638566
30.0 90.0 0.3972506849456889
30.0 92.0 0.45042194504793615
30.0 94.0 0.47465676401974766
30.0 96.0 0.4642147102830352
30.0 98.0 0.4386093291829478
30.0 100.0 0.3741993497916423
30.0 102.0 0.25810374529422153
30.0 104.0 0.10841813914470706
30.0 106.0 0.02221036195291287
30.0 108.0 0.0
30.0 110.0 0.0
30.0 112.0 0.0
30.0 114.0 0.0
30.0 116.0 0.0
30.0 118.0 0.0
30.0 120.0 0.0
30.0 122.0 0.0
30.0 124.0 0.0
30.0 126.0 0.0
32.0 0.0 0.0
32.0 2.0 0.0
32.0 4.0 0.0
32.0 6.0 0.0
32.0 8.0 0.0
32.0 10.0 0.0
32.0 12.0 0.0
32.0 14.0 0.0
32.0 16.0 0.0
32.0 18.0 0.0
32.0 20.0 0.0
32.0 22.0 0.0
32.0 24.0 0.0
32.0 26.0 0.0
32.0 28.0 0.0
32.0 30.0 0.0
32.0 32.0 0.0
32.0 34.0 0.0
32.0 36.0 0.0
32.0 38.0 0.0
32.0 40.0 0.0
32.0 42.0 0.0058366057575250626
32.0 44.0 0.007799466492731218
32.0 46.0 0.013042832293264467
32.0 48.0 0.003949520097277832
32.0 50.0 2.942915420860491E-4
32.0 52.0 0.004914057601273806
32.0 54.0 0.028593510384579673
32.0 56.0 0.04128661569724027
32.0 58.0 0.026447241733898817
32.0 60.0 0.0043850895677365
32.0 62.0 0.0
32.0 64.0 0.0
32.0 66.0 0.0
32.0 68.0 0.0
32.0 70.0 0.0
32.0 72.0 0.0
32.0 74.0 0.0019685581067285895
32.0 76.0 0.018711769880081112
32.0 78.0 0.054544270701635054
32.0 80.0 0.10219034957573363
32.0 82.0 0.162483774061399
32.0 84.0 0.22223776757400163
32.0 86.0 0.2917883667865145
32.0 88.0 0.36474435413629464
32.0 90.0 0.4288502643008607
32.0 92.0 0.4753982967545953
32.0 94.0 0.4932731826572439
32.0 96.0 0.4938146889014683
32.0 98.0 0.49160729850585927
32.0 100.0 0.4238824078594039
32.0 102.0 0.2860247736145314
32.0 104.0 0.11838614437312565
32.0 106.0 0.023129366894528176
32.0 108.0 0.0
32.0 110.0 0.0
32.0 112.0 0.0
32.0 114.0 0.0
32.0 116.0 0.0
32.0 118.0 0.0
32.0 120.0 0.0
32.0 122.0 0.0
32.0 124.0 0.0
32.0 126.0 0.0
34.0 0.0 0.0
34.0 2.0 0.0
34.0 4.0 0.0
34.0 6.0 0.0
34.0 8.0 0.0
34.0 10.0 0.0
34.0 12.0 0.0
34.0 14.0 0.0
34.0 16.0 0.0
34.0 18.0 0.0
34.0 20.0 0.0
34.0 22.0 0.0
34.0 24.0 0.0
34.0 26.0 0.0
34.0 28.0 0.0
34.0 30.0 0.0
34.0 32.0 0.0
34.0 34.0 0.0
34.0 36.0 0.0
34.0 38.0 1.8177365108668013E-4
34.0 40.0 0.019350471287346654
34.0 42.0 0.0319728768802668
34.0 44.0 0.05069945115993537
34.0 46.0 0.07689135935033639
34.0 48.0 0.1182035567436354
34.0 50.0 0.1290956397494452
34.0 52.0 0.12774086958267233
34.0 54.0 0.11532320579336079
34.0 56.0 0.08446092073352514
34.0 58.0 0.02093316672671583
34.0 60.0 0.0
34.0 62.0 0.0
34.0 64.0 0.0
34.0 66.0 0.0
34.0 68.0 0.0
34.0 70.0 0.0
34.0 72.0 0.0
34.0 74.0 0.0
34.0 76.0 0.008855485127803951
34.0 78.0 0.04870930907324769
34.0 80.0 0.11192869799780536
34.0 82.0 0.18109648078996102
34.0 84.0 0.2537999121707698
34.0 86.0 0.3261614989194738
34.0 88.0 0.39458647334381564
34.0 90.0 0.4533989873717384
34.0 92.0 0.4992055121398442
34.0 94.0 0.5199478081801997
34.0 96.0 0.5313626997082403
34.0 98.0 0.5224548625720523
34.0 100.0 0.43935859306470465
34.0 102.0 0.28049289730476984
34.0 104.0 0.1097386062415926
34.0 106.0 0.02262761441438643
34.0 108.0 0.0
34.0 110.0 0.0
34.0 112.0 0.0
34.0 114.0 0.0
34.0 116.0 0.0
34.0 118.0 0.0
34.0 120.0 0.0
34.0 122.0 0.0
34.0 124.0 0.0
34.0 126.0 0.0
36.0 0.0 0.0
36.0 2.0 0.0
36.0 4.0 0.0
36.0 6.0 0.0
36.0 8.0 0.0
36.0 10.0 0.0
36.0 12.0 0.002113459756470648
36.0 14.0 0.004387025695741635
36.0 16.0 0.0
36.0 18.0 0.0
36.0 20.0 0.0
36.0 22.0 0.0
36.0 24.0 0.0
36.0 26.0 0.0
36.0 28.0 0.0
36.0 30.0 0.0
36.0 32.0 0.0
36.0 34.0 0.0
36.0 36.0 0.0
36.0 38.0 0.01821764659901017
36.0 40.0 0.050072606157685606
36.0 42.0 0.08412567591558112
36.0 44.0 0.12296455995256254
36.0 46.0 0.16127246573919016
36.0 48.0 0.19207622545402994
36.0 50.0 0.24905873427772116
36.0 52.0 0.23528575855754874
36.0 54.0 0.19914152359331183
36.0 56.0 0.13179738875606486
36.0 58.0 0.023823027649265974
36.0 60.0 0.0
36.0 62.0 0.0
36.0 64.0 0.0
36.0 66.0 0.0
36.0 68.0 0.0
36.0 70.0 0.0
36.0 72.0 0.0
36.0 74.0 0.0
36.0 76.0 1.0069445805192268E-4
36.0 78.0 0.034150345787707564
36.0 80.0 0.10413730026165002
36.0 82.0 0.1819857745959348
36.0 84.0 0.2608864826471685
36.0 86.0 0.34543345806665465
36.0 88.0 0.43884132611834964
36.0 90.0 0.4935293369365666
36.0 92.0 0.5286080775412172
36.0 94.0 0.5416420788219918
36.0 96.0 0.5472683626267988
36.0 98.0 0.52499120875488
36.0 100.0 0.42258708106725734
36.0 102.0 0.24841507113192574
36.0 104.0 0.08983487068295727
36.0 106.0 0.022916406155470248
36.0 108.0 0.0
36.0 110.0 0.0
36.0 112.0 0.0
36.0 114.0 0.0
36.0 116.0 0.0
36.0 118.0 0.0
36.0 120.0 0.0
36.0 122.0 0.0
36.0 124.0 0.0
36.0 126.0 0.0
38.0 0.0 0.0
38.0 2.0 0.0
38.0 4.0 0.0
38.0 6.0 0.006965570397078926
38.0 8.0 0.15275277273632917
38.0 10.0 0.24134360492092152
38.0 12.0 0.17837941138353566
38.0 14.0 0.04768849401115869
38.0 16.0 0.0
38.0 18.0 0.0
38.0 20.0 0.0
38.0 22.0 0.0
38.0 24.0 0.0
38.0 26.0 0.0
38.0 28.0 0.0
38.0 30.0 0.0
38.0 32.0 0.0
38.0 34.0 0.0
38.0 36.0 0.0
38.0 38.0 0.030480952546405916
38.0 40.0 0.08382878211583171
38.0 42.0 0.13262882297061795
38.0 44.0 0.1821336070010207
38.0 46.0 0.22829745692629644
38.0 48.0 0.2617990373171067
38.0 50.0 0.27988312149201544
38.0 52.0 0.31743962255441166
38.0 54.0 0.2623609245721296
38.0 56.0 0.1555769555726931
38.0 58.0 0.028410984808770093
38.0 60.0 0.0
38.0 62.0 0.0
38.0 64.0 0.0
38.0 66.0 0.0
38.0 68.0 0.0
38.0 70.0 0.0
38.0 72.0 0.0
38.0 74.0 0.0
38.0 76.0 0.0
38.0 78.0 0.014449620413144295
38.0 80.0 0.0847860337693146
38.0 82.0 0.17444726846953792
38.0 84.0 0.2681736824858781
38.0 86.0 0.3716314696919658
38.0 88.0 0.4427724449078501
38.0 90.0 0.4954348472845697
38.0 92.0 0.5279641441800877
38.0 94.0 0.550827525997427
38.0 96.0 0.5649966151305446
38.0 98.0 0.5123098812875594
38.0 100.0 0.38474685093118804
38.0 102.0 0.1879621087789823
38.0 104.0 0.0741574462022531
38.0 106.0 0.01686569864114473
38.0 108.0 0.0
38.0 110.0 0.0
38.0 112.0 0.0
38.0 114.0 0.0
38.0 116.0 0.0
38.0 118.0 0.0
38.0 120.0 0.0
38.0 122.0 0.0
38.0 124.0 0.0
38.0 126.0 0.0
40.0 0.0 0.0
40.0 2.0 0.0
40.0 4.0 0.0
40.0 6.0 0.06092600153234531
40.0 8.0 0.3390770090240267
40.0 10.0 0.3502137928830151
40.0 12.0 0.26091300708357285
40.0 14.0 0.0801402252372523
40.0 16.0 0.002427631229954411
40.0 18.0 0.0
40.0 20.0 0.0
40.0 22.0 0.0
40.0 24.0 0.0
40.0 26.0 0.0
40.0 28.0 0.0
40.0 30.0 0.0
40.0 32.0 0.0
40.0 34.0 0.0
40.0 36.0 0.0
40.0 38.0 0.02254184824913118
40.0 40.0 0.10094007726602867
40.0 42.0 0.16998058056875928
40.0 44.0 0.2350295640708334
40.0 46.0 0.28846658150873583
40.0 48.0 0.32066204347043453
40.0 50.0 0.33184593257615946
40.0 52.0 0.3348373324783987
40.0 54.0 0.30256259084973164
40.0 56.0 0.17231159807382188
40.0 58.0 0.03326576071730108
40.0 60.0 0.0
40.0 62.0 0.0
40.0 64.0 0.0
40.0 66.0 0.0
40.0 68.0 0.0
40.0 70.0 0.0
40.0 72.0 0.0
40.0 74.0 0.0
40.0 76.0 0.0
40.0 78.0 8.517250233944902E-4
40.0 80.0 0.06201269754766983
40.0 82.0 0.15694897589415407
40.0 84.0 0.26119918739345177
40.0 86.0 0.3708265405920174
40.0 88.0 0.44222747575653343
40.0 90.0 0.4901795698308467
40.0 92.0 0.5111665427555342
40.0 94.0 0.5247661780026069
40.0 96.0 0.5301416019693803
40.0 98.0 0.45974496302389506
40.0 100.0 0.30783593816804183
40.0 102.0 0.1289526446153343
40.0 104.0 0.04559294903373277
40.0 106.0 0.007609107908285455
40.0 108.0 0.0
40.0 110.0 0.0
40.0 112.0 0.0
40.0 114.0 0.0
40.0 116.0 0.0
40.0 118.0 0.0
40.0 120.0 0.0
40.0 122.0 0.0
40.0 124.0 0.0
40.0 126.0 0.0
42.0 0.0 0.0
42.0 2.0 0.0
42.0 4.0 0.17053739021692374
42.0 6.0 0.4788067337793656
42.0 8.0 0.4591719454303247
42.0 10.0 0.40928597069769235
42.0 12.0 0.282952223944292
42.0 14.0 0.08312919032124368
42.0 16.0 0.0
42.0 18.0 0.0
42.0 20.0 0.0
42.0 22.0 0.0
42.0 24.0 0.0
42.0 26.0 0.0
42.0 28.0 0.0
42.0 30.0 0.0
42.0 32.0 0.0
42.0 34.0 0.0
42.0 36.0 0.0
42.0 38.0 0.032748463563156464
42.0 40.0 0.12323244685110045
42.0 42.0 0.23035179428639366
42.0 44.0 0.30838066010742554
42.0 46.0 0.34417678352206754
42.0 48.0 0.36773495661584604
42.0 50.0 0.37043912547164837
42.0 52.0 0.37876652845565567
42.0 54.0 0.3358200579581007
42.0 56.0 0.17899419167123645
42.0 58.0 0.03495871035333777
42.0 60.0 0.0
42.0 62.0 0.0
42.0 64.0 0.0
42.0 66.0 0.0
42.0 68.0 0.0
42.0 70.0 0.0
42.0 72.0 0.0
42.0 74.0 0.0
42.0 76.0 0.0
42.0 78.0 0.0
42.0 80.0 0.03999223340674676
42.0 82.0 0.13533228235087483
42.0 84.0 0.24882860582887256
42.0 86.0 0.3510415865690672
42.0 88.0 0.43282289317617845
42.0 90.0 0.47658811865660805
42.0 92.0 0.4756500690706806
42.0 94.0 0.4660093701455376
42.0 96.0 0.4391246696200238
42.0 98.0 0.362188545124643
42.0 100.0 0.19171145085560806
42.0 102.0 0.06795193390661497
42.0 104.0 0.013490952431741352
42.0 106.0 0.0
42.0 108.0 0.0
42.0 110.0 0.0
42.0 112.0 0.0
42.0 114.0 0.0
42.0 116.0 0.0
42.0 118.0 0.0
42.0 120.0 0.0
42.0 122.0 0.0
42.0 124.0 0.0
42.0 126.0 0.0
44.0 0.0 0.0
44.0 2.0 0.0
44.0 4.0 0.27243137677964385
44.0 6.0 0.5030009512577379
44.0 8.0 0.4775487893512594
44.0 10.0 0.4294271393677298
44.0 12.0 0.333943898824584
44.0 14.0 0.08242949779243401
44.0 16.0 0.0
44.0 18.0 0.0
44.0 20.0 0.0
44.0 22.0 0.0
44.0 24.0 0.0
44.0 26.0 0.0
44.0 28.0 0.0
44.0 30.0 0.0
44.0 32.0 0.0
44.0 34.0 0.0
44.0 36.0 0.0
44.0 38.0 0.05157926739182119
44.0 40.0 0.1819757709562654
44.0 42.0 0.3249096499013038
44.0 44.0 0.36894654223764656
44.0 46.0 0.38899532598795195
44.0 48.0 0.4089545889825244
44.0 50.0 0.40391623289012973
44.0 52.0 0.4184400696657585
44.0 54.0 0.3615782423556384
44.0 56.0 0.17231326360006802
44.0 58.0 0.03172079822247913
44.0 60.0 0.0
44.0 62.0 0.0
44.0 64.0 0.0
44.0 66.0 0.0
44.0 68.0 0.0
44.0 70.0 0.0
44.0 72.0 0.0
44.0 74.0 0.0
44.0 76.0 0.0
44.0 78.0 0.0
44.0 80.0 0.02244696871293046
44.0 82.0 0.1056595150533804
44.0 84.0 0.20620253905254685
44.0 86.0 0.31179390477508373
44.0 88.0 0.39459017776330735
44.0 90.0 0.43263070318246505
44.0 92.0 0.4203444250020145
44.0 94.0 0.394175604916752
44.0 96.0 0.3290363071293545
44.0 98.0 0.22552058779614673
44.0 100.0 0.09180141187332569
44.0 102.0 0.01804976120402691
44.0 104.0 0.0
44.0 106.0 0.0
44.0 108.0 0.0
44.0 110.0 0.0
44.0 112.0 0.0
44.0 114.0 0.0
44.0 116.0 0.0
44.0 118.0 0.0
44.0 120.0 0.0
44.0 122.0 0.0
44.0 124.0 0.0
44.0 126.0 0.0
46.0 0.0 0.0
46.0 2.0 0.0
46.0 4.0 0.3538125025605671
46.0 6.0 0.5110684816634662
46.0 8.0 0.4825938384329964
46.0 10.0 0.44535226751318074
46.0 12.0 0.34320212595482796
46.0 14.0 0.06967496967414143
46.0 16.0 0.0
46.0 18.0 0.0
46.0 20.0 0.0
46.0 22.0 0.0
46.0 24.0 0.0
46.0 26.0 0.0
46.0 28.0 0.0
46.0 30.0 0.0
46.0 32.0 0.0
46.0 34.0 0.0
46.0 36.0 9.903199668658965E-4
46.0 38.0 0.07696649940664474
46.0 40.0 0.22854726161599806
46.0 42.0 0.3590049797891504
46.0 44.0 0.3894971150317303
46.0 46.0 0.4214949817721021
46.0 48.0 0.43713020476779957
46.0 50.0 0.42731934036208524
46.0 52.0 0.45106512521919284
46.0 54.0 0.37461537127643046
46.0 56.0 0.15264589077246904
46.0 58.0 0.024128057388677085
46.0 60.0 0.0
46.0 62.0 0.0
46.0 64.0 0.0
46.0 66.0 0.0
46.0 68.0 0.0
46.0 70.0 0.0
46.0 72.0 0.0
46.0 74.0 0.0
46.0 76.0 0.0
46.0 78.0 0.0
46.0 80.0 0.008024381353979341
46.0 82.0 0.07465982087229076
46.0 84.0 0.16216558248973573
46.0 86.0 0.2557567173113929
46.0 88.0 0.323327594225873
46.0 90.0 0.35030168296452047
46.0 92.0 0.3224864874684959
46.0 94.0 0.2464058244050987
46.0 96.0 0.18578584476273283
46.0 98.0 0.09872657381905454
46.0 100.0 0.025288139252379438
46.0 102.0 0.0
46.0 104.0 0.0
46.0 106.0 0.0
46.0 108.0 0.0
46.0 110.0 0.0
46.0 112.0 0.0
46.0 114.0 0.0
46.0 116.0 0.0
46.0 118.0 0.0
46.0 120.0 0.0
46.0 122.0 0.0
46.0 124.0 0.0
46.0 126.0 0.0
48.0 0.0 0.0
48.0 2.0 0.4445647960666137
48.0 4.0 0.5295763751938614
48.0 6.0 0.4923766856203015
48.0 8.0 0.45055499164007323
48.0 10.0 0.4240206210107231
48.0 12.0 0.17669704426413158
48.0 14.0 0.017459353933433345
48.0 16.0 0.0
48.0 18.0 0.0
48.0 20.0 0.0
48.0 22.0 0.0
48.0 24.0 0.0
48.0 26.0 0.0
48.0 28.0 0.0
48.0 30.0 0.0
48.0 32.0 0.0
48.0 34.0 0.0
48.0 36.0 0.013200567942531454
48.0 38.0 0.1124943623227363
48.0 40.0 0.2750095877103707
48.0 42.0 0.366522906644228
48.0 44.0 0.40910339263445405
48.0 46.0 0.44330930840014465
48.0 48.0 0.4535563366304313
48.0 50.0 0.4798697484555303
48.0 52.0 0.4984604659535799
48.0 54.0 0.36521742550165825
48.0 56.0 0.1261334371593845
48.0 58.0 0.012571229655713797
48.0 60.0 0.0
48.0 62.0 0.0
48.0 64.0 0.0
48.0 66.0 0.0
48.0 68.0 0.0
48.0 70.0 0.0
48.0 72.0 0.0
48.0 74.0 0.0
48.0 76.0 0.0
48.0 78.0 0.0
48.0 80.0 0.007356220432364953
48.0 82.0 0.06527079008036
48.0 84.0 0.1315965581063504
48.0 86.0 0.19370028644372253
48.0 88.0 0.23144052774901383
48.0 90.0 0.23860188958384462
48.0 92.0 0.19691245459066456
48.0 94.0 0.13559031385484174
48.0 96.0 0.09845606516633347
48.0 98.0 0.035643204923051106
48.0 100.0 0.004173232105508406
48.0 102.0 0.0
48.0 104.0 0.0
48.0 106.0 0.0
48.0 108.0 0.0
48.0 110.0 0.0
48.0 112.0 0.0
48.0 114.0 0.0
48.0 116.0 0.0
48.0 118.0 0.0
48.0 120.0 0.0
48.0 122.0 0.0028552806462388337
48.0 124.0 0.0214129513177755
48.0 126.0 0.0
50.0 0.0 0.0
50.0 2.0 0.4622246532481907
50.0 4.0 0.5275911480981879
50.0 6.0 0.48495528086804834
50.0 8.0 0.4234335249207366
50.0 10.0 0.3705229303627707
50.0 12.0 0.12626665520091424
50.0 14.0 0.013790854902660838
50.0 16.0 0.0
50.0 18.0 0.0
50.0 20.0 0.0
50.0 22.0 0.0
50.0 24.0 0.0
50.0 26.0 0.0
50.0 28.0 0.0
50.0 30.0 0.0
50.0 32.0 0.0
50.0 34.0 0.0
50.0 36.0 0.04649527699426134
50.0 38.0 0.1670557138633254
50.0 40.0 0.3158929591846858
50.0 42.0 0.3748009085775354
50.0 44.0 0.41552253689816426
50.0 46.0 0.4513121038393566
50.0 48.0 0.4728846265844733
50.0 50.0 0.5442773023117853
50.0 52.0 0.49896044134621764
50.0 54.0 0.3363951574974014
50.0 56.0 0.0952428306590179
50.0 58.0 0.0012544456648843105
50.0 60.0 0.0
50.0 62.0 0.0
50.0 64.0 0.0
50.0 66.0 0.0
50.0 68.0 0.0
50.0 70.0 0.0
50.0 72.0 0.0
50.0 74.0 0.0
50.0 76.0 0.0
50.0 78.0 0.0
50.0 80.0 0.015369728432960464
50.0 82.0 0.06376846651250613
50.0 84.0 0.11645603062982257
50.0 86.0 0.14726172179182237
50.0 88.0 0.16074939543997993
50.0 90.0 0.13783775809400253
50.0 92.0 0.08565176564920568
50.0 94.0 0.06774981358518258
50.0 96.0 0.020052755449165755
50.0 98.0 1.8617037585690578E-4
50.0 100.0 0.0
50.0 102.0 0.0
50.0 104.0 0.0
50.0 106.0 0.0
50.0 108.0 0.0
50.0 110.0 0.0
50.0 112.0 0.0
50.0 114.0 0.0
50.0 116.0 0.0
50.0 118.0 0.007634560062944037
50.0 120.0 0.04145750043189581
50.0 122.0 0.07081405170577008
50.0 124.0 0.11821216538368058
50.0 126.0 0.0
52.0 0.0 0.0
52.0 2.0 0.45146895196312437
52.0 4.0 0.5186059019024428
52.0 6.0 0.4458388802053414
52.0 8.0 0.35535075503588015
52.0 10.0 0.2379024822541644
52.0 12.0 0.07313241340809022
52.0 14.0 0.006408780047156247
52.0 16.0 0.0
52.0 18.0 0.0
52.0 20.0 0.0
52.0 22.0 0.0
52.0 24.0 0.0
52.0 26.0 0.0
52.0 28.0 0.0
52.0 30.0 0.0
52.0 32.0 0.0
52.0 34.0 0.021672096677026836
52.0 36.0 0.09622225251608318
52.0 38.0 0.21017664752593845
52.0 40.0 0.32626927674914624
52.0 42.0 0.36490520560160017
52.0 44.0 0.41257640209000845
52.0 46.0 0.4432258585913791
52.0 48.0 0.5147408583115137
52.0 50.0 0.5442733900864886
52.0 52.0 0.4899662048220455
52.0 54.0 0.2722075072367703
52.0 56.0 0.06632444361867636
52.0 58.0 0.0
52.0 60.0 0.0
52.0 62.0 0.0
52.0 64.0 0.0
52.0 66.0 0.0
52.0 68.0 0.0
52.0 70.0 0.0
52.0 72.0 0.0
52.0 74.0 0.0
52.0 76.0 0.0
52.0 78.0 0.0
52.0 80.0 0.027824228595917707
52.0 82.0 0.07078628841957077
52.0 84.0 0.10743617006582612
52.0 86.0 0.1145746815503263
52.0 88.0 0.10449077136909572
52.0 90.0 0.06923178014779134
52.0 92.0 0.02412802091306338
52.0 94.0 0.0250912291569957
52.0 96.0 3.368388761795019E-5
52.0 98.0 0.0
52.0 100.0 0.0
52.0 102.0 0.0
52.0 104.0 0.0
52.0 106.0 0.0
52.0 108.0 0.0
52.0 110.0 0.0
52.0 112.0 0.0
52.0 114.0 0.0
52.0 116.0 0.01530376166199677
52.0 118.0 0.051637716111449156
52.0 120.0 0.09832836062417087
52.0 122.0 0.14131497836076057
52.0 124.0 0.1967679555253203
52.0 126.0 0.0
54.0 0.0 0.0
54.0 2.0 0.4320343078099014
54.0 4.0 0.45126482104168714
54.0 6.0 0.3631802820955219
54.0 8.0 0.2512408596687839
54.0 10.0 0.10203999613661817
54.0 12.0 0.031110959204046204
54.0 14.0 0.0
54.0 16.0 0.0
54.0 18.0 0.0
54.0 20.0 0.0
54.0 22.0 0.0
54.0 24.0 0.0
54.0 26.0 0.0
54.0 28.0 0.0
54.0 30.0 0.002342933406522199
54.0 32.0 0.020592717405921595
54.0 34.0 0.07058752982419506
54.0 36.0 0.1495034238776982
54.0 38.0 0.2422059267314757
54.0 40.0 0.3246795375377635
54.0 42.0 0.35515627719383486
54.0 44.0 0.3982796187712078
54.0 46.0 0.43813853784212875
54.0 48.0 0.5191148296234537
54.0 50.0 0.5162303851556889
54.0 52.0 0.4352352938146995
54.0 54.0 0.18785122337122395
54.0 56.0 0.03272926994139776
54.0 58.0 0.0
54.0 60.0 0.0
54.0 62.0 0.0
54.0 64.0 0.0
54.0 66.0 0.0
54.0 68.0 0.0
54.0 70.0 0.0
54.0 72.0 0.0
54.0 74.0 0.0
54.0 76.0 0.0
54.0 78.0 0.004284851634929053
54.0 80.0 0.03251780078383234
54.0 82.0 0.06610146138066218
54.0 84.0 0.0919564856048295
54.0 86.0 0.09474664068569509
54.0 88.0 0.07609458361047418
54.0 90.0 0.04055951443712511
54.0 92.0 0.0013220033712716772
54.0 94.0 0.004101292262333923
54.0 96.0 0.0
54.0 98.0 0.0
54.0 100.0 0.0
54.0 102.0 0.0
54.0 104.0 0.0
54.0 106.0 0.0
54.0 108.0 0.0
54.0 110.0 0.0
54.0 112.0 0.0
54.0 114.0 0.011731926601401916
54.0 116.0 0.0348838157103884
54.0 118.0 0.07398969545936336
54.0 120.0 0.11996601064184147
54.0 122.0 0.1667956826640594
54.0 124.0 0.23102254572957018
54.0 126.0 0.284545413434941
56.0 0.0 0.0
56.0 2.0 0.3665004676562605
56.0 4.0 0.24226109402389018
56.0 6.0 0.11888621726787657
56.0 8.0 0.03219823259250995
56.0 10.0 5.424596329645908E-4
56.0 12.0 6.11595395611027E-4
56.0 14.0 0.0
56.0 16.0 0.0
56.0 18.0 0.0
56.0 20.0 0.0
56.0 22.0 0.0
56.0 24.0 0.0
56.0 26.0 0.0
56.0 28.0 0.005214740624970938
56.0 30.0 0.03152723903556918
56.0 32.0 0.07141907633225168
56.0 34.0 0.12854229428478006
56.0 36.0 0.19148772425273383
56.0 38.0 0.2607164395415746
56.0 40.0 0.28423991283174727
56.0 42.0 0.32897845478688575
56.0 44.0 0.366873455704215
56.0 46.0 0.40687131041623603
56.0 48.0 0.46902679058608837
56.0 50.0 0.44590784263500693
56.0 52.0 0.31675938868188813
56.0 54.0 0.1059070923449847
56.0 56.0 0.0072942815608671606
56.0 58.0 0.0
56.0 60.0 0.0
56.0 62.0 0.0
56.0 64.0 0.0
56.0 66.0 0.0
56.0 68.0 0.0
56.0 70.0 0.0
56.0 72.0 0.0
56.0 74.0 0.0
56.0 76.0 0.0
56.0 78.0 0.007449927081766265
56.0 80.0 0.03097233569120061
56.0 82.0 0.05593336408876112
56.0 84.0 0.07205792596491443
56.0 86.0 0.08497201448251694
56.0 88.0 0.06193777413260947
56.0 90.0 0.03014781360641533
56.0 92.0 0.002999658028375381
56.0 94.0 0.0
56.0 96.0 0.0
56.0 98.0 0.0
56.0 100.0 0.0
56.0 102.0 0.0
56.0 104.0 0.0
56.0 106.0 0.0
56.0 108.0 0.0
56.0 110.0 0.0
56.0 112.0 0.0031555821605638774
56.0 114.0 0.012540335908662784
56.0 116.0 0.02981730006863392
56.0 118.0 0.06005432210117387
56.0 120.0 0.10410547987077114
56.0 122.0 0.15780405838416595
56.0 124.0 0.21711902978231448
56.0 126.0 0.2855736754781399
58.0 0.0 0.0
58.0 2.0 0.22793350135592882
58.0 4.0 0.02464746032302285
58.0 6.0 0.0
58.0 8.0 0.0
58.0 10.0 0.0
58.0 12.0 0.0
58.0 14.0 0.0
58.0 16.0 0.0
58.0 18.0 0.0
58.0 20.0 0.0
58.0 22.0 0.0
58.0 24.0 0.0
58.0 26.0 0.008320317899141167
58.0 28.0 0.04403543474434155
58.0 30.0 0.08955482168432004
58.0 32.0 0.1380459070947954
58.0 34.0 0.1837783496250697
58.0 36.0 0.2260841545726506
58.0 38.0 0.2650587357666357
58.0 40.0 0.254943010768793
58.0 42.0 0.2871557557362334
58.0 44.0 0.31044794356166666
58.0 46.0 0.34916129398539936
58.0 48.0 0.3698473178708288
58.0 50.0 0.3082629494383744
58.0 52.0 0.16314085049815666
58.0 54.0 0.041090339527230076
58.0 56.0 0.0
58.0 58.0 0.0
58.0 60.0 0.0
58.0 62.0 0.0
58.0 64.0 0.0
58.0 66.0 0.0
58.0 68.0 0.0
58.0 70.0 0.0
58.0 72.0 0.0
58.0 74.0 0.0
58.0 76.0 0.0
58.0 78.0 0.011366816017188504
58.0 80.0 0.03157630716388389
58.0 82.0 0.05588375746216806
58.0 84.0 0.07426716288109665
58.0 86.0 0.0653349127137039
58.0 88.0 0.04240405060970384
58.0 90.0 0.026097684988937442
58.0 92.0 0.0070704867383630425
58.0 94.0 0.0
58.0 96.0 0.0
58.0 98.0 0.0
58.0 100.0 0.0
58.0 102.0 0.0
58.0 104.0 0.0
58.0 106.0 0.0
58.0 108.0 0.0
58.0 110.0 0.0
58.0 112.0 0.0
58.0 114.0 0.003947290241905171
58.0 116.0 0.014613459873289035
58.0 118.0 0.034919830500792864
58.0 120.0 0.06888409615500705
58.0 122.0 0.1204240971002067
58.0 124.0 0.18020086665207882
58.0 126.0 0.24924635816748694
60.0 0.0 0.0
60.0 2.0 0.09466869059070832
60.0 4.0 0.0
60.0 6.0 0.0
60.0 8.0 0.0
60.0 10.0 0.0
60.0 12.0 0.0
60.0 14.0 0.0
60.0 16.0 0.0
60.0 18.0 0.0
60.0 20.0 0.0
60.0 22.0 0.0
60.0 24.0 0.020411745429048545
60.0 26.0 0.06317242878533373
60.0 28.0 0.11146601956756728
60.0 30.0 0.16094953369119328
60.0 32.0 0.20270384111850412
60.0 34.0 0.23231115398414368
60.0 36.0 0.2500590482124846
60.0 38.0 0.22563817352865134
60.0 40.0 0.22276067593816384
60.0 42.0 0.2284533974377734
60.0 44.0 0.22951847121542437
60.0 46.0 0.2415817209636166
60.0 48.0 0.22216377910793836
60.0 50.0 0.1355286124061432
60.0 52.0 0.04233224164588765
60.0 54.0 0.00248558563098918
60.0 56.0 0.0
60.0 58.0 0.0
60.0 60.0 0.0
60.0 62.0 0.0
60.0 64.0 0.0
60.0 66.0 0.0
60.0 68.0 0.0
60.0 70.0 0.0
60.0 72.0 0.0
60.0 74.0 0.0
60.0 76.0 0.003602305581362599
60.0 78.0 0.018439093179209436
60.0 80.0 0.03863439557355262
60.0 82.0 0.06356897727661222
60.0 84.0 0.07019781676385459
60.0 86.0 0.06062074457435546
60.0 88.0 0.040431193287970436
60.0 90.0 0.026916897459429323
60.0 92.0 0.011441421952637481
60.0 94.0 0.0023086770650840847
60.0 96.0 0.0
60.0 98.0 0.0
60.0 100.0 0.0
60.0 102.0 0.0
60.0 104.0 0.0
60.0 106.0 0.0
60.0 108.0 0.0
60.0 110.0 0.0
60.0 112.0 0.0
60.0 114.0 0.0
60.0 116.0 0.0
60.0 118.0 0.0057621989010530105
60.0 120.0 0.03101759451137409
60.0 122.0 0.055730269664122305
60.0 124.0 0.09708171542860496
60.0 126.0 0.18479903494558014
62.0 0.0 0.0
62.0 2.0 0.04029408057024901
62.0 4.0 0.0
62.0 6.0 0.0
62.0 8.0 0.0
62.0 10.0 0.0
62.0 12.0 0.0
62.0 14.0 0.0
62.0 16.0 0.0
62.0 18.0 0.0
62.0 20.0 0.0
62.0 22.0 0.01978279104762581
62.0 24.0 0.06618336931663944
62.0 26.0 0.12231142703250412
62.0 28.0 0.1824756076908345
62.0 30.0 0.2316508436599181
62.0 32.0 0.26401059064304894
62.0 34.0 0.27278115987208795
62.0 36.0 0.23558113371128583
62.0 38.0 0.20077949622541943
62.0 40.0 0.17532604011729905
62.0 42.0 0.1469848680949895
62.0 44.0 0.11968562493143864
62.0 46.0 0.09341317286834322
62.0 48.0 0.0653360049433483
62.0 50.0 0.015475808292146146
62.0 52.0 0.0
62.0 54.0 0.0
62.0 56.0 0.0
62.0 58.0 0.0
62.0 60.0 0.0
62.0 62.0 0.0
62.0 64.0 0.0
62.0 66.0 0.0
62.0 68.0 0.0
62.0 70.0 0.0
62.0 72.0 0.0
62.0 74.0 0.005834104258783834
62.0 76.0 0.02125233418704618
62.0 78.0 0.03955161272474591
62.0 80.0 0.05509233312129876
62.0 82.0 0.06352808460656147
62.0 84.0 0.06388966668857095
62.0 86.0 0.05830612654251057
62.0 88.0 0.0495959528428419
62.0 90.0 0.03904998581487777
62.0 92.0 0.020266492580997063
62.0 94.0 0.009173552551050563
62.0 96.0 0.0028056935384371488
62.0 98.0 0.0
62.0 100.0 0.0
62.0 102.0 0.0
62.0 104.0 0.0
62.0 106.0 0.0
62.0 108.0 0.0
62.0 110.0 0.0
62.0 112.0 0.0
62.0 114.0 0.0
62.0 116.0 0.0
62.0 118.0 0.0
62.0 120.0 0.002538169853406096
62.0 122.0 0.003379861890233475
62.0 124.0 0.01821165121793403
62.0 126.0 0.11027584116373629
64.0 0.0 0.0
64.0 2.0 0.016116487050772302
64.0 4.0 0.0
64.0 6.0 0.0
64.0 8.0 0.0
64.0 10.0 0.0
64.0 12.0 0.0
64.0 14.0 0.0
64.0 16.0 0.0
64.0 18.0 0.0
64.0 20.0 0.00876528208690497
64.0 22.0 0.049981456310496775
64.0 24.0 0.11265130707984676
64.0 26.0 0.18520219265207769
64.0 28.0 0.2509014497487149
64.0 30.0 0.29679518914408004
64.0 32.0 0.31592469173562626
64.0 34.0 0.29661301166145776
64.0 36.0 0.22706042858591333
64.0 38.0 0.1749543627665667
64.0 40.0 0.10974486695357023
64.0 42.0 0.042122080601484396
64.0 44.0 0.004041037527307271
64.0 46.0 0.0
64.0 48.0 0.0
64.0 50.0 0.0
64.0 52.0 0.0
64.0 54.0 0.0
64.0 56.0 0.0
64.0 58.0 0.0
64.0 60.0 0.0
64.0 62.0 0.0
64.0 64.0 0.0
64.0 66.0 0.0
64.0 68.0 0.0
64.0 70.0 4.4522954059095997E-4
64.0 72.0 0.010530204862177593
64.0 74.0 0.025400031126366147
64.0 76.0 0.04345070281058011
64.0 78.0 0.060479214438000285
64.0 80.0 0.07169216650184139
64.0 82.0 0.07503779658470826
64.0 84.0 0.07193230585052658
64.0 86.0 0.05368505878877005
64.0 88.0 0.029757042294537437
64.0 90.0 0.01903589313802985
64.0 92.0 0.013875599168523198
64.0 94.0 0.011988096989817017
64.0 96.0 0.012916889047901517
64.0 98.0 0.008715299347341297
64.0 100.0 0.0029017757845873353
64.0 102.0 0.0023124901889520666
64.0 104.0 1.063337183369703E-5
64.0 106.0 0.0
64.0 108.0 0.0
64.0 110.0 0.0
64.0 112.0 0.0
64.0 114.0 0.0
64.0 116.0 0.0
64.0 118.0 0.0
64.0 120.0 0.0
64.0 122.0 0.0
64.0 124.0 0.0
64.0 126.0 0.02588692704133622
66.0 0.0 0.0
66.0 2.0 0.0
66.0 4.0 0.0
66.0 6.0 0.0
66.0 8.0 0.0
66.0 10.0 0.0
66.0 12.0 0.0
66.0 14.0 0.0
66.0 16.0 0.0
66.0 18.0 4.674482792636758E-4
66.0 20.0 0.024993016669924387
66.0 22.0 0.08466064932112431
66.0 24.0 0.1652164660425963
66.0 26.0 0.24522427477940448
66.0 28.0 0.310915504499812
66.0 30.0 0.34988475834985183
66.0 32.0 0.34683159915860956
66.0 34.0 0.2743655597627077
66.0 36.0 0.22281108323623586
66.0 38.0 0.14382716507551632
66.0 40.0 0.04846693885722978
66.0 42.0 0.002122564470624338
66.0 44.0 0.0
66.0 46.0 0.0
66.0 48.0 0.0
66.0 50.0 0.0
66.0 52.0 0.0
66.0 54.0 0.0
66.0 56.0 0.0
66.0 58.0 0.0
66.0 60.0 0.0
66.0 62.0 0.0
66.0 64.0 0.0
66.0 66.0 5.620286777664462E-4
66.0 68.0 0.008729191017755341
66.0 70.0 0.024770591532709958
66.0 72.0 0.03875497462818683
66.0 74.0 0.05546906697219772
66.0 76.0 0.07226043883304765
66.0 78.0 0.08399336890273401
66.0 80.0 0.08990531045876894
66.0 82.0 0.0867531956154682
66.0 84.0 0.06332889928515843
66.0 86.0 0.037241077602090035
66.0 88.0 0.021789453841687807
66.0 90.0 0.012984607792355949
66.0 92.0 0.011869138546998446
66.0 94.0 0.01800019354171051
66.0 96.0 0.03515991299563704
66.0 98.0 0.053510196472138775
66.0 100.0 0.06141296686991481
66.0 102.0 0.06979001017501367
66.0 104.0 0.06015425464867524
66.0 106.0 0.03266754604932476
66.0 108.0 0.010438069852856153
66.0 110.0 0.0
66.0 112.0 0.0
66.0 114.0 0.0
66.0 116.0 0.0
66.0 118.0 0.0
66.0 120.0 0.0
66.0 122.0 0.0
66.0 124.0 0.0
66.0 126.0 0.0
68.0 0.0 0.0
68.0 2.0 0.0
68.0 4.0 0.0
68.0 6.0 0.0
68.0 8.0 0.0
68.0 10.0 0.0
68.0 12.0 0.0
68.0 14.0 0.0
68.0 16.0 0.0
68.0 18.0 0.0
68.0 20.0 0.042527483846124925
68.0 22.0 0.11801903046721283
68.0 24.0 0.21343041091464335
68.0 26.0 0.2987416419024876
68.0 28.0 0.36088203709698147
68.0 30.0 0.39171700375402635
68.0 32.0 0.35584199457464655
68.0 34.0 0.27297048418437025
68.0 36.0 0.20922051735545963
68.0 38.0 0.11513413845658516
68.0 40.0 0.016393318598642875
68.0 42.0 0.0
68.0 44.0 0.0
68.0 46.0 0.0
68.0 48.0 0.0
68.0 50.0 0.0
68.0 52.0 0.0
68.0 54.0 0.0
68.0 56.0 0.0
68.0 58.0 0.0
68.0 60.0 0.0
68.0 62.0 0.0
68.0 64.0 1.2505135563958669E-5
68.0 66.0 0.01636456420002199
68.0 68.0 0.033678014020272
68.0 70.0 0.05153665570694122
68.0 72.0 0.06505345367627254
68.0 74.0 0.07833540462174811
68.0 76.0 0.08886998153262536
68.0 78.0 0.09268464283286583
68.0 80.0 0.07534672780812478
68.0 82.0 0.07060489558499211
68.0 84.0 0.05888359820949896
68.0 86.0 0.03017044283596669
68.0 88.0 0.016340569872431918
68.0 90.0 0.009831422173335824
68.0 92.0 0.012117231759294111
68.0 94.0 0.02678954662080438
68.0 96.0 0.05688183584703957
68.0 98.0 0.09558629258370645
68.0 100.0 0.14498976550887158
68.0 102.0 0.1593071385896228
68.0 104.0 0.14997796959314394
68.0 106.0 0.11337857767271244
68.0 108.0 0.06292934640243056
68.0 110.0 0.014955964643029776
68.0 112.0 0.0
68.0 114.0 0.0
68.0 116.0 0.0
68.0 118.0 0.0
68.0 120.0 0.0
68.0 122.0 0.0
68.0 124.0 0.0
68.0 126.0 0.0
70.0 0.0 0.0
70.0 2.0 0.0
70.0 4.0 0.0
70.0 6.0 0.0
70.0 8.0 0.0
70.0 10.0 0.0
70.0 12.0 0.0
70.0 14.0 0.0
70.0 16.0 0.0
70.0 18.0 0.006354911756991303
70.0 20.0 0.06444086431028266
70.0 22.0 0.16155762668915466
70.0 24.0 0.2634947712586154
70.0 26.0 0.347339231114292
70.0 28.0 0.4042170775882659
70.0 30.0 0.40877194282786644
70.0 32.0 0.3331884315948202
70.0 34.0 0.28432416551794665
70.0 36.0 0.19566189834437342
70.0 38.0 0.07040341044464853
70.0 40.0 0.003552809078836664
70.0 42.0 0.0
70.0 44.0 0.0
70.0 46.0 0.0
70.0 48.0 0.0
70.0 50.0 0.0
70.0 52.0 0.0
70.0 54.0 0.0
70.0 56.0 0.0
70.0 58.0 0.0
70.0 60.0 0.0
70.0 62.0 0.0
70.0 64.0 0.012041980263950898
70.0 66.0 0.0367691945007889
70.0 68.0 0.061581585663358286
70.0 70.0 0.0768147383259787
70.0 72.0 0.08647368652108862
70.0 74.0 0.09311528946476111
70.0 76.0 0.0988433567183732
70.0 78.0 0.0832731106832844
70.0 80.0 0.06946547969238823
70.0 82.0 0.05983433366134102
70.0 84.0 0.04741112178390284
70.0 86.0 0.021275837388937336
70.0 88.0 0.007649278364648624
70.0 90.0 0.003981451848155807
70.0 92.0 0.010505460752561502
70.0 94.0 0.0366214312624065
70.0 96.0 0.08161188497774763
70.0 98.0 0.14496656126884497
70.0 100.0 0.21293522632397666
70.0 102.0 0.27310919809323225
70.0 104.0 0.2580246008186857
70.0 106.0 0.20172136707011804
70.0 108.0 0.13502627324277142
70.0 110.0 0.05131796848011075
70.0 112.0 0.008775675636522758
70.0 114.0 0.0
70.0 116.0 0.0
70.0 118.0 0.0
70.0 120.0 0.0
70.0 122.0 0.0
70.0 124.0 0.0
70.0 126.0 0.0
72.0 0.0 0.0
72.0 2.0 0.0
72.0 4.0 0.0
72.0 6.0 0.0
72.0 8.0 0.0
72.0 10.0 0.0
72.0 12.0 0.0
72.0 14.0 0.0
72.0 16.0 0.0
72.0 18.0 0.017495538058013117
72.0 20.0 0.1019664643556879
72.0 22.0 0.211617739138501
72.0 24.0 0.3161192044388285
72.0 26.0 0.4007583673318029
72.0 28.0 0.4515638384578647
72.0 30.0 0.41720497188510697
72.0 32.0 0.3337588198395644
72.0 34.0 0.27727687042146404
72.0 36.0 0.17821054023128347
72.0 38.0 0.04370051282514659
72.0 40.0 0.0
72.0 42.0 0.0
72.0 44.0 0.0
72.0 46.0 0.0
72.0 48.0 0.0
72.0 50.0 0.0
72.0 52.0 0.0
72.0 54.0 0.0
72.0 56.0 0.0
72.0 58.0 0.0
72.0 60.0 0.0
72.0 62.0 0.0
72.0 64.0 0.030145345958891345
72.0 66.0 0.06047143883841214
72.0 68.0 0.08428753184522175
72.0 70.0 0.09538827878652749
72.0 72.0 0.10083009758963674
72.0 74.0 0.10041246418616112
72.0 76.0 0.09569905586721354
72.0 78.0 0.06645821925864569
72.0 80.0 0.040203736402964374
72.0 82.0 0.024388608618642695
72.0 84.0 0.018610693741406257
72.0 86.0 0.00899711231204181
72.0 88.0 0.0
72.0 90.0 0.0
72.0 92.0 0.004439666750876475
72.0 94.0 0.043714507401048736
72.0 96.0 0.10841174157686395
72.0 98.0 0.19710738260019633
72.0 100.0 0.27462787561435587
72.0 102.0 0.31873054611805024
72.0 104.0 0.32236853935788445
72.0 106.0 0.2843031199412925
72.0 108.0 0.20983131245664302
72.0 110.0 0.10772408336293726
72.0 112.0 0.028065658177525644
72.0 114.0 0.0
72.0 116.0 0.0
72.0 118.0 0.0
72.0 120.0 0.0
72.0 122.0 0.0
72.0 124.0 0.0
72.0 126.0 0.0
74.0 0.0 0.0
74.0 2.0 0.0
74.0 4.0 0.0
74.0 6.0 0.0
74.0 8.0 0.0
74.0 10.0 0.0
74.0 12.0 0.0
74.0 14.0 0.0
74.0 16.0 0.0
74.0 18.0 0.028439155203334548
74.0 20.0 0.11252339729984921
74.0 22.0 0.2418336918535341
74.0 24.0 0.35817833643644925
74.0 26.0 0.44197619722995873
74.0 28.0 0.4344197469409727
74.0 30.0 0.40696362437323286
74.0 32.0 0.3572742771169537
74.0 34.0 0.2555515382752354
74.0 36.0 0.14349617125423794
74.0 38.0 0.028630216396784064
74.0 40.0 0.0
74.0 42.0 0.0
74.0 44.0 0.0
74.0 46.0 0.0
74.0 48.0 0.0
74.0 50.0 0.0
74.0 52.0 0.0
74.0 54.0 0.0
74.0 56.0 0.0
74.0 58.0 0.0
74.0 60.0 0.0
74.0 62.0 0.0028381588739283432
74.0 64.0 0.05234730663203302
74.0 66.0 0.08951712590298043
74.0 68.0 0.10951080481826997
74.0 70.0 0.11565275581248154
74.0 72.0 0.11074152609834152
74.0 74.0 0.09948194975035964
74.0 76.0 0.07726874140426215
74.0 78.0 0.048669180864724264
74.0 80.0 0.013424034521813321
74.0 82.0 0.0016565683283319532
74.0 84.0 4.8412201124911495E-4
74.0 86.0 0.0
74.0 88.0 0.0
74.0 90.0 0.0
74.0 92.0 0.006631229711427741
74.0 94.0 0.06345594723609978
74.0 96.0 0.14732665961600427
74.0 98.0 0.24410952655115525
74.0 100.0 0.3252833141227853
74.0 102.0 0.3760393936165977
74.0 104.0 0.38667514294271554
74.0 106.0 0.353541674222227
74.0 108.0 0.2812431907878933
74.0 110.0 0.172207450978477
74.0 112.0 0.05793634818851743
74.0 114.0 0.0069026216545479335
74.0 116.0 0.0
74.0 118.0 0.0
74.0 120.0 0.0
74.0 122.0 0.0
74.0 124.0 0.0
74.0 126.0 0.0
76.0 0.0 0.0
76.0 2.0 0.0
76.0 4.0 0.0
76.0 6.0 0.0
76.0 8.0 0.0
76.0 10.0 0.0
76.0 12.0 0.0
76.0 14.0 0.0
76.0 16.0 0.0
76.0 18.0 0.033910500150648455
76.0 20.0 0.14245263019092297
76.0 22.0 0.27251069080602813
76.0 24.0 0.380711842098195
76.0 26.0 0.4135726496911154
76.0 28.0 0.44448702729973727
76.0 30.0 0.4291943329851042
76.0 32.0 0.3750436260619245
76.0 34.0 0.27630592523171216
76.0 36.0 0.10394048720655591
76.0 38.0 0.012608035924570453
76.0 40.0 0.0
76.0 42.0 0.0
76.0 44.0 0.0
76.0 46.0 0.0
76.0 48.0 0.0
76.0 50.0 0.0
76.0 52.0 0.0
76.0 54.0 0.0
76.0 56.0 0.0
76.0 58.0 0.0
76.0 60.0 0.0
76.0 62.0 0.023118462746391396
76.0 64.0 0.09637353627638086
76.0 66.0 0.1377452764873852
76.0 68.0 0.1536243170715366
76.0 70.0 0.14669129711665246
76.0 72.0 0.1245397433526698
76.0 74.0 0.09318719367205923
76.0 76.0 0.04622363454515882
76.0 78.0 0.007283940125753106
76.0 80.0 0.0
76.0 82.0 0.0
76.0 84.0 0.0
76.0 86.0 0.0
76.0 88.0 0.0
76.0 90.0 0.0
76.0 92.0 0.009488486825319225
76.0 94.0 0.0836676770987219
76.0 96.0 0.18334947001386107
76.0 98.0 0.27325180062869087
76.0 100.0 0.35150939810593046
76.0 102.0 0.4068127116123832
76.0 104.0 0.42614016395534254
76.0 106.0 0.40249644692481684
76.0 108.0 0.33791184165498483
76.0 110.0 0.2319525493768463
76.0 112.0 0.09827604965621156
76.0 114.0 0.02083207936937529
76.0 116.0 0.0
76.0 118.0 0.0
76.0 120.0 0.0
76.0 122.0 0.0
76.0 124.0 0.0
76.0 126.0 0.0
78.0 0.0 0.0
78.0 2.0 0.0
78.0 4.0 0.0
78.0 6.0 0.0
78.0 8.0 0.0
78.0 10.0 0.0
78.0 12.0 0.0
78.0 14.0 0.0
78.0 16.0 0.0
78.0 18.0 0.029499973959563858
78.0 20.0 0.15989527030461992
78.0 22.0 0.2934827722766995
78.0 24.0 0.3921470202521722
78.0 26.0 0.4235506768436448
78.0 28.0 0.4532608984733501
78.0 30.0 0.44641678582745187
78.0 32.0 0.39031768649605825
78.0 34.0 0.2454740244940493
78.0 36.0 0.06855294392223839
78.0 38.0 0.0033689636280318618
78.0 40.0 0.0
78.0 42.0 0.0
78.0 44.0 0.0
78.0 46.0 0.0
78.0 48.0 0.0
78.0 50.0 0.0
78.0 52.0 0.0
78.0 54.0 0.0
78.0 56.0 0.0
78.0 58.0 0.0
78.0 60.0 0.01304878801994355
78.0 62.0 0.09364681604593013
78.0 64.0 0.1791809875656396
78.0 66.0 0.21683700773495532
78.0 68.0 0.22091738791314275
78.0 70.0 0.19431629181295587
78.0 72.0 0.14661273912468817
78.0 74.0 0.07304993827885604
78.0 76.0 0.0045858625069941225
78.0 78.0 0.0
78.0 80.0 0.0
78.0 82.0 0.0
78.0 84.0 0.0
78.0 86.0 0.0
78.0 88.0 0.0
78.0 90.0 0.0
78.0 92.0 0.0
78.0 94.0 0.07262708538957006
78.0 96.0 0.1803223926186064
78.0 98.0 0.2827653301906086
78.0 100.0 0.36757220878684865
78.0 102.0 0.42760146660610504
78.0 104.0 0.4553678527136664
78.0 106.0 0.4380884469565653
78.0 108.0 0.38026119117036017
78.0 110.0 0.2809831633174576
78.0 112.0 0.14158326227225665
78.0 114.0 0.038097908386376514
78.0 116.0 0.0
78.0 118.0 0.0
78.0 120.0 0.0
78.0 122.0 0.0
78.0 124.0 0.0
78.0 126.0 0.0
80.0 0.0 0.0
80.0 2.0 0.0
80.0 4.0 0.0
80.0 6.0 0.0
80.0 8.0 0.0
80.0 10.0 0.0
80.0 12.0 0.0
80.0 14.0 0.0
80.0 16.0 0.0
80.0 18.0 0.01972179021204272
80.0 20.0 0.15361979002083856
80.0 22.0 0.29322948668027843
80.0 24.0 0.3890330321657414
80.0 26.0 0.4211216274558807
80.0 28.0 0.4484954102426946
80.0 30.0 0.47456508247327495
80.0 32.0 0.3908028434351283
80.0 34.0 0.2001649095911329
80.0 36.0 0.044987367331711825
80.0 38.0 0.0
80.0 40.0 0.0
80.0 42.0 0.0
80.0 44.0 0.0
80.0 46.0 0.0
80.0 48.0 0.0
80.0 50.0 0.0
80.0 52.0 0.0
80.0 54.0 0.0
80.0 56.0 0.0
80.0 58.0 0.0
80.0 60.0 0.10264601018313424
80.0 62.0 0.22261605332712797
80.0 64.0 0.2875383622573809
80.0 66.0 0.30967001059024984
80.0 68.0 0.2961006910627671
80.0 70.0 0.25073455910140124
80.0 72.0 0.168529754425247
80.0 74.0 0.057946202017388294
80.0 76.0 0.0024182617691547014
80.0 78.0 0.0
80.0 80.0 0.0
80.0 82.0 0.0
80.0 84.0 0.0
80.0 86.0 0.0
80.0 88.0 0.0
80.0 90.0 0.0
80.0 92.0 0.0
80.0 94.0 0.018619469768339395
80.0 96.0 0.1416741169037936
80.0 98.0 0.26648642573784803
80.0 100.0 0.36234395925605406
80.0 102.0 0.4292345915825748
80.0 104.0 0.4657424725537487
80.0 106.0 0.4605348682222394
80.0 108.0 0.40755838358147706
80.0 110.0 0.3314388674169619
80.0 112.0 0.20300564582155398
80.0 114.0 0.05955627418462442
80.0 116.0 0.0030994689918937093
80.0 118.0 0.0
80.0 120.0 0.0
80.0 122.0 0.0
80.0 124.0 0.0
80.0 126.0 0.0
82.0 0.0 0.0
82.0 2.0 0.0
82.0 4.0 0.0
82.0 6.0 0.0
82.0 8.0 0.0
82.0 10.0 0.0
82.0 12.0 0.0
82.0 14.0 0.0
82.0 16.0 2.549164106289116E-4
82.0 18.0 0.030005771811237505
82.0 20.0 0.12627953106826467
82.0 22.0 0.25778742061099097
82.0 24.0 0.3509185189115014
82.0 26.0 0.39645410209270016
82.0 28.0 0.42859117168213295
82.0 30.0 0.41461997556630353
82.0 32.0 0.338692653319486
82.0 34.0 0.14874296891688957
82.0 36.0 0.027478988109672586
82.0 38.0 0.0
82.0 40.0 0.0
82.0 42.0 0.0
82.0 44.0 0.0
82.0 46.0 0.0
82.0 48.0 0.0
82.0 50.0 0.0
82.0 52.0 0.0
82.0 54.0 0.0
82.0 56.0 0.0
82.0 58.0 0.09108962583457297
82.0 60.0 0.24045206745818784
82.0 62.0 0.333164139839836
82.0 64.0 0.37447759804634995
82.0 66.0 0.3776109463534292
82.0 68.0 0.34846382693742567
82.0 70.0 0.2836383325285986
82.0 72.0 0.17772383707894246
82.0 74.0 0.05431910512956534
82.0 76.0 0.005297532611566479
82.0 78.0 0.0
82.0 80.0 0.0
82.0 82.0 0.0
82.0 84.0 0.0
82.0 86.0 0.0
82.0 88.0 0.0
82.0 90.0 0.0
82.0 92.0 0.0
82.0 94.0 0.0
82.0 96.0 0.06626423928814698
82.0 98.0 0.21220655514927414
82.0 100.0 0.3320271398235442
82.0 102.0 0.41487889648202964
82.0 104.0 0.4634550749108064
82.0 106.0 0.47188821199157815
82.0 108.0 0.4301020656415368
82.0 110.0 0.3425821838876976
82.0 112.0 0.21190278251084393
82.0 114.0 0.07610253980862362
82.0 116.0 0.010478599073021302
82.0 118.0 0.0
82.0 120.0 0.0
82.0 122.0 0.0
82.0 124.0 0.0
82.0 126.0 0.0
84.0 0.0 0.0
84.0 2.0 0.0
84.0 4.0 0.0
84.0 6.0 0.0
84.0 8.0 7.970967328912707E-4
84.0 10.0 0.007989270388910402
84.0 12.0 0.012131103463701635
84.0 14.0 0.007935139119411351
84.0 16.0 0.005358936697589432
84.0 18.0 0.009589482415229207
84.0 20.0 0.042631439016808347
84.0 22.0 0.13929707048325243
84.0 24.0 0.23521050382089814
84.0 26.0 0.30656145842174104
84.0 28.0 0.37690623485665026
84.0 30.0 0.36410941130953645
84.0 32.0 0.27746585304421567
84.0 34.0 0.09707771873698733
84.0 36.0 0.01043497203327109
84.0 38.0 0.0
84.0 40.0 0.0
84.0 42.0 0.0
84.0 44.0 0.0
84.0 46.0 0.0
84.0 48.0 0.0
84.0 50.0 0.0
84.0 52.0 0.0
84.0 54.0 0.0
84.0 56.0 0.056374284683558096
84.0 58.0 0.22770626893084125
84.0 60.0 0.3680388782354809
84.0 62.0 0.421980036136911
84.0 64.0 0.4333681804272795
84.0 66.0 0.42271288769253607
84.0 68.0 0.3800034482008221
84.0 70.0 0.29657672060433876
84.0 72.0 0.17032903568644628
84.0 74.0 0.0433452373850059
84.0 76.0 0.0010944206421989462
84.0 78.0 0.0
84.0 80.0 0.0
84.0 82.0 0.0
84.0 84.0 0.0
84.0 86.0 0.0
84.0 88.0 0.0
84.0 90.0 0.0
84.0 92.0 0.0
84.0 94.0 0.0
84.0 96.0 0.015078954981901434
84.0 98.0 0.1346019448405876
84.0 100.0 0.2678342847336318
84.0 102.0 0.3700783497179434
84.0 104.0 0.43443540812998754
84.0 106.0 0.45808881935511425
84.0 108.0 0.43431784207317575
84.0 110.0 0.3592084520817678
84.0 112.0 0.2403038962912681
84.0 114.0 0.09491444151631172
84.0 116.0 0.020284719216327827
84.0 118.0 0.0
84.0 120.0 0.0
84.0 122.0 0.0
84.0 124.0 0.0
84.0 126.0 0.0
86.0 0.0 0.0
86.0 2.0 0.0
86.0 4.0 0.0
86.0 6.0 0.0
86.0 8.0 0.0
86.0 10.0 0.0015484119372176017
86.0 12.0 0.007108833179529087
86.0 14.0 0.0062920990850457775
86.0 16.0 0.0024407429709186754
86.0 18.0 0.0011197226904814857
86.0 20.0 0.001622387543683798
86.0 22.0 0.043995653479998474
86.0 24.0 0.13482379012366594
86.0 26.0 0.193915574094743
86.0 28.0 0.2599290327235923
86.0 30.0 0.24741951117296737
86.0 32.0 0.16629289375465095
86.0 34.0 0.044924119270697505
86.0 36.0 0.0
86.0 38.0 0.0
86.0 40.0 0.0
86.0 42.0 0.0
86.0 44.0 0.0
86.0 46.0 0.0
86.0 48.0 0.0
86.0 50.0 0.0
86.0 52.0 0.0
86.0 54.0 0.03505829217402725
86.0 56.0 0.23181526578432468
86.0 58.0 0.3531526999653747
86.0 60.0 0.4405486911686915
86.0 62.0 0.4788128380973981
86.0 64.0 0.47609778157156296
86.0 66.0 0.4542515846009014
86.0 68.0 0.4000881517080536
86.0 70.0 0.29779815934714265
86.0 72.0 0.14308935305482592
86.0 74.0 0.03032117838490785
86.0 76.0 0.0
86.0 78.0 0.0
86.0 80.0 0.0
86.0 82.0 0.0
86.0 84.0 0.0
86.0 86.0 0.0
86.0 88.0 0.0
86.0 90.0 0.0
86.0 92.0 0.0
86.0 94.0 0.0
86.0 96.0 0.0
86.0 98.0 0.060187562514233635
86.0 100.0 0.1880205395225515
86.0 102.0 0.30667212110938713
86.0 104.0 0.389053133953424
86.0 106.0 0.45032274993438276
86.0 108.0 0.4537732070179255
86.0 110.0 0.37459936683277756
86.0 112.0 0.2624734358616454
86.0 114.0 0.12403539173439466
86.0 116.0 0.030999675000524852
86.0 118.0 0.0
86.0 120.0 0.0
86.0 122.0 0.0
86.0 124.0 0.0
86.0 126.0 0.0
88.0 0.0 0.0
88.0 2.0 0.0
88.0 4.0 0.0
88.0 6.0 0.0
88.0 8.0 0.005711136793701103
88.0 10.0 0.031331107325817446
88.0 12.0 0.040269522202447824
88.0 14.0 0.021883533763281292
88.0 16.0 0.005607167294586326
88.0 18.0 0.0
88.0 20.0 0.0
88.0 22.0 0.007739382850682794
88.0 24.0 0.052721227575236417
88.0 26.0 0.0901459005564319
88.0 28.0 0.10439366925603878
88.0 30.0 0.09652860177669974
88.0 32.0 0.05453017735999871
88.0 34.0 0.013233907704710906
88.0 36.0 0.0
88.0 38.0 0.0
88.0 40.0 0.0
88.0 42.0 0.0
88.0 44.0 0.0
88.0 46.0 0.0
88.0 48.0 0.0
88.0 50.0 0.0
88.0 52.0 0.02580184847041046
88.0 54.0 0.18610914984767904
88.0 56.0 0.3635330919902691
88.0 58.0 0.4860523726751012
88.0 60.0 0.5380101060924144
88.0 62.0 0.5142677323723518
88.0 64.0 0.5027662931912701
88.0 66.0 0.4798389756883903
88.0 68.0 0.45265329664742276
88.0 70.0 0.3247195080111298
88.0 72.0 0.11706122416166732
88.0 74.0 0.01737395218975151
88.0 76.0 0.0
88.0 78.0 0.0
88.0 80.0 0.0
88.0 82.0 0.0
88.0 84.0 0.0
88.0 86.0 0.0
88.0 88.0 0.0
88.0 90.0 0.0
88.0 92.0 0.0
88.0 94.0 0.0
88.0 96.0 0.0
88.0 98.0 0.03412947085922222
88.0 100.0 0.12358696686425609
88.0 102.0 0.24556344723168863
88.0 104.0 0.3375309381742839
88.0 106.0 0.3941222969478296
88.0 108.0 0.4034217876868489
88.0 110.0 0.35801227777832384
88.0 112.0 0.26803316028939617
88.0 114.0 0.15257463538105806
88.0 116.0 0.04402615341374169
88.0 118.0 0.0010296974789283887
88.0 120.0 0.0
88.0 122.0 0.0
88.0 124.0 0.0
88.0 126.0 0.0
90.0 0.0 0.0
90.0 2.0 0.0
90.0 4.0 0.0
90.0 6.0 0.0
90.0 8.0 0.024803435935772583
90.0 10.0 0.0653006408063132
90.0 12.0 0.05701012844630293
90.0 14.0 0.024017499889063307
90.0 16.0 0.0024829180571758996
90.0 18.0 0.0
90.0 20.0 0.0
90.0 22.0 0.0
90.0 24.0 0.0
90.0 26.0 0.0040682443472653314
90.0 28.0 0.006305241943773711
90.0 30.0 0.005676886395170164
90.0 32.0 0.0016937049550492217
90.0 34.0 0.0
90.0 36.0 0.0
90.0 38.0 0.0
90.0 40.0 0.0
90.0 42.0 0.0
90.0 44.0 0.0
90.0 46.0 0.0
90.0 48.0 0.0
90.0 50.0 0.009958370934295692
90.0 52.0 0.11644743459855988
90.0 54.0 0.2722143398781309
90.0 56.0 0.4097897943913773
90.0 58.0 0.5105976357361223
90.0 60.0 0.5539800051351375
90.0 62.0 0.5513495827054348
90.0 64.0 0.547409848714374
90.0 66.0 0.5441775145516905
90.0 68.0 0.47596854579707165
90.0 70.0 0.28642056016120954
90.0 72.0 0.08961281691877565
90.0 74.0 0.00495869546426902
90.0 76.0 0.0
90.0 78.0 0.0
90.0 80.0 0.0
90.0 82.0 0.0
90.0 84.0 0.0
90.0 86.0 0.0
90.0 88.0 0.0
90.0 90.0 0.0
90.0 92.0 0.0
90.0 94.0 0.0
90.0 96.0 0.0
90.0 98.0 0.013043178343182209
90.0 100.0 0.07174572406281476
90.0 102.0 0.17162805994249122
90.0 104.0 0.25899398283661373
90.0 106.0 0.3265488401635706
90.0 108.0 0.348934758529264
90.0 110.0 0.3259458401687272
90.0 112.0 0.2604514072744293
90.0 114.0 0.1716015675970122
90.0 116.0 0.07274408289666705
90.0 118.0 0.017057426728010673
90.0 120.0 0.0
90.0 122.0 0.0
90.0 124.0 0.0
90.0 126.0 0.0
92.0 0.0 0.0
92.0 2.0 0.0
92.0 4.0 0.0
92.0 6.0 0.0
92.0 8.0 0.001051762688856845
92.0 10.0 0.0339192909476981
92.0 12.0 0.04253881733108114
92.0 14.0 0.014890686840364398
92.0 16.0 6.527781362472216E-4
92.0 18.0 0.0
92.0 20.0 0.0
92.0 22.0 0.0
92.0 24.0 0.0
92.0 26.0 0.0
92.0 28.0 0.0
92.0 30.0 0.0
92.0 32.0 0.0
92.0 34.0 0.0
92.0 36.0 0.0
92.0 38.0 0.0
92.0 40.0 0.0
92.0 42.0 0.0
92.0 44.0 0.0
92.0 46.0 0.0
92.0 48.0 0.0
92.0 50.0 0.06447348036444027
92.0 52.0 0.20042415015650158
92.0 54.0 0.33493030136046675
92.0 56.0 0.43872176939889657
92.0 58.0 0.5044461834636145
92.0 60.0 0.5414881812500804
92.0 62.0 0.558433085168775
92.0 64.0 0.5553290169135531
92.0 66.0 0.56227831877055
92.0 68.0 0.4668720308647279
92.0 70.0 0.2482097192892764
92.0 72.0 0.07248726910789
92.0 74.0 0.0
92.0 76.0 0.0
92.0 78.0 0.0
92.0 80.0 0.0
92.0 82.0 0.0
92.0 84.0 0.0
92.0 86.0 0.0
92.0 88.0 0.0
92.0 90.0 0.0
92.0 92.0 0.0
92.0 94.0 0.0
92.0 96.0 0.0
92.0 98.0 0.010951586828941
92.0 100.0 0.04003652226985506
92.0 102.0 0.11381479285905188
92.0 104.0 0.20866933566969478
92.0 106.0 0.26351522229628677
92.0 108.0 0.29228093766621627
92.0 110.0 0.287718905374822
92.0 112.0 0.24916300452197027
92.0 114.0 0.18833027470557048
92.0 116.0 0.11970911337248374
92.0 118.0 0.04823854069599846
92.0 120.0 0.0050243260420338
92.0 122.0 0.0
92.0 124.0 0.0
92.0 126.0 0.0
94.0 0.0 0.0
94.0 2.0 0.0
94.0 4.0 0.0
94.0 6.0 0.0
94.0 8.0 0.0037492060216215294
94.0 10.0 0.03870052528499882
94.0 12.0 0.03322167340892037
94.0 14.0 0.008176019247005223
94.0 16.0 0.0
94.0 18.0 0.0
94.0 20.0 0.0
94.0 22.0 0.0
94.0 24.0 0.0
94.0 26.0 0.0
94.0 28.0 0.0
94.0 30.0 0.0
94.0 32.0 0.0
94.0 34.0 0.0
94.0 36.0 0.0
94.0 38.0 0.0
94.0 40.0 0.0
94.0 42.0 0.0
94.0 44.0 0.0
94.0 46.0 0.0
94.0 48.0 0.015310558909740838
94.0 50.0 0.11220296984605854
94.0 52.0 0.2507785485200206
94.0 54.0 0.3665399267513445
94.0 56.0 0.45161848276080296
94.0 58.0 0.5118475559477598
94.0 60.0 0.5478753372578501
94.0 62.0 0.5637560949504634
94.0 64.0 0.5558067844989693
94.0 66.0 0.5452078892333082
94.0 68.0 0.43810636585506285
94.0 70.0 0.2212769978497038
94.0 72.0 0.06072458809565792
94.0 74.0 0.0
94.0 76.0 0.0
94.0 78.0 0.0
94.0 80.0 0.0
94.0 82.0 0.0
94.0 84.0 0.0
94.0 86.0 0.0
94.0 88.0 0.0
94.0 90.0 0.0
94.0 92.0 0.0
94.0 94.0 0.0
94.0 96.0 0.0
94.0 98.0 0.005887065485044088
94.0 100.0 0.033649030555426715
94.0 102.0 0.09314743246128583
94.0 104.0 0.16908647114502484
94.0 106.0 0.21776997597060696
94.0 108.0 0.23876756854464318
94.0 110.0 0.2517481015681806
94.0 112.0 0.23923258604202235
94.0 114.0 0.2086285154295593
94.0 116.0 0.18003018323485634
94.0 118.0 0.12040572766656543
94.0 120.0 0.0
94.0 122.0 0.0
94.0 124.0 0.0
94.0 126.0 0.0
96.0 0.0 0.0
96.0 2.0 0.0
96.0 4.0 0.0
96.0 6.0 0.0
96.0 8.0 0.0
96.0 10.0 0.02155026431393138
96.0 12.0 0.006418859763199201
96.0 14.0 0.001546725133748617
96.0 16.0 0.0
96.0 18.0 0.0
96.0 20.0 0.0
96.0 22.0 0.0
96.0 24.0 0.0
96.0 26.0 0.0
96.0 28.0 0.0
96.0 30.0 0.0
96.0 32.0 0.0
96.0 34.0 0.004171126415418047
96.0 36.0 0.0020207970667020163
96.0 38.0 0.0
96.0 40.0 0.0
96.0 42.0 0.0
96.0 44.0 0.0
96.0 46.0 0.005930332060897501
96.0 48.0 0.04456767798081147
96.0 50.0 0.13657322187682772
96.0 52.0 0.2597504239524477
96.0 54.0 0.364662441373234
96.0 56.0 0.44829969644846135
96.0 58.0 0.5069787188988283
96.0 60.0 0.5414193592295222
96.0 62.0 0.5565722179251514
96.0 64.0 0.5447930497256832
96.0 66.0 0.5015983048096975
96.0 68.0 0.3936436005490991
96.0 70.0 0.1936290880236781
96.0 72.0 0.05024537644923686
96.0 74.0 0.0
96.0 76.0 0.0
96.0 78.0 0.0
96.0 80.0 0.0
96.0 82.0 0.0
96.0 84.0 0.0
96.0 86.0 0.0
96.0 88.0 0.0
96.0 90.0 0.0
96.0 92.0 0.0
96.0 94.0 0.0
96.0 96.0 0.0
96.0 98.0 0.0034893689454273493
96.0 100.0 0.04206912694291975
96.0 102.0 0.0893490711219746
96.0 104.0 0.15753985015008384
96.0 106.0 0.2096069421410844
96.0 108.0 0.2342105666180152
96.0 110.0 0.23330341432223511
96.0 112.0 0.24109482623648756
96.0 114.0 0.23238816865753628
96.0 116.0 0.22497459168985254
96.0 118.0 0.18156344583985143
96.0 120.0 0.0
96.0 122.0 0.0
96.0 124.0 0.0
96.0 126.0 0.0
98.0 0.0 0.0
98.0 2.0 0.0
98.0 4.0 0.0
98.0 6.0 0.0
98.0 8.0 0.0
98.0 10.0 0.0
98.0 12.0 0.033047168757241736
98.0 14.0 0.0
98.0 16.0 0.0
98.0 18.0 0.0
98.0 20.0 0.0
98.0 22.0 0.0
98.0 24.0 0.0
98.0 26.0 0.0
98.0 28.0 0.0
98.0 30.0 0.0
98.0 32.0 0.0
98.0 34.0 0.006001903205242386
98.0 36.0 0.005914642855392481
98.0 38.0 0.0
98.0 40.0 1.310010440234381E-4
98.0 42.0 0.0010502684176088132
98.0 44.0 0.0041601301043612815
98.0 46.0 0.014327743527979497
98.0 48.0 0.046935612997120325
98.0 50.0 0.12984963958942794
98.0 52.0 0.2339789899586647
98.0 54.0 0.3353072090311227
98.0 56.0 0.42064820368952044
98.0 58.0 0.48080113193606505
98.0 60.0 0.5154270127085808
98.0 62.0 0.5294507518271487
98.0 64.0 0.5151302226419218
98.0 66.0 0.4563494504463217
98.0 68.0 0.34627291045685066
98.0 70.0 0.17152642696611511
98.0 72.0 0.04436659116211924
98.0 74.0 0.0
98.0 76.0 0.0
98.0 78.0 0.0
98.0 80.0 0.0
98.0 82.0 0.0
98.0 84.0 0.0
98.0 86.0 0.0
98.0 88.0 0.0
98.0 90.0 0.0
98.0 92.0 0.0
98.0 94.0 0.0
98.0 96.0 0.0
98.0 98.0 0.008693267244440092
98.0 100.0 0.04231749611854622
98.0 102.0 0.09361314538338604
98.0 104.0 0.16532978945079252
98.0 106.0 0.2129496085802447
98.0 108.0 0.23329205554937585
98.0 110.0 0.23247286970865974
98.0 112.0 0.2520733442784417
98.0 114.0 0.25584947911776107
98.0 116.0 0.2617652310433478
98.0 118.0 0.0
98.0 120.0 0.0
98.0 122.0 0.0
98.0 124.0 0.0
98.0 126.0 0.0
100.0 0.0 0.0
100.0 2.0 0.0
100.0 4.0 0.0
100.0 6.0 0.0
100.0 8.0 0.0
100.0 10.0 0.0
100.0 12.0 0.07490516297143804
100.0 14.0 0.0
100.0 16.0 0.0
100.0 18.0 0.0
100.0 20.0 0.0
100.0 22.0 0.0
100.0 24.0 0.0
100.0 26.0 0.0
100.0 28.0 0.0
100.0 30.0 0.0
100.0 32.0 0.0
100.0 34.0 0.0017509966748331049
100.0 36.0 0.004938241483811921
100.0 38.0 0.0
100.0 40.0 3.5031536589638727E-4
100.0 42.0 0.0010590341361954084
100.0 44.0 0.0025054579243256347
100.0 46.0 0.006497820190627071
100.0 48.0 0.027502600051535542
100.0 50.0 0.10074629707014686
100.0 52.0 0.18264608960433945
100.0 54.0 0.27198130401983134
100.0 56.0 0.35248367915871776
100.0 58.0 0.4154455385872133
100.0 60.0 0.45621534217432097
100.0 62.0 0.4715658751732317
100.0 64.0 0.45347327873272164
100.0 66.0 0.3832044785888302
100.0 68.0 0.291336285449162
100.0 70.0 0.15356533129260713
100.0 72.0 0.03959911651464985
100.0 74.0 0.0
100.0 76.0 0.0
100.0 78.0 0.0
100.0 80.0 0.0
100.0 82.0 0.0
100.0 84.0 0.0
100.0 86.0 0.0
100.0 88.0 0.0
100.0 90.0 0.0
100.0 92.0 0.0
100.0 94.0 0.0
100.0 96.0 0.0
100.0 98.0 0.00915881094066915
100.0 100.0 0.04602544059886218
100.0 102.0 0.09197393803418057
100.0 104.0 0.15214420139987708
100.0 106.0 0.22673617432341578
100.0 108.0 0.2490148837206083
100.0 110.0 0.2487282370556048
100.0 112.0 0.2728050910735957
100.0 114.0 0.2786011761783092
100.0 116.0 0.0
100.0 118.0 0.0
100.0 120.0 0.0
100.0 122.0 0.0
100.0 124.0 0.0
100.0 126.0 0.0
102.0 0.0 0.0
102.0 2.0 0.0
102.0 4.0 0.0
102.0 6.0 0.0
102.0 8.0 0.0
102.0 10.0 0.0
102.0 12.0 0.0
102.0 14.0 0.1414320848696749
102.0 16.0 0.0
102.0 18.0 0.0
102.0 20.0 0.0
102.0 22.0 0.0
102.0 24.0 0.0
102.0 26.0 0.0
102.0 28.0 0.0
102.0 30.0 0.0
102.0 32.0 0.0
102.0 34.0 0.007715631287142428
102.0 36.0 0.0
102.0 38.0 0.0
102.0 40.0 0.0
102.0 42.0 0.0
102.0 44.0 0.0
102.0 46.0 0.0
102.0 48.0 0.008146011316097306
102.0 50.0 0.05831436825671612
102.0 52.0 0.12104156750035266
102.0 54.0 0.19313399378734705
102.0 56.0 0.2610792039498986
102.0 58.0 0.31785405658754695
102.0 60.0 0.3586832889031774
102.0 62.0 0.3767131988171461
102.0 64.0 0.36705216560703385
102.0 66.0 0.3252567720167728
102.0 68.0 0.2475839421462008
102.0 70.0 0.13521134674275528
102.0 72.0 0.033417148213235
102.0 74.0 0.0
102.0 76.0 0.0
102.0 78.0 0.0
102.0 80.0 0.0
102.0 82.0 0.0
102.0 84.0 0.0
102.0 86.0 0.0
102.0 88.0 0.0
102.0 90.0 0.0
102.0 92.0 0.0
102.0 94.0 0.0
102.0 96.0 0.0
102.0 98.0 0.009819628100792933
102.0 100.0 0.045081869653567246
102.0 102.0 0.08557603547398174
102.0 104.0 0.14455191343368665
102.0 106.0 0.22351454243659455
102.0 108.0 0.2566296027019294
102.0 110.0 0.263539342553249
102.0 112.0 0.2881588089941796
102.0 114.0 0.0
102.0 116.0 0.0
102.0 118.0 0.0
102.0 120.0 0.0
102.0 122.0 0.0
102.0 124.0 0.0
102.0 126.0 0.0
104.0 0.0 0.0
104.0 2.0 0.0
104.0 4.0 0.0
104.0 6.0 0.0
104.0 8.0 0.0
104.0 10.0 0.0
104.0 12.0 0.0
104.0 14.0 0.0
104.0 16.0 0.20059658093121333
104.0 18.0 0.0
104.0 20.0 0.0
104.0 22.0 0.0
104.0 24.0 0.0
104.0 26.0 0.0
104.0 28.0 0.0
104.0 30.0 0.0
104.0 32.0 0.0
104.0 34.0 0.007372876874906308
104.0 36.0 0.0
104.0 38.0 0.0
104.0 40.0 0.0
104.0 42.0 0.0
104.0 44.0 0.0
104.0 46.0 0.0
104.0 48.0 0.0
104.0 50.0 0.02207996008387214
104.0 52.0 0.05877138652327495
104.0 54.0 0.11349472984675206
104.0 56.0 0.1685002415139378
104.0 58.0 0.21839587563250884
104.0 60.0 0.265150875521428
104.0 62.0 0.35421140407499146
104.0 64.0 0.3463098092853693
104.0 66.0 0.2836616000958059
104.0 68.0 0.19357014829882124
104.0 70.0 0.12945164397029393
104.0 72.0 0.038682452493298256
104.0 74.0 0.0
104.0 76.0 0.0
104.0 78.0 0.0
104.0 80.0 0.0
104.0 82.0 0.0
104.0 84.0 0.0
104.0 86.0 0.0
104.0 88.0 0.0
104.0 90.0 0.0
104.0 92.0 0.0
104.0 94.0 0.0
104.0 96.0 0.0
104.0 98.0 0.00561494447030315
104.0 100.0 0.028543054272630666
104.0 102.0 0.05518362572006166
104.0 104.0 0.10791635947893084
104.0 106.0 0.18120917705597284
104.0 108.0 0.2326943650138379
104.0 110.0 0.2566069843605374
104.0 112.0 0.28639183239333593
104.0 114.0 0.0
104.0 116.0 0.0
104.0 118.0 0.0
104.0 120.0 0.0
104.0 122.0 0.0
104.0 124.0 0.0
104.0 126.0 0.0
106.0 0.0 0.0
106.0 2.0 0.0
106.0 4.0 0.0
106.0 6.0 0.0
106.0 8.0 0.0
106.0 10.0 0.0
106.0 12.0 0.0
106.0 14.0 0.0
106.0 16.0 0.0
106.0 18.0 0.16010918323824377
106.0 20.0 0.0
106.0 22.0 0.0
106.0 24.0 0.0
106.0 26.0 0.0
106.0 28.0 0.0
106.0 30.0 0.0
106.0 32.0 0.0
106.0 34.0 2.004918016919896E-4
106.0 36.0 0.0
106.0 38.0 0.0
106.0 40.0 0.0
106.0 42.0 0.0
106.0 44.0 0.0
106.0 46.0 0.0
106.0 48.0 0.0
106.0 50.0 0.0013755061455892484
106.0 52.0 0.015072095253851598
106.0 54.0 0.049635423357302054
106.0 56.0 0.09177888755682169
106.0 58.0 0.13437039954794813
106.0 60.0 0.1779559986911993
106.0 62.0 0.25414411957522853
106.0 64.0 0.2520083062117394
106.0 66.0 0.23023144494594114
106.0 68.0 0.16449813278677958
106.0 70.0 0.1260983254328964
106.0 72.0 0.05861077237433898
106.0 74.0 0.003621687126879451
106.0 76.0 0.0
106.0 78.0 0.0
106.0 80.0 0.0
106.0 82.0 0.0
106.0 84.0 0.0
106.0 86.0 0.0
106.0 88.0 0.0
106.0 90.0 0.0
106.0 92.0 0.0
106.0 94.0 0.0
106.0 96.0 0.0
106.0 98.0 0.0
106.0 100.0 2.322239834970458E-4
106.0 102.0 0.00527495238661149
106.0 104.0 0.03525506169655977
106.0 106.0 0.07421622050392987
106.0 108.0 0.13368388380319418
106.0 110.0 0.19992116289326775
106.0 112.0 0.0
106.0 114.0 0.0
106.0 116.0 0.0
106.0 118.0 0.0
106.0 120.0 0.0
106.0 122.0 0.0
106.0 124.0 0.0
106.0 126.0 0.0
108.0 0.0 0.0
108.0 2.0 0.0
108.0 4.0 0.0
108.0 6.0 0.0
108.0 8.0 0.0
108.0 10.0 0.0
108.0 12.0 0.0
108.0 14.0 0.0
108.0 16.0 0.0
108.0 18.0 0.0
108.0 20.0 0.0818867651060028
108.0 22.0 0.0
108.0 24.0 0.0
108.0 26.0 0.0
108.0 28.0 0.0
108.0 30.0 0.0
108.0 32.0 0.0
108.0 34.0 0.0
108.0 36.0 0.0
108.0 38.0 0.0
108.0 40.0 0.0
108.0 42.0 0.0
108.0 44.0 0.0
108.0 46.0 0.0
108.0 48.0 0.0
108.0 50.0 0.0
108.0 52.0 0.0019258465506629384
108.0 54.0 0.015335247132650226
108.0 56.0 0.03770040121840527
108.0 58.0 0.07043249577935991
108.0 60.0 0.10940251589514888
108.0 62.0 0.15609763130289003
108.0 64.0 0.15984410985149758
108.0 66.0 0.15963526853764107
108.0 68.0 0.1287574189228192
108.0 70.0 0.11407565847472069
108.0 72.0 0.0968207368463551
108.0 74.0 0.0444578160247412
108.0 76.0 0.0
108.0 78.0 0.0
108.0 80.0 0.0
108.0 82.0 0.0
108.0 84.0 0.0
108.0 86.0 0.0
108.0 88.0 0.0
108.0 90.0 0.0
108.0 92.0 0.0
108.0 94.0 0.0
108.0 96.0 0.0
108.0 98.0 0.0
108.0 100.0 0.0
108.0 102.0 0.0
108.0 104.0 0.0
108.0 106.0 0.0
108.0 108.0 0.0
108.0 110.0 0.0
108.0 112.0 0.0
108.0 114.0 0.0
108.0 116.0 0.0
108.0 118.0 0.0
108.0 120.0 0.0
108.0 122.0 0.0
108.0 124.0 0.0
108.0 126.0 0.0
110.0 0.0 0.0
110.0 2.0 0.0
110.0 4.0 0.0
110.0 6.0 0.0
110.0 8.0 0.0
110.0 10.0 0.0
110.0 12.0 0.0
110.0 14.0 0.0
110.0 16.0 0.0
110.0 18.0 0.0
110.0 20.0 0.0
110.0 22.0 0.0
110.0 24.0 0.0
110.0 26.0 0.0
110.0 28.0 0.0
110.0 30.0 0.0
110.0 32.0 0.0
110.0 34.0 0.0
110.0 36.0 0.0
110.0 38.0 0.0
110.0 40.0 0.0
110.0 42.0 0.0
110.0 44.0 0.0
110.0 46.0 0.0
110.0 48.0 0.0
110.0 50.0 0.0
110.0 52.0 0.0
110.0 54.0 4.0890894187828195E-4
110.0 56.0 0.008150648381646176
110.0 58.0 0.024127793108123612
110.0 60.0 0.05219076840389839
110.0 62.0 0.07250282656510978
110.0 64.0 0.0835893213078716
110.0 66.0 0.05963044246199833
110.0 68.0 0.05572571154038544
110.0 70.0 0.10778800093206951
110.0 72.0 0.12235860477233851
110.0 74.0 0.11930576174251811
110.0 76.0 0.07336251319377264
110.0 78.0 0.01599773202058664
110.0 80.0 0.0
110.0 82.0 0.01887149862802288
110.0 84.0 0.05465448400132455
110.0 86.0 0.048594254546029454
110.0 88.0 0.040725290743957136
110.0 90.0 0.011619605297799087
110.0 92.0 0.0
110.0 94.0 0.0
110.0 96.0 0.0
110.0 98.0 0.0
110.0 100.0 0.0
110.0 102.0 0.0
110.0 104.0 0.0
110.0 106.0 0.0
110.0 108.0 0.0
110.0 110.0 0.0
110.0 112.0 0.0
110.0 114.0 0.0
110.0 116.0 0.0
110.0 118.0 0.0
110.0 120.0 0.0
110.0 122.0 0.0
110.0 124.0 0.0
110.0 126.0 0.0
112.0 0.0 0.0
112.0 2.0 0.0
112.0 4.0 0.0
112.0 6.0 0.0
112.0 8.0 0.0
112.0 10.0 0.0
112.0 12.0 0.0
112.0 14.0 0.0
112.0 16.0 0.0
112.0 18.0 0.0
112.0 20.0 0.0
112.0 22.0 0.0
112.0 24.0 0.0
112.0 26.0 0.0
112.0 28.0 7.687160629466801E-4
112.0 30.0 0.004968354124457182
112.0 32.0 0.007816335733445123
112.0 34.0 0.008551138077819232
112.0 36.0 0.009361146312466954
112.0 38.0 0.0
112.0 40.0 0.0
112.0 42.0 0.0
112.0 44.0 0.0
112.0 46.0 0.0
112.0 48.0 0.0
112.0 50.0 0.0
112.0 52.0 0.0
112.0 54.0 0.0
112.0 56.0 0.0
112.0 58.0 0.0030929421737507963
112.0 60.0 0.01496553846178357
112.0 62.0 0.029473336844047533
112.0 64.0 0.026551507854677133
112.0 66.0 0.019571440912653604
112.0 68.0 0.03905979967290873
112.0 70.0 0.07087729103104698
112.0 72.0 0.1377813266575347
112.0 74.0 0.16481848021600873
112.0 76.0 0.16975426169498678
112.0 78.0 0.1644972060341703
112.0 80.0 0.1696061940331678
112.0 82.0 0.15999912451565138
112.0 84.0 0.15468107611199258
112.0 86.0 0.13519713354211557
112.0 88.0 0.10602180867622213
112.0 90.0 0.08008124897269725
112.0 92.0 0.02306015333325423
112.0 94.0 8.256448002527828E-4
112.0 96.0 0.0
112.0 98.0 0.0
112.0 100.0 0.0
112.0 102.0 0.0
112.0 104.0 0.0
112.0 106.0 0.0
112.0 108.0 0.0
112.0 110.0 0.0
112.0 112.0 0.0
112.0 114.0 0.0
112.0 116.0 0.0
112.0 118.0 0.0
112.0 120.0 0.0
112.0 122.0 0.0
112.0 124.0 0.0
112.0 126.0 0.0
114.0 0.0 0.0
114.0 2.0 0.0
114.0 4.0 0.0
114.0 6.0 0.0
114.0 8.0 0.0
114.0 10.0 0.0
114.0 12.0 0.0
114.0 14.0 0.0
114.0 16.0 0.0
114.0 18.0 0.0
114.0 20.0 0.0
114.0 22.0 0.0
114.0 24.0 0.0
114.0 26.0 0.0
114.0 28.0 8.128052007107912E-4
114.0 30.0 0.023160554815423406
114.0 32.0 0.04923914005158786
114.0 34.0 0.05258388097355138
114.0 36.0 0.03796000206695949
114.0 38.0 0.008008442667010016
114.0 40.0 0.0
114.0 42.0 0.0
114.0 44.0 0.0
114.0 46.0 0.0
114.0 48.0 0.0
114.0 50.0 0.0
114.0 52.0 0.0
114.0 54.0 0.0
114.0 56.0 0.0
114.0 58.0 0.0
114.0 60.0 0.0
114.0 62.0 0.002609193415542501
114.0 64.0 0.009043306971832548
114.0 66.0 0.010656479813932017
114.0 68.0 0.03471207711610603
114.0 70.0 0.07161725710365045
114.0 72.0 0.12150286320980273
114.0 74.0 0.1734914159569885
114.0 76.0 0.2341653103450483
114.0 78.0 0.2653830223463949
114.0 80.0 0.31018381860440136
114.0 82.0 0.2946591833419817
114.0 84.0 0.2521572925513927
114.0 86.0 0.21495705334171866
114.0 88.0 0.16758830470297478
114.0 90.0 0.1319582363711457
114.0 92.0 0.05153111585448348
114.0 94.0 0.006957341063426724
114.0 96.0 0.0
114.0 98.0 0.0
114.0 100.0 0.0
114.0 102.0 0.0
114.0 104.0 0.0
114.0 106.0 0.0
114.0 108.0 0.0
114.0 110.0 0.0
114.0 112.0 0.0
114.0 114.0 0.0
114.0 116.0 0.0
114.0 118.0 0.0
114.0 120.0 0.0
114.0 122.0 0.0
114.0 124.0 0.0
114.0 126.0 0.0
116.0 0.0 0.0
116.0 2.0 0.0
116.0 4.0 0.0
116.0 6.0 0.0
116.0 8.0 0.0
116.0 10.0 0.0
116.0 12.0 0.0
116.0 14.0 0.0
116.0 16.0 0.0
116.0 18.0 0.0
116.0 20.0 0.0
116.0 22.0 0.0
116.0 24.0 0.0
116.0 26.0 0.0
116.0 28.0 0.0
116.0 30.0 0.0
116.0 32.0 0.006081253837604377
116.0 34.0 0.03377962905698344
116.0 36.0 0.04102603193905258
116.0 38.0 0.010760290762904119
116.0 40.0 0.0014900464673543422
116.0 42.0 0.0
116.0 44.0 0.0
116.0 46.0 0.0
116.0 48.0 0.0
116.0 50.0 0.0
116.0 52.0 0.0
116.0 54.0 0.0
116.0 56.0 0.0
116.0 58.0 0.0
116.0 60.0 0.0
116.0 62.0 0.0
116.0 64.0 0.0
116.0 66.0 0.0017618961778737713
116.0 68.0 0.02150967296659533
116.0 70.0 0.06453615738447008
116.0 72.0 0.11595533649366059
116.0 74.0 0.17723864711282708
116.0 76.0 0.23386471308774803
116.0 78.0 0.3358309938032991
116.0 80.0 0.3989198808979457
116.0 82.0 0.40224051931781696
116.0 84.0 0.34007875448781033
116.0 86.0 0.2792938777721353
116.0 88.0 0.2180073950205883
116.0 90.0 0.16567759659990386
116.0 92.0 0.07009484560060662
116.0 94.0 0.011305374695179041
116.0 96.0 0.0
116.0 98.0 0.0
116.0 100.0 0.0
116.0 102.0 0.0
116.0 104.0 0.0
116.0 106.0 0.0
116.0 108.0 0.0
116.0 110.0 0.0
116.0 112.0 0.0
116.0 114.0 0.0
116.0 116.0 0.0
116.0 118.0 0.0
116.0 120.0 0.0
116.0 122.0 0.0
116.0 124.0 0.0
116.0 126.0 0.0
118.0 0.0 0.0
118.0 2.0 0.0
118.0 4.0 0.0
118.0 6.0 0.0
118.0 8.0 0.0
118.0 10.0 0.0
118.0 12.0 0.0
118.0 14.0 0.0
118.0 16.0 0.0
118.0 18.0 0.0
118.0 20.0 0.0
118.0 22.0 0.0
118.0 24.0 0.0
118.0 26.0 0.0
118.0 28.0 0.0
118.0 30.0 0.0
118.0 32.0 0.0
118.0 34.0 0.0
118.0 36.0 0.0
118.0 38.0 0.0
118.0 40.0 0.0
118.0 42.0 0.0
118.0 44.0 0.0
118.0 46.0 0.0
118.0 48.0 0.0
118.0 50.0 0.0
118.0 52.0 0.0
118.0 54.0 0.0
118.0 56.0 0.0
118.0 58.0 0.0
118.0 60.0 0.0
118.0 62.0 0.0
118.0 64.0 0.0
118.0 66.0 0.0
118.0 68.0 7.730705798246149E-4
118.0 70.0 0.03320964504652248
118.0 72.0 0.10437396116537746
118.0 74.0 0.19109407353892072
118.0 76.0 0.2702943462166714
118.0 78.0 0.35032718646217
118.0 80.0 0.44759687987751867
118.0 82.0 0.45696612066277265
118.0 84.0 0.4054514635149917
118.0 86.0 0.326119210735275
118.0 88.0 0.2485297472866277
118.0 90.0 0.1800568220735658
118.0 92.0 0.07647409075344934
118.0 94.0 0.01379550662117105
118.0 96.0 0.0
118.0 98.0 0.0
118.0 100.0 0.0
118.0 102.0 0.0
118.0 104.0 0.0
118.0 106.0 0.0
118.0 108.0 0.0
118.0 110.0 0.0
118.0 112.0 0.0
118.0 114.0 0.0
118.0 116.0 0.0
118.0 118.0 0.0
118.0 120.0 0.0
118.0 122.0 0.0
118.0 124.0 0.0
118.0 126.0 0.0
120.0 0.0 0.0
120.0 2.0 0.0
120.0 4.0 0.0
120.0 6.0 0.0
120.0 8.0 0.0
120.0 10.0 0.0
120.0 12.0 0.0
120.0 14.0 0.0
120.0 16.0 0.0
120.0 18.0 0.0
120.0 20.0 0.0
120.0 22.0 0.0
120.0 24.0 0.0
120.0 26.0 0.0
120.0 28.0 0.0
120.0 30.0 0.0
120.0 32.0 0.0
120.0 34.0 0.0
120.0 36.0 0.0
120.0 38.0 0.0
120.0 40.0 0.0
120.0 42.0 0.0
120.0 44.0 0.0
120.0 46.0 0.0
120.0 48.0 0.0
120.0 50.0 0.0
120.0 52.0 0.0
120.0 54.0 0.0
120.0 56.0 0.0
120.0 58.0 0.0
120.0 60.0 0.0
120.0 62.0 0.0
120.0 64.0 0.0
120.0 66.0 0.0
120.0 68.0 0.0
120.0 70.0 0.018080370904316682
120.0 72.0 0.09054722299919693
120.0 74.0 0.19081388855062478
120.0 76.0 0.2868501530437312
120.0 78.0 0.3564464963632957
120.0 80.0 0.45802321022701237
120.0 82.0 0.47544777247342207
120.0 84.0 0.43368433866110984
120.0 86.0 0.35339383300093724
120.0 88.0 0.2587293837390948
120.0 90.0 0.16483239759970522
120.0 92.0 0.06662351578598259
120.0 94.0 0.0
120.0 96.0 0.0
120.0 98.0 0.0
120.0 100.0 0.0
120.0 102.0 0.0
120.0 104.0 0.0
120.0 106.0 0.0
120.0 108.0 0.0
120.0 110.0 0.0
120.0 112.0 0.0
120.0 114.0 0.0
120.0 116.0 0.0
120.0 118.0 0.0
120.0 120.0 0.0
120.0 122.0 0.0
120.0 124.0 0.0
120.0 126.0 0.0
122.0 0.0 0.0
122.0 2.0 0.0
122.0 4.0 0.0
122.0 6.0 0.0
122.0 8.0 0.0
122.0 10.0 0.0
122.0 12.0 0.0
122.0 14.0 0.0
122.0 16.0 0.0
122.0 18.0 0.0
122.0 20.0 0.0
122.0 22.0 0.0
122.0 24.0 0.0
122.0 26.0 0.0
122.0 28.0 0.0
122.0 30.0 0.0
122.0 32.0 0.0
122.0 34.0 0.0
122.0 36.0 0.0
122.0 38.0 0.0
122.0 40.0 0.008419662356713218
122.0 42.0 0.0
122.0 44.0 0.0
122.0 46.0 0.0
122.0 48.0 0.0
122.0 50.0 0.0
122.0 52.0 0.0
122.0 54.0 0.0
122.0 56.0 0.0
122.0 58.0 0.0
122.0 60.0 0.0
122.0 62.0 0.0
122.0 64.0 0.0
122.0 66.0 0.0
122.0 68.0 0.0
122.0 70.0 0.007034586404680764
122.0 72.0 0.07669699280745657
122.0 74.0 0.1793968424889266
122.0 76.0 0.2823710629229788
122.0 78.0 0.35803019619936055
122.0 80.0 0.4552866818205607
122.0 82.0 0.4761704970932685
122.0 84.0 0.4353029865827709
122.0 86.0 0.3556988274909702
122.0 88.0 0.24687480900099992
122.0 90.0 0.0
122.0 92.0 0.0
122.0 94.0 0.0
122.0 96.0 0.0
122.0 98.0 0.0
122.0 100.0 0.0
122.0 102.0 0.0
122.0 104.0 0.0
122.0 106.0 0.0
122.0 108.0 0.0
122.0 110.0 0.0
122.0 112.0 0.0
122.0 114.0 0.0
122.0 116.0 0.0
122.0 118.0 0.0
122.0 120.0 0.0
122.0 122.0 0.0
122.0 124.0 0.0
122.0 126.0 0.0
124.0 0.0 0.0
124.0 2.0 0.0
124.0 4.0 0.0
124.0 6.0 0.0
124.0 8.0 0.0
124.0 10.0 0.0
124.0 12.0 0.0
124.0 14.0 0.0
124.0 16.0 0.0
124.0 18.0 0.0
124.0 20.0 0.0
124.0 22.0 0.0
124.0 24.0 0.0
124.0 26.0 0.0
124.0 28.0 0.0
124.0 30.0 0.0
124.0 32.0 0.0
124.0 34.0 0.0
124.0 36.0 0.0
124.0 38.0 0.0
124.0 40.0 0.0
124.0 42.0 0.0
124.0 44.0 0.0
124.0 46.0 0.04249096362827515
124.0 48.0 0.0
124.0 50.0 0.0
124.0 52.0 0.0
124.0 54.0 0.0
124.0 56.0 0.0
124.0 58.0 0.0
124.0 60.0 0.0
124.0 62.0 0.0
124.0 64.0 0.0
124.0 66.0 0.0
124.0 68.0 0.0
124.0 70.0 3.054178079536258E-4
124.0 72.0 0.06261991065532786
124.0 74.0 0.1689839162944968
124.0 76.0 0.2815449897849509
124.0 78.0 0.3651780045107464
124.0 80.0 0.43342246919927746
124.0 82.0 0.47424576534152685
124.0 84.0 0.0
124.0 86.0 0.0
124.0 88.0 0.0
124.0 90.0 0.0
124.0 92.0 0.0
124.0 94.0 0.0
124.0 96.0 0.0
124.0 98.0 0.0
124.0 100.0 0.0
124.0 102.0 0.0
124.0 104.0 0.0
124.0 106.0 0.0
124.0 108.0 0.0
124.0 110.0 0.0
124.0 112.0 0.0
124.0 114.0 0.0
124.0 116.0 0.0
124.0 118.0 0.0
124.0 120.0 0.0
124.0 122.0 0.0
124.0 124.0 0.0
124.0 126.0 0.0
126.0 0.0 0.0
126.0 2.0 0.0
126.0 4.0 0.0
126.0 6.0 0.0
126.0 8.0 0.0
126.0 10.0 0.0
126.0 12.0 0.0
126.0 14.0 0.0
126.0 16.0 0.0
126.0 18.0 0.0
126.0 20.0 0.0
126.0 22.0 0.0
126.0 24.0 0.0
126.0 26.0 0.0
126.0 28.0 0.0
126.0 30.0 0.0
126.0 32.0 0.0
126.0 34.0 0.0
126.0 36.0 0.0
126.0 38.0 0.0
126.0 40.0 0.0
126.0 42.0 0.0
126.0 44.0 0.0
126.0 46.0 0.0
126.0 48.0 0.0
126.0 50.0 0.0
126.0 52.0 0.0
126.0 54.0 0.12821394289747326
126.0 56.0 0.0
126.0 58.0 0.0
126.0 60.0 0.0
126.0 62.0 0.0
126.0 64.0 0.0
126.0 66.0 0.0
126.0 68.0 0.0
126.0 70.0 8.973186678949397E-4
126.0 72.0 0.052981273104420225
126.0 74.0 0.1607653622405735
126.0 76.0 0.0
126.0 78.0 0.0
126.0 80.0 0.0
126.0 82.0 0.0
126.0 84.0 0.0
126.0 86.0 0.0
126.0 88.0 0.0
126.0 90.0 0.0
126.0 92.0 0.0
126.0 94.0 0.0
126.0 96.0 0.0
126.0 98.0 0.0
126.0 100.0 0.0
126.0 102.0 0.0
126.0 104.0 0.0
126.0 106.0 0.0
126.0 108.0 0.0
126.0 110.0 0.0
126.0 112.0 0.0
126.0 114.0 0.0
126.0 116.0 0.0
126.0 118.0 0.0
126.0 120.0 0.0
126.0 122.0 0.0
126.0 124.0 0.0
126.0 126.0 0.0
