0.0 0.0 0.0
0.0 2.0 0.0
0.0 4.0 0.0
0.0 6.0 0.0
0.0 8.0 0.0
0.0 10.0 0.0
0.0 12.0 0.0
0.0 14.0 0.0
0.0 16.0 0.0
0.0 18.0 0.0
0.0 20.0 0.0
0.0 22.0 0.0
0.0 24.0 0.0
0.0 26.0 0.0
0.0 28.0 0.0
0.0 30.0 0.0
0.0 32.0 0.0
0.0 34.0 0.0
0.0 36.0 0.0
0.0 38.0 0.0
0.0 40.0 0.0
0.0 42.0 0.0
0.0 44.0 0.0
0.0 46.0 0.0
0.0 48.0 0.0
0.0 50.0 0.0
0.0 52.0 0.0
0.0 54.0 0.0
0.0 56.0 0.0
0.0 58.0 0.0
0.0 60.0 0.0
0.0 62.0 0.0
0.0 64.0 0.0
0.0 66.0 0.0
0.0 68.0 0.0
0.0 70.0 0.0
0.0 72.0 0.0
0.0 74.0 0.0
0.0 76.0 0.0
0.0 78.0 0.0
0.0 80.0 0.0
0.0 82.0 0.0
0.0 84.0 0.0
0.0 86.0 0.0
0.0 88.0 0.0
0.0 90.0 0.0
0.0 92.0 0.0
0.0 94.0 0.0
0.0 96.0 0.0
0.0 98.0 0.0
0.0 100.0 0.0
0.0 102.0 0.0
0.0 104.0 0.0
0.0 106.0 0.0
0.0 108.0 0.0
0.0 110.0 0.0
0.0 112.0 0.0
0.0 114.0 0.0
0.0 116.0 0.0
0.0 118.0 0.0
0.0 120.0 0.0
0.0 122.0 0.0
0.0 124.0 0.0
0.0 126.0 0.0
2.0 0.0 0.0
2.0 2.0 0.0
2.0 4.0 0.0
2.0 6.0 0.0
2.0 8.0 0.0
2.0 10.0 0.0
2.0 12.0 0.0
2.0 14.0 0.0
2.0 16.0 0.0
2.0 18.0 0.0
2.0 20.0 0.0
2.0 22.0 0.0
2.0 24.0 0.0
2.0 26.0 0.0
2.0 28.0 0.0
2.0 30.0 0.0
2.0 32.0 0.0
2.0 34.0 0.0
2.0 36.0 0.0
2.0 38.0 0.0
2.0 40.0 0.0
2.0 42.0 0.0
2.0 44.0 0.0
2.0 46.0 0.0
2.0 48.0 0.23638035405363025
2.0 50.0 0.27711125435425144
2.0 52.0 0.20312242687938
2.0 54.0 0.14405229543392709
2.0 56.0 0.10017234504035356
2.0 58.0 0.05045230024225147
2.0 60.0 0.019754794264181915
2.0 62.0 0.0024290944601176767
2.0 64.0 0.0
2.0 66.0 0.0
2.0 68.0 0.0
2.0 70.0 0.0
2.0 72.0 0.0
2.0 74.0 0.0
2.0 76.0 0.0
2.0 78.0 0.0
2.0 80.0 0.0
2.0 82.0 0.0
2.0 84.0 0.0
2.0 86.0 0.0
2.0 88.0 0.0
2.0 90.0 0.0
2.0 92.0 0.0
2.0 94.0 0.0
2.0 96.0 0.0
2.0 98.0 0.0
2.0 100.0 0.0
2.0 102.0 0.0
2.0 104.0 0.0
2.0 106.0 0.0
2.0 108.0 0.0
2.0 110.0 0.0
2.0 112.0 0.0
2.0 114.0 0.0
2.0 116.0 0.0
2.0 118.0 0.0
2.0 120.0 0.0
2.0 122.0 0.0
2.0 124.0 0.0
2.0 126.0 0.0
4.0 0.0 0.0
4.0 2.0 0.0
4.0 4.0 0.0
4.0 6.0 0.0
4.0 8.0 0.0
4.0 10.0 0.0
4.0 12.0 0.0
4.0 14.0 0.0
4.0 16.0 0.0
4.0 18.0 0.0
4.0 20.0 0.0
4.0 22.0 0.0
4.0 24.0 0.0
4.0 26.0 0.0
4.0 28.0 0.0
4.0 30.0 0.0
4.0 32.0 0.0
4.0 34.0 0.0
4.0 36.0 0.0
4.0 38.0 0.0
4.0 40.0 0.0
4.0 42.0 0.21977973840374745
4.0 44.0 0.2557325631970823
4.0 46.0 0.1789083208338715
4.0 48.0 0.1037786060530536
4.0 50.0 0.02924375214304332
4.0 52.0 0.0
4.0 54.0 0.0
4.0 56.0 0.0
4.0 58.0 0.0
4.0 60.0 0.0
4.0 62.0 0.0
4.0 64.0 0.0
4.0 66.0 0.0
4.0 68.0 0.0
4.0 70.0 0.0
4.0 72.0 0.0
4.0 74.0 0.0
4.0 76.0 0.0
4.0 78.0 0.0
4.0 80.0 0.0
4.0 82.0 0.0
4.0 84.0 0.0
4.0 86.0 0.0
4.0 88.0 0.0
4.0 90.0 0.0
4.0 92.0 0.0
4.0 94.0 0.0
4.0 96.0 0.0
4.0 98.0 0.0
4.0 100.0 0.0
4.0 102.0 0.0
4.0 104.0 0.0
4.0 106.0 0.0
4.0 108.0 0.0
4.0 110.0 0.0
4.0 112.0 0.0
4.0 114.0 0.0
4.0 116.0 0.0
4.0 118.0 0.0
4.0 120.0 0.0
4.0 122.0 0.0
4.0 124.0 0.0
4.0 126.0 0.0
6.0 0.0 0.0
6.0 2.0 0.0
6.0 4.0 0.0
6.0 6.0 0.0
6.0 8.0 0.0
6.0 10.0 0.0
6.0 12.0 0.0
6.0 14.0 0.0
6.0 16.0 0.0
6.0 18.0 0.0
6.0 20.0 0.0
6.0 22.0 0.0
6.0 24.0 0.0
6.0 26.0 0.0
6.0 28.0 0.0
6.0 30.0 0.0
6.0 32.0 0.0
6.0 34.0 0.0
6.0 36.0 0.0
6.0 38.0 0.31556645759926155
6.0 40.0 0.35870667740765083
6.0 42.0 0.27917771325129065
6.0 44.0 0.20478842863850458
6.0 46.0 0.11893397890192504
6.0 48.0 0.03106498083618664
6.0 50.0 0.0
6.0 52.0 0.0
6.0 54.0 0.0
6.0 56.0 0.0
6.0 58.0 0.0
6.0 60.0 0.0
6.0 62.0 0.0
6.0 64.0 0.0
6.0 66.0 0.0
6.0 68.0 0.0
6.0 70.0 5.069108988428491E-4
6.0 72.0 0.0
6.0 74.0 0.0
6.0 76.0 0.0
6.0 78.0 0.0
6.0 80.0 0.0
6.0 82.0 0.0
6.0 84.0 0.0
6.0 86.0 0.0
6.0 88.0 0.0
6.0 90.0 0.0
6.0 92.0 0.0
6.0 94.0 0.0
6.0 96.0 0.0
6.0 98.0 0.0
6.0 100.0 0.0
6.0 102.0 0.0
6.0 104.0 0.0
6.0 106.0 0.0
6.0 108.0 0.0
6.0 110.0 0.0
6.0 112.0 0.0
6.0 114.0 0.0
6.0 116.0 0.0
6.0 118.0 0.0
6.0 120.0 0.0
6.0 122.0 0.0
6.0 124.0 0.0
6.0 126.0 0.0
8.0 0.0 0.0
8.0 2.0 0.0
8.0 4.0 0.0
8.0 6.0 0.0
8.0 8.0 0.0
8.0 10.0 0.0
8.0 12.0 0.0
8.0 14.0 0.0
8.0 16.0 0.0
8.0 18.0 0.0
8.0 20.0 0.0
8.0 22.0 0.0
8.0 24.0 0.0
8.0 26.0 0.0
8.0 28.0 0.0
8.0 30.0 0.0
8.0 32.0 0.0
8.0 34.0 0.25558510057700085
8.0 36.0 0.36902438834862245
8.0 38.0 0.35011842448216646
8.0 40.0 0.30543618245785525
8.0 42.0 0.23768623548019918
8.0 44.0 0.14704031834551007
8.0 46.0 0.06206870000142554
8.0 48.0 4.690936589764305E-4
8.0 50.0 0.0
8.0 52.0 0.0
8.0 54.0 0.0
8.0 56.0 0.0
8.0 58.0 0.0
8.0 60.0 0.0
8.0 62.0 0.0
8.0 64.0 0.0
8.0 66.0 0.0
8.0 68.0 0.010002918310311165
8.0 70.0 0.006567294119933118
8.0 72.0 0.0
8.0 74.0 0.0
8.0 76.0 0.0
8.0 78.0 0.0
8.0 80.0 0.0
8.0 82.0 0.0
8.0 84.0 0.0
8.0 86.0 0.0
8.0 88.0 0.0
8.0 90.0 0.0
8.0 92.0 0.0
8.0 94.0 0.0
8.0 96.0 0.0
8.0 98.0 0.0
8.0 100.0 0.0
8.0 102.0 0.0
8.0 104.0 0.0
8.0 106.0 0.0
8.0 108.0 0.0
8.0 110.0 0.0
8.0 112.0 0.0
8.0 114.0 0.0
8.0 116.0 0.0
8.0 118.0 0.0
8.0 120.0 0.0
8.0 122.0 0.0
8.0 124.0 0.0
8.0 126.0 0.0
10.0 0.0 0.0
10.0 2.0 0.0
10.0 4.0 0.0
10.0 6.0 0.0
10.0 8.0 0.0
10.0 10.0 0.0
10.0 12.0 0.0
10.0 14.0 0.0
10.0 16.0 0.0
10.0 18.0 0.0
10.0 20.0 0.0
10.0 22.0 0.0
10.0 24.0 0.0
10.0 26.0 0.0
10.0 28.0 0.0
10.0 30.0 0.07818415429177349
10.0 32.0 0.24807843622123205
10.0 34.0 0.3224837535911836
10.0 36.0 0.3414962222950448
10.0 38.0 0.3366351835534023
10.0 40.0 0.29704967126805254
10.0 42.0 0.19503637340879607
10.0 44.0 0.07256804021775852
10.0 46.0 0.015940202641397654
10.0 48.0 0.0
10.0 50.0 0.0
10.0 52.0 0.0
10.0 54.0 0.0
10.0 56.0 0.0
10.0 58.0 0.0
10.0 60.0 0.0
10.0 62.0 0.0
10.0 64.0 0.0
10.0 66.0 0.005271362355731488
10.0 68.0 0.027214384513975082
10.0 70.0 0.014895740827932382
10.0 72.0 0.0
10.0 74.0 0.0
10.0 76.0 0.0
10.0 78.0 0.0
10.0 80.0 0.0
10.0 82.0 0.0
10.0 84.0 0.0
10.0 86.0 0.0
10.0 88.0 0.0
10.0 90.0 0.0
10.0 92.0 0.0
10.0 94.0 0.0
10.0 96.0 0.0
10.0 98.0 0.0
10.0 100.0 0.0
10.0 102.0 0.0
10.0 104.0 0.0
10.0 106.0 0.0
10.0 108.0 0.0
10.0 110.0 0.0
10.0 112.0 0.0
10.0 114.0 0.0
10.0 116.0 0.0
10.0 118.0 0.0
10.0 120.0 0.0
10.0 122.0 0.0
10.0 124.0 0.0
10.0 126.0 0.0
12.0 0.0 0.0
12.0 2.0 0.0
12.0 4.0 0.0
12.0 6.0 0.0
12.0 8.0 0.0
12.0 10.0 0.0
12.0 12.0 0.0
12.0 14.0 0.0
12.0 16.0 0.0
12.0 18.0 0.0
12.0 20.0 0.0
12.0 22.0 0.0
12.0 24.0 0.0
12.0 26.0 0.0
12.0 28.0 0.014653897702736467
12.0 30.0 0.13596522152151128
12.0 32.0 0.25760634799378224
12.0 34.0 0.3121059883854096
12.0 36.0 0.3283862960084659
12.0 38.0 0.3135954690310934
12.0 40.0 0.21575641024772504
12.0 42.0 0.07706905998571777
12.0 44.0 0.0190898400088123
12.0 46.0 5.239285125412626E-5
12.0 48.0 0.0
12.0 50.0 0.0
12.0 52.0 0.0
12.0 54.0 0.0
12.0 56.0 0.0
12.0 58.0 0.0
12.0 60.0 0.0
12.0 62.0 0.0
12.0 64.0 0.0
12.0 66.0 0.015775532702604154
12.0 68.0 0.04231312228800766
12.0 70.0 0.026510036910942822
12.0 72.0 0.0
12.0 74.0 0.0
12.0 76.0 0.0
12.0 78.0 0.0
12.0 80.0 0.0
12.0 82.0 0.0
12.0 84.0 0.0
12.0 86.0 0.0
12.0 88.0 0.0
12.0 90.0 0.0
12.0 92.0 0.0
12.0 94.0 0.0
12.0 96.0 0.0
12.0 98.0 0.0
12.0 100.0 0.0
12.0 102.0 0.0
12.0 104.0 0.0
12.0 106.0 0.0
12.0 108.0 0.0
12.0 110.0 0.0
12.0 112.0 0.0
12.0 114.0 0.0
12.0 116.0 0.0
12.0 118.0 0.0
12.0 120.0 0.0
12.0 122.0 0.0
12.0 124.0 0.0
12.0 126.0 0.0
14.0 0.0 0.0
14.0 2.0 0.0
14.0 4.0 0.0
14.0 6.0 0.0
14.0 8.0 0.0
14.0 10.0 0.0
14.0 12.0 0.0
14.0 14.0 0.0
14.0 16.0 0.0
14.0 18.0 0.0
14.0 20.0 0.0
14.0 22.0 0.0
14.0 24.0 0.03273589686607226
14.0 26.0 0.1217868683558081
14.0 28.0 0.1532167738441316
14.0 30.0 0.20442311301427707
14.0 32.0 0.26818989025304385
14.0 34.0 0.3071795852497719
14.0 36.0 0.30304898007546993
14.0 38.0 0.21278150259305253
14.0 40.0 0.06868714547371915
14.0 42.0 0.004502867390127527
14.0 44.0 0.0
14.0 46.0 0.0
14.0 48.0 0.0
14.0 50.0 0.0
14.0 52.0 0.0
14.0 54.0 0.0
14.0 56.0 0.0
14.0 58.0 0.0
14.0 60.0 0.0
14.0 62.0 0.0
14.0 64.0 0.0
14.0 66.0 0.024466774125432536
14.0 68.0 0.04907515294805229
14.0 70.0 0.04963523156727201
14.0 72.0 0.006207134556274178
14.0 74.0 0.0
14.0 76.0 0.0
14.0 78.0 0.0
14.0 80.0 0.0
14.0 82.0 0.0
14.0 84.0 0.0
14.0 86.0 0.0
14.0 88.0 0.0
14.0 90.0 0.0
14.0 92.0 0.0
14.0 94.0 0.0
14.0 96.0 0.0
14.0 98.0 0.0
14.0 100.0 0.0
14.0 102.0 0.0
14.0 104.0 0.0
14.0 106.0 0.0
14.0 108.0 0.0
14.0 110.0 0.0
14.0 112.0 0.0
14.0 114.0 0.0
14.0 116.0 0.0
14.0 118.0 0.0
14.0 120.0 0.0
14.0 122.0 0.0
14.0 124.0 0.0
14.0 126.0 0.0
16.0 0.0 0.0
16.0 2.0 0.0
16.0 4.0 0.0
16.0 6.0 0.0
16.0 8.0 0.0
16.0 10.0 0.0
16.0 12.0 0.0
16.0 14.0 0.0
16.0 16.0 0.0
16.0 18.0 0.0
16.0 20.0 0.0
16.0 22.0 0.11802928006545156
16.0 24.0 0.15383667480807925
16.0 26.0 0.12349901782806721
16.0 28.0 0.12173398442744647
16.0 30.0 0.16612264105352573
16.0 32.0 0.22807601157467405
16.0 34.0 0.22178438819073953
16.0 36.0 0.19847448996335545
16.0 38.0 0.0914989400223263
16.0 40.0 0.0026985564598917757
16.0 42.0 0.0
16.0 44.0 0.0
16.0 46.0 0.0
16.0 48.0 0.0
16.0 50.0 0.0
16.0 52.0 0.0
16.0 54.0 0.0
16.0 56.0 0.0
16.0 58.0 0.0
16.0 60.0 0.0
16.0 62.0 0.0
16.0 64.0 0.0
16.0 66.0 0.026903008343192602
16.0 68.0 0.056136355071920475
16.0 70.0 0.0638652428226958
16.0 72.0 0.02987982215710842
16.0 74.0 0.004557487995328866
16.0 76.0 0.0
16.0 78.0 0.0
16.0 80.0 0.0
16.0 82.0 0.0
16.0 84.0 0.0
16.0 86.0 0.0
16.0 88.0 0.0
16.0 90.0 0.0
16.0 92.0 0.0
16.0 94.0 0.0
16.0 96.0 0.0
16.0 98.0 0.0
16.0 100.0 0.0
16.0 102.0 0.0
16.0 104.0 5.6435706480303096E-5
16.0 106.0 0.0
16.0 108.0 0.0
16.0 110.0 0.0
16.0 112.0 0.0
16.0 114.0 0.0
16.0 116.0 0.0
16.0 118.0 0.0
16.0 120.0 0.0
16.0 122.0 0.0
16.0 124.0 0.0
16.0 126.0 0.0
18.0 0.0 0.0
18.0 2.0 0.0
18.0 4.0 0.0
18.0 6.0 0.0
18.0 8.0 0.0
18.0 10.0 0.0
18.0 12.0 0.0
18.0 14.0 0.0
18.0 16.0 0.0
18.0 18.0 0.0
18.0 20.0 0.20258412927943434
18.0 22.0 0.18329702730442246
18.0 24.0 0.10348466573427505
18.0 26.0 0.05962002736474256
18.0 28.0 0.048281151700367834
18.0 30.0 0.053982749546017374
18.0 32.0 0.08239638294591414
18.0 34.0 0.10570899934609217
18.0 36.0 0.10419402674883817
18.0 38.0 0.037383155500095695
18.0 40.0 5.874709025297963E-4
18.0 42.0 0.0
18.0 44.0 0.0
18.0 46.0 0.0
18.0 48.0 0.0
18.0 50.0 0.0
18.0 52.0 0.0
18.0 54.0 0.0
18.0 56.0 4.153257347343426E-4
18.0 58.0 0.009905162928870512
18.0 60.0 0.0
18.0 62.0 0.0
18.0 64.0 0.0
18.0 66.0 0.03944266633996098
18.0 68.0 0.06459987714433137
18.0 70.0 0.07327374965336414
18.0 72.0 0.059268767659921055
18.0 74.0 0.03966390911279229
18.0 76.0 0.01485579385053752
18.0 78.0 0.0010474774093394044
18.0 80.0 0.0
18.0 82.0 0.0
18.0 84.0 0.0
18.0 86.0 0.0
18.0 88.0 0.0
18.0 90.0 0.0
18.0 92.0 0.0
18.0 94.0 0.0
18.0 96.0 0.0
18.0 98.0 0.0
18.0 100.0 0.0
18.0 102.0 0.0
18.0 104.0 0.0
18.0 106.0 0.005770172823007992
18.0 108.0 0.0
18.0 110.0 0.0
18.0 112.0 0.0
18.0 114.0 0.0
18.0 116.0 0.0
18.0 118.0 0.0
18.0 120.0 0.0
18.0 122.0 0.0
18.0 124.0 0.0
18.0 126.0 0.0
20.0 0.0 0.0
20.0 2.0 0.0
20.0 4.0 0.0
20.0 6.0 0.0
20.0 8.0 0.0
20.0 10.0 0.0
20.0 12.0 0.0
20.0 14.0 0.0
20.0 16.0 0.0
20.0 18.0 0.25811453732529116
20.0 20.0 0.19036545639228428
20.0 22.0 0.09298615065635181
20.0 24.0 0.031237834395702126
20.0 26.0 0.0071961249656436405
20.0 28.0 6.981923186568736E-4
20.0 30.0 0.0
20.0 32.0 0.0
20.0 34.0 0.016600349518302967
20.0 36.0 0.0442591610780707
20.0 38.0 0.019191030758623138
20.0 40.0 4.8520613583191084E-4
20.0 42.0 0.0
20.0 44.0 0.0
20.0 46.0 0.0
20.0 48.0 0.0
20.0 50.0 0.0
20.0 52.0 0.0
20.0 54.0 0.0
20.0 56.0 0.014113153164206983
20.0 58.0 0.027349899612599718
20.0 60.0 0.0165035968034879
20.0 62.0 0.010120878495437432
20.0 64.0 0.013365139599405421
20.0 66.0 0.054666688762037764
20.0 68.0 0.0732333877898205
20.0 70.0 0.08075739584214121
20.0 72.0 0.07684701223440975
20.0 74.0 0.0642943248875993
20.0 76.0 0.05708140971824857
20.0 78.0 0.04616813306737084
20.0 80.0 0.01902550363851067
20.0 82.0 0.008056682286876853
20.0 84.0 0.0033626680400305926
20.0 86.0 0.0
20.0 88.0 0.0017124297737097244
20.0 90.0 0.0
20.0 92.0 0.0
20.0 94.0 0.0
20.0 96.0 0.0
20.0 98.0 0.0
20.0 100.0 0.0
20.0 102.0 0.0
20.0 104.0 0.0
20.0 106.0 0.0
20.0 108.0 0.006001465904991851
20.0 110.0 0.0
20.0 112.0 0.0
20.0 114.0 0.0
20.0 116.0 0.0
20.0 118.0 0.0
20.0 120.0 0.0
20.0 122.0 0.0
20.0 124.0 0.0
20.0 126.0 0.0
22.0 0.0 0.0
22.0 2.0 0.0
22.0 4.0 0.0
22.0 6.0 0.0
22.0 8.0 0.0
22.0 10.0 0.0
22.0 12.0 0.0
22.0 14.0 0.0
22.0 16.0 0.2500450398306883
22.0 18.0 0.16225121476228221
22.0 20.0 0.07676976318031438
22.0 22.0 0.015447643025559545
22.0 24.0 0.0
22.0 26.0 0.0
22.0 28.0 0.0
22.0 30.0 0.0
22.0 32.0 0.0
22.0 34.0 0.0
22.0 36.0 0.00473247451293144
22.0 38.0 0.007970806717009442
22.0 40.0 0.0012324339528305887
22.0 42.0 0.0
22.0 44.0 0.0
22.0 46.0 0.0
22.0 48.0 0.0
22.0 50.0 0.0
22.0 52.0 0.0
22.0 54.0 0.0022094490107016046
22.0 56.0 0.03145061363357365
22.0 58.0 0.047582673964167294
22.0 60.0 0.03998590782164481
22.0 62.0 0.03347128019487343
22.0 64.0 0.03517576690571466
22.0 66.0 0.07198685224094685
22.0 68.0 0.08429170368073613
22.0 70.0 0.09077416913104192
22.0 72.0 0.08822249780392317
22.0 74.0 0.08214522508021016
22.0 76.0 0.08643312668324883
22.0 78.0 0.08875175826552902
22.0 80.0 0.09015511541465414
22.0 82.0 0.08837171808260819
22.0 84.0 0.0831381900295266
22.0 86.0 0.07248547050618166
22.0 88.0 0.06630275357240224
22.0 90.0 0.025665305905210625
22.0 92.0 3.7167933223705626E-4
22.0 94.0 0.0
22.0 96.0 0.0
22.0 98.0 0.0
22.0 100.0 0.0
22.0 102.0 0.0
22.0 104.0 0.0
22.0 106.0 0.0
22.0 108.0 0.0
22.0 110.0 0.0
22.0 112.0 0.0
22.0 114.0 0.0
22.0 116.0 0.0
22.0 118.0 0.0
22.0 120.0 0.0
22.0 122.0 0.0
22.0 124.0 0.0
22.0 126.0 0.0
24.0 0.0 0.0
24.0 2.0 0.0
24.0 4.0 0.0
24.0 6.0 0.0
24.0 8.0 0.0
24.0 10.0 0.0
24.0 12.0 0.0
24.0 14.0 0.1604406774762462
24.0 16.0 0.16436044298163408
24.0 18.0 0.08661853650128278
24.0 20.0 0.015335916258071696
24.0 22.0 0.0
24.0 24.0 0.0
24.0 26.0 0.0
24.0 28.0 0.0
24.0 30.0 0.0
24.0 32.0 0.0
24.0 34.0 0.0
24.0 36.0 0.0
24.0 38.0 0.0
24.0 40.0 0.0
24.0 42.0 0.0
24.0 44.0 0.0
24.0 46.0 0.0
24.0 48.0 0.0
24.0 50.0 0.0
24.0 52.0 0.0
24.0 54.0 0.005171723803220881
24.0 56.0 0.043942120825095625
24.0 58.0 0.07209310793150409
24.0 60.0 0.06291839045902499
24.0 62.0 0.05165224162457981
24.0 64.0 0.05204909518181023
24.0 66.0 0.08414092674575507
24.0 68.0 0.09184186966064849
24.0 70.0 0.0987430225838168
24.0 72.0 0.09516173003996185
24.0 74.0 0.09646080004531703
24.0 76.0 0.11110967803841076
24.0 78.0 0.13760471523537934
24.0 80.0 0.15180299253737142
24.0 82.0 0.16304169112319297
24.0 84.0 0.16635630616323474
24.0 86.0 0.15779701856098055
24.0 88.0 0.1422226406728572
24.0 90.0 0.12238482449322911
24.0 92.0 0.04318204337071702
24.0 94.0 0.0
24.0 96.0 0.0
24.0 98.0 0.0
24.0 100.0 0.0
24.0 102.0 0.0
24.0 104.0 0.0
24.0 106.0 0.0
24.0 108.0 0.0
24.0 110.0 0.0
24.0 112.0 0.0
24.0 114.0 0.0
24.0 116.0 0.0
24.0 118.0 0.0
24.0 120.0 0.0
24.0 122.0 0.0
24.0 124.0 0.0
24.0 126.0 0.0
26.0 0.0 0.0
26.0 2.0 0.0
26.0 4.0 0.0
26.0 6.0 0.0
26.0 8.0 0.0
26.0 10.0 0.0
26.0 12.0 0.0
26.0 14.0 0.11156622187873462
26.0 16.0 0.1486584149783019
26.0 18.0 0.05773474301775284
26.0 20.0 0.0020788867840020927
26.0 22.0 0.0
26.0 24.0 0.0
26.0 26.0 0.0
26.0 28.0 0.0
26.0 30.0 0.0
26.0 32.0 0.0
26.0 34.0 0.0
26.0 36.0 0.0
26.0 38.0 0.0
26.0 40.0 0.0
26.0 42.0 0.0
26.0 44.0 0.0
26.0 46.0 0.0
26.0 48.0 0.0
26.0 50.0 0.0
26.0 52.0 0.0
26.0 54.0 0.00659973166499071
26.0 56.0 0.04619490637161245
26.0 58.0 0.07985463894142215
26.0 60.0 0.07358037426484103
26.0 62.0 0.06022166960075425
26.0 64.0 0.056398351026043785
26.0 66.0 0.08055513484801771
26.0 68.0 0.08912781965458945
26.0 70.0 0.09768595517187371
26.0 72.0 0.0917263606255148
26.0 74.0 0.10261998601551499
26.0 76.0 0.14872310722450982
26.0 78.0 0.19487299228537416
26.0 80.0 0.21553325920512742
26.0 82.0 0.22381143936946057
26.0 84.0 0.22769451814198313
26.0 86.0 0.22684411277670932
26.0 88.0 0.23987229101209098
26.0 90.0 0.21790249227197334
26.0 92.0 0.11748598494770028
26.0 94.0 0.003887026550957287
26.0 96.0 0.0
26.0 98.0 0.0
26.0 100.0 0.0
26.0 102.0 0.0
26.0 104.0 0.0
26.0 106.0 0.0
26.0 108.0 0.0
26.0 110.0 0.0
26.0 112.0 0.0
26.0 114.0 0.0
26.0 116.0 0.0
26.0 118.0 0.0
26.0 120.0 0.0
26.0 122.0 0.0
26.0 124.0 0.0
26.0 126.0 0.0
28.0 0.0 0.0
28.0 2.0 0.0
28.0 4.0 0.0
28.0 6.0 0.0
28.0 8.0 0.0
28.0 10.0 0.0
28.0 12.0 0.1626080211696258
28.0 14.0 0.22017039403559666
28.0 16.0 0.1591253610986482
28.0 18.0 0.038807534555997884
28.0 20.0 0.0
28.0 22.0 0.0
28.0 24.0 0.0
28.0 26.0 0.0
28.0 28.0 0.0
28.0 30.0 0.0
28.0 32.0 0.0
28.0 34.0 0.0
28.0 36.0 0.0
28.0 38.0 0.0
28.0 40.0 0.0
28.0 42.0 0.0
28.0 44.0 0.0
28.0 46.0 0.0
28.0 48.0 0.0
28.0 50.0 0.0
28.0 52.0 0.0
28.0 54.0 0.004092795430318991
28.0 56.0 0.04016488581008809
28.0 58.0 0.06494010062368345
28.0 60.0 0.06276099490406901
28.0 62.0 0.05163955905155305
28.0 64.0 0.04021039122373515
28.0 66.0 0.04367815644626513
28.0 68.0 0.06739693745995227
28.0 70.0 0.07761961759242106
28.0 72.0 0.08303578925762643
28.0 74.0 0.10384258907770834
28.0 76.0 0.19786912585295244
28.0 78.0 0.2679408034780257
28.0 80.0 0.2878278608955271
28.0 82.0 0.29344085098163536
28.0 84.0 0.2992030244542179
28.0 86.0 0.29937979186025493
28.0 88.0 0.30130458166015267
28.0 90.0 0.30290856679895223
28.0 92.0 0.20782491577601278
28.0 94.0 0.06645850153360668
28.0 96.0 0.0
28.0 98.0 0.0
28.0 100.0 0.0
28.0 102.0 0.0
28.0 104.0 0.0
28.0 106.0 0.0
28.0 108.0 0.0
28.0 110.0 0.0
28.0 112.0 0.0
28.0 114.0 0.0
28.0 116.0 0.0
28.0 118.0 0.0
28.0 120.0 0.0
28.0 122.0 0.0
28.0 124.0 0.0
28.0 126.0 0.0
30.0 0.0 0.0
30.0 2.0 0.0
30.0 4.0 0.0
30.0 6.0 0.0
30.0 8.0 0.0
30.0 10.0 0.18955121293800348
30.0 12.0 0.29241112355804
30.0 14.0 0.26094286036429654
30.0 16.0 0.16315698807630338
30.0 18.0 0.006144863222280344
30.0 20.0 0.0
30.0 22.0 0.0
30.0 24.0 0.0
30.0 26.0 0.0
30.0 28.0 0.0
30.0 30.0 0.0
30.0 32.0 0.0
30.0 34.0 0.0
30.0 36.0 0.0
30.0 38.0 0.0
30.0 40.0 0.0
30.0 42.0 0.0
30.0 44.0 0.0
30.0 46.0 0.0
30.0 48.0 0.0
30.0 50.0 0.0
30.0 52.0 0.0
30.0 54.0 0.0029316078291709686
30.0 56.0 0.025778884680709074
30.0 58.0 0.04050354510540353
30.0 60.0 0.03352341471589107
30.0 62.0 0.02337915782440557
30.0 64.0 0.014135023690581667
30.0 66.0 0.0071359948947265816
30.0 68.0 0.027395967131456585
30.0 70.0 0.037936463904171845
30.0 72.0 0.07281259396079086
30.0 74.0 0.12827638759324647
30.0 76.0 0.23288099455338698
30.0 78.0 0.33320754442662515
30.0 80.0 0.3552366679606993
30.0 82.0 0.3688106954075839
30.0 84.0 0.3680417744338988
30.0 86.0 0.3704733618490364
30.0 88.0 0.3604666583167801
30.0 90.0 0.3763147367541731
30.0 92.0 0.2804589225721616
30.0 94.0 0.13846301289100463
30.0 96.0 0.011396805782469308
30.0 98.0 0.0
30.0 100.0 0.0
30.0 102.0 0.0
30.0 104.0 0.0
30.0 106.0 0.0
30.0 108.0 0.0
30.0 110.0 0.0
30.0 112.0 0.0
30.0 114.0 0.0
30.0 116.0 0.0
30.0 118.0 0.0
30.0 120.0 0.0
30.0 122.0 0.0
30.0 124.0 0.0
30.0 126.0 0.0
32.0 0.0 0.0
32.0 2.0 0.0
32.0 4.0 0.0
32.0 6.0 0.0
32.0 8.0 0.0
32.0 10.0 0.18623597258093108
32.0 12.0 0.3102091640034666
32.0 14.0 0.27071375425551525
32.0 16.0 0.1488469623593032
32.0 18.0 0.008325635354771401
32.0 20.0 0.0
32.0 22.0 0.0
32.0 24.0 0.0
32.0 26.0 0.0
32.0 28.0 0.0
32.0 30.0 0.0
32.0 32.0 0.0
32.0 34.0 0.0
32.0 36.0 0.0
32.0 38.0 0.0
32.0 40.0 0.0
32.0 42.0 0.008206362098204373
32.0 44.0 0.01256546063499439
32.0 46.0 0.017482326107853583
32.0 48.0 0.017208216409604387
32.0 50.0 0.0
32.0 52.0 0.0
32.0 54.0 0.0034572677577415166
32.0 56.0 0.014069433436195523
32.0 58.0 0.018164204574515126
32.0 60.0 0.005237867512855041
32.0 62.0 0.0
32.0 64.0 0.0
32.0 66.0 0.0
32.0 68.0 0.0
32.0 70.0 0.007568667947384546
32.0 72.0 0.04111713295941787
32.0 74.0 0.12363777934008008
32.0 76.0 0.23161843049483125
32.0 78.0 0.3358935909920573
32.0 80.0 0.411087745067032
32.0 82.0 0.46542057588953917
32.0 84.0 0.48562726619824487
32.0 86.0 0.4861010980911505
32.0 88.0 0.4647409784971445
32.0 90.0 0.41221434989266353
32.0 92.0 0.3266107518718987
32.0 94.0 0.20053701470499233
32.0 96.0 0.04453701629602075
32.0 98.0 0.0
32.0 100.0 0.0
32.0 102.0 0.0
32.0 104.0 0.0
32.0 106.0 0.0
32.0 108.0 0.0
32.0 110.0 0.0
32.0 112.0 0.0
32.0 114.0 0.0
32.0 116.0 0.0
32.0 118.0 0.0
32.0 120.0 0.0
32.0 122.0 0.0
32.0 124.0 0.0
32.0 126.0 0.0
34.0 0.0 0.0
34.0 2.0 0.0
34.0 4.0 0.0
34.0 6.0 0.0
34.0 8.0 0.22434162104064304
34.0 10.0 0.37121187971119185
34.0 12.0 0.3560552933968238
34.0 14.0 0.2696609792906534
34.0 16.0 0.07881105594288927
34.0 18.0 0.0
34.0 20.0 0.0
34.0 22.0 0.0
34.0 24.0 0.0
34.0 26.0 0.0
34.0 28.0 0.0
34.0 30.0 0.0
34.0 32.0 0.0
34.0 34.0 0.0
34.0 36.0 0.0
34.0 38.0 0.0013456601347955949
34.0 40.0 0.034381113604790944
34.0 42.0 0.060784975239745576
34.0 44.0 0.07982237017726125
34.0 46.0 0.09194761561437631
34.0 48.0 0.10425744846705338
34.0 50.0 0.07526520626667323
34.0 52.0 0.03916629298638659
34.0 54.0 0.018672975801268768
34.0 56.0 0.006201479792924256
34.0 58.0 0.0
34.0 60.0 0.0
34.0 62.0 0.0
34.0 64.0 0.0
34.0 66.0 0.0
34.0 68.0 0.0
34.0 70.0 0.0
34.0 72.0 0.021326393386459305
34.0 74.0 0.10804627320226161
34.0 76.0 0.21968113794855246
34.0 78.0 0.3291741164075717
34.0 80.0 0.4144696210305332
34.0 82.0 0.47209385540729704
34.0 84.0 0.5044670347806318
34.0 86.0 0.5118725191617407
34.0 88.0 0.4942017584032239
34.0 90.0 0.4475866660614427
34.0 92.0 0.36871361255897134
34.0 94.0 0.23824720792122334
34.0 96.0 0.060037061019636885
34.0 98.0 0.0
34.0 100.0 0.0
34.0 102.0 0.0
34.0 104.0 0.0
34.0 106.0 0.0
34.0 108.0 0.0
34.0 110.0 0.0
34.0 112.0 0.0
34.0 114.0 0.0
34.0 116.0 0.0
34.0 118.0 0.0
34.0 120.0 0.0
34.0 122.0 0.0
34.0 124.0 0.0
34.0 126.0 0.0
36.0 0.0 0.0
36.0 2.0 0.0
36.0 4.0 0.0
36.0 6.0 0.0
36.0 8.0 0.24530069213836528
36.0 10.0 0.4000119373130091
36.0 12.0 0.3660096879007848
36.0 14.0 0.24644024817707977
36.0 16.0 0.034093766634164635
36.0 18.0 0.0
36.0 20.0 0.0
36.0 22.0 0.0
36.0 24.0 0.0
36.0 26.0 0.0
36.0 28.0 0.0
36.0 30.0 0.0
36.0 32.0 0.0
36.0 34.0 0.0
36.0 36.0 0.0
36.0 38.0 0.04413502043828885
36.0 40.0 0.1002304431146941
36.0 42.0 0.13855812221966576
36.0 44.0 0.16656389763611265
36.0 46.0 0.1813396320303899
36.0 48.0 0.17935056814283504
36.0 50.0 0.18448476932390076
36.0 52.0 0.11982169395134767
36.0 54.0 0.04993111803949126
36.0 56.0 0.006464277330509904
36.0 58.0 0.0
36.0 60.0 0.0
36.0 62.0 0.0
36.0 64.0 0.0
36.0 66.0 0.0
36.0 68.0 0.0
36.0 70.0 0.0
36.0 72.0 0.0
36.0 74.0 0.07484613128927191
36.0 76.0 0.19844677273159184
36.0 78.0 0.3170240854494762
36.0 80.0 0.41193509706391
36.0 82.0 0.4747186721243318
36.0 84.0 0.5117456268079142
36.0 86.0 0.534156542881596
36.0 88.0 0.5506328756393346
36.0 90.0 0.5015774996542159
36.0 92.0 0.4111478845560595
36.0 94.0 0.26382905646998334
36.0 96.0 0.06111524468242297
36.0 98.0 0.0
36.0 100.0 0.0
36.0 102.0 0.0
36.0 104.0 0.0
36.0 106.0 0.0
36.0 108.0 0.0
36.0 110.0 0.0
36.0 112.0 0.0
36.0 114.0 0.0
36.0 116.0 0.0
36.0 118.0 0.0
36.0 120.0 0.0
36.0 122.0 0.0
36.0 124.0 0.0
36.0 126.0 0.0
38.0 0.0 0.0
38.0 2.0 0.0
38.0 4.0 0.0
38.0 6.0 0.29869621476798325
38.0 8.0 0.4710379268925155
38.0 10.0 0.4156590487085375
38.0 12.0 0.32714372886538967
38.0 14.0 0.13817831624260696
38.0 16.0 0.0013273915883423519
38.0 18.0 0.0
38.0 20.0 0.0
38.0 22.0 0.0
38.0 24.0 0.0
38.0 26.0 0.0
38.0 28.0 0.0
38.0 30.0 0.0
38.0 32.0 0.0
38.0 34.0 0.0
38.0 36.0 0.002160550987412214
38.0 38.0 0.09061475281039293
38.0 40.0 0.16121607729152132
38.0 42.0 0.21004129994312218
38.0 44.0 0.242347504248573
38.0 46.0 0.2569869645776683
38.0 48.0 0.2494303557213713
38.0 50.0 0.2192462950949978
38.0 52.0 0.18048186856477044
38.0 54.0 0.05803626633273673
38.0 56.0 4.00901423287119E-5
38.0 58.0 0.0
38.0 60.0 0.0
38.0 62.0 0.0
38.0 64.0 0.0
38.0 66.0 0.0
38.0 68.0 0.0
38.0 70.0 0.0
38.0 72.0 0.0
38.0 74.0 0.027474016005116297
38.0 76.0 0.16710550196082533
38.0 78.0 0.3006522771788985
38.0 80.0 0.40596988587686006
38.0 82.0 0.47714148675348206
38.0 84.0 0.5316521955556207
38.0 86.0 0.5851254046076443
38.0 88.0 0.5708569183388627
38.0 90.0 0.5223270560074792
38.0 92.0 0.4312877985322607
38.0 94.0 0.2855131776414135
38.0 96.0 0.049555314675052975
38.0 98.0 0.0
38.0 100.0 0.0
38.0 102.0 0.0
38.0 104.0 0.0
38.0 106.0 0.0
38.0 108.0 0.0
38.0 110.0 0.0
38.0 112.0 0.0
38.0 114.0 0.0
38.0 116.0 0.0
38.0 118.0 0.0
38.0 120.0 0.0
38.0 122.0 0.0
38.0 124.0 0.0
38.0 126.0 0.0
40.0 0.0 0.0
40.0 2.0 0.0
40.0 4.0 0.0
40.0 6.0 0.3324435746889728
40.0 8.0 0.4369991148024774
40.0 10.0 0.38600634980223353
40.0 12.0 0.28733161081375885
40.0 14.0 0.08898306538839129
40.0 16.0 0.0
40.0 18.0 0.0
40.0 20.0 0.0
40.0 22.0 0.0
40.0 24.0 0.0
40.0 26.0 0.0
40.0 28.0 0.0
40.0 30.0 0.0
40.0 32.0 0.0
40.0 34.0 0.0
40.0 36.0 0.00896176269704888
40.0 38.0 0.12807083466096136
40.0 40.0 0.2178137895748694
40.0 42.0 0.28053350460711085
40.0 44.0 0.3190856944814093
40.0 46.0 0.32972394885915113
40.0 48.0 0.3120385704441775
40.0 50.0 0.2676289807607492
40.0 52.0 0.2012505226725397
40.0 54.0 0.07160272287564054
40.0 56.0 0.0
40.0 58.0 0.0
40.0 60.0 0.0
40.0 62.0 0.0
40.0 64.0 0.0
40.0 66.0 0.0
40.0 68.0 0.0
40.0 70.0 0.0
40.0 72.0 0.0
40.0 74.0 0.001775918646956154
40.0 76.0 0.12661399149988553
40.0 78.0 0.27827030884027787
40.0 80.0 0.39557755276296896
40.0 82.0 0.4749541677363234
40.0 84.0 0.5443820930259141
40.0 86.0 0.6046430030511917
40.0 88.0 0.5918322631715187
40.0 90.0 0.5415898569310048
40.0 92.0 0.4387671172940035
40.0 94.0 0.2774519130262056
40.0 96.0 0.035581287348051
40.0 98.0 0.0
40.0 100.0 0.0
40.0 102.0 0.0
40.0 104.0 0.0
40.0 106.0 0.0
40.0 108.0 0.0
40.0 110.0 0.0
40.0 112.0 0.0
40.0 114.0 0.0
40.0 116.0 0.0
40.0 118.0 0.0
40.0 120.0 0.0
40.0 122.0 0.0
40.0 124.0 0.0
40.0 126.0 0.0
42.0 0.0 0.0
42.0 2.0 0.0
42.0 4.0 0.33322548059583196
42.0 6.0 0.39490577640425634
42.0 8.0 0.36762887808447425
42.0 10.0 0.3218662415137686
42.0 12.0 0.19983354206003767
42.0 14.0 0.013677092122551323
42.0 16.0 0.0
42.0 18.0 0.0
42.0 20.0 0.0
42.0 22.0 0.0
42.0 24.0 0.0
42.0 26.0 0.0
42.0 28.0 0.0
42.0 30.0 0.0
42.0 32.0 0.0
42.0 34.0 0.0
42.0 36.0 0.06245944145913045
42.0 38.0 0.19923323103765042
42.0 40.0 0.31641825716203315
42.0 42.0 0.40005560584594163
42.0 44.0 0.42634019643679055
42.0 46.0 0.3969698292864958
42.0 48.0 0.3654767674234261
42.0 50.0 0.30762893270887465
42.0 52.0 0.23472140891996293
42.0 54.0 0.0695062720642221
42.0 56.0 0.0
42.0 58.0 0.0
42.0 60.0 0.0
42.0 62.0 0.0
42.0 64.0 0.0
42.0 66.0 0.0
42.0 68.0 0.0
42.0 70.0 0.0
42.0 72.0 0.0
42.0 74.0 0.0
42.0 76.0 0.09114115568185654
42.0 78.0 0.2449011731084834
42.0 80.0 0.3688469524221328
42.0 82.0 0.46842585002271714
42.0 84.0 0.5669624159525173
42.0 86.0 0.6095988604678683
42.0 88.0 0.6113307760350875
42.0 90.0 0.5596559641426528
42.0 92.0 0.43284558187954336
42.0 94.0 0.241090309203809
42.0 96.0 0.020277992786676736
42.0 98.0 0.0
42.0 100.0 0.0
42.0 102.0 0.0
42.0 104.0 0.0
42.0 106.0 0.0
42.0 108.0 0.0
42.0 110.0 0.0
42.0 112.0 0.0
42.0 114.0 0.0
42.0 116.0 0.0
42.0 118.0 0.0
42.0 120.0 0.0
42.0 122.0 0.0
42.0 124.0 0.0
42.0 126.0 0.0
44.0 0.0 0.0
44.0 2.0 0.0
44.0 4.0 0.3284566040388865
44.0 6.0 0.3555506640736772
44.0 8.0 0.32872887983361887
44.0 10.0 0.278969991540872
44.0 12.0 0.16204347854030418
44.0 14.0 0.0014874061470139027
44.0 16.0 0.0
44.0 18.0 0.0
44.0 20.0 0.0
44.0 22.0 0.0
44.0 24.0 0.0
44.0 26.0 0.0
44.0 28.0 0.0
44.0 30.0 0.0
44.0 32.0 0.0
44.0 34.0 0.004854556006362676
44.0 36.0 0.14751238248408005
44.0 38.0 0.3157316744567799
44.0 40.0 0.44501031600216234
44.0 42.0 0.5314403400148638
44.0 44.0 0.49644503400070983
44.0 46.0 0.4491110628761997
44.0 48.0 0.4132900544810684
44.0 50.0 0.3438132525320643
44.0 52.0 0.26564801329034515
44.0 54.0 0.0550564021896158
44.0 56.0 0.0
44.0 58.0 0.0
44.0 60.0 0.0
44.0 62.0 0.0
44.0 64.0 0.0
44.0 66.0 0.0
44.0 68.0 0.0
44.0 70.0 0.0
44.0 72.0 0.0
44.0 74.0 0.0
44.0 76.0 0.061668678412462964
44.0 78.0 0.21975675902190747
44.0 80.0 0.3593865139739405
44.0 82.0 0.4572738493792912
44.0 84.0 0.5363315277151717
44.0 86.0 0.6046089250535717
44.0 88.0 0.6140837609299005
44.0 90.0 0.5586196504165851
44.0 92.0 0.4166442606811811
44.0 94.0 0.19923391035834684
44.0 96.0 0.0015593813316396165
44.0 98.0 0.0
44.0 100.0 0.0
44.0 102.0 0.0
44.0 104.0 0.0
44.0 106.0 0.0
44.0 108.0 0.0
44.0 110.0 0.0
44.0 112.0 0.0
44.0 114.0 0.0
44.0 116.0 0.0
44.0 118.0 0.0
44.0 120.0 0.0
44.0 122.0 0.0
44.0 124.0 0.0
44.0 126.0 0.0
46.0 0.0 0.0
46.0 2.0 0.0
46.0 4.0 0.3161699045558879
46.0 6.0 0.3226887269443754
46.0 8.0 0.29041818363492106
46.0 10.0 0.2381367544721026
46.0 12.0 0.060547149780489425
46.0 14.0 0.0
46.0 16.0 0.0
46.0 18.0 0.0
46.0 20.0 0.0
46.0 22.0 0.0
46.0 24.0 0.0
46.0 26.0 0.0
46.0 28.0 0.0
46.0 30.0 0.0
46.0 32.0 0.0
46.0 34.0 0.053808470892961986
46.0 36.0 0.2278147301395362
46.0 38.0 0.3881717600211161
46.0 40.0 0.5117784305813856
46.0 42.0 0.5684388823161227
46.0 44.0 0.51249562466352
46.0 46.0 0.48660874493419914
46.0 48.0 0.4476500314100335
46.0 50.0 0.37137230307851915
46.0 52.0 0.29100215508272353
46.0 54.0 0.03853796917841072
46.0 56.0 0.0
46.0 58.0 0.0
46.0 60.0 0.0
46.0 62.0 0.0
46.0 64.0 0.0
46.0 66.0 0.0
46.0 68.0 0.0
46.0 70.0 0.0
46.0 72.0 0.0
46.0 74.0 0.0
46.0 76.0 0.025750643109426152
46.0 78.0 0.17159406968383153
46.0 80.0 0.30524403874974304
46.0 82.0 0.4073934999425633
46.0 84.0 0.5030064725869446
46.0 86.0 0.5834985085944113
46.0 88.0 0.5868411876062712
46.0 90.0 0.5272454562386721
46.0 92.0 0.3726897614761779
46.0 94.0 0.13278253099053092
46.0 96.0 3.231810924720493E-4
46.0 98.0 0.0
46.0 100.0 0.0
46.0 102.0 0.0
46.0 104.0 0.0
46.0 106.0 0.0
46.0 108.0 0.0
46.0 110.0 0.0
46.0 112.0 0.0
46.0 114.0 0.0
46.0 116.0 0.0
46.0 118.0 0.0
46.0 120.0 0.030751187846359846
46.0 122.0 0.04797148114435981
46.0 124.0 0.015543903669627948
46.0 126.0 0.0
48.0 0.0 0.0
48.0 2.0 0.28240511006215246
48.0 4.0 0.30926266469778
48.0 6.0 0.27058094375533165
48.0 8.0 0.21944533925895895
48.0 10.0 0.11590884772414518
48.0 12.0 0.0010497611078644047
48.0 14.0 0.0
48.0 16.0 0.0
48.0 18.0 0.0
48.0 20.0 0.0
48.0 22.0 0.0
48.0 24.0 0.0
48.0 26.0 0.0
48.0 28.0 0.0
48.0 30.0 0.0
48.0 32.0 0.007408206632494619
48.0 34.0 0.13120585816807798
48.0 36.0 0.29746908431474833
48.0 38.0 0.4444889213423453
48.0 40.0 0.5576358977794481
48.0 42.0 0.5607715639302145
48.0 44.0 0.5281359552985249
48.0 46.0 0.511544160414666
48.0 48.0 0.4689610522072962
48.0 50.0 0.4275863844263892
48.0 52.0 0.3156992300248722
48.0 54.0 0.020684555299003666
48.0 56.0 0.0
48.0 58.0 0.0
48.0 60.0 0.0
48.0 62.0 0.0
48.0 64.0 0.0
48.0 66.0 0.0
48.0 68.0 0.0
48.0 70.0 0.0
48.0 72.0 0.0
48.0 74.0 0.0
48.0 76.0 0.003310650552741739
48.0 78.0 0.1226003929291883
48.0 80.0 0.24113530892864285
48.0 82.0 0.3392604448046712
48.0 84.0 0.4334547737443331
48.0 86.0 0.5090373339608064
48.0 88.0 0.4986157295177942
48.0 90.0 0.43812511001835247
48.0 92.0 0.29088822071663684
48.0 94.0 0.09822302262280287
48.0 96.0 0.003038787581079523
48.0 98.0 0.0
48.0 100.0 0.0
48.0 102.0 0.0
48.0 104.0 0.0
48.0 106.0 0.0
48.0 108.0 0.0
48.0 110.0 0.0
48.0 112.0 0.0
48.0 114.0 0.0
48.0 116.0 0.0
48.0 118.0 0.01427569406511531
48.0 120.0 0.08219622127178891
48.0 122.0 0.10090049759203841
48.0 124.0 0.07324104391389492
48.0 126.0 0.0
50.0 0.0 0.0
50.0 2.0 0.292773361565338
50.0 4.0 0.29100842015077794
50.0 6.0 0.22665285038128447
50.0 8.0 0.14549409643542896
50.0 10.0 0.024078583448627486
50.0 12.0 0.0
50.0 14.0 0.0
50.0 16.0 0.0
50.0 18.0 0.0
50.0 20.0 0.0
50.0 22.0 0.0
50.0 24.0 0.0
50.0 26.0 0.0
50.0 28.0 0.0
50.0 30.0 0.006943581661364718
50.0 32.0 0.05950237187494393
50.0 34.0 0.20230066999906346
50.0 36.0 0.34565467886878376
50.0 38.0 0.47456912825155945
50.0 40.0 0.5718556002029859
50.0 42.0 0.5520410533557648
50.0 44.0 0.5304385767153846
50.0 46.0 0.5200519064061374
50.0 48.0 0.4910015994820396
50.0 50.0 0.4905974432541164
50.0 52.0 0.3003011556765106
50.0 54.0 0.004794054858915902
50.0 56.0 0.0
50.0 58.0 0.0
50.0 60.0 0.0
50.0 62.0 0.0
50.0 64.0 0.0
50.0 66.0 0.0
50.0 68.0 0.0
50.0 70.0 0.0
50.0 72.0 0.0
50.0 74.0 0.0
50.0 76.0 0.0017773039137740966
50.0 78.0 0.09074570980459307
50.0 80.0 0.18308553962464177
50.0 82.0 0.2632902267945228
50.0 84.0 0.33949478089709656
50.0 86.0 0.41151992457656594
50.0 88.0 0.4160177096231867
50.0 90.0 0.35306821721725345
50.0 92.0 0.19983652827675832
50.0 94.0 0.08446368349290788
50.0 96.0 0.0013725113580728132
50.0 98.0 0.0
50.0 100.0 0.0
50.0 102.0 0.0
50.0 104.0 0.0
50.0 106.0 0.0
50.0 108.0 0.0
50.0 110.0 0.0
50.0 112.0 0.0
50.0 114.0 0.0
50.0 116.0 0.0
50.0 118.0 0.038777563199428544
50.0 120.0 0.10660470062113118
50.0 122.0 0.13605715115025072
50.0 124.0 0.14460418738787204
50.0 126.0 0.0
52.0 0.0 0.0
52.0 2.0 0.29826470291111623
52.0 4.0 0.2627948090700434
52.0 6.0 0.1534530783624143
52.0 8.0 0.04489942917680178
52.0 10.0 3.9933122712002716E-4
52.0 12.0 0.0
52.0 14.0 0.0
52.0 16.0 0.0
52.0 18.0 0.0
52.0 20.0 0.0
52.0 22.0 0.0
52.0 24.0 0.0
52.0 26.0 0.0
52.0 28.0 0.008755910740227793
52.0 30.0 0.04997629160206025
52.0 32.0 0.1371970573209183
52.0 34.0 0.2551292253656762
52.0 36.0 0.3745189107138291
52.0 38.0 0.4811443423569725
52.0 40.0 0.5553607471807943
52.0 42.0 0.524161700175077
52.0 44.0 0.5227047989315848
52.0 46.0 0.5105984840175387
52.0 48.0 0.5342747632154229
52.0 50.0 0.48665311257020966
52.0 52.0 0.25569774815054447
52.0 54.0 0.0
52.0 56.0 0.0
52.0 58.0 0.0
52.0 60.0 0.0
52.0 62.0 0.0
52.0 64.0 0.0
52.0 66.0 0.0
52.0 68.0 0.0
52.0 70.0 0.0
52.0 72.0 0.0
52.0 74.0 0.0
52.0 76.0 0.0
52.0 78.0 0.049585020630305704
52.0 80.0 0.12883578552096836
52.0 82.0 0.19122802789215188
52.0 84.0 0.2543169065838556
52.0 86.0 0.3062962818686515
52.0 88.0 0.30702696970569693
52.0 90.0 0.2548085925252068
52.0 92.0 0.14099442823164732
52.0 94.0 0.07121503387567123
52.0 96.0 0.004868729568665826
52.0 98.0 0.0
52.0 100.0 0.0
52.0 102.0 0.0
52.0 104.0 0.0
52.0 106.0 0.0
52.0 108.0 0.0
52.0 110.0 0.0
52.0 112.0 0.0
52.0 114.0 0.0
52.0 116.0 0.0029859964195568505
52.0 118.0 0.04622525934475738
52.0 120.0 0.10546414526261681
52.0 122.0 0.148549157834309
52.0 124.0 0.19787225662801097
52.0 126.0 0.0
54.0 0.0 0.0
54.0 2.0 0.29679177030831405
54.0 4.0 0.17288129335369587
54.0 6.0 0.036833410838838836
54.0 8.0 0.0
54.0 10.0 0.0
54.0 12.0 0.0
54.0 14.0 0.0
54.0 16.0 0.0
54.0 18.0 0.0
54.0 20.0 0.0
54.0 22.0 0.0
54.0 24.0 0.0
54.0 26.0 0.0077703446301753505
54.0 28.0 0.0477008377186694
54.0 30.0 0.11882841425039926
54.0 32.0 0.20008773114870707
54.0 34.0 0.2955174335441267
54.0 36.0 0.3907937378125084
54.0 38.0 0.4768318423224063
54.0 40.0 0.5275596200631473
54.0 42.0 0.5021480443002779
54.0 44.0 0.5031782662909098
54.0 46.0 0.5018204893395873
54.0 48.0 0.5352212006975735
54.0 50.0 0.4450181361321766
54.0 52.0 0.15085144286994787
54.0 54.0 0.0
54.0 56.0 0.0
54.0 58.0 0.0
54.0 60.0 0.0
54.0 62.0 0.0
54.0 64.0 0.0
54.0 66.0 0.0
54.0 68.0 0.0
54.0 70.0 0.0
54.0 72.0 0.0
54.0 74.0 0.0
54.0 76.0 0.0
54.0 78.0 0.029683954320764334
54.0 80.0 0.08509469289618692
54.0 82.0 0.12966353884169665
54.0 84.0 0.16693222895758428
54.0 86.0 0.21032761715602724
54.0 88.0 0.20841764932100773
54.0 90.0 0.1768048415737601
54.0 92.0 0.1090722989097559
54.0 94.0 0.06414692495910113
54.0 96.0 0.01689336876820815
54.0 98.0 3.345948922475161E-5
54.0 100.0 0.0
54.0 102.0 0.0
54.0 104.0 0.0
54.0 106.0 0.0
54.0 108.0 0.0
54.0 110.0 0.0
54.0 112.0 0.0
54.0 114.0 0.0
54.0 116.0 0.001654580956938147
54.0 118.0 0.028446614771232864
54.0 120.0 0.08226874731678206
54.0 122.0 0.13943719336186097
54.0 124.0 0.22421005129966162
54.0 126.0 0.3232476354407125
56.0 0.0 0.0
56.0 2.0 0.21227334726900474
56.0 4.0 0.014708957116465637
56.0 6.0 0.0
56.0 8.0 0.0
56.0 10.0 0.0
56.0 12.0 0.0
56.0 14.0 0.0
56.0 16.0 0.0
56.0 18.0 0.0
56.0 20.0 0.0
56.0 22.0 0.0
56.0 24.0 9.354704741473717E-5
56.0 26.0 0.037701080901991695
56.0 28.0 0.10847414818649469
56.0 30.0 0.18333321172380065
56.0 32.0 0.2555363000538365
56.0 34.0 0.32979583188002426
56.0 36.0 0.4019115568180282
56.0 38.0 0.4663746419407602
56.0 40.0 0.450024267069419
56.0 42.0 0.45869033095392325
56.0 44.0 0.4623731582296638
56.0 46.0 0.4624112704510724
56.0 48.0 0.47331123065671243
56.0 50.0 0.3417593247770205
56.0 52.0 0.043150489414396614
56.0 54.0 0.0
56.0 56.0 0.0
56.0 58.0 0.0
56.0 60.0 0.0
56.0 62.0 0.0
56.0 64.0 0.0
56.0 66.0 0.0
56.0 68.0 0.0
56.0 70.0 0.0
56.0 72.0 0.0
56.0 74.0 0.0
56.0 76.0 0.0
56.0 78.0 0.015727119019306224
56.0 80.0 0.047245087125137745
56.0 82.0 0.0784009883248082
56.0 84.0 0.10235145748367507
56.0 86.0 0.13103388283245013
56.0 88.0 0.13866293038934333
56.0 90.0 0.12635809711075582
56.0 92.0 0.09518223441698646
56.0 94.0 0.051344118112448704
56.0 96.0 0.01782719305100028
56.0 98.0 0.0046221088615294855
56.0 100.0 0.0
56.0 102.0 0.0
56.0 104.0 0.0
56.0 106.0 0.0
56.0 108.0 0.0
56.0 110.0 0.0
56.0 112.0 0.0
56.0 114.0 0.0
56.0 116.0 0.0
56.0 118.0 0.0031949303021641617
56.0 120.0 0.03840446562053428
56.0 122.0 0.10349810869994985
56.0 124.0 0.2056329376568893
56.0 126.0 0.35191915365848797
58.0 0.0 0.0
58.0 2.0 0.14214372336208694
58.0 4.0 0.0
58.0 6.0 0.0
58.0 8.0 0.0
58.0 10.0 0.0
58.0 12.0 0.0
58.0 14.0 0.0
58.0 16.0 0.0
58.0 18.0 0.0
58.0 20.0 0.0
58.0 22.0 0.0010518678892751038
58.0 24.0 0.03477192372049873
58.0 26.0 0.11142474835494992
58.0 28.0 0.19096487575068574
58.0 30.0 0.2562962388042354
58.0 32.0 0.3123369082314365
58.0 34.0 0.3643639243807902
58.0 36.0 0.4104114331183997
58.0 38.0 0.444551559462068
58.0 40.0 0.38562997168506796
58.0 42.0 0.39442554163370463
58.0 44.0 0.38697416576963023
58.0 46.0 0.38931229990093047
58.0 48.0 0.34451466029219174
58.0 50.0 0.15522339096452498
58.0 52.0 0.0
58.0 54.0 0.0
58.0 56.0 0.0
58.0 58.0 0.0
58.0 60.0 0.0
58.0 62.0 0.0
58.0 64.0 0.0
58.0 66.0 0.0
58.0 68.0 0.0
58.0 70.0 0.0
58.0 72.0 0.0
58.0 74.0 0.0
58.0 76.0 3.5573033060104937E-4
58.0 78.0 0.009964326860577544
58.0 80.0 0.024845541645834735
58.0 82.0 0.048940541173830156
58.0 84.0 0.07302884920738782
58.0 86.0 0.07830440158756312
58.0 88.0 0.08462916174646784
58.0 90.0 0.094902774027482
58.0 92.0 0.08871204247501886
58.0 94.0 0.07387894586344325
58.0 96.0 0.05330817032518418
58.0 98.0 0.028955882055344894
58.0 100.0 0.012803520712062954
58.0 102.0 0.002929100515354328
58.0 104.0 0.0
58.0 106.0 0.0
58.0 108.0 0.0
58.0 110.0 0.0
58.0 112.0 0.0
58.0 114.0 0.0
58.0 116.0 0.0
58.0 118.0 0.0
58.0 120.0 0.0061451152738575135
58.0 122.0 0.0465866759568104
58.0 124.0 0.1428245854393511
58.0 126.0 0.3253041244794167
60.0 0.0 0.0
60.0 2.0 0.11709959947164279
60.0 4.0 0.0
60.0 6.0 0.0
60.0 8.0 0.0
60.0 10.0 0.0
60.0 12.0 0.0
60.0 14.0 0.0
60.0 16.0 0.0
60.0 18.0 1.6320058883817587E-4
60.0 20.0 0.004965535415350758
60.0 22.0 0.04017584081024322
60.0 24.0 0.1352205494276181
60.0 26.0 0.22075000754896312
60.0 28.0 0.281276280980186
60.0 30.0 0.3292609605333772
60.0 32.0 0.366419706437544
60.0 34.0 0.3923434273266349
60.0 36.0 0.4067688706772943
60.0 38.0 0.35304358574465855
60.0 40.0 0.31882286453896036
60.0 42.0 0.3033735949113047
60.0 44.0 0.27349664579957844
60.0 46.0 0.2442411771291264
60.0 48.0 0.14287690337311895
60.0 50.0 0.003652171415370482
60.0 52.0 0.0
60.0 54.0 0.0
60.0 56.0 0.0
60.0 58.0 0.0
60.0 60.0 0.0
60.0 62.0 0.0
60.0 64.0 0.0
60.0 66.0 0.0
60.0 68.0 0.0
60.0 70.0 0.0
60.0 72.0 0.0
60.0 74.0 0.0
60.0 76.0 0.0025020848134609144
60.0 78.0 0.009417231864303278
60.0 80.0 0.020089020745515922
60.0 82.0 0.03838768305819903
60.0 84.0 0.050754994502954724
60.0 86.0 0.050079103704134764
60.0 88.0 0.060591928803796796
60.0 90.0 0.08040653596948201
60.0 92.0 0.08944754597574787
60.0 94.0 0.09338666853234058
60.0 96.0 0.08857406657537899
60.0 98.0 0.07527717018306405
60.0 100.0 0.04915918080328191
60.0 102.0 0.01932959605453532
60.0 104.0 0.0053341611839006695
60.0 106.0 0.0
60.0 108.0 0.0
60.0 110.0 0.0
60.0 112.0 0.0
60.0 114.0 0.0
60.0 116.0 0.0
60.0 118.0 0.0
60.0 120.0 0.0
60.0 122.0 0.005910750584607487
60.0 124.0 0.04234283730750194
60.0 126.0 0.23208774761380135
62.0 0.0 0.0
62.0 2.0 0.09180618071485254
62.0 4.0 0.0
62.0 6.0 0.0
62.0 8.0 0.0
62.0 10.0 0.0
62.0 12.0 0.0
62.0 14.0 0.0
62.0 16.0 1.4664338011096222E-4
62.0 18.0 0.004070607550466514
62.0 20.0 0.030492339089657
62.0 22.0 0.1274856328722425
62.0 24.0 0.23105724850970033
62.0 26.0 0.30604784332108353
62.0 28.0 0.3621009728589113
62.0 30.0 0.3983219588304867
62.0 32.0 0.4151258285745183
62.0 34.0 0.40984829547886287
62.0 36.0 0.34947750943559
62.0 38.0 0.2775465168741506
62.0 40.0 0.23189327663810586
62.0 42.0 0.17593202442803277
62.0 44.0 0.11153162876705162
62.0 46.0 0.04046982569937909
62.0 48.0 0.0
62.0 50.0 0.0
62.0 52.0 0.0
62.0 54.0 0.0
62.0 56.0 0.0
62.0 58.0 0.0
62.0 60.0 0.0
62.0 62.0 0.0
62.0 64.0 0.0
62.0 66.0 0.0
62.0 68.0 0.0
62.0 70.0 0.0
62.0 72.0 0.0
62.0 74.0 0.006829289335830216
62.0 76.0 0.014567540579436126
62.0 78.0 0.019964109393669747
62.0 80.0 0.02284262436109427
62.0 82.0 0.025279475505804613
62.0 84.0 0.02989557572853214
62.0 86.0 0.039697701722404784
62.0 88.0 0.05959232441018628
62.0 90.0 0.0839051858961317
62.0 92.0 0.09903996887947232
62.0 94.0 0.11151153278555583
62.0 96.0 0.11987478361221225
62.0 98.0 0.11957286422271363
62.0 100.0 0.10302600241182158
62.0 102.0 0.06742839110660633
62.0 104.0 0.021054112857965646
62.0 106.0 0.0011695655613814312
62.0 108.0 0.0
62.0 110.0 0.0
62.0 112.0 0.0
62.0 114.0 0.0
62.0 116.0 0.0
62.0 118.0 0.0
62.0 120.0 0.0
62.0 122.0 0.0
62.0 124.0 0.0
62.0 126.0 0.07434087573065627
64.0 0.0 0.0
64.0 2.0 0.054864749130639136
64.0 4.0 0.0
64.0 6.0 0.0
64.0 8.0 0.0
64.0 10.0 0.0
64.0 12.0 0.0
64.0 14.0 0.0
64.0 16.0 0.0015506006691508641
64.0 18.0 0.015613305098512461
64.0 20.0 0.09738842678015154
64.0 22.0 0.21689232939623004
64.0 24.0 0.3131102226129978
64.0 26.0 0.384566898607374
64.0 28.0 0.4342977530791121
64.0 30.0 0.45726124181166156
64.0 32.0 0.4525787863316035
64.0 34.0 0.4078055859328182
64.0 36.0 0.29288276279157927
64.0 38.0 0.2109074328614536
64.0 40.0 0.1103068506332145
64.0 42.0 0.013346966888575784
64.0 44.0 0.0
64.0 46.0 0.0
64.0 48.0 0.0
64.0 50.0 0.0
64.0 52.0 0.0
64.0 54.0 0.0
64.0 56.0 0.0
64.0 58.0 0.0
64.0 60.0 0.0
64.0 62.0 0.0
64.0 64.0 0.0
64.0 66.0 0.0
64.0 68.0 0.0
64.0 70.0 0.0038230080125634595
64.0 72.0 0.01586668907645818
64.0 74.0 0.02524100367497324
64.0 76.0 0.03026057934276014
64.0 78.0 0.03141033713663811
64.0 80.0 0.030705673169883072
64.0 82.0 0.030559511348202003
64.0 84.0 0.03367229722577679
64.0 86.0 0.03426201458623559
64.0 88.0 0.04015745153947084
64.0 90.0 0.06684266639596487
64.0 92.0 0.09681894356332967
64.0 94.0 0.1256256983831692
64.0 96.0 0.15194202094138085
64.0 98.0 0.1689547183930854
64.0 100.0 0.16409812552086034
64.0 102.0 0.13143779298515884
64.0 104.0 0.07748472797091924
64.0 106.0 0.010950607475238077
64.0 108.0 0.0
64.0 110.0 0.0
64.0 112.0 0.0
64.0 114.0 0.0
64.0 116.0 0.0
64.0 118.0 0.0
64.0 120.0 0.0
64.0 122.0 0.0
64.0 124.0 0.0
64.0 126.0 0.0
66.0 0.0 0.0
66.0 2.0 0.0022998443418320623
66.0 4.0 0.0
66.0 6.0 0.0
66.0 8.0 0.0
66.0 10.0 0.0
66.0 12.0 0.0
66.0 14.0 0.0
66.0 16.0 0.002964630771748722
66.0 18.0 0.0512149187106429
66.0 20.0 0.17591190903168508
66.0 22.0 0.29319990922989914
66.0 24.0 0.38272672820992865
66.0 26.0 0.4489808068708716
66.0 28.0 0.4894993809998971
66.0 30.0 0.4997263451085301
66.0 32.0 0.4665166767659404
66.0 34.0 0.34238147022050375
66.0 36.0 0.2544307398747918
66.0 38.0 0.1313685644387279
66.0 40.0 0.008151358007403147
66.0 42.0 0.0
66.0 44.0 0.0
66.0 46.0 0.0
66.0 48.0 0.0
66.0 50.0 0.0
66.0 52.0 0.0
66.0 54.0 0.0
66.0 56.0 0.0
66.0 58.0 0.0
66.0 60.0 0.0
66.0 62.0 0.0
66.0 64.0 0.0
66.0 66.0 0.0
66.0 68.0 0.012525786666585138
66.0 70.0 0.034229248174002025
66.0 72.0 0.0464990475908909
66.0 74.0 0.054125856298294396
66.0 76.0 0.05598375825229989
66.0 78.0 0.053725590826887486
66.0 80.0 0.04830068282934547
66.0 82.0 0.04194394595947327
66.0 84.0 0.028777283939832008
66.0 86.0 0.024696845170518723
66.0 88.0 0.03665531957268128
66.0 90.0 0.06447907978407441
66.0 92.0 0.10166448239506848
66.0 94.0 0.14079093517684296
66.0 96.0 0.178459532313938
66.0 98.0 0.21371207879940712
66.0 100.0 0.2314457848654681
66.0 102.0 0.207645291542632
66.0 104.0 0.14722423058301845
66.0 106.0 0.0636960461653907
66.0 108.0 0.0017548011817828798
66.0 110.0 0.0
66.0 112.0 0.0
66.0 114.0 0.0
66.0 116.0 0.0
66.0 118.0 0.0
66.0 120.0 0.0
66.0 122.0 0.0
66.0 124.0 0.0
66.0 126.0 0.0
68.0 0.0 0.0
68.0 2.0 0.0
68.0 4.0 0.0
68.0 6.0 0.0
68.0 8.0 0.0
68.0 10.0 0.0
68.0 12.0 0.0
68.0 14.0 0.0
68.0 16.0 0.003945942354621634
68.0 18.0 0.0983368525042823
68.0 20.0 0.19664165237184447
68.0 22.0 0.302747897004127
68.0 24.0 0.4101922878623359
68.0 26.0 0.491168889890447
68.0 28.0 0.5251706862730675
68.0 30.0 0.5247580343901217
68.0 32.0 0.45118953183231086
68.0 34.0 0.3164910333634644
68.0 36.0 0.20928138979928126
68.0 38.0 0.06465121231518685
68.0 40.0 0.0
68.0 42.0 0.0
68.0 44.0 0.0
68.0 46.0 0.0
68.0 48.0 0.0
68.0 50.0 0.0
68.0 52.0 0.0
68.0 54.0 0.0
68.0 56.0 0.0
68.0 58.0 0.0
68.0 60.0 0.0
68.0 62.0 0.0
68.0 64.0 0.0
68.0 66.0 0.011911575143320587
68.0 68.0 0.03988457008799225
68.0 70.0 0.06142460307215072
68.0 72.0 0.07021729769655742
68.0 74.0 0.07405282214709634
68.0 76.0 0.07340812919644477
68.0 78.0 0.0590673332112193
68.0 80.0 0.03705799673435264
68.0 82.0 0.033817813731774525
68.0 84.0 0.03254584727220922
68.0 86.0 0.027323280068583828
68.0 88.0 0.04116153973978769
68.0 90.0 0.07038933085414961
68.0 92.0 0.11115839099377016
68.0 94.0 0.15544588963900885
68.0 96.0 0.19798943241346068
68.0 98.0 0.2324469228627929
68.0 100.0 0.2908728366806702
68.0 102.0 0.27339179464291347
68.0 104.0 0.22134813261189198
68.0 106.0 0.13919784597139964
68.0 108.0 0.04789994104522327
68.0 110.0 0.0
68.0 112.0 0.0
68.0 114.0 0.0
68.0 116.0 0.0
68.0 118.0 0.0
68.0 120.0 0.0
68.0 122.0 0.0
68.0 124.0 0.0
68.0 126.0 0.0
70.0 0.0 0.0
70.0 2.0 0.0
70.0 4.0 0.0
70.0 6.0 0.0
70.0 8.0 0.0
70.0 10.0 0.0
70.0 12.0 0.0
70.0 14.0 0.0
70.0 16.0 0.014929990018449186
70.0 18.0 0.15176666104687372
70.0 20.0 0.2615432011546562
70.0 22.0 0.37151724097275096
70.0 24.0 0.4625427371853342
70.0 26.0 0.5224154189101659
70.0 28.0 0.5483598724906512
70.0 30.0 0.5206378621025703
70.0 32.0 0.39823145837347323
70.0 34.0 0.3090022796521038
70.0 36.0 0.16598967133052406
70.0 38.0 0.00928495892400321
70.0 40.0 0.0
70.0 42.0 0.0
70.0 44.0 0.0
70.0 46.0 0.0
70.0 48.0 0.0
70.0 50.0 0.0
70.0 52.0 0.0
70.0 54.0 0.0
70.0 56.0 0.0
70.0 58.0 0.0
70.0 60.0 0.0
70.0 62.0 0.0
70.0 64.0 6.75378057930162E-4
70.0 66.0 0.03095108168381258
70.0 68.0 0.0616218228486996
70.0 70.0 0.07722986551657647
70.0 72.0 0.08390200771537469
70.0 74.0 0.0851500028038276
70.0 76.0 0.07995367375990341
70.0 78.0 0.05733998129621334
70.0 80.0 0.04249178763252478
70.0 82.0 0.03819701081232
70.0 84.0 0.038134409441280735
70.0 86.0 0.033219830380000294
70.0 88.0 0.04326999816918845
70.0 90.0 0.07337001165840783
70.0 92.0 0.11893323823891844
70.0 94.0 0.1703555312363717
70.0 96.0 0.21954300664744367
70.0 98.0 0.26714389669660776
70.0 100.0 0.3156235355444197
70.0 102.0 0.3658899231990314
70.0 104.0 0.3135583890081277
70.0 106.0 0.21853715298390589
70.0 108.0 0.12319680194028121
70.0 110.0 0.02561849798585042
70.0 112.0 0.0
70.0 114.0 0.0
70.0 116.0 0.0
70.0 118.0 0.0
70.0 120.0 0.0
70.0 122.0 0.0
70.0 124.0 0.0
70.0 126.0 0.0
72.0 0.0 0.0
72.0 2.0 0.0
72.0 4.0 0.0
72.0 6.0 0.0
72.0 8.0 0.0
72.0 10.0 0.0
72.0 12.0 0.0
72.0 14.0 0.0
72.0 16.0 0.07555792348684051
72.0 18.0 0.20825199249265033
72.0 20.0 0.33985566882106827
72.0 22.0 0.43811354036782174
72.0 24.0 0.5101488976518366
72.0 26.0 0.556471305758962
72.0 28.0 0.5725670306559952
72.0 30.0 0.5027536219153328
72.0 32.0 0.37597350455900114
72.0 34.0 0.27757545817070844
72.0 36.0 0.12315458855809082
72.0 38.0 0.0
72.0 40.0 0.0
72.0 42.0 0.0
72.0 44.0 0.0
72.0 46.0 0.0
72.0 48.0 0.0
72.0 50.0 0.0
72.0 52.0 0.0
72.0 54.0 0.0
72.0 56.0 0.0
72.0 58.0 0.0
72.0 60.0 0.0
72.0 62.0 0.0
72.0 64.0 0.006326453481954136
72.0 66.0 0.04282460124559371
72.0 68.0 0.0682765587628389
72.0 70.0 0.08059264195491586
72.0 72.0 0.0866188356489771
72.0 74.0 0.08665186137744522
72.0 76.0 0.07703016780879325
72.0 78.0 0.05183590921821041
72.0 80.0 0.03474803169645083
72.0 82.0 0.02754670069001483
72.0 84.0 0.03112902999740462
72.0 86.0 0.03566778510366655
72.0 88.0 0.02814376716328385
72.0 90.0 0.0663997756882161
72.0 92.0 0.12111463165099973
72.0 94.0 0.1831406332285468
72.0 96.0 0.24160943720488245
72.0 98.0 0.30030996359404316
72.0 100.0 0.3500968123653894
72.0 102.0 0.3672501838258892
72.0 104.0 0.3467349959197524
72.0 106.0 0.2885387668060994
72.0 108.0 0.19846562368033038
72.0 110.0 0.08721498184595917
72.0 112.0 0.004538154440271588
72.0 114.0 0.0
72.0 116.0 0.0
72.0 118.0 0.0
72.0 120.0 0.0
72.0 122.0 0.0
72.0 124.0 0.0
72.0 126.0 0.0
74.0 0.0 0.0
74.0 2.0 0.0
74.0 4.0 0.0
74.0 6.0 0.0
74.0 8.0 0.0
74.0 10.0 0.0
74.0 12.0 0.0
74.0 14.0 0.0013275493421398415
74.0 16.0 0.14579527842195456
74.0 18.0 0.28439976187712196
74.0 20.0 0.3522593167922554
74.0 22.0 0.45291618303690223
74.0 24.0 0.5267785439430946
74.0 26.0 0.5689889422248472
74.0 28.0 0.5247131082853161
74.0 30.0 0.4601211535024094
74.0 32.0 0.3762227797098503
74.0 34.0 0.2299547089957922
74.0 36.0 0.06587732213227952
74.0 38.0 0.0
74.0 40.0 0.0
74.0 42.0 0.0
74.0 44.0 0.0
74.0 46.0 0.0
74.0 48.0 0.0
74.0 50.0 0.0
74.0 52.0 0.0
74.0 54.0 0.0
74.0 56.0 0.0
74.0 58.0 0.0
74.0 60.0 0.0
74.0 62.0 0.0
74.0 64.0 0.013218796377268993
74.0 66.0 0.047229280412184986
74.0 68.0 0.06684486346249771
74.0 70.0 0.07567310533875174
74.0 72.0 0.077439888179996
74.0 74.0 0.07643066533232777
74.0 76.0 0.06590586462687496
74.0 78.0 0.04731366604813698
74.0 80.0 0.028163017597747374
74.0 82.0 0.020002395458257997
74.0 84.0 0.023725483075086606
74.0 86.0 0.028635587142041983
74.0 88.0 0.022391588998105328
74.0 90.0 0.0669588156053831
74.0 92.0 0.12822117802527702
74.0 94.0 0.1979489731134846
74.0 96.0 0.262494766339812
74.0 98.0 0.31959366870552963
74.0 100.0 0.37185657338889205
74.0 102.0 0.39944428846534813
74.0 104.0 0.3921518885358634
74.0 106.0 0.34678433553337307
74.0 108.0 0.2681786941556645
74.0 110.0 0.15937231050017583
74.0 112.0 0.04128123502979786
74.0 114.0 0.0
74.0 116.0 0.0
74.0 118.0 0.0
74.0 120.0 0.0
74.0 122.0 0.0
74.0 124.0 0.0
74.0 126.0 0.0
76.0 0.0 0.0
76.0 2.0 0.0
76.0 4.0 0.0
76.0 6.0 0.0
76.0 8.0 0.0
76.0 10.0 0.0
76.0 12.0 0.0
76.0 14.0 0.02541271110366175
76.0 16.0 0.19939032104731036
76.0 18.0 0.3090264519660288
76.0 20.0 0.35805454493645317
76.0 22.0 0.45200622145292696
76.0 24.0 0.5138133115237349
76.0 26.0 0.4995783720938542
76.0 28.0 0.49732962692055177
76.0 30.0 0.45005740362030106
76.0 32.0 0.3612688490516231
76.0 34.0 0.21257096429583752
76.0 36.0 0.014505568397731589
76.0 38.0 0.0
76.0 40.0 0.0
76.0 42.0 0.0
76.0 44.0 0.0
76.0 46.0 0.0
76.0 48.0 0.0
76.0 50.0 0.0
76.0 52.0 0.0
76.0 54.0 0.0
76.0 56.0 0.0
76.0 58.0 0.0
76.0 60.0 0.0
76.0 62.0 0.0
76.0 64.0 0.030398984353208074
76.0 66.0 0.05764672395214793
76.0 68.0 0.06985626824146027
76.0 70.0 0.06843683214604628
76.0 72.0 0.06253604050236776
76.0 74.0 0.05753499445805461
76.0 76.0 0.03852225359290817
76.0 78.0 0.025701413403560133
76.0 80.0 0.018578498075488215
76.0 82.0 0.016542595023706443
76.0 84.0 0.018879801666023766
76.0 86.0 0.0019577081085852175
76.0 88.0 0.010113079931992387
76.0 90.0 0.06517937389760735
76.0 92.0 0.13377729108529482
76.0 94.0 0.20890437789754
76.0 96.0 0.27772632010027376
76.0 98.0 0.32228881189030695
76.0 100.0 0.3745951672950875
76.0 102.0 0.41072213464488555
76.0 104.0 0.416777083947426
76.0 106.0 0.3865821004773853
76.0 108.0 0.3220636113872224
76.0 110.0 0.22346524101307266
76.0 112.0 0.09830911049879731
76.0 114.0 0.004814599856833245
76.0 116.0 0.0
76.0 118.0 0.0
76.0 120.0 0.0
76.0 122.0 0.0
76.0 124.0 0.0
76.0 126.0 0.0
78.0 0.0 0.0
78.0 2.0 0.0
78.0 4.0 0.0
78.0 6.0 0.0
78.0 8.0 0.0
78.0 10.0 0.0
78.0 12.0 0.0
78.0 14.0 0.05509322064287622
78.0 16.0 0.20054296723283047
78.0 18.0 0.28962612657366515
78.0 20.0 0.34651238455998395
78.0 22.0 0.4349762089600277
78.0 24.0 0.48142713152292843
78.0 26.0 0.4651402465117425
78.0 28.0 0.4649640371081336
78.0 30.0 0.4277458509719454
78.0 32.0 0.33280062157744567
78.0 34.0 0.1373471820270964
78.0 36.0 0.0
78.0 38.0 0.0
78.0 40.0 0.0
78.0 42.0 0.0
78.0 44.0 0.0
78.0 46.0 0.0
78.0 48.0 0.0
78.0 50.0 0.0
78.0 52.0 0.0
78.0 54.0 0.0
78.0 56.0 0.0
78.0 58.0 0.0
78.0 60.0 0.0
78.0 62.0 0.012355305745353491
78.0 64.0 0.06404357985938018
78.0 66.0 0.08595399815493081
78.0 68.0 0.08483722776152196
78.0 70.0 0.0675562616720076
78.0 72.0 0.0505425194572269
78.0 74.0 0.02616456070327502
78.0 76.0 0.00935043399892097
78.0 78.0 0.001675935054015568
78.0 80.0 1.4762484732267576E-4
78.0 82.0 2.8427722341077067E-4
78.0 84.0 0.002712534308290451
78.0 86.0 0.0
78.0 88.0 0.0
78.0 90.0 0.028992584407070338
78.0 92.0 0.11023889461770543
78.0 94.0 0.19735571993050702
78.0 96.0 0.2528531467228981
78.0 98.0 0.31593897893132045
78.0 100.0 0.3738143252836303
78.0 102.0 0.41633912123849526
78.0 104.0 0.43409879705571813
78.0 106.0 0.41400329562890703
78.0 108.0 0.3603286478002537
78.0 110.0 0.2736738821933984
78.0 112.0 0.15477084928423207
78.0 114.0 0.032241993829758
78.0 116.0 0.0
78.0 118.0 0.0
78.0 120.0 0.0
78.0 122.0 0.0
78.0 124.0 0.0
78.0 126.0 0.0
80.0 0.0 0.0
80.0 2.0 0.0
80.0 4.0 0.0
80.0 6.0 0.0
80.0 8.0 0.0
80.0 10.0 0.0
80.0 12.0 0.0
80.0 14.0 0.0325633643918559
80.0 16.0 0.14931143725444596
80.0 18.0 0.2248007771053598
80.0 20.0 0.29882042116342794
80.0 22.0 0.3845552868741562
80.0 24.0 0.42169755448635504
80.0 26.0 0.4097509221123498
80.0 28.0 0.409605977642924
80.0 30.0 0.40072459432627533
80.0 32.0 0.2720096704507325
80.0 34.0 0.04583929859600378
80.0 36.0 0.0
80.0 38.0 0.0
80.0 40.0 0.0
80.0 42.0 0.0
80.0 44.0 0.0
80.0 46.0 0.0
80.0 48.0 0.0
80.0 50.0 0.0
80.0 52.0 0.0
80.0 54.0 0.0
80.0 56.0 0.0
80.0 58.0 0.0
80.0 60.0 0.030235678143226603
80.0 62.0 0.10740623576388807
80.0 64.0 0.1390812398012994
80.0 66.0 0.14550801276490424
80.0 68.0 0.1267248750476522
80.0 70.0 0.09386972353107297
80.0 72.0 0.047785667160013916
80.0 74.0 0.011395818262312863
80.0 76.0 0.0
80.0 78.0 1.8353817889879428E-5
80.0 80.0 0.0
80.0 82.0 0.0
80.0 84.0 0.0
80.0 86.0 0.0
80.0 88.0 0.0
80.0 90.0 0.0
80.0 92.0 0.0044567705234093685
80.0 94.0 0.10682931602574852
80.0 96.0 0.20747006254869085
80.0 98.0 0.2888405722066543
80.0 100.0 0.3549642409501141
80.0 102.0 0.40465883809700215
80.0 104.0 0.4336543014365377
80.0 106.0 0.4282696932992662
80.0 108.0 0.38265024717020285
80.0 110.0 0.3256664853313902
80.0 112.0 0.22916408108105824
80.0 114.0 0.06803587119170008
80.0 116.0 0.0
80.0 118.0 0.0
80.0 120.0 0.0
80.0 122.0 0.0
80.0 124.0 0.0
80.0 126.0 0.0
82.0 0.0 0.0
82.0 2.0 0.0
82.0 4.0 0.0
82.0 6.0 0.0
82.0 8.0 0.0
82.0 10.0 0.0
82.0 12.0 0.0
82.0 14.0 0.02848084480784546
82.0 16.0 0.07909000048212145
82.0 18.0 0.1645647274435951
82.0 20.0 0.2203145831561318
82.0 22.0 0.28259356022698795
82.0 24.0 0.30640238520932744
82.0 26.0 0.31437538112181623
82.0 28.0 0.3204596925287706
82.0 30.0 0.27246445865781227
82.0 32.0 0.1592468176365456
82.0 34.0 0.002872500083372762
82.0 36.0 0.0
82.0 38.0 0.0
82.0 40.0 0.0
82.0 42.0 0.0
82.0 44.0 0.0
82.0 46.0 0.0
82.0 48.0 0.0
82.0 50.0 0.0
82.0 52.0 0.0
82.0 54.0 0.0
82.0 56.0 0.0
82.0 58.0 0.09138125465701108
82.0 60.0 0.16978095336696686
82.0 62.0 0.21144576227792555
82.0 64.0 0.22102918704924232
82.0 66.0 0.2077062662115261
82.0 68.0 0.1751719871003019
82.0 70.0 0.12336725228588259
82.0 72.0 0.054839758050379266
82.0 74.0 0.004777274388369516
82.0 76.0 0.0
82.0 78.0 0.0
82.0 80.0 0.0
82.0 82.0 0.0
82.0 84.0 0.0
82.0 86.0 0.0
82.0 88.0 0.0
82.0 90.0 0.0
82.0 92.0 0.0
82.0 94.0 0.0065531903121359885
82.0 96.0 0.12427009794874909
82.0 98.0 0.22679482394774167
82.0 100.0 0.3124486358590329
82.0 102.0 0.3772914999988781
82.0 104.0 0.41976723383951736
82.0 106.0 0.42933532277346925
82.0 108.0 0.3971077738838506
82.0 110.0 0.32900777433466705
82.0 112.0 0.22926331356597163
82.0 114.0 0.11947742320272947
82.0 116.0 0.0
82.0 118.0 0.0
82.0 120.0 0.0
82.0 122.0 0.0
82.0 124.0 0.0
82.0 126.0 0.0
84.0 0.0 0.0
84.0 2.0 0.0
84.0 4.0 0.0
84.0 6.0 0.0
84.0 8.0 0.0
84.0 10.0 0.0
84.0 12.0 0.006506266804099545
84.0 14.0 0.03477007102895787
84.0 16.0 0.05035600517790504
84.0 18.0 0.04557608411515134
84.0 20.0 0.05301727171585999
84.0 22.0 0.07437788580362009
84.0 24.0 0.11606680481766708
84.0 26.0 0.15882479831960208
84.0 28.0 0.1799702198322042
84.0 30.0 0.13179507997947498
84.0 32.0 0.02736128667738365
84.0 34.0 0.0
84.0 36.0 0.0
84.0 38.0 0.0
84.0 40.0 0.0
84.0 42.0 0.0
84.0 44.0 0.0
84.0 46.0 0.0
84.0 48.0 0.0
84.0 50.0 0.0
84.0 52.0 0.0
84.0 54.0 0.004816710860964635
84.0 56.0 0.1504288728984354
84.0 58.0 0.2302462586705475
84.0 60.0 0.28832370166050886
84.0 62.0 0.29612162811769444
84.0 64.0 0.28550842368823454
84.0 66.0 0.25913497285941006
84.0 68.0 0.21113385316519515
84.0 70.0 0.1398951648693568
84.0 72.0 0.05665348389933888
84.0 74.0 0.0022981595781563853
84.0 76.0 0.0
84.0 78.0 0.0
84.0 80.0 0.0
84.0 82.0 0.0
84.0 84.0 0.0
84.0 86.0 0.0
84.0 88.0 0.0
84.0 90.0 0.0
84.0 92.0 0.0
84.0 94.0 0.0
84.0 96.0 0.02483863101762447
84.0 98.0 0.1400717105351457
84.0 100.0 0.23829708348154444
84.0 102.0 0.32025752841592486
84.0 104.0 0.3773748474353708
84.0 106.0 0.40270439031627925
84.0 108.0 0.38943949266287375
84.0 110.0 0.33630214219523724
84.0 112.0 0.2516828675382922
84.0 114.0 0.14217990904956382
84.0 116.0 0.022520657064971028
84.0 118.0 0.0
84.0 120.0 0.0
84.0 122.0 0.0
84.0 124.0 0.0
84.0 126.0 0.0
86.0 0.0 0.0
86.0 2.0 0.0
86.0 4.0 0.0
86.0 6.0 0.0
86.0 8.0 0.0
86.0 10.0 0.0
86.0 12.0 0.0
86.0 14.0 2.8650137942345775E-4
86.0 16.0 3.8235718472660597E-4
86.0 18.0 0.0
86.0 20.0 0.0
86.0 22.0 0.0
86.0 24.0 0.009548167225290276
86.0 26.0 0.018890894052718012
86.0 28.0 0.0032886668588728626
86.0 30.0 0.0
86.0 32.0 0.0
86.0 34.0 0.0
86.0 36.0 0.0
86.0 38.0 0.0
86.0 40.0 0.0
86.0 42.0 0.0
86.0 44.0 0.0
86.0 46.0 0.0
86.0 48.0 0.0
86.0 50.0 0.0
86.0 52.0 0.04549185141890703
86.0 54.0 0.19435796733980873
86.0 56.0 0.31340090691062
86.0 58.0 0.3304385097454228
86.0 60.0 0.3570143310659975
86.0 62.0 0.35876441961845873
86.0 64.0 0.33821838797182485
86.0 66.0 0.3045158534496745
86.0 68.0 0.24489027321660753
86.0 70.0 0.15636745797754922
86.0 72.0 0.04563103822119918
86.0 74.0 0.0
86.0 76.0 0.0
86.0 78.0 0.0
86.0 80.0 0.0
86.0 82.0 0.0
86.0 84.0 0.0
86.0 86.0 0.0
86.0 88.0 0.0
86.0 90.0 0.0
86.0 92.0 0.0
86.0 94.0 0.0
86.0 96.0 0.0
86.0 98.0 0.04159666631457864
86.0 100.0 0.14418170015384277
86.0 102.0 0.23949979503815788
86.0 104.0 0.31223573633687046
86.0 106.0 0.37326004465454554
86.0 108.0 0.3838768476151047
86.0 110.0 0.332649408649876
86.0 112.0 0.2601577899630377
86.0 114.0 0.17090169500798671
86.0 116.0 0.0745882060907155
86.0 118.0 0.0
86.0 120.0 0.0
86.0 122.0 0.0
86.0 124.0 0.0
86.0 126.0 0.0
88.0 0.0 0.0
88.0 2.0 0.0
88.0 4.0 0.0
88.0 6.0 0.0
88.0 8.0 0.0
88.0 10.0 0.0019352907450961773
88.0 12.0 0.006829441391454995
88.0 14.0 0.0
88.0 16.0 0.0
88.0 18.0 0.0
88.0 20.0 0.0
88.0 22.0 0.0
88.0 24.0 0.0
88.0 26.0 0.0
88.0 28.0 0.0
88.0 30.0 0.0
88.0 32.0 0.0
88.0 34.0 0.0
88.0 36.0 0.0
88.0 38.0 0.0
88.0 40.0 0.0
88.0 42.0 0.0
88.0 44.0 0.0
88.0 46.0 0.0
88.0 48.0 0.002812137747486817
88.0 50.0 0.07888077652710025
88.0 52.0 0.20813922136074506
88.0 54.0 0.3166325742178158
88.0 56.0 0.39005719455291454
88.0 58.0 0.43918850741654686
88.0 60.0 0.44656479720864545
88.0 62.0 0.4004554556243218
88.0 64.0 0.3799733188172756
88.0 66.0 0.3491367170771955
88.0 68.0 0.31812933085478284
88.0 70.0 0.18897975489616217
88.0 72.0 0.026750487478555133
88.0 74.0 0.0
88.0 76.0 0.0
88.0 78.0 0.0
88.0 80.0 0.0
88.0 82.0 0.0
88.0 84.0 0.0
88.0 86.0 0.0
88.0 88.0 0.0
88.0 90.0 0.0
88.0 92.0 0.0
88.0 94.0 0.0
88.0 96.0 0.0
88.0 98.0 0.0039114865252215004
88.0 100.0 0.05289339449797115
88.0 102.0 0.14033459214989333
88.0 104.0 0.21936963688427694
88.0 106.0 0.278601076994729
88.0 108.0 0.3020648582475773
88.0 110.0 0.28468383640745243
88.0 112.0 0.23966927899063314
88.0 114.0 0.18132347891395764
88.0 116.0 0.12333374176049546
88.0 118.0 0.024447002567467815
88.0 120.0 0.0
88.0 122.0 0.0
88.0 124.0 0.0
88.0 126.0 0.0
90.0 0.0 0.0
90.0 2.0 0.0
90.0 4.0 0.0
90.0 6.0 0.0
90.0 8.0 0.013255607505732542
90.0 10.0 0.022432411917042136
90.0 12.0 0.019292997836784686
90.0 14.0 0.001886053018316519
90.0 16.0 0.0
90.0 18.0 0.0
90.0 20.0 0.0
90.0 22.0 0.0
90.0 24.0 0.0
90.0 26.0 0.0
90.0 28.0 0.0
90.0 30.0 0.0
90.0 32.0 0.0
90.0 34.0 0.0
90.0 36.0 0.0
90.0 38.0 0.0
90.0 40.0 0.0
90.0 42.0 0.0
90.0 44.0 0.0
90.0 46.0 0.010791409042629716
90.0 48.0 0.07498747631914089
90.0 50.0 0.16536563517247133
90.0 52.0 0.25184587029272126
90.0 54.0 0.32864461567276443
90.0 56.0 0.3937668197668267
90.0 58.0 0.44449857188732617
90.0 60.0 0.4594703668669562
90.0 62.0 0.44469460436322134
90.0 64.0 0.4361533130492709
90.0 66.0 0.43444766145616875
90.0 68.0 0.3681612872912738
90.0 70.0 0.21469969708108214
90.0 72.0 0.03424368118402357
90.0 74.0 0.0
90.0 76.0 0.0
90.0 78.0 0.0
90.0 80.0 0.0
90.0 82.0 0.0
90.0 84.0 0.0
90.0 86.0 0.0
90.0 88.0 0.0
90.0 90.0 0.0
90.0 92.0 0.0
90.0 94.0 0.0
90.0 96.0 0.0
90.0 98.0 0.0
90.0 100.0 0.003765450507387637
90.0 102.0 0.0286938804873101
90.0 104.0 0.09378579037122126
90.0 106.0 0.16361167532021587
90.0 108.0 0.20059112867666895
90.0 110.0 0.208225509655626
90.0 112.0 0.19221533642404673
90.0 114.0 0.16942284496180773
90.0 116.0 0.14401479166673806
90.0 118.0 0.1289556361877183
90.0 120.0 0.06932946743695541
90.0 122.0 0.0
90.0 124.0 0.0
90.0 126.0 0.0
92.0 0.0 0.0
92.0 2.0 0.0
92.0 4.0 0.0
92.0 6.0 0.0
92.0 8.0 0.007965327352828762
92.0 10.0 0.04328533643670294
92.0 12.0 0.033478408592215854
92.0 14.0 0.004675287408198962
92.0 16.0 0.0
92.0 18.0 0.0
92.0 20.0 0.0
92.0 22.0 0.0
92.0 24.0 0.0
92.0 26.0 0.0
92.0 28.0 0.0
92.0 30.0 0.0
92.0 32.0 0.0
92.0 34.0 0.0
92.0 36.0 0.006944914019557181
92.0 38.0 0.004454670849761478
92.0 40.0 0.004963371008950081
92.0 42.0 0.010713334654881492
92.0 44.0 0.03182347160402004
92.0 46.0 0.07713642128072018
92.0 48.0 0.1436435699878768
92.0 50.0 0.21855739356339418
92.0 52.0 0.28817714338126643
92.0 54.0 0.33940888713664963
92.0 56.0 0.3840721162471128
92.0 58.0 0.41678979355973667
92.0 60.0 0.44088370122524695
92.0 62.0 0.4567364363528139
92.0 64.0 0.4608042379546517
92.0 66.0 0.48310760297704225
92.0 68.0 0.41571741762459413
92.0 70.0 0.2785804943919463
92.0 72.0 0.07124854717899776
92.0 74.0 0.0
92.0 76.0 0.0
92.0 78.0 0.0
92.0 80.0 0.0
92.0 82.0 0.0
92.0 84.0 0.0
92.0 86.0 0.0
92.0 88.0 0.0
92.0 90.0 0.0
92.0 92.0 0.0
92.0 94.0 0.0
92.0 96.0 0.0
92.0 98.0 0.0
92.0 100.0 0.0
92.0 102.0 2.4737975343925434E-4
92.0 104.0 0.008001580956204428
92.0 106.0 0.03313745371429984
92.0 108.0 0.07343215510685866
92.0 110.0 0.10787943327546438
92.0 112.0 0.12915755520072755
92.0 114.0 0.14370677903530593
92.0 116.0 0.16032153903369264
92.0 118.0 0.19814021964745868
92.0 120.0 0.20299680900160774
92.0 122.0 0.0
92.0 124.0 0.0
92.0 126.0 0.0
94.0 0.0 0.0
94.0 2.0 0.0
94.0 4.0 0.0
94.0 6.0 0.0
94.0 8.0 0.10474170556793544
94.0 10.0 0.0762606788861049
94.0 12.0 0.041232029853772355
94.0 14.0 0.007662545637849588
94.0 16.0 0.0
94.0 18.0 0.0
94.0 20.0 0.0
94.0 22.0 0.0
94.0 24.0 0.0
94.0 26.0 0.0
94.0 28.0 0.0
94.0 30.0 0.0
94.0 32.0 0.0
94.0 34.0 0.0029186560476694976
94.0 36.0 0.026165286971930667
94.0 38.0 0.03204977847308108
94.0 40.0 0.04127159794984226
94.0 42.0 0.05648330027146987
94.0 44.0 0.09356262499476513
94.0 46.0 0.14066933822001298
94.0 48.0 0.19005074748018866
94.0 50.0 0.22948686275338492
94.0 52.0 0.27320985326400343
94.0 54.0 0.31710772236543955
94.0 56.0 0.35869364164423495
94.0 58.0 0.39978026335871153
94.0 60.0 0.4350493162454665
94.0 62.0 0.4618811852962253
94.0 64.0 0.47515945363764267
94.0 66.0 0.49832226405826124
94.0 68.0 0.4518225202883626
94.0 70.0 0.35269660059551383
94.0 72.0 0.1492407477738282
94.0 74.0 0.005427412662930155
94.0 76.0 0.0
94.0 78.0 0.0
94.0 80.0 0.0
94.0 82.0 0.0
94.0 84.0 0.0
94.0 86.0 0.0
94.0 88.0 0.0
94.0 90.0 0.0
94.0 92.0 0.0
94.0 94.0 0.0
94.0 96.0 0.0
94.0 98.0 0.0
94.0 100.0 0.0
94.0 102.0 0.0
94.0 104.0 0.0
94.0 106.0 0.0
94.0 108.0 0.0051989914123309645
94.0 110.0 0.028390757640694875
94.0 112.0 0.06679549371145742
94.0 114.0 0.11815949915497108
94.0 116.0 0.18126804132123342
94.0 118.0 0.22337807039610327
94.0 120.0 0.0
94.0 122.0 0.0
94.0 124.0 0.0
94.0 126.0 0.0
96.0 0.0 0.0
96.0 2.0 0.0
96.0 4.0 0.0
96.0 6.0 0.0
96.0 8.0 0.0
96.0 10.0 0.1517254791478644
96.0 12.0 0.06445337359750183
96.0 14.0 0.022295112095340772
96.0 16.0 0.0016795737203118962
96.0 18.0 0.0
96.0 20.0 0.0
96.0 22.0 0.0
96.0 24.0 0.0
96.0 26.0 0.0
96.0 28.0 0.0
96.0 30.0 0.0
96.0 32.0 0.0
96.0 34.0 0.020589685839076347
96.0 36.0 0.0538975921652969
96.0 38.0 0.07072430882563824
96.0 40.0 0.09971814900862296
96.0 42.0 0.1291698061119331
96.0 44.0 0.1521886082943329
96.0 46.0 0.16794361458866314
96.0 48.0 0.17851327838521777
96.0 50.0 0.1867823140158722
96.0 52.0 0.22022277461224457
96.0 54.0 0.2614431796406172
96.0 56.0 0.3106555671872213
96.0 58.0 0.36149017437254605
96.0 60.0 0.4087602524174299
96.0 62.0 0.4488651877067605
96.0 64.0 0.4746107600392981
96.0 66.0 0.48505396079477187
96.0 68.0 0.4625130182579573
96.0 70.0 0.40138735228019895
96.0 72.0 0.2531979178079384
96.0 74.0 0.057929159819399
96.0 76.0 0.0
96.0 78.0 0.0
96.0 80.0 0.0
96.0 82.0 0.0
96.0 84.0 0.0
96.0 86.0 0.0
96.0 88.0 0.0
96.0 90.0 0.0
96.0 92.0 0.0
96.0 94.0 0.0
96.0 96.0 0.0
96.0 98.0 0.0
96.0 100.0 0.0
96.0 102.0 0.0
96.0 104.0 0.0
96.0 106.0 0.0
96.0 108.0 0.0
96.0 110.0 0.0
96.0 112.0 0.024049412250586776
96.0 114.0 0.09188232597666614
96.0 116.0 0.17791300189117873
96.0 118.0 0.23978593179139904
96.0 120.0 0.0
96.0 122.0 0.0
96.0 124.0 0.0
96.0 126.0 0.0
98.0 0.0 0.0
98.0 2.0 0.0
98.0 4.0 0.0
98.0 6.0 0.0
98.0 8.0 0.0
98.0 10.0 0.0
98.0 12.0 0.11381757915990283
98.0 14.0 0.02539107191502873
98.0 16.0 0.005585301824776398
98.0 18.0 0.0
98.0 20.0 0.0
98.0 22.0 0.0
98.0 24.0 0.0
98.0 26.0 0.0
98.0 28.0 0.0
98.0 30.0 0.0
98.0 32.0 9.093415748720237E-4
98.0 34.0 0.04115936948236713
98.0 36.0 0.09176205118941975
98.0 38.0 0.12150547124198369
98.0 40.0 0.1588367882788064
98.0 42.0 0.17768406297173556
98.0 44.0 0.1687291819313648
98.0 46.0 0.1474453440353232
98.0 48.0 0.11989561579228826
98.0 50.0 0.11683404234890055
98.0 52.0 0.13577744183411525
98.0 54.0 0.17137152610361928
98.0 56.0 0.22398810734330588
98.0 58.0 0.28644993171259847
98.0 60.0 0.3503860744676577
98.0 62.0 0.4087430289714258
98.0 64.0 0.45185865228810335
98.0 66.0 0.4654832373151903
98.0 68.0 0.45860823917611276
98.0 70.0 0.4118171938476567
98.0 72.0 0.33855560725210787
98.0 74.0 0.1350179031843011
98.0 76.0 0.0
98.0 78.0 0.0
98.0 80.0 0.0
98.0 82.0 0.0
98.0 84.0 0.0
98.0 86.0 0.0
98.0 88.0 0.0
98.0 90.0 0.0
98.0 92.0 0.0
98.0 94.0 0.0
98.0 96.0 0.0
98.0 98.0 0.0
98.0 100.0 0.0
98.0 102.0 0.0
98.0 104.0 0.0
98.0 106.0 0.0
98.0 108.0 0.0
98.0 110.0 0.0
98.0 112.0 0.006304359584779712
98.0 114.0 0.06903344420407498
98.0 116.0 0.16316900327526
98.0 118.0 0.0
98.0 120.0 0.0
98.0 122.0 0.0
98.0 124.0 0.0
98.0 126.0 0.0
100.0 0.0 0.0
100.0 2.0 0.0
100.0 4.0 0.0
100.0 6.0 0.0
100.0 8.0 0.0
100.0 10.0 0.0
100.0 12.0 0.13796917543617068
100.0 14.0 0.03718459451117409
100.0 16.0 0.009698898855913128
100.0 18.0 0.0
100.0 20.0 0.0
100.0 22.0 0.0
100.0 24.0 0.0
100.0 26.0 0.0
100.0 28.0 0.0
100.0 30.0 0.0
100.0 32.0 0.002580382070377122
100.0 34.0 0.07261129955145515
100.0 36.0 0.12955823457941357
100.0 38.0 0.17290266788853006
100.0 40.0 0.2038223012625957
100.0 42.0 0.19581633609580473
100.0 44.0 0.15283140124377356
100.0 46.0 0.090056191547967
100.0 48.0 0.03974833122160003
100.0 50.0 0.0433851415818548
100.0 52.0 0.04088348645025826
100.0 54.0 0.059724637811797494
100.0 56.0 0.10181808612586533
100.0 58.0 0.16797677155001703
100.0 60.0 0.250174988877283
100.0 62.0 0.3321589738762222
100.0 64.0 0.39456532575285724
100.0 66.0 0.41450010935687764
100.0 68.0 0.42521660949715634
100.0 70.0 0.4027394953782635
100.0 72.0 0.39236761798595515
100.0 74.0 0.23712901696325495
100.0 76.0 0.0371286690717735
100.0 78.0 0.0
100.0 80.0 0.0
100.0 82.0 0.0
100.0 84.0 0.0
100.0 86.0 0.0
100.0 88.0 0.0
100.0 90.0 0.0
100.0 92.0 0.0
100.0 94.0 0.0
100.0 96.0 0.0
100.0 98.0 0.0
100.0 100.0 0.0
100.0 102.0 0.0
100.0 104.0 0.0
100.0 106.0 0.0
100.0 108.0 0.0
100.0 110.0 0.0
100.0 112.0 8.82192857303025E-4
100.0 114.0 0.06067085765348804
100.0 116.0 0.0
100.0 118.0 0.0
100.0 120.0 0.0
100.0 122.0 0.0
100.0 124.0 0.0
100.0 126.0 0.0
102.0 0.0 0.0
102.0 2.0 0.0
102.0 4.0 0.0
102.0 6.0 0.0
102.0 8.0 0.0
102.0 10.0 0.0
102.0 12.0 0.0
102.0 14.0 0.08143770672417901
102.0 16.0 0.019933952678753652
102.0 18.0 0.0
102.0 20.0 0.0
102.0 22.0 0.0
102.0 24.0 0.0
102.0 26.0 0.0
102.0 28.0 0.0
102.0 30.0 0.0
102.0 32.0 0.02246072208117855
102.0 34.0 0.11200127423765992
102.0 36.0 0.18512257898546536
102.0 38.0 0.22236382297497445
102.0 40.0 0.23847525179598625
102.0 42.0 0.19771878736225676
102.0 44.0 0.11558643258960405
102.0 46.0 0.024092386890964892
102.0 48.0 0.0
102.0 50.0 0.0
102.0 52.0 0.0
102.0 54.0 0.0
102.0 56.0 4.122618870843201E-5
102.0 58.0 0.04781315072467579
102.0 60.0 0.13524619257408602
102.0 62.0 0.2307347013976366
102.0 64.0 0.3143802476221051
102.0 66.0 0.37319836497956144
102.0 68.0 0.4017767993541715
102.0 70.0 0.39769193400016484
102.0 72.0 0.4007708705524813
102.0 74.0 0.3170457400430585
102.0 76.0 0.11402116411845935
102.0 78.0 0.0
102.0 80.0 0.0
102.0 82.0 0.0
102.0 84.0 0.0
102.0 86.0 0.0
102.0 88.0 0.0
102.0 90.0 0.0
102.0 92.0 0.0
102.0 94.0 0.0
102.0 96.0 0.0
102.0 98.0 0.0
102.0 100.0 0.0
102.0 102.0 0.0
102.0 104.0 0.0
102.0 106.0 0.0
102.0 108.0 0.0
102.0 110.0 0.0
102.0 112.0 0.0019273506004932092
102.0 114.0 0.0
102.0 116.0 0.0
102.0 118.0 0.0
102.0 120.0 0.0
102.0 122.0 0.0
102.0 124.0 0.0
102.0 126.0 0.0
104.0 0.0 0.0
104.0 2.0 0.0
104.0 4.0 0.0
104.0 6.0 0.0
104.0 8.0 0.0
104.0 10.0 0.0
104.0 12.0 0.0
104.0 14.0 0.0
104.0 16.0 0.04060015408317209
104.0 18.0 0.0
104.0 20.0 0.0
104.0 22.0 0.0
104.0 24.0 0.0
104.0 26.0 0.0
104.0 28.0 0.0
104.0 30.0 0.0015457176271871608
104.0 32.0 0.07328786807732023
104.0 34.0 0.15874972058130424
104.0 36.0 0.23479512956102422
104.0 38.0 0.269298521635801
104.0 40.0 0.2633852451119649
104.0 42.0 0.18652325849035375
104.0 44.0 0.0725614171791894
104.0 46.0 7.021543824381474E-4
104.0 48.0 0.0
104.0 50.0 0.0
104.0 52.0 0.0
104.0 54.0 0.0
104.0 56.0 0.0
104.0 58.0 0.0
104.0 60.0 0.04094247473864604
104.0 62.0 0.16038306920695972
104.0 64.0 0.2798628819377497
104.0 66.0 0.34758341777614876
104.0 68.0 0.3413671031429955
104.0 70.0 0.3648623631151789
104.0 72.0 0.42167713890288905
104.0 74.0 0.3598268732410381
104.0 76.0 0.22769558688168098
104.0 78.0 0.020470520712695974
104.0 80.0 0.0
104.0 82.0 0.0
104.0 84.0 0.0
104.0 86.0 0.0
104.0 88.0 0.0
104.0 90.0 0.0
104.0 92.0 0.0
104.0 94.0 0.0
104.0 96.0 0.0
104.0 98.0 0.0
104.0 100.0 0.0
104.0 102.0 0.0
104.0 104.0 0.0
104.0 106.0 0.0
104.0 108.0 0.0
104.0 110.0 0.0
104.0 112.0 0.00238643177560568
104.0 114.0 0.0
104.0 116.0 0.0
104.0 118.0 0.0
104.0 120.0 0.0
104.0 122.0 0.0
104.0 124.0 0.0
104.0 126.0 0.0
106.0 0.0 0.0
106.0 2.0 0.0
106.0 4.0 0.0
106.0 6.0 0.0
106.0 8.0 0.0
106.0 10.0 0.0
106.0 12.0 0.0
106.0 14.0 0.0
106.0 16.0 0.0
106.0 18.0 0.026098140371752898
106.0 20.0 0.0
106.0 22.0 0.0
106.0 24.0 0.0
106.0 26.0 0.0
106.0 28.0 0.0
106.0 30.0 0.003913816991141339
106.0 32.0 0.09781532099255796
106.0 34.0 0.1849025040917983
106.0 36.0 0.2744511824361884
106.0 38.0 0.3153022987548863
106.0 40.0 0.28096403560196315
106.0 42.0 0.16971180365608418
106.0 44.0 0.03165238863040112
106.0 46.0 0.0
106.0 48.0 0.0
106.0 50.0 0.0
106.0 52.0 0.0
106.0 54.0 0.0
106.0 56.0 0.0
106.0 58.0 0.0
106.0 60.0 6.41703574252059E-4
106.0 62.0 0.05083474373133337
106.0 64.0 0.18178712284780016
106.0 66.0 0.3033972802169242
106.0 68.0 0.33176910487586236
106.0 70.0 0.3437353823171745
106.0 72.0 0.39019520579301986
106.0 74.0 0.3786019615582595
106.0 76.0 0.3112975815811628
106.0 78.0 0.10902118071680277
106.0 80.0 0.0
106.0 82.0 0.0
106.0 84.0 0.0
106.0 86.0 0.0
106.0 88.0 0.0
106.0 90.0 0.0
106.0 92.0 0.0
106.0 94.0 0.0
106.0 96.0 0.0
106.0 98.0 0.0
106.0 100.0 0.0
106.0 102.0 0.0
106.0 104.0 0.0
106.0 106.0 0.0
106.0 108.0 0.0
106.0 110.0 0.0
106.0 112.0 0.0
106.0 114.0 0.0
106.0 116.0 0.0
106.0 118.0 0.0
106.0 120.0 0.0
106.0 122.0 0.0
106.0 124.0 0.0
106.0 126.0 0.0
108.0 0.0 0.0
108.0 2.0 0.0
108.0 4.0 0.0
108.0 6.0 0.0
108.0 8.0 0.0
108.0 10.0 0.0
108.0 12.0 0.0
108.0 14.0 0.0
108.0 16.0 0.0
108.0 18.0 0.0
108.0 20.0 0.0
108.0 22.0 0.0
108.0 24.0 0.0
108.0 26.0 0.0
108.0 28.0 0.0
108.0 30.0 0.03245595481324607
108.0 32.0 0.1219643214915816
108.0 34.0 0.21619103166660966
108.0 36.0 0.2937748712658838
108.0 38.0 0.3194742532391979
108.0 40.0 0.2849484700465669
108.0 42.0 0.16071341808796533
108.0 44.0 0.0138284441064487
108.0 46.0 0.0
108.0 48.0 0.0
108.0 50.0 0.0
108.0 52.0 0.0
108.0 54.0 0.0
108.0 56.0 0.0
108.0 58.0 0.0
108.0 60.0 0.0
108.0 62.0 0.0
108.0 64.0 0.08826629384353729
108.0 66.0 0.23052809449933376
108.0 68.0 0.3104313726719529
108.0 70.0 0.3154833164112991
108.0 72.0 0.33415528639888686
108.0 74.0 0.3813046060004064
108.0 76.0 0.34238629620355604
108.0 78.0 0.22290140649040865
108.0 80.0 0.045165180282006605
108.0 82.0 0.002311356221354222
108.0 84.0 0.0
108.0 86.0 0.0
108.0 88.0 0.0
108.0 90.0 0.0
108.0 92.0 0.0
108.0 94.0 0.0
108.0 96.0 0.0
108.0 98.0 0.0
108.0 100.0 0.0
108.0 102.0 0.0
108.0 104.0 0.0
108.0 106.0 0.0
108.0 108.0 0.0
108.0 110.0 0.0
108.0 112.0 0.0
108.0 114.0 0.0
108.0 116.0 0.0
108.0 118.0 0.0
108.0 120.0 0.0
108.0 122.0 0.0
108.0 124.0 0.0
108.0 126.0 0.0
110.0 0.0 0.0
110.0 2.0 0.0
110.0 4.0 0.0
110.0 6.0 0.0
110.0 8.0 0.0
110.0 10.0 0.0
110.0 12.0 0.0
110.0 14.0 0.0
110.0 16.0 0.0
110.0 18.0 0.0
110.0 20.0 0.0
110.0 22.0 0.0
110.0 24.0 0.0
110.0 26.0 0.0
110.0 28.0 0.0
110.0 30.0 0.020532342903734995
110.0 32.0 0.1264970837511563
110.0 34.0 0.22911939210049495
110.0 36.0 0.3652456778602608
110.0 38.0 0.3793744281570843
110.0 40.0 0.2839098574184249
110.0 42.0 0.14757753146163505
110.0 44.0 0.005285028547563859
110.0 46.0 0.0
110.0 48.0 0.0
110.0 50.0 0.0
110.0 52.0 0.0
110.0 54.0 0.0
110.0 56.0 0.0
110.0 58.0 0.0
110.0 60.0 0.0
110.0 62.0 0.0
110.0 64.0 0.021370986348866822
110.0 66.0 0.13065955037784918
110.0 68.0 0.23581052104392028
110.0 70.0 0.2808264388279562
110.0 72.0 0.3091638466721289
110.0 74.0 0.3482851786820067
110.0 76.0 0.3464437019411584
110.0 78.0 0.2816938804544802
110.0 80.0 0.14229486787951942
110.0 82.0 0.028691677282531077
110.0 84.0 7.533261446925383E-5
110.0 86.0 0.0
110.0 88.0 0.0
110.0 90.0 0.0
110.0 92.0 0.0
110.0 94.0 0.0
110.0 96.0 0.0
110.0 98.0 0.0
110.0 100.0 0.0
110.0 102.0 0.0
110.0 104.0 0.0
110.0 106.0 0.0
110.0 108.0 0.0
110.0 110.0 0.0
110.0 112.0 0.0
110.0 114.0 0.0
110.0 116.0 0.0
110.0 118.0 0.0
110.0 120.0 0.0
110.0 122.0 0.0
110.0 124.0 0.0
110.0 126.0 0.0
112.0 0.0 0.0
112.0 2.0 0.0
112.0 4.0 0.0
112.0 6.0 0.0
112.0 8.0 0.0
112.0 10.0 0.0
112.0 12.0 0.0
112.0 14.0 0.0
112.0 16.0 0.0
112.0 18.0 0.0
112.0 20.0 0.0
112.0 22.0 0.0
112.0 24.0 0.0
112.0 26.0 0.0
112.0 28.0 0.0
112.0 30.0 0.048987649829833974
112.0 32.0 0.1470228115446866
112.0 34.0 0.242126895593306
112.0 36.0 0.32466719503123265
112.0 38.0 0.33975907571814584
112.0 40.0 0.2742532265842917
112.0 42.0 0.14977692410734017
112.0 44.0 0.006355295134142315
112.0 46.0 0.0
112.0 48.0 0.0
112.0 50.0 0.0
112.0 52.0 0.0
112.0 54.0 0.0
112.0 56.0 0.0
112.0 58.0 0.0
112.0 60.0 0.0
112.0 62.0 0.0
112.0 64.0 7.370297017920164E-5
112.0 66.0 0.040970639807827246
112.0 68.0 0.18822255356705897
112.0 70.0 0.23783259239140117
112.0 72.0 0.27077844253632044
112.0 74.0 0.310994341236633
112.0 76.0 0.32987512540125297
112.0 78.0 0.29604315202461007
112.0 80.0 0.2071188030397665
112.0 82.0 0.08588229819883847
112.0 84.0 0.02711613020463177
112.0 86.0 0.0
112.0 88.0 0.0
112.0 90.0 0.0
112.0 92.0 0.0
112.0 94.0 0.0
112.0 96.0 0.0
112.0 98.0 0.0
112.0 100.0 0.0
112.0 102.0 0.0
112.0 104.0 0.0
112.0 106.0 0.0
112.0 108.0 0.0
112.0 110.0 0.0
112.0 112.0 0.0
112.0 114.0 0.0
112.0 116.0 0.0
112.0 118.0 0.0
112.0 120.0 0.0
112.0 122.0 0.0
112.0 124.0 0.0
112.0 126.0 0.0
114.0 0.0 0.0
114.0 2.0 0.0
114.0 4.0 0.0
114.0 6.0 0.0
114.0 8.0 0.0
114.0 10.0 0.0
114.0 12.0 0.0
114.0 14.0 0.0
114.0 16.0 0.0
114.0 18.0 0.0
114.0 20.0 0.0
114.0 22.0 0.0
114.0 24.0 0.0
114.0 26.0 0.0
114.0 28.0 0.011939126621219785
114.0 30.0 0.07699943763949361
114.0 32.0 0.154537407763213
114.0 34.0 0.2374233741159932
114.0 36.0 0.3103200058172194
114.0 38.0 0.32151213841279896
114.0 40.0 0.2589496558260836
114.0 42.0 0.15013165409588752
114.0 44.0 0.007879506202075023
114.0 46.0 0.0
114.0 48.0 0.0
114.0 50.0 0.0
114.0 52.0 0.0
114.0 54.0 0.0
114.0 56.0 0.0
114.0 58.0 0.0
114.0 60.0 0.0
114.0 62.0 0.0
114.0 64.0 0.0
114.0 66.0 0.011193325599098828
114.0 68.0 0.11711848666462454
114.0 70.0 0.21738215446406137
114.0 72.0 0.22353902232652578
114.0 74.0 0.251213522965474
114.0 76.0 0.29875315806676933
114.0 78.0 0.2798865122740919
114.0 80.0 0.23096738866622024
114.0 82.0 0.12404910201020536
114.0 84.0 0.07060615136577919
114.0 86.0 0.015184677067790356
114.0 88.0 0.0
114.0 90.0 0.0
114.0 92.0 0.0
114.0 94.0 0.0
114.0 96.0 0.0
114.0 98.0 0.0
114.0 100.0 0.0
114.0 102.0 0.0
114.0 104.0 0.0
114.0 106.0 0.0
114.0 108.0 0.0
114.0 110.0 0.0
114.0 112.0 0.0
114.0 114.0 0.0
114.0 116.0 0.0
114.0 118.0 0.0
114.0 120.0 0.0
114.0 122.0 0.0
114.0 124.0 0.0
114.0 126.0 0.0
116.0 0.0 0.0
116.0 2.0 0.0
116.0 4.0 0.0
116.0 6.0 0.0
116.0 8.0 0.0
116.0 10.0 0.0
116.0 12.0 0.0
116.0 14.0 0.0
116.0 16.0 0.0
116.0 18.0 0.0
116.0 20.0 0.0
116.0 22.0 0.0
116.0 24.0 0.0
116.0 26.0 0.0
116.0 28.0 0.03295409134210923
116.0 30.0 0.11283667809382343
116.0 32.0 0.17372528840810364
116.0 34.0 0.24055900441132197
116.0 36.0 0.33004265267505895
116.0 38.0 0.32753212902938583
116.0 40.0 0.2540617913697572
116.0 42.0 0.1469086900594568
116.0 44.0 0.008430171330468198
116.0 46.0 0.0
116.0 48.0 0.0
116.0 50.0 0.0
116.0 52.0 0.0
116.0 54.0 0.0
116.0 56.0 0.0
116.0 58.0 0.0
116.0 60.0 0.0
116.0 62.0 0.0
116.0 64.0 0.0
116.0 66.0 0.003901662575501288
116.0 68.0 0.04796048308485316
116.0 70.0 0.14522571102959544
116.0 72.0 0.1861918235404401
116.0 74.0 0.2100472135791103
116.0 76.0 0.2274443856677276
116.0 78.0 0.26112780782842354
116.0 80.0 0.23337938004983808
116.0 82.0 0.1605716910850946
116.0 84.0 0.1120320531598828
116.0 86.0 0.06883971340073788
116.0 88.0 0.01678334562508351
116.0 90.0 1.834996614976562E-5
116.0 92.0 0.0
116.0 94.0 0.0
116.0 96.0 0.0
116.0 98.0 0.0
116.0 100.0 0.0
116.0 102.0 0.0
116.0 104.0 0.0
116.0 106.0 0.0
116.0 108.0 0.0
116.0 110.0 0.0
116.0 112.0 0.0
116.0 114.0 0.0
116.0 116.0 0.0
116.0 118.0 0.0
116.0 120.0 0.0
116.0 122.0 0.0
116.0 124.0 0.0
116.0 126.0 0.0
118.0 0.0 0.0
118.0 2.0 0.0
118.0 4.0 0.0
118.0 6.0 0.0
118.0 8.0 0.0
118.0 10.0 0.0
118.0 12.0 0.0
118.0 14.0 0.0
118.0 16.0 0.0
118.0 18.0 0.0
118.0 20.0 0.0
118.0 22.0 0.0
118.0 24.0 0.0
118.0 26.0 0.0
118.0 28.0 0.0
118.0 30.0 0.0
118.0 32.0 0.15594402315383443
118.0 34.0 0.2990488045777217
118.0 36.0 0.3271043676671736
118.0 38.0 0.32279846604337115
118.0 40.0 0.2674173048103295
118.0 42.0 0.15572617381164097
118.0 44.0 0.031794700880262976
118.0 46.0 0.0
118.0 48.0 0.0
118.0 50.0 0.0
118.0 52.0 0.0
118.0 54.0 0.0
118.0 56.0 0.0
118.0 58.0 0.0
118.0 60.0 0.0
118.0 62.0 0.0
118.0 64.0 0.0
118.0 66.0 0.0
118.0 68.0 0.007062557890633244
118.0 70.0 0.04869710358142019
118.0 72.0 0.1197133331699922
118.0 74.0 0.16868246998816064
118.0 76.0 0.2001740633226536
118.0 78.0 0.22361159769655514
118.0 80.0 0.23382008499684367
118.0 82.0 0.1975981558795646
118.0 84.0 0.1596921496977943
118.0 86.0 0.11676604087991642
118.0 88.0 0.07636220968147793
118.0 90.0 0.0465504031147101
118.0 92.0 0.007239741017813457
118.0 94.0 0.0
118.0 96.0 0.0
118.0 98.0 0.0
118.0 100.0 0.0
118.0 102.0 0.0
118.0 104.0 0.0
118.0 106.0 0.0
118.0 108.0 0.0
118.0 110.0 0.0
118.0 112.0 0.0
118.0 114.0 0.0
118.0 116.0 0.0
118.0 118.0 0.0
118.0 120.0 0.0
118.0 122.0 0.0
118.0 124.0 0.0
118.0 126.0 0.0
120.0 0.0 0.0
120.0 2.0 0.0
120.0 4.0 0.0
120.0 6.0 0.0
120.0 8.0 0.0
120.0 10.0 0.0
120.0 12.0 0.0
120.0 14.0 0.0
120.0 16.0 0.0
120.0 18.0 0.0
120.0 20.0 0.0
120.0 22.0 0.0
120.0 24.0 0.0
120.0 26.0 0.0
120.0 28.0 0.0
120.0 30.0 0.0
120.0 32.0 0.0
120.0 34.0 0.0
120.0 36.0 0.2954361311430587
120.0 38.0 0.43342260153191475
120.0 40.0 0.3171585288392558
120.0 42.0 0.19979790739743233
120.0 44.0 0.07151738190245242
120.0 46.0 9.875261811147082E-4
120.0 48.0 0.0
120.0 50.0 0.0
120.0 52.0 0.0
120.0 54.0 0.0
120.0 56.0 0.0
120.0 58.0 0.0
120.0 60.0 0.0
120.0 62.0 0.0
120.0 64.0 0.0
120.0 66.0 0.0
120.0 68.0 3.0047399582186447E-4
120.0 70.0 0.014331409857043535
120.0 72.0 0.05876017631507652
120.0 74.0 0.11330329258090203
120.0 76.0 0.1580278602513637
120.0 78.0 0.18818127725286138
120.0 80.0 0.22870549854986247
120.0 82.0 0.22738434969477606
120.0 84.0 0.20396417932970445
120.0 86.0 0.16887423846865116
120.0 88.0 0.12803331396637296
120.0 90.0 0.10273662333723145
120.0 92.0 0.08022943778703014
120.0 94.0 0.0
120.0 96.0 0.0
120.0 98.0 0.0
120.0 100.0 0.0
120.0 102.0 0.0
120.0 104.0 0.0
120.0 106.0 0.0
120.0 108.0 0.0
120.0 110.0 0.0
120.0 112.0 0.0
120.0 114.0 0.0
120.0 116.0 0.0
120.0 118.0 0.0
120.0 120.0 0.0
120.0 122.0 0.0
120.0 124.0 0.0
120.0 126.0 0.0
122.0 0.0 0.0
122.0 2.0 0.0
122.0 4.0 0.0
122.0 6.0 0.0
122.0 8.0 0.0
122.0 10.0 0.0
122.0 12.0 0.0
122.0 14.0 0.0
122.0 16.0 0.0
122.0 18.0 0.0
122.0 20.0 0.0
122.0 22.0 0.0
122.0 24.0 0.0
122.0 26.0 0.0
122.0 28.0 0.0
122.0 30.0 0.0
122.0 32.0 0.0
122.0 34.0 0.0
122.0 36.0 0.0
122.0 38.0 0.0
122.0 40.0 0.2513639297515654
122.0 42.0 0.21758995402535852
122.0 44.0 0.12808296993154408
122.0 46.0 0.02344755268293089
122.0 48.0 0.0
122.0 50.0 0.0
122.0 52.0 0.0
122.0 54.0 0.0
122.0 56.0 0.0
122.0 58.0 0.0
122.0 60.0 0.0
122.0 62.0 0.0
122.0 64.0 0.0
122.0 66.0 0.0
122.0 68.0 0.0
122.0 70.0 0.0015088927923030996
122.0 72.0 0.028212218052058344
122.0 74.0 0.06526720697074667
122.0 76.0 0.11580069986006497
122.0 78.0 0.15848532143914015
122.0 80.0 0.22051407853854
122.0 82.0 0.24710244350937546
122.0 84.0 0.24306928594821295
122.0 86.0 0.217567425696117
122.0 88.0 0.17836414441295478
122.0 90.0 0.0
122.0 92.0 0.0
122.0 94.0 0.0
122.0 96.0 0.0
122.0 98.0 0.0
122.0 100.0 0.0
122.0 102.0 0.0
122.0 104.0 0.0
122.0 106.0 0.0
122.0 108.0 0.0
122.0 110.0 0.0
122.0 112.0 0.0
122.0 114.0 0.0
122.0 116.0 0.0
122.0 118.0 0.0
122.0 120.0 0.0
122.0 122.0 0.0
122.0 124.0 0.0
122.0 126.0 0.0
124.0 0.0 0.0
124.0 2.0 0.0
124.0 4.0 0.0
124.0 6.0 0.0
124.0 8.0 0.0
124.0 10.0 0.0
124.0 12.0 0.0
124.0 14.0 0.0
124.0 16.0 0.0
124.0 18.0 0.0
124.0 20.0 0.0
124.0 22.0 0.0
124.0 24.0 0.0
124.0 26.0 0.0
124.0 28.0 0.0
124.0 30.0 0.0
124.0 32.0 0.0
124.0 34.0 0.0
124.0 36.0 0.0
124.0 38.0 0.0
124.0 40.0 0.0
124.0 42.0 0.0
124.0 44.0 0.0
124.0 46.0 0.09068083242844664
124.0 48.0 0.014496079738095387
124.0 50.0 0.0
124.0 52.0 0.0
124.0 54.0 0.0
124.0 56.0 0.0
124.0 58.0 0.0
124.0 60.0 0.0
124.0 62.0 0.0
124.0 64.0 0.0
124.0 66.0 0.0
124.0 68.0 0.0
124.0 70.0 0.0
124.0 72.0 0.013403838000525687
124.0 74.0 0.03980168862077795
124.0 76.0 0.08327579710453796
124.0 78.0 0.1305916522666997
124.0 80.0 0.20412928777187353
124.0 82.0 0.2682126331637907
124.0 84.0 0.0
124.0 86.0 0.0
124.0 88.0 0.0
124.0 90.0 0.0
124.0 92.0 0.0
124.0 94.0 0.0
124.0 96.0 0.0
124.0 98.0 0.0
124.0 100.0 0.0
124.0 102.0 0.0
124.0 104.0 0.0
124.0 106.0 0.0
124.0 108.0 0.0
124.0 110.0 0.0
124.0 112.0 0.0
124.0 114.0 0.0
124.0 116.0 0.0
124.0 118.0 0.0
124.0 120.0 0.0
124.0 122.0 0.0
124.0 124.0 0.0
124.0 126.0 0.0
126.0 0.0 0.0
126.0 2.0 0.0
126.0 4.0 0.0
126.0 6.0 0.0
126.0 8.0 0.0
126.0 10.0 0.0
126.0 12.0 0.0
126.0 14.0 0.0
126.0 16.0 0.0
126.0 18.0 0.0
126.0 20.0 0.0
126.0 22.0 0.0
126.0 24.0 0.0
126.0 26.0 0.0
126.0 28.0 0.0
126.0 30.0 0.0
126.0 32.0 0.0
126.0 34.0 0.0
126.0 36.0 0.0
126.0 38.0 0.0
126.0 40.0 0.0
126.0 42.0 0.0
126.0 44.0 0.0
126.0 46.0 0.0
126.0 48.0 0.0
126.0 50.0 0.0
126.0 52.0 0.0
126.0 54.0 0.0938588019132806
126.0 56.0 0.0
126.0 58.0 0.0
126.0 60.0 0.0
126.0 62.0 0.0
126.0 64.0 0.0
126.0 66.0 0.0022454553778828894
126.0 68.0 6.597695846759418E-4
126.0 70.0 0.005308233380444027
126.0 72.0 0.01585153677445692
126.0 74.0 0.035036067523762406
126.0 76.0 0.0
126.0 78.0 0.0
126.0 80.0 0.0
126.0 82.0 0.0
126.0 84.0 0.0
126.0 86.0 0.0
126.0 88.0 0.0
126.0 90.0 0.0
126.0 92.0 0.0
126.0 94.0 0.0
126.0 96.0 0.0
126.0 98.0 0.0
126.0 100.0 0.0
126.0 102.0 0.0
126.0 104.0 0.0
126.0 106.0 0.0
126.0 108.0 0.0
126.0 110.0 0.0
126.0 112.0 0.0
126.0 114.0 0.0
126.0 116.0 0.0
126.0 118.0 0.0
126.0 120.0 0.0
126.0 122.0 0.0
126.0 124.0 0.0
126.0 126.0 0.0
