0.0 0.0 0.0
0.0 2.0 0.0
0.0 4.0 0.0
0.0 6.0 0.0
0.0 8.0 0.0
0.0 10.0 0.0
0.0 12.0 0.0
0.0 14.0 0.0
0.0 16.0 0.0
0.0 18.0 0.0
0.0 20.0 0.0
0.0 22.0 0.0
0.0 24.0 0.0
0.0 26.0 0.0
0.0 28.0 0.0
0.0 30.0 0.0
0.0 32.0 0.0
0.0 34.0 0.0
0.0 36.0 0.0
0.0 38.0 0.0
0.0 40.0 0.0
0.0 42.0 0.0
0.0 44.0 0.0
0.0 46.0 0.0
0.0 48.0 0.0
0.0 50.0 0.0
0.0 52.0 0.0
0.0 54.0 0.0
0.0 56.0 0.0
0.0 58.0 0.0
0.0 60.0 0.0
0.0 62.0 0.0
0.0 64.0 0.0
0.0 66.0 0.0
0.0 68.0 0.0
0.0 70.0 0.0
0.0 72.0 0.0
0.0 74.0 0.0
0.0 76.0 0.0
0.0 78.0 0.0
0.0 80.0 0.0
0.0 82.0 0.0
0.0 84.0 0.0
0.0 86.0 0.0
0.0 88.0 0.0
0.0 90.0 0.0
0.0 92.0 0.0
0.0 94.0 0.0
0.0 96.0 0.0
0.0 98.0 0.0
0.0 100.0 0.0
0.0 102.0 0.0
0.0 104.0 0.0
0.0 106.0 0.0
0.0 108.0 0.0
0.0 110.0 0.0
0.0 112.0 0.0
0.0 114.0 0.0
0.0 116.0 0.0
0.0 118.0 0.0
0.0 120.0 0.0
0.0 122.0 0.0
0.0 124.0 0.0
0.0 126.0 0.0
2.0 0.0 0.0
2.0 2.0 0.0
2.0 4.0 0.0
2.0 6.0 0.0
2.0 8.0 0.0
2.0 10.0 0.0
2.0 12.0 0.0
2.0 14.0 0.0
2.0 16.0 0.0
2.0 18.0 0.0
2.0 20.0 0.0
2.0 22.0 0.0
2.0 24.0 0.0
2.0 26.0 0.0
2.0 28.0 0.0
2.0 30.0 0.0
2.0 32.0 0.0
2.0 34.0 0.0
2.0 36.0 0.0
2.0 38.0 0.0
2.0 40.0 0.0
2.0 42.0 0.0
2.0 44.0 0.0
2.0 46.0 0.0
2.0 48.0 0.025775771191155334
2.0 50.0 0.0
2.0 52.0 0.0
2.0 54.0 0.0
2.0 56.0 0.0
2.0 58.0 0.0
2.0 60.0 0.0
2.0 62.0 0.0
2.0 64.0 0.0
2.0 66.0 0.0
2.0 68.0 3.662836523569137E-4
2.0 70.0 0.007532649621652755
2.0 72.0 0.03420306399074736
2.0 74.0 0.10207593362712121
2.0 76.0 0.1996318965165009
2.0 78.0 0.2740344983290233
2.0 80.0 0.0
2.0 82.0 0.0
2.0 84.0 0.0
2.0 86.0 0.0
2.0 88.0 0.0
2.0 90.0 0.0
2.0 92.0 0.0
2.0 94.0 0.0
2.0 96.0 0.0
2.0 98.0 0.0
2.0 100.0 0.0
2.0 102.0 0.0
2.0 104.0 0.0
2.0 106.0 0.0
2.0 108.0 0.0
2.0 110.0 0.0
2.0 112.0 0.0
2.0 114.0 0.0
2.0 116.0 0.0
2.0 118.0 0.0
2.0 120.0 0.0
2.0 122.0 0.0
2.0 124.0 0.0
2.0 126.0 0.0
4.0 0.0 0.0
4.0 2.0 0.0
4.0 4.0 0.0
4.0 6.0 0.0
4.0 8.0 0.0
4.0 10.0 0.0
4.0 12.0 0.0
4.0 14.0 0.0
4.0 16.0 0.0
4.0 18.0 0.0
4.0 20.0 0.0
4.0 22.0 0.0
4.0 24.0 0.0
4.0 26.0 0.0
4.0 28.0 0.0
4.0 30.0 0.0
4.0 32.0 0.0
4.0 34.0 0.0
4.0 36.0 0.0
4.0 38.0 0.0
4.0 40.0 0.0
4.0 42.0 0.1880756175462938
4.0 44.0 0.0631930592494614
4.0 46.0 0.03787005394035254
4.0 48.0 0.03910408336274948
4.0 50.0 0.019885771386913855
4.0 52.0 0.004448475019940795
4.0 54.0 0.0
4.0 56.0 0.0
4.0 58.0 0.0
4.0 60.0 0.0
4.0 62.0 0.0
4.0 64.0 0.0
4.0 66.0 0.0
4.0 68.0 8.201568524867066E-4
4.0 70.0 0.004994105274806517
4.0 72.0 0.024702589588273552
4.0 74.0 0.08964606155804504
4.0 76.0 0.19179296643183272
4.0 78.0 0.2709896273551941
4.0 80.0 0.3184567108678145
4.0 82.0 0.3750694004962331
4.0 84.0 0.46598086618922513
4.0 86.0 0.0
4.0 88.0 0.0
4.0 90.0 0.0
4.0 92.0 0.0
4.0 94.0 0.0
4.0 96.0 0.0
4.0 98.0 0.0
4.0 100.0 0.0
4.0 102.0 0.0
4.0 104.0 0.0
4.0 106.0 0.0
4.0 108.0 0.0
4.0 110.0 0.0
4.0 112.0 0.0
4.0 114.0 0.0
4.0 116.0 0.0
4.0 118.0 0.0
4.0 120.0 0.0
4.0 122.0 0.0
4.0 124.0 0.0
4.0 126.0 0.0
6.0 0.0 0.0
6.0 2.0 0.0
6.0 4.0 0.0
6.0 6.0 0.0
6.0 8.0 0.0
6.0 10.0 0.0
6.0 12.0 0.0
6.0 14.0 0.0
6.0 16.0 0.0
6.0 18.0 0.0
6.0 20.0 0.0
6.0 22.0 0.0
6.0 24.0 0.0
6.0 26.0 0.0
6.0 28.0 0.0
6.0 30.0 0.0
6.0 32.0 0.0
6.0 34.0 0.0
6.0 36.0 0.0
6.0 38.0 0.14456831104130544
6.0 40.0 0.0
6.0 42.0 0.0
6.0 44.0 0.0014628436604342272
6.0 46.0 0.021601453087312882
6.0 48.0 0.031480817143172836
6.0 50.0 0.00799545377379014
6.0 52.0 5.810916762894526E-4
6.0 54.0 0.0
6.0 56.0 0.0
6.0 58.0 0.0
6.0 60.0 0.0
6.0 62.0 0.0
6.0 64.0 0.0
6.0 66.0 0.0
6.0 68.0 0.0
6.0 70.0 1.3515829592769822E-4
6.0 72.0 0.012217058068694588
6.0 74.0 0.06351211504883571
6.0 76.0 0.17810920295921137
6.0 78.0 0.2685208711485439
6.0 80.0 0.32592896138405975
6.0 82.0 0.3728454029003887
6.0 84.0 0.45655081807428405
6.0 86.0 0.5020091148988836
6.0 88.0 0.5001028902551132
6.0 90.0 0.402467443524928
6.0 92.0 0.0
6.0 94.0 0.0
6.0 96.0 0.0
6.0 98.0 0.0
6.0 100.0 0.0
6.0 102.0 0.0
6.0 104.0 0.0
6.0 106.0 0.0
6.0 108.0 0.0
6.0 110.0 0.0
6.0 112.0 0.0
6.0 114.0 0.0
6.0 116.0 0.0
6.0 118.0 0.0
6.0 120.0 0.0
6.0 122.0 0.0
6.0 124.0 0.0
6.0 126.0 0.0
8.0 0.0 0.0
8.0 2.0 0.0
8.0 4.0 0.0
8.0 6.0 0.0
8.0 8.0 0.0
8.0 10.0 0.0
8.0 12.0 0.0
8.0 14.0 0.0
8.0 16.0 0.0
8.0 18.0 0.0
8.0 20.0 0.0
8.0 22.0 0.0
8.0 24.0 0.0
8.0 26.0 0.0
8.0 28.0 0.0
8.0 30.0 0.0
8.0 32.0 0.0
8.0 34.0 0.012246498632161885
8.0 36.0 0.0
8.0 38.0 0.0
8.0 40.0 0.0
8.0 42.0 0.004848772992638453
8.0 44.0 0.07342215930091246
8.0 46.0 0.11196123926371811
8.0 48.0 0.1039072722994317
8.0 50.0 0.06135074152810901
8.0 52.0 0.005263156715099328
8.0 54.0 0.0
8.0 56.0 0.0
8.0 58.0 0.0
8.0 60.0 0.0
8.0 62.0 0.0
8.0 64.0 0.0
8.0 66.0 0.0
8.0 68.0 0.0
8.0 70.0 0.0
8.0 72.0 0.00674868354125937
8.0 74.0 0.04109405940647304
8.0 76.0 0.15190133658255067
8.0 78.0 0.26020099356226406
8.0 80.0 0.3263295389771403
8.0 82.0 0.36219805101027697
8.0 84.0 0.43379919107550896
8.0 86.0 0.48705176011468315
8.0 88.0 0.4960284050275374
8.0 90.0 0.42854625752484127
8.0 92.0 0.15404900532838975
8.0 94.0 0.0
8.0 96.0 0.0
8.0 98.0 0.0
8.0 100.0 0.0
8.0 102.0 0.0
8.0 104.0 0.0
8.0 106.0 0.0
8.0 108.0 0.0
8.0 110.0 0.0
8.0 112.0 0.0
8.0 114.0 0.0
8.0 116.0 0.0
8.0 118.0 0.0
8.0 120.0 0.0
8.0 122.0 0.0
8.0 124.0 0.0
8.0 126.0 0.0
10.0 0.0 0.0
10.0 2.0 0.0
10.0 4.0 0.0
10.0 6.0 0.0
10.0 8.0 0.0
10.0 10.0 0.0
10.0 12.0 0.0
10.0 14.0 0.0
10.0 16.0 0.0
10.0 18.0 0.0
10.0 20.0 0.0
10.0 22.0 0.0
10.0 24.0 0.0
10.0 26.0 0.0
10.0 28.0 0.0
10.0 30.0 0.0
10.0 32.0 0.0
10.0 34.0 0.0
10.0 36.0 0.0
10.0 38.0 2.542836526714197E-4
10.0 40.0 0.09615743460954028
10.0 42.0 0.18107994382575843
10.0 44.0 0.1994295858378493
10.0 46.0 0.2124795200270638
10.0 48.0 0.18936356931518553
10.0 50.0 0.12734326643856606
10.0 52.0 0.01875487745570231
10.0 54.0 0.0
10.0 56.0 0.0
10.0 58.0 0.0
10.0 60.0 0.0
10.0 62.0 0.0
10.0 64.0 0.0
10.0 66.0 0.0
10.0 68.0 0.0
10.0 70.0 0.0
10.0 72.0 0.001571689270377258
10.0 74.0 0.020558107068238143
10.0 76.0 0.10687693000468645
10.0 78.0 0.24007658248547523
10.0 80.0 0.3047488839954034
10.0 82.0 0.3523441000889715
10.0 84.0 0.4149323731952312
10.0 86.0 0.46167043893866405
10.0 88.0 0.4843870264750087
10.0 90.0 0.4137740633773366
10.0 92.0 0.17256806452728976
10.0 94.0 0.0
10.0 96.0 0.0
10.0 98.0 0.0
10.0 100.0 0.0
10.0 102.0 0.0
10.0 104.0 0.0
10.0 106.0 0.0
10.0 108.0 0.0
10.0 110.0 0.0
10.0 112.0 0.0
10.0 114.0 0.0
10.0 116.0 0.0
10.0 118.0 0.0
10.0 120.0 0.0
10.0 122.0 0.0
10.0 124.0 0.0
10.0 126.0 0.0
12.0 0.0 0.0
12.0 2.0 0.0
12.0 4.0 0.0
12.0 6.0 0.0
12.0 8.0 0.0
12.0 10.0 0.0
12.0 12.0 0.0
12.0 14.0 0.0
12.0 16.0 0.0
12.0 18.0 0.0
12.0 20.0 0.0
12.0 22.0 0.0
12.0 24.0 0.0
12.0 26.0 0.0
12.0 28.0 0.0
12.0 30.0 0.0
12.0 32.0 0.0
12.0 34.0 0.0
12.0 36.0 0.0070381142763092696
12.0 38.0 0.13646040517018848
12.0 40.0 0.24014977094787662
12.0 42.0 0.27831446918535
12.0 44.0 0.2873592387261855
12.0 46.0 0.28990890961466886
12.0 48.0 0.2571300174088534
12.0 50.0 0.18559273543202245
12.0 52.0 0.05788855396458198
12.0 54.0 0.0
12.0 56.0 0.0
12.0 58.0 0.0
12.0 60.0 0.0
12.0 62.0 0.0
12.0 64.0 0.0
12.0 66.0 0.0
12.0 68.0 0.0
12.0 70.0 0.0
12.0 72.0 0.0
12.0 74.0 0.004896229307943262
12.0 76.0 0.06793438381575301
12.0 78.0 0.21298615686561614
12.0 80.0 0.30938582560424077
12.0 82.0 0.3406156240796045
12.0 84.0 0.37901774165631547
12.0 86.0 0.4357489461548278
12.0 88.0 0.4323536686981897
12.0 90.0 0.40408711056667895
12.0 92.0 0.1741826693471298
12.0 94.0 0.0
12.0 96.0 0.0
12.0 98.0 0.0
12.0 100.0 0.0
12.0 102.0 0.0
12.0 104.0 0.0
12.0 106.0 0.0
12.0 108.0 0.0
12.0 110.0 0.0
12.0 112.0 0.0
12.0 114.0 0.0
12.0 116.0 0.0
12.0 118.0 0.0
12.0 120.0 0.0
12.0 122.0 0.0
12.0 124.0 0.0
12.0 126.0 0.0
14.0 0.0 0.0
14.0 2.0 0.0
14.0 4.0 0.0
14.0 6.0 0.0
14.0 8.0 0.0
14.0 10.0 0.0
14.0 12.0 0.0
14.0 14.0 0.0
14.0 16.0 0.0
14.0 18.0 0.0
14.0 20.0 0.0
14.0 22.0 0.0
14.0 24.0 0.0
14.0 26.0 0.0
14.0 28.0 0.0
14.0 30.0 0.0
14.0 32.0 0.0
14.0 34.0 0.07145098261343948
14.0 36.0 0.22906058906369187
14.0 38.0 0.32940497675500074
14.0 40.0 0.40476834739036643
14.0 42.0 0.3841901192888341
14.0 44.0 0.38137986358186304
14.0 46.0 0.3781453027803523
14.0 48.0 0.3345142143541923
14.0 50.0 0.24138849792538894
14.0 52.0 0.10027995410320621
14.0 54.0 0.0
14.0 56.0 0.0
14.0 58.0 0.0
14.0 60.0 0.0
14.0 62.0 0.0
14.0 64.0 0.0
14.0 66.0 0.0
14.0 68.0 0.0
14.0 70.0 0.0
14.0 72.0 0.0
14.0 74.0 0.0
14.0 76.0 0.02959052074913801
14.0 78.0 0.1715440886249097
14.0 80.0 0.28139195747350204
14.0 82.0 0.32182760473279126
14.0 84.0 0.3534640211946969
14.0 86.0 0.4055950092650325
14.0 88.0 0.3999446974424406
14.0 90.0 0.3683713304405436
14.0 92.0 0.158698958512504
14.0 94.0 0.0
14.0 96.0 0.0
14.0 98.0 0.0
14.0 100.0 0.0
14.0 102.0 0.0
14.0 104.0 0.0
14.0 106.0 0.0
14.0 108.0 0.0
14.0 110.0 0.0
14.0 112.0 0.0
14.0 114.0 0.0
14.0 116.0 0.0
14.0 118.0 0.0
14.0 120.0 0.0
14.0 122.0 0.0
14.0 124.0 0.0
14.0 126.0 0.0
16.0 0.0 0.0
16.0 2.0 0.0
16.0 4.0 0.0
16.0 6.0 0.0
16.0 8.0 0.0
16.0 10.0 0.0
16.0 12.0 0.0
16.0 14.0 0.0
16.0 16.0 0.0
16.0 18.0 0.0
16.0 20.0 0.0
16.0 22.0 0.0
16.0 24.0 0.0
16.0 26.0 0.0
16.0 28.0 0.0
16.0 30.0 0.0
16.0 32.0 0.020172920721803864
16.0 34.0 0.18972384896071295
16.0 36.0 0.34266325077860343
16.0 38.0 0.4310366395555522
16.0 40.0 0.45029114335517056
16.0 42.0 0.46480916150298746
16.0 44.0 0.44958683081532663
16.0 46.0 0.39640860593330407
16.0 48.0 0.40805227115075504
16.0 50.0 0.3196710073927563
16.0 52.0 0.15981085230899308
16.0 54.0 0.01669411299302234
16.0 56.0 0.0
16.0 58.0 0.0
16.0 60.0 0.0
16.0 62.0 0.0
16.0 64.0 0.0
16.0 66.0 0.0
16.0 68.0 0.0
16.0 70.0 0.0
16.0 72.0 0.0
16.0 74.0 0.0
16.0 76.0 0.014956650504239404
16.0 78.0 0.1250915450306603
16.0 80.0 0.2421094657696713
16.0 82.0 0.31147818903821317
16.0 84.0 0.3282630473091468
16.0 86.0 0.3581648623258773
16.0 88.0 0.37561239102160915
16.0 90.0 0.2822594159431076
16.0 92.0 0.11640525389659767
16.0 94.0 0.0
16.0 96.0 0.0
16.0 98.0 0.0
16.0 100.0 0.0
16.0 102.0 0.0
16.0 104.0 0.0
16.0 106.0 0.0
16.0 108.0 0.0
16.0 110.0 0.0
16.0 112.0 0.0
16.0 114.0 0.0
16.0 116.0 0.0
16.0 118.0 0.0
16.0 120.0 0.0
16.0 122.0 0.0
16.0 124.0 0.0
16.0 126.0 0.0
18.0 0.0 0.0
18.0 2.0 0.0
18.0 4.0 0.0
18.0 6.0 0.0
18.0 8.0 0.0
18.0 10.0 0.0
18.0 12.0 0.0
18.0 14.0 0.0
18.0 16.0 0.0
18.0 18.0 0.0
18.0 20.0 0.0
18.0 22.0 0.0
18.0 24.0 0.0
18.0 26.0 0.0
18.0 28.0 0.0
18.0 30.0 0.0
18.0 32.0 0.10384875190256909
18.0 34.0 0.27209898115870895
18.0 36.0 0.38247183133268775
18.0 38.0 0.46937280990929003
18.0 40.0 0.4771775229957566
18.0 42.0 0.47798223266153655
18.0 44.0 0.5022788089111437
18.0 46.0 0.4942588436794921
18.0 48.0 0.4506365618447008
18.0 50.0 0.3877466509679302
18.0 52.0 0.21625697544808667
18.0 54.0 0.055875328918892686
18.0 56.0 0.0
18.0 58.0 0.0
18.0 60.0 0.0
18.0 62.0 0.0
18.0 64.0 0.0
18.0 66.0 0.0
18.0 68.0 0.0
18.0 70.0 0.0
18.0 72.0 0.0
18.0 74.0 0.0
18.0 76.0 0.003341504638462479
18.0 78.0 0.0734770031837604
18.0 80.0 0.1889055699244134
18.0 82.0 0.2645067986148546
18.0 84.0 0.29586538388765266
18.0 86.0 0.2972025176124124
18.0 88.0 0.3250470322969748
18.0 90.0 0.23358340509537148
18.0 92.0 0.07474350435842385
18.0 94.0 0.0
18.0 96.0 0.0
18.0 98.0 0.0
18.0 100.0 0.0
18.0 102.0 0.0
18.0 104.0 0.0
18.0 106.0 0.0
18.0 108.0 0.0
18.0 110.0 0.0
18.0 112.0 0.0
18.0 114.0 0.0
18.0 116.0 0.0
18.0 118.0 0.0
18.0 120.0 0.0
18.0 122.0 0.0
18.0 124.0 0.0
18.0 126.0 0.0
20.0 0.0 0.0
20.0 2.0 0.0
20.0 4.0 0.0
20.0 6.0 0.0
20.0 8.0 0.0
20.0 10.0 0.0
20.0 12.0 0.0
20.0 14.0 0.0
20.0 16.0 0.0
20.0 18.0 0.0
20.0 20.0 0.0
20.0 22.0 0.0
20.0 24.0 0.0
20.0 26.0 0.0
20.0 28.0 0.0
20.0 30.0 0.013739961792819244
20.0 32.0 0.17349609750294612
20.0 34.0 0.3149536653822391
20.0 36.0 0.3952097933697016
20.0 38.0 0.48414709186543076
20.0 40.0 0.4853985150885443
20.0 42.0 0.4769880380943928
20.0 44.0 0.4999543307228896
20.0 46.0 0.5034870229040483
20.0 48.0 0.5041700779163013
20.0 50.0 0.4176046886118778
20.0 52.0 0.2696159039569674
20.0 54.0 0.10470800812637193
20.0 56.0 0.0
20.0 58.0 0.0
20.0 60.0 0.0
20.0 62.0 0.0
20.0 64.0 0.0
20.0 66.0 0.0
20.0 68.0 0.0
20.0 70.0 0.0
20.0 72.0 0.0
20.0 74.0 0.0
20.0 76.0 0.0
20.0 78.0 0.026647664345089955
20.0 80.0 0.11972243388384478
20.0 82.0 0.19471128535475288
20.0 84.0 0.23238710467094406
20.0 86.0 0.2356340662611702
20.0 88.0 0.24632484571357913
20.0 90.0 0.16165334755143415
20.0 92.0 0.027107221607337976
20.0 94.0 0.0
20.0 96.0 0.0
20.0 98.0 0.0
20.0 100.0 0.0
20.0 102.0 0.0
20.0 104.0 0.0
20.0 106.0 0.0
20.0 108.0 0.0
20.0 110.0 0.0
20.0 112.0 0.0
20.0 114.0 0.0
20.0 116.0 0.0
20.0 118.0 0.0
20.0 120.0 0.0
20.0 122.0 0.0
20.0 124.0 0.0
20.0 126.0 0.0
22.0 0.0 0.0
22.0 2.0 0.0
22.0 4.0 0.0
22.0 6.0 0.0
22.0 8.0 0.0
22.0 10.0 0.0
22.0 12.0 0.0
22.0 14.0 0.0
22.0 16.0 0.009502399011272075
22.0 18.0 0.03944609392687437
22.0 20.0 0.02061613892128966
22.0 22.0 0.004689020825699237
22.0 24.0 3.3589253220234596E-4
22.0 26.0 0.0
22.0 28.0 0.00316874125619866
22.0 30.0 0.04088084928961027
22.0 32.0 0.18822690462144265
22.0 34.0 0.3308058578418622
22.0 36.0 0.40130404774604433
22.0 38.0 0.44963852785518205
22.0 40.0 0.5152394302562238
22.0 42.0 0.542324833651138
22.0 44.0 0.5469603078196328
22.0 46.0 0.5341914596102757
22.0 48.0 0.506846815229906
22.0 50.0 0.47951701317496903
22.0 52.0 0.3281235330270465
22.0 54.0 0.15673966056147107
22.0 56.0 0.015411382619266901
22.0 58.0 0.0
22.0 60.0 0.0
22.0 62.0 0.0
22.0 64.0 0.0
22.0 66.0 0.0
22.0 68.0 0.0
22.0 70.0 0.0
22.0 72.0 0.0
22.0 74.0 0.0
22.0 76.0 0.0
22.0 78.0 0.0
22.0 80.0 0.04386280231589972
22.0 82.0 0.1135895501739842
22.0 84.0 0.15253377749313948
22.0 86.0 0.15633237907528677
22.0 88.0 0.1509693830115183
22.0 90.0 0.07614894771646659
22.0 92.0 3.642693522842979E-4
22.0 94.0 0.0
22.0 96.0 0.0
22.0 98.0 0.0
22.0 100.0 0.0
22.0 102.0 0.0
22.0 104.0 0.0
22.0 106.0 0.0
22.0 108.0 0.0
22.0 110.0 0.03636721995982508
22.0 112.0 0.0
22.0 114.0 0.0
22.0 116.0 0.0
22.0 118.0 0.0
22.0 120.0 0.0
22.0 122.0 0.0
22.0 124.0 0.0
22.0 126.0 0.0
24.0 0.0 0.0
24.0 2.0 0.0
24.0 4.0 0.0
24.0 6.0 0.0
24.0 8.0 0.0
24.0 10.0 0.0
24.0 12.0 0.0
24.0 14.0 0.2001624781677546
24.0 16.0 0.0861748469810366
24.0 18.0 0.02880574849508352
24.0 20.0 0.0074267335500957056
24.0 22.0 8.508949351285953E-4
24.0 24.0 0.0
24.0 26.0 0.0
24.0 28.0 3.577604061229772E-4
24.0 30.0 0.02228512969720225
24.0 32.0 0.14577920199243885
24.0 34.0 0.3086096429106735
24.0 36.0 0.39152924642488673
24.0 38.0 0.4483531085788273
24.0 40.0 0.46474255845419427
24.0 42.0 0.49405829082461267
24.0 44.0 0.5190411547034696
24.0 46.0 0.5167921150797535
24.0 48.0 0.5050109733712793
24.0 50.0 0.48491035108153496
24.0 52.0 0.3584371442238621
24.0 54.0 0.19580707180614135
24.0 56.0 0.04104898458609877
24.0 58.0 0.0
24.0 60.0 0.0
24.0 62.0 0.0
24.0 64.0 0.0
24.0 66.0 0.0
24.0 68.0 0.0
24.0 70.0 0.0
24.0 72.0 0.0
24.0 74.0 0.0
24.0 76.0 0.0
24.0 78.0 0.0
24.0 80.0 0.0
24.0 82.0 0.016038838805832432
24.0 84.0 0.05480023156174083
24.0 86.0 0.0636775379775656
24.0 88.0 0.04814099900709203
24.0 90.0 0.007962406644592813
24.0 92.0 0.0
24.0 94.0 0.0
24.0 96.0 0.0
24.0 98.0 0.0
24.0 100.0 0.0
24.0 102.0 0.0
24.0 104.0 0.0
24.0 106.0 0.0
24.0 108.0 0.014604848778375257
24.0 110.0 0.14441301914488883
24.0 112.0 0.332206462975056
24.0 114.0 0.0
24.0 116.0 0.0
24.0 118.0 0.0
24.0 120.0 0.0
24.0 122.0 0.0
24.0 124.0 0.0
24.0 126.0 0.0
26.0 0.0 0.0
26.0 2.0 0.0
26.0 4.0 0.0
26.0 6.0 0.0
26.0 8.0 0.0
26.0 10.0 0.0
26.0 12.0 0.0
26.0 14.0 0.157299539475005
26.0 16.0 0.0025509166533062943
26.0 18.0 0.0
26.0 20.0 0.0
26.0 22.0 0.0
26.0 24.0 0.0
26.0 26.0 0.0
26.0 28.0 0.0
26.0 30.0 0.00957956666496399
26.0 32.0 0.08960948118506577
26.0 34.0 0.23069814432912183
26.0 36.0 0.35144791375006307
26.0 38.0 0.3991944747964841
26.0 40.0 0.4248209062001695
26.0 42.0 0.45842394063068775
26.0 44.0 0.48368517429284547
26.0 46.0 0.48668553205843773
26.0 48.0 0.47150913797450505
26.0 50.0 0.47645290165214443
26.0 52.0 0.3650593871460324
26.0 54.0 0.2148195178939838
26.0 56.0 0.06753488380238662
26.0 58.0 0.0
26.0 60.0 0.0
26.0 62.0 0.0
26.0 64.0 0.0
26.0 66.0 0.0
26.0 68.0 0.0
26.0 70.0 0.0
26.0 72.0 0.0
26.0 74.0 0.0
26.0 76.0 0.0
26.0 78.0 0.0
26.0 80.0 0.0
26.0 82.0 0.0
26.0 84.0 2.811956164552101E-4
26.0 86.0 0.0037041548064524078
26.0 88.0 0.002071208041668007
26.0 90.0 0.0
26.0 92.0 0.0
26.0 94.0 0.0
26.0 96.0 0.0
26.0 98.0 0.0
26.0 100.0 0.0
26.0 102.0 0.0
26.0 104.0 0.0
26.0 106.0 0.007344114987163107
26.0 108.0 0.09709429717861363
26.0 110.0 0.23851653688544117
26.0 112.0 0.36495246299373796
26.0 114.0 0.39322251405706027
26.0 116.0 0.0
26.0 118.0 0.0
26.0 120.0 0.0
26.0 122.0 0.0
26.0 124.0 0.0
26.0 126.0 0.0
28.0 0.0 0.0
28.0 2.0 0.0
28.0 4.0 0.0
28.0 6.0 0.0
28.0 8.0 0.0
28.0 10.0 0.0
28.0 12.0 0.07674987939508068
28.0 14.0 0.0
28.0 16.0 0.0
28.0 18.0 0.0
28.0 20.0 0.0
28.0 22.0 0.0
28.0 24.0 0.0
28.0 26.0 0.0
28.0 28.0 0.0
28.0 30.0 0.002998157900715453
28.0 32.0 0.03308478917524619
28.0 34.0 0.14232721983146823
28.0 36.0 0.25588639906741345
28.0 38.0 0.3012351788918282
28.0 40.0 0.3457961039677007
28.0 42.0 0.37043448793353173
28.0 44.0 0.39378427721708037
28.0 46.0 0.39947412288994916
28.0 48.0 0.3835184372550744
28.0 50.0 0.42623908134049643
28.0 52.0 0.33361878117760524
28.0 54.0 0.20838691186777566
28.0 56.0 0.0861399591934839
28.0 58.0 0.0
28.0 60.0 0.0
28.0 62.0 0.0
28.0 64.0 0.0
28.0 66.0 0.0
28.0 68.0 0.0
28.0 70.0 0.0
28.0 72.0 0.0
28.0 74.0 0.0
28.0 76.0 0.0
28.0 78.0 0.0
28.0 80.0 0.0
28.0 82.0 0.0
28.0 84.0 0.0
28.0 86.0 0.0
28.0 88.0 0.0
28.0 90.0 0.0
28.0 92.0 0.0
28.0 94.0 0.0
28.0 96.0 0.0
28.0 98.0 0.0
28.0 100.0 0.0
28.0 102.0 0.0
28.0 104.0 0.0018961585567576478
28.0 106.0 0.06795011416127576
28.0 108.0 0.18727670208378341
28.0 110.0 0.3179993488677461
28.0 112.0 0.39333492756296856
28.0 114.0 0.39330139228992217
28.0 116.0 0.2570667994207794
28.0 118.0 0.0
28.0 120.0 0.0
28.0 122.0 0.0
28.0 124.0 0.0
28.0 126.0 0.0
30.0 0.0 0.0
30.0 2.0 0.0
30.0 4.0 0.0
30.0 6.0 0.0
30.0 8.0 0.0
30.0 10.0 0.009576330208641912
30.0 12.0 0.0
30.0 14.0 0.0
30.0 16.0 0.0
30.0 18.0 0.0
30.0 20.0 0.0
30.0 22.0 0.0
30.0 24.0 0.0
30.0 26.0 0.0
30.0 28.0 0.0
30.0 30.0 0.0029141613183358054
30.0 32.0 0.013026233456729491
30.0 34.0 0.04022062869535994
30.0 36.0 0.10544012884289063
30.0 38.0 0.16624273884196308
30.0 40.0 0.21678172495698697
30.0 42.0 0.256464873115734
30.0 44.0 0.28045520713790395
30.0 46.0 0.2930987453861336
30.0 48.0 0.32803918416522154
30.0 50.0 0.34039373503238696
30.0 52.0 0.2583805187150483
30.0 54.0 0.17379278796215425
30.0 56.0 0.08965760832275194
30.0 58.0 0.012442555581828439
30.0 60.0 0.0
30.0 62.0 0.0
30.0 64.0 0.0
30.0 66.0 0.0
30.0 68.0 0.0
30.0 70.0 0.0
30.0 72.0 0.0
30.0 74.0 0.0
30.0 76.0 0.0
30.0 78.0 0.0
30.0 80.0 0.0
30.0 82.0 0.0
30.0 84.0 0.0
30.0 86.0 0.0
30.0 88.0 0.0
30.0 90.0 0.0
30.0 92.0 0.0
30.0 94.0 0.0
30.0 96.0 0.0
30.0 98.0 0.0
30.0 100.0 0.0010407123726242173
30.0 102.0 0.02601280959671334
30.0 104.0 0.12289498780144932
30.0 106.0 0.2094659701179248
30.0 108.0 0.28476235688510654
30.0 110.0 0.3295158890446092
30.0 112.0 0.41313682764149745
30.0 114.0 0.378484927312942
30.0 116.0 0.17449795269935428
30.0 118.0 0.0
30.0 120.0 0.0
30.0 122.0 0.0
30.0 124.0 0.0
30.0 126.0 0.0
32.0 0.0 0.0
32.0 2.0 0.0
32.0 4.0 0.0
32.0 6.0 0.0
32.0 8.0 0.0
32.0 10.0 0.0
32.0 12.0 0.0
32.0 14.0 0.0
32.0 16.0 0.0
32.0 18.0 0.0
32.0 20.0 0.0
32.0 22.0 0.0
32.0 24.0 0.0
32.0 26.0 0.0
32.0 28.0 2.1685505474064843E-5
32.0 30.0 0.0023748439294919194
32.0 32.0 0.0037481915533448032
32.0 34.0 0.002223186856315066
32.0 36.0 0.005036438706140741
32.0 38.0 0.022996621526689343
32.0 40.0 0.08909148436446335
32.0 42.0 0.13492324999442276
32.0 44.0 0.15350028412656316
32.0 46.0 0.1653608390370818
32.0 48.0 0.20289202639808768
32.0 50.0 0.17832469469970127
32.0 52.0 0.13546850471572672
32.0 54.0 0.11589874884484196
32.0 56.0 0.09099132570961721
32.0 58.0 0.04407712865834734
32.0 60.0 0.0036619894406618152
32.0 62.0 0.0
32.0 64.0 0.0
32.0 66.0 0.0
32.0 68.0 0.0
32.0 70.0 0.0
32.0 72.0 0.0
32.0 74.0 0.0
32.0 76.0 0.0
32.0 78.0 0.0
32.0 80.0 0.0
32.0 82.0 0.0
32.0 84.0 0.0
32.0 86.0 0.0
32.0 88.0 0.0
32.0 90.0 0.0
32.0 92.0 0.0
32.0 94.0 0.0013273449293749351
32.0 96.0 0.014713311978763572
32.0 98.0 0.02894201899358817
32.0 100.0 0.07750381070449568
32.0 102.0 0.18226057824996356
32.0 104.0 0.2815525161167414
32.0 106.0 0.3381704277236916
32.0 108.0 0.34820902615019317
32.0 110.0 0.35498399555399845
32.0 112.0 0.43025002138255064
32.0 114.0 0.36265640379654845
32.0 116.0 0.123401703959717
32.0 118.0 0.0
32.0 120.0 0.0
32.0 122.0 0.0
32.0 124.0 0.0
32.0 126.0 0.0
34.0 0.0 0.0
34.0 2.0 0.0
34.0 4.0 0.0
34.0 6.0 0.0
34.0 8.0 0.0
34.0 10.0 0.0
34.0 12.0 0.0
34.0 14.0 0.0
34.0 16.0 0.0
34.0 18.0 0.0
34.0 20.0 0.0
34.0 22.0 0.0
34.0 24.0 0.0
34.0 26.0 6.895612346803135E-4
34.0 28.0 0.002835981093556895
34.0 30.0 0.004025684421208584
34.0 32.0 0.0015826775502600123
34.0 34.0 0.0
34.0 36.0 0.0
34.0 38.0 0.008656864492562462
34.0 40.0 0.02697613093397543
34.0 42.0 0.03739123780335348
34.0 44.0 0.04844523837224565
34.0 46.0 0.059532850518678654
34.0 48.0 0.07214705846240897
34.0 50.0 0.06110292855903767
34.0 52.0 0.061160532030261394
34.0 54.0 0.0737544475583163
34.0 56.0 0.09198537501632842
34.0 58.0 0.0886405593686304
34.0 60.0 0.08051600025998397
34.0 62.0 0.07561787086868738
34.0 64.0 0.06601688556443887
34.0 66.0 0.046424134837961074
34.0 68.0 0.021832231512466094
34.0 70.0 0.023479437938697303
34.0 72.0 2.8731910681060747E-4
34.0 74.0 0.0
34.0 76.0 0.0
34.0 78.0 0.0
34.0 80.0 0.0
34.0 82.0 0.0
34.0 84.0 0.0
34.0 86.0 0.0
34.0 88.0 0.0
34.0 90.0 0.0
34.0 92.0 4.281689705012263E-4
34.0 94.0 0.010632122199122046
34.0 96.0 0.05134636358380371
34.0 98.0 0.11042232102779126
34.0 100.0 0.20188637488727643
34.0 102.0 0.3075033775846213
34.0 104.0 0.3538472425056765
34.0 106.0 0.3614680656580404
34.0 108.0 0.3704368286224598
34.0 110.0 0.43169283734088787
34.0 112.0 0.43233160018062683
34.0 114.0 0.34612263414575345
34.0 116.0 0.09429211881572726
34.0 118.0 0.0
34.0 120.0 0.0
34.0 122.0 0.0
34.0 124.0 0.0
34.0 126.0 0.0
36.0 0.0 0.0
36.0 2.0 0.0
36.0 4.0 0.0
36.0 6.0 0.0
36.0 8.0 0.0
36.0 10.0 0.0
36.0 12.0 0.0
36.0 14.0 0.0
36.0 16.0 0.0
36.0 18.0 0.0
36.0 20.0 0.0
36.0 22.0 0.0
36.0 24.0 0.0
36.0 26.0 0.0023023248221590797
36.0 28.0 0.005619004689646851
36.0 30.0 0.0026148490309983244
36.0 32.0 0.0
36.0 34.0 0.0
36.0 36.0 0.0
36.0 38.0 0.0
36.0 40.0 0.0016225156563118535
36.0 42.0 0.002629655698123928
36.0 44.0 0.005654698671188025
36.0 46.0 0.011136825460441936
36.0 48.0 0.017498741654171052
36.0 50.0 0.02332114796538193
36.0 52.0 0.030483922680356698
36.0 54.0 0.053892047801029956
36.0 56.0 0.0922501949661368
36.0 58.0 0.111331143950056
36.0 60.0 0.14236461972316353
36.0 62.0 0.1746639384443357
36.0 64.0 0.19384160293807104
36.0 66.0 0.1986732345312545
36.0 68.0 0.17008414527749793
36.0 70.0 0.12466926679843941
36.0 72.0 0.08269543071429193
36.0 74.0 0.021251433760931113
36.0 76.0 0.0
36.0 78.0 0.0
36.0 80.0 0.0
36.0 82.0 0.0
36.0 84.0 0.0
36.0 86.0 0.0
36.0 88.0 0.0
36.0 90.0 0.0
36.0 92.0 0.0
36.0 94.0 0.011995691404615675
36.0 96.0 0.07958985080975331
36.0 98.0 0.17770571320718187
36.0 100.0 0.2862255250442195
36.0 102.0 0.37902683872011367
36.0 104.0 0.35696129480366734
36.0 106.0 0.3769470020607307
36.0 108.0 0.38162446432043645
36.0 110.0 0.4537115721189691
36.0 112.0 0.43974538847598693
36.0 114.0 0.3388990456484647
36.0 116.0 0.07870001908578857
36.0 118.0 0.0
36.0 120.0 0.0
36.0 122.0 0.0
36.0 124.0 0.0
36.0 126.0 0.0
38.0 0.0 0.0
38.0 2.0 0.0
38.0 4.0 0.0
38.0 6.0 0.0
38.0 8.0 0.0
38.0 10.0 0.0
38.0 12.0 0.0
38.0 14.0 0.0
38.0 16.0 0.0
38.0 18.0 0.0
38.0 20.0 0.0
38.0 22.0 1.5522512011510224E-4
38.0 24.0 0.0015186996943981808
38.0 26.0 0.006022901838367567
38.0 28.0 0.005883506887059573
38.0 30.0 0.0017532942638574473
38.0 32.0 0.0
38.0 34.0 0.0
38.0 36.0 0.0
38.0 38.0 0.0
38.0 40.0 0.0
38.0 42.0 0.0
38.0 44.0 0.0
38.0 46.0 3.4189029903418535E-4
38.0 48.0 0.003682725508927832
38.0 50.0 0.012405325074416981
38.0 52.0 0.01996486111955541
38.0 54.0 0.0387068072107687
38.0 56.0 0.0763453663663917
38.0 58.0 0.12001761660800198
38.0 60.0 0.17490298394852574
38.0 62.0 0.22922279481240027
38.0 64.0 0.26986089182323
38.0 66.0 0.29014451828041077
38.0 68.0 0.2720187443430202
38.0 70.0 0.22604057891857376
38.0 72.0 0.16565547512109394
38.0 74.0 0.08485657793420132
38.0 76.0 0.008431818289891856
38.0 78.0 0.0
38.0 80.0 0.0
38.0 82.0 0.0
38.0 84.0 0.0
38.0 86.0 0.0
38.0 88.0 0.0
38.0 90.0 0.0
38.0 92.0 0.0
38.0 94.0 0.007845535207961421
38.0 96.0 0.07120644208856618
38.0 98.0 0.1965675410044907
38.0 100.0 0.3265017912561848
38.0 102.0 0.3477713507536014
38.0 104.0 0.3749995629118079
38.0 106.0 0.39297380242017194
38.0 108.0 0.3928478751851649
38.0 110.0 0.462096161995464
38.0 112.0 0.43603061745786836
38.0 114.0 0.32332063116744925
38.0 116.0 0.07359562038244
38.0 118.0 0.0
38.0 120.0 0.0
38.0 122.0 0.0
38.0 124.0 0.0
38.0 126.0 0.0
40.0 0.0 0.0
40.0 2.0 0.0
40.0 4.0 0.0
40.0 6.0 0.0
40.0 8.0 0.0
40.0 10.0 0.0
40.0 12.0 0.0
40.0 14.0 0.0
40.0 16.0 0.0
40.0 18.0 0.0
40.0 20.0 0.0
40.0 22.0 0.0
40.0 24.0 0.007515269784944743
40.0 26.0 0.012945747180055298
40.0 28.0 0.004072504833710937
40.0 30.0 0.0
40.0 32.0 0.0
40.0 34.0 0.0
40.0 36.0 0.0
40.0 38.0 0.0
40.0 40.0 0.0
40.0 42.0 0.0
40.0 44.0 0.0
40.0 46.0 0.0
40.0 48.0 0.0
40.0 50.0 0.004954906287270937
40.0 52.0 0.017125903107119672
40.0 54.0 0.03777337710104562
40.0 56.0 0.07401958203617649
40.0 58.0 0.13417039903376665
40.0 60.0 0.20383910681418457
40.0 62.0 0.26929270800100336
40.0 64.0 0.3206444557665336
40.0 66.0 0.35736664799636797
40.0 68.0 0.3618354613824694
40.0 70.0 0.31642805696341897
40.0 72.0 0.24455744606364524
40.0 74.0 0.1435083908651674
40.0 76.0 0.028888702043684045
40.0 78.0 0.0
40.0 80.0 0.0
40.0 82.0 0.0
40.0 84.0 0.0
40.0 86.0 0.0
40.0 88.0 0.0
40.0 90.0 0.0
40.0 92.0 0.0
40.0 94.0 0.0
40.0 96.0 0.03017744002361848
40.0 98.0 0.17299637872732052
40.0 100.0 0.33049256498832075
40.0 102.0 0.3459377875492176
40.0 104.0 0.3827159593537292
40.0 106.0 0.3973111388619565
40.0 108.0 0.39755685441638705
40.0 110.0 0.44472473747477353
40.0 112.0 0.4179568353823067
40.0 114.0 0.3048052855056651
40.0 116.0 0.07573493412385426
40.0 118.0 0.0
40.0 120.0 0.0
40.0 122.0 0.0
40.0 124.0 0.0
40.0 126.0 0.0
42.0 0.0 0.0
42.0 2.0 0.0
42.0 4.0 0.0
42.0 6.0 0.0
42.0 8.0 0.0
42.0 10.0 0.0
42.0 12.0 0.0
42.0 14.0 0.006238336975954696
42.0 16.0 0.06767752117949913
42.0 18.0 0.09490136194463261
42.0 20.0 0.07066776099608409
42.0 22.0 0.06128547766399
42.0 24.0 0.01941381424769584
42.0 26.0 0.013985511692187176
42.0 28.0 0.002587932117515991
42.0 30.0 0.0
42.0 32.0 0.0
42.0 34.0 0.0
42.0 36.0 0.0
42.0 38.0 0.0
42.0 40.0 0.0
42.0 42.0 0.0
42.0 44.0 0.0
42.0 46.0 0.0
42.0 48.0 0.0
42.0 50.0 0.0031184529583615853
42.0 52.0 0.01344477485458668
42.0 54.0 0.036736736129717645
42.0 56.0 0.08324098785955467
42.0 58.0 0.15599855762325507
42.0 60.0 0.23377288879557526
42.0 62.0 0.30301807031039474
42.0 64.0 0.35473672003019224
42.0 66.0 0.39377796951675753
42.0 68.0 0.4162629188746591
42.0 70.0 0.37646654016101494
42.0 72.0 0.30870222936646974
42.0 74.0 0.19504531323214566
42.0 76.0 0.057911190722417294
42.0 78.0 0.0
42.0 80.0 0.0
42.0 82.0 0.0
42.0 84.0 0.0
42.0 86.0 0.0
42.0 88.0 0.0
42.0 90.0 0.0
42.0 92.0 0.0
42.0 94.0 0.0
42.0 96.0 0.00995039803261409
42.0 98.0 0.12503334381313308
42.0 100.0 0.29232520170419285
42.0 102.0 0.36269417133838583
42.0 104.0 0.37901441331397107
42.0 106.0 0.3956402730857354
42.0 108.0 0.39517067842607595
42.0 110.0 0.4048343019774279
42.0 112.0 0.3951541641290077
42.0 114.0 0.2809747526353906
42.0 116.0 0.08103259606781911
42.0 118.0 0.0
42.0 120.0 0.0
42.0 122.0 0.0
42.0 124.0 0.0
42.0 126.0 0.0
44.0 0.0 0.0
44.0 2.0 0.0
44.0 4.0 0.0
44.0 6.0 0.0
44.0 8.0 0.0
44.0 10.0 0.0
44.0 12.0 0.001162635758053284
44.0 14.0 0.11407708801640278
44.0 16.0 0.2436006282042088
44.0 18.0 0.2286197044232293
44.0 20.0 0.18858468796584651
44.0 22.0 0.11119551875709736
44.0 24.0 0.06388701995943062
44.0 26.0 0.02393235905425869
44.0 28.0 2.5592433708664935E-6
44.0 30.0 0.0
44.0 32.0 0.0
44.0 34.0 0.0
44.0 36.0 0.0
44.0 38.0 0.0
44.0 40.0 0.0
44.0 42.0 0.0
44.0 44.0 0.0
44.0 46.0 0.0
44.0 48.0 0.0
44.0 50.0 0.0019397335508606818
44.0 52.0 0.010823192819277351
44.0 54.0 0.03570486505420815
44.0 56.0 0.09583727273913528
44.0 58.0 0.1831536982828407
44.0 60.0 0.26706895551605664
44.0 62.0 0.3365109869955824
44.0 64.0 0.3866375892723943
44.0 66.0 0.41640697904631824
44.0 68.0 0.42375656350795804
44.0 70.0 0.4179179693706458
44.0 72.0 0.3494708988286896
44.0 74.0 0.23286712490389097
44.0 76.0 0.07883204530321049
44.0 78.0 0.0
44.0 80.0 0.0
44.0 82.0 0.0
44.0 84.0 0.0
44.0 86.0 0.0
44.0 88.0 0.0
44.0 90.0 0.0
44.0 92.0 0.0
44.0 94.0 0.0
44.0 96.0 0.0
44.0 98.0 0.04907714910830746
44.0 100.0 0.2220983227763159
44.0 102.0 0.350576017197106
44.0 104.0 0.38115186932588124
44.0 106.0 0.380302701356049
44.0 108.0 0.3763404190603293
44.0 110.0 0.37385442595068863
44.0 112.0 0.3653435679943098
44.0 114.0 0.2591069272425076
44.0 116.0 0.0836902897433639
44.0 118.0 0.0
44.0 120.0 0.0
44.0 122.0 0.0
44.0 124.0 0.0
44.0 126.0 0.0
46.0 0.0 0.0
46.0 2.0 0.0
46.0 4.0 0.0
46.0 6.0 0.0
46.0 8.0 0.0
46.0 10.0 0.0
46.0 12.0 0.09861298509655414
46.0 14.0 0.335251625941232
46.0 16.0 0.40861115695779177
46.0 18.0 0.35869725525014523
46.0 20.0 0.2892524635822992
46.0 22.0 0.1769921180455515
46.0 24.0 0.09137077664993376
46.0 26.0 0.028637914087025002
46.0 28.0 0.0
46.0 30.0 0.0
46.0 32.0 0.0
46.0 34.0 0.0
46.0 36.0 0.0
46.0 38.0 0.0
46.0 40.0 0.0
46.0 42.0 0.0
46.0 44.0 0.0
46.0 46.0 0.0
46.0 48.0 0.0
46.0 50.0 0.0013651170721941414
46.0 52.0 0.008195315715592578
46.0 54.0 0.03311853157956101
46.0 56.0 0.1100528049545038
46.0 58.0 0.21456949026218672
46.0 60.0 0.3052392591970115
46.0 62.0 0.3251856108242367
46.0 64.0 0.35505721285544095
46.0 66.0 0.38359022019557826
46.0 68.0 0.4045130994852764
46.0 70.0 0.44178764283630906
46.0 72.0 0.3857162730245993
46.0 74.0 0.2538895202596475
46.0 76.0 0.08276047703067847
46.0 78.0 0.0
46.0 80.0 0.0
46.0 82.0 0.0
46.0 84.0 0.0
46.0 86.0 0.0
46.0 88.0 0.0
46.0 90.0 0.0
46.0 92.0 0.0
46.0 94.0 0.0
46.0 96.0 0.0
46.0 98.0 0.018420429309492548
46.0 100.0 0.14905549190596235
46.0 102.0 0.27531736428234105
46.0 104.0 0.35417869251699013
46.0 106.0 0.3738607258974285
46.0 108.0 0.35606165126197725
46.0 110.0 0.3311832404627643
46.0 112.0 0.3118555473339962
46.0 114.0 0.23357334000712213
46.0 116.0 0.08376253545612394
46.0 118.0 0.0
46.0 120.0 0.0
46.0 122.0 0.0
46.0 124.0 0.0
46.0 126.0 0.0
48.0 0.0 0.0
48.0 2.0 0.0
48.0 4.0 0.0
48.0 6.0 0.0
48.0 8.0 0.0
48.0 10.0 0.14728362199498346
48.0 12.0 0.40541303766447045
48.0 14.0 0.48731357207554904
48.0 16.0 0.49433809723220135
48.0 18.0 0.45386935890496977
48.0 20.0 0.37359896995533787
48.0 22.0 0.2372445076165414
48.0 24.0 0.11112496631546985
48.0 26.0 0.023982901968636536
48.0 28.0 0.0
48.0 30.0 0.0
48.0 32.0 0.0
48.0 34.0 0.0
48.0 36.0 0.0
48.0 38.0 0.0
48.0 40.0 0.0
48.0 42.0 0.0
48.0 44.0 0.0
48.0 46.0 0.0
48.0 48.0 0.0
48.0 50.0 0.0
48.0 52.0 0.004673997756719172
48.0 54.0 0.029678089526031123
48.0 56.0 0.1203645483911306
48.0 58.0 0.2304228915763146
48.0 60.0 0.28527703932358156
48.0 62.0 0.3370964744751139
48.0 64.0 0.37509639117447313
48.0 66.0 0.3989872954990517
48.0 68.0 0.41627688474832697
48.0 70.0 0.4608313221793448
48.0 72.0 0.40065634665955946
48.0 74.0 0.25869000361780975
48.0 76.0 0.07540895100484939
48.0 78.0 0.0
48.0 80.0 0.0
48.0 82.0 0.0
48.0 84.0 0.0
48.0 86.0 0.0
48.0 88.0 0.0
48.0 90.0 0.0
48.0 92.0 0.0
48.0 94.0 0.0
48.0 96.0 0.0
48.0 98.0 0.012148320991134018
48.0 100.0 0.09523257505973054
48.0 102.0 0.20247994875342032
48.0 104.0 0.2751557675194362
48.0 106.0 0.3108841998038425
48.0 108.0 0.31423481471457615
48.0 110.0 0.2914312907401225
48.0 112.0 0.26200323120545005
48.0 114.0 0.19671469441663766
48.0 116.0 0.07989880611102768
48.0 118.0 0.0
48.0 120.0 0.0
48.0 122.0 0.0
48.0 124.0 0.0
48.0 126.0 0.0
50.0 0.0 0.0
50.0 2.0 0.0
50.0 4.0 0.0
50.0 6.0 0.0
50.0 8.0 0.04182205744217083
50.0 10.0 0.3230011509342268
50.0 12.0 0.48024132596077984
50.0 14.0 0.4909160428409356
50.0 16.0 0.5034768293929259
50.0 18.0 0.466959048324685
50.0 20.0 0.39214447805353264
50.0 22.0 0.26074086072088004
50.0 24.0 0.11084151909614232
50.0 26.0 0.013056237942351433
50.0 28.0 0.0
50.0 30.0 0.0
50.0 32.0 0.0
50.0 34.0 0.0
50.0 36.0 0.0
50.0 38.0 0.0
50.0 40.0 0.0
50.0 42.0 0.0
50.0 44.0 0.0
50.0 46.0 0.0
50.0 48.0 0.0
50.0 50.0 0.0
50.0 52.0 0.001593127026580231
50.0 54.0 0.021009077982367116
50.0 56.0 0.12279786479196798
50.0 58.0 0.24821327131002502
50.0 60.0 0.3003153505255111
50.0 62.0 0.3447227704236891
50.0 64.0 0.3826174006956868
50.0 66.0 0.40473996669865286
50.0 68.0 0.43077407373908705
50.0 70.0 0.4816034024779728
50.0 72.0 0.39381633756315604
50.0 74.0 0.24582356021774499
50.0 76.0 0.07080092286375278
50.0 78.0 0.0
50.0 80.0 0.0
50.0 82.0 0.0
50.0 84.0 0.0
50.0 86.0 0.0
50.0 88.0 0.0
50.0 90.0 0.0
50.0 92.0 0.0
50.0 94.0 0.0
50.0 96.0 0.0
50.0 98.0 0.003182036657923809
50.0 100.0 0.038851415062626404
50.0 102.0 0.13479316033717922
50.0 104.0 0.20185442192637515
50.0 106.0 0.24018892059623279
50.0 108.0 0.25837473621728685
50.0 110.0 0.24277341021882634
50.0 112.0 0.21488538504845267
50.0 114.0 0.16265229846157894
50.0 116.0 0.07904210668084016
50.0 118.0 0.007513200656659658
50.0 120.0 0.0
50.0 122.0 0.0
50.0 124.0 0.0
50.0 126.0 0.0
52.0 0.0 0.0
52.0 2.0 0.0
52.0 4.0 0.0
52.0 6.0 0.0074643204789474026
52.0 8.0 0.1895358427821158
52.0 10.0 0.3969653150161338
52.0 12.0 0.5010757793798807
52.0 14.0 0.49482034774831085
52.0 16.0 0.5028668638222701
52.0 18.0 0.4663270067250957
52.0 20.0 0.3934005720035474
52.0 22.0 0.27149838940460774
52.0 24.0 0.09789118113235284
52.0 26.0 0.003695333011831155
52.0 28.0 0.0
52.0 30.0 0.0
52.0 32.0 0.0
52.0 34.0 0.0
52.0 36.0 0.0
52.0 38.0 0.0
52.0 40.0 0.0
52.0 42.0 0.0
52.0 44.0 0.0
52.0 46.0 0.0
52.0 48.0 0.0
52.0 50.0 0.0
52.0 52.0 0.0
52.0 54.0 0.011466496901209442
52.0 56.0 0.1202890074019181
52.0 58.0 0.2613624909486328
52.0 60.0 0.30953580374473416
52.0 62.0 0.3574622394502523
52.0 64.0 0.38936240874252853
52.0 66.0 0.4122952484133755
52.0 68.0 0.45269370476520043
52.0 70.0 0.48909134202161325
52.0 72.0 0.39133356730088287
52.0 74.0 0.22730923671901093
52.0 76.0 0.05171778416653899
52.0 78.0 0.0
52.0 80.0 0.0
52.0 82.0 0.0
52.0 84.0 0.0
52.0 86.0 0.0
52.0 88.0 0.0
52.0 90.0 0.0
52.0 92.0 0.0
52.0 94.0 0.0
52.0 96.0 0.0
52.0 98.0 0.0034648638574642787
52.0 100.0 0.029953492516111055
52.0 102.0 0.09424733557660953
52.0 104.0 0.15514262527979789
52.0 106.0 0.1810928251873535
52.0 108.0 0.20197736506249295
52.0 110.0 0.19152006940037283
52.0 112.0 0.15812262123985996
52.0 114.0 0.12329092051136402
52.0 116.0 0.07114109954282492
52.0 118.0 0.0204733010501489
52.0 120.0 0.0030145951694751636
52.0 122.0 0.0
52.0 124.0 0.0
52.0 126.0 0.0
54.0 0.0 0.0
54.0 2.0 0.0
54.0 4.0 0.005156794302821367
54.0 6.0 0.1498134572165211
54.0 8.0 0.35739474225257256
54.0 10.0 0.4673044969006592
54.0 12.0 0.49441209255568946
54.0 14.0 0.5106731556513769
54.0 16.0 0.5079711894967114
54.0 18.0 0.4655302250746738
54.0 20.0 0.39275869775206607
54.0 22.0 0.251892397614361
54.0 24.0 0.06899958693485586
54.0 26.0 0.0
54.0 28.0 0.0
54.0 30.0 0.0
54.0 32.0 0.0
54.0 34.0 0.0
54.0 36.0 0.0
54.0 38.0 0.0
54.0 40.0 0.0
54.0 42.0 0.0
54.0 44.0 0.0
54.0 46.0 0.0
54.0 48.0 0.0
54.0 50.0 0.0
54.0 52.0 0.0
54.0 54.0 0.0060677721927887285
54.0 56.0 0.1045186442747681
54.0 58.0 0.2491391623712861
54.0 60.0 0.3047409125740674
54.0 62.0 0.3568618025798087
54.0 64.0 0.3977466375636029
54.0 66.0 0.41999899851689954
54.0 68.0 0.4523599429016903
54.0 70.0 0.4888121041763826
54.0 72.0 0.3750857204012239
54.0 74.0 0.18387040008301306
54.0 76.0 0.03910415017928098
54.0 78.0 0.0
54.0 80.0 0.0
54.0 82.0 0.0
54.0 84.0 0.0
54.0 86.0 0.0
54.0 88.0 0.0
54.0 90.0 0.0
54.0 92.0 0.0
54.0 94.0 0.0
54.0 96.0 0.0
54.0 98.0 0.004857074985351839
54.0 100.0 0.030114410499544452
54.0 102.0 0.07445892363381923
54.0 104.0 0.11702178256288276
54.0 106.0 0.13071873247197818
54.0 108.0 0.16175668142337266
54.0 110.0 0.15687619594925428
54.0 112.0 0.12026006857180908
54.0 114.0 0.07921485523702217
54.0 116.0 0.039371738278033676
54.0 118.0 0.022853078398351007
54.0 120.0 0.013522386589026278
54.0 122.0 0.004724004858276831
54.0 124.0 3.346982905599091E-4
54.0 126.0 0.004336985610055192
56.0 0.0 0.0
56.0 2.0 0.13969032923211108
56.0 4.0 0.14347399739707098
56.0 6.0 0.2501711155928333
56.0 8.0 0.3971716765032223
56.0 10.0 0.46866726916970797
56.0 12.0 0.48344759516956487
56.0 14.0 0.47824062581299825
56.0 16.0 0.46812745850416304
56.0 18.0 0.4343459148710616
56.0 20.0 0.3703177643690092
56.0 22.0 0.20733790800533322
56.0 24.0 0.03497736766767209
56.0 26.0 0.0
56.0 28.0 0.0
56.0 30.0 0.0
56.0 32.0 0.0
56.0 34.0 0.0
56.0 36.0 0.0
56.0 38.0 0.0
56.0 40.0 0.0
56.0 42.0 0.0
56.0 44.0 0.0
56.0 46.0 0.0
56.0 48.0 0.0
56.0 50.0 0.0
56.0 52.0 0.0
56.0 54.0 0.007909526193677859
56.0 56.0 0.09481321429070798
56.0 58.0 0.22371636869408906
56.0 60.0 0.284503800998203
56.0 62.0 0.3428609545082879
56.0 64.0 0.3878028618948209
56.0 66.0 0.4134525047694202
56.0 68.0 0.4834549310135981
56.0 70.0 0.45333058126505366
56.0 72.0 0.3256256619321089
56.0 74.0 0.12705762455475691
56.0 76.0 0.02229144275588807
56.0 78.0 0.0
56.0 80.0 0.0
56.0 82.0 0.0
56.0 84.0 0.0
56.0 86.0 0.0
56.0 88.0 0.0
56.0 90.0 0.0
56.0 92.0 0.0
56.0 94.0 0.0
56.0 96.0 0.0
56.0 98.0 0.0034664136348645943
56.0 100.0 0.021502829918524438
56.0 102.0 0.052635982825775855
56.0 104.0 0.07979412976195782
56.0 106.0 0.10259149220002382
56.0 108.0 0.08391502530674577
56.0 110.0 0.07655678925689947
56.0 112.0 0.04427200694227564
56.0 114.0 0.022291598202418727
56.0 116.0 0.010695764036429958
56.0 118.0 0.009561755898997956
56.0 120.0 0.017827178162705827
56.0 122.0 0.030448035159819847
56.0 124.0 0.05626882945028828
56.0 126.0 0.14947205016679693
58.0 0.0 0.0
58.0 2.0 0.3587136554681891
58.0 4.0 0.27801072124623855
58.0 6.0 0.34736375012220133
58.0 8.0 0.4184036297374008
58.0 10.0 0.46891673652643323
58.0 12.0 0.4668069371686527
58.0 14.0 0.44682946424796405
58.0 16.0 0.4352860174396603
58.0 18.0 0.4247777116204343
58.0 20.0 0.32320974828317867
58.0 22.0 0.1428593876468666
58.0 24.0 0.007294532838106108
58.0 26.0 0.0
58.0 28.0 0.0
58.0 30.0 0.0
58.0 32.0 0.0
58.0 34.0 0.0
58.0 36.0 0.0
58.0 38.0 0.0
58.0 40.0 0.0
58.0 42.0 0.0
58.0 44.0 0.0
58.0 46.0 0.0
58.0 48.0 0.0
58.0 50.0 0.0
58.0 52.0 0.0
58.0 54.0 0.013191362820598193
58.0 56.0 0.0998027923388271
58.0 58.0 0.19587887318255248
58.0 60.0 0.28762196370889115
58.0 62.0 0.3145595471676162
58.0 64.0 0.35680778881362984
58.0 66.0 0.3768768095984026
58.0 68.0 0.38427551560444045
58.0 70.0 0.38633817959891176
58.0 72.0 0.2508067090248508
58.0 74.0 0.08611246392375237
58.0 76.0 0.009836148363649598
58.0 78.0 0.0
58.0 80.0 0.0
58.0 82.0 0.0
58.0 84.0 0.0
58.0 86.0 0.0
58.0 88.0 0.0
58.0 90.0 0.0
58.0 92.0 0.0
58.0 94.0 0.0
58.0 96.0 0.0
58.0 98.0 0.007372544841774698
58.0 100.0 0.03101464480847581
58.0 102.0 0.04986892686078478
58.0 104.0 0.05497922816075148
58.0 106.0 0.051228268041373294
58.0 108.0 0.025128883923739746
58.0 110.0 0.013899885643519412
58.0 112.0 0.002361143652245669
58.0 114.0 0.0
58.0 116.0 0.0
58.0 118.0 0.0014081674338922141
58.0 120.0 0.012824816589688067
58.0 122.0 0.03697680772785772
58.0 124.0 0.0813145939503139
58.0 126.0 0.21158623973340165
60.0 0.0 0.0
60.0 2.0 0.4281066522156071
60.0 4.0 0.32031809018374674
60.0 6.0 0.35632391263709556
60.0 8.0 0.4262928328853591
60.0 10.0 0.44761217264951786
60.0 12.0 0.43519251037593126
60.0 14.0 0.42118820554490827
60.0 16.0 0.40886129825464507
60.0 18.0 0.3824430853636329
60.0 20.0 0.24977609562796932
60.0 22.0 0.08276420591976846
60.0 24.0 0.0
60.0 26.0 0.0
60.0 28.0 0.0
60.0 30.0 0.0
60.0 32.0 0.0
60.0 34.0 0.0
60.0 36.0 0.0
60.0 38.0 0.0
60.0 40.0 0.0
60.0 42.0 0.0
60.0 44.0 0.0
60.0 46.0 0.0
60.0 48.0 0.0
60.0 50.0 0.0
60.0 52.0 1.690563621807933E-4
60.0 54.0 0.019537545340706106
60.0 56.0 0.08943774104570497
60.0 58.0 0.161587006867879
60.0 60.0 0.23039312558466588
60.0 62.0 0.27812703360037455
60.0 64.0 0.29121219277833593
60.0 66.0 0.3067208873706824
60.0 68.0 0.29246769403706824
60.0 70.0 0.2480068693461919
60.0 72.0 0.16746638562331737
60.0 74.0 0.06415198013402958
60.0 76.0 9.294339426518895E-4
60.0 78.0 0.0
60.0 80.0 0.0
60.0 82.0 0.0
60.0 84.0 0.0
60.0 86.0 0.0
60.0 88.0 0.0
60.0 90.0 0.0
60.0 92.0 0.0
60.0 94.0 0.0
60.0 96.0 0.004268433458735278
60.0 98.0 0.02678948766678814
60.0 100.0 0.04740521778339311
60.0 102.0 0.04591129828053404
60.0 104.0 0.029670578808767233
60.0 106.0 0.014550300382364746
60.0 108.0 0.004555889873219515
60.0 110.0 0.0
60.0 112.0 0.0
60.0 114.0 0.0
60.0 116.0 0.0
60.0 118.0 0.0
60.0 120.0 0.00525190467567421
60.0 122.0 0.024010687204039188
60.0 124.0 0.06594760848077304
60.0 126.0 0.20114887596334452
62.0 0.0 0.0
62.0 2.0 0.4305744032733652
62.0 4.0 0.3157735970635714
62.0 6.0 0.3318394238557306
62.0 8.0 0.3849887997454913
62.0 10.0 0.41654490229371777
62.0 12.0 0.39853636417705635
62.0 14.0 0.39007686024828225
62.0 16.0 0.37482889921482626
62.0 18.0 0.31595283952331027
62.0 20.0 0.16612860721428382
62.0 22.0 0.023789890729086938
62.0 24.0 0.0
62.0 26.0 0.0
62.0 28.0 0.0
62.0 30.0 0.0
62.0 32.0 0.0
62.0 34.0 0.0
62.0 36.0 0.0
62.0 38.0 0.0
62.0 40.0 0.0
62.0 42.0 0.0
62.0 44.0 0.0
62.0 46.0 0.0
62.0 48.0 5.517046688535346E-4
62.0 50.0 7.08743163595342E-4
62.0 52.0 0.0017417999342254312
62.0 54.0 0.019145378872607904
62.0 56.0 0.06407648921710622
62.0 58.0 0.11376395632974484
62.0 60.0 0.1611066456038757
62.0 62.0 0.19258407352416398
62.0 64.0 0.21045553926415483
62.0 66.0 0.22239136730355427
62.0 68.0 0.20587141303685283
62.0 70.0 0.1688067112884054
62.0 72.0 0.10946062239713299
62.0 74.0 0.04888634709630663
62.0 76.0 0.0
62.0 78.0 0.0
62.0 80.0 0.0
62.0 82.0 0.0
62.0 84.0 0.0
62.0 86.0 0.0
62.0 88.0 0.0
62.0 90.0 0.0
62.0 92.0 0.0
62.0 94.0 0.004204248995061178
62.0 96.0 0.03998993630856009
62.0 98.0 0.07461387979444217
62.0 100.0 0.0788951210923839
62.0 102.0 0.049840245959253134
62.0 104.0 0.00834865408855179
62.0 106.0 1.4546561506212225E-4
62.0 108.0 0.0
62.0 110.0 0.0
62.0 112.0 0.0
62.0 114.0 0.0
62.0 116.0 0.0
62.0 118.0 0.0
62.0 120.0 0.0
62.0 122.0 0.0038587143516211654
62.0 124.0 0.0347019649464592
62.0 126.0 0.15634229845786718
64.0 0.0 0.0
64.0 2.0 0.39534106162912136
64.0 4.0 0.2831401768356662
64.0 6.0 0.28898062491579674
64.0 8.0 0.3304607211632919
64.0 10.0 0.3645289296680338
64.0 12.0 0.36500763678915926
64.0 14.0 0.3475637102203895
64.0 16.0 0.3145330521567811
64.0 18.0 0.23028084431073417
64.0 20.0 0.08256280876161186
64.0 22.0 0.0
64.0 24.0 0.0
64.0 26.0 0.0
64.0 28.0 0.0
64.0 30.0 0.0
64.0 32.0 0.0
64.0 34.0 0.0
64.0 36.0 0.0
64.0 38.0 0.0
64.0 40.0 0.0
64.0 42.0 0.0
64.0 44.0 0.0
64.0 46.0 0.0
64.0 48.0 0.002656192110810016
64.0 50.0 0.0062913418182278915
64.0 52.0 0.005938659561419309
64.0 54.0 0.011955378735929936
64.0 56.0 0.03251937875554938
64.0 58.0 0.0658309552245491
64.0 60.0 0.09453605686247611
64.0 62.0 0.1104440886149427
64.0 64.0 0.12222869479410088
64.0 66.0 0.13615003682433746
64.0 68.0 0.12796756599127054
64.0 70.0 0.10738443817566103
64.0 72.0 0.07210402337920264
64.0 74.0 0.02686249615829386
64.0 76.0 2.455311338529967E-4
64.0 78.0 0.0
64.0 80.0 0.0
64.0 82.0 0.0
64.0 84.0 0.0
64.0 86.0 0.0
64.0 88.0 0.0
64.0 90.0 0.0
64.0 92.0 0.0052536437269828625
64.0 94.0 0.05632210069925921
64.0 96.0 0.10889638049773913
64.0 98.0 0.13333240948746575
64.0 100.0 0.11853665801658086
64.0 102.0 0.0643084467342679
64.0 104.0 0.0036339909193788904
64.0 106.0 0.0
64.0 108.0 0.0
64.0 110.0 0.0
64.0 112.0 0.0
64.0 114.0 0.0
64.0 116.0 0.0
64.0 118.0 0.0
64.0 120.0 0.0
64.0 122.0 0.0
64.0 124.0 0.009119507546446396
64.0 126.0 0.07742819281158213
66.0 0.0 0.0
66.0 2.0 0.3223999942243249
66.0 4.0 0.20147879706137028
66.0 6.0 0.22338728986905731
66.0 8.0 0.2613204953542749
66.0 10.0 0.3026554394068222
66.0 12.0 0.31929128669820955
66.0 14.0 0.29988859407508994
66.0 16.0 0.24429548180905894
66.0 18.0 0.13067560297948363
66.0 20.0 0.012076777616565169
66.0 22.0 0.0
66.0 24.0 0.0
66.0 26.0 0.0
66.0 28.0 0.0
66.0 30.0 0.0
66.0 32.0 0.0
66.0 34.0 0.0
66.0 36.0 0.0
66.0 38.0 0.0
66.0 40.0 0.0
66.0 42.0 5.139904655194425E-5
66.0 44.0 0.003637260270170782
66.0 46.0 0.012448126542600182
66.0 48.0 0.02239133435598717
66.0 50.0 0.01448640342234648
66.0 52.0 0.0035099607523220375
66.0 54.0 7.956229316133711E-4
66.0 56.0 0.0038217472250948654
66.0 58.0 0.010659235346427385
66.0 60.0 0.02009457363373764
66.0 62.0 0.023894005472493055
66.0 64.0 0.03857661172798737
66.0 66.0 0.06731497193701029
66.0 68.0 0.06889669624658663
66.0 70.0 0.062131718658781664
66.0 72.0 0.04206424246788331
66.0 74.0 0.019602213133940293
66.0 76.0 0.0036205889924563785
66.0 78.0 2.4759386230018243E-4
66.0 80.0 0.0
66.0 82.0 0.0
66.0 84.0 0.0
66.0 86.0 0.0
66.0 88.0 0.0
66.0 90.0 0.009301824487305899
66.0 92.0 0.07128100874897535
66.0 94.0 0.131204103111585
66.0 96.0 0.1727334386196914
66.0 98.0 0.1898970210262152
66.0 100.0 0.1666699083804155
66.0 102.0 0.08671993179125366
66.0 104.0 0.0023627083721614217
66.0 106.0 0.0
66.0 108.0 0.0
66.0 110.0 0.0
66.0 112.0 0.0
66.0 114.0 0.0
66.0 116.0 0.0
66.0 118.0 0.0
66.0 120.0 0.0
66.0 122.0 0.0
66.0 124.0 0.0
66.0 126.0 0.015796141492498732
68.0 0.0 0.0
68.0 2.0 0.188855669276464
68.0 4.0 0.126944524381756
68.0 6.0 0.16545013812178327
68.0 8.0 0.19916559538095754
68.0 10.0 0.2359432323560352
68.0 12.0 0.2509700687832873
68.0 14.0 0.23324111538272252
68.0 16.0 0.14732411102015738
68.0 18.0 0.02552198225036709
68.0 20.0 0.0
68.0 22.0 0.0
68.0 24.0 0.0
68.0 26.0 0.0
68.0 28.0 0.0
68.0 30.0 0.0
68.0 32.0 0.0
68.0 34.0 0.0
68.0 36.0 0.0
68.0 38.0 0.0033577593933151917
68.0 40.0 0.00509811110614202
68.0 42.0 0.013736237908181835
68.0 44.0 0.02726495817052869
68.0 46.0 0.0342773524995501
68.0 48.0 0.027923598433640843
68.0 50.0 0.013405232766673969
68.0 52.0 0.0027955827956718956
68.0 54.0 0.0
68.0 56.0 0.0
68.0 58.0 0.0
68.0 60.0 0.0
68.0 62.0 0.0
68.0 64.0 0.003407345926675269
68.0 66.0 0.012187657518848613
68.0 68.0 0.018975713746664638
68.0 70.0 0.020298390504022348
68.0 72.0 0.015702964423487283
68.0 74.0 0.012345445138102885
68.0 76.0 0.009727228208461138
68.0 78.0 0.004038137785853547
68.0 80.0 0.0
68.0 82.0 0.0
68.0 84.0 0.0
68.0 86.0 0.004617487342203364
68.0 88.0 0.0406027081252912
68.0 90.0 0.10041029670536311
68.0 92.0 0.1598256426494797
68.0 94.0 0.20481390269006816
68.0 96.0 0.2283839772865338
68.0 98.0 0.22444378764988068
68.0 100.0 0.21452389510523504
68.0 102.0 0.11073835597894638
68.0 104.0 0.009025974741077308
68.0 106.0 0.0
68.0 108.0 0.0
68.0 110.0 0.0
68.0 112.0 0.0
68.0 114.0 0.0
68.0 116.0 0.0
68.0 118.0 0.0
68.0 120.0 0.0
68.0 122.0 0.0
68.0 124.0 0.0
68.0 126.0 0.0
70.0 0.0 0.0
70.0 2.0 0.009078504904596807
70.0 4.0 0.07101139424893944
70.0 6.0 0.11608830160203844
70.0 8.0 0.14660575791305938
70.0 10.0 0.17494536818190673
70.0 12.0 0.1964572408688956
70.0 14.0 0.1276092420439048
70.0 16.0 0.02070296731054232
70.0 18.0 0.0
70.0 20.0 0.0
70.0 22.0 0.0
70.0 24.0 0.0
70.0 26.0 0.0
70.0 28.0 0.0
70.0 30.0 0.0
70.0 32.0 0.0
70.0 34.0 6.953545802329477E-4
70.0 36.0 0.010631569328681575
70.0 38.0 0.03576279432681893
70.0 40.0 0.05616047402843314
70.0 42.0 0.06972768407310323
70.0 44.0 0.07396074046736327
70.0 46.0 0.07131443065582883
70.0 48.0 0.04804362063598639
70.0 50.0 0.014437620206178883
70.0 52.0 0.0010028581968775689
70.0 54.0 0.0
70.0 56.0 0.0
70.0 58.0 0.0
70.0 60.0 0.0
70.0 62.0 0.0
70.0 64.0 0.0
70.0 66.0 0.0
70.0 68.0 0.0010133023716675054
70.0 70.0 0.0030642254682861822
70.0 72.0 0.005322128955728604
70.0 74.0 0.008404232817657035
70.0 76.0 0.006905477050110597
70.0 78.0 0.003690647648773885
70.0 80.0 0.005559242118777285
70.0 82.0 0.016211424297047285
70.0 84.0 0.04597869750600586
70.0 86.0 0.08326441955923077
70.0 88.0 0.1365393226126931
70.0 90.0 0.19346528275795685
70.0 92.0 0.24440174022378233
70.0 94.0 0.2779245840447807
70.0 96.0 0.28688569298198613
70.0 98.0 0.27344005222409473
70.0 100.0 0.2398761297076771
70.0 102.0 0.15310008517658416
70.0 104.0 0.015741907671021873
70.0 106.0 0.0
70.0 108.0 0.0
70.0 110.0 0.0
70.0 112.0 0.0
70.0 114.0 0.0
70.0 116.0 0.0
70.0 118.0 0.0
70.0 120.0 0.0
70.0 122.0 0.0
70.0 124.0 0.0
70.0 126.0 0.0
72.0 0.0 0.0
72.0 2.0 0.0
72.0 4.0 0.0301136746777633
72.0 6.0 0.07775178992184213
72.0 8.0 0.10515908341365586
72.0 10.0 0.12419102011757079
72.0 12.0 0.07713915658576546
72.0 14.0 0.007954759500383617
72.0 16.0 0.0
72.0 18.0 0.0
72.0 20.0 0.0
72.0 22.0 0.0
72.0 24.0 0.0
72.0 26.0 0.0
72.0 28.0 0.0
72.0 30.0 0.0
72.0 32.0 0.008928000051825055
72.0 34.0 0.03722862925072357
72.0 36.0 0.07684559876558376
72.0 38.0 0.09736877746584731
72.0 40.0 0.10771063709857649
72.0 42.0 0.10905168217339456
72.0 44.0 0.09961560641007695
72.0 46.0 0.08585995663172548
72.0 48.0 0.059426319223852685
72.0 50.0 0.01630714233331992
72.0 52.0 0.0
72.0 54.0 0.0
72.0 56.0 0.0
72.0 58.0 0.0
72.0 60.0 0.0
72.0 62.0 0.0
72.0 64.0 0.0
72.0 66.0 0.0
72.0 68.0 0.0
72.0 70.0 0.0
72.0 72.0 1.0482719617970473E-4
72.0 74.0 0.003107054701701394
72.0 76.0 0.004974764800671542
72.0 78.0 0.005528968743960575
72.0 80.0 0.012958811737466719
72.0 82.0 0.03807194457813389
72.0 84.0 0.09730548010034572
72.0 86.0 0.1608809711397528
72.0 88.0 0.2179430278295067
72.0 90.0 0.2784660186714732
72.0 92.0 0.32441764053102645
72.0 94.0 0.35059951716915044
72.0 96.0 0.3492608330821692
72.0 98.0 0.32517823184018396
72.0 100.0 0.27928667821207714
72.0 102.0 0.18142208532733692
72.0 104.0 0.0550680908096017
72.0 106.0 0.0
72.0 108.0 0.0
72.0 110.0 0.0
72.0 112.0 0.0
72.0 114.0 0.0
72.0 116.0 0.0
72.0 118.0 0.0
72.0 120.0 0.0
72.0 122.0 0.0
72.0 124.0 0.0
72.0 126.0 0.0
74.0 0.0 0.0
74.0 2.0 0.0
74.0 4.0 0.009729006101323144
74.0 6.0 0.04493619152249508
74.0 8.0 0.061342738657248756
74.0 10.0 0.03757736403841106
74.0 12.0 0.0018502790579156877
74.0 14.0 0.0
74.0 16.0 0.0
74.0 18.0 0.0
74.0 20.0 0.0
74.0 22.0 0.0
74.0 24.0 0.0
74.0 26.0 0.0
74.0 28.0 0.0
74.0 30.0 0.007756642118596504
74.0 32.0 0.03644451939606649
74.0 34.0 0.08492738587859695
74.0 36.0 0.1254387051253891
74.0 38.0 0.14831844277252568
74.0 40.0 0.15050897945795239
74.0 42.0 0.14066090601167294
74.0 44.0 0.1163872578147392
74.0 46.0 0.08670747161927128
74.0 48.0 0.0412583596888529
74.0 50.0 0.001575751742729856
74.0 52.0 0.0
74.0 54.0 0.0
74.0 56.0 0.0
74.0 58.0 0.0
74.0 60.0 0.0
74.0 62.0 0.0
74.0 64.0 0.0
74.0 66.0 0.0
74.0 68.0 0.0
74.0 70.0 0.0
74.0 72.0 0.0
74.0 74.0 2.793393378534156E-4
74.0 76.0 0.004849154455102512
74.0 78.0 0.01224607839633099
74.0 80.0 0.026597092433600474
74.0 82.0 0.06860456887588866
74.0 84.0 0.13891481572632092
74.0 86.0 0.21586182145641983
74.0 88.0 0.28735327816656436
74.0 90.0 0.346950750177841
74.0 92.0 0.3878281493160907
74.0 94.0 0.4099114120680265
74.0 96.0 0.4037564122483049
74.0 98.0 0.36712629239064576
74.0 100.0 0.3171353833930832
74.0 102.0 0.2266892367019366
74.0 104.0 0.09576638731178368
74.0 106.0 0.0018882831794826062
74.0 108.0 0.0
74.0 110.0 0.0
74.0 112.0 0.0
74.0 114.0 0.0
74.0 116.0 0.0
74.0 118.0 0.0
74.0 120.0 0.0
74.0 122.0 0.0
74.0 124.0 0.0
74.0 126.0 0.0
76.0 0.0 0.0
76.0 2.0 0.0
76.0 4.0 0.0014718379734079828
76.0 6.0 0.009849661032351574
76.0 8.0 0.00948695502540631
76.0 10.0 0.0018757144025580645
76.0 12.0 0.0
76.0 14.0 0.0
76.0 16.0 0.0
76.0 18.0 0.0
76.0 20.0 0.0
76.0 22.0 0.0
76.0 24.0 0.0
76.0 26.0 0.0
76.0 28.0 0.005335076738840277
76.0 30.0 0.03811629113901762
76.0 32.0 0.10333333787068467
76.0 34.0 0.15696877273666965
76.0 36.0 0.1789129765665065
76.0 38.0 0.18839150359345946
76.0 40.0 0.18406390008344553
76.0 42.0 0.16463346410182758
76.0 44.0 0.13324828027170696
76.0 46.0 0.08607932273718678
76.0 48.0 0.025448608352555996
76.0 50.0 0.0016513682269233677
76.0 52.0 0.0
76.0 54.0 0.0
76.0 56.0 0.0
76.0 58.0 0.0
76.0 60.0 0.0
76.0 62.0 0.0
76.0 64.0 0.0
76.0 66.0 0.0
76.0 68.0 0.0
76.0 70.0 0.0
76.0 72.0 0.0
76.0 74.0 0.0
76.0 76.0 0.0023449944920629013
76.0 78.0 0.0139112748308663
76.0 80.0 0.03926076511500425
76.0 82.0 0.0901091759394539
76.0 84.0 0.16372241980117153
76.0 86.0 0.2418637340005776
76.0 88.0 0.32559171447446794
76.0 90.0 0.3911372449033827
76.0 92.0 0.43081671388554055
76.0 94.0 0.4518622279488318
76.0 96.0 0.4466078351756056
76.0 98.0 0.3925953693902345
76.0 100.0 0.34499096359806186
76.0 102.0 0.2678055850149023
76.0 104.0 0.14521646853381684
76.0 106.0 0.02638855608722654
76.0 108.0 0.0
76.0 110.0 0.0
76.0 112.0 0.0
76.0 114.0 0.0
76.0 116.0 0.0
76.0 118.0 0.0
76.0 120.0 0.0
76.0 122.0 0.0
76.0 124.0 0.0
76.0 126.0 0.0
78.0 0.0 0.0
78.0 2.0 0.0
78.0 4.0 0.0
78.0 6.0 0.0
78.0 8.0 0.0
78.0 10.0 0.0
78.0 12.0 0.0
78.0 14.0 0.0
78.0 16.0 0.0
78.0 18.0 0.0
78.0 20.0 0.0
78.0 22.0 0.0
78.0 24.0 0.0
78.0 26.0 0.004209814626237901
78.0 28.0 0.03317348798511486
78.0 30.0 0.10665001721159284
78.0 32.0 0.18119679909328748
78.0 34.0 0.2171449437493187
78.0 36.0 0.22978622466564214
78.0 38.0 0.23174089580925358
78.0 40.0 0.22036761972374205
78.0 42.0 0.19274532753998155
78.0 44.0 0.15104323743616435
78.0 46.0 0.0855054873155991
78.0 48.0 0.03398558141170216
78.0 50.0 0.0
78.0 52.0 0.0
78.0 54.0 0.0
78.0 56.0 0.0
78.0 58.0 0.0
78.0 60.0 0.0
78.0 62.0 0.0
78.0 64.0 0.0
78.0 66.0 0.0
78.0 68.0 0.0
78.0 70.0 0.0
78.0 72.0 0.0
78.0 74.0 0.0
78.0 76.0 6.180246647915837E-4
78.0 78.0 0.00901661350912924
78.0 80.0 0.031744938820309716
78.0 82.0 0.07823469680766237
78.0 84.0 0.1565570598488658
78.0 86.0 0.2362902156484641
78.0 88.0 0.33339963261916905
78.0 90.0 0.40897897290408314
78.0 92.0 0.45454228304736555
78.0 94.0 0.4800723700185978
78.0 96.0 0.4455264799453724
78.0 98.0 0.41192975187631936
78.0 100.0 0.3749525662238038
78.0 102.0 0.30847796465974703
78.0 104.0 0.2003365109700311
78.0 106.0 0.06911282102753878
78.0 108.0 0.0
78.0 110.0 0.0
78.0 112.0 0.0
78.0 114.0 0.0
78.0 116.0 0.0
78.0 118.0 0.0
78.0 120.0 0.0
78.0 122.0 0.0
78.0 124.0 0.0
78.0 126.0 0.0
80.0 0.0 0.0
80.0 2.0 0.0
80.0 4.0 0.0
80.0 6.0 0.0
80.0 8.0 0.0
80.0 10.0 0.0
80.0 12.0 0.0
80.0 14.0 0.0
80.0 16.0 0.0
80.0 18.0 0.0
80.0 20.0 0.0
80.0 22.0 0.0
80.0 24.0 0.0
80.0 26.0 0.014255420632576335
80.0 28.0 0.08204843855056743
80.0 30.0 0.19241068339405873
80.0 32.0 0.2685806617824901
80.0 34.0 0.28862468110009143
80.0 36.0 0.2903221189606322
80.0 38.0 0.28068218145931784
80.0 40.0 0.2589477331748737
80.0 42.0 0.2169705150620038
80.0 44.0 0.15334040208078012
80.0 46.0 0.07765312005681466
80.0 48.0 0.03566370920381617
80.0 50.0 0.0
80.0 52.0 0.0
80.0 54.0 0.0
80.0 56.0 0.0
80.0 58.0 0.0
80.0 60.0 0.0
80.0 62.0 0.0
80.0 64.0 0.0
80.0 66.0 0.0
80.0 68.0 0.0
80.0 70.0 0.0
80.0 72.0 0.0
80.0 74.0 0.0
80.0 76.0 0.00611950788989631
80.0 78.0 0.020468587531620456
80.0 80.0 0.03991823990423829
80.0 82.0 0.08434227995646569
80.0 84.0 0.11996826223465042
80.0 86.0 0.18649562110312493
80.0 88.0 0.2983517931459125
80.0 90.0 0.40293548197963563
80.0 92.0 0.4687613357756935
80.0 94.0 0.4313765050368694
80.0 96.0 0.4344216594109139
80.0 98.0 0.42553034207709706
80.0 100.0 0.3953820441974487
80.0 102.0 0.3407070440441852
80.0 104.0 0.24995014560669468
80.0 106.0 0.11959486594339408
80.0 108.0 0.013653034676677929
80.0 110.0 0.0
80.0 112.0 0.0
80.0 114.0 0.0
80.0 116.0 0.0
80.0 118.0 0.0
80.0 120.0 0.0
80.0 122.0 0.0
80.0 124.0 0.0
80.0 126.0 0.0
82.0 0.0 0.0
82.0 2.0 0.0
82.0 4.0 0.0
82.0 6.0 0.0
82.0 8.0 0.0
82.0 10.0 0.0
82.0 12.0 0.0
82.0 14.0 0.0
82.0 16.0 0.0
82.0 18.0 0.0
82.0 20.0 0.0
82.0 22.0 0.0
82.0 24.0 0.0
82.0 26.0 0.018553714792942193
82.0 28.0 0.12150246946791826
82.0 30.0 0.2397409683446057
82.0 32.0 0.33643439888025695
82.0 34.0 0.36870277391194234
82.0 36.0 0.3574432189103636
82.0 38.0 0.33270557182851385
82.0 40.0 0.29631669541661476
82.0 42.0 0.2362616284783504
82.0 44.0 0.1493860966855305
82.0 46.0 0.09038661446150754
82.0 48.0 0.029559630074840988
82.0 50.0 0.0
82.0 52.0 0.0
82.0 54.0 0.0
82.0 56.0 0.0
82.0 58.0 0.0
82.0 60.0 0.0
82.0 62.0 0.0
82.0 64.0 0.0
82.0 66.0 0.0
82.0 68.0 0.0
82.0 70.0 0.0
82.0 72.0 0.0
82.0 74.0 0.0029491663090779473
82.0 76.0 0.009831932301239209
82.0 78.0 0.017255584003867872
82.0 80.0 0.028788134307108915
82.0 82.0 0.04032481137868145
82.0 84.0 0.04805968026119542
82.0 86.0 0.07638256524008356
82.0 88.0 0.150834718724452
82.0 90.0 0.2812533049113944
82.0 92.0 0.3832004055598521
82.0 94.0 0.3735161144170316
82.0 96.0 0.4032050175850906
82.0 98.0 0.4139844194739672
82.0 100.0 0.40238537289216963
82.0 102.0 0.3654798993632599
82.0 104.0 0.2951111333199512
82.0 106.0 0.17748392217264278
82.0 108.0 0.04752316067322032
82.0 110.0 0.0
82.0 112.0 0.0
82.0 114.0 0.0
82.0 116.0 0.0
82.0 118.0 0.0
82.0 120.0 0.0
82.0 122.0 0.0
82.0 124.0 0.0
82.0 126.0 0.0
84.0 0.0 0.0
84.0 2.0 0.0
84.0 4.0 0.0
84.0 6.0 0.0
84.0 8.0 0.0
84.0 10.0 0.0
84.0 12.0 0.0
84.0 14.0 0.0
84.0 16.0 0.0
84.0 18.0 0.0
84.0 20.0 0.0
84.0 22.0 0.0
84.0 24.0 0.0
84.0 26.0 0.028669690887537253
84.0 28.0 0.17322852462941138
84.0 30.0 0.31347054066639507
84.0 32.0 0.4198374508894484
84.0 34.0 0.45280568927370163
84.0 36.0 0.42822966519680855
84.0 38.0 0.3792595255244062
84.0 40.0 0.27538863487325016
84.0 42.0 0.20607119549010486
84.0 44.0 0.1492415205438989
84.0 46.0 0.07910756074706592
84.0 48.0 0.010890165993344329
84.0 50.0 0.0
84.0 52.0 0.0
84.0 54.0 0.0
84.0 56.0 0.0
84.0 58.0 0.0
84.0 60.0 0.0
84.0 62.0 0.0
84.0 64.0 0.0
84.0 66.0 0.0
84.0 68.0 0.0
84.0 70.0 0.0
84.0 72.0 0.0022036814926747997
84.0 74.0 0.006156461195246252
84.0 76.0 0.007457015218435391
84.0 78.0 0.007482503912894442
84.0 80.0 0.008494449232846491
84.0 82.0 0.0033976129241749566
84.0 84.0 0.0
84.0 86.0 0.0
84.0 88.0 5.837153658706772E-4
84.0 90.0 0.045814176932885996
84.0 92.0 0.1891547041958163
84.0 94.0 0.29430413697283303
84.0 96.0 0.3150370501306781
84.0 98.0 0.3548920191252063
84.0 100.0 0.3748982832154595
84.0 102.0 0.3681060617136971
84.0 104.0 0.3258464481818882
84.0 106.0 0.237901533620099
84.0 108.0 0.10826765984142972
84.0 110.0 0.00988873026017515
84.0 112.0 0.0
84.0 114.0 0.0
84.0 116.0 0.0
84.0 118.0 0.0
84.0 120.0 0.0
84.0 122.0 0.0
84.0 124.0 0.0
84.0 126.0 0.0
86.0 0.0 0.0
86.0 2.0 0.0
86.0 4.0 0.0
86.0 6.0 0.0
86.0 8.0 0.0
86.0 10.0 0.0
86.0 12.0 0.0
86.0 14.0 0.0
86.0 16.0 0.0
86.0 18.0 0.0
86.0 20.0 0.0
86.0 22.0 0.0
86.0 24.0 0.0049065124757302165
86.0 26.0 0.06703991681386588
86.0 28.0 0.21403894897499623
86.0 30.0 0.3595227768582913
86.0 32.0 0.46665061541109804
86.0 34.0 0.5085963358111035
86.0 36.0 0.4420691202415317
86.0 38.0 0.35316110084182295
86.0 40.0 0.3097366612809618
86.0 42.0 0.22974326065866338
86.0 44.0 0.1301904656816007
86.0 46.0 0.056778235945622445
86.0 48.0 0.0
86.0 50.0 0.0
86.0 52.0 0.0
86.0 54.0 0.0
86.0 56.0 0.0
86.0 58.0 0.0
86.0 60.0 0.0
86.0 62.0 0.0
86.0 64.0 0.0
86.0 66.0 0.0
86.0 68.0 0.0
86.0 70.0 0.004595174436609521
86.0 72.0 0.011538042962577683
86.0 74.0 0.009003722264134524
86.0 76.0 0.002803912548253342
86.0 78.0 2.4276795957488677E-4
86.0 80.0 0.0
86.0 82.0 0.0
86.0 84.0 0.0
86.0 86.0 0.0
86.0 88.0 0.0
86.0 90.0 0.0
86.0 92.0 0.013438315512006341
86.0 94.0 0.11460438118041294
86.0 96.0 0.2211335602119829
86.0 98.0 0.2921698849428929
86.0 100.0 0.33249862055580043
86.0 102.0 0.35349975619736346
86.0 104.0 0.342197351158918
86.0 106.0 0.3012222767397438
86.0 108.0 0.19127727041479117
86.0 110.0 0.06374554250464788
86.0 112.0 0.0
86.0 114.0 0.0
86.0 116.0 0.0
86.0 118.0 0.0
86.0 120.0 0.0
86.0 122.0 0.0
86.0 124.0 0.0
86.0 126.0 0.0
88.0 0.0 0.0
88.0 2.0 0.0
88.0 4.0 0.0
88.0 6.0 0.0
88.0 8.0 0.0
88.0 10.0 0.0
88.0 12.0 0.0
88.0 14.0 0.0
88.0 16.0 0.0
88.0 18.0 0.0
88.0 20.0 0.0
88.0 22.0 0.0
88.0 24.0 0.013544754945393866
88.0 26.0 0.09582168526948688
88.0 28.0 0.22898311449692169
88.0 30.0 0.35694897707035866
88.0 32.0 0.4512657099027042
88.0 34.0 0.5002982121589589
88.0 36.0 0.4934424739599746
88.0 38.0 0.4390943520197856
88.0 40.0 0.33068198438706564
88.0 42.0 0.1995242447170301
88.0 44.0 0.10893867052587358
88.0 46.0 0.02447280504993948
88.0 48.0 0.0
88.0 50.0 0.0
88.0 52.0 0.0
88.0 54.0 0.0
88.0 56.0 0.0
88.0 58.0 0.0
88.0 60.0 0.0
88.0 62.0 0.0
88.0 64.0 0.0
88.0 66.0 0.022128486877964634
88.0 68.0 0.06401320337838533
88.0 70.0 0.061870802600841594
88.0 72.0 0.05270689087872659
88.0 74.0 0.05402174054736925
88.0 76.0 0.025194081554892892
88.0 78.0 9.309260932841059E-4
88.0 80.0 0.0
88.0 82.0 0.0
88.0 84.0 0.0
88.0 86.0 0.0
88.0 88.0 0.0
88.0 90.0 0.0
88.0 92.0 0.0
88.0 94.0 0.0036521835385779425
88.0 96.0 0.06755475583073652
88.0 98.0 0.17579459766865554
88.0 100.0 0.2858667140678845
88.0 102.0 0.34099342370967106
88.0 104.0 0.3531993090751862
88.0 106.0 0.3323662952913085
88.0 108.0 0.268898020714582
88.0 110.0 0.1620774128180024
88.0 112.0 0.053395082205816534
88.0 114.0 0.0
88.0 116.0 0.0
88.0 118.0 0.0
88.0 120.0 0.0
88.0 122.0 0.0
88.0 124.0 0.0
88.0 126.0 0.0
90.0 0.0 0.0
90.0 2.0 0.0
90.0 4.0 0.0
90.0 6.0 0.0
90.0 8.0 0.0
90.0 10.0 0.0
90.0 12.0 0.0
90.0 14.0 0.0
90.0 16.0 0.0
90.0 18.0 0.0
90.0 20.0 0.0
90.0 22.0 5.595466248274773E-4
90.0 24.0 0.02165493936682437
90.0 26.0 0.10841475988286632
90.0 28.0 0.2243558805102733
90.0 30.0 0.32985710306581983
90.0 32.0 0.40743952256174315
90.0 34.0 0.4502773784556418
90.0 36.0 0.4633147536468191
90.0 38.0 0.42848176522018705
90.0 40.0 0.34155045371300563
90.0 42.0 0.2050850944660985
90.0 44.0 0.050326199394750415
90.0 46.0 0.0
90.0 48.0 0.0
90.0 50.0 0.0
90.0 52.0 0.0
90.0 54.0 0.0
90.0 56.0 0.0
90.0 58.0 0.0
90.0 60.0 0.0
90.0 62.0 0.0
90.0 64.0 0.05416510166602077
90.0 66.0 0.13864962675670012
90.0 68.0 0.17570998544247887
90.0 70.0 0.17283386373904408
90.0 72.0 0.14243002303540944
90.0 74.0 0.0924334865463229
90.0 76.0 0.049844305709696335
90.0 78.0 4.932063747324262E-5
90.0 80.0 0.0
90.0 82.0 0.0
90.0 84.0 0.0
90.0 86.0 0.0
90.0 88.0 0.0
90.0 90.0 0.0
90.0 92.0 0.0
90.0 94.0 0.0
90.0 96.0 0.006067078283656512
90.0 98.0 0.07548450775679907
90.0 100.0 0.18206357576409157
90.0 102.0 0.2810570904085483
90.0 104.0 0.32664749426903494
90.0 106.0 0.3440465235501446
90.0 108.0 0.3216754960164638
90.0 110.0 0.2599352330149562
90.0 112.0 0.16526705983469533
90.0 114.0 0.06513508783434645
90.0 116.0 0.0012791994245337595
90.0 118.0 0.0
90.0 120.0 0.0
90.0 122.0 0.0
90.0 124.0 0.0
90.0 126.0 0.0
92.0 0.0 0.0
92.0 2.0 0.0
92.0 4.0 0.0
92.0 6.0 0.0
92.0 8.0 0.0
92.0 10.0 0.0
92.0 12.0 0.0
92.0 14.0 0.0
92.0 16.0 0.0
92.0 18.0 0.0
92.0 20.0 0.0
92.0 22.0 0.001457133111616041
92.0 24.0 0.030486634660207863
92.0 26.0 0.11815727324130709
92.0 28.0 0.2187397869715847
92.0 30.0 0.3145506854407775
92.0 32.0 0.3858794783990056
92.0 34.0 0.4226487252180815
92.0 36.0 0.4462506066217436
92.0 38.0 0.4240563268426422
92.0 40.0 0.3217129760103194
92.0 42.0 0.154755156966494
92.0 44.0 0.00728521504055088
92.0 46.0 0.0
92.0 48.0 0.0
92.0 50.0 0.0
92.0 52.0 0.0
92.0 54.0 0.0
92.0 56.0 0.0
92.0 58.0 0.0
92.0 60.0 0.0
92.0 62.0 0.06099642984547479
92.0 64.0 0.17396754188012006
92.0 66.0 0.27053462887949276
92.0 68.0 0.3104323544470964
92.0 70.0 0.3243016600552786
92.0 72.0 0.28441623039575636
92.0 74.0 0.16197437140815288
92.0 76.0 0.08846305901245445
92.0 78.0 0.003979559887116452
92.0 80.0 0.0
92.0 82.0 0.0
92.0 84.0 0.0
92.0 86.0 0.0
92.0 88.0 0.0
92.0 90.0 0.0
92.0 92.0 0.0
92.0 94.0 0.0
92.0 96.0 0.0
92.0 98.0 0.00830334745162511
92.0 100.0 0.055094349517311535
92.0 102.0 0.18193964407130417
92.0 104.0 0.29374442060656153
92.0 106.0 0.33733677111481786
92.0 108.0 0.3470777170116756
92.0 110.0 0.3238657731496825
92.0 112.0 0.26525663415240874
92.0 114.0 0.17956821432788408
92.0 116.0 0.07840963754378465
92.0 118.0 0.001014230695420796
92.0 120.0 0.0
92.0 122.0 0.0
92.0 124.0 0.0
92.0 126.0 0.0
94.0 0.0 0.0
94.0 2.0 0.0
94.0 4.0 0.0
94.0 6.0 0.0
94.0 8.0 0.0
94.0 10.0 0.0
94.0 12.0 0.0
94.0 14.0 0.0
94.0 16.0 0.0
94.0 18.0 0.0
94.0 20.0 0.0
94.0 22.0 0.0019092007912351408
94.0 24.0 0.03496911462678247
94.0 26.0 0.1185390722306771
94.0 28.0 0.20869702253979558
94.0 30.0 0.3084872262121845
94.0 32.0 0.3682839345724201
94.0 34.0 0.3982450812653003
94.0 36.0 0.4320123928985869
94.0 38.0 0.40860152349240675
94.0 40.0 0.28777558226152916
94.0 42.0 0.08944444628599774
94.0 44.0 0.0
94.0 46.0 0.0
94.0 48.0 0.0
94.0 50.0 0.0
94.0 52.0 0.0
94.0 54.0 0.0
94.0 56.0 0.0
94.0 58.0 0.0
94.0 60.0 0.017534198455580702
94.0 62.0 0.14400828351175027
94.0 64.0 0.26522083278269715
94.0 66.0 0.3687380334637953
94.0 68.0 0.41932380901978616
94.0 70.0 0.4491385294722534
94.0 72.0 0.41306998525594646
94.0 74.0 0.2740579028780601
94.0 76.0 0.13266522796481753
94.0 78.0 0.021864042958498576
94.0 80.0 0.0
94.0 82.0 0.0
94.0 84.0 0.0
94.0 86.0 0.0
94.0 88.0 0.0
94.0 90.0 0.0
94.0 92.0 0.0
94.0 94.0 0.0
94.0 96.0 0.0
94.0 98.0 0.0
94.0 100.0 0.006475095100648531
94.0 102.0 0.069701628450546
94.0 104.0 0.21337004289219794
94.0 106.0 0.3010779391397949
94.0 108.0 0.3355096721996142
94.0 110.0 0.3488243241113446
94.0 112.0 0.32558403584796847
94.0 114.0 0.26983460524292835
94.0 116.0 0.19914083982833605
94.0 118.0 0.06786001607085103
94.0 120.0 0.0
94.0 122.0 0.0
94.0 124.0 0.0
94.0 126.0 0.0
96.0 0.0 0.0
96.0 2.0 0.0
96.0 4.0 0.0
96.0 6.0 0.0
96.0 8.0 0.0
96.0 10.0 0.0
96.0 12.0 0.0
96.0 14.0 0.0
96.0 16.0 0.0
96.0 18.0 0.0
96.0 20.0 0.0
96.0 22.0 0.0
96.0 24.0 0.02139266525632016
96.0 26.0 0.1104181487445522
96.0 28.0 0.20237416463582716
96.0 30.0 0.2810034709316033
96.0 32.0 0.33456198083508987
96.0 34.0 0.36504535297514606
96.0 36.0 0.4189310991744623
96.0 38.0 0.37696026440183467
96.0 40.0 0.22752551402112772
96.0 42.0 0.020068943458777043
96.0 44.0 0.0
96.0 46.0 0.0
96.0 48.0 0.0
96.0 50.0 0.0
96.0 52.0 0.0
96.0 54.0 0.0
96.0 56.0 0.0
96.0 58.0 0.0
96.0 60.0 0.04803864785827067
96.0 62.0 0.19628725655950255
96.0 64.0 0.324061523309413
96.0 66.0 0.4151009326476394
96.0 68.0 0.47328248729711425
96.0 70.0 0.5092990249960375
96.0 72.0 0.4839266398389686
96.0 74.0 0.3954559173219985
96.0 76.0 0.22255635291205753
96.0 78.0 0.037448903902721396
96.0 80.0 0.0
96.0 82.0 0.0
96.0 84.0 0.0
96.0 86.0 0.0
96.0 88.0 0.0
96.0 90.0 0.0
96.0 92.0 0.0
96.0 94.0 0.0
96.0 96.0 0.0
96.0 98.0 0.0
96.0 100.0 0.0
96.0 102.0 0.0130379765963103
96.0 104.0 0.11575212160831098
96.0 106.0 0.24754165378200035
96.0 108.0 0.3282632313444781
96.0 110.0 0.3536075808813197
96.0 112.0 0.35833308622234233
96.0 114.0 0.3270741498393224
96.0 116.0 0.2785416571075489
96.0 118.0 0.15807958936841343
96.0 120.0 0.0
96.0 122.0 0.0
96.0 124.0 0.0
96.0 126.0 0.0
98.0 0.0 0.0
98.0 2.0 0.0
98.0 4.0 0.0
98.0 6.0 0.0
98.0 8.0 0.0
98.0 10.0 0.0
98.0 12.0 0.007074746336254676
98.0 14.0 0.0
98.0 16.0 0.0
98.0 18.0 0.0
98.0 20.0 0.0
98.0 22.0 0.0
98.0 24.0 0.02523703940860614
98.0 26.0 0.1143195364569715
98.0 28.0 0.2031805186334998
98.0 30.0 0.27727147192926865
98.0 32.0 0.3245236079451094
98.0 34.0 0.346445093780317
98.0 36.0 0.3886722259038502
98.0 38.0 0.3335936680274432
98.0 40.0 0.15634247606186577
98.0 42.0 0.0
98.0 44.0 0.0
98.0 46.0 0.0
98.0 48.0 0.0
98.0 50.0 0.0
98.0 52.0 0.0
98.0 54.0 0.0
98.0 56.0 0.0
98.0 58.0 0.0
98.0 60.0 0.05557958254239239
98.0 62.0 0.21467727674439605
98.0 64.0 0.3491015531212847
98.0 66.0 0.43564308291400994
98.0 68.0 0.49287741599335627
98.0 70.0 0.514843807873277
98.0 72.0 0.5395263382262087
98.0 74.0 0.4666647835581264
98.0 76.0 0.3077488106488129
98.0 78.0 0.08405877553079948
98.0 80.0 0.0
98.0 82.0 0.0
98.0 84.0 0.0
98.0 86.0 0.0
98.0 88.0 0.0
98.0 90.0 0.0
98.0 92.0 0.0
98.0 94.0 0.0
98.0 96.0 0.0
98.0 98.0 0.0
98.0 100.0 0.0
98.0 102.0 0.0
98.0 104.0 0.03803003954243472
98.0 106.0 0.17372879095568425
98.0 108.0 0.2810606662555289
98.0 110.0 0.33130416308901206
98.0 112.0 0.3637387101488563
98.0 114.0 0.3531943233640127
98.0 116.0 0.3267811987653937
98.0 118.0 0.0
98.0 120.0 0.0
98.0 122.0 0.0
98.0 124.0 0.0
98.0 126.0 0.0
100.0 0.0 0.0
100.0 2.0 0.0
100.0 4.0 0.0
100.0 6.0 0.0
100.0 8.0 0.0
100.0 10.0 0.0
100.0 12.0 0.032989442931561745
100.0 14.0 0.0
100.0 16.0 0.0
100.0 18.0 0.0
100.0 20.0 0.0
100.0 22.0 0.002510910449430578
100.0 24.0 0.04815019785719351
100.0 26.0 0.13737100840284472
100.0 28.0 0.21507914493303334
100.0 30.0 0.28957360003581706
100.0 32.0 0.3169290661591273
100.0 34.0 0.3604836136477483
100.0 36.0 0.35102434356942713
100.0 38.0 0.276455788363471
100.0 40.0 0.09167799225398639
100.0 42.0 0.0
100.0 44.0 0.0
100.0 46.0 0.0
100.0 48.0 0.0
100.0 50.0 0.0
100.0 52.0 0.0
100.0 54.0 0.0
100.0 56.0 0.0
100.0 58.0 0.0
100.0 60.0 0.04118287920556335
100.0 62.0 0.19993048922219822
100.0 64.0 0.33520872211895014
100.0 66.0 0.413609363867556
100.0 68.0 0.47323753450483297
100.0 70.0 0.49817046285311545
100.0 72.0 0.5574636559278846
100.0 74.0 0.5061323427548592
100.0 76.0 0.381246742462562
100.0 78.0 0.1592924052679384
100.0 80.0 0.0
100.0 82.0 0.0
100.0 84.0 0.0
100.0 86.0 0.0
100.0 88.0 0.0
100.0 90.0 0.0
100.0 92.0 0.0
100.0 94.0 0.0
100.0 96.0 0.0
100.0 98.0 0.0
100.0 100.0 0.0
100.0 102.0 0.0
100.0 104.0 0.01103718063979515
100.0 106.0 0.10517184104398963
100.0 108.0 0.23001304701826344
100.0 110.0 0.305103656185872
100.0 112.0 0.3568748102262031
100.0 114.0 0.3587671359738173
100.0 116.0 0.0
100.0 118.0 0.0
100.0 120.0 0.0
100.0 122.0 0.0
100.0 124.0 0.0
100.0 126.0 0.0
102.0 0.0 0.0
102.0 2.0 0.0
102.0 4.0 0.0
102.0 6.0 0.0
102.0 8.0 0.0
102.0 10.0 0.0
102.0 12.0 0.0
102.0 14.0 0.06972072251775528
102.0 16.0 0.0
102.0 18.0 0.0
102.0 20.0 0.0
102.0 22.0 2.6578321139451795E-4
102.0 24.0 0.03600900570051854
102.0 26.0 0.13208681530474672
102.0 28.0 0.2158864051905395
102.0 30.0 0.2807035366819908
102.0 32.0 0.3016512996823634
102.0 34.0 0.3083120878199061
102.0 36.0 0.3340678843152281
102.0 38.0 0.2151271155488511
102.0 40.0 0.04142535855588161
102.0 42.0 0.0
102.0 44.0 0.0
102.0 46.0 0.0
102.0 48.0 0.0
102.0 50.0 0.0
102.0 52.0 0.0
102.0 54.0 0.0
102.0 56.0 0.0
102.0 58.0 0.0
102.0 60.0 0.03310079491395143
102.0 62.0 0.17063625486558484
102.0 64.0 0.2967072011860591
102.0 66.0 0.39422452954280646
102.0 68.0 0.4580156526618128
102.0 70.0 0.4886512500745605
102.0 72.0 0.5358867483127401
102.0 74.0 0.5276344311002206
102.0 76.0 0.4330972453519885
102.0 78.0 0.23041570081559096
102.0 80.0 0.021424968701763344
102.0 82.0 0.0
102.0 84.0 0.0
102.0 86.0 0.0
102.0 88.0 0.0
102.0 90.0 0.0
102.0 92.0 0.0
102.0 94.0 0.0
102.0 96.0 0.0
102.0 98.0 0.0
102.0 100.0 0.0
102.0 102.0 0.0
102.0 104.0 9.13153776662119E-4
102.0 106.0 0.045138974201820004
102.0 108.0 0.17659534205974037
102.0 110.0 0.2756897240709723
102.0 112.0 0.3409844890853826
102.0 114.0 0.0
102.0 116.0 0.0
102.0 118.0 0.0
102.0 120.0 0.0
102.0 122.0 0.0
102.0 124.0 0.0
102.0 126.0 0.0
104.0 0.0 0.0
104.0 2.0 0.0
104.0 4.0 0.0
104.0 6.0 0.0
104.0 8.0 0.0
104.0 10.0 0.0
104.0 12.0 0.0
104.0 14.0 0.0
104.0 16.0 0.10896937695260994
104.0 18.0 0.0011943558397897642
104.0 20.0 0.0
104.0 22.0 0.0031673617603462175
104.0 24.0 0.044192813351742334
104.0 26.0 0.1435858357771145
104.0 28.0 0.22039469114694255
104.0 30.0 0.25719537523479863
104.0 32.0 0.2798513722433941
104.0 34.0 0.29990547793036554
104.0 36.0 0.29038345100091734
104.0 38.0 0.1526702862222265
104.0 40.0 0.0036394728637425527
104.0 42.0 0.0
104.0 44.0 0.0
104.0 46.0 0.0
104.0 48.0 0.0
104.0 50.0 0.0
104.0 52.0 0.0
104.0 54.0 0.0
104.0 56.0 0.0
104.0 58.0 0.0
104.0 60.0 0.02641732279179428
104.0 62.0 0.1572693970377101
104.0 64.0 0.30260345952691753
104.0 66.0 0.3936882601636669
104.0 68.0 0.39847197503881987
104.0 70.0 0.4446606821475449
104.0 72.0 0.5356290388549719
104.0 74.0 0.5261153398392243
104.0 76.0 0.48582730748361813
104.0 78.0 0.29782769651920277
104.0 80.0 0.06701282254135717
104.0 82.0 0.0
104.0 84.0 0.0
104.0 86.0 0.0
104.0 88.0 0.0
104.0 90.0 0.0
104.0 92.0 0.0
104.0 94.0 0.0
104.0 96.0 0.0
104.0 98.0 0.0
104.0 100.0 0.0
104.0 102.0 0.0
104.0 104.0 0.0
104.0 106.0 0.010120399088661185
104.0 108.0 0.11514969333480973
104.0 110.0 0.24606745280185327
104.0 112.0 0.32443933967342903
104.0 114.0 0.0
104.0 116.0 0.0
104.0 118.0 0.0
104.0 120.0 0.0
104.0 122.0 0.0
104.0 124.0 0.0
104.0 126.0 0.0
106.0 0.0 0.0
106.0 2.0 0.0
106.0 4.0 0.0
106.0 6.0 0.0
106.0 8.0 0.0
106.0 10.0 0.0
106.0 12.0 0.0
106.0 14.0 0.0
106.0 16.0 0.0
106.0 18.0 0.12192373917991782
106.0 20.0 0.0
106.0 22.0 0.0063600725825263245
106.0 24.0 0.043531689995965996
106.0 26.0 0.1373644231865205
106.0 28.0 0.20891147931882395
106.0 30.0 0.2492481178120648
106.0 32.0 0.2676046503970665
106.0 34.0 0.2647641629713658
106.0 36.0 0.22849372654321043
106.0 38.0 0.09667199490208035
106.0 40.0 0.0
106.0 42.0 0.0
106.0 44.0 0.0
106.0 46.0 0.0
106.0 48.0 0.0
106.0 50.0 0.0
106.0 52.0 0.0
106.0 54.0 0.0
106.0 56.0 0.0
106.0 58.0 5.012780056485341E-4
106.0 60.0 0.022849543682664022
106.0 62.0 0.11268212786031316
106.0 64.0 0.24351520091922915
106.0 66.0 0.3670887539680187
106.0 68.0 0.4018964757052992
106.0 70.0 0.4155331733955596
106.0 72.0 0.48356010222067725
106.0 74.0 0.5057714427694179
106.0 76.0 0.4982763119504337
106.0 78.0 0.36014826943492667
106.0 80.0 0.14605524491948776
106.0 82.0 0.02186259012443902
106.0 84.0 0.0
106.0 86.0 0.0
106.0 88.0 0.0
106.0 90.0 0.0
106.0 92.0 0.0
106.0 94.0 0.0
106.0 96.0 0.0
106.0 98.0 0.0
106.0 100.0 0.0
106.0 102.0 0.0
106.0 104.0 0.0
106.0 106.0 5.488397433044334E-4
106.0 108.0 0.03725450518034032
106.0 110.0 0.2059571469986666
106.0 112.0 0.0
106.0 114.0 0.0
106.0 116.0 0.0
106.0 118.0 0.0
106.0 120.0 0.0
106.0 122.0 0.0
106.0 124.0 0.0
106.0 126.0 0.0
108.0 0.0 0.0
108.0 2.0 0.0
108.0 4.0 0.0
108.0 6.0 0.0
108.0 8.0 0.0
108.0 10.0 0.0
108.0 12.0 0.0
108.0 14.0 0.0
108.0 16.0 0.0
108.0 18.0 0.0
108.0 20.0 0.14400886508522023
108.0 22.0 0.03523959725337007
108.0 24.0 0.09776121278777529
108.0 26.0 0.13773361557730684
108.0 28.0 0.17332073193718375
108.0 30.0 0.22488277830497508
108.0 32.0 0.24103283059215885
108.0 34.0 0.22463301765841384
108.0 36.0 0.1674491891956472
108.0 38.0 0.05432594628341721
108.0 40.0 0.0
108.0 42.0 0.0
108.0 44.0 0.0
108.0 46.0 0.0
108.0 48.0 0.0
108.0 50.0 0.0
108.0 52.0 0.0
108.0 54.0 0.0
108.0 56.0 0.0
108.0 58.0 0.0010461323122776828
108.0 60.0 0.02028262400826586
108.0 62.0 0.06493224884331221
108.0 64.0 0.17758739411957555
108.0 66.0 0.3092452567911603
108.0 68.0 0.3852590989706999
108.0 70.0 0.381901818820295
108.0 72.0 0.41039160875486275
108.0 74.0 0.4816364243361655
108.0 76.0 0.47991010441542664
108.0 78.0 0.4040775116527806
108.0 80.0 0.23155884623210277
108.0 82.0 0.06463378302761459
108.0 84.0 9.647673654678543E-4
108.0 86.0 0.0
108.0 88.0 0.0
108.0 90.0 0.0
108.0 92.0 0.0
108.0 94.0 0.0
108.0 96.0 0.0
108.0 98.0 0.0
108.0 100.0 0.0
108.0 102.0 0.0
108.0 104.0 0.0
108.0 106.0 0.0
108.0 108.0 0.006701517209964776
108.0 110.0 0.0
108.0 112.0 0.0
108.0 114.0 0.0
108.0 116.0 0.0
108.0 118.0 0.0
108.0 120.0 0.0
108.0 122.0 0.0
108.0 124.0 0.0
108.0 126.0 0.0
110.0 0.0 0.0
110.0 2.0 0.0
110.0 4.0 0.0
110.0 6.0 0.0
110.0 8.0 0.0
110.0 10.0 0.0
110.0 12.0 0.0
110.0 14.0 0.0
110.0 16.0 0.0
110.0 18.0 0.0
110.0 20.0 0.0
110.0 22.0 0.08889814808666241
110.0 24.0 0.11798412453677402
110.0 26.0 0.16311038221729238
110.0 28.0 0.18879030896777213
110.0 30.0 0.2049579737545716
110.0 32.0 0.20374945849865211
110.0 34.0 0.1695897312829863
110.0 36.0 0.13230593836890603
110.0 38.0 0.007284535046138445
110.0 40.0 0.0
110.0 42.0 0.0
110.0 44.0 0.0
110.0 46.0 0.0
110.0 48.0 0.0
110.0 50.0 0.0
110.0 52.0 0.0
110.0 54.0 0.0
110.0 56.0 0.0
110.0 58.0 7.363898166053016E-4
110.0 60.0 0.014160029819063766
110.0 62.0 0.03761675172018635
110.0 64.0 0.11669898986652068
110.0 66.0 0.23373342993359011
110.0 68.0 0.3158386997052924
110.0 70.0 0.33962185975099146
110.0 72.0 0.3728120560065364
110.0 74.0 0.42850224241441937
110.0 76.0 0.45680565719820426
110.0 78.0 0.4282855052281547
110.0 80.0 0.30484173716641644
110.0 82.0 0.12967999393044535
110.0 84.0 0.03273613035343841
110.0 86.0 0.0
110.0 88.0 0.0
110.0 90.0 0.0
110.0 92.0 0.0
110.0 94.0 0.0
110.0 96.0 0.0
110.0 98.0 0.0
110.0 100.0 0.0
110.0 102.0 0.0
110.0 104.0 0.0
110.0 106.0 0.0
110.0 108.0 0.0
110.0 110.0 0.0
110.0 112.0 0.0
110.0 114.0 0.0
110.0 116.0 0.0
110.0 118.0 0.0
110.0 120.0 0.0
110.0 122.0 0.0
110.0 124.0 0.0
110.0 126.0 0.0
112.0 0.0 0.0
112.0 2.0 0.0
112.0 4.0 0.0
112.0 6.0 0.0
112.0 8.0 0.0
112.0 10.0 0.0
112.0 12.0 0.0
112.0 14.0 0.0
112.0 16.0 0.0
112.0 18.0 0.0
112.0 20.0 0.0
112.0 22.0 0.0
112.0 24.0 0.05926025567033826
112.0 26.0 0.14610456277155043
112.0 28.0 0.1733080823648732
112.0 30.0 0.18073809426316004
112.0 32.0 0.16565828854447956
112.0 34.0 0.12388202322673549
112.0 36.0 0.07379875717541277
112.0 38.0 9.341272603153247E-4
112.0 40.0 0.0
112.0 42.0 0.0
112.0 44.0 0.0
112.0 46.0 0.0
112.0 48.0 0.0
112.0 50.0 0.0
112.0 52.0 0.0
112.0 54.0 0.0
112.0 56.0 0.0
112.0 58.0 0.0
112.0 60.0 0.004625877215647643
112.0 62.0 0.02073483133820544
112.0 64.0 0.05254127752503662
112.0 66.0 0.13215717289102383
112.0 68.0 0.26473402289021836
112.0 70.0 0.2956299025435108
112.0 72.0 0.3225689863387815
112.0 74.0 0.3778891583771806
112.0 76.0 0.4256285708813512
112.0 78.0 0.424989301335817
112.0 80.0 0.35635543106680273
112.0 82.0 0.20090308302771206
112.0 84.0 0.07688494591363855
112.0 86.0 0.002478849072264491
112.0 88.0 0.0
112.0 90.0 0.0
112.0 92.0 0.0
112.0 94.0 0.0
112.0 96.0 0.0
112.0 98.0 0.0
112.0 100.0 0.0
112.0 102.0 0.0
112.0 104.0 0.0
112.0 106.0 0.0
112.0 108.0 0.0
112.0 110.0 0.0
112.0 112.0 0.0
112.0 114.0 0.0
112.0 116.0 0.0
112.0 118.0 0.0
112.0 120.0 0.0
112.0 122.0 0.0
112.0 124.0 0.0
112.0 126.0 0.0
114.0 0.0 0.0
114.0 2.0 0.0
114.0 4.0 0.0
114.0 6.0 0.0
114.0 8.0 0.0
114.0 10.0 0.0
114.0 12.0 0.0
114.0 14.0 0.0
114.0 16.0 0.0
114.0 18.0 0.0
114.0 20.0 0.0
114.0 22.0 0.0
114.0 24.0 0.0
114.0 26.0 0.043576474693896805
114.0 28.0 0.13039833950066224
114.0 30.0 0.1452991425388979
114.0 32.0 0.13369496959392838
114.0 34.0 0.09898232172456002
114.0 36.0 0.048478885911653176
114.0 38.0 3.102426695843218E-4
114.0 40.0 0.0
114.0 42.0 0.0
114.0 44.0 0.0
114.0 46.0 0.0
114.0 48.0 0.0
114.0 50.0 0.0
114.0 52.0 0.0
114.0 54.0 0.0
114.0 56.0 0.0
114.0 58.0 0.0
114.0 60.0 0.0
114.0 62.0 0.00398362256075853
114.0 64.0 0.020554724867498608
114.0 66.0 0.05113747323586434
114.0 68.0 0.16755314012260222
114.0 70.0 0.2727444918185043
114.0 72.0 0.2706697127847992
114.0 74.0 0.3076420589028838
114.0 76.0 0.3857404566058049
114.0 78.0 0.397139399472246
114.0 80.0 0.3743567697514136
114.0 82.0 0.25021511189994466
114.0 84.0 0.12773879821639647
114.0 86.0 0.03190358925426456
114.0 88.0 0.0
114.0 90.0 0.0
114.0 92.0 0.0
114.0 94.0 0.0
114.0 96.0 0.0
114.0 98.0 0.0
114.0 100.0 0.0
114.0 102.0 0.0
114.0 104.0 0.0
114.0 106.0 0.0
114.0 108.0 0.0
114.0 110.0 0.0
114.0 112.0 0.0
114.0 114.0 0.0
114.0 116.0 0.0
114.0 118.0 0.0
114.0 120.0 0.0
114.0 122.0 0.0
114.0 124.0 0.0
114.0 126.0 0.0
116.0 0.0 0.0
116.0 2.0 0.0
116.0 4.0 0.0
116.0 6.0 0.0
116.0 8.0 0.0
116.0 10.0 0.0
116.0 12.0 0.0
116.0 14.0 0.0
116.0 16.0 0.0
116.0 18.0 0.0
116.0 20.0 0.0
116.0 22.0 0.0
116.0 24.0 0.0
116.0 26.0 0.0
116.0 28.0 0.0
116.0 30.0 0.06552981812785885
116.0 32.0 0.08854091887785903
116.0 34.0 0.07338587851025984
116.0 36.0 0.03906769949015133
116.0 38.0 0.0
116.0 40.0 0.0
116.0 42.0 0.0
116.0 44.0 0.0
116.0 46.0 0.0
116.0 48.0 0.0
116.0 50.0 0.0
116.0 52.0 0.0
116.0 54.0 0.0
116.0 56.0 0.0
116.0 58.0 0.0
116.0 60.0 0.0
116.0 62.0 0.0
116.0 64.0 0.0029736061190442707
116.0 66.0 0.01504928617908551
116.0 68.0 0.06400584504769463
116.0 70.0 0.1791097317332667
116.0 72.0 0.23244519290732116
116.0 74.0 0.2687828899394896
116.0 76.0 0.2992816686148861
116.0 78.0 0.37145593808818717
116.0 80.0 0.36831476229781707
116.0 82.0 0.2875189649618405
116.0 84.0 0.17667523932771156
116.0 86.0 0.07740946718500014
116.0 88.0 0.0015104245313623602
116.0 90.0 0.0
116.0 92.0 0.0
116.0 94.0 0.0
116.0 96.0 0.0
116.0 98.0 0.0
116.0 100.0 0.0
116.0 102.0 0.0
116.0 104.0 0.0
116.0 106.0 0.0
116.0 108.0 0.0
116.0 110.0 0.0
116.0 112.0 0.0
116.0 114.0 0.0
116.0 116.0 0.0
116.0 118.0 0.0
116.0 120.0 0.0
116.0 122.0 0.0
116.0 124.0 0.0
116.0 126.0 0.0
118.0 0.0 0.0
118.0 2.0 0.0
118.0 4.0 0.0
118.0 6.0 0.0
118.0 8.0 0.0
118.0 10.0 0.0
118.0 12.0 0.0
118.0 14.0 0.0
118.0 16.0 0.0
118.0 18.0 0.0
118.0 20.0 0.0
118.0 22.0 0.0
118.0 24.0 0.0
118.0 26.0 0.0
118.0 28.0 0.0
118.0 30.0 0.0
118.0 32.0 0.0
118.0 34.0 0.02169919674162688
118.0 36.0 0.0056678645411474176
118.0 38.0 0.0
118.0 40.0 0.0
118.0 42.0 0.0
118.0 44.0 0.0
118.0 46.0 0.0
118.0 48.0 0.0
118.0 50.0 0.0
118.0 52.0 0.0
118.0 54.0 0.0
118.0 56.0 0.0
118.0 58.0 0.0
118.0 60.0 0.0
118.0 62.0 0.0
118.0 64.0 0.0
118.0 66.0 2.0484444285207202E-4
118.0 68.0 0.0053585204128133125
118.0 70.0 0.049393517677210196
118.0 72.0 0.15308249587919917
118.0 74.0 0.22743178523545518
118.0 76.0 0.27638038402071285
118.0 78.0 0.3154299802406691
118.0 80.0 0.3528960359604854
118.0 82.0 0.3042882901722367
118.0 84.0 0.2203805833701181
118.0 86.0 0.12388495847660676
118.0 88.0 0.03536807384457901
118.0 90.0 0.0
118.0 92.0 0.0
118.0 94.0 0.0
118.0 96.0 0.0
118.0 98.0 0.0
118.0 100.0 0.0
118.0 102.0 0.0
118.0 104.0 0.0
118.0 106.0 0.0
118.0 108.0 0.0
118.0 110.0 0.0
118.0 112.0 0.0
118.0 114.0 0.0
118.0 116.0 0.0
118.0 118.0 0.0
118.0 120.0 0.0
118.0 122.0 0.0
118.0 124.0 0.0
118.0 126.0 0.0
120.0 0.0 0.0
120.0 2.0 0.0
120.0 4.0 0.0
120.0 6.0 0.0
120.0 8.0 0.0
120.0 10.0 0.0
120.0 12.0 0.0
120.0 14.0 0.0
120.0 16.0 0.0
120.0 18.0 0.0
120.0 20.0 0.0
120.0 22.0 0.0
120.0 24.0 0.0
120.0 26.0 0.0
120.0 28.0 0.0
120.0 30.0 0.0
120.0 32.0 0.0
120.0 34.0 0.0
120.0 36.0 0.0
120.0 38.0 0.0
120.0 40.0 0.0
120.0 42.0 0.0
120.0 44.0 0.0
120.0 46.0 0.0
120.0 48.0 0.0
120.0 50.0 0.0
120.0 52.0 0.0
120.0 54.0 0.0
120.0 56.0 0.0
120.0 58.0 0.0
120.0 60.0 0.0
120.0 62.0 0.0
120.0 64.0 0.0
120.0 66.0 0.0
120.0 68.0 0.0
120.0 70.0 0.010077362760529231
120.0 72.0 0.07304997421186483
120.0 74.0 0.16363259968539956
120.0 76.0 0.23062158026946197
120.0 78.0 0.26927726444988614
120.0 80.0 0.32535674014224764
120.0 82.0 0.30955579172353104
120.0 84.0 0.2503946711303
120.0 86.0 0.16771654405837344
120.0 88.0 0.07720585585780608
120.0 90.0 0.010627046007371528
120.0 92.0 0.0
120.0 94.0 0.0
120.0 96.0 0.0
120.0 98.0 0.0
120.0 100.0 0.0
120.0 102.0 0.0
120.0 104.0 0.0
120.0 106.0 0.0
120.0 108.0 0.0
120.0 110.0 0.0
120.0 112.0 0.0
120.0 114.0 0.0
120.0 116.0 0.0
120.0 118.0 0.0
120.0 120.0 0.0
120.0 122.0 0.0
120.0 124.0 0.0
120.0 126.0 0.0
122.0 0.0 0.0
122.0 2.0 0.0
122.0 4.0 0.0
122.0 6.0 0.0
122.0 8.0 0.0
122.0 10.0 0.0
122.0 12.0 0.0
122.0 14.0 0.0
122.0 16.0 0.0
122.0 18.0 0.0
122.0 20.0 0.0
122.0 22.0 0.0
122.0 24.0 0.0
122.0 26.0 0.0
122.0 28.0 0.0
122.0 30.0 0.0
122.0 32.0 0.0
122.0 34.0 0.0
122.0 36.0 0.0
122.0 38.0 0.0
122.0 40.0 0.0
122.0 42.0 0.0
122.0 44.0 0.0
122.0 46.0 0.0
122.0 48.0 0.0
122.0 50.0 0.0
122.0 52.0 0.0
122.0 54.0 0.0
122.0 56.0 0.0
122.0 58.0 0.0
122.0 60.0 0.0
122.0 62.0 0.0
122.0 64.0 0.0
122.0 66.0 0.0
122.0 68.0 0.0
122.0 70.0 8.201029929660566E-4
122.0 72.0 0.022380351189750475
122.0 74.0 0.09830432148691692
122.0 76.0 0.17572927467266672
122.0 78.0 0.2284984877228554
122.0 80.0 0.2977272015436862
122.0 82.0 0.30725729120087536
122.0 84.0 0.27082204273498084
122.0 86.0 0.20406369033388316
122.0 88.0 0.11880508282933273
122.0 90.0 0.0
122.0 92.0 0.0
122.0 94.0 0.0
122.0 96.0 0.0
122.0 98.0 0.0
122.0 100.0 0.0
122.0 102.0 0.0
122.0 104.0 0.0
122.0 106.0 0.0
122.0 108.0 0.0
122.0 110.0 0.0
122.0 112.0 0.0
122.0 114.0 0.0
122.0 116.0 0.0
122.0 118.0 0.0
122.0 120.0 0.0
122.0 122.0 0.0
122.0 124.0 0.0
122.0 126.0 0.0
124.0 0.0 0.0
124.0 2.0 0.0
124.0 4.0 0.0
124.0 6.0 0.0
124.0 8.0 0.0
124.0 10.0 0.0
124.0 12.0 0.0
124.0 14.0 0.0
124.0 16.0 0.0
124.0 18.0 0.0
124.0 20.0 0.0
124.0 22.0 0.0
124.0 24.0 0.0
124.0 26.0 0.0
124.0 28.0 0.0
124.0 30.0 0.0
124.0 32.0 0.0
124.0 34.0 0.0
124.0 36.0 0.0
124.0 38.0 0.0
124.0 40.0 0.0
124.0 42.0 0.0
124.0 44.0 0.0
124.0 46.0 0.006299665043132108
124.0 48.0 0.0
124.0 50.0 0.0
124.0 52.0 0.0
124.0 54.0 0.0
124.0 56.0 0.0
124.0 58.0 0.0
124.0 60.0 0.0
124.0 62.0 0.0
124.0 64.0 0.0
124.0 66.0 0.0
124.0 68.0 0.0
124.0 70.0 0.0
124.0 72.0 0.006234057890427765
124.0 74.0 0.04579235031849557
124.0 76.0 0.130921758252007
124.0 78.0 0.19247619415765035
124.0 80.0 0.2613359048258037
124.0 82.0 0.30882268721511735
124.0 84.0 0.0
124.0 86.0 0.0
124.0 88.0 0.0
124.0 90.0 0.0
124.0 92.0 0.0
124.0 94.0 0.0
124.0 96.0 0.0
124.0 98.0 0.0
124.0 100.0 0.0
124.0 102.0 0.0
124.0 104.0 0.0
124.0 106.0 0.0
124.0 108.0 0.0
124.0 110.0 0.0
124.0 112.0 0.0
124.0 114.0 0.0
124.0 116.0 0.0
124.0 118.0 0.0
124.0 120.0 0.0
124.0 122.0 0.0
124.0 124.0 0.0
124.0 126.0 0.0
126.0 0.0 0.0
126.0 2.0 0.0
126.0 4.0 0.0
126.0 6.0 0.0
126.0 8.0 0.0
126.0 10.0 0.0
126.0 12.0 0.0
126.0 14.0 0.0
126.0 16.0 0.0
126.0 18.0 0.0
126.0 20.0 0.0
126.0 22.0 0.0
126.0 24.0 0.0
126.0 26.0 0.0
126.0 28.0 0.0
126.0 30.0 0.0
126.0 32.0 0.0
126.0 34.0 0.0
126.0 36.0 0.0
126.0 38.0 0.0
126.0 40.0 0.0
126.0 42.0 0.0
126.0 44.0 0.0
126.0 46.0 0.0
126.0 48.0 0.0
126.0 50.0 0.0
126.0 52.0 0.0
126.0 54.0 0.07765118077911277
126.0 56.0 0.0
126.0 58.0 0.0
126.0 60.0 0.0
126.0 62.0 0.0
126.0 64.0 0.0
126.0 66.0 0.0
126.0 68.0 0.0
126.0 70.0 0.0
126.0 72.0 0.001201833581513226
126.0 74.0 0.02936684556201813
126.0 76.0 0.0
126.0 78.0 0.0
126.0 80.0 0.0
126.0 82.0 0.0
126.0 84.0 0.0
126.0 86.0 0.0
126.0 88.0 0.0
126.0 90.0 0.0
126.0 92.0 0.0
126.0 94.0 0.0
126.0 96.0 0.0
126.0 98.0 0.0
126.0 100.0 0.0
126.0 102.0 0.0
126.0 104.0 0.0
126.0 106.0 0.0
126.0 108.0 0.0
126.0 110.0 0.0
126.0 112.0 0.0
126.0 114.0 0.0
126.0 116.0 0.0
126.0 118.0 0.0
126.0 120.0 0.0
126.0 122.0 0.0
126.0 124.0 0.0
126.0 126.0 0.0
