0.0 0.0 0.0
0.0 2.0 0.0
0.0 4.0 0.0
0.0 6.0 0.0
0.0 8.0 0.0
0.0 10.0 0.0
0.0 12.0 0.0
0.0 14.0 0.0
0.0 16.0 0.0
0.0 18.0 0.0
0.0 20.0 0.0
0.0 22.0 0.0
0.0 24.0 0.0
0.0 26.0 0.0
0.0 28.0 0.0
0.0 30.0 0.0
0.0 32.0 0.0
0.0 34.0 0.0
0.0 36.0 0.0
0.0 38.0 0.0
0.0 40.0 0.0
0.0 42.0 0.0
0.0 44.0 0.0
0.0 46.0 0.0
0.0 48.0 0.0
0.0 50.0 0.0
0.0 52.0 0.0
0.0 54.0 0.0
0.0 56.0 0.0
0.0 58.0 0.0
0.0 60.0 0.0
0.0 62.0 0.0
0.0 64.0 0.0
0.0 66.0 0.0
0.0 68.0 0.0
0.0 70.0 0.0
0.0 72.0 0.0
0.0 74.0 0.0
0.0 76.0 0.0
0.0 78.0 0.0
0.0 80.0 0.0
0.0 82.0 0.0
0.0 84.0 0.0
0.0 86.0 0.0
0.0 88.0 0.0
0.0 90.0 0.0
0.0 92.0 0.0
0.0 94.0 0.0
0.0 96.0 0.0
0.0 98.0 0.0
0.0 100.0 0.0
0.0 102.0 0.0
0.0 104.0 0.0
0.0 106.0 0.0
0.0 108.0 0.0
0.0 110.0 0.0
0.0 112.0 0.0
0.0 114.0 0.0
0.0 116.0 0.0
0.0 118.0 0.0
0.0 120.0 0.0
0.0 122.0 0.0
0.0 124.0 0.0
0.0 126.0 0.0
2.0 0.0 0.0
2.0 2.0 0.0
2.0 4.0 0.0
2.0 6.0 0.0
2.0 8.0 0.0
2.0 10.0 0.0
2.0 12.0 0.0
2.0 14.0 0.0
2.0 16.0 0.0
2.0 18.0 0.0
2.0 20.0 0.0
2.0 22.0 0.0
2.0 24.0 0.0
2.0 26.0 0.0
2.0 28.0 0.0
2.0 30.0 0.0
2.0 32.0 0.0
2.0 34.0 0.0
2.0 36.0 0.0
2.0 38.0 0.0
2.0 40.0 0.0
2.0 42.0 0.0
2.0 44.0 0.0
2.0 46.0 0.0
2.0 48.0 3.1780515798740826E-4
2.0 50.0 0.07437547862815058
2.0 52.0 0.14438103110236414
2.0 54.0 0.20732165219069323
2.0 56.0 0.2950913460627054
2.0 58.0 0.3408102636346422
2.0 60.0 0.30905778052220906
2.0 62.0 0.21447442020785837
2.0 64.0 0.06654195215139753
2.0 66.0 4.885098043843666E-4
2.0 68.0 0.0
2.0 70.0 0.0
2.0 72.0 0.0
2.0 74.0 0.0
2.0 76.0 0.0
2.0 78.0 0.0
2.0 80.0 0.0
2.0 82.0 0.0
2.0 84.0 0.0
2.0 86.0 0.0
2.0 88.0 0.0
2.0 90.0 0.0
2.0 92.0 0.0
2.0 94.0 0.0
2.0 96.0 0.0
2.0 98.0 0.0
2.0 100.0 0.0
2.0 102.0 0.0
2.0 104.0 0.0
2.0 106.0 0.0
2.0 108.0 0.0
2.0 110.0 0.0
2.0 112.0 0.0
2.0 114.0 0.0
2.0 116.0 0.0
2.0 118.0 0.0
2.0 120.0 0.0
2.0 122.0 0.0
2.0 124.0 0.0
2.0 126.0 0.0
4.0 0.0 0.0
4.0 2.0 0.0
4.0 4.0 0.0
4.0 6.0 0.0
4.0 8.0 0.0
4.0 10.0 0.0
4.0 12.0 0.0
4.0 14.0 0.0
4.0 16.0 0.0
4.0 18.0 0.0
4.0 20.0 0.0
4.0 22.0 0.0
4.0 24.0 0.0
4.0 26.0 0.0
4.0 28.0 0.0
4.0 30.0 0.0
4.0 32.0 0.0
4.0 34.0 0.0
4.0 36.0 0.0
4.0 38.0 0.0
4.0 40.0 0.0
4.0 42.0 0.0
4.0 44.0 0.015450650011357632
4.0 46.0 0.031234321964561745
4.0 48.0 0.07057933727059182
4.0 50.0 0.11191500255970337
4.0 52.0 0.17919709636367945
4.0 54.0 0.2492236465502057
4.0 56.0 0.2887501701200936
4.0 58.0 0.2971512696702492
4.0 60.0 0.2357295128502177
4.0 62.0 0.12777986376185357
4.0 64.0 0.05721807102021628
4.0 66.0 0.0034339525924837583
4.0 68.0 0.0
4.0 70.0 0.0
4.0 72.0 0.0
4.0 74.0 0.0
4.0 76.0 0.0
4.0 78.0 0.0
4.0 80.0 0.0
4.0 82.0 0.0
4.0 84.0 0.02741917310502107
4.0 86.0 0.0
4.0 88.0 0.0
4.0 90.0 0.0
4.0 92.0 0.0
4.0 94.0 0.0
4.0 96.0 0.0
4.0 98.0 0.0
4.0 100.0 0.0
4.0 102.0 0.0
4.0 104.0 0.0
4.0 106.0 0.0
4.0 108.0 0.0
4.0 110.0 0.0
4.0 112.0 0.0
4.0 114.0 0.0
4.0 116.0 0.0
4.0 118.0 0.0
4.0 120.0 0.0
4.0 122.0 0.0
4.0 124.0 0.0
4.0 126.0 0.0
6.0 0.0 0.0
6.0 2.0 0.0
6.0 4.0 0.0
6.0 6.0 0.0
6.0 8.0 0.0
6.0 10.0 0.0
6.0 12.0 0.0
6.0 14.0 0.0
6.0 16.0 0.0
6.0 18.0 0.0
6.0 20.0 0.0
6.0 22.0 0.0
6.0 24.0 0.0
6.0 26.0 0.0
6.0 28.0 0.0
6.0 30.0 0.0
6.0 32.0 0.0
6.0 34.0 0.0
6.0 36.0 0.0
6.0 38.0 0.11958532993672814
6.0 40.0 0.05939782050486598
6.0 42.0 0.035173405616705115
6.0 44.0 0.03232455354411467
6.0 46.0 0.05011436796872391
6.0 48.0 0.08762101628573066
6.0 50.0 0.1386120285124838
6.0 52.0 0.2119544917244555
6.0 54.0 0.2874139894124814
6.0 56.0 0.33326385053602664
6.0 58.0 0.3277024491086083
6.0 60.0 0.25551392258622024
6.0 62.0 0.14305406596438935
6.0 64.0 0.06314577192596965
6.0 66.0 0.008093996127167697
6.0 68.0 0.0
6.0 70.0 0.0
6.0 72.0 0.0
6.0 74.0 0.0
6.0 76.0 0.0
6.0 78.0 0.0
6.0 80.0 0.0
6.0 82.0 0.0
6.0 84.0 0.005232930478715443
6.0 86.0 0.09552430624123899
6.0 88.0 0.27171249975581285
6.0 90.0 0.4695742713064408
6.0 92.0 0.0
6.0 94.0 0.0
6.0 96.0 0.0
6.0 98.0 0.0
6.0 100.0 0.0
6.0 102.0 0.0
6.0 104.0 0.0
6.0 106.0 0.0
6.0 108.0 0.0
6.0 110.0 0.0
6.0 112.0 0.0
6.0 114.0 0.0
6.0 116.0 0.0
6.0 118.0 0.0
6.0 120.0 0.0
6.0 122.0 0.0
6.0 124.0 0.0
6.0 126.0 0.0
8.0 0.0 0.0
8.0 2.0 0.0
8.0 4.0 0.0
8.0 6.0 0.0
8.0 8.0 0.0
8.0 10.0 0.0
8.0 12.0 0.0
8.0 14.0 0.0
8.0 16.0 0.0
8.0 18.0 0.0
8.0 20.0 0.0
8.0 22.0 0.0
8.0 24.0 0.0
8.0 26.0 0.0
8.0 28.0 0.0
8.0 30.0 0.0
8.0 32.0 0.0
8.0 34.0 0.3580090137478267
8.0 36.0 0.039077030047683155
8.0 38.0 0.002696728488248581
8.0 40.0 0.0
8.0 42.0 0.0
8.0 44.0 0.002723561664959111
8.0 46.0 0.028403093406049216
8.0 48.0 0.08136823334250022
8.0 50.0 0.16352522035696782
8.0 52.0 0.24752885139418
8.0 54.0 0.3210290546469647
8.0 56.0 0.3695765521734566
8.0 58.0 0.3588476528784217
8.0 60.0 0.2852202964791552
8.0 62.0 0.16983514649122375
8.0 64.0 0.07036853647409193
8.0 66.0 0.015358505679204574
8.0 68.0 0.0
8.0 70.0 0.0
8.0 72.0 0.0
8.0 74.0 0.0
8.0 76.0 0.0
8.0 78.0 0.0
8.0 80.0 0.0
8.0 82.0 0.0
8.0 84.0 0.0
8.0 86.0 0.050652152256966544
8.0 88.0 0.20895407616702255
8.0 90.0 0.43167009133873463
8.0 92.0 0.5070518398477543
8.0 94.0 0.5218670058773789
8.0 96.0 0.0
8.0 98.0 0.0
8.0 100.0 0.0
8.0 102.0 0.0
8.0 104.0 0.0
8.0 106.0 0.0
8.0 108.0 0.0
8.0 110.0 0.0
8.0 112.0 0.0
8.0 114.0 0.0
8.0 116.0 0.0
8.0 118.0 0.0
8.0 120.0 0.0
8.0 122.0 0.0
8.0 124.0 0.0
8.0 126.0 0.0
10.0 0.0 0.0
10.0 2.0 0.0
10.0 4.0 0.0
10.0 6.0 0.0
10.0 8.0 0.0
10.0 10.0 0.0
10.0 12.0 0.0
10.0 14.0 0.0
10.0 16.0 0.0
10.0 18.0 0.0
10.0 20.0 0.0
10.0 22.0 0.0
10.0 24.0 0.0
10.0 26.0 0.0
10.0 28.0 0.0
10.0 30.0 0.3296465966555968
10.0 32.0 0.0025244375856313217
10.0 34.0 0.0
10.0 36.0 0.0
10.0 38.0 0.0
10.0 40.0 0.0
10.0 42.0 0.0
10.0 44.0 4.9343401507081514E-5
10.0 46.0 0.026766123340718605
10.0 48.0 0.09161208352774657
10.0 50.0 0.1892445388197349
10.0 52.0 0.28436859540167886
10.0 54.0 0.36126767047401254
10.0 56.0 0.4069956523861744
10.0 58.0 0.3898424321284133
10.0 60.0 0.31536812982289825
10.0 62.0 0.19943426921749663
10.0 64.0 0.08248251830285272
10.0 66.0 0.031191556435083895
10.0 68.0 3.020745160677983E-4
10.0 70.0 0.0
10.0 72.0 0.0
10.0 74.0 0.0
10.0 76.0 0.0
10.0 78.0 0.0
10.0 80.0 0.0
10.0 82.0 0.0
10.0 84.0 0.0
10.0 86.0 0.02355599628984169
10.0 88.0 0.16585811369098474
10.0 90.0 0.38398573521479945
10.0 92.0 0.4787948248554806
10.0 94.0 0.5050762545261182
10.0 96.0 0.4817359412004248
10.0 98.0 0.0
10.0 100.0 0.0
10.0 102.0 0.0
10.0 104.0 0.0
10.0 106.0 0.0
10.0 108.0 0.0
10.0 110.0 0.0
10.0 112.0 0.0
10.0 114.0 0.0
10.0 116.0 0.0
10.0 118.0 0.0
10.0 120.0 0.0
10.0 122.0 0.0
10.0 124.0 0.0
10.0 126.0 0.0
12.0 0.0 0.0
12.0 2.0 0.0
12.0 4.0 0.0
12.0 6.0 0.0
12.0 8.0 0.0
12.0 10.0 0.0
12.0 12.0 0.0
12.0 14.0 0.0
12.0 16.0 0.0
12.0 18.0 0.0
12.0 20.0 0.0
12.0 22.0 0.0
12.0 24.0 0.0
12.0 26.0 0.0
12.0 28.0 0.21084662720767147
12.0 30.0 0.0
12.0 32.0 0.0
12.0 34.0 0.0
12.0 36.0 0.0
12.0 38.0 0.0
12.0 40.0 0.0
12.0 42.0 0.0
12.0 44.0 0.0
12.0 46.0 0.026354661484284014
12.0 48.0 0.10085451101884775
12.0 50.0 0.21159031730680553
12.0 52.0 0.3216910257083488
12.0 54.0 0.4023206406286139
12.0 56.0 0.4446478749096096
12.0 58.0 0.4194909811083514
12.0 60.0 0.3448089253461228
12.0 62.0 0.23429612430857416
12.0 64.0 0.10003438333182929
12.0 66.0 0.03530362827166905
12.0 68.0 0.002496343526147991
12.0 70.0 0.0
12.0 72.0 0.0
12.0 74.0 0.0
12.0 76.0 0.0
12.0 78.0 0.0
12.0 80.0 0.0
12.0 82.0 0.0
12.0 84.0 0.0
12.0 86.0 0.01058161335144478
12.0 88.0 0.13305328557214494
12.0 90.0 0.37565804947823384
12.0 92.0 0.4765324127882729
12.0 94.0 0.5081864943281733
12.0 96.0 0.4835910209774821
12.0 98.0 0.4062788588478894
12.0 100.0 0.2720932278206335
12.0 102.0 0.0
12.0 104.0 0.0
12.0 106.0 0.0
12.0 108.0 0.0
12.0 110.0 0.0
12.0 112.0 0.0
12.0 114.0 0.0
12.0 116.0 0.0
12.0 118.0 0.0
12.0 120.0 0.0
12.0 122.0 0.0
12.0 124.0 0.0
12.0 126.0 0.0
14.0 0.0 0.0
14.0 2.0 0.0
14.0 4.0 0.0
14.0 6.0 0.0
14.0 8.0 0.0
14.0 10.0 0.0
14.0 12.0 0.0
14.0 14.0 0.0
14.0 16.0 0.0
14.0 18.0 0.0
14.0 20.0 0.0
14.0 22.0 0.0
14.0 24.0 0.05188800927696713
14.0 26.0 0.0
14.0 28.0 0.0
14.0 30.0 0.0
14.0 32.0 0.0
14.0 34.0 0.0
14.0 36.0 0.0
14.0 38.0 0.0
14.0 40.0 0.0
14.0 42.0 0.0
14.0 44.0 0.0
14.0 46.0 0.016563886451443046
14.0 48.0 0.09963490812285486
14.0 50.0 0.22042971682548138
14.0 52.0 0.330584093373884
14.0 54.0 0.4130434435104879
14.0 56.0 0.4614449132424426
14.0 58.0 0.44175542618482994
14.0 60.0 0.36912642253227945
14.0 62.0 0.25838163402887065
14.0 64.0 0.11796327627390603
14.0 66.0 0.039488589283010425
14.0 68.0 0.004671133565465137
14.0 70.0 0.0
14.0 72.0 0.0
14.0 74.0 0.0
14.0 76.0 0.0
14.0 78.0 0.0
14.0 80.0 0.0
14.0 82.0 0.0
14.0 84.0 0.0
14.0 86.0 0.004989540613342692
14.0 88.0 0.13407953537285303
14.0 90.0 0.38028886274902013
14.0 92.0 0.48336179404138346
14.0 94.0 0.5143956632758055
14.0 96.0 0.4828723682106127
14.0 98.0 0.39532612684742513
14.0 100.0 0.24923955830833755
14.0 102.0 0.08765361120514621
14.0 104.0 0.0
14.0 106.0 0.0
14.0 108.0 0.0
14.0 110.0 0.0
14.0 112.0 0.0
14.0 114.0 0.0
14.0 116.0 0.0
14.0 118.0 0.0
14.0 120.0 0.0
14.0 122.0 0.0
14.0 124.0 0.0
14.0 126.0 0.0
16.0 0.0 0.0
16.0 2.0 0.0
16.0 4.0 0.0
16.0 6.0 0.0
16.0 8.0 0.0
16.0 10.0 0.0
16.0 12.0 0.0
16.0 14.0 0.0
16.0 16.0 0.0
16.0 18.0 0.0
16.0 20.0 0.0
16.0 22.0 0.005111537838251572
16.0 24.0 0.0
16.0 26.0 0.0
16.0 28.0 0.0
16.0 30.0 0.0
16.0 32.0 0.0
16.0 34.0 0.0
16.0 36.0 0.0
16.0 38.0 0.0
16.0 40.0 0.0
16.0 42.0 0.0
16.0 44.0 0.0
16.0 46.0 0.045333448262409475
16.0 48.0 0.13946721284081276
16.0 50.0 0.2602629835097314
16.0 52.0 0.37169280910030406
16.0 54.0 0.41950846724048424
16.0 56.0 0.45589224172718135
16.0 58.0 0.4525234869217773
16.0 60.0 0.387259317175094
16.0 62.0 0.27599417528085085
16.0 64.0 0.13314826147955844
16.0 66.0 0.03846201780695773
16.0 68.0 0.005607242985811074
16.0 70.0 0.0
16.0 72.0 0.0
16.0 74.0 0.0
16.0 76.0 0.0
16.0 78.0 0.0
16.0 80.0 0.0
16.0 82.0 0.0
16.0 84.0 0.0
16.0 86.0 0.011404955292727705
16.0 88.0 0.17338068293792283
16.0 90.0 0.3578165015482677
16.0 92.0 0.4553881194532799
16.0 94.0 0.483967053204524
16.0 96.0 0.45943088827453776
16.0 98.0 0.3728780824599704
16.0 100.0 0.22959150983161206
16.0 102.0 0.07587662168417071
16.0 104.0 0.004338384330117633
16.0 106.0 0.0
16.0 108.0 0.0
16.0 110.0 0.0
16.0 112.0 0.0
16.0 114.0 0.0
16.0 116.0 0.0
16.0 118.0 0.0
16.0 120.0 0.0
16.0 122.0 0.0
16.0 124.0 0.0
16.0 126.0 0.0
18.0 0.0 0.0
18.0 2.0 0.0
18.0 4.0 0.0
18.0 6.0 0.0
18.0 8.0 0.0
18.0 10.0 0.0
18.0 12.0 0.0
18.0 14.0 0.0
18.0 16.0 0.0
18.0 18.0 0.0
18.0 20.0 0.0
18.0 22.0 0.0
18.0 24.0 0.0
18.0 26.0 0.0
18.0 28.0 0.0
18.0 30.0 0.0
18.0 32.0 0.0
18.0 34.0 0.0
18.0 36.0 0.0
18.0 38.0 0.0
18.0 40.0 0.0
18.0 42.0 0.0
18.0 44.0 0.0
18.0 46.0 0.04408229859182436
18.0 48.0 0.15315610280843397
18.0 50.0 0.29367546391214866
18.0 52.0 0.40621093884027343
18.0 54.0 0.422089010960254
18.0 56.0 0.4583755011136062
18.0 58.0 0.467503364800512
18.0 60.0 0.4016773891735177
18.0 62.0 0.28445363026559195
18.0 64.0 0.13814215948146977
18.0 66.0 0.040768348329450005
18.0 68.0 0.005389719683890863
18.0 70.0 0.0
18.0 72.0 0.0
18.0 74.0 0.0
18.0 76.0 0.0
18.0 78.0 0.0
18.0 80.0 0.0
18.0 82.0 0.0
18.0 84.0 0.0
18.0 86.0 0.018238791792891156
18.0 88.0 0.22333225479785612
18.0 90.0 0.4081402379901282
18.0 92.0 0.49626498071446373
18.0 94.0 0.518989886964095
18.0 96.0 0.47360471865489706
18.0 98.0 0.3628781711046305
18.0 100.0 0.1955534449619981
18.0 102.0 0.058840430259319086
18.0 104.0 0.0
18.0 106.0 0.0
18.0 108.0 0.0
18.0 110.0 0.0
18.0 112.0 0.0
18.0 114.0 0.0
18.0 116.0 0.0
18.0 118.0 0.0
18.0 120.0 0.0
18.0 122.0 0.0
18.0 124.0 0.0
18.0 126.0 0.0
20.0 0.0 0.0
20.0 2.0 0.0
20.0 4.0 0.0
20.0 6.0 0.0
20.0 8.0 0.0
20.0 10.0 0.0
20.0 12.0 0.0
20.0 14.0 0.0
20.0 16.0 0.0
20.0 18.0 0.0
20.0 20.0 0.0
20.0 22.0 0.0
20.0 24.0 0.0
20.0 26.0 0.0
20.0 28.0 0.0
20.0 30.0 0.0
20.0 32.0 0.0
20.0 34.0 0.0
20.0 36.0 0.0
20.0 38.0 0.0
20.0 40.0 0.0
20.0 42.0 5.705426003717981E-4
20.0 44.0 0.029856824449811414
20.0 46.0 0.09257866118565201
20.0 48.0 0.18313147764830148
20.0 50.0 0.3026487021521303
20.0 52.0 0.4091781536767117
20.0 54.0 0.44895279678021205
20.0 56.0 0.47574431432512676
20.0 58.0 0.4793278293724817
20.0 60.0 0.40787902005376364
20.0 62.0 0.2829628541513687
20.0 64.0 0.13438353693997748
20.0 66.0 0.038112559440632104
20.0 68.0 0.0029174601769508504
20.0 70.0 0.0
20.0 72.0 0.0
20.0 74.0 0.0
20.0 76.0 0.0
20.0 78.0 0.0
20.0 80.0 0.0
20.0 82.0 0.0
20.0 84.0 0.0
20.0 86.0 0.036466130226173045
20.0 88.0 0.27113877872563846
20.0 90.0 0.45138739727087435
20.0 92.0 0.5270579497136644
20.0 94.0 0.5387426454053603
20.0 96.0 0.4748749018494142
20.0 98.0 0.3452216910246602
20.0 100.0 0.16312394048589518
20.0 102.0 0.042621070123875386
20.0 104.0 0.0
20.0 106.0 0.0
20.0 108.0 0.0
20.0 110.0 0.0
20.0 112.0 0.0
20.0 114.0 0.0
20.0 116.0 0.0
20.0 118.0 0.0
20.0 120.0 0.0
20.0 122.0 0.0
20.0 124.0 0.0
20.0 126.0 0.0
22.0 0.0 0.0
22.0 2.0 0.0
22.0 4.0 0.0
22.0 6.0 0.0
22.0 8.0 0.0
22.0 10.0 0.0
22.0 12.0 0.0
22.0 14.0 0.0
22.0 16.0 0.0
22.0 18.0 0.0
22.0 20.0 0.0
22.0 22.0 0.0
22.0 24.0 0.0
22.0 26.0 0.0
22.0 28.0 0.0
22.0 30.0 0.0
22.0 32.0 0.0
22.0 34.0 0.0
22.0 36.0 0.0
22.0 38.0 0.0
22.0 40.0 0.0
22.0 42.0 0.007319857846233895
22.0 44.0 0.04179295294573976
22.0 46.0 0.11960102946862383
22.0 48.0 0.2153526345308384
22.0 50.0 0.3528871324714562
22.0 52.0 0.4409399978993607
22.0 54.0 0.4881793654226206
22.0 56.0 0.5175614950281463
22.0 58.0 0.49473819671860086
22.0 60.0 0.4047637010908724
22.0 62.0 0.26422026225554157
22.0 64.0 0.11614908749741387
22.0 66.0 0.03090292024776441
22.0 68.0 0.0
22.0 70.0 0.0
22.0 72.0 0.0
22.0 74.0 0.0
22.0 76.0 0.0
22.0 78.0 0.0
22.0 80.0 0.0
22.0 82.0 0.0
22.0 84.0 0.0
22.0 86.0 0.08187566985569551
22.0 88.0 0.3069758672684753
22.0 90.0 0.4867444639943213
22.0 92.0 0.5552439686302594
22.0 94.0 0.5442294424569231
22.0 96.0 0.4667763614850162
22.0 98.0 0.320930614878517
22.0 100.0 0.13585994346568225
22.0 102.0 0.025549258381824744
22.0 104.0 0.0
22.0 106.0 0.0
22.0 108.0 0.0
22.0 110.0 0.0
22.0 112.0 0.0
22.0 114.0 0.0
22.0 116.0 0.0
22.0 118.0 0.0
22.0 120.0 0.0
22.0 122.0 0.0
22.0 124.0 0.0
22.0 126.0 0.0
24.0 0.0 0.0
24.0 2.0 0.0
24.0 4.0 0.0
24.0 6.0 0.0
24.0 8.0 0.0
24.0 10.0 0.0
24.0 12.0 0.0
24.0 14.0 0.0
24.0 16.0 0.0
24.0 18.0 0.0
24.0 20.0 0.0
24.0 22.0 0.0
24.0 24.0 0.0
24.0 26.0 0.0
24.0 28.0 0.0
24.0 30.0 0.0
24.0 32.0 0.0
24.0 34.0 0.0
24.0 36.0 0.0
24.0 38.0 0.0
24.0 40.0 0.007456565670874957
24.0 42.0 0.036601969293443705
24.0 44.0 0.09758797457042591
24.0 46.0 0.16876891427571664
24.0 48.0 0.2510199996101809
24.0 50.0 0.36800482296327
24.0 52.0 0.44346020066052355
24.0 54.0 0.49140592754541607
24.0 56.0 0.5069098426397961
24.0 58.0 0.4834784514991805
24.0 60.0 0.37949575621292847
24.0 62.0 0.2138280113387432
24.0 64.0 0.08264198103068164
24.0 66.0 0.016727868476403257
24.0 68.0 0.0
24.0 70.0 0.0
24.0 72.0 0.0
24.0 74.0 0.0
24.0 76.0 0.0
24.0 78.0 0.0
24.0 80.0 0.0
24.0 82.0 0.0
24.0 84.0 4.979011329773815E-4
24.0 86.0 0.1240009808943837
24.0 88.0 0.2973670531130401
24.0 90.0 0.46533792943228486
24.0 92.0 0.5431889891717174
24.0 94.0 0.5318859355411485
24.0 96.0 0.44522406658174835
24.0 98.0 0.2838669110271108
24.0 100.0 0.10832515508544638
24.0 102.0 0.008926472688574234
24.0 104.0 0.0
24.0 106.0 0.0
24.0 108.0 0.0
24.0 110.0 0.0
24.0 112.0 0.0
24.0 114.0 0.0
24.0 116.0 0.0
24.0 118.0 0.0
24.0 120.0 0.0
24.0 122.0 0.0
24.0 124.0 0.0
24.0 126.0 0.0
26.0 0.0 0.0
26.0 2.0 0.0
26.0 4.0 0.0
26.0 6.0 0.0
26.0 8.0 0.0
26.0 10.0 0.0
26.0 12.0 0.0
26.0 14.0 0.0
26.0 16.0 0.0
26.0 18.0 0.0
26.0 20.0 0.0
26.0 22.0 0.0
26.0 24.0 0.0
26.0 26.0 0.0
26.0 28.0 0.0
26.0 30.0 0.0
26.0 32.0 0.0
26.0 34.0 0.0
26.0 36.0 0.0
26.0 38.0 0.0
26.0 40.0 0.020201934047340196
26.0 42.0 0.06158762683624258
26.0 44.0 0.12181450508361148
26.0 46.0 0.1913980787254795
26.0 48.0 0.2683603441853552
26.0 50.0 0.3761833020979705
26.0 52.0 0.43444857619992483
26.0 54.0 0.4654560157036253
26.0 56.0 0.4775743017915379
26.0 58.0 0.44753364795676615
26.0 60.0 0.32154143633580773
26.0 62.0 0.14306700582035964
26.0 64.0 0.03755805766292867
26.0 66.0 0.0
26.0 68.0 0.0
26.0 70.0 0.0
26.0 72.0 0.0
26.0 74.0 0.0
26.0 76.0 0.0
26.0 78.0 0.0
26.0 80.0 0.0
26.0 82.0 0.0
26.0 84.0 0.019465958590722175
26.0 86.0 0.14806417104890254
26.0 88.0 0.30970077379895256
26.0 90.0 0.46596278219909065
26.0 92.0 0.522201410713792
26.0 94.0 0.5081803473042895
26.0 96.0 0.41308356684868813
26.0 98.0 0.23535697433423652
26.0 100.0 0.07636580190659269
26.0 102.0 0.0
26.0 104.0 0.0
26.0 106.0 0.0
26.0 108.0 0.0
26.0 110.0 0.0
26.0 112.0 0.0
26.0 114.0 0.0
26.0 116.0 0.0
26.0 118.0 0.0
26.0 120.0 0.0
26.0 122.0 0.0
26.0 124.0 0.0
26.0 126.0 0.0
28.0 0.0 0.0
28.0 2.0 0.0
28.0 4.0 0.0
28.0 6.0 0.0
28.0 8.0 0.0
28.0 10.0 0.0
28.0 12.0 0.0
28.0 14.0 0.007359757993838461
28.0 16.0 0.07599563459534504
28.0 18.0 0.03701251869046265
28.0 20.0 0.0
28.0 22.0 0.0
28.0 24.0 0.0
28.0 26.0 0.0
28.0 28.0 0.0
28.0 30.0 0.0
28.0 32.0 0.0
28.0 34.0 0.0
28.0 36.0 0.0
28.0 38.0 0.0
28.0 40.0 0.02008981450522709
28.0 42.0 0.07000407988911066
28.0 44.0 0.12328488700120312
28.0 46.0 0.1789881814869501
28.0 48.0 0.23617958837912637
28.0 50.0 0.3555332060051796
28.0 52.0 0.40127983793176264
28.0 54.0 0.41439733590833955
28.0 56.0 0.40528037428445707
28.0 58.0 0.3606924717425593
28.0 60.0 0.21219689882251427
28.0 62.0 0.0693204477490726
28.0 64.0 0.0
28.0 66.0 0.0
28.0 68.0 0.0
28.0 70.0 0.0
28.0 72.0 0.0
28.0 74.0 0.0
28.0 76.0 0.0
28.0 78.0 0.0
28.0 80.0 0.0
28.0 82.0 0.0
28.0 84.0 0.04214090417969616
28.0 86.0 0.15884682133539063
28.0 88.0 0.28495813292927547
28.0 90.0 0.4324087863274029
28.0 92.0 0.47141373727227737
28.0 94.0 0.45570345621704583
28.0 96.0 0.36185813274171647
28.0 98.0 0.18687262002666574
28.0 100.0 0.04875932329542961
28.0 102.0 0.0
28.0 104.0 0.0
28.0 106.0 0.0
28.0 108.0 0.0
28.0 110.0 0.0
28.0 112.0 0.0
28.0 114.0 0.0
28.0 116.0 0.0
28.0 118.0 0.0
28.0 120.0 0.0
28.0 122.0 0.0
28.0 124.0 0.0
28.0 126.0 0.0
30.0 0.0 0.0
30.0 2.0 0.0
30.0 4.0 0.0
30.0 6.0 0.0
30.0 8.0 0.0
30.0 10.0 0.019530249113348094
30.0 12.0 0.2576726938580683
30.0 14.0 0.28844450046418507
30.0 16.0 0.22943399279492702
30.0 18.0 0.06936374327395817
30.0 20.0 0.0012249240770367386
30.0 22.0 0.0
30.0 24.0 0.0
30.0 26.0 0.0
30.0 28.0 0.0
30.0 30.0 0.0
30.0 32.0 0.0
30.0 34.0 0.0
30.0 36.0 0.0
30.0 38.0 0.0
30.0 40.0 0.018630134272705524
30.0 42.0 0.06116348567404254
30.0 44.0 0.11283840952936526
30.0 46.0 0.1655189712252327
30.0 48.0 0.24213287750426946
30.0 50.0 0.31863619045011865
30.0 52.0 0.3426384576795072
30.0 54.0 0.33009302806449803
30.0 56.0 0.29011752402882846
30.0 58.0 0.2095043926455973
30.0 60.0 0.08472457873971627
30.0 62.0 0.004373682882267544
30.0 64.0 0.0
30.0 66.0 0.0
30.0 68.0 0.0
30.0 70.0 0.0
30.0 72.0 0.0
30.0 74.0 0.0
30.0 76.0 0.0
30.0 78.0 0.0
30.0 80.0 0.0
30.0 82.0 0.0
30.0 84.0 0.05708616000386157
30.0 86.0 0.15834950060401776
30.0 88.0 0.25555705245404386
30.0 90.0 0.37997564225322483
30.0 92.0 0.4081907866846343
30.0 94.0 0.3832706696887103
30.0 96.0 0.2999657413203837
30.0 98.0 0.15688018318570687
30.0 100.0 0.026730136077947445
30.0 102.0 0.0
30.0 104.0 0.0
30.0 106.0 0.0
30.0 108.0 0.0
30.0 110.0 0.0
30.0 112.0 0.0
30.0 114.0 0.0
30.0 116.0 0.0
30.0 118.0 0.0
30.0 120.0 0.0
30.0 122.0 0.0
30.0 124.0 0.0
30.0 126.0 0.0
32.0 0.0 0.0
32.0 2.0 0.0
32.0 4.0 0.0
32.0 6.0 0.0
32.0 8.0 0.0
32.0 10.0 0.12568938584092737
32.0 12.0 0.34705926377878216
32.0 14.0 0.32679777138151356
32.0 16.0 0.2259063497825695
32.0 18.0 0.05881299641258402
32.0 20.0 0.0
32.0 22.0 0.0
32.0 24.0 0.0
32.0 26.0 0.0
32.0 28.0 0.0
32.0 30.0 0.0
32.0 32.0 0.0
32.0 34.0 0.0
32.0 36.0 0.0
32.0 38.0 0.01112437576748704
32.0 40.0 0.06109481517588914
32.0 42.0 0.11153136498617605
32.0 44.0 0.13462149872459192
32.0 46.0 0.15858046285092486
32.0 48.0 0.2202034992364554
32.0 50.0 0.24198977689825005
32.0 52.0 0.23784308395739717
32.0 54.0 0.2134334931014258
32.0 56.0 0.1612862270153111
32.0 58.0 0.07281593551530095
32.0 60.0 0.008516531337799017
32.0 62.0 0.0
32.0 64.0 0.0
32.0 66.0 0.0
32.0 68.0 0.0
32.0 70.0 0.0
32.0 72.0 0.0
32.0 74.0 0.0
32.0 76.0 0.0
32.0 78.0 0.0
32.0 80.0 0.0
32.0 82.0 0.014017621140940162
32.0 84.0 0.07267745331601753
32.0 86.0 0.16871188343269153
32.0 88.0 0.2508205714963408
32.0 90.0 0.3066226544742109
32.0 92.0 0.3306290839580368
32.0 94.0 0.3102906194778204
32.0 96.0 0.24740284072793486
32.0 98.0 0.11064055306244125
32.0 100.0 0.006308903194060041
32.0 102.0 0.0
32.0 104.0 0.0
32.0 106.0 0.0
32.0 108.0 0.0
32.0 110.0 0.0
32.0 112.0 0.0
32.0 114.0 0.0
32.0 116.0 0.0
32.0 118.0 0.0
32.0 120.0 0.0
32.0 122.0 0.0
32.0 124.0 0.0
32.0 126.0 0.0
34.0 0.0 0.0
34.0 2.0 0.0
34.0 4.0 0.0
34.0 6.0 0.0
34.0 8.0 0.28969065370019054
34.0 10.0 0.4171439122642862
34.0 12.0 0.3876804473050257
34.0 14.0 0.30718519630940294
34.0 16.0 0.1335301747603872
34.0 18.0 0.0069585588373095725
34.0 20.0 0.0
34.0 22.0 0.0
34.0 24.0 0.0
34.0 26.0 0.0
34.0 28.0 0.0
34.0 30.0 0.0
34.0 32.0 0.0
34.0 34.0 0.0
34.0 36.0 0.015356256599559116
34.0 38.0 0.06497121189276339
34.0 40.0 0.1105067996439938
34.0 42.0 0.12700684267304005
34.0 44.0 0.13667670495375667
34.0 46.0 0.14474392126692723
34.0 48.0 0.1756237585969055
34.0 50.0 0.16926027381240558
34.0 52.0 0.14198367821489322
34.0 54.0 0.1056762744350659
34.0 56.0 0.05319581815956184
34.0 58.0 0.005453658672311943
34.0 60.0 0.0
34.0 62.0 0.0
34.0 64.0 0.0
34.0 66.0 0.0
34.0 68.0 0.0
34.0 70.0 0.0
34.0 72.0 0.0
34.0 74.0 0.0
34.0 76.0 0.0
34.0 78.0 0.0
34.0 80.0 0.009703551856187313
34.0 82.0 0.04623497524790352
34.0 84.0 0.10542371917816266
34.0 86.0 0.16969016384331828
34.0 88.0 0.22212624810454995
34.0 90.0 0.2578230797141821
34.0 92.0 0.2741935692267609
34.0 94.0 0.25425539056231244
34.0 96.0 0.19478744650797475
34.0 98.0 0.05807357701169725
34.0 100.0 0.0
34.0 102.0 0.0
34.0 104.0 0.0
34.0 106.0 0.0
34.0 108.0 0.0
34.0 110.0 0.0
34.0 112.0 0.0
34.0 114.0 0.0
34.0 116.0 0.0
34.0 118.0 0.059459707064024654
34.0 120.0 0.0
34.0 122.0 0.0
34.0 124.0 0.0
34.0 126.0 0.0
36.0 0.0 0.0
36.0 2.0 0.0
36.0 4.0 0.0
36.0 6.0 0.0
36.0 8.0 0.36949888729223196
36.0 10.0 0.44288793638116597
36.0 12.0 0.38211789239532196
36.0 14.0 0.2617123315563368
36.0 16.0 0.06652084430851112
36.0 18.0 0.0
36.0 20.0 0.0
36.0 22.0 0.0
36.0 24.0 0.0
36.0 26.0 0.0
36.0 28.0 0.0
36.0 30.0 0.0
36.0 32.0 0.0
36.0 34.0 0.004623272852358342
36.0 36.0 0.04639849969159837
36.0 38.0 0.10673575150635772
36.0 40.0 0.12942027124171004
36.0 42.0 0.13545448472150348
36.0 44.0 0.13458296091028624
36.0 46.0 0.12970423877550702
36.0 48.0 0.1196146773054546
36.0 50.0 0.11597863727150454
36.0 52.0 0.07188159870978582
36.0 54.0 0.03463679655149186
36.0 56.0 9.753949920532388E-4
36.0 58.0 0.0
36.0 60.0 0.0
36.0 62.0 0.0
36.0 64.0 0.0
36.0 66.0 0.0
36.0 68.0 0.0
36.0 70.0 0.0
36.0 72.0 0.0
36.0 74.0 0.0
36.0 76.0 0.0
36.0 78.0 0.007363373618894193
36.0 80.0 0.03383020116990699
36.0 82.0 0.06748180292286712
36.0 84.0 0.11712843745651402
36.0 86.0 0.16486117393702285
36.0 88.0 0.20011835630085492
36.0 90.0 0.21708337992068513
36.0 92.0 0.21931443568074496
36.0 94.0 0.19216684528824265
36.0 96.0 0.12565055115829882
36.0 98.0 0.008605937162699516
36.0 100.0 0.0
36.0 102.0 0.0
36.0 104.0 0.0
36.0 106.0 0.0
36.0 108.0 0.0
36.0 110.0 0.0
36.0 112.0 0.0
36.0 114.0 0.0069059272377338735
36.0 116.0 0.05297044478105972
36.0 118.0 0.1429468214661459
36.0 120.0 0.24285925762536506
36.0 122.0 0.0
36.0 124.0 0.0
36.0 126.0 0.0
38.0 0.0 0.0
38.0 2.0 0.0
38.0 4.0 0.0
38.0 6.0 0.46127573801563276
38.0 8.0 0.47976889903735537
38.0 10.0 0.3779662705978435
38.0 12.0 0.2679663354702972
38.0 14.0 0.0899584894263506
38.0 16.0 8.803433488295227E-4
38.0 18.0 0.0
38.0 20.0 0.0
38.0 22.0 0.0
38.0 24.0 0.0
38.0 26.0 0.0
38.0 28.0 0.0
38.0 30.0 0.0
38.0 32.0 0.0
38.0 34.0 0.02129114906228015
38.0 36.0 0.06270194129991752
38.0 38.0 0.12136848233054238
38.0 40.0 0.14019791913019367
38.0 42.0 0.13683639767872643
38.0 44.0 0.12386488751319817
38.0 46.0 0.10769587485431574
38.0 48.0 0.08590530961865356
38.0 50.0 0.060870184115438264
38.0 52.0 0.017818511981916915
38.0 54.0 0.0
38.0 56.0 0.0
38.0 58.0 0.0
38.0 60.0 0.0
38.0 62.0 0.0
38.0 64.0 0.0
38.0 66.0 0.0
38.0 68.0 0.0
38.0 70.0 0.0
38.0 72.0 0.0
38.0 74.0 0.0
38.0 76.0 0.003171565339897231
38.0 78.0 0.023366782657831056
38.0 80.0 0.053075084019463405
38.0 82.0 0.08965608131177209
38.0 84.0 0.12911552441197469
38.0 86.0 0.14954659462655084
38.0 88.0 0.16105127680000145
38.0 90.0 0.16155720006746802
38.0 92.0 0.15531801979181825
38.0 94.0 0.12204195609117215
38.0 96.0 0.03382056116118099
38.0 98.0 0.0
38.0 100.0 0.0
38.0 102.0 0.0
38.0 104.0 0.0
38.0 106.0 0.0
38.0 108.0 0.003597128960188344
38.0 110.0 0.006226797716494547
38.0 112.0 0.015117557437937431
38.0 114.0 0.037879346302332355
38.0 116.0 0.09483732960600981
38.0 118.0 0.18674132694617762
38.0 120.0 0.2786661626812396
38.0 122.0 0.0
38.0 124.0 0.0
38.0 126.0 0.0
40.0 0.0 0.0
40.0 2.0 0.0
40.0 4.0 0.0
40.0 6.0 0.47726384858179993
40.0 8.0 0.4188833249583745
40.0 10.0 0.31972559015270896
40.0 12.0 0.20378308645051582
40.0 14.0 0.03869547974767524
40.0 16.0 0.0
40.0 18.0 0.0
40.0 20.0 0.0
40.0 22.0 0.0
40.0 24.0 0.0
40.0 26.0 0.0
40.0 28.0 0.0
40.0 30.0 0.0
40.0 32.0 0.013586202701467806
40.0 34.0 0.05098285120300977
40.0 36.0 0.09424201074504085
40.0 38.0 0.12456053769007745
40.0 40.0 0.13994862506849226
40.0 42.0 0.12710235727308464
40.0 44.0 0.10107999672612573
40.0 46.0 0.07486826286155668
40.0 48.0 0.048076776406977134
40.0 50.0 0.016932324540890466
40.0 52.0 0.0
40.0 54.0 0.0
40.0 56.0 0.0
40.0 58.0 0.0
40.0 60.0 0.0
40.0 62.0 0.0
40.0 64.0 0.0
40.0 66.0 0.0
40.0 68.0 0.0
40.0 70.0 0.0
40.0 72.0 0.0
40.0 74.0 7.452135682768807E-5
40.0 76.0 0.012826896935179431
40.0 78.0 0.041611821360403076
40.0 80.0 0.07552714816472834
40.0 82.0 0.11347171135624999
40.0 84.0 0.14307899004836763
40.0 86.0 0.14637182213858865
40.0 88.0 0.1331798094779848
40.0 90.0 0.10622926228992756
40.0 92.0 0.0830851128449466
40.0 94.0 0.02909801400672103
40.0 96.0 0.0
40.0 98.0 0.0
40.0 100.0 0.0
40.0 102.0 0.0
40.0 104.0 0.0
40.0 106.0 0.0018466751386384617
40.0 108.0 0.012482317350002535
40.0 110.0 0.02105845653046678
40.0 112.0 0.03332302563664543
40.0 114.0 0.05893592989442304
40.0 116.0 0.11229909685155093
40.0 118.0 0.19634908129066062
40.0 120.0 0.2755452539730035
40.0 122.0 0.33429052729273523
40.0 124.0 0.0
40.0 126.0 0.0
42.0 0.0 0.0
42.0 2.0 0.0
42.0 4.0 0.46896712506158456
42.0 6.0 0.3491649188211518
42.0 8.0 0.2684286527062861
42.0 10.0 0.19427753146864027
42.0 12.0 0.07355235704452916
42.0 14.0 6.748774704628001E-4
42.0 16.0 0.0
42.0 18.0 0.0
42.0 20.0 0.0
42.0 22.0 0.0
42.0 24.0 0.0
42.0 26.0 0.0
42.0 28.0 0.003432549213075012
42.0 30.0 0.011166971818476966
42.0 32.0 0.05055289173428488
42.0 34.0 0.10372903801226824
42.0 36.0 0.14505464296016096
42.0 38.0 0.15289020015708873
42.0 40.0 0.14920155190449516
42.0 42.0 0.11557505341200068
42.0 44.0 0.0644585924134943
42.0 46.0 0.04823882612230874
42.0 48.0 0.01725632998772002
42.0 50.0 0.0
42.0 52.0 0.0
42.0 54.0 0.0
42.0 56.0 0.0
42.0 58.0 0.0
42.0 60.0 0.0
42.0 62.0 0.0
42.0 64.0 0.0
42.0 66.0 0.0
42.0 68.0 0.0
42.0 70.0 0.0
42.0 72.0 0.0
42.0 74.0 0.012013970767438013
42.0 76.0 0.04176001810413157
42.0 78.0 0.0740749086178704
42.0 80.0 0.11711597495753867
42.0 82.0 0.15459801281202956
42.0 84.0 0.17576512058433355
42.0 86.0 0.15956555367096334
42.0 88.0 0.11445136557798825
42.0 90.0 0.044539052462425954
42.0 92.0 0.0056310462105808425
42.0 94.0 0.0
42.0 96.0 0.0
42.0 98.0 0.0
42.0 100.0 0.0
42.0 102.0 0.0
42.0 104.0 0.0
42.0 106.0 9.505002753447926E-4
42.0 108.0 0.012476443596114094
42.0 110.0 0.032776834530359934
42.0 112.0 0.042370407129575925
42.0 114.0 0.07140259011684373
42.0 116.0 0.12315021303428926
42.0 118.0 0.19738031787477636
42.0 120.0 0.2658546625722869
42.0 122.0 0.31750222283994217
42.0 124.0 0.0
42.0 126.0 0.0
44.0 0.0 0.0
44.0 2.0 0.0
44.0 4.0 0.4109938065806349
44.0 6.0 0.2841666985084523
44.0 8.0 0.2150273201558013
44.0 10.0 0.14541176896295852
44.0 12.0 0.02750610520479912
44.0 14.0 0.0
44.0 16.0 0.0
44.0 18.0 0.0
44.0 20.0 0.0
44.0 22.0 0.0
44.0 24.0 0.0
44.0 26.0 0.0
44.0 28.0 0.02304078578961524
44.0 30.0 0.05584392682306844
44.0 32.0 0.11845209120974708
44.0 34.0 0.18227116491551398
44.0 36.0 0.21506683747881558
44.0 38.0 0.22084140958898754
44.0 40.0 0.19035979886569
44.0 42.0 0.1251000192589917
44.0 44.0 0.05346128135405089
44.0 46.0 0.03428463056583238
44.0 48.0 0.0012426871538725615
44.0 50.0 0.0
44.0 52.0 0.0
44.0 54.0 0.0
44.0 56.0 0.0
44.0 58.0 0.0
44.0 60.0 0.0
44.0 62.0 0.0
44.0 64.0 0.0
44.0 66.0 0.0
44.0 68.0 0.0
44.0 70.0 0.0
44.0 72.0 0.009954328571614912
44.0 74.0 0.04369220452063443
44.0 76.0 0.09104162386503763
44.0 78.0 0.15210633603559795
44.0 80.0 0.1966979493724772
44.0 82.0 0.2207438168743416
44.0 84.0 0.2252305005124778
44.0 86.0 0.19309756608454487
44.0 88.0 0.10261885098205421
44.0 90.0 0.002294759619160449
44.0 92.0 0.0
44.0 94.0 0.0
44.0 96.0 0.0
44.0 98.0 0.0
44.0 100.0 0.0
44.0 102.0 0.0
44.0 104.0 0.0
44.0 106.0 0.0
44.0 108.0 0.0056822723292224405
44.0 110.0 0.030681007860222223
44.0 112.0 0.04606270451813316
44.0 114.0 0.07938620813499586
44.0 116.0 0.13739334307021708
44.0 118.0 0.20613469542474747
44.0 120.0 0.27095709553929115
44.0 122.0 0.32328829669909437
44.0 124.0 0.0
44.0 126.0 0.0
46.0 0.0 0.0
46.0 2.0 0.0
46.0 4.0 0.3512670459999048
46.0 6.0 0.22403879908629828
46.0 8.0 0.16222273045335522
46.0 10.0 0.09250019685835337
46.0 12.0 0.0021883964359426136
46.0 14.0 0.0
46.0 16.0 0.0
46.0 18.0 0.0
46.0 20.0 0.0
46.0 22.0 0.0
46.0 24.0 0.0
46.0 26.0 0.016337943042207915
46.0 28.0 0.07072383854340092
46.0 30.0 0.1369138562178712
46.0 32.0 0.21479891038130808
46.0 34.0 0.27045466895490483
46.0 36.0 0.2890727842732071
46.0 38.0 0.27344464644293115
46.0 40.0 0.22115818503306728
46.0 42.0 0.13057623538156618
46.0 44.0 0.07058563918083692
46.0 46.0 0.023916534584292465
46.0 48.0 2.892981602046586E-4
46.0 50.0 0.0
46.0 52.0 0.0
46.0 54.0 0.0
46.0 56.0 0.0
46.0 58.0 0.0
46.0 60.0 0.0
46.0 62.0 0.0
46.0 64.0 0.0
46.0 66.0 0.0
46.0 68.0 5.134983924870982E-5
46.0 70.0 0.009131668685714857
46.0 72.0 0.03499892699936476
46.0 74.0 0.08523314672132586
46.0 76.0 0.15917839024365724
46.0 78.0 0.22766577046642333
46.0 80.0 0.2764312765969992
46.0 82.0 0.29876299001240825
46.0 84.0 0.30471003775332706
46.0 86.0 0.2641574540491713
46.0 88.0 0.12575101569347422
46.0 90.0 0.004568453865657228
46.0 92.0 0.0
46.0 94.0 0.0
46.0 96.0 0.0
46.0 98.0 0.0
46.0 100.0 0.0
46.0 102.0 0.0
46.0 104.0 0.0
46.0 106.0 0.0
46.0 108.0 0.0
46.0 110.0 0.012431571701475989
46.0 112.0 0.049003639855975584
46.0 114.0 0.08692584310375866
46.0 116.0 0.15594079264727645
46.0 118.0 0.23030308038369132
46.0 120.0 0.29076217435556334
46.0 122.0 0.3415365290367007
46.0 124.0 0.3715650512636663
46.0 126.0 0.0
48.0 0.0 0.0
48.0 2.0 0.31193844879858135
48.0 4.0 0.17450773482612347
48.0 6.0 0.1025982673051019
48.0 8.0 0.03894488676384727
48.0 10.0 0.0
48.0 12.0 0.0
48.0 14.0 0.0
48.0 16.0 0.0
48.0 18.0 0.0
48.0 20.0 0.0
48.0 22.0 0.0
48.0 24.0 0.0
48.0 26.0 0.053779666370705644
48.0 28.0 0.15501395201076043
48.0 30.0 0.23773755313360792
48.0 32.0 0.3122947717116106
48.0 34.0 0.35787480149980594
48.0 36.0 0.3615572485245624
48.0 38.0 0.3299752418303555
48.0 40.0 0.2615182295506745
48.0 42.0 0.15756655916442533
48.0 44.0 0.08719607355875532
48.0 46.0 0.018808831085719267
48.0 48.0 0.0
48.0 50.0 0.0
48.0 52.0 0.0
48.0 54.0 0.0
48.0 56.0 0.0
48.0 58.0 0.0
48.0 60.0 0.0
48.0 62.0 0.0
48.0 64.0 0.0
48.0 66.0 0.0
48.0 68.0 0.009148531233281425
48.0 70.0 0.025668882556930773
48.0 72.0 0.0682867736817573
48.0 74.0 0.14553119261637112
48.0 76.0 0.2329492013353269
48.0 78.0 0.3072296021692996
48.0 80.0 0.3573062068793699
48.0 82.0 0.37817679162939416
48.0 84.0 0.3873385164453276
48.0 86.0 0.3454762593569401
48.0 88.0 0.18525397289983833
48.0 90.0 0.02607400147375571
48.0 92.0 0.0
48.0 94.0 0.0
48.0 96.0 0.0
48.0 98.0 0.0
48.0 100.0 0.0
48.0 102.0 0.0
48.0 104.0 0.0
48.0 106.0 0.0
48.0 108.0 0.0
48.0 110.0 0.002134785233428763
48.0 112.0 0.04251041815272987
48.0 114.0 0.0973827097159135
48.0 116.0 0.18056550876919322
48.0 118.0 0.2601771344692024
48.0 120.0 0.32422225836822244
48.0 122.0 0.37227747866093486
48.0 124.0 0.40024440893995017
48.0 126.0 0.0
50.0 0.0 0.0
50.0 2.0 0.23833422627048306
50.0 4.0 0.08416300534463604
50.0 6.0 0.0066505499324952914
50.0 8.0 0.0
50.0 10.0 0.0
50.0 12.0 0.0
50.0 14.0 0.0
50.0 16.0 0.0
50.0 18.0 0.0
50.0 20.0 0.0
50.0 22.0 0.0
50.0 24.0 0.027626592227202373
50.0 26.0 0.13392152623404088
50.0 28.0 0.2405166845722817
50.0 30.0 0.33295311879075573
50.0 32.0 0.3958315021238366
50.0 34.0 0.4237544962638831
50.0 36.0 0.41590593955559846
50.0 38.0 0.37840677343115287
50.0 40.0 0.3035802872029522
50.0 42.0 0.1838047750114211
50.0 44.0 0.09437241177227629
50.0 46.0 0.020710697519338232
50.0 48.0 0.0
50.0 50.0 0.0
50.0 52.0 0.0
50.0 54.0 0.0
50.0 56.0 0.0
50.0 58.0 0.0
50.0 60.0 0.0
50.0 62.0 0.0
50.0 64.0 0.0
50.0 66.0 0.0014461325629299589
50.0 68.0 0.02203873195298589
50.0 70.0 0.038759073551602526
50.0 72.0 0.10214543221482468
50.0 74.0 0.20518296658112414
50.0 76.0 0.28859088306755193
50.0 78.0 0.35897143911344437
50.0 80.0 0.41783645617426884
50.0 82.0 0.4354595875726399
50.0 84.0 0.437819098689344
50.0 86.0 0.4081753064409244
50.0 88.0 0.241070822189468
50.0 90.0 0.051945161177018806
50.0 92.0 0.0
50.0 94.0 0.0
50.0 96.0 0.0
50.0 98.0 0.0
50.0 100.0 0.0
50.0 102.0 0.0
50.0 104.0 0.0
50.0 106.0 0.0
50.0 108.0 0.0
50.0 110.0 4.864245404611977E-5
50.0 112.0 0.042991779638453805
50.0 114.0 0.1154115348251219
50.0 116.0 0.2140278052728213
50.0 118.0 0.2974926671496103
50.0 120.0 0.36223669272845327
50.0 122.0 0.4108065719336422
50.0 124.0 0.43640873457934254
50.0 126.0 0.0
52.0 0.0 0.0
52.0 2.0 0.14508486672535748
52.0 4.0 0.0
52.0 6.0 0.0
52.0 8.0 0.0
52.0 10.0 0.0
52.0 12.0 0.0
52.0 14.0 0.0
52.0 16.0 0.0
52.0 18.0 0.0
52.0 20.0 0.0
52.0 22.0 0.016961168438709276
52.0 24.0 0.09439198331373161
52.0 26.0 0.22255620314945387
52.0 28.0 0.31278726733100015
52.0 30.0 0.40019106928152753
52.0 32.0 0.4505495332200198
52.0 34.0 0.4653218470060072
52.0 36.0 0.4496079075882697
52.0 38.0 0.40405131084163187
52.0 40.0 0.3182230434523701
52.0 42.0 0.19034477196635083
52.0 44.0 0.09174473214082374
52.0 46.0 0.01996373962231456
52.0 48.0 0.0
52.0 50.0 0.0
52.0 52.0 0.0
52.0 54.0 0.0
52.0 56.0 0.0
52.0 58.0 0.0
52.0 60.0 0.0
52.0 62.0 0.0
52.0 64.0 0.0
52.0 66.0 0.001674520639755783
52.0 68.0 0.02661911160320918
52.0 70.0 0.05227302741434662
52.0 72.0 0.15143235094880378
52.0 74.0 0.27122506021269027
52.0 76.0 0.33417166029203105
52.0 78.0 0.4051340905834602
52.0 80.0 0.44844287207434536
52.0 82.0 0.4599696794155521
52.0 84.0 0.4722434722538306
52.0 86.0 0.44932461572556653
52.0 88.0 0.2821026629662583
52.0 90.0 0.0806541692545444
52.0 92.0 0.0
52.0 94.0 0.0
52.0 96.0 0.0
52.0 98.0 0.0
52.0 100.0 0.0
52.0 102.0 0.0
52.0 104.0 0.0
52.0 106.0 0.0
52.0 108.0 0.0
52.0 110.0 0.0
52.0 112.0 0.04084781326563392
52.0 114.0 0.14334693842821644
52.0 116.0 0.2593082952871401
52.0 118.0 0.3410264060167219
52.0 120.0 0.3983715356733488
52.0 122.0 0.44076814357555305
52.0 124.0 0.45955302071325016
52.0 126.0 0.0
54.0 0.0 0.0
54.0 2.0 0.07593895955015209
54.0 4.0 0.0
54.0 6.0 0.0
54.0 8.0 0.0
54.0 10.0 0.0
54.0 12.0 0.0
54.0 14.0 0.0
54.0 16.0 0.0
54.0 18.0 6.026203198509981E-4
54.0 20.0 0.02277775065531483
54.0 22.0 0.08921455009645467
54.0 24.0 0.20866767064598124
54.0 26.0 0.3167349461717494
54.0 28.0 0.39006051514827766
54.0 30.0 0.4533318294666349
54.0 32.0 0.48936760811480484
54.0 34.0 0.490929693948491
54.0 36.0 0.46604511091743817
54.0 38.0 0.4130076400570082
54.0 40.0 0.31475912469175404
54.0 42.0 0.18147350878120802
54.0 44.0 0.07365419731300439
54.0 46.0 0.013062256982333762
54.0 48.0 0.0
54.0 50.0 0.0
54.0 52.0 0.0
54.0 54.0 0.0
54.0 56.0 0.0
54.0 58.0 0.0
54.0 60.0 0.0
54.0 62.0 0.0
54.0 64.0 0.0
54.0 66.0 0.0
54.0 68.0 0.02513920862017295
54.0 70.0 0.06660742183779561
54.0 72.0 0.20349189420868088
54.0 74.0 0.3222718238551689
54.0 76.0 0.3599525851102084
54.0 78.0 0.42735745860962226
54.0 80.0 0.46737994479410094
54.0 82.0 0.47665596750699407
54.0 84.0 0.4622297142214875
54.0 86.0 0.4698735438217338
54.0 88.0 0.3089122942727829
54.0 90.0 0.1029790378925512
54.0 92.0 0.0
54.0 94.0 0.0
54.0 96.0 0.0
54.0 98.0 0.0
54.0 100.0 0.0
54.0 102.0 0.0
54.0 104.0 0.0
54.0 106.0 0.0
54.0 108.0 0.0
54.0 110.0 0.0
54.0 112.0 0.04466877583197596
54.0 114.0 0.17284841940122428
54.0 116.0 0.30805267242041967
54.0 118.0 0.3854407569638277
54.0 120.0 0.43245010890962216
54.0 122.0 0.47525275665909006
54.0 124.0 0.5008431934905017
54.0 126.0 0.3122775939598468
56.0 0.0 0.0
56.0 2.0 0.014858172910070815
56.0 4.0 0.0
56.0 6.0 0.0
56.0 8.0 0.0
56.0 10.0 0.0
56.0 12.0 0.0
56.0 14.0 0.0
56.0 16.0 0.0024034628187709467
56.0 18.0 0.03296531186160931
56.0 20.0 0.08722405139262064
56.0 22.0 0.20927532540527483
56.0 24.0 0.32612571285896824
56.0 26.0 0.40625183131470016
56.0 28.0 0.4651587669845428
56.0 30.0 0.5030166572413309
56.0 32.0 0.517779921631958
56.0 34.0 0.5053883923234325
56.0 36.0 0.4689692314813018
56.0 38.0 0.4030121534755507
56.0 40.0 0.2651325757267537
56.0 42.0 0.1521367067553887
56.0 44.0 0.05571574386052766
56.0 46.0 0.003258522394723662
56.0 48.0 0.0
56.0 50.0 0.0
56.0 52.0 0.0
56.0 54.0 0.0
56.0 56.0 0.0
56.0 58.0 0.0
56.0 60.0 0.0
56.0 62.0 0.0
56.0 64.0 0.0
56.0 66.0 0.0
56.0 68.0 0.015490597628589493
56.0 70.0 0.08497832701278589
56.0 72.0 0.2529555001702513
56.0 74.0 0.3653443534525656
56.0 76.0 0.3869360679488598
56.0 78.0 0.45203514851694576
56.0 80.0 0.4899203787888972
56.0 82.0 0.4971187237330152
56.0 84.0 0.46890854926814596
56.0 86.0 0.4374049193547161
56.0 88.0 0.32055770005838696
56.0 90.0 0.11668387316839975
56.0 92.0 7.619665746932206E-4
56.0 94.0 0.0
56.0 96.0 0.0
56.0 98.0 0.0
56.0 100.0 0.0
56.0 102.0 0.0
56.0 104.0 0.0
56.0 106.0 0.0
56.0 108.0 0.0
56.0 110.0 0.0
56.0 112.0 0.04219242383434426
56.0 114.0 0.19905043195243485
56.0 116.0 0.35600637095174603
56.0 118.0 0.4367779695612026
56.0 120.0 0.4637388838844893
56.0 122.0 0.49964543501297576
56.0 124.0 0.4948348791172339
56.0 126.0 0.2415166145056412
58.0 0.0 0.0
58.0 2.0 0.006362213934127021
58.0 4.0 0.0
58.0 6.0 0.0
58.0 8.0 0.0
58.0 10.0 0.0
58.0 12.0 0.0
58.0 14.0 0.0
58.0 16.0 0.027346064468876313
58.0 18.0 0.08107262353132753
58.0 20.0 0.19498458774049024
58.0 22.0 0.3189957277828987
58.0 24.0 0.4180121785730336
58.0 26.0 0.4847131082816803
58.0 28.0 0.5248150904797982
58.0 30.0 0.5410524112358911
58.0 32.0 0.5348154834136546
58.0 34.0 0.5071235328861372
58.0 36.0 0.45337635318250197
58.0 38.0 0.361913196945367
58.0 40.0 0.20817946290431008
58.0 42.0 0.09952162967196426
58.0 44.0 0.030978237970516898
58.0 46.0 0.0
58.0 48.0 0.0
58.0 50.0 0.0
58.0 52.0 0.0
58.0 54.0 0.0
58.0 56.0 0.0
58.0 58.0 0.0
58.0 60.0 0.0
58.0 62.0 0.0
58.0 64.0 0.0
58.0 66.0 0.0
58.0 68.0 0.025021474762404117
58.0 70.0 0.11365912659540887
58.0 72.0 0.29431266071415124
58.0 74.0 0.38687829446960226
58.0 76.0 0.41688604368824017
58.0 78.0 0.4790741908326122
58.0 80.0 0.5080452891373163
58.0 82.0 0.4870151018265722
58.0 84.0 0.4468886495149184
58.0 86.0 0.4734282150876692
58.0 88.0 0.31904669330514435
58.0 90.0 0.11708543527792757
58.0 92.0 0.0022857274465916395
58.0 94.0 0.0
58.0 96.0 0.0
58.0 98.0 0.0
58.0 100.0 0.0
58.0 102.0 0.0
58.0 104.0 0.0
58.0 106.0 0.0
58.0 108.0 0.0
58.0 110.0 0.0
58.0 112.0 0.038988248372679606
58.0 114.0 0.21966526887125326
58.0 116.0 0.3896177995335808
58.0 118.0 0.4707564650939877
58.0 120.0 0.4834779877372361
58.0 122.0 0.5111851495479667
58.0 124.0 0.5037471793211106
58.0 126.0 0.20414032086856648
60.0 0.0 0.0
60.0 2.0 0.0
60.0 4.0 0.0
60.0 6.0 0.0
60.0 8.0 0.0
60.0 10.0 0.0
60.0 12.0 0.0
60.0 14.0 0.005918009672801801
60.0 16.0 0.06303189079151654
60.0 18.0 0.1689406681566632
60.0 20.0 0.3058954300205801
60.0 22.0 0.427439486363464
60.0 24.0 0.5036467206248274
60.0 26.0 0.5459633564880587
60.0 28.0 0.5596387221829303
60.0 30.0 0.55365475728505
60.0 32.0 0.5281463951980363
60.0 34.0 0.47938611818923205
60.0 36.0 0.3980223051787597
60.0 38.0 0.25063238170820673
60.0 40.0 0.12772315878554505
60.0 42.0 0.049028039382699534
60.0 44.0 0.002599015700015933
60.0 46.0 0.0
60.0 48.0 0.0
60.0 50.0 0.0
60.0 52.0 0.0
60.0 54.0 0.0
60.0 56.0 0.0
60.0 58.0 0.0
60.0 60.0 0.0
60.0 62.0 0.0
60.0 64.0 0.0
60.0 66.0 0.0
60.0 68.0 0.033567666856565835
60.0 70.0 0.14703771848474886
60.0 72.0 0.29342129713068804
60.0 74.0 0.41758043692679636
60.0 76.0 0.44572979007682006
60.0 78.0 0.49951525088243565
60.0 80.0 0.5026200173386767
60.0 82.0 0.4768673141782794
60.0 84.0 0.4461956097027924
60.0 86.0 0.45396851820201184
60.0 88.0 0.2979863197670535
60.0 90.0 0.10772031000143782
60.0 92.0 9.509418461277103E-4
60.0 94.0 0.0
60.0 96.0 0.0
60.0 98.0 0.0
60.0 100.0 0.0
60.0 102.0 0.0
60.0 104.0 0.0
60.0 106.0 0.0
60.0 108.0 0.0
60.0 110.0 0.0
60.0 112.0 0.03871974405546332
60.0 114.0 0.21499053151587533
60.0 116.0 0.3665410669285781
60.0 118.0 0.4308220931944451
60.0 120.0 0.4695206168977808
60.0 122.0 0.5256946153320617
60.0 124.0 0.4866163803665935
60.0 126.0 0.17896428259957228
62.0 0.0 0.0
62.0 2.0 0.0
62.0 4.0 0.0
62.0 6.0 0.0
62.0 8.0 0.0
62.0 10.0 0.0
62.0 12.0 0.0
62.0 14.0 0.020822953952652837
62.0 16.0 0.11647365702392014
62.0 18.0 0.2646540063702113
62.0 20.0 0.4008114108900262
62.0 22.0 0.4966498367022026
62.0 24.0 0.5496538275691653
62.0 26.0 0.569054248362316
62.0 28.0 0.5656698052746795
62.0 30.0 0.5404769812630673
62.0 32.0 0.49092981931410673
62.0 34.0 0.4073666352776253
62.0 36.0 0.26053583087410126
62.0 38.0 0.1301200796490308
62.0 40.0 0.050323721483741805
62.0 42.0 0.0020835735363143996
62.0 44.0 0.0
62.0 46.0 0.0
62.0 48.0 0.0
62.0 50.0 0.0
62.0 52.0 0.0
62.0 54.0 0.0
62.0 56.0 0.0
62.0 58.0 0.0
62.0 60.0 0.0
62.0 62.0 0.0
62.0 64.0 0.0
62.0 66.0 3.9302243188732604E-5
62.0 68.0 0.052347707340574694
62.0 70.0 0.1750366159087071
62.0 72.0 0.3055837378369077
62.0 74.0 0.3954059910345318
62.0 76.0 0.47729615615034215
62.0 78.0 0.5311854000934594
62.0 80.0 0.5563828589785983
62.0 82.0 0.5513616159078684
62.0 84.0 0.5096676172615592
62.0 86.0 0.4167271539674817
62.0 88.0 0.25339976954415755
62.0 90.0 0.08636330543342295
62.0 92.0 0.0
62.0 94.0 0.0
62.0 96.0 0.0
62.0 98.0 0.0
62.0 100.0 0.0
62.0 102.0 0.0
62.0 104.0 0.0
62.0 106.0 0.0
62.0 108.0 0.0
62.0 110.0 0.0
62.0 112.0 0.05042955662742666
62.0 114.0 0.22796389611789838
62.0 116.0 0.3693870834308916
62.0 118.0 0.434944668074522
62.0 120.0 0.48157874446468035
62.0 122.0 0.5247876357813942
62.0 124.0 0.45751489739603346
62.0 126.0 0.1694098654379292
64.0 0.0 0.0
64.0 2.0 0.0
64.0 4.0 0.0
64.0 6.0 0.0
64.0 8.0 0.0
64.0 10.0 0.0
64.0 12.0 0.0
64.0 14.0 0.045100720072322874
64.0 16.0 0.18848689113021852
64.0 18.0 0.35685471510803635
64.0 20.0 0.47502952491215084
64.0 22.0 0.5450069904824605
64.0 24.0 0.571879759711607
64.0 26.0 0.5728694628076099
64.0 28.0 0.5517703098239155
64.0 30.0 0.5022739095236404
64.0 32.0 0.416867317495333
64.0 34.0 0.28162665265706
64.0 36.0 0.1269103907169201
64.0 38.0 0.045336224970040855
64.0 40.0 0.0
64.0 42.0 0.0
64.0 44.0 0.0
64.0 46.0 0.0
64.0 48.0 0.0
64.0 50.0 0.0
64.0 52.0 0.0
64.0 54.0 0.0
64.0 56.0 0.0
64.0 58.0 0.0
64.0 60.0 0.0
64.0 62.0 0.0
64.0 64.0 0.0
64.0 66.0 0.018384701685456636
64.0 68.0 0.08753258472623411
64.0 70.0 0.20281797759143402
64.0 72.0 0.31031056068526736
64.0 74.0 0.4044127668824649
64.0 76.0 0.4765420705545583
64.0 78.0 0.5222606332406071
64.0 80.0 0.5401632497777137
64.0 82.0 0.527574934642402
64.0 84.0 0.47697698356701324
64.0 86.0 0.38022750046470444
64.0 88.0 0.19864614487954865
64.0 90.0 0.0537286661193414
64.0 92.0 0.0
64.0 94.0 0.0
64.0 96.0 0.0
64.0 98.0 0.0
64.0 100.0 0.0
64.0 102.0 0.0
64.0 104.0 0.0
64.0 106.0 0.0
64.0 108.0 0.0
64.0 110.0 0.0
64.0 112.0 0.06450471944338747
64.0 114.0 0.2347296375289972
64.0 116.0 0.359719846141009
64.0 118.0 0.42233180337286186
64.0 120.0 0.4736605829367013
64.0 122.0 0.5204933786562025
64.0 124.0 0.44311020914204136
64.0 126.0 0.16410391798850077
66.0 0.0 0.0
66.0 2.0 0.0
66.0 4.0 0.0
66.0 6.0 0.0
66.0 8.0 0.0
66.0 10.0 0.0
66.0 12.0 0.0
66.0 14.0 0.08488690221706814
66.0 16.0 0.2697677475830777
66.0 18.0 0.42763075792809047
66.0 20.0 0.5229692396234398
66.0 22.0 0.5660985035664893
66.0 24.0 0.5741614797790965
66.0 26.0 0.5595116099483981
66.0 28.0 0.5178312317723158
66.0 30.0 0.4371728072612351
66.0 32.0 0.30132415144841956
66.0 34.0 0.13803721626787838
66.0 36.0 0.04928312344529504
66.0 38.0 0.0
66.0 40.0 0.0
66.0 42.0 0.0
66.0 44.0 0.0
66.0 46.0 0.0
66.0 48.0 0.0
66.0 50.0 0.0
66.0 52.0 0.0
66.0 54.0 0.0
66.0 56.0 0.0
66.0 58.0 0.0
66.0 60.0 0.0
66.0 62.0 0.0
66.0 64.0 0.0034631713134475554
66.0 66.0 0.051602307521157444
66.0 68.0 0.1347033614705831
66.0 70.0 0.22744825508070732
66.0 72.0 0.3120498389557525
66.0 74.0 0.38746169407939024
66.0 76.0 0.44500017982163226
66.0 78.0 0.47949290246643156
66.0 80.0 0.4957114022353742
66.0 82.0 0.4912811926619934
66.0 84.0 0.44582625489118377
66.0 86.0 0.3199982102401276
66.0 88.0 0.13276729526678424
66.0 90.0 0.017691582169960186
66.0 92.0 0.0
66.0 94.0 0.0
66.0 96.0 0.0
66.0 98.0 0.0
66.0 100.0 0.0
66.0 102.0 0.0
66.0 104.0 0.0
66.0 106.0 0.0
66.0 108.0 0.0
66.0 110.0 0.0
66.0 112.0 0.07680019513874768
66.0 114.0 0.23381767940980416
66.0 116.0 0.34654897161365
66.0 118.0 0.4062978496407103
66.0 120.0 0.47374624920148406
66.0 122.0 0.5064351606231136
66.0 124.0 0.4335652068946188
66.0 126.0 0.16379826974717046
68.0 0.0 0.0
68.0 2.0 0.0
68.0 4.0 0.0
68.0 6.0 0.0
68.0 8.0 0.0
68.0 10.0 0.0
68.0 12.0 0.0030999747130808744
68.0 14.0 0.15409991367053208
68.0 16.0 0.3697449998822226
68.0 18.0 0.49893293120434984
68.0 20.0 0.4660383263658672
68.0 22.0 0.49576591526637226
68.0 24.0 0.5272560179510238
68.0 26.0 0.5262860192763251
68.0 28.0 0.46525841880673946
68.0 30.0 0.35063161700742446
68.0 32.0 0.18471557031842856
68.0 34.0 0.06428688230994495
68.0 36.0 0.006825734244647456
68.0 38.0 0.0
68.0 40.0 0.0
68.0 42.0 0.0
68.0 44.0 0.0
68.0 46.0 0.0
68.0 48.0 0.0
68.0 50.0 0.0
68.0 52.0 0.0
68.0 54.0 0.0
68.0 56.0 0.0
68.0 58.0 0.0
68.0 60.0 0.0
68.0 62.0 0.0
68.0 64.0 0.030791418845480163
68.0 66.0 0.09801459587467161
68.0 68.0 0.17751121866441122
68.0 70.0 0.251973472333937
68.0 72.0 0.3186800746584802
68.0 74.0 0.3767931978605823
68.0 76.0 0.41913362467475457
68.0 78.0 0.4715421261374775
68.0 80.0 0.5004134362873766
68.0 82.0 0.46008110177627004
68.0 84.0 0.3752562510639579
68.0 86.0 0.22197803897232796
68.0 88.0 0.06903287905636164
68.0 90.0 0.0
68.0 92.0 0.0
68.0 94.0 0.0
68.0 96.0 0.0
68.0 98.0 0.0
68.0 100.0 0.0
68.0 102.0 0.0
68.0 104.0 0.0
68.0 106.0 0.0
68.0 108.0 0.0
68.0 110.0 0.0
68.0 112.0 0.08838486601298821
68.0 114.0 0.22576979745935186
68.0 116.0 0.32592324742930695
68.0 118.0 0.4154957090583397
68.0 120.0 0.48754958864986847
68.0 122.0 0.48365533237212327
68.0 124.0 0.43703539059267293
68.0 126.0 0.16644197671178898
70.0 0.0 0.0
70.0 2.0 0.0
70.0 4.0 0.0
70.0 6.0 0.0
70.0 8.0 0.0
70.0 10.0 0.0
70.0 12.0 0.03591833852597855
70.0 14.0 0.25640355025670575
70.0 16.0 0.40006786458554466
70.0 18.0 0.4612059625826724
70.0 20.0 0.48974894045462475
70.0 22.0 0.5188478339138122
70.0 24.0 0.5227441757478418
70.0 26.0 0.4888652757449184
70.0 28.0 0.40381757181449324
70.0 30.0 0.2517632371146886
70.0 32.0 0.09466569213555905
70.0 34.0 0.019009073386702987
70.0 36.0 0.0
70.0 38.0 0.0
70.0 40.0 0.0
70.0 42.0 0.0
70.0 44.0 0.0
70.0 46.0 0.0
70.0 48.0 0.0
70.0 50.0 0.0
70.0 52.0 0.0
70.0 54.0 0.0
70.0 56.0 0.0
70.0 58.0 0.0
70.0 60.0 2.8482726654647134E-4
70.0 62.0 0.020880825672870886
70.0 64.0 0.07270295313411816
70.0 66.0 0.15370164590584248
70.0 68.0 0.21845036571603613
70.0 70.0 0.2760808225064291
70.0 72.0 0.3264095198972651
70.0 74.0 0.36584955337289293
70.0 76.0 0.4173750317262104
70.0 78.0 0.4624945374156237
70.0 80.0 0.4387265444999191
70.0 82.0 0.3784585493127473
70.0 84.0 0.27100587643263313
70.0 86.0 0.11133194822576037
70.0 88.0 0.009715961215464043
70.0 90.0 0.0
70.0 92.0 0.0
70.0 94.0 0.0
70.0 96.0 0.0
70.0 98.0 0.0
70.0 100.0 0.0
70.0 102.0 0.0
70.0 104.0 0.0
70.0 106.0 0.0
70.0 108.0 0.0
70.0 110.0 0.011653220520423632
70.0 112.0 0.09580901122958836
70.0 114.0 0.21099828977246893
70.0 116.0 0.34252965854327416
70.0 118.0 0.42638850302700937
70.0 120.0 0.4638072252527197
70.0 122.0 0.4770618741371348
70.0 124.0 0.4505011799883007
70.0 126.0 0.17268720599014198
72.0 0.0 0.0
72.0 2.0 0.0
72.0 4.0 0.0
72.0 6.0 0.0
72.0 8.0 0.0
72.0 10.0 0.0
72.0 12.0 0.10095658413799379
72.0 14.0 0.35042717519478167
72.0 16.0 0.4290427728582537
72.0 18.0 0.47121797308411906
72.0 20.0 0.5264851440495056
72.0 22.0 0.5369992007268027
72.0 24.0 0.515675757105481
72.0 26.0 0.457217219159199
72.0 28.0 0.34314559502215425
72.0 30.0 0.17189935117762736
72.0 32.0 0.05070751522422156
72.0 34.0 1.6438871428903654E-4
72.0 36.0 0.0
72.0 38.0 0.0
72.0 40.0 0.0
72.0 42.0 0.0
72.0 44.0 0.0
72.0 46.0 0.0
72.0 48.0 0.0
72.0 50.0 0.0
72.0 52.0 0.0
72.0 54.0 0.0
72.0 56.0 0.0
72.0 58.0 0.0021926122517382097
72.0 60.0 0.031223786156460123
72.0 62.0 0.07489814746620063
72.0 64.0 0.14147532732006607
72.0 66.0 0.20903402734106816
72.0 68.0 0.25926551132947523
72.0 70.0 0.30241440488742005
72.0 72.0 0.33772875420507936
72.0 74.0 0.3585853396019026
72.0 76.0 0.39111878865408983
72.0 78.0 0.406969137932244
72.0 80.0 0.3580496313116896
72.0 82.0 0.2653545414162473
72.0 84.0 0.1258379772176057
72.0 86.0 0.029446782222810646
72.0 88.0 0.0
72.0 90.0 0.0
72.0 92.0 0.0
72.0 94.0 0.0
72.0 96.0 0.0
72.0 98.0 0.0
72.0 100.0 0.0
72.0 102.0 0.0
72.0 104.0 0.0
72.0 106.0 0.0
72.0 108.0 0.0
72.0 110.0 0.026546405407297812
72.0 112.0 0.09991164796054373
72.0 114.0 0.21903341461076567
72.0 116.0 0.32734426500711317
72.0 118.0 0.396730131857805
72.0 120.0 0.4436525801674858
72.0 122.0 0.46956769254582204
72.0 124.0 0.47103922725324693
72.0 126.0 0.20529413176751918
74.0 0.0 0.0
74.0 2.0 0.005673399178954951
74.0 4.0 0.0
74.0 6.0 0.0
74.0 8.0 0.0
74.0 10.0 0.02565014838798434
74.0 12.0 0.2114723645301357
74.0 14.0 0.41775522026311807
74.0 16.0 0.4474998579159462
74.0 18.0 0.5176048787822355
74.0 20.0 0.49432745760358393
74.0 22.0 0.5031880876685946
74.0 24.0 0.47898229087895583
74.0 26.0 0.4061694737504317
74.0 28.0 0.2467998499171523
74.0 30.0 0.10028751171584155
74.0 32.0 0.01758153843657046
74.0 34.0 0.0
74.0 36.0 0.0
74.0 38.0 0.0
74.0 40.0 0.0
74.0 42.0 0.0
74.0 44.0 0.0
74.0 46.0 0.0
74.0 48.0 0.0
74.0 50.0 0.0
74.0 52.0 0.0
74.0 54.0 0.0
74.0 56.0 0.001361869793088985
74.0 58.0 0.03452725593131368
74.0 60.0 0.09243320885819105
74.0 62.0 0.1666882359600943
74.0 64.0 0.2139342227274819
74.0 66.0 0.26668286325605034
74.0 68.0 0.30483969259353266
74.0 70.0 0.33311201072182334
74.0 72.0 0.34705601545811676
74.0 74.0 0.3424173600880629
74.0 76.0 0.3197880364510844
74.0 78.0 0.29039570791925556
74.0 80.0 0.22825369584424346
74.0 82.0 0.1087109295799674
74.0 84.0 0.025818992506832967
74.0 86.0 0.0
74.0 88.0 0.0
74.0 90.0 0.0
74.0 92.0 0.0
74.0 94.0 0.0
74.0 96.0 0.0
74.0 98.0 0.0
74.0 100.0 0.0
74.0 102.0 0.0
74.0 104.0 0.0
74.0 106.0 0.0
74.0 108.0 0.005536974118215296
74.0 110.0 0.04093979590098704
74.0 112.0 0.10160837010115752
74.0 114.0 0.1943740875259458
74.0 116.0 0.29381070436777307
74.0 118.0 0.36714548604883585
74.0 120.0 0.41957866644884384
74.0 122.0 0.4609299079952194
74.0 124.0 0.4966143199401701
74.0 126.0 0.2966869066649134
76.0 0.0 0.0
76.0 2.0 0.015579371530841553
76.0 4.0 0.0
76.0 6.0 0.0
76.0 8.0 0.01679398619272794
76.0 10.0 0.12601657198209046
76.0 12.0 0.3192867691253691
76.0 14.0 0.42227875708935153
76.0 16.0 0.46220164402825875
76.0 18.0 0.4983995277429081
76.0 20.0 0.45105111382145396
76.0 22.0 0.4562343275236203
76.0 24.0 0.41754198156008915
76.0 26.0 0.3040488262236394
76.0 28.0 0.1819124817617248
76.0 30.0 0.059716907054007
76.0 32.0 5.024689777305927E-4
76.0 34.0 0.0
76.0 36.0 0.0
76.0 38.0 0.0
76.0 40.0 0.0
76.0 42.0 0.0
76.0 44.0 0.0
76.0 46.0 0.0
76.0 48.0 0.0
76.0 50.0 0.0
76.0 52.0 0.0
76.0 54.0 0.0
76.0 56.0 0.032837512795831754
76.0 58.0 0.10671992253464631
76.0 60.0 0.2087842974044981
76.0 62.0 0.2793315882840713
76.0 64.0 0.2938180317407629
76.0 66.0 0.330307458772552
76.0 68.0 0.3527189760636298
76.0 70.0 0.35716299205842467
76.0 72.0 0.3438707847567573
76.0 74.0 0.30338669243062616
76.0 76.0 0.24740812754652677
76.0 78.0 0.17252732566413662
76.0 80.0 0.08053077335923577
76.0 82.0 0.018244327312327356
76.0 84.0 0.0
76.0 86.0 0.0
76.0 88.0 0.0
76.0 90.0 0.0
76.0 92.0 0.0
76.0 94.0 0.0
76.0 96.0 0.0
76.0 98.0 0.0
76.0 100.0 0.0
76.0 102.0 0.0
76.0 104.0 0.0
76.0 106.0 0.006374080414332829
76.0 108.0 0.027340932181332645
76.0 110.0 0.05667645524582276
76.0 112.0 0.10370401409347857
76.0 114.0 0.18178572515163652
76.0 116.0 0.26346104686467053
76.0 118.0 0.3321766163092172
76.0 120.0 0.39190054172331834
76.0 122.0 0.4489910794268081
76.0 124.0 0.5039521539213877
76.0 126.0 0.0
78.0 0.0 0.0
78.0 2.0 0.15262213926141432
78.0 4.0 0.0024931351865729967
78.0 6.0 0.04029410799905082
78.0 8.0 0.12470924497056363
78.0 10.0 0.23565283306615045
78.0 12.0 0.3605995405859592
78.0 14.0 0.42411153690634845
78.0 16.0 0.4394420461660344
78.0 18.0 0.446237503732891
78.0 20.0 0.40389568749343857
78.0 22.0 0.4028756844208397
78.0 24.0 0.3498727455398048
78.0 26.0 0.24472183659927363
78.0 28.0 0.12446544444693132
78.0 30.0 0.029468722326435475
78.0 32.0 0.0
78.0 34.0 0.0
78.0 36.0 0.0
78.0 38.0 0.0
78.0 40.0 0.0
78.0 42.0 0.0
78.0 44.0 0.0
78.0 46.0 0.0
78.0 48.0 0.0
78.0 50.0 0.0
78.0 52.0 0.0
78.0 54.0 0.027851142566141063
78.0 56.0 0.10757711523002005
78.0 58.0 0.23166865286450436
78.0 60.0 0.34718739027986123
78.0 62.0 0.3650067927975351
78.0 64.0 0.37748031966362067
78.0 66.0 0.391109533714536
78.0 68.0 0.38763092974945096
78.0 70.0 0.36369538493576714
78.0 72.0 0.3165894407297582
78.0 74.0 0.24044889185103513
78.0 76.0 0.14328893457354594
78.0 78.0 0.04921254531846738
78.0 80.0 0.004893635079933668
78.0 82.0 0.0
78.0 84.0 0.0
78.0 86.0 0.0
78.0 88.0 0.0
78.0 90.0 0.0
78.0 92.0 0.0
78.0 94.0 0.0
78.0 96.0 0.0
78.0 98.0 0.0
78.0 100.0 0.0
78.0 102.0 0.0
78.0 104.0 0.005328136317279654
78.0 106.0 0.027418997743099745
78.0 108.0 0.048288611518692286
78.0 110.0 0.07004221320818264
78.0 112.0 0.10369287317311664
78.0 114.0 0.1722127625667638
78.0 116.0 0.23176957480120852
78.0 118.0 0.2991420227304817
78.0 120.0 0.3683410913060197
78.0 122.0 0.4416120810220145
78.0 124.0 0.5112691393981823
78.0 126.0 0.0
80.0 0.0 0.0
80.0 2.0 0.0
80.0 4.0 0.3710926399121335
80.0 6.0 0.21258947797393632
80.0 8.0 0.21963603260900708
80.0 10.0 0.2785270444596422
80.0 12.0 0.34598883318007295
80.0 14.0 0.3787447848605097
80.0 16.0 0.3857213921520753
80.0 18.0 0.3701544475955243
80.0 20.0 0.33934486708199296
80.0 22.0 0.33078515177818774
80.0 24.0 0.2703219429459833
80.0 26.0 0.17581268274910714
80.0 28.0 0.06966870576519302
80.0 30.0 0.0052610560259262066
80.0 32.0 0.0
80.0 34.0 0.0
80.0 36.0 0.0
80.0 38.0 0.0
80.0 40.0 0.0
80.0 42.0 0.0
80.0 44.0 0.0
80.0 46.0 0.0
80.0 48.0 0.0
80.0 50.0 0.0
80.0 52.0 0.014227150427652054
80.0 54.0 0.09089723143751205
80.0 56.0 0.2229149231677023
80.0 58.0 0.3701129703112873
80.0 60.0 0.43883673815386826
80.0 62.0 0.4200762529282598
80.0 64.0 0.42615169685316506
80.0 66.0 0.41356324966409436
80.0 68.0 0.3837356679524528
80.0 70.0 0.33288699510305714
80.0 72.0 0.25178377882227876
80.0 74.0 0.14337407546380243
80.0 76.0 0.046682003663445326
80.0 78.0 0.0076305012139890925
80.0 80.0 0.0
80.0 82.0 0.0
80.0 84.0 0.0
80.0 86.0 0.0
80.0 88.0 0.0
80.0 90.0 0.0
80.0 92.0 0.0
80.0 94.0 0.0
80.0 96.0 0.0
80.0 98.0 0.0
80.0 100.0 0.0
80.0 102.0 8.870070554674476E-4
80.0 104.0 0.016517660113896562
80.0 106.0 0.04146421921139856
80.0 108.0 0.06306093659773028
80.0 110.0 0.08806562061082972
80.0 112.0 0.11724060850538194
80.0 114.0 0.1526916783344247
80.0 116.0 0.20510076348725248
80.0 118.0 0.2681559872350728
80.0 120.0 0.34778823310649143
80.0 122.0 0.43012984439170115
80.0 124.0 0.4889405632198178
80.0 126.0 0.0
82.0 0.0 0.0
82.0 2.0 0.0
82.0 4.0 0.45726252643560006
82.0 6.0 0.32075452999880344
82.0 8.0 0.2605498668904728
82.0 10.0 0.26393956503359123
82.0 12.0 0.28455537599311387
82.0 14.0 0.3028471984272394
82.0 16.0 0.2796595580265729
82.0 18.0 0.2718108656103716
82.0 20.0 0.2559065323097695
82.0 22.0 0.22278860528131672
82.0 24.0 0.15179864263374362
82.0 26.0 0.07703642676031719
82.0 28.0 0.019185707143653145
82.0 30.0 0.0
82.0 32.0 0.0
82.0 34.0 0.0
82.0 36.0 0.0
82.0 38.0 0.0
82.0 40.0 0.0
82.0 42.0 0.0
82.0 44.0 0.0
82.0 46.0 0.0
82.0 48.0 0.0
82.0 50.0 0.002303341712945537
82.0 52.0 0.06460341712132822
82.0 54.0 0.18823447834836235
82.0 56.0 0.3544519338000455
82.0 58.0 0.46186253801838256
82.0 60.0 0.44768005428037067
82.0 62.0 0.43952380445682726
82.0 64.0 0.4256629219808192
82.0 66.0 0.3933346306794554
82.0 68.0 0.34167280141090256
82.0 70.0 0.265634630595048
82.0 72.0 0.16288949794443344
82.0 74.0 0.05608354295328044
82.0 76.0 0.00851490121450085
82.0 78.0 0.0
82.0 80.0 0.0
82.0 82.0 0.0
82.0 84.0 0.0
82.0 86.0 0.0
82.0 88.0 0.0
82.0 90.0 0.0
82.0 92.0 0.0
82.0 94.0 0.0
82.0 96.0 0.0
82.0 98.0 0.0
82.0 100.0 0.0
82.0 102.0 0.003372608205514457
82.0 104.0 0.02071995458076018
82.0 106.0 0.04183943555970052
82.0 108.0 0.06119479949394774
82.0 110.0 0.08119894398831268
82.0 112.0 0.10156565336778874
82.0 114.0 0.152284573266536
82.0 116.0 0.19439515191335466
82.0 118.0 0.24870199450799435
82.0 120.0 0.33164241743631645
82.0 122.0 0.41064877333474775
82.0 124.0 0.4382619617217766
82.0 126.0 0.0
84.0 0.0 0.0
84.0 2.0 0.0
84.0 4.0 0.4450287502211508
84.0 6.0 0.2860502770808113
84.0 8.0 0.2057933423392698
84.0 10.0 0.18389243482949677
84.0 12.0 0.18331003115086555
84.0 14.0 0.1903858160146739
84.0 16.0 0.18398344326919103
84.0 18.0 0.1464965901897787
84.0 20.0 0.10580803104943763
84.0 22.0 0.06414518192711548
84.0 24.0 0.035044697528199685
84.0 26.0 0.013523263558782493
84.0 28.0 0.0
84.0 30.0 0.0
84.0 32.0 0.0
84.0 34.0 0.0
84.0 36.0 0.0
84.0 38.0 0.0
84.0 40.0 0.0
84.0 42.0 0.0
84.0 44.0 0.0
84.0 46.0 0.0
84.0 48.0 0.0
84.0 50.0 0.042252417169224316
84.0 52.0 0.15005535478377954
84.0 54.0 0.3126235693054418
84.0 56.0 0.43691124276580484
84.0 58.0 0.4348972572036771
84.0 60.0 0.461625455382304
84.0 62.0 0.43875933010047025
84.0 64.0 0.3972537479791161
84.0 66.0 0.3470950423975822
84.0 68.0 0.27477949855959355
84.0 70.0 0.17730471627786856
84.0 72.0 0.06840096974452729
84.0 74.0 0.010009287007797995
84.0 76.0 0.0
84.0 78.0 0.0
84.0 80.0 0.0
84.0 82.0 0.0
84.0 84.0 0.0
84.0 86.0 0.0
84.0 88.0 0.0
84.0 90.0 0.0
84.0 92.0 0.0
84.0 94.0 0.0
84.0 96.0 0.0
84.0 98.0 0.0
84.0 100.0 0.0
84.0 102.0 0.006199576765959659
84.0 104.0 0.023313830820286832
84.0 106.0 0.041502874259518256
84.0 108.0 0.060097515516939225
84.0 110.0 0.08606948113461647
84.0 112.0 0.11080479308106828
84.0 114.0 0.13624091104439043
84.0 116.0 0.19777856016097714
84.0 118.0 0.24194462997178914
84.0 120.0 0.3192975364550635
84.0 122.0 0.3970339886539973
84.0 124.0 0.0
84.0 126.0 0.0
86.0 0.0 0.0
86.0 2.0 0.0
86.0 4.0 0.0
86.0 6.0 0.34748931009312173
86.0 8.0 0.1943256280541424
86.0 10.0 0.14937257182040845
86.0 12.0 0.12905569558261515
86.0 14.0 0.11847713712849782
86.0 16.0 0.10816312533560705
86.0 18.0 0.058796306086544105
86.0 20.0 0.010099627540997245
86.0 22.0 0.005040518727627923
86.0 24.0 0.006903571128355333
86.0 26.0 0.0
86.0 28.0 0.0
86.0 30.0 0.0
86.0 32.0 0.0
86.0 34.0 0.0
86.0 36.0 0.0
86.0 38.0 0.0
86.0 40.0 0.0
86.0 42.0 0.0
86.0 44.0 0.0
86.0 46.0 0.004503559630137741
86.0 48.0 0.026127173351657058
86.0 50.0 0.10783778067485644
86.0 52.0 0.24872932214541763
86.0 54.0 0.3803361060191164
86.0 56.0 0.46111620882145776
86.0 58.0 0.4383855917107023
86.0 60.0 0.4332363385144144
86.0 62.0 0.40444619263390114
86.0 64.0 0.3495460909618798
86.0 66.0 0.2804671808043777
86.0 68.0 0.18644976972218044
86.0 70.0 0.0717423364144691
86.0 72.0 0.008443289653142219
86.0 74.0 0.0
86.0 76.0 0.0
86.0 78.0 0.0
86.0 80.0 0.0
86.0 82.0 0.0
86.0 84.0 0.0
86.0 86.0 0.0
86.0 88.0 0.0
86.0 90.0 0.0
86.0 92.0 0.0
86.0 94.0 0.0
86.0 96.0 0.0
86.0 98.0 0.0
86.0 100.0 0.0
86.0 102.0 0.006431340646447968
86.0 104.0 0.021459642780276112
86.0 106.0 0.03941307462887848
86.0 108.0 0.049221767218346306
86.0 110.0 0.08181438558094567
86.0 112.0 0.1205970355805714
86.0 114.0 0.14902712879825894
86.0 116.0 0.20253202023328462
86.0 118.0 0.24081848798123032
86.0 120.0 0.30447038828334144
86.0 122.0 0.3739534319644573
86.0 124.0 0.0
86.0 126.0 0.0
88.0 0.0 0.0
88.0 2.0 0.0
88.0 4.0 0.0
88.0 6.0 0.21705293081281538
88.0 8.0 0.09817479757093522
88.0 10.0 0.06747803570959375
88.0 12.0 0.05452654371902441
88.0 14.0 0.043176619126467926
88.0 16.0 0.03003930244265378
88.0 18.0 0.0011836373648398037
88.0 20.0 0.0
88.0 22.0 3.5401755675952616E-4
88.0 24.0 0.0
88.0 26.0 0.0
88.0 28.0 0.0
88.0 30.0 0.0
88.0 32.0 0.0
88.0 34.0 0.0
88.0 36.0 0.0
88.0 38.0 0.0
88.0 40.0 0.0
88.0 42.0 0.0
88.0 44.0 0.00481751520455858
88.0 46.0 0.03405738447700638
88.0 48.0 0.08481963053004948
88.0 50.0 0.1885085960670794
88.0 52.0 0.3073460786559311
88.0 54.0 0.3955384923683878
88.0 56.0 0.44296182795532624
88.0 58.0 0.461177513002018
88.0 60.0 0.4319382166876881
88.0 62.0 0.3477144358323963
88.0 64.0 0.280193145366634
88.0 66.0 0.19745977528036032
88.0 68.0 0.08064642451729971
88.0 70.0 0.002843477128243411
88.0 72.0 0.0
88.0 74.0 0.0
88.0 76.0 0.0
88.0 78.0 0.0
88.0 80.0 0.0
88.0 82.0 0.0
88.0 84.0 0.0
88.0 86.0 0.0
88.0 88.0 0.0
88.0 90.0 0.0
88.0 92.0 0.0
88.0 94.0 0.0
88.0 96.0 5.726371159364579E-4
88.0 98.0 0.009675676340572413
88.0 100.0 0.0027299368877978327
88.0 102.0 0.004632846643743748
88.0 104.0 0.015044480246011729
88.0 106.0 0.033118772294637285
88.0 108.0 0.05721609992160385
88.0 110.0 0.08913932347887
88.0 112.0 0.12728947285002976
88.0 114.0 0.1593291722658882
88.0 116.0 0.20167397949386312
88.0 118.0 0.20892915574513518
88.0 120.0 0.27657745933684447
88.0 122.0 0.31752069430325847
88.0 124.0 0.0
88.0 126.0 0.0
90.0 0.0 0.0
90.0 2.0 0.0
90.0 4.0 0.0
90.0 6.0 0.054290130460830664
90.0 8.0 0.00973331192180796
90.0 10.0 0.002059682264076623
90.0 12.0 0.0017562801319202473
90.0 14.0 0.0
90.0 16.0 0.0
90.0 18.0 0.0
90.0 20.0 0.0
90.0 22.0 0.0
90.0 24.0 0.0
90.0 26.0 0.0
90.0 28.0 0.0
90.0 30.0 0.0
90.0 32.0 0.0
90.0 34.0 0.0
90.0 36.0 0.0
90.0 38.0 0.0
90.0 40.0 0.0
90.0 42.0 0.0034560457944527554
90.0 44.0 0.01962041145975735
90.0 46.0 0.06729474801141742
90.0 48.0 0.13612596663948043
90.0 50.0 0.20997100179021608
90.0 52.0 0.278830434963943
90.0 54.0 0.33509676422468787
90.0 56.0 0.3724925818070397
90.0 58.0 0.38438574770781436
90.0 60.0 0.35267981281197464
90.0 62.0 0.28139274803469483
90.0 64.0 0.20229894873731727
90.0 66.0 0.08760900978607267
90.0 68.0 0.0057102945759312145
90.0 70.0 0.0
90.0 72.0 0.0
90.0 74.0 0.0
90.0 76.0 0.0
90.0 78.0 0.0
90.0 80.0 0.0
90.0 82.0 0.0
90.0 84.0 0.0
90.0 86.0 0.0
90.0 88.0 0.0
90.0 90.0 0.0
90.0 92.0 0.0
90.0 94.0 0.00480039306291261
90.0 96.0 0.019308955209768063
90.0 98.0 0.031885935760407214
90.0 100.0 0.02698892266869106
90.0 102.0 0.020154068491613154
90.0 104.0 0.02646529342618803
90.0 106.0 0.04774517807017157
90.0 108.0 0.07388472415661716
90.0 110.0 0.10951960621478651
90.0 112.0 0.13680106200893202
90.0 114.0 0.1602095401649626
90.0 116.0 0.17629498650587105
90.0 118.0 0.21090129740947183
90.0 120.0 0.21920311074938903
90.0 122.0 0.0
90.0 124.0 0.0
90.0 126.0 0.0
92.0 0.0 0.0
92.0 2.0 0.0
92.0 4.0 0.0
92.0 6.0 0.0
92.0 8.0 0.023386914907180298
92.0 10.0 0.0
92.0 12.0 0.0
92.0 14.0 0.0
92.0 16.0 0.0
92.0 18.0 0.0
92.0 20.0 0.0
92.0 22.0 0.0
92.0 24.0 0.0
92.0 26.0 0.0
92.0 28.0 0.0
92.0 30.0 0.0
92.0 32.0 2.145302451439748E-5
92.0 34.0 0.01699552095628069
92.0 36.0 0.03484216902453068
92.0 38.0 0.037470835291102324
92.0 40.0 0.0599693417604597
92.0 42.0 0.09094198111351348
92.0 44.0 0.1201989441267347
92.0 46.0 0.14662282055565046
92.0 48.0 0.18188896804014407
92.0 50.0 0.2262045124910207
92.0 52.0 0.26658653955306316
92.0 54.0 0.2890704729635059
92.0 56.0 0.29590200381198895
92.0 58.0 0.28222919422561554
92.0 60.0 0.24812211050572194
92.0 62.0 0.18832377930574287
92.0 64.0 0.10268791702828169
92.0 66.0 0.021851915065417768
92.0 68.0 0.0
92.0 70.0 0.0
92.0 72.0 0.0
92.0 74.0 0.0
92.0 76.0 0.0
92.0 78.0 0.0
92.0 80.0 0.0
92.0 82.0 0.0
92.0 84.0 0.0
92.0 86.0 0.0
92.0 88.0 0.0
92.0 90.0 0.0
92.0 92.0 0.0016984246653354784
92.0 94.0 0.0206563826012833
92.0 96.0 0.04121457837287703
92.0 98.0 0.06945903247954269
92.0 100.0 0.06489850369421092
92.0 102.0 0.061137275046973756
92.0 104.0 0.0670525059341683
92.0 106.0 0.07029394164966536
92.0 108.0 0.09719430090452581
92.0 110.0 0.1250474077010149
92.0 112.0 0.1434906397454183
92.0 114.0 0.14963706528268303
92.0 116.0 0.1480728818469418
92.0 118.0 0.15303396857378865
92.0 120.0 0.12635578463327576
92.0 122.0 0.0
92.0 124.0 0.0
92.0 126.0 0.0
94.0 0.0 0.0
94.0 2.0 0.0
94.0 4.0 0.0
94.0 6.0 0.0
94.0 8.0 0.009532397476645095
94.0 10.0 0.0
94.0 12.0 0.0
94.0 14.0 0.0
94.0 16.0 0.0
94.0 18.0 0.0
94.0 20.0 0.0
94.0 22.0 0.0
94.0 24.0 0.0
94.0 26.0 0.0016018197347783282
94.0 28.0 0.00775398493052671
94.0 30.0 0.007515613992996935
94.0 32.0 0.029593003471825755
94.0 34.0 0.08128258925169916
94.0 36.0 0.14105496226700487
94.0 38.0 0.17226109210921536
94.0 40.0 0.20156192015115518
94.0 42.0 0.22430259446982057
94.0 44.0 0.23125591557037128
94.0 46.0 0.22539722066930093
94.0 48.0 0.2168483626495421
94.0 50.0 0.20963927996842915
94.0 52.0 0.21432254246931723
94.0 54.0 0.21905689497204284
94.0 56.0 0.213068300825348
94.0 58.0 0.19296669212551773
94.0 60.0 0.15024409897486407
94.0 62.0 0.08231486193789646
94.0 64.0 0.024179613791879686
94.0 66.0 0.0
94.0 68.0 0.0
94.0 70.0 0.0
94.0 72.0 0.0
94.0 74.0 0.0
94.0 76.0 0.0
94.0 78.0 0.0
94.0 80.0 0.0
94.0 82.0 0.0
94.0 84.0 0.0
94.0 86.0 0.0
94.0 88.0 0.0
94.0 90.0 0.0
94.0 92.0 0.0020901954183589326
94.0 94.0 0.03123399682260088
94.0 96.0 0.05977480743322483
94.0 98.0 0.10204947808209881
94.0 100.0 0.13119429828928544
94.0 102.0 0.14098641110535956
94.0 104.0 0.14601576394756396
94.0 106.0 0.13557327517765605
94.0 108.0 0.12710933207219216
94.0 110.0 0.13646329300668397
94.0 112.0 0.1364549153080533
94.0 114.0 0.12297448383841708
94.0 116.0 0.0975268668077165
94.0 118.0 0.04632885182765586
94.0 120.0 0.0
94.0 122.0 0.0
94.0 124.0 0.0
94.0 126.0 0.0
96.0 0.0 0.0
96.0 2.0 0.0
96.0 4.0 0.0
96.0 6.0 0.0
96.0 8.0 0.0
96.0 10.0 0.0039162518805179744
96.0 12.0 0.0
96.0 14.0 0.0
96.0 16.0 0.0
96.0 18.0 0.0
96.0 20.0 0.0
96.0 22.0 0.0
96.0 24.0 0.0
96.0 26.0 0.001475243162502648
96.0 28.0 0.013133477752278187
96.0 30.0 0.03705012112743353
96.0 32.0 0.08344473783793864
96.0 34.0 0.15037152741298598
96.0 36.0 0.23191806306799545
96.0 38.0 0.27848257590947206
96.0 40.0 0.3131657398550461
96.0 42.0 0.32189637900922935
96.0 44.0 0.2966728969673003
96.0 46.0 0.25029152051113657
96.0 48.0 0.19829510973472356
96.0 50.0 0.15357628522112365
96.0 52.0 0.13990896092466776
96.0 54.0 0.1307437358986194
96.0 56.0 0.11425678775559715
96.0 58.0 0.08478341934418175
96.0 60.0 0.04556491654375313
96.0 62.0 0.01160483867789152
96.0 64.0 0.0
96.0 66.0 0.0
96.0 68.0 0.0
96.0 70.0 0.0
96.0 72.0 0.0
96.0 74.0 0.0
96.0 76.0 0.0
96.0 78.0 0.0
96.0 80.0 0.0
96.0 82.0 0.0
96.0 84.0 0.0
96.0 86.0 0.0
96.0 88.0 0.0
96.0 90.0 0.0015577407322399388
96.0 92.0 0.016079818345195503
96.0 94.0 0.04461123571282624
96.0 96.0 0.08588552088901795
96.0 98.0 0.12967878905052185
96.0 100.0 0.18399401744193508
96.0 102.0 0.20521561475012187
96.0 104.0 0.2153670788467401
96.0 106.0 0.20068372820116465
96.0 108.0 0.16329898385063554
96.0 110.0 0.11792416340443505
96.0 112.0 0.09722660992500619
96.0 114.0 0.06186654472213853
96.0 116.0 0.021930105725959242
96.0 118.0 0.0
96.0 120.0 0.0
96.0 122.0 0.0
96.0 124.0 0.0
96.0 126.0 0.0
98.0 0.0 0.0
98.0 2.0 0.0
98.0 4.0 0.0
98.0 6.0 0.0
98.0 8.0 0.0
98.0 10.0 0.0
98.0 12.0 0.0
98.0 14.0 0.0
98.0 16.0 0.0
98.0 18.0 0.0
98.0 20.0 0.0
98.0 22.0 0.0
98.0 24.0 0.0
98.0 26.0 0.010729306746810115
98.0 28.0 0.03603436265566811
98.0 30.0 0.08194688685439351
98.0 32.0 0.13601166476518137
98.0 34.0 0.20270623786578754
98.0 36.0 0.2932956243187003
98.0 38.0 0.3511464666736545
98.0 40.0 0.3771563093957843
98.0 42.0 0.3606033602926395
98.0 44.0 0.30222658310042355
98.0 46.0 0.22290341520639734
98.0 48.0 0.14185723696716132
98.0 50.0 0.08705247033854362
98.0 52.0 0.06051324768565757
98.0 54.0 0.04145621069306621
98.0 56.0 0.02534277193505632
98.0 58.0 0.01004141148579056
98.0 60.0 0.0
98.0 62.0 0.0
98.0 64.0 0.0
98.0 66.0 0.0
98.0 68.0 0.0
98.0 70.0 0.0
98.0 72.0 0.0
98.0 74.0 0.0
98.0 76.0 0.0
98.0 78.0 0.0
98.0 80.0 0.0
98.0 82.0 0.0
98.0 84.0 0.0
98.0 86.0 0.0
98.0 88.0 0.0020028805151862
98.0 90.0 0.017492254074911465
98.0 92.0 0.04443024407637582
98.0 94.0 0.09153961217522531
98.0 96.0 0.1452980496291888
98.0 98.0 0.20276990165212383
98.0 100.0 0.23663665304906942
98.0 102.0 0.2471236761464014
98.0 104.0 0.2569412755186839
98.0 106.0 0.22785501292341093
98.0 108.0 0.15532993675523832
98.0 110.0 0.0686932670285975
98.0 112.0 0.030376399281012992
98.0 114.0 0.006818022977076861
98.0 116.0 0.0
98.0 118.0 0.0
98.0 120.0 0.0
98.0 122.0 0.0
98.0 124.0 0.0
98.0 126.0 0.0
100.0 0.0 0.0
100.0 2.0 0.0
100.0 4.0 0.0
100.0 6.0 0.0
100.0 8.0 0.0
100.0 10.0 0.0
100.0 12.0 0.0
100.0 14.0 0.0
100.0 16.0 0.0
100.0 18.0 0.0
100.0 20.0 0.0
100.0 22.0 0.0
100.0 24.0 0.009935079651305854
100.0 26.0 0.03657511144952628
100.0 28.0 0.06606358540991737
100.0 30.0 0.12218106175142296
100.0 32.0 0.17688823983542937
100.0 34.0 0.27019548800399845
100.0 36.0 0.33032252427298897
100.0 38.0 0.3876389763672187
100.0 40.0 0.39761225472397704
100.0 42.0 0.3512715444184667
100.0 44.0 0.2645213679013699
100.0 46.0 0.15608424155501707
100.0 48.0 0.08275616307424491
100.0 50.0 0.04327952596820687
100.0 52.0 0.021025383473144168
100.0 54.0 0.00472478468732577
100.0 56.0 0.0
100.0 58.0 0.0
100.0 60.0 0.0
100.0 62.0 0.0
100.0 64.0 0.0
100.0 66.0 0.0
100.0 68.0 0.0
100.0 70.0 0.0
100.0 72.0 0.0
100.0 74.0 0.0
100.0 76.0 0.0
100.0 78.0 0.0
100.0 80.0 0.0
100.0 82.0 0.0
100.0 84.0 0.0
100.0 86.0 0.007086234308530695
100.0 88.0 0.005578224656950626
100.0 90.0 0.03106135605067401
100.0 92.0 0.08443785996663566
100.0 94.0 0.1664953480371934
100.0 96.0 0.22536359469532175
100.0 98.0 0.2595497222220848
100.0 100.0 0.27925815657726955
100.0 102.0 0.27268369698507644
100.0 104.0 0.24709758403045132
100.0 106.0 0.22348564859988274
100.0 108.0 0.1082729347018132
100.0 110.0 0.02436944372533467
100.0 112.0 0.0
100.0 114.0 0.0
100.0 116.0 0.0
100.0 118.0 0.0
100.0 120.0 0.0
100.0 122.0 0.0
100.0 124.0 0.0
100.0 126.0 0.0
102.0 0.0 0.0
102.0 2.0 0.0
102.0 4.0 0.0
102.0 6.0 0.0
102.0 8.0 0.0
102.0 10.0 0.0
102.0 12.0 0.0
102.0 14.0 0.0
102.0 16.0 0.0
102.0 18.0 0.0
102.0 20.0 0.0
102.0 22.0 0.0
102.0 24.0 0.008150289046771947
102.0 26.0 0.056942255265525134
102.0 28.0 0.10846976260135448
102.0 30.0 0.16952564678693294
102.0 32.0 0.22571190644843694
102.0 34.0 0.2790336247372723
102.0 36.0 0.3756657400873922
102.0 38.0 0.3987470638353561
102.0 40.0 0.3822747589793234
102.0 42.0 0.3079657662121167
102.0 44.0 0.19447994519881093
102.0 46.0 0.09447486609007288
102.0 48.0 0.035837667253252395
102.0 50.0 0.013403661620930553
102.0 52.0 1.2777952152422613E-4
102.0 54.0 0.0
102.0 56.0 0.0
102.0 58.0 0.0
102.0 60.0 0.0
102.0 62.0 0.0
102.0 64.0 0.0
102.0 66.0 0.0
102.0 68.0 0.0
102.0 70.0 0.0
102.0 72.0 0.0
102.0 74.0 0.0
102.0 76.0 0.0
102.0 78.0 0.0
102.0 80.0 0.0
102.0 82.0 0.0
102.0 84.0 0.004089794050352973
102.0 86.0 0.020132871285558306
102.0 88.0 0.03916564279290805
102.0 90.0 0.06956017120956143
102.0 92.0 0.14800542188272062
102.0 94.0 0.2418216733474058
102.0 96.0 0.29538186126113575
102.0 98.0 0.31588411805834177
102.0 100.0 0.3130622120146365
102.0 102.0 0.281028671536213
102.0 104.0 0.23694249938395462
102.0 106.0 0.18295865171119932
102.0 108.0 0.06010865761147463
102.0 110.0 0.0
102.0 112.0 0.0
102.0 114.0 0.0
102.0 116.0 0.0
102.0 118.0 0.0
102.0 120.0 0.0
102.0 122.0 0.0
102.0 124.0 0.0
102.0 126.0 0.0
104.0 0.0 0.0
104.0 2.0 0.0
104.0 4.0 0.0
104.0 6.0 0.0
104.0 8.0 0.0
104.0 10.0 0.0
104.0 12.0 0.0
104.0 14.0 0.0
104.0 16.0 0.0
104.0 18.0 0.0
104.0 20.0 0.0
104.0 22.0 0.0
104.0 24.0 0.015281442896932104
104.0 26.0 0.09564083829334842
104.0 28.0 0.15037599925781264
104.0 30.0 0.20097693738870806
104.0 32.0 0.25473869205907046
104.0 34.0 0.31456565464522607
104.0 36.0 0.38590436595209804
104.0 38.0 0.3836466299116363
104.0 40.0 0.3411887658419302
104.0 42.0 0.2371313151791791
104.0 44.0 0.11838965313475021
104.0 46.0 0.046225148050236885
104.0 48.0 0.0035804767161493685
104.0 50.0 0.0
104.0 52.0 0.0
104.0 54.0 0.0
104.0 56.0 0.0
104.0 58.0 0.0
104.0 60.0 0.0
104.0 62.0 0.0
104.0 64.0 0.0
104.0 66.0 0.0
104.0 68.0 0.0
104.0 70.0 0.0
104.0 72.0 0.0
104.0 74.0 0.0
104.0 76.0 0.0
104.0 78.0 0.0
104.0 80.0 0.0
104.0 82.0 0.0037422976994196133
104.0 84.0 0.02259487257945406
104.0 86.0 0.0428142005649437
104.0 88.0 0.08532268751867449
104.0 90.0 0.11500214877059971
104.0 92.0 0.21878917947590223
104.0 94.0 0.3038073087239596
104.0 96.0 0.34941983534030463
104.0 98.0 0.35996031766833564
104.0 100.0 0.3325431844351281
104.0 102.0 0.2701882356273776
104.0 104.0 0.19997200491390596
104.0 106.0 0.10064534867278237
104.0 108.0 0.015553293997231231
104.0 110.0 0.0
104.0 112.0 0.0
104.0 114.0 0.0
104.0 116.0 0.0
104.0 118.0 0.0
104.0 120.0 0.0
104.0 122.0 0.0
104.0 124.0 0.0
104.0 126.0 0.0
106.0 0.0 0.0
106.0 2.0 0.0
106.0 4.0 0.0
106.0 6.0 0.0
106.0 8.0 0.0
106.0 10.0 0.0
106.0 12.0 0.0
106.0 14.0 0.0
106.0 16.0 0.0
106.0 18.0 0.0
106.0 20.0 0.0
106.0 22.0 0.0
106.0 24.0 0.008368796689517738
106.0 26.0 0.10860639267084178
106.0 28.0 0.18535720190306035
106.0 30.0 0.24057492469633454
106.0 32.0 0.28136908737053257
106.0 34.0 0.31812673536132735
106.0 36.0 0.3568878915321079
106.0 38.0 0.3507014171535363
106.0 40.0 0.2750478666575682
106.0 42.0 0.14830698826865518
106.0 44.0 0.05859207895710888
106.0 46.0 0.008322645905297863
106.0 48.0 0.0
106.0 50.0 0.0
106.0 52.0 0.0
106.0 54.0 0.0
106.0 56.0 0.0
106.0 58.0 0.0
106.0 60.0 0.0
106.0 62.0 0.0
106.0 64.0 0.0
106.0 66.0 0.0
106.0 68.0 0.0
106.0 70.0 0.0
106.0 72.0 0.0
106.0 74.0 0.0
106.0 76.0 0.0
106.0 78.0 0.0
106.0 80.0 0.0
106.0 82.0 0.015056292617330616
106.0 84.0 0.041383640081118916
106.0 86.0 0.06901565967730024
106.0 88.0 0.12291728232088023
106.0 90.0 0.16076278501471836
106.0 92.0 0.2729917679999383
106.0 94.0 0.34601423113179575
106.0 96.0 0.37917836200600274
106.0 98.0 0.37867782962249197
106.0 100.0 0.323360531996384
106.0 102.0 0.22716729482557377
106.0 104.0 0.12402577998342262
106.0 106.0 0.03729568479368257
106.0 108.0 0.0
106.0 110.0 0.0
106.0 112.0 0.0
106.0 114.0 0.0
106.0 116.0 0.0
106.0 118.0 0.0
106.0 120.0 0.0
106.0 122.0 0.0
106.0 124.0 0.0
106.0 126.0 0.0
108.0 0.0 0.0
108.0 2.0 0.0
108.0 4.0 0.0
108.0 6.0 0.0
108.0 8.0 0.0
108.0 10.0 0.0
108.0 12.0 0.0
108.0 14.0 0.0
108.0 16.0 0.0
108.0 18.0 0.0
108.0 20.0 0.0
108.0 22.0 0.0
108.0 24.0 0.0019959862328078133
108.0 26.0 0.07498644579661394
108.0 28.0 0.16352375776680267
108.0 30.0 0.23644987628122582
108.0 32.0 0.2802403839000332
108.0 34.0 0.30486252506022576
108.0 36.0 0.3088201085856842
108.0 38.0 0.27060270854684043
108.0 40.0 0.18779842422678597
108.0 42.0 0.0807641606127082
108.0 44.0 0.018709962121188587
108.0 46.0 0.0
108.0 48.0 0.0
108.0 50.0 0.0
108.0 52.0 0.0
108.0 54.0 0.0
108.0 56.0 0.0
108.0 58.0 0.0
108.0 60.0 0.0
108.0 62.0 0.0
108.0 64.0 0.0
108.0 66.0 0.0
108.0 68.0 0.0
108.0 70.0 0.0
108.0 72.0 0.0
108.0 74.0 0.0
108.0 76.0 0.0
108.0 78.0 0.0
108.0 80.0 0.0
108.0 82.0 0.021951730604458732
108.0 84.0 0.0625951616728674
108.0 86.0 0.09227111054741306
108.0 88.0 0.14805005081234188
108.0 90.0 0.2137737248414556
108.0 92.0 0.2964253840926725
108.0 94.0 0.36544874065165467
108.0 96.0 0.3999406622258488
108.0 98.0 0.375889216576948
108.0 100.0 0.27467002438455085
108.0 102.0 0.12717481290343302
108.0 104.0 0.03818654142618977
108.0 106.0 0.0
108.0 108.0 0.0
108.0 110.0 0.0
108.0 112.0 0.0
108.0 114.0 0.0
108.0 116.0 0.0
108.0 118.0 0.0
108.0 120.0 0.0
108.0 122.0 0.0
108.0 124.0 0.0
108.0 126.0 0.0
110.0 0.0 0.0
110.0 2.0 0.0
110.0 4.0 0.0
110.0 6.0 0.0
110.0 8.0 0.0
110.0 10.0 0.0
110.0 12.0 0.0
110.0 14.0 0.0
110.0 16.0 0.0
110.0 18.0 0.0
110.0 20.0 0.0
110.0 22.0 0.0
110.0 24.0 0.0
110.0 26.0 0.04812871293298084
110.0 28.0 0.1438224865869635
110.0 30.0 0.21047173061540095
110.0 32.0 0.2516817954725061
110.0 34.0 0.26041187238508595
110.0 36.0 0.2812776803301361
110.0 38.0 0.2069555428175763
110.0 40.0 0.09530220850312822
110.0 42.0 0.029587068922662062
110.0 44.0 0.0
110.0 46.0 0.0
110.0 48.0 0.0
110.0 50.0 0.0
110.0 52.0 0.0
110.0 54.0 0.0
110.0 56.0 0.0
110.0 58.0 0.0
110.0 60.0 0.0
110.0 62.0 0.0
110.0 64.0 0.0
110.0 66.0 0.0
110.0 68.0 0.0
110.0 70.0 0.0
110.0 72.0 0.003994117514496282
110.0 74.0 8.803894639594673E-5
110.0 76.0 0.0
110.0 78.0 0.0
110.0 80.0 0.0
110.0 82.0 0.021055179651193554
110.0 84.0 0.08216286885828968
110.0 86.0 0.11789781378485002
110.0 88.0 0.16655966622519983
110.0 90.0 0.23686059835233278
110.0 92.0 0.3097116945545351
110.0 94.0 0.38465115919226406
110.0 96.0 0.41202878842485263
110.0 98.0 0.33967382960067377
110.0 100.0 0.174091112178005
110.0 102.0 0.0475406959405493
110.0 104.0 0.0
110.0 106.0 0.0
110.0 108.0 0.0
110.0 110.0 0.0
110.0 112.0 0.0
110.0 114.0 0.0
110.0 116.0 0.0
110.0 118.0 0.0
110.0 120.0 0.0
110.0 122.0 0.0
110.0 124.0 0.0
110.0 126.0 0.0
112.0 0.0 0.0
112.0 2.0 0.0
112.0 4.0 0.0
112.0 6.0 0.0
112.0 8.0 0.0
112.0 10.0 0.0
112.0 12.0 0.0
112.0 14.0 0.0
112.0 16.0 0.0
112.0 18.0 0.0
112.0 20.0 0.0
112.0 22.0 0.0
112.0 24.0 0.0
112.0 26.0 8.672707753224724E-4
112.0 28.0 0.07550339461892085
112.0 30.0 0.14389530253574698
112.0 32.0 0.17676181378490904
112.0 34.0 0.17732822027018194
112.0 36.0 0.1633905833297328
112.0 38.0 0.10017837379022106
112.0 40.0 0.04245153479696506
112.0 42.0 0.004754762273018191
112.0 44.0 0.0
112.0 46.0 0.0
112.0 48.0 0.0
112.0 50.0 0.0
112.0 52.0 0.0
112.0 54.0 0.0
112.0 56.0 0.0
112.0 58.0 0.0
112.0 60.0 0.0
112.0 62.0 0.0
112.0 64.0 0.0
112.0 66.0 0.0
112.0 68.0 0.0
112.0 70.0 0.0
112.0 72.0 0.025942299169893074
112.0 74.0 0.028030767631626024
112.0 76.0 1.5153758537380613E-4
112.0 78.0 0.0
112.0 80.0 0.0
112.0 82.0 0.022680968970640276
112.0 84.0 0.09117930556545036
112.0 86.0 0.13297066359849372
112.0 88.0 0.16345905645825679
112.0 90.0 0.23900512242601304
112.0 92.0 0.316597071441204
112.0 94.0 0.38071116643961617
112.0 96.0 0.3858998540332193
112.0 98.0 0.2501397054838523
112.0 100.0 0.07349144305162382
112.0 102.0 0.0
112.0 104.0 0.0
112.0 106.0 0.0
112.0 108.0 0.0
112.0 110.0 0.0
112.0 112.0 0.0
112.0 114.0 0.0
112.0 116.0 0.0
112.0 118.0 0.0
112.0 120.0 0.0
112.0 122.0 0.0
112.0 124.0 0.0
112.0 126.0 0.0
114.0 0.0 0.0
114.0 2.0 0.0
114.0 4.0 0.0
114.0 6.0 0.0
114.0 8.0 0.0
114.0 10.0 0.0
114.0 12.0 0.0
114.0 14.0 0.0
114.0 16.0 0.0
114.0 18.0 0.0
114.0 20.0 0.0
114.0 22.0 0.0
114.0 24.0 0.0
114.0 26.0 0.0
114.0 28.0 0.008221537136653245
114.0 30.0 0.06374580752613447
114.0 32.0 0.09338900024107655
114.0 34.0 0.09309077488064328
114.0 36.0 0.07323765138951659
114.0 38.0 0.03368921955883795
114.0 40.0 0.009532500232598468
114.0 42.0 0.0
114.0 44.0 0.0
114.0 46.0 0.0
114.0 48.0 0.0
114.0 50.0 0.0
114.0 52.0 0.0
114.0 54.0 0.0
114.0 56.0 0.0
114.0 58.0 0.0
114.0 60.0 0.0
114.0 62.0 0.0
114.0 64.0 0.0
114.0 66.0 0.0
114.0 68.0 0.0
114.0 70.0 0.0
114.0 72.0 0.03244856073720246
114.0 74.0 0.05440892472214636
114.0 76.0 0.031737382150226014
114.0 78.0 9.582231796265022E-5
114.0 80.0 0.0
114.0 82.0 0.014048897050129044
114.0 84.0 0.09226840118152685
114.0 86.0 0.13842274859471757
114.0 88.0 0.16694927651399408
114.0 90.0 0.22480076427875986
114.0 92.0 0.2936910026185812
114.0 94.0 0.3406714744455906
114.0 96.0 0.3164198146130745
114.0 98.0 0.12691854903426344
114.0 100.0 0.00648552278311313
114.0 102.0 0.0
114.0 104.0 0.0
114.0 106.0 0.0
114.0 108.0 0.0
114.0 110.0 0.0
114.0 112.0 0.0
114.0 114.0 0.0
114.0 116.0 0.0
114.0 118.0 0.0
114.0 120.0 0.0
114.0 122.0 0.0
114.0 124.0 0.0
114.0 126.0 0.0
116.0 0.0 0.0
116.0 2.0 0.0
116.0 4.0 0.0
116.0 6.0 0.0
116.0 8.0 0.0
116.0 10.0 0.0
116.0 12.0 0.0
116.0 14.0 0.0
116.0 16.0 0.0
116.0 18.0 0.0
116.0 20.0 0.0
116.0 22.0 0.0
116.0 24.0 0.0
116.0 26.0 0.0
116.0 28.0 0.0
116.0 30.0 0.0030591315828581724
116.0 32.0 0.01866642596470717
116.0 34.0 0.02230922450972082
116.0 36.0 0.01758537850685391
116.0 38.0 0.0
116.0 40.0 0.0
116.0 42.0 0.0
116.0 44.0 0.0
116.0 46.0 0.0
116.0 48.0 0.0
116.0 50.0 0.0
116.0 52.0 0.0
116.0 54.0 0.0
116.0 56.0 0.0
116.0 58.0 0.0
116.0 60.0 0.0
116.0 62.0 0.0
116.0 64.0 0.006206795521505024
116.0 66.0 0.005083386026150496
116.0 68.0 0.013058692132977267
116.0 70.0 0.021930678456251337
116.0 72.0 0.03359968484218586
116.0 74.0 0.048243755614618196
116.0 76.0 0.05642416747674398
116.0 78.0 0.020999201082452474
116.0 80.0 0.0
116.0 82.0 0.007336978793104072
116.0 84.0 0.08218406386859356
116.0 86.0 0.13414475263603814
116.0 88.0 0.1607302285756109
116.0 90.0 0.2038100060906385
116.0 92.0 0.24651099564511977
116.0 94.0 0.262477692238076
116.0 96.0 0.19576403494207104
116.0 98.0 0.05061450796544275
116.0 100.0 0.0
116.0 102.0 0.0
116.0 104.0 0.0
116.0 106.0 0.0
116.0 108.0 0.0
116.0 110.0 0.0
116.0 112.0 0.0
116.0 114.0 0.0
116.0 116.0 0.0
116.0 118.0 0.0
116.0 120.0 0.0
116.0 122.0 0.0
116.0 124.0 0.0
116.0 126.0 0.0
118.0 0.0 0.0
118.0 2.0 0.0
118.0 4.0 0.0
118.0 6.0 0.0
118.0 8.0 0.0
118.0 10.0 0.0
118.0 12.0 0.0
118.0 14.0 0.0
118.0 16.0 0.0
118.0 18.0 0.0
118.0 20.0 0.0
118.0 22.0 0.0
118.0 24.0 0.0
118.0 26.0 0.0
118.0 28.0 0.0
118.0 30.0 0.0
118.0 32.0 0.0
118.0 34.0 0.0
118.0 36.0 0.0
118.0 38.0 0.0
118.0 40.0 0.0
118.0 42.0 0.0
118.0 44.0 0.0
118.0 46.0 0.0
118.0 48.0 0.0
118.0 50.0 0.0
118.0 52.0 0.0
118.0 54.0 0.0
118.0 56.0 0.0
118.0 58.0 0.0
118.0 60.0 0.0
118.0 62.0 0.0
118.0 64.0 0.008816991328392136
118.0 66.0 0.03240797380503032
118.0 68.0 0.025222605631841446
118.0 70.0 0.03618341426722959
118.0 72.0 0.05684153099807499
118.0 74.0 0.062476739253379654
118.0 76.0 0.06369703291336408
118.0 78.0 0.05962650074924724
118.0 80.0 0.012051184871489875
118.0 82.0 0.011002399322724859
118.0 84.0 0.06451072032304828
118.0 86.0 0.10947373701519696
118.0 88.0 0.1376305241373349
118.0 90.0 0.17000854811198285
118.0 92.0 0.18828055760795911
118.0 94.0 0.17035468764348527
118.0 96.0 0.09344885197505792
118.0 98.0 0.0
118.0 100.0 0.0
118.0 102.0 0.0
118.0 104.0 0.0
118.0 106.0 0.0
118.0 108.0 0.0
118.0 110.0 0.0
118.0 112.0 0.0
118.0 114.0 0.0
118.0 116.0 0.0
118.0 118.0 0.0
118.0 120.0 0.0
118.0 122.0 0.0
118.0 124.0 0.0
118.0 126.0 0.0
120.0 0.0 0.0
120.0 2.0 0.0
120.0 4.0 0.0
120.0 6.0 0.0
120.0 8.0 0.0
120.0 10.0 0.0
120.0 12.0 0.0
120.0 14.0 0.0
120.0 16.0 0.0
120.0 18.0 0.0
120.0 20.0 0.0
120.0 22.0 0.0
120.0 24.0 0.0
120.0 26.0 0.0
120.0 28.0 0.0
120.0 30.0 0.0
120.0 32.0 0.0
120.0 34.0 0.0
120.0 36.0 0.004686126630554495
120.0 38.0 0.0
120.0 40.0 0.0
120.0 42.0 0.0
120.0 44.0 0.0
120.0 46.0 0.0
120.0 48.0 0.0
120.0 50.0 0.0
120.0 52.0 0.0
120.0 54.0 0.0
120.0 56.0 0.0
120.0 58.0 0.0
120.0 60.0 0.0
120.0 62.0 0.0
120.0 64.0 0.012208114672437556
120.0 66.0 0.03860879875481523
120.0 68.0 0.0606053217445106
120.0 70.0 0.0706088315029605
120.0 72.0 0.0849883333809464
120.0 74.0 0.08290680141953659
120.0 76.0 0.07519968532103093
120.0 78.0 0.06552024994029827
120.0 80.0 0.041870534176491746
120.0 82.0 0.02429039603447476
120.0 84.0 0.03880122882997429
120.0 86.0 0.06960776086708297
120.0 88.0 0.09007962895561489
120.0 90.0 0.11303219178944818
120.0 92.0 0.1219967289172541
120.0 94.0 0.0
120.0 96.0 0.0
120.0 98.0 0.0
120.0 100.0 0.0
120.0 102.0 0.0
120.0 104.0 0.0
120.0 106.0 0.0
120.0 108.0 0.0
120.0 110.0 0.0
120.0 112.0 0.0
120.0 114.0 0.0
120.0 116.0 0.0
120.0 118.0 0.0
120.0 120.0 0.0
120.0 122.0 0.0
120.0 124.0 0.0
120.0 126.0 0.0
122.0 0.0 0.0
122.0 2.0 0.0
122.0 4.0 0.0
122.0 6.0 0.0
122.0 8.0 0.0
122.0 10.0 0.0
122.0 12.0 0.0
122.0 14.0 0.0
122.0 16.0 0.0
122.0 18.0 0.0
122.0 20.0 0.0
122.0 22.0 0.0
122.0 24.0 0.0
122.0 26.0 0.0
122.0 28.0 0.0
122.0 30.0 0.0
122.0 32.0 0.0
122.0 34.0 0.0
122.0 36.0 0.0
122.0 38.0 0.0
122.0 40.0 0.016078413030254087
122.0 42.0 0.0
122.0 44.0 0.0
122.0 46.0 0.0
122.0 48.0 0.0
122.0 50.0 0.0
122.0 52.0 0.0
122.0 54.0 0.0
122.0 56.0 0.0
122.0 58.0 0.0
122.0 60.0 0.0
122.0 62.0 0.0
122.0 64.0 0.00880387734166911
122.0 66.0 0.03763289171123769
122.0 68.0 0.07226890010606675
122.0 70.0 0.09957071970667636
122.0 72.0 0.11202780012822895
122.0 74.0 0.10366200528079833
122.0 76.0 0.0877941969727271
122.0 78.0 0.06756033464714395
122.0 80.0 0.05083711505398558
122.0 82.0 0.025012586283145993
122.0 84.0 0.0167882228707359
122.0 86.0 0.018502438033510905
122.0 88.0 0.02497655233120181
122.0 90.0 0.0
122.0 92.0 0.0
122.0 94.0 0.0
122.0 96.0 0.0
122.0 98.0 0.0
122.0 100.0 0.0
122.0 102.0 0.0
122.0 104.0 0.0
122.0 106.0 0.0
122.0 108.0 0.0
122.0 110.0 0.0
122.0 112.0 0.0
122.0 114.0 0.0
122.0 116.0 0.0
122.0 118.0 0.0
122.0 120.0 0.0
122.0 122.0 0.0
122.0 124.0 0.0
122.0 126.0 0.0
124.0 0.0 0.0
124.0 2.0 0.0
124.0 4.0 0.0
124.0 6.0 0.0
124.0 8.0 0.0
124.0 10.0 0.0
124.0 12.0 0.0
124.0 14.0 0.0
124.0 16.0 0.0
124.0 18.0 0.0
124.0 20.0 0.0
124.0 22.0 0.0
124.0 24.0 0.0
124.0 26.0 0.0
124.0 28.0 0.0
124.0 30.0 0.0
124.0 32.0 0.0
124.0 34.0 0.0
124.0 36.0 0.0
124.0 38.0 0.0
124.0 40.0 0.0
124.0 42.0 0.0
124.0 44.0 0.0
124.0 46.0 0.004534285632130218
124.0 48.0 0.0
124.0 50.0 0.0
124.0 52.0 0.0
124.0 54.0 0.0
124.0 56.0 0.0
124.0 58.0 0.0
124.0 60.0 0.0
124.0 62.0 0.006556684867772215
124.0 64.0 0.026619803443274855
124.0 66.0 0.051417641565322
124.0 68.0 0.0890302015225181
124.0 70.0 0.12009355751298552
124.0 72.0 0.1324596707384827
124.0 74.0 0.1193028581677427
124.0 76.0 0.0959634028227838
124.0 78.0 0.05583857373526122
124.0 80.0 0.044235547220226816
124.0 82.0 0.022190587407997883
124.0 84.0 0.0
124.0 86.0 0.0
124.0 88.0 0.0
124.0 90.0 0.0
124.0 92.0 0.0
124.0 94.0 0.0
124.0 96.0 0.0
124.0 98.0 0.0
124.0 100.0 0.0
124.0 102.0 0.0
124.0 104.0 0.0
124.0 106.0 0.0
124.0 108.0 0.0
124.0 110.0 0.0
124.0 112.0 0.0
124.0 114.0 0.0
124.0 116.0 0.0
124.0 118.0 0.0
124.0 120.0 0.0
124.0 122.0 0.0
124.0 124.0 0.0
124.0 126.0 0.0
126.0 0.0 0.0
126.0 2.0 0.0
126.0 4.0 0.0
126.0 6.0 0.0
126.0 8.0 0.0
126.0 10.0 0.0
126.0 12.0 0.0
126.0 14.0 0.0
126.0 16.0 0.0
126.0 18.0 0.0
126.0 20.0 0.0
126.0 22.0 0.0
126.0 24.0 0.0
126.0 26.0 0.0
126.0 28.0 0.0
126.0 30.0 0.0
126.0 32.0 0.0
126.0 34.0 0.0
126.0 36.0 0.0
126.0 38.0 0.0
126.0 40.0 0.0
126.0 42.0 0.0
126.0 44.0 0.0
126.0 46.0 0.0
126.0 48.0 0.0
126.0 50.0 0.0
126.0 52.0 0.0
126.0 54.0 0.001376356689890135
126.0 56.0 0.0
126.0 58.0 0.0
126.0 60.0 0.0
126.0 62.0 0.0
126.0 64.0 0.02932540622092487
126.0 66.0 0.10213552778217261
126.0 68.0 0.13670766736933712
126.0 70.0 0.15534302601764546
126.0 72.0 0.1505299869501845
126.0 74.0 0.12490711380470136
126.0 76.0 0.0
126.0 78.0 0.0
126.0 80.0 0.0
126.0 82.0 0.0
126.0 84.0 0.0
126.0 86.0 0.0
126.0 88.0 0.0
126.0 90.0 0.0
126.0 92.0 0.0
126.0 94.0 0.0
126.0 96.0 0.0
126.0 98.0 0.0
126.0 100.0 0.0
126.0 102.0 0.0
126.0 104.0 0.0
126.0 106.0 0.0
126.0 108.0 0.0
126.0 110.0 0.0
126.0 112.0 0.0
126.0 114.0 0.0
126.0 116.0 0.0
126.0 118.0 0.0
126.0 120.0 0.0
126.0 122.0 0.0
126.0 124.0 0.0
126.0 126.0 0.0
