0.0 0.0 0.0
0.0 2.0 0.0
0.0 4.0 0.0
0.0 6.0 0.0
0.0 8.0 0.0
0.0 10.0 0.0
0.0 12.0 0.0
0.0 14.0 0.0
0.0 16.0 0.0
0.0 18.0 0.0
0.0 20.0 0.0
0.0 22.0 0.0
0.0 24.0 0.0
0.0 26.0 0.0
0.0 28.0 0.0
0.0 30.0 0.0
0.0 32.0 0.0
0.0 34.0 0.0
0.0 36.0 0.0
0.0 38.0 0.0
0.0 40.0 0.0
0.0 42.0 0.0
0.0 44.0 0.0
0.0 46.0 0.0
0.0 48.0 0.0
0.0 50.0 0.0
0.0 52.0 0.0
0.0 54.0 0.0
0.0 56.0 0.0
0.0 58.0 0.0
0.0 60.0 0.0
0.0 62.0 0.0
0.0 64.0 0.0
0.0 66.0 0.0
0.0 68.0 0.0
0.0 70.0 0.0
0.0 72.0 0.0
0.0 74.0 0.0
0.0 76.0 0.0
0.0 78.0 0.0
0.0 80.0 0.0
0.0 82.0 0.0
0.0 84.0 0.0
0.0 86.0 0.0
0.0 88.0 0.0
0.0 90.0 0.0
0.0 92.0 0.0
0.0 94.0 0.0
0.0 96.0 0.0
0.0 98.0 0.0
0.0 100.0 0.0
0.0 102.0 0.0
0.0 104.0 0.0
0.0 106.0 0.0
0.0 108.0 0.0
0.0 110.0 0.0
0.0 112.0 0.0
0.0 114.0 0.0
0.0 116.0 0.0
0.0 118.0 0.0
0.0 120.0 0.0
0.0 122.0 0.0
0.0 124.0 0.0
0.0 126.0 0.0
2.0 0.0 0.0
2.0 2.0 0.0
2.0 4.0 0.0
2.0 6.0 0.0
2.0 8.0 0.0
2.0 10.0 0.0
2.0 12.0 0.0
2.0 14.0 0.0
2.0 16.0 0.0
2.0 18.0 0.0
2.0 20.0 0.0
2.0 22.0 0.0
2.0 24.0 0.0
2.0 26.0 0.0
2.0 28.0 0.0
2.0 30.0 0.0
2.0 32.0 0.0
2.0 34.0 0.0
2.0 36.0 0.0
2.0 38.0 0.0
2.0 40.0 0.0
2.0 42.0 0.0
2.0 44.0 0.0
2.0 46.0 0.0
2.0 48.0 0.10689314869537118
2.0 50.0 0.0
2.0 52.0 0.0
2.0 54.0 0.0
2.0 56.0 0.0
2.0 58.0 0.0
2.0 60.0 0.0
2.0 62.0 0.0
2.0 64.0 0.0
2.0 66.0 0.0
2.0 68.0 0.004992435536574936
2.0 70.0 0.004374215247772109
2.0 72.0 0.0
2.0 74.0 0.0
2.0 76.0 0.0
2.0 78.0 0.0
2.0 80.0 0.0
2.0 82.0 0.0
2.0 84.0 0.0
2.0 86.0 0.0
2.0 88.0 0.0
2.0 90.0 0.0
2.0 92.0 0.0
2.0 94.0 0.0
2.0 96.0 0.0
2.0 98.0 0.0
2.0 100.0 0.0
2.0 102.0 0.0
2.0 104.0 0.0
2.0 106.0 0.0
2.0 108.0 0.0
2.0 110.0 0.0
2.0 112.0 0.0
2.0 114.0 0.0
2.0 116.0 0.0
2.0 118.0 0.0
2.0 120.0 0.0
2.0 122.0 0.0
2.0 124.0 0.0
2.0 126.0 0.0
4.0 0.0 0.0
4.0 2.0 0.0
4.0 4.0 0.0
4.0 6.0 0.0
4.0 8.0 0.0
4.0 10.0 0.0
4.0 12.0 0.0
4.0 14.0 0.0
4.0 16.0 0.0
4.0 18.0 0.0
4.0 20.0 0.0
4.0 22.0 0.0
4.0 24.0 0.0
4.0 26.0 0.0
4.0 28.0 0.0
4.0 30.0 0.0
4.0 32.0 0.0
4.0 34.0 0.0
4.0 36.0 0.0
4.0 38.0 0.0
4.0 40.0 0.0
4.0 42.0 0.0
4.0 44.0 0.0
4.0 46.0 0.0
4.0 48.0 0.002138978965445628
4.0 50.0 0.010187254947000587
4.0 52.0 0.011304514839090132
4.0 54.0 0.002217407528451948
4.0 56.0 4.3443018661472576E-4
4.0 58.0 0.0016026270325660728
4.0 60.0 0.0015992663105949736
4.0 62.0 0.004355834580797202
4.0 64.0 0.041864089189876226
4.0 66.0 0.048562115581259606
4.0 68.0 0.04649795174241691
4.0 70.0 0.01976945748339189
4.0 72.0 0.0
4.0 74.0 0.0
4.0 76.0 0.0
4.0 78.0 0.0
4.0 80.0 0.0
4.0 82.0 0.0
4.0 84.0 0.0
4.0 86.0 0.0
4.0 88.0 0.0
4.0 90.0 0.0
4.0 92.0 0.0
4.0 94.0 0.0
4.0 96.0 0.0
4.0 98.0 0.0
4.0 100.0 0.0
4.0 102.0 0.0
4.0 104.0 0.0
4.0 106.0 0.0
4.0 108.0 0.0
4.0 110.0 0.0
4.0 112.0 0.0
4.0 114.0 0.0
4.0 116.0 0.0
4.0 118.0 0.0
4.0 120.0 0.0
4.0 122.0 0.0
4.0 124.0 0.0
4.0 126.0 0.0
6.0 0.0 0.0
6.0 2.0 0.0
6.0 4.0 0.0
6.0 6.0 0.0
6.0 8.0 0.0
6.0 10.0 0.0
6.0 12.0 0.0
6.0 14.0 0.0
6.0 16.0 0.0
6.0 18.0 0.0
6.0 20.0 0.0
6.0 22.0 0.0
6.0 24.0 0.0
6.0 26.0 0.0
6.0 28.0 0.0
6.0 30.0 0.0
6.0 32.0 0.0
6.0 34.0 0.0
6.0 36.0 0.0
6.0 38.0 0.0
6.0 40.0 0.0
6.0 42.0 0.0
6.0 44.0 0.0010342515715383047
6.0 46.0 0.008594901829968466
6.0 48.0 0.019687587599814024
6.0 50.0 0.025041263052754715
6.0 52.0 0.027195049765786836
6.0 54.0 0.008956943454998194
6.0 56.0 0.00714888073903968
6.0 58.0 0.005589888916347469
6.0 60.0 0.0015115875541508832
6.0 62.0 0.00455282951151146
6.0 64.0 0.04741781317390536
6.0 66.0 0.05843916375321753
6.0 68.0 0.06216806022059965
6.0 70.0 0.031203361525303463
6.0 72.0 0.0
6.0 74.0 0.0
6.0 76.0 0.0
6.0 78.0 0.0
6.0 80.0 0.0
6.0 82.0 0.0
6.0 84.0 0.0
6.0 86.0 0.0
6.0 88.0 0.0
6.0 90.0 5.725133317067765E-4
6.0 92.0 0.0
6.0 94.0 0.0
6.0 96.0 0.0
6.0 98.0 0.0
6.0 100.0 0.0
6.0 102.0 0.0
6.0 104.0 0.0
6.0 106.0 0.0
6.0 108.0 0.0
6.0 110.0 0.0
6.0 112.0 0.0
6.0 114.0 0.0
6.0 116.0 0.0
6.0 118.0 0.0
6.0 120.0 0.0
6.0 122.0 0.0
6.0 124.0 0.0
6.0 126.0 0.0
8.0 0.0 0.0
8.0 2.0 0.0
8.0 4.0 0.0
8.0 6.0 0.0
8.0 8.0 0.0
8.0 10.0 0.0
8.0 12.0 0.0
8.0 14.0 0.0
8.0 16.0 0.0
8.0 18.0 0.0
8.0 20.0 0.0
8.0 22.0 0.0
8.0 24.0 0.0
8.0 26.0 0.0
8.0 28.0 0.0
8.0 30.0 0.0
8.0 32.0 0.0
8.0 34.0 0.0011831145546631788
8.0 36.0 0.0
8.0 38.0 0.0
8.0 40.0 0.0
8.0 42.0 0.0
8.0 44.0 0.003988967678099027
8.0 46.0 0.019393723104820113
8.0 48.0 0.029829199994496177
8.0 50.0 0.04252228595157121
8.0 52.0 0.04387177575378754
8.0 54.0 0.0296120411546873
8.0 56.0 0.030065848172258155
8.0 58.0 0.024791765510200296
8.0 60.0 0.01086600073255069
8.0 62.0 0.011370376496925605
8.0 64.0 0.05377025566235269
8.0 66.0 0.07241421375672542
8.0 68.0 0.08395442786195469
8.0 70.0 0.04106727313872023
8.0 72.0 0.0
8.0 74.0 0.0
8.0 76.0 0.0
8.0 78.0 0.0
8.0 80.0 0.0
8.0 82.0 0.0
8.0 84.0 0.0
8.0 86.0 0.0
8.0 88.0 0.0
8.0 90.0 0.0
8.0 92.0 1.8516979297828718E-4
8.0 94.0 0.005724777996798917
8.0 96.0 0.0
8.0 98.0 0.0
8.0 100.0 0.0
8.0 102.0 0.0
8.0 104.0 0.0
8.0 106.0 0.0
8.0 108.0 0.0
8.0 110.0 0.0
8.0 112.0 0.0
8.0 114.0 0.0
8.0 116.0 0.0
8.0 118.0 0.0
8.0 120.0 0.0
8.0 122.0 0.0
8.0 124.0 0.0
8.0 126.0 0.0
10.0 0.0 0.0
10.0 2.0 0.0
10.0 4.0 0.0
10.0 6.0 0.0
10.0 8.0 0.0
10.0 10.0 0.0
10.0 12.0 0.0
10.0 14.0 0.0
10.0 16.0 0.0
10.0 18.0 0.0
10.0 20.0 0.0
10.0 22.0 0.0
10.0 24.0 0.0
10.0 26.0 0.0
10.0 28.0 0.0
10.0 30.0 0.002264885407101127
10.0 32.0 0.0
10.0 34.0 0.0
10.0 36.0 0.0
10.0 38.0 0.0
10.0 40.0 0.0
10.0 42.0 0.0
10.0 44.0 0.00586659459268372
10.0 46.0 0.02326376181360773
10.0 48.0 0.038275163609488023
10.0 50.0 0.04853977689599382
10.0 52.0 0.04301779790576988
10.0 54.0 0.051496429068844746
10.0 56.0 0.06158261433917928
10.0 58.0 0.056688593676881345
10.0 60.0 0.04026854496002042
10.0 62.0 0.03478015876792132
10.0 64.0 0.05559661725820364
10.0 66.0 0.0998113360351127
10.0 68.0 0.10515145049326578
10.0 70.0 0.060437720712364924
10.0 72.0 0.0
10.0 74.0 0.0
10.0 76.0 0.0
10.0 78.0 0.0
10.0 80.0 0.0
10.0 82.0 0.0
10.0 84.0 0.0
10.0 86.0 0.0
10.0 88.0 0.0
10.0 90.0 0.0
10.0 92.0 0.0
10.0 94.0 0.0
10.0 96.0 0.001565544964795119
10.0 98.0 0.0
10.0 100.0 0.0
10.0 102.0 0.0
10.0 104.0 0.0
10.0 106.0 0.0
10.0 108.0 0.0
10.0 110.0 0.0
10.0 112.0 0.0
10.0 114.0 0.0
10.0 116.0 0.0
10.0 118.0 0.0
10.0 120.0 0.0
10.0 122.0 0.0
10.0 124.0 0.0
10.0 126.0 0.0
12.0 0.0 0.0
12.0 2.0 0.0
12.0 4.0 0.0
12.0 6.0 0.0
12.0 8.0 0.0
12.0 10.0 0.0
12.0 12.0 0.0
12.0 14.0 0.0
12.0 16.0 0.0
12.0 18.0 0.0
12.0 20.0 0.0
12.0 22.0 0.0
12.0 24.0 0.0
12.0 26.0 0.0
12.0 28.0 0.001289504480644251
12.0 30.0 0.0
12.0 32.0 0.0
12.0 34.0 0.0
12.0 36.0 0.0
12.0 38.0 0.0
12.0 40.0 0.0
12.0 42.0 0.0
12.0 44.0 0.0035880162695997642
12.0 46.0 0.016042048855829816
12.0 48.0 0.029280222684719786
12.0 50.0 0.04288817536184644
12.0 52.0 0.04659664457616053
12.0 54.0 0.06695861435826235
12.0 56.0 0.08826870551616563
12.0 58.0 0.08424613169697093
12.0 60.0 0.06996496516906582
12.0 62.0 0.06734991023093946
12.0 64.0 0.07019385284179025
12.0 66.0 0.1107807759191548
12.0 68.0 0.1229473412701401
12.0 70.0 0.08604230492942559
12.0 72.0 0.0014114721227053903
12.0 74.0 0.0
12.0 76.0 0.0
12.0 78.0 0.0
12.0 80.0 0.0
12.0 82.0 0.0
12.0 84.0 0.0
12.0 86.0 0.0
12.0 88.0 0.0
12.0 90.0 0.0
12.0 92.0 0.0
12.0 94.0 0.0
12.0 96.0 0.0
12.0 98.0 0.0
12.0 100.0 0.0
12.0 102.0 0.0
12.0 104.0 0.0
12.0 106.0 0.0
12.0 108.0 0.0
12.0 110.0 0.0
12.0 112.0 0.0
12.0 114.0 0.0
12.0 116.0 0.0
12.0 118.0 0.0
12.0 120.0 0.0
12.0 122.0 0.0
12.0 124.0 0.0
12.0 126.0 0.0
14.0 0.0 0.0
14.0 2.0 0.0
14.0 4.0 0.0
14.0 6.0 0.0
14.0 8.0 0.0
14.0 10.0 0.0
14.0 12.0 0.0
14.0 14.0 0.0
14.0 16.0 0.0
14.0 18.0 0.0
14.0 20.0 0.0
14.0 22.0 0.0
14.0 24.0 0.0031860313984705805
14.0 26.0 0.0
14.0 28.0 0.0
14.0 30.0 0.0
14.0 32.0 0.0
14.0 34.0 0.0
14.0 36.0 0.0
14.0 38.0 0.0
14.0 40.0 0.0
14.0 42.0 0.0
14.0 44.0 0.0
14.0 46.0 2.3661933773901002E-4
14.0 48.0 0.0038244216154751077
14.0 50.0 0.014504922178040646
14.0 52.0 0.03809513399199443
14.0 54.0 0.07020982689556217
14.0 56.0 0.10809229865681601
14.0 58.0 0.1127505513239126
14.0 60.0 0.10049189688749798
14.0 62.0 0.09934691505720399
14.0 64.0 0.09785123738287738
14.0 66.0 0.12493174819984931
14.0 68.0 0.12978173798483444
14.0 70.0 0.11218026365906969
14.0 72.0 0.02413482103022238
14.0 74.0 0.0
14.0 76.0 0.0
14.0 78.0 0.0
14.0 80.0 0.0
14.0 82.0 0.0
14.0 84.0 0.0
14.0 86.0 0.0
14.0 88.0 0.0
14.0 90.0 0.0
14.0 92.0 0.0
14.0 94.0 0.0
14.0 96.0 0.0
14.0 98.0 0.0
14.0 100.0 0.0
14.0 102.0 6.973980226429405E-4
14.0 104.0 0.0
14.0 106.0 0.0
14.0 108.0 0.0
14.0 110.0 0.0
14.0 112.0 0.0
14.0 114.0 0.0
14.0 116.0 0.0
14.0 118.0 0.0
14.0 120.0 0.0
14.0 122.0 0.0
14.0 124.0 0.0
14.0 126.0 0.0
16.0 0.0 0.0
16.0 2.0 0.0
16.0 4.0 0.0
16.0 6.0 0.0
16.0 8.0 0.0
16.0 10.0 0.0
16.0 12.0 0.0
16.0 14.0 0.0
16.0 16.0 0.0
16.0 18.0 0.0
16.0 20.0 0.0
16.0 22.0 0.016283288142809226
16.0 24.0 0.02323223479927332
16.0 26.0 0.010521211296597192
16.0 28.0 0.00393985706809146
16.0 30.0 0.0015235119934905075
16.0 32.0 0.0
16.0 34.0 0.0
16.0 36.0 0.0
16.0 38.0 0.0
16.0 40.0 0.0
16.0 42.0 0.0
16.0 44.0 4.7447816620991066E-4
16.0 46.0 0.008011209234941427
16.0 48.0 0.0064137832615751246
16.0 50.0 0.0029500947975201557
16.0 52.0 0.02289509069416239
16.0 54.0 0.07560146911960991
16.0 56.0 0.12017807469637194
16.0 58.0 0.13628419615529738
16.0 60.0 0.12752475641253455
16.0 62.0 0.12973824840127293
16.0 64.0 0.13887386521684766
16.0 66.0 0.13712145893460587
16.0 68.0 0.14734278720056448
16.0 70.0 0.1348645206514884
16.0 72.0 0.06384861238782019
16.0 74.0 0.0
16.0 76.0 0.0
16.0 78.0 0.0
16.0 80.0 0.0
16.0 82.0 0.0
16.0 84.0 0.0
16.0 86.0 0.0
16.0 88.0 0.0
16.0 90.0 0.0
16.0 92.0 0.0
16.0 94.0 0.0
16.0 96.0 0.0
16.0 98.0 0.0
16.0 100.0 0.0
16.0 102.0 0.0
16.0 104.0 0.0010083397846331226
16.0 106.0 0.0
16.0 108.0 0.0
16.0 110.0 0.0
16.0 112.0 0.0
16.0 114.0 0.0
16.0 116.0 0.0
16.0 118.0 0.0
16.0 120.0 0.0
16.0 122.0 0.0
16.0 124.0 0.0
16.0 126.0 0.0
18.0 0.0 0.0
18.0 2.0 0.0
18.0 4.0 0.0
18.0 6.0 0.0
18.0 8.0 0.0
18.0 10.0 0.0
18.0 12.0 0.0
18.0 14.0 0.0
18.0 16.0 0.0
18.0 18.0 0.0
18.0 20.0 0.07463368674520846
18.0 22.0 0.05344354708117217
18.0 24.0 0.045234162292917525
18.0 26.0 0.04856461016679114
18.0 28.0 0.05043789518559671
18.0 30.0 0.02127674917223511
18.0 32.0 0.0024357042541299757
18.0 34.0 0.0014028452880214815
18.0 36.0 0.00290099357642825
18.0 38.0 1.739346732747983E-4
18.0 40.0 0.0
18.0 42.0 0.0
18.0 44.0 0.0
18.0 46.0 0.0
18.0 48.0 0.0
18.0 50.0 0.0
18.0 52.0 0.0016698601120475384
18.0 54.0 0.07220286114465395
18.0 56.0 0.1235123915890552
18.0 58.0 0.14654601464897268
18.0 60.0 0.14368301571551628
18.0 62.0 0.15306193436104487
18.0 64.0 0.1689029657823927
18.0 66.0 0.15869876265592256
18.0 68.0 0.16820670725300227
18.0 70.0 0.1563517765748822
18.0 72.0 0.11595124934058804
18.0 74.0 0.03370774954793474
18.0 76.0 0.0
18.0 78.0 0.0
18.0 80.0 0.0
18.0 82.0 0.0
18.0 84.0 0.0
18.0 86.0 0.0
18.0 88.0 0.0
18.0 90.0 0.0
18.0 92.0 0.0
18.0 94.0 0.0
18.0 96.0 0.0
18.0 98.0 0.0
18.0 100.0 0.0
18.0 102.0 0.0
18.0 104.0 6.959510020707973E-4
18.0 106.0 0.009905369253828561
18.0 108.0 0.0
18.0 110.0 0.0
18.0 112.0 0.0
18.0 114.0 0.0
18.0 116.0 0.0
18.0 118.0 0.0
18.0 120.0 0.0
18.0 122.0 0.0
18.0 124.0 0.0
18.0 126.0 0.0
20.0 0.0 0.0
20.0 2.0 0.0
20.0 4.0 0.0
20.0 6.0 0.0
20.0 8.0 0.0
20.0 10.0 0.0
20.0 12.0 0.0
20.0 14.0 0.0
20.0 16.0 0.0
20.0 18.0 0.08855695203368981
20.0 20.0 0.04845415713436785
20.0 22.0 0.07060913573782332
20.0 24.0 0.1021935243370155
20.0 26.0 0.12828639118500218
20.0 28.0 0.15716985604484607
20.0 30.0 0.15409998746201772
20.0 32.0 0.10479517672488343
20.0 34.0 0.08237684247062788
20.0 36.0 0.07217321766285172
20.0 38.0 0.0372119937751871
20.0 40.0 0.0030554880560850228
20.0 42.0 0.0018676411776898858
20.0 44.0 0.0
20.0 46.0 0.0
20.0 48.0 0.0
20.0 50.0 0.0
20.0 52.0 0.0
20.0 54.0 0.04384002343562202
20.0 56.0 0.10210442383669475
20.0 58.0 0.1351807650408973
20.0 60.0 0.14799932722516165
20.0 62.0 0.16972187520639623
20.0 64.0 0.19442565706345938
20.0 66.0 0.18127829504189172
20.0 68.0 0.1916569134684517
20.0 70.0 0.18752744081914738
20.0 72.0 0.16768981668537122
20.0 74.0 0.0838098098947694
20.0 76.0 0.016333701781763615
20.0 78.0 0.0
20.0 80.0 0.0
20.0 82.0 0.0
20.0 84.0 0.0
20.0 86.0 0.0
20.0 88.0 0.0
20.0 90.0 0.0
20.0 92.0 0.0
20.0 94.0 0.0
20.0 96.0 0.0
20.0 98.0 0.0
20.0 100.0 0.0
20.0 102.0 0.0
20.0 104.0 0.0
20.0 106.0 0.0023318195299838573
20.0 108.0 0.04343411568851027
20.0 110.0 0.0
20.0 112.0 0.0
20.0 114.0 0.0
20.0 116.0 0.0
20.0 118.0 0.0
20.0 120.0 0.0
20.0 122.0 0.0
20.0 124.0 0.0
20.0 126.0 0.0
22.0 0.0 0.0
22.0 2.0 0.0
22.0 4.0 0.0
22.0 6.0 0.0
22.0 8.0 0.0
22.0 10.0 0.0
22.0 12.0 0.0
22.0 14.0 0.0
22.0 16.0 0.06246521307893164
22.0 18.0 6.407240979636497E-4
22.0 20.0 0.056201450220473397
22.0 22.0 0.12450280404995717
22.0 24.0 0.1781569742225851
22.0 26.0 0.22141320382860727
22.0 28.0 0.24884920011593983
22.0 30.0 0.2752580060101671
22.0 32.0 0.25739454673264667
22.0 34.0 0.16999073999071015
22.0 36.0 0.12768342473835972
22.0 38.0 0.08531457240019442
22.0 40.0 0.045959290486390976
22.0 42.0 0.001072448310054738
22.0 44.0 0.0
22.0 46.0 0.0
22.0 48.0 0.0
22.0 50.0 0.0
22.0 52.0 0.0
22.0 54.0 0.0
22.0 56.0 0.05077449893437889
22.0 58.0 0.09451840527582972
22.0 60.0 0.12678863766453266
22.0 62.0 0.1688852068078026
22.0 64.0 0.2059240265557448
22.0 66.0 0.20148613962268236
22.0 68.0 0.2171517700357677
22.0 70.0 0.23677811355629252
22.0 72.0 0.2236637919832247
22.0 74.0 0.14883525259598815
22.0 76.0 0.06505302307119883
22.0 78.0 0.0077580678833272096
22.0 80.0 0.0
22.0 82.0 0.0
22.0 84.0 0.0
22.0 86.0 0.0
22.0 88.0 0.0
22.0 90.0 0.0
22.0 92.0 0.0
22.0 94.0 0.0
22.0 96.0 0.0
22.0 98.0 0.0
22.0 100.0 0.0
22.0 102.0 0.0
22.0 104.0 0.0
22.0 106.0 8.739129977713538E-4
22.0 108.0 0.022953679446461348
22.0 110.0 0.07950342552330304
22.0 112.0 0.0
22.0 114.0 0.0
22.0 116.0 0.0
22.0 118.0 0.0
22.0 120.0 0.0
22.0 122.0 0.0
22.0 124.0 0.0
22.0 126.0 0.0
24.0 0.0 0.0
24.0 2.0 0.0
24.0 4.0 0.0
24.0 6.0 0.0
24.0 8.0 0.0
24.0 10.0 0.0
24.0 12.0 0.0
24.0 14.0 0.04321914324884962
24.0 16.0 0.0
24.0 18.0 0.029643586643164316
24.0 20.0 0.13281236965551813
24.0 22.0 0.21964651012834
24.0 24.0 0.2843084337170406
24.0 26.0 0.32802285621433674
24.0 28.0 0.34862454197919196
24.0 30.0 0.34285276936315157
24.0 32.0 0.3096475622103601
24.0 34.0 0.25105992254085174
24.0 36.0 0.16010087935005157
24.0 38.0 0.10363657031098639
24.0 40.0 0.042111449760554476
24.0 42.0 0.006650676802014013
24.0 44.0 0.0
24.0 46.0 0.0
24.0 48.0 0.0
24.0 50.0 0.0
24.0 52.0 0.0
24.0 54.0 0.0
24.0 56.0 0.0
24.0 58.0 0.02271651844312544
24.0 60.0 0.07151601613436404
24.0 62.0 0.1387624931202662
24.0 64.0 0.1996488433884468
24.0 66.0 0.21555192740928844
24.0 68.0 0.23974404789879303
24.0 70.0 0.27889147443780077
24.0 72.0 0.29370749082655245
24.0 74.0 0.2420688094288358
24.0 76.0 0.1421793170135495
24.0 78.0 0.05396936766436348
24.0 80.0 0.0023906181631657268
24.0 82.0 0.0
24.0 84.0 0.0
24.0 86.0 0.0
24.0 88.0 0.0
24.0 90.0 0.0
24.0 92.0 0.0
24.0 94.0 0.0
24.0 96.0 0.0
24.0 98.0 0.0
24.0 100.0 0.0
24.0 102.0 0.0
24.0 104.0 0.0
24.0 106.0 0.0
24.0 108.0 0.004905285859455647
24.0 110.0 0.04524996417371855
24.0 112.0 0.09785768255357108
24.0 114.0 0.0
24.0 116.0 0.0
24.0 118.0 0.0
24.0 120.0 0.0
24.0 122.0 0.0
24.0 124.0 0.0
24.0 126.0 0.0
26.0 0.0 0.0
26.0 2.0 0.0
26.0 4.0 0.0
26.0 6.0 0.0
26.0 8.0 0.0
26.0 10.0 0.0
26.0 12.0 0.0
26.0 14.0 0.03224630577659602
26.0 16.0 0.0
26.0 18.0 0.06221275764402842
26.0 20.0 0.20337721826112684
26.0 22.0 0.30689044568405516
26.0 24.0 0.37337457097160615
26.0 26.0 0.40734825989965723
26.0 28.0 0.41419594595170467
26.0 30.0 0.39511425362506025
26.0 32.0 0.34927442323867014
26.0 34.0 0.2758773936610299
26.0 36.0 0.17077093784438527
26.0 38.0 0.08081848062722556
26.0 40.0 0.03000455920059022
26.0 42.0 0.0010262987319938877
26.0 44.0 0.0
26.0 46.0 0.0
26.0 48.0 0.0
26.0 50.0 0.0
26.0 52.0 0.0
26.0 54.0 0.0
26.0 56.0 0.0
26.0 58.0 0.0
26.0 60.0 0.0016305909942355846
26.0 62.0 0.07664235083890865
26.0 64.0 0.1724256799709246
26.0 66.0 0.21744420053284685
26.0 68.0 0.25432123559371284
26.0 70.0 0.2991059012065906
26.0 72.0 0.3604551230462245
26.0 74.0 0.34038095233328985
26.0 76.0 0.26016093295883014
26.0 78.0 0.13712053394241497
26.0 80.0 0.04715710856021343
26.0 82.0 0.0028928411906438065
26.0 84.0 0.0
26.0 86.0 0.0
26.0 88.0 0.0
26.0 90.0 0.0
26.0 92.0 0.0
26.0 94.0 0.0
26.0 96.0 0.0
26.0 98.0 0.0
26.0 100.0 0.0
26.0 102.0 0.0
26.0 104.0 0.0
26.0 106.0 0.0
26.0 108.0 0.0
26.0 110.0 0.019650443940714503
26.0 112.0 0.0745670414168046
26.0 114.0 0.09696080977417935
26.0 116.0 0.0
26.0 118.0 0.0
26.0 120.0 0.0
26.0 122.0 0.0
26.0 124.0 0.0
26.0 126.0 0.0
28.0 0.0 0.0
28.0 2.0 0.0
28.0 4.0 0.0
28.0 6.0 0.0
28.0 8.0 0.0
28.0 10.0 0.0
28.0 12.0 0.02611883607995731
28.0 14.0 0.0
28.0 16.0 0.023618198592027777
28.0 18.0 0.184218125295438
28.0 20.0 0.3308260516389613
28.0 22.0 0.42338620696221096
28.0 24.0 0.4779667880834326
28.0 26.0 0.5031809747728913
28.0 28.0 0.4984829412756482
28.0 30.0 0.464461836483137
28.0 32.0 0.3955341817034816
28.0 34.0 0.2886442103960684
28.0 36.0 0.14326907545738185
28.0 38.0 0.03990656336503707
28.0 40.0 0.006236977185361804
28.0 42.0 0.0
28.0 44.0 0.0
28.0 46.0 0.0
28.0 48.0 0.0
28.0 50.0 0.0
28.0 52.0 0.0
28.0 54.0 0.0
28.0 56.0 0.0
28.0 58.0 0.0
28.0 60.0 0.0
28.0 62.0 0.004510149115151689
28.0 64.0 0.11577801633021599
28.0 66.0 0.19489167222208922
28.0 68.0 0.25385658702570707
28.0 70.0 0.2949568462698963
28.0 72.0 0.39187057706679435
28.0 74.0 0.4021913949971266
28.0 76.0 0.3586441172637053
28.0 78.0 0.24988337920184123
28.0 80.0 0.12502659803812785
28.0 82.0 0.0428927428084421
28.0 84.0 9.953880449939014E-4
28.0 86.0 0.0
28.0 88.0 0.0
28.0 90.0 0.0
28.0 92.0 0.0
28.0 94.0 0.0
28.0 96.0 0.0
28.0 98.0 0.0
28.0 100.0 0.0
28.0 102.0 0.0
28.0 104.0 0.0
28.0 106.0 0.0
28.0 108.0 0.0
28.0 110.0 0.012068319164305542
28.0 112.0 0.04866359390701636
28.0 114.0 0.07970515948606079
28.0 116.0 0.09795180537486253
28.0 118.0 0.0
28.0 120.0 0.0
28.0 122.0 0.0
28.0 124.0 0.0
28.0 126.0 0.0
30.0 0.0 0.0
30.0 2.0 0.0
30.0 4.0 0.0
30.0 6.0 0.0
30.0 8.0 0.0
30.0 10.0 0.020032063529806934
30.0 12.0 0.0
30.0 14.0 0.0013675101869781144
30.0 16.0 0.11473561213774759
30.0 18.0 0.301425816147137
30.0 20.0 0.4155673903399011
30.0 22.0 0.48133162544063385
30.0 24.0 0.5165518869354672
30.0 26.0 0.5242045196383475
30.0 28.0 0.5084035919218505
30.0 30.0 0.459740435019965
30.0 32.0 0.3712806264659383
30.0 34.0 0.2379631264719868
30.0 36.0 0.08594184780025889
30.0 38.0 0.005923645923073758
30.0 40.0 0.0
30.0 42.0 0.0
30.0 44.0 0.0
30.0 46.0 0.0
30.0 48.0 0.0
30.0 50.0 0.0
30.0 52.0 0.0
30.0 54.0 0.0
30.0 56.0 0.0
30.0 58.0 0.0
30.0 60.0 0.0
30.0 62.0 0.0
30.0 64.0 0.03620828687268862
30.0 66.0 0.14937560165258865
30.0 68.0 0.2325007444589634
30.0 70.0 0.28285585303239263
30.0 72.0 0.3411240271074066
30.0 74.0 0.41851690101958633
30.0 76.0 0.3976776204301282
30.0 78.0 0.3411103677252452
30.0 80.0 0.2172123065679111
30.0 82.0 0.11202457578673948
30.0 84.0 0.030129779927305325
30.0 86.0 0.0
30.0 88.0 0.0
30.0 90.0 0.0
30.0 92.0 0.0
30.0 94.0 0.0
30.0 96.0 0.0
30.0 98.0 0.0
30.0 100.0 0.0
30.0 102.0 0.0
30.0 104.0 0.0
30.0 106.0 0.0
30.0 108.0 0.0
30.0 110.0 0.006076956569589453
30.0 112.0 0.03607075516215003
30.0 114.0 0.06112225212100542
30.0 116.0 0.0994897949951717
30.0 118.0 0.0
30.0 120.0 0.0
30.0 122.0 0.0
30.0 124.0 0.0
30.0 126.0 0.0
32.0 0.0 0.0
32.0 2.0 0.0
32.0 4.0 0.0
32.0 6.0 0.0
32.0 8.0 0.0
32.0 10.0 0.02282371838739766
32.0 12.0 0.0
32.0 14.0 0.0073029350878016696
32.0 16.0 0.1479782521307419
32.0 18.0 0.3144629098021238
32.0 20.0 0.41490711016044063
32.0 22.0 0.4796891202421428
32.0 24.0 0.5074885429660277
32.0 26.0 0.5108331482671818
32.0 28.0 0.4857005450365061
32.0 30.0 0.42683664635928037
32.0 32.0 0.324300145137343
32.0 34.0 0.16679815465321526
32.0 36.0 0.03543544403706188
32.0 38.0 0.0
32.0 40.0 0.0
32.0 42.0 0.0
32.0 44.0 0.0
32.0 46.0 0.0
32.0 48.0 0.0
32.0 50.0 0.0
32.0 52.0 0.0
32.0 54.0 0.0
32.0 56.0 0.0
32.0 58.0 0.0
32.0 60.0 0.0
32.0 62.0 0.0
32.0 64.0 0.0
32.0 66.0 0.07350272492906945
32.0 68.0 0.18303903233585653
32.0 70.0 0.2535354170036859
32.0 72.0 0.2988095379654391
32.0 74.0 0.3366800057153074
32.0 76.0 0.3583184074621757
32.0 78.0 0.34848127828013914
32.0 80.0 0.29705436340989083
32.0 82.0 0.214951605069896
32.0 84.0 0.09631687304774816
32.0 86.0 0.008039612038354299
32.0 88.0 0.0
32.0 90.0 0.0
32.0 92.0 0.0
32.0 94.0 0.0
32.0 96.0 0.0
32.0 98.0 0.0
32.0 100.0 0.0
32.0 102.0 0.0
32.0 104.0 0.0
32.0 106.0 0.0
32.0 108.0 0.0
32.0 110.0 0.006520880246961018
32.0 112.0 0.025958964248924687
32.0 114.0 0.04506989915112491
32.0 116.0 0.07588648392753575
32.0 118.0 0.09470283035373234
32.0 120.0 0.0
32.0 122.0 0.0
32.0 124.0 0.0
32.0 126.0 0.0
34.0 0.0 0.0
34.0 2.0 0.0
34.0 4.0 0.0
34.0 6.0 0.0
34.0 8.0 0.01582090338616889
34.0 10.0 0.0
34.0 12.0 0.0
34.0 14.0 0.03781000940500443
34.0 16.0 0.19883712874181422
34.0 18.0 0.33974692866321377
34.0 20.0 0.38849616314578417
34.0 22.0 0.41686198066113017
34.0 24.0 0.449076976341106
34.0 26.0 0.44875801427091955
34.0 28.0 0.4161458146884503
34.0 30.0 0.3633317356120435
34.0 32.0 0.26745978807340626
34.0 34.0 0.0959523665668338
34.0 36.0 0.0069598392451325625
34.0 38.0 0.0
34.0 40.0 0.0
34.0 42.0 0.0
34.0 44.0 0.0
34.0 46.0 0.0
34.0 48.0 0.0
34.0 50.0 0.0
34.0 52.0 0.0
34.0 54.0 0.0
34.0 56.0 0.0
34.0 58.0 0.0
34.0 60.0 0.0
34.0 62.0 0.0
34.0 64.0 0.0
34.0 66.0 0.00992877381640644
34.0 68.0 0.11229680722133417
34.0 70.0 0.20441595968092105
34.0 72.0 0.2593273155712447
34.0 74.0 0.2981950879375866
34.0 76.0 0.32653142148716446
34.0 78.0 0.3345130944435864
34.0 80.0 0.31258912952589935
34.0 82.0 0.26004920581027563
34.0 84.0 0.17832950806076478
34.0 86.0 0.07370206489093996
34.0 88.0 0.001070289468894203
34.0 90.0 0.0
34.0 92.0 0.0
34.0 94.0 0.0
34.0 96.0 0.0
34.0 98.0 0.0
34.0 100.0 0.0
34.0 102.0 0.0
34.0 104.0 0.0
34.0 106.0 0.0
34.0 108.0 0.0
34.0 110.0 0.0015843578317703752
34.0 112.0 0.01200977539979871
34.0 114.0 0.029366314053829362
34.0 116.0 0.05128369110579271
34.0 118.0 0.07583513397449602
34.0 120.0 0.0
34.0 122.0 0.0
34.0 124.0 0.0
34.0 126.0 0.0
36.0 0.0 0.0
36.0 2.0 0.0
36.0 4.0 0.0
36.0 6.0 0.0
36.0 8.0 0.014420905952671837
36.0 10.0 0.0
36.0 12.0 0.0
36.0 14.0 0.03485890133346823
36.0 16.0 0.18848637855523073
36.0 18.0 0.3145766032146899
36.0 20.0 0.35054875957414944
36.0 22.0 0.37715050735310784
36.0 24.0 0.40312858163056636
36.0 26.0 0.3992428852168708
36.0 28.0 0.37181356609249855
36.0 30.0 0.35188779113089935
36.0 32.0 0.19239914083122525
36.0 34.0 0.032823722597317743
36.0 36.0 0.0
36.0 38.0 0.0
36.0 40.0 0.0
36.0 42.0 0.0
36.0 44.0 0.0
36.0 46.0 0.0
36.0 48.0 0.0
36.0 50.0 0.0
36.0 52.0 0.0
36.0 54.0 0.0
36.0 56.0 0.0
36.0 58.0 0.0
36.0 60.0 0.0
36.0 62.0 0.0
36.0 64.0 0.0
36.0 66.0 0.0
36.0 68.0 0.01403968913810747
36.0 70.0 0.12134152344263803
36.0 72.0 0.20180673952399783
36.0 74.0 0.2518466709517037
36.0 76.0 0.2863125243217058
36.0 78.0 0.3067781148899748
36.0 80.0 0.30401970634488407
36.0 82.0 0.2722540996495254
36.0 84.0 0.217150403529912
36.0 86.0 0.14010304230487033
36.0 88.0 0.038091675648022384
36.0 90.0 0.0
36.0 92.0 0.0
36.0 94.0 0.0
36.0 96.0 0.0
36.0 98.0 0.0
36.0 100.0 0.0
36.0 102.0 0.0
36.0 104.0 0.0
36.0 106.0 0.0
36.0 108.0 0.0
36.0 110.0 3.9894132993113986E-5
36.0 112.0 0.0025846208712780373
36.0 114.0 0.009073233570684416
36.0 116.0 0.022275523649347057
36.0 118.0 0.0406469935994336
36.0 120.0 0.04787446964088027
36.0 122.0 0.0
36.0 124.0 0.0
36.0 126.0 0.0
38.0 0.0 0.0
38.0 2.0 0.0
38.0 4.0 0.0
38.0 6.0 0.00811095385070558
38.0 8.0 0.0
38.0 10.0 0.0
38.0 12.0 0.0
38.0 14.0 0.030049855537248007
38.0 16.0 0.17565645228049875
38.0 18.0 0.27302513698508035
38.0 20.0 0.30398285977256373
38.0 22.0 0.3396531300762165
38.0 24.0 0.36290538095990604
38.0 26.0 0.3556942744330758
38.0 28.0 0.32524613430110655
38.0 30.0 0.28908145823179054
38.0 32.0 0.11724898470846822
38.0 34.0 0.0
38.0 36.0 0.0
38.0 38.0 0.0
38.0 40.0 0.0
38.0 42.0 0.0
38.0 44.0 0.0
38.0 46.0 0.0
38.0 48.0 0.0
38.0 50.0 0.0
38.0 52.0 0.0
38.0 54.0 0.0
38.0 56.0 0.0
38.0 58.0 0.0
38.0 60.0 0.0
38.0 62.0 0.0
38.0 64.0 0.0
38.0 66.0 0.0
38.0 68.0 0.0
38.0 70.0 0.020506117683570527
38.0 72.0 0.12846098268062428
38.0 74.0 0.1933018480785108
38.0 76.0 0.2369365352671289
38.0 78.0 0.2677872658084069
38.0 80.0 0.2790458108343317
38.0 82.0 0.2668919464682875
38.0 84.0 0.23854798914759842
38.0 86.0 0.1851597877959061
38.0 88.0 0.09587106567645835
38.0 90.0 0.014187516765478388
38.0 92.0 0.0
38.0 94.0 0.0
38.0 96.0 0.0
38.0 98.0 0.0
38.0 100.0 0.0
38.0 102.0 0.0
38.0 104.0 0.0
38.0 106.0 0.0
38.0 108.0 0.0
38.0 110.0 0.0
38.0 112.0 0.0
38.0 114.0 0.0
38.0 116.0 1.762145179564406E-4
38.0 118.0 0.005931448594740765
38.0 120.0 0.011775005452872503
38.0 122.0 0.0
38.0 124.0 0.0
38.0 126.0 0.0
40.0 0.0 0.0
40.0 2.0 0.0
40.0 4.0 0.0
40.0 6.0 0.003010547254662986
40.0 8.0 0.0
40.0 10.0 0.0
40.0 12.0 6.631749633195812E-4
40.0 14.0 0.03370729362655158
40.0 16.0 0.15492359416867862
40.0 18.0 0.2292877261066968
40.0 20.0 0.28043347120551143
40.0 22.0 0.3169490797144612
40.0 24.0 0.29628817786543393
40.0 26.0 0.2954150954381603
40.0 28.0 0.2811125840765563
40.0 30.0 0.21783047911253753
40.0 32.0 0.04977718187479879
40.0 34.0 0.0
40.0 36.0 0.0
40.0 38.0 0.0
40.0 40.0 0.0
40.0 42.0 0.0
40.0 44.0 0.0
40.0 46.0 0.0
40.0 48.0 0.0
40.0 50.0 0.0
40.0 52.0 0.0
40.0 54.0 0.0
40.0 56.0 0.0
40.0 58.0 0.0
40.0 60.0 0.0
40.0 62.0 0.0
40.0 64.0 0.0
40.0 66.0 0.0
40.0 68.0 0.0
40.0 70.0 0.003054080088887839
40.0 72.0 0.04748372160858699
40.0 74.0 0.12416674639499835
40.0 76.0 0.17527689070066685
40.0 78.0 0.21521297806423975
40.0 80.0 0.239272350805301
40.0 82.0 0.24414042409495895
40.0 84.0 0.24107540599730784
40.0 86.0 0.21882795534799146
40.0 88.0 0.15974751714653737
40.0 90.0 0.09271065906931136
40.0 92.0 0.0424162053282093
40.0 94.0 0.0
40.0 96.0 0.0
40.0 98.0 0.0
40.0 100.0 0.0
40.0 102.0 0.0
40.0 104.0 0.0
40.0 106.0 0.0
40.0 108.0 0.0
40.0 110.0 0.0
40.0 112.0 0.0
40.0 114.0 0.0
40.0 116.0 0.0
40.0 118.0 0.0
40.0 120.0 0.0
40.0 122.0 4.5641250723714525E-4
40.0 124.0 0.0
40.0 126.0 0.0
42.0 0.0 0.0
42.0 2.0 0.0
42.0 4.0 0.0013841012859027314
42.0 6.0 0.0
42.0 8.0 0.0
42.0 10.0 0.0
42.0 12.0 0.0054888441289667545
42.0 14.0 0.034561498631146874
42.0 16.0 0.07549910763953792
42.0 18.0 0.1321563348516789
42.0 20.0 0.17732084081530194
42.0 22.0 0.23322401464350118
42.0 24.0 0.24941540871259796
42.0 26.0 0.24394786934272183
42.0 28.0 0.22751161353619384
42.0 30.0 0.1444450207001159
42.0 32.0 0.00613452538374517
42.0 34.0 0.0
42.0 36.0 0.0
42.0 38.0 0.0
42.0 40.0 0.0
42.0 42.0 0.0
42.0 44.0 0.0
42.0 46.0 0.0
42.0 48.0 0.0
42.0 50.0 0.0
42.0 52.0 0.0
42.0 54.0 0.0
42.0 56.0 0.0
42.0 58.0 0.0
42.0 60.0 0.0
42.0 62.0 0.0
42.0 64.0 0.0
42.0 66.0 0.0
42.0 68.0 0.0
42.0 70.0 0.0
42.0 72.0 0.01081935486099223
42.0 74.0 0.05640403116934815
42.0 76.0 0.11230794042579761
42.0 78.0 0.1498066890833398
42.0 80.0 0.18014838447932255
42.0 82.0 0.2078951034742956
42.0 84.0 0.23585875698868078
42.0 86.0 0.23588441585082998
42.0 88.0 0.21956758938773138
42.0 90.0 0.18150419908689783
42.0 92.0 0.14030179963405687
42.0 94.0 0.0733826989285551
42.0 96.0 0.004247815307694269
42.0 98.0 0.0
42.0 100.0 0.0
42.0 102.0 0.0
42.0 104.0 0.0
42.0 106.0 0.0
42.0 108.0 0.0
42.0 110.0 0.0
42.0 112.0 0.0
42.0 114.0 0.0
42.0 116.0 0.0
42.0 118.0 0.0
42.0 120.0 0.0
42.0 122.0 0.0
42.0 124.0 0.0
42.0 126.0 0.0
44.0 0.0 0.0
44.0 2.0 0.0
44.0 4.0 0.0
44.0 6.0 0.0
44.0 8.0 0.0
44.0 10.0 4.724336061707405E-4
44.0 12.0 0.009542919750074114
44.0 14.0 0.008951171495717372
44.0 16.0 0.011999606239614847
44.0 18.0 0.033043207024710856
44.0 20.0 0.11135268032481044
44.0 22.0 0.15982142335220367
44.0 24.0 0.18906206227634006
44.0 26.0 0.19582800618027127
44.0 28.0 0.18078105921370316
44.0 30.0 0.0757566094836433
44.0 32.0 0.0
44.0 34.0 0.0
44.0 36.0 0.0
44.0 38.0 0.0
44.0 40.0 0.0
44.0 42.0 0.0
44.0 44.0 0.0
44.0 46.0 0.0
44.0 48.0 4.4139014930494E-4
44.0 50.0 0.007865263044467634
44.0 52.0 0.016334254825423715
44.0 54.0 0.015255829165116573
44.0 56.0 0.00914089734051037
44.0 58.0 0.001832000058130425
44.0 60.0 0.0
44.0 62.0 0.0
44.0 64.0 0.0
44.0 66.0 0.0
44.0 68.0 0.0
44.0 70.0 0.0
44.0 72.0 0.0032795109812929677
44.0 74.0 0.01997423775423725
44.0 76.0 0.055709670907801594
44.0 78.0 0.0921055322072893
44.0 80.0 0.12418221713481196
44.0 82.0 0.15769432191884586
44.0 84.0 0.19477301402082267
44.0 86.0 0.23577258204992982
44.0 88.0 0.2648292575348274
44.0 90.0 0.2682182457687518
44.0 92.0 0.24254043596409972
44.0 94.0 0.19717574927748904
44.0 96.0 0.12106157586402884
44.0 98.0 0.02952163776431224
44.0 100.0 0.0
44.0 102.0 0.0
44.0 104.0 0.0
44.0 106.0 0.0
44.0 108.0 0.0
44.0 110.0 0.0
44.0 112.0 0.0
44.0 114.0 0.0
44.0 116.0 0.0
44.0 118.0 0.0
44.0 120.0 0.0
44.0 122.0 0.0
44.0 124.0 0.0
44.0 126.0 0.0
46.0 0.0 0.0
46.0 2.0 0.0
46.0 4.0 0.0
46.0 6.0 0.0
46.0 8.0 0.0
46.0 10.0 0.0010954737437349064
46.0 12.0 0.005976725533087844
46.0 14.0 0.0020740419273663382
46.0 16.0 0.0
46.0 18.0 4.8328374518536165E-4
46.0 20.0 0.04339855135652825
46.0 22.0 0.08012224998415202
46.0 24.0 0.13709189309922162
46.0 26.0 0.15070804469379603
46.0 28.0 0.12193848470361152
46.0 30.0 0.02220506986447549
46.0 32.0 0.0
46.0 34.0 0.0
46.0 36.0 0.0
46.0 38.0 0.0
46.0 40.0 0.0
46.0 42.0 0.0
46.0 44.0 0.0
46.0 46.0 6.233851474549008E-4
46.0 48.0 0.01278502092557435
46.0 50.0 0.04305362762038382
46.0 52.0 0.06867785318601459
46.0 54.0 0.06346066237506938
46.0 56.0 0.036070042225677335
46.0 58.0 0.011392877910994026
46.0 60.0 9.337158779290715E-4
46.0 62.0 0.0
46.0 64.0 0.0
46.0 66.0 0.0
46.0 68.0 0.0
46.0 70.0 0.0
46.0 72.0 0.0
46.0 74.0 0.0016085945363859095
46.0 76.0 0.01345687096464458
46.0 78.0 0.025884080335153298
46.0 80.0 0.043525557076285644
46.0 82.0 0.09011825318206114
46.0 84.0 0.1468562696965556
46.0 86.0 0.22381426721636724
46.0 88.0 0.2968656486964902
46.0 90.0 0.34359643340429963
46.0 92.0 0.3427812648582875
46.0 94.0 0.2858097812043808
46.0 96.0 0.24345619789718564
46.0 98.0 0.17516861805641096
46.0 100.0 0.08438850650541198
46.0 102.0 2.090534590279879E-4
46.0 104.0 0.0
46.0 106.0 0.0
46.0 108.0 0.0
46.0 110.0 0.0
46.0 112.0 0.0
46.0 114.0 0.0
46.0 116.0 0.0
46.0 118.0 0.0
46.0 120.0 0.0
46.0 122.0 0.0
46.0 124.0 0.0
46.0 126.0 0.0
48.0 0.0 0.0
48.0 2.0 0.0
48.0 4.0 0.0
48.0 6.0 0.0
48.0 8.0 0.0
48.0 10.0 0.0
48.0 12.0 0.0
48.0 14.0 0.004024383233713624
48.0 16.0 0.013073576453429395
48.0 18.0 0.01378560078349555
48.0 20.0 0.016616222839552414
48.0 22.0 0.025543241082699505
48.0 24.0 0.08902810102646486
48.0 26.0 0.10291591134756428
48.0 28.0 0.05787511199385118
48.0 30.0 0.0030504727592492974
48.0 32.0 0.0
48.0 34.0 0.0
48.0 36.0 0.0
48.0 38.0 0.0
48.0 40.0 0.0
48.0 42.0 0.0
48.0 44.0 0.0
48.0 46.0 0.010275000295600833
48.0 48.0 0.05376240858542583
48.0 50.0 0.10594202051643287
48.0 52.0 0.13865638502875102
48.0 54.0 0.13479596129828775
48.0 56.0 0.08588250746892635
48.0 58.0 0.023223266885699884
48.0 60.0 0.008114023470992628
48.0 62.0 9.314684677021023E-4
48.0 64.0 0.0
48.0 66.0 0.0
48.0 68.0 0.0
48.0 70.0 0.0
48.0 72.0 0.0
48.0 74.0 0.0
48.0 76.0 0.0
48.0 78.0 0.0014416152838657018
48.0 80.0 0.011133220881060016
48.0 82.0 0.04268496381802598
48.0 84.0 0.10707372149995081
48.0 86.0 0.200738113092516
48.0 88.0 0.2970899053870811
48.0 90.0 0.370538685880166
48.0 92.0 0.38956572245688165
48.0 94.0 0.33788946725577046
48.0 96.0 0.30945007647302747
48.0 98.0 0.2700656791209813
48.0 100.0 0.2439815750455231
48.0 102.0 0.12716774346957477
48.0 104.0 0.01535961104785434
48.0 106.0 0.0
48.0 108.0 0.0
48.0 110.0 0.0
48.0 112.0 0.0
48.0 114.0 0.0
48.0 116.0 0.0
48.0 118.0 0.0
48.0 120.0 0.0
48.0 122.0 0.0
48.0 124.0 0.0
48.0 126.0 0.0
50.0 0.0 0.0
50.0 2.0 0.0
50.0 4.0 0.0
50.0 6.0 0.0
50.0 8.0 0.0
50.0 10.0 0.0
50.0 12.0 0.00713580587495518
50.0 14.0 0.06610077769875919
50.0 16.0 0.07565090654819452
50.0 18.0 0.06216522851743685
50.0 20.0 0.04886053581360733
50.0 22.0 0.03220155033937335
50.0 24.0 0.043367346743971164
50.0 26.0 0.048790945396154424
50.0 28.0 0.007334328281491764
50.0 30.0 0.0
50.0 32.0 0.0
50.0 34.0 0.0
50.0 36.0 0.0
50.0 38.0 0.0
50.0 40.0 0.0
50.0 42.0 0.0
50.0 44.0 0.005544370424449686
50.0 46.0 0.04349841245106859
50.0 48.0 0.11063473801525152
50.0 50.0 0.17386106873116827
50.0 52.0 0.21302717536061355
50.0 54.0 0.2113000184378846
50.0 56.0 0.14087147277056444
50.0 58.0 0.034420830531353294
50.0 60.0 0.006497675678722561
50.0 62.0 0.0025758573147850595
50.0 64.0 6.55062519523384E-6
50.0 66.0 0.0
50.0 68.0 0.0
50.0 70.0 0.0
50.0 72.0 0.0
50.0 74.0 0.0
50.0 76.0 0.0
50.0 78.0 1.1377377270353218E-4
50.0 80.0 0.002318821418137178
50.0 82.0 0.019470333089661594
50.0 84.0 0.07989733056875842
50.0 86.0 0.17055106387038968
50.0 88.0 0.29006560334251813
50.0 90.0 0.3823504925097594
50.0 92.0 0.3908275543637725
50.0 94.0 0.3632207966693281
50.0 96.0 0.36681140212068514
50.0 98.0 0.3444036533277542
50.0 100.0 0.2945647207391763
50.0 102.0 0.2568527185525548
50.0 104.0 0.14438321427812548
50.0 106.0 0.02971835780593939
50.0 108.0 0.0
50.0 110.0 0.0
50.0 112.0 0.0
50.0 114.0 0.0
50.0 116.0 0.0
50.0 118.0 0.0
50.0 120.0 0.0
50.0 122.0 0.0
50.0 124.0 0.0
50.0 126.0 0.0
52.0 0.0 0.0
52.0 2.0 0.0
52.0 4.0 0.0
52.0 6.0 0.0
52.0 8.0 0.0
52.0 10.0 0.005043906910772213
52.0 12.0 0.048380528205009765
52.0 14.0 0.10822623042809625
52.0 16.0 0.1171786809317842
52.0 18.0 0.09771198330574259
52.0 20.0 0.07282225578193048
52.0 22.0 0.03129013960088447
52.0 24.0 0.00637097115279676
52.0 26.0 0.005052258018924355
52.0 28.0 0.0
52.0 30.0 0.0
52.0 32.0 0.0
52.0 34.0 0.0
52.0 36.0 0.0
52.0 38.0 0.0
52.0 40.0 0.0
52.0 42.0 5.467206817102709E-4
52.0 44.0 0.024399146323368356
52.0 46.0 0.09650770745250332
52.0 48.0 0.17791942593125765
52.0 50.0 0.2500023852798906
52.0 52.0 0.3054425426453535
52.0 54.0 0.299781436852889
52.0 56.0 0.2080756006074166
52.0 58.0 0.06290839754219504
52.0 60.0 0.0
52.0 62.0 0.0
52.0 64.0 0.0
52.0 66.0 0.0
52.0 68.0 0.0
52.0 70.0 0.0
52.0 72.0 0.0
52.0 74.0 0.0
52.0 76.0 0.0
52.0 78.0 0.0
52.0 80.0 0.0
52.0 82.0 0.010027989599062008
52.0 84.0 0.05368602878711601
52.0 86.0 0.13310456441046262
52.0 88.0 0.25432988678827356
52.0 90.0 0.3611296875701932
52.0 92.0 0.38169544085234586
52.0 94.0 0.3659811919923113
52.0 96.0 0.384072254039159
52.0 98.0 0.37890957638987494
52.0 100.0 0.34938666733951457
52.0 102.0 0.31380784165804565
52.0 104.0 0.2855324622789636
52.0 106.0 0.14845109090386205
52.0 108.0 0.035782327956335604
52.0 110.0 0.0
52.0 112.0 0.0
52.0 114.0 0.0
52.0 116.0 0.0
52.0 118.0 0.0
52.0 120.0 0.0
52.0 122.0 0.0
52.0 124.0 0.0
52.0 126.0 0.0
54.0 0.0 0.0
54.0 2.0 0.0
54.0 4.0 0.0
54.0 6.0 0.0
54.0 8.0 0.0
54.0 10.0 0.014446631648487038
54.0 12.0 0.1085618152599556
54.0 14.0 0.13429308186059968
54.0 16.0 0.13769892417531363
54.0 18.0 0.11013577423593786
54.0 20.0 0.05913717736342731
54.0 22.0 0.0019010927624940135
54.0 24.0 0.0
54.0 26.0 0.0
54.0 28.0 0.0
54.0 30.0 0.0
54.0 32.0 0.0
54.0 34.0 0.0
54.0 36.0 0.0
54.0 38.0 0.0
54.0 40.0 0.0
54.0 42.0 0.007484415599943852
54.0 44.0 0.06586292318619305
54.0 46.0 0.15474742119345117
54.0 48.0 0.2515293443984762
54.0 50.0 0.3353296646170471
54.0 52.0 0.4033938448475338
54.0 54.0 0.3866077090267687
54.0 56.0 0.27339278482330476
54.0 58.0 0.09281365374717172
54.0 60.0 0.0051015451855569395
54.0 62.0 0.0
54.0 64.0 0.0
54.0 66.0 0.0
54.0 68.0 0.0
54.0 70.0 0.0
54.0 72.0 0.0
54.0 74.0 0.0
54.0 76.0 0.0
54.0 78.0 0.0
54.0 80.0 0.0
54.0 82.0 0.0023028502570812633
54.0 84.0 0.02930103839328097
54.0 86.0 0.09384328314416489
54.0 88.0 0.2080637784048843
54.0 90.0 0.31927572268065585
54.0 92.0 0.3643028089038311
54.0 94.0 0.3602253078743134
54.0 96.0 0.39087331200364467
54.0 98.0 0.39980777452732896
54.0 100.0 0.3863203721020769
54.0 102.0 0.36004056555546754
54.0 104.0 0.3576255223253088
54.0 106.0 0.2522331385843567
54.0 108.0 0.13700223167128656
54.0 110.0 0.013380434235509981
54.0 112.0 0.0
54.0 114.0 0.0
54.0 116.0 0.0
54.0 118.0 0.0
54.0 120.0 0.0
54.0 122.0 0.0
54.0 124.0 0.0
54.0 126.0 0.0
56.0 0.0 0.0
56.0 2.0 0.0
56.0 4.0 0.0
56.0 6.0 0.0
56.0 8.0 1.2714980000872044E-4
56.0 10.0 0.07229809070113773
56.0 12.0 0.15331817037976245
56.0 14.0 0.15984649542186558
56.0 16.0 0.14611799961798236
56.0 18.0 0.10877558986854179
56.0 20.0 0.03025836224429686
56.0 22.0 0.0
56.0 24.0 0.0
56.0 26.0 0.0
56.0 28.0 0.0
56.0 30.0 0.0
56.0 32.0 0.0
56.0 34.0 0.0
56.0 36.0 0.0
56.0 38.0 0.0
56.0 40.0 0.0
56.0 42.0 0.023628293866135547
56.0 44.0 0.11545019814566782
56.0 46.0 0.21358483877566203
56.0 48.0 0.32874262224960077
56.0 50.0 0.42273111943541153
56.0 52.0 0.4743887943500258
56.0 54.0 0.4494073450950928
56.0 56.0 0.32679987520368853
56.0 58.0 0.1278601280245647
56.0 60.0 0.0042719103623196945
56.0 62.0 0.0
56.0 64.0 0.0
56.0 66.0 0.0
56.0 68.0 0.0
56.0 70.0 0.0
56.0 72.0 0.0
56.0 74.0 0.0
56.0 76.0 0.0
56.0 78.0 0.0
56.0 80.0 0.0
56.0 82.0 0.0
56.0 84.0 0.006506784821497598
56.0 86.0 0.06107457256662177
56.0 88.0 0.15985438637337007
56.0 90.0 0.2703209966744004
56.0 92.0 0.3545757335303279
56.0 94.0 0.3833477220575159
56.0 96.0 0.38677127698668606
56.0 98.0 0.40920812851231575
56.0 100.0 0.4090950500947668
56.0 102.0 0.39257033782444034
56.0 104.0 0.3639444979454178
56.0 106.0 0.36377708956994237
56.0 108.0 0.22089554107174567
56.0 110.0 0.07380111331895647
56.0 112.0 0.0
56.0 114.0 0.0
56.0 116.0 0.0
56.0 118.0 0.0
56.0 120.0 0.0
56.0 122.0 0.0
56.0 124.0 0.0
56.0 126.0 0.0
58.0 0.0 0.0
58.0 2.0 0.0
58.0 4.0 0.0
58.0 6.0 0.0
58.0 8.0 0.05041491213591859
58.0 10.0 0.1482421535416597
58.0 12.0 0.18187740821235188
58.0 14.0 0.17998765741864478
58.0 16.0 0.14908374670792507
58.0 18.0 0.08478733010084703
58.0 20.0 0.0
58.0 22.0 0.0
58.0 24.0 0.0
58.0 26.0 0.0
58.0 28.0 0.0
58.0 30.0 0.0
58.0 32.0 0.0
58.0 34.0 0.0
58.0 36.0 0.0
58.0 38.0 0.0
58.0 40.0 0.004581519833429224
58.0 42.0 0.06618116560688703
58.0 44.0 0.16364125397173804
58.0 46.0 0.2773336012742629
58.0 48.0 0.39530917094029744
58.0 50.0 0.48162047835067034
58.0 52.0 0.5058551921529897
58.0 54.0 0.47668226220422266
58.0 56.0 0.3635492029920036
58.0 58.0 0.16904256890896383
58.0 60.0 0.008965007437715554
58.0 62.0 0.0
58.0 64.0 0.0
58.0 66.0 0.0
58.0 68.0 0.0
58.0 70.0 0.0
58.0 72.0 0.0
58.0 74.0 0.0
58.0 76.0 0.0
58.0 78.0 0.0
58.0 80.0 0.0
58.0 82.0 0.0
58.0 84.0 0.003994193887487527
58.0 86.0 0.021476645526457314
58.0 88.0 0.09989747575560654
58.0 90.0 0.21320242532187483
58.0 92.0 0.3020394123215125
58.0 94.0 0.3671431606309474
58.0 96.0 0.4122054070053311
58.0 98.0 0.44153033357255356
58.0 100.0 0.45275561244990264
58.0 102.0 0.4406278996119095
58.0 104.0 0.40840444160361805
58.0 106.0 0.4052911514564648
58.0 108.0 0.2861394960389337
58.0 110.0 0.13959148577829092
58.0 112.0 1.6075915065453696E-5
58.0 114.0 0.0
58.0 116.0 0.0
58.0 118.0 0.0
58.0 120.0 0.0
58.0 122.0 0.0
58.0 124.0 0.0
58.0 126.0 0.0
60.0 0.0 0.0
60.0 2.0 0.0
60.0 4.0 0.0
60.0 6.0 0.05686958852132024
60.0 8.0 0.13900224532963246
60.0 10.0 0.1949362584545592
60.0 12.0 0.2108676834507811
60.0 14.0 0.19165271275151066
60.0 16.0 0.13971326701234135
60.0 18.0 0.047255659194937294
60.0 20.0 0.0
60.0 22.0 0.0
60.0 24.0 0.0
60.0 26.0 0.0
60.0 28.0 0.0
60.0 30.0 0.0
60.0 32.0 0.0
60.0 34.0 0.0
60.0 36.0 0.0
60.0 38.0 0.0
60.0 40.0 0.013818268374334933
60.0 42.0 0.10315666307795805
60.0 44.0 0.2024694217705404
60.0 46.0 0.3202267009093008
60.0 48.0 0.4462775488515989
60.0 50.0 0.5063398596616463
60.0 52.0 0.520363546041562
60.0 54.0 0.4846393565491152
60.0 56.0 0.37899736634944253
60.0 58.0 0.19796920022201006
60.0 60.0 0.02420429873456642
60.0 62.0 0.0
60.0 64.0 0.0
60.0 66.0 0.0
60.0 68.0 0.0
60.0 70.0 0.0
60.0 72.0 0.0
60.0 74.0 0.0
60.0 76.0 0.0
60.0 78.0 0.0
60.0 80.0 0.0
60.0 82.0 0.0
60.0 84.0 4.6419125233965056E-4
60.0 86.0 0.006022013858414915
60.0 88.0 0.05173251276586895
60.0 90.0 0.1557690069216623
60.0 92.0 0.2440104794012814
60.0 94.0 0.3176570994863322
60.0 96.0 0.3764267406403717
60.0 98.0 0.4245217839805853
60.0 100.0 0.462778365876918
60.0 102.0 0.4642798911910892
60.0 104.0 0.43923954718672337
60.0 106.0 0.39340531853166816
60.0 108.0 0.36351968504242715
60.0 110.0 0.17239461687373644
60.0 112.0 0.016653999918302125
60.0 114.0 0.0
60.0 116.0 0.0
60.0 118.0 0.0
60.0 120.0 0.0
60.0 122.0 0.0
60.0 124.0 0.0
60.0 126.0 0.0
62.0 0.0 0.0
62.0 2.0 0.0
62.0 4.0 0.026911233300888723
62.0 6.0 0.15577874959472027
62.0 8.0 0.22554368966124907
62.0 10.0 0.25137665127641845
62.0 12.0 0.23533820818894902
62.0 14.0 0.1983425819259503
62.0 16.0 0.11937313551486102
62.0 18.0 0.010516696748000522
62.0 20.0 0.0
62.0 22.0 0.0
62.0 24.0 0.0
62.0 26.0 0.0
62.0 28.0 0.0
62.0 30.0 0.0
62.0 32.0 0.0
62.0 34.0 0.0
62.0 36.0 0.0
62.0 38.0 0.0
62.0 40.0 0.01933235901033575
62.0 42.0 0.12599014583729476
62.0 44.0 0.23631774964341531
62.0 46.0 0.3330937107567585
62.0 48.0 0.4111685748302136
62.0 50.0 0.5100489015841879
62.0 52.0 0.5165433937528884
62.0 54.0 0.4777594465812003
62.0 56.0 0.38091005419098845
62.0 58.0 0.21066386550712987
62.0 60.0 0.03363575934527243
62.0 62.0 0.0
62.0 64.0 0.0
62.0 66.0 0.0
62.0 68.0 0.0
62.0 70.0 0.0
62.0 72.0 0.0
62.0 74.0 0.0
62.0 76.0 0.0
62.0 78.0 0.0
62.0 80.0 0.0
62.0 82.0 0.0
62.0 84.0 0.0
62.0 86.0 0.001095557549380052
62.0 88.0 0.02501821584998737
62.0 90.0 0.10608452847707317
62.0 92.0 0.18482932974573396
62.0 94.0 0.26003427758353226
62.0 96.0 0.3333985439132719
62.0 98.0 0.3994259402830133
62.0 100.0 0.4500300282789798
62.0 102.0 0.4722034296763791
62.0 104.0 0.45461084306256394
62.0 106.0 0.4110622149931576
62.0 108.0 0.36775869614776235
62.0 110.0 0.20087034086949276
62.0 112.0 0.0396014058906067
62.0 114.0 0.0
62.0 116.0 0.0
62.0 118.0 0.0
62.0 120.0 0.0
62.0 122.0 0.0
62.0 124.0 0.0
62.0 126.0 0.0
64.0 0.0 0.0
64.0 2.0 0.0
64.0 4.0 0.11975814445330123
64.0 6.0 0.2454342798395851
64.0 8.0 0.29643058699260016
64.0 10.0 0.2984897993772178
64.0 12.0 0.2647190843798795
64.0 14.0 0.19904092393581907
64.0 16.0 0.09065178827163532
64.0 18.0 0.0
64.0 20.0 0.0
64.0 22.0 0.0
64.0 24.0 0.0
64.0 26.0 0.0
64.0 28.0 0.0
64.0 30.0 0.0
64.0 32.0 0.0
64.0 34.0 0.0
64.0 36.0 0.0
64.0 38.0 0.0
64.0 40.0 0.028958274044760673
64.0 42.0 0.14736730935316347
64.0 44.0 0.26434676771028237
64.0 46.0 0.3634932948297998
64.0 48.0 0.4346768745612228
64.0 50.0 0.4838505333231255
64.0 52.0 0.4977685119649822
64.0 54.0 0.4624925497085299
64.0 56.0 0.37388231573373293
64.0 58.0 0.21820432765475772
64.0 60.0 0.04252411764799203
64.0 62.0 0.0
64.0 64.0 0.0
64.0 66.0 0.0
64.0 68.0 0.0
64.0 70.0 0.0
64.0 72.0 0.0
64.0 74.0 0.0
64.0 76.0 0.0
64.0 78.0 0.0
64.0 80.0 0.0
64.0 82.0 0.0
64.0 84.0 0.0
64.0 86.0 0.0
64.0 88.0 0.0034784831504394227
64.0 90.0 0.036611734988240746
64.0 92.0 0.12014056805558143
64.0 94.0 0.20119041902248666
64.0 96.0 0.28123837230432186
64.0 98.0 0.362979335260967
64.0 100.0 0.42660649189410155
64.0 102.0 0.45117152953524603
64.0 104.0 0.44246555350817934
64.0 106.0 0.4051178841768215
64.0 108.0 0.3275353150489601
64.0 110.0 0.2074974711751596
64.0 112.0 0.06183841478057558
64.0 114.0 0.0
64.0 116.0 0.0
64.0 118.0 0.0
64.0 120.0 0.0
64.0 122.0 0.0
64.0 124.0 0.0
64.0 126.0 0.0
66.0 0.0 0.0
66.0 2.0 0.0030381168044228135
66.0 4.0 0.20223817697851568
66.0 6.0 0.3133494863592877
66.0 8.0 0.3447751006434732
66.0 10.0 0.3362836142731796
66.0 12.0 0.2887751300667429
66.0 14.0 0.19655829288300322
66.0 16.0 0.06210211489311718
66.0 18.0 0.0
66.0 20.0 0.0
66.0 22.0 0.0
66.0 24.0 0.0
66.0 26.0 0.0
66.0 28.0 0.0
66.0 30.0 0.0
66.0 32.0 0.0
66.0 34.0 0.0
66.0 36.0 0.0
66.0 38.0 0.0019245441151878831
66.0 40.0 0.054720877582497836
66.0 42.0 0.16290780639641453
66.0 44.0 0.26894589633486343
66.0 46.0 0.35953602329425033
66.0 48.0 0.4254524838829128
66.0 50.0 0.4761575028396691
66.0 52.0 0.4830892339010462
66.0 54.0 0.44743978887238084
66.0 56.0 0.3632202271994453
66.0 58.0 0.21779657414460973
66.0 60.0 0.04706174988614131
66.0 62.0 0.0
66.0 64.0 0.0
66.0 66.0 0.0
66.0 68.0 0.0
66.0 70.0 0.0
66.0 72.0 0.0
66.0 74.0 0.0
66.0 76.0 0.0
66.0 78.0 0.0
66.0 80.0 0.0
66.0 82.0 0.0
66.0 84.0 0.0
66.0 86.0 0.0
66.0 88.0 0.0
66.0 90.0 0.006859291018760917
66.0 92.0 0.057381182989103385
66.0 94.0 0.14002705576946095
66.0 96.0 0.22059768734532126
66.0 98.0 0.3055194025538905
66.0 100.0 0.38903346331284844
66.0 102.0 0.42373258289441756
66.0 104.0 0.41782014437237186
66.0 106.0 0.38011770883720036
66.0 108.0 0.30668015214745303
66.0 110.0 0.20173889276287385
66.0 112.0 0.07531000659023364
66.0 114.0 0.0
66.0 116.0 0.0
66.0 118.0 0.0
66.0 120.0 0.0
66.0 122.0 0.0
66.0 124.0 0.0
66.0 126.0 0.0
68.0 0.0 0.0
68.0 2.0 0.07608345108251136
68.0 4.0 0.2746719062047038
68.0 6.0 0.35374839040691247
68.0 8.0 0.3681441055982626
68.0 10.0 0.35593727941172215
68.0 12.0 0.2983459104455675
68.0 14.0 0.1866786756425345
68.0 16.0 0.02270196769970004
68.0 18.0 0.0
68.0 20.0 0.0
68.0 22.0 0.0
68.0 24.0 0.0
68.0 26.0 0.0
68.0 28.0 0.0
68.0 30.0 0.0
68.0 32.0 0.0
68.0 34.0 0.0
68.0 36.0 0.0
68.0 38.0 0.008998048842553879
68.0 40.0 0.06070606309261267
68.0 42.0 0.159888716726129
68.0 44.0 0.2680273069135481
68.0 46.0 0.3596882362316445
68.0 48.0 0.4250923100764447
68.0 50.0 0.45685082054326703
68.0 52.0 0.45914804202037734
68.0 54.0 0.4262675873801797
68.0 56.0 0.3469232136353475
68.0 58.0 0.21050435832547185
68.0 60.0 0.047736679365233285
68.0 62.0 0.0
68.0 64.0 0.0
68.0 66.0 0.0
68.0 68.0 0.0
68.0 70.0 0.0
68.0 72.0 0.0
68.0 74.0 0.0
68.0 76.0 0.0
68.0 78.0 0.0
68.0 80.0 0.0
68.0 82.0 0.0
68.0 84.0 0.0
68.0 86.0 0.0
68.0 88.0 0.0
68.0 90.0 9.877108445017068E-4
68.0 92.0 0.018198266783507912
68.0 94.0 0.08046597409301062
68.0 96.0 0.15665503752162832
68.0 98.0 0.22718968294258612
68.0 100.0 0.32906436975393566
68.0 102.0 0.3630381839646488
68.0 104.0 0.3630616357077532
68.0 106.0 0.3312607720552647
68.0 108.0 0.26895124211369176
68.0 110.0 0.1839170078830443
68.0 112.0 0.08138712379807227
68.0 114.0 6.030089610795925E-4
68.0 116.0 0.0
68.0 118.0 0.0
68.0 120.0 0.0
68.0 122.0 0.0
68.0 124.0 0.0
68.0 126.0 0.0
70.0 0.0 0.0
70.0 2.0 0.1745623426404775
70.0 4.0 0.32413368487667815
70.0 6.0 0.36800747590883237
70.0 8.0 0.3723701236057884
70.0 10.0 0.35762036267683556
70.0 12.0 0.3345713926944918
70.0 14.0 0.16434067052006296
70.0 16.0 2.788171042162354E-4
70.0 18.0 0.0
70.0 20.0 0.0
70.0 22.0 0.0
70.0 24.0 0.0
70.0 26.0 0.0
70.0 28.0 0.0
70.0 30.0 0.0
70.0 32.0 0.0
70.0 34.0 0.0
70.0 36.0 0.0
70.0 38.0 0.007349322616922124
70.0 40.0 0.05383232819970161
70.0 42.0 0.1347775430330457
70.0 44.0 0.22322215009166915
70.0 46.0 0.30922607375915107
70.0 48.0 0.38276133752242875
70.0 50.0 0.4228097737731685
70.0 52.0 0.4299299291265562
70.0 54.0 0.40220908870867156
70.0 56.0 0.32826545384483735
70.0 58.0 0.20080479420325706
70.0 60.0 0.046723929421065034
70.0 62.0 0.0
70.0 64.0 0.0
70.0 66.0 0.0
70.0 68.0 0.0
70.0 70.0 0.0
70.0 72.0 0.0
70.0 74.0 0.0
70.0 76.0 0.0
70.0 78.0 0.0
70.0 80.0 0.0
70.0 82.0 0.0
70.0 84.0 0.0
70.0 86.0 0.0
70.0 88.0 0.0
70.0 90.0 0.0
70.0 92.0 0.0034842400551137864
70.0 94.0 0.030667989229973176
70.0 96.0 0.09395486173615679
70.0 98.0 0.16933267246634276
70.0 100.0 0.2445628703161357
70.0 102.0 0.32191387056552134
70.0 104.0 0.3187896975137353
70.0 106.0 0.2770157676931079
70.0 108.0 0.22238604914567905
70.0 110.0 0.1587355061070611
70.0 112.0 0.08135544833538438
70.0 114.0 0.00699893874819599
70.0 116.0 0.0
70.0 118.0 0.0
70.0 120.0 0.0
70.0 122.0 0.0
70.0 124.0 0.0
70.0 126.0 0.0
72.0 0.0 0.0
72.0 2.0 0.23684868666201256
72.0 4.0 0.3401432259167348
72.0 6.0 0.3579185245632681
72.0 8.0 0.3601942716514765
72.0 10.0 0.36576187648846514
72.0 12.0 0.3287775798775365
72.0 14.0 0.11003554561043226
72.0 16.0 0.0
72.0 18.0 0.0
72.0 20.0 0.0
72.0 22.0 0.0
72.0 24.0 0.0
72.0 26.0 0.0
72.0 28.0 0.0
72.0 30.0 0.0
72.0 32.0 0.0
72.0 34.0 0.0
72.0 36.0 5.014222716384966E-4
72.0 38.0 0.006535072861931799
72.0 40.0 0.032091954907539216
72.0 42.0 0.09322704883737154
72.0 44.0 0.16867759687261386
72.0 46.0 0.25176768439854386
72.0 48.0 0.319378717415159
72.0 50.0 0.3733710883975317
72.0 52.0 0.39800295661865825
72.0 54.0 0.3750617154629101
72.0 56.0 0.3076306704919571
72.0 58.0 0.18562089798617545
72.0 60.0 0.03677049047679171
72.0 62.0 0.0
72.0 64.0 0.0
72.0 66.0 0.0
72.0 68.0 0.0
72.0 70.0 0.0
72.0 72.0 0.0
72.0 74.0 0.0
72.0 76.0 0.0
72.0 78.0 0.0
72.0 80.0 0.0
72.0 82.0 0.0
72.0 84.0 0.0
72.0 86.0 0.0
72.0 88.0 0.0
72.0 90.0 0.0
72.0 92.0 0.0
72.0 94.0 0.00609232109077149
72.0 96.0 0.03176911748222546
72.0 98.0 0.10766580271600067
72.0 100.0 0.1736984511444232
72.0 102.0 0.21266786854998446
72.0 104.0 0.22286240373654906
72.0 106.0 0.2066589689691817
72.0 108.0 0.17256105257665433
72.0 110.0 0.12739283290948386
72.0 112.0 0.07396193015970114
72.0 114.0 0.016027579409731256
72.0 116.0 0.0
72.0 118.0 0.0
72.0 120.0 0.0
72.0 122.0 0.0
72.0 124.0 0.0
72.0 126.0 0.0
74.0 0.0 0.0
74.0 2.0 0.2596666387984867
74.0 4.0 0.3365613377305545
74.0 6.0 0.3401148173896811
74.0 8.0 0.33483807714418723
74.0 10.0 0.3690803556188595
74.0 12.0 0.25709140701222494
74.0 14.0 0.02191292074148689
74.0 16.0 0.0
74.0 18.0 0.0
74.0 20.0 0.0
74.0 22.0 0.0
74.0 24.0 0.0
74.0 26.0 0.0
74.0 28.0 0.0
74.0 30.0 0.0
74.0 32.0 0.0
74.0 34.0 0.0
74.0 36.0 0.0016610895281101584
74.0 38.0 0.006001599540832442
74.0 40.0 0.014717673350905578
74.0 42.0 0.04441153108580531
74.0 44.0 0.1036483832102389
74.0 46.0 0.18598120890459832
74.0 48.0 0.25707495124031016
74.0 50.0 0.3063914634532216
74.0 52.0 0.3400455320934815
74.0 54.0 0.3436679929220657
74.0 56.0 0.2833519500977046
74.0 58.0 0.16080295205914405
74.0 60.0 0.02000271686324048
74.0 62.0 0.0
74.0 64.0 0.0
74.0 66.0 0.0
74.0 68.0 0.0
74.0 70.0 0.0
74.0 72.0 0.0
74.0 74.0 0.0
74.0 76.0 0.0
74.0 78.0 0.0
74.0 80.0 0.0
74.0 82.0 0.0
74.0 84.0 0.0
74.0 86.0 0.0
74.0 88.0 0.0
74.0 90.0 0.0
74.0 92.0 0.0
74.0 94.0 8.21403667916131E-4
74.0 96.0 0.008749581613529572
74.0 98.0 0.04989148400298782
74.0 100.0 0.10548643398574899
74.0 102.0 0.13848576037802038
74.0 104.0 0.1510519145401955
74.0 106.0 0.14290015021508598
74.0 108.0 0.12194521408254934
74.0 110.0 0.09230470206248247
74.0 112.0 0.060702547038102156
74.0 114.0 0.02462924723470934
74.0 116.0 0.004225674390253118
74.0 118.0 0.0
74.0 120.0 0.0
74.0 122.0 0.0
74.0 124.0 0.0
74.0 126.0 0.0
76.0 0.0 0.0
76.0 2.0 0.26475801941722005
76.0 4.0 0.3202130139299481
76.0 6.0 0.3127805054619457
76.0 8.0 0.3112146994782265
76.0 10.0 0.2864729116489282
76.0 12.0 0.1187137826484343
76.0 14.0 0.0
76.0 16.0 0.0
76.0 18.0 0.0
76.0 20.0 0.0
76.0 22.0 0.0
76.0 24.0 0.0
76.0 26.0 0.0
76.0 28.0 0.0
76.0 30.0 0.0
76.0 32.0 0.0
76.0 34.0 0.0
76.0 36.0 0.0
76.0 38.0 1.31215691380145E-4
76.0 40.0 0.0017492102470655156
76.0 42.0 0.00790090577358557
76.0 44.0 0.04107352987305256
76.0 46.0 0.11464142577002152
76.0 48.0 0.18280819828545605
76.0 50.0 0.2540334772388298
76.0 52.0 0.31031428301513025
76.0 54.0 0.30484006737877006
76.0 56.0 0.24826938095556114
76.0 58.0 0.1301370051308507
76.0 60.0 0.005300457863095881
76.0 62.0 0.0
76.0 64.0 0.0
76.0 66.0 0.0
76.0 68.0 0.0
76.0 70.0 0.0
76.0 72.0 0.0
76.0 74.0 0.0
76.0 76.0 0.0
76.0 78.0 0.0
76.0 80.0 0.0
76.0 82.0 0.0
76.0 84.0 0.0
76.0 86.0 3.6468556496310143E-4
76.0 88.0 0.0018596622715621024
76.0 90.0 0.003310460248791854
76.0 92.0 0.0025976083335663568
76.0 94.0 9.818856842690714E-4
76.0 96.0 0.0
76.0 98.0 0.012841982244099224
76.0 100.0 0.03546571825894719
76.0 102.0 0.05603953561831271
76.0 104.0 0.07030090261969546
76.0 106.0 0.07728043773424405
76.0 108.0 0.0698080299559695
76.0 110.0 0.05768106998107974
76.0 112.0 0.04421773502405757
76.0 114.0 0.02932662965177173
76.0 116.0 0.012049700766538418
76.0 118.0 0.001852537544649876
76.0 120.0 0.0
76.0 122.0 0.0
76.0 124.0 0.0
76.0 126.0 0.0
78.0 0.0 0.0
78.0 2.0 0.21041145113807525
78.0 4.0 0.2879238667749608
78.0 6.0 0.26488375345039367
78.0 8.0 0.22680381447629813
78.0 10.0 0.1266490461037791
78.0 12.0 0.011072606113643683
78.0 14.0 0.0
78.0 16.0 0.0
78.0 18.0 0.0
78.0 20.0 0.0
78.0 22.0 0.0
78.0 24.0 0.0
78.0 26.0 0.0
78.0 28.0 0.0
78.0 30.0 0.0
78.0 32.0 0.0
78.0 34.0 0.0
78.0 36.0 0.0
78.0 38.0 0.0
78.0 40.0 0.0
78.0 42.0 9.265386545898733E-4
78.0 44.0 0.01369751515668414
78.0 46.0 0.0549593011201767
78.0 48.0 0.13231425420824647
78.0 50.0 0.2096030380836025
78.0 52.0 0.2566800369088403
78.0 54.0 0.25270945969709346
78.0 56.0 0.19708837692859751
78.0 58.0 0.0882049825173219
78.0 60.0 1.8245492094280574E-4
78.0 62.0 0.0
78.0 64.0 0.0
78.0 66.0 0.0
78.0 68.0 0.0
78.0 70.0 0.0
78.0 72.0 0.0
78.0 74.0 0.0
78.0 76.0 0.0
78.0 78.0 0.0
78.0 80.0 6.063730977975844E-4
78.0 82.0 0.014177310147610549
78.0 84.0 0.04829480561895375
78.0 86.0 0.04346694911370177
78.0 88.0 0.0467847362473284
78.0 90.0 0.035323856997253524
78.0 92.0 0.010049550978518935
78.0 94.0 3.00324772377797E-4
78.0 96.0 0.0
78.0 98.0 0.0
78.0 100.0 0.0
78.0 102.0 0.0
78.0 104.0 0.0015111641163761383
78.0 106.0 0.008096548589220454
78.0 108.0 0.013454245337860734
78.0 110.0 0.017212849847345203
78.0 112.0 0.02005039092543411
78.0 114.0 0.021750066356738467
78.0 116.0 0.016232805449927726
78.0 118.0 0.01081557674880469
78.0 120.0 0.009103696871795389
78.0 122.0 0.010255609005113483
78.0 124.0 0.007547204703952458
78.0 126.0 0.0
80.0 0.0 0.0
80.0 2.0 0.0
80.0 4.0 0.13561554307765167
80.0 6.0 0.16081137685818667
80.0 8.0 0.05648511456609642
80.0 10.0 0.007790479331544339
80.0 12.0 0.0
80.0 14.0 0.0
80.0 16.0 0.0
80.0 18.0 0.0
80.0 20.0 0.0
80.0 22.0 0.0
80.0 24.0 0.0
80.0 26.0 0.0
80.0 28.0 0.0
80.0 30.0 3.4746494384063306E-4
80.0 32.0 0.002072887220103919
80.0 34.0 7.920678331770482E-4
80.0 36.0 0.0
80.0 38.0 0.0
80.0 40.0 0.0
80.0 42.0 0.0
80.0 44.0 4.0235918870003924E-4
80.0 46.0 0.01977474266337948
80.0 48.0 0.09413772557996725
80.0 50.0 0.15828678077244057
80.0 52.0 0.17727246728877497
80.0 54.0 0.1719315164370567
80.0 56.0 0.12022917009642287
80.0 58.0 0.03708582612112476
80.0 60.0 4.6671766646861707E-4
80.0 62.0 0.0
80.0 64.0 0.0
80.0 66.0 0.0
80.0 68.0 0.0
80.0 70.0 0.0
80.0 72.0 0.0
80.0 74.0 0.0
80.0 76.0 0.004228529377651659
80.0 78.0 0.027527003093877542
80.0 80.0 0.07011628828631403
80.0 82.0 0.12248551149498856
80.0 84.0 0.15744231684813917
80.0 86.0 0.16701547219882285
80.0 88.0 0.1442212566754777
80.0 90.0 0.07941367737886067
80.0 92.0 0.003282393534224736
80.0 94.0 0.0
80.0 96.0 0.0
80.0 98.0 0.0
80.0 100.0 0.0
80.0 102.0 0.0
80.0 104.0 0.0
80.0 106.0 0.0
80.0 108.0 0.0
80.0 110.0 0.0
80.0 112.0 1.6070229360567244E-4
80.0 114.0 0.004290672919211693
80.0 116.0 0.010050371808071489
80.0 118.0 0.012024507568041612
80.0 120.0 0.019953958310261997
80.0 122.0 0.03152357903637101
80.0 124.0 0.05204407130713124
80.0 126.0 0.0
82.0 0.0 0.0
82.0 2.0 0.0
82.0 4.0 0.0368917849125286
82.0 6.0 0.00417632170401564
82.0 8.0 0.0
82.0 10.0 0.0
82.0 12.0 0.0
82.0 14.0 0.0
82.0 16.0 0.0
82.0 18.0 0.0
82.0 20.0 0.0
82.0 22.0 0.0
82.0 24.0 0.0
82.0 26.0 0.0
82.0 28.0 0.0029753332974889937
82.0 30.0 0.017410593268872756
82.0 32.0 0.026263998954001846
82.0 34.0 0.012594039633581884
82.0 36.0 0.0020201957822287334
82.0 38.0 0.0
82.0 40.0 0.0
82.0 42.0 0.0
82.0 44.0 6.697447370315428E-4
82.0 46.0 0.01827493593764815
82.0 48.0 0.055998141779314475
82.0 50.0 0.07616832421706349
82.0 52.0 0.07830564039515556
82.0 54.0 0.06445650448143968
82.0 56.0 0.04126110697196559
82.0 58.0 0.012829413699334227
82.0 60.0 0.0015366228567392228
82.0 62.0 5.874827458140823E-4
82.0 64.0 0.0
82.0 66.0 0.0
82.0 68.0 0.0
82.0 70.0 1.7970536102659613E-4
82.0 72.0 0.004653595522761203
82.0 74.0 0.027430242584788333
82.0 76.0 0.07451504650800621
82.0 78.0 0.11409228317081495
82.0 80.0 0.1551040737448002
82.0 82.0 0.22216105907633918
82.0 84.0 0.26320562311834755
82.0 86.0 0.2838069067065236
82.0 88.0 0.26329446357585057
82.0 90.0 0.13683241009029004
82.0 92.0 1.7755194938029472E-4
82.0 94.0 0.0
82.0 96.0 0.0
82.0 98.0 0.0
82.0 100.0 0.0
82.0 102.0 0.0
82.0 104.0 0.0
82.0 106.0 0.0
82.0 108.0 0.0
82.0 110.0 0.0
82.0 112.0 0.0
82.0 114.0 0.0
82.0 116.0 5.18053726568112E-4
82.0 118.0 0.004850510873575567
82.0 120.0 0.018090899749296535
82.0 122.0 0.046405961842203615
82.0 124.0 0.12305168068990423
82.0 126.0 0.0
84.0 0.0 0.0
84.0 2.0 0.0
84.0 4.0 0.03425983765809127
84.0 6.0 0.0
84.0 8.0 0.0
84.0 10.0 0.0
84.0 12.0 0.0
84.0 14.0 0.0
84.0 16.0 0.0
84.0 18.0 0.0
84.0 20.0 0.0
84.0 22.0 0.0
84.0 24.0 0.0
84.0 26.0 0.006789098600354683
84.0 28.0 0.043008343175956226
84.0 30.0 0.09035425229426508
84.0 32.0 0.10818676866355469
84.0 34.0 0.05135873589672268
84.0 36.0 0.012092214197422716
84.0 38.0 1.0388919673000459E-5
84.0 40.0 0.0
84.0 42.0 0.0
84.0 44.0 3.151890554253694E-4
84.0 46.0 0.00553233646063173
84.0 48.0 0.010569601800312274
84.0 50.0 0.005008105223167965
84.0 52.0 0.005080808303131414
84.0 54.0 0.0043189165018033574
84.0 56.0 0.005243865048928306
84.0 58.0 0.005269296408028932
84.0 60.0 0.0037934219634447957
84.0 62.0 0.004707504920827337
84.0 64.0 0.011639399089773917
84.0 66.0 0.016064252754128063
84.0 68.0 0.022720565567046557
84.0 70.0 0.03798607906832262
84.0 72.0 0.07022899432469744
84.0 74.0 0.10885640132349556
84.0 76.0 0.14589391815226865
84.0 78.0 0.18486007542584992
84.0 80.0 0.2242241783963689
84.0 82.0 0.2910551846371498
84.0 84.0 0.33303119069446724
84.0 86.0 0.3616877893287462
84.0 88.0 0.33089696880402036
84.0 90.0 0.20779963751102928
84.0 92.0 0.03792864836321105
84.0 94.0 0.0
84.0 96.0 0.0
84.0 98.0 0.0
84.0 100.0 0.0
84.0 102.0 0.0
84.0 104.0 0.0
84.0 106.0 0.0
84.0 108.0 0.0
84.0 110.0 0.0
84.0 112.0 0.0
84.0 114.0 0.0
84.0 116.0 0.0
84.0 118.0 0.0
84.0 120.0 0.005778485943500042
84.0 122.0 0.04974566043412418
84.0 124.0 0.0
84.0 126.0 0.0
86.0 0.0 0.0
86.0 2.0 0.0
86.0 4.0 0.0
86.0 6.0 0.012798890708846163
86.0 8.0 0.0
86.0 10.0 0.0
86.0 12.0 0.0
86.0 14.0 0.0
86.0 16.0 0.0
86.0 18.0 0.0
86.0 20.0 0.0
86.0 22.0 0.0
86.0 24.0 0.013746702367778273
86.0 26.0 0.08019577882429625
86.0 28.0 0.1776668564254241
86.0 30.0 0.24614448410886916
86.0 32.0 0.26454875097100305
86.0 34.0 0.19545385409615848
86.0 36.0 0.07361592639631613
86.0 38.0 0.018583886363467618
86.0 40.0 9.33057252499599E-4
86.0 42.0 0.0
86.0 44.0 0.0
86.0 46.0 0.0
86.0 48.0 0.0
86.0 50.0 0.0
86.0 52.0 0.0
86.0 54.0 0.0
86.0 56.0 0.0
86.0 58.0 0.0
86.0 60.0 0.0029917540486566634
86.0 62.0 0.013552071905210386
86.0 64.0 0.03187466071117223
86.0 66.0 0.04891636526869899
86.0 68.0 0.06498270621518673
86.0 70.0 0.08901374723755806
86.0 72.0 0.12134150518118479
86.0 74.0 0.15646005024313656
86.0 76.0 0.18930205153914584
86.0 78.0 0.2225161696877687
86.0 80.0 0.25291975145680273
86.0 82.0 0.3266799215894875
86.0 84.0 0.38072671603226044
86.0 86.0 0.40479604218108883
86.0 88.0 0.3515679232682259
86.0 90.0 0.23650016305760016
86.0 92.0 0.07373109767109036
86.0 94.0 0.0
86.0 96.0 0.0
86.0 98.0 0.0
86.0 100.0 0.0
86.0 102.0 0.0
86.0 104.0 0.0
86.0 106.0 0.0
86.0 108.0 0.0
86.0 110.0 0.0
86.0 112.0 0.0
86.0 114.0 0.0
86.0 116.0 0.0
86.0 118.0 0.0
86.0 120.0 0.0
86.0 122.0 0.02423073722448656
86.0 124.0 0.0
86.0 126.0 0.0
88.0 0.0 0.0
88.0 2.0 0.0
88.0 4.0 0.0
88.0 6.0 0.012531738715787511
88.0 8.0 0.0
88.0 10.0 0.0
88.0 12.0 0.0
88.0 14.0 0.0
88.0 16.0 0.0
88.0 18.0 0.0
88.0 20.0 0.0
88.0 22.0 0.01022906599358092
88.0 24.0 0.08246968757541219
88.0 26.0 0.18070147088704633
88.0 28.0 0.3059324591192902
88.0 30.0 0.3675655769470478
88.0 32.0 0.3818096946710672
88.0 34.0 0.3378883786280213
88.0 36.0 0.22225298267862512
88.0 38.0 0.06407250968078768
88.0 40.0 0.0
88.0 42.0 0.0
88.0 44.0 0.0
88.0 46.0 0.0
88.0 48.0 0.0
88.0 50.0 0.0
88.0 52.0 0.0
88.0 54.0 0.0
88.0 56.0 0.0
88.0 58.0 0.0
88.0 60.0 8.434762586071544E-4
88.0 62.0 0.01899502832195579
88.0 64.0 0.05286330515300073
88.0 66.0 0.07835783760316178
88.0 68.0 0.102269296842392
88.0 70.0 0.11493522644908759
88.0 72.0 0.15153696980706016
88.0 74.0 0.17831090241113304
88.0 76.0 0.2157444131527558
88.0 78.0 0.2442699182462661
88.0 80.0 0.3300832631233676
88.0 82.0 0.3773030265982535
88.0 84.0 0.41969658376942726
88.0 86.0 0.4269379447787638
88.0 88.0 0.3538833586258296
88.0 90.0 0.20441981340923795
88.0 92.0 0.07709842804829302
88.0 94.0 4.359065188806978E-4
88.0 96.0 0.0
88.0 98.0 0.0
88.0 100.0 0.0
88.0 102.0 0.0
88.0 104.0 0.0
88.0 106.0 0.0
88.0 108.0 0.0
88.0 110.0 0.0
88.0 112.0 0.0
88.0 114.0 0.0
88.0 116.0 0.0
88.0 118.0 0.0
88.0 120.0 0.0
88.0 122.0 0.0068417402861341734
88.0 124.0 0.0
88.0 126.0 0.0
90.0 0.0 0.0
90.0 2.0 0.0
90.0 4.0 0.0
90.0 6.0 0.0067277945317710764
90.0 8.0 0.0
90.0 10.0 0.0
90.0 12.0 0.0
90.0 14.0 0.0
90.0 16.0 0.0
90.0 18.0 0.0
90.0 20.0 0.0
90.0 22.0 0.029801215066543377
90.0 24.0 0.152687891805014
90.0 26.0 0.25949124631844545
90.0 28.0 0.3748077698614897
90.0 30.0 0.42869373610262757
90.0 32.0 0.43713650471848225
90.0 34.0 0.402725672308597
90.0 36.0 0.32024005917012516
90.0 38.0 0.16292271106505193
90.0 40.0 0.004254151910624987
90.0 42.0 0.0
90.0 44.0 0.0
90.0 46.0 0.0
90.0 48.0 0.0
90.0 50.0 0.0
90.0 52.0 0.0
90.0 54.0 0.0
90.0 56.0 0.0
90.0 58.0 0.0
90.0 60.0 0.002185772346793412
90.0 62.0 0.020928904489019975
90.0 64.0 0.05932428152191036
90.0 66.0 0.09326521651811061
90.0 68.0 0.10298805111010782
90.0 70.0 0.12003526874755523
90.0 72.0 0.17244146947061986
90.0 74.0 0.194670865453322
90.0 76.0 0.24211052469838798
90.0 78.0 0.2674710175240992
90.0 80.0 0.30436666204843243
90.0 82.0 0.40758870851398776
90.0 84.0 0.42407285574849557
90.0 86.0 0.4189593526391482
90.0 88.0 0.33068306543634224
90.0 90.0 0.18130530194088765
90.0 92.0 0.07122579981508358
90.0 94.0 0.0053472710685805004
90.0 96.0 0.0
90.0 98.0 0.0
90.0 100.0 0.0
90.0 102.0 0.0
90.0 104.0 0.0
90.0 106.0 0.0
90.0 108.0 0.0
90.0 110.0 0.0
90.0 112.0 0.0
90.0 114.0 0.0
90.0 116.0 0.0
90.0 118.0 0.0
90.0 120.0 0.0
90.0 122.0 0.0
90.0 124.0 0.0
90.0 126.0 0.0
92.0 0.0 0.0
92.0 2.0 0.0
92.0 4.0 0.0
92.0 6.0 0.0
92.0 8.0 0.0
92.0 10.0 0.0
92.0 12.0 0.0
92.0 14.0 0.0
92.0 16.0 0.0
92.0 18.0 0.0
92.0 20.0 8.13424859313965E-4
92.0 22.0 0.07439832715714433
92.0 24.0 0.21262535743667857
92.0 26.0 0.32786135684677054
92.0 28.0 0.44289882267794906
92.0 30.0 0.4882780795006448
92.0 32.0 0.49358483870923636
92.0 34.0 0.456348909187056
92.0 36.0 0.39200623776968624
92.0 38.0 0.2352656279189788
92.0 40.0 0.01707847879397574
92.0 42.0 0.0
92.0 44.0 0.0
92.0 46.0 0.0
92.0 48.0 0.0
92.0 50.0 0.0
92.0 52.0 0.0
92.0 54.0 0.0
92.0 56.0 0.0
92.0 58.0 0.0
92.0 60.0 0.0013952745994491877
92.0 62.0 0.021916403223144827
92.0 64.0 0.0751528239420065
92.0 66.0 0.0986144886573516
92.0 68.0 0.1078591801259781
92.0 70.0 0.1348181087185039
92.0 72.0 0.20096403342286798
92.0 74.0 0.2177878295580471
92.0 76.0 0.25977567113956496
92.0 78.0 0.2834082464923903
92.0 80.0 0.3103802523956755
92.0 82.0 0.3994837033785497
92.0 84.0 0.39627273217494685
92.0 86.0 0.3891465238918601
92.0 88.0 0.2856459536816672
92.0 90.0 0.1537491536055605
92.0 92.0 0.06163534134603732
92.0 94.0 0.006395573646024107
92.0 96.0 0.0
92.0 98.0 0.0
92.0 100.0 0.0
92.0 102.0 0.0
92.0 104.0 0.0
92.0 106.0 0.0
92.0 108.0 0.0
92.0 110.0 0.0
92.0 112.0 0.0
92.0 114.0 0.0
92.0 116.0 0.0
92.0 118.0 0.0
92.0 120.0 0.0
92.0 122.0 0.0
92.0 124.0 0.0
92.0 126.0 0.0
94.0 0.0 0.0
94.0 2.0 0.0
94.0 4.0 0.0
94.0 6.0 0.0
94.0 8.0 0.0
94.0 10.0 0.0
94.0 12.0 0.0
94.0 14.0 0.0
94.0 16.0 0.0
94.0 18.0 0.0
94.0 20.0 0.006357652444471025
94.0 22.0 0.11164504005831828
94.0 24.0 0.25836828533478723
94.0 26.0 0.3736286701286458
94.0 28.0 0.45426042686572227
94.0 30.0 0.5325446116535292
94.0 32.0 0.5360028127009487
94.0 34.0 0.49697470369513
94.0 36.0 0.45158543390903677
94.0 38.0 0.29579335124893497
94.0 40.0 0.02884296894998271
94.0 42.0 0.0
94.0 44.0 0.0
94.0 46.0 0.0
94.0 48.0 0.0
94.0 50.0 0.0
94.0 52.0 0.0
94.0 54.0 0.0
94.0 56.0 0.0
94.0 58.0 0.0
94.0 60.0 0.0
94.0 62.0 0.014783816014108967
94.0 64.0 0.07877398017636493
94.0 66.0 0.10876421242960017
94.0 68.0 0.130173385194015
94.0 70.0 0.16899402680968256
94.0 72.0 0.23051357900369748
94.0 74.0 0.25018540036424114
94.0 76.0 0.26152950263694236
94.0 78.0 0.2909673598547692
94.0 80.0 0.30186034455921845
94.0 82.0 0.3685205758955952
94.0 84.0 0.34751777276246193
94.0 86.0 0.3291462209599041
94.0 88.0 0.23765383455260816
94.0 90.0 0.1324391791808668
94.0 92.0 0.044231517746101796
94.0 94.0 0.0012105432395782048
94.0 96.0 0.0
94.0 98.0 0.0
94.0 100.0 0.0
94.0 102.0 0.0
94.0 104.0 0.0
94.0 106.0 0.0
94.0 108.0 0.0
94.0 110.0 0.0
94.0 112.0 0.0
94.0 114.0 0.0
94.0 116.0 0.0
94.0 118.0 0.0
94.0 120.0 0.0
94.0 122.0 0.0
94.0 124.0 0.0
94.0 126.0 0.0
96.0 0.0 0.0
96.0 2.0 0.0
96.0 4.0 0.0
96.0 6.0 0.0
96.0 8.0 0.0
96.0 10.0 0.0
96.0 12.0 0.0
96.0 14.0 0.0
96.0 16.0 0.0
96.0 18.0 0.0
96.0 20.0 0.02098056832507758
96.0 22.0 0.16949532715389673
96.0 24.0 0.30471250940192635
96.0 26.0 0.4198609883071294
96.0 28.0 0.5012901662233132
96.0 30.0 0.541822824217147
96.0 32.0 0.544068196064231
96.0 34.0 0.5120293581221181
96.0 36.0 0.5003031126748206
96.0 38.0 0.3366492213498302
96.0 40.0 0.038852602368033805
96.0 42.0 0.0
96.0 44.0 0.0
96.0 46.0 0.0
96.0 48.0 0.0
96.0 50.0 0.0
96.0 52.0 0.0
96.0 54.0 0.0
96.0 56.0 0.0
96.0 58.0 0.0
96.0 60.0 0.0
96.0 62.0 0.007673953249975105
96.0 64.0 0.06912940581383455
96.0 66.0 0.11631462349316762
96.0 68.0 0.15312166600393853
96.0 70.0 0.19882254636212882
96.0 72.0 0.24905248577627534
96.0 74.0 0.28430240618134955
96.0 76.0 0.30202118465839056
96.0 78.0 0.27907578396298777
96.0 80.0 0.2774176566456293
96.0 82.0 0.2617717359596678
96.0 84.0 0.2839704549686552
96.0 86.0 0.2517084670880288
96.0 88.0 0.1858276769100997
96.0 90.0 0.10852995464950284
96.0 92.0 0.034911019931220526
96.0 94.0 0.0
96.0 96.0 0.0
96.0 98.0 0.0
96.0 100.0 0.0
96.0 102.0 0.0
96.0 104.0 0.0
96.0 106.0 0.0
96.0 108.0 0.0
96.0 110.0 0.0
96.0 112.0 0.0
96.0 114.0 0.0
96.0 116.0 0.0
96.0 118.0 0.0
96.0 120.0 0.0
96.0 122.0 0.0
96.0 124.0 0.0
96.0 126.0 0.0
98.0 0.0 0.0
98.0 2.0 0.0
98.0 4.0 0.0
98.0 6.0 0.0
98.0 8.0 0.0
98.0 10.0 0.0
98.0 12.0 0.0
98.0 14.0 0.0
98.0 16.0 0.0
98.0 18.0 0.0
98.0 20.0 0.021652588121884506
98.0 22.0 0.19855646687257733
98.0 24.0 0.33437651087069636
98.0 26.0 0.4487924088388539
98.0 28.0 0.53002208859613
98.0 30.0 0.5699541626935901
98.0 32.0 0.5707485806299323
98.0 34.0 0.5343524058164185
98.0 36.0 0.5213010416925427
98.0 38.0 0.3583076116396995
98.0 40.0 0.04259378156645224
98.0 42.0 0.0
98.0 44.0 0.0
98.0 46.0 0.0
98.0 48.0 0.0
98.0 50.0 0.0
98.0 52.0 0.0
98.0 54.0 0.0
98.0 56.0 0.0
98.0 58.0 0.0
98.0 60.0 0.0
98.0 62.0 0.002345186905140975
98.0 64.0 0.049918964243379695
98.0 66.0 0.1200000666847465
98.0 68.0 0.1654355680718019
98.0 70.0 0.21058308879929097
98.0 72.0 0.2591299024053753
98.0 74.0 0.27455057646853337
98.0 76.0 0.27700357561881583
98.0 78.0 0.26509500030467636
98.0 80.0 0.22141583100644124
98.0 82.0 0.20389717250801234
98.0 84.0 0.17733911754748913
98.0 86.0 0.16877351742922955
98.0 88.0 0.11180740970718696
98.0 90.0 0.0670090777697968
98.0 92.0 0.01738044363908092
98.0 94.0 0.0
98.0 96.0 0.0
98.0 98.0 0.0
98.0 100.0 0.0
98.0 102.0 0.0
98.0 104.0 0.0
98.0 106.0 0.0
98.0 108.0 0.0
98.0 110.0 0.0
98.0 112.0 0.0
98.0 114.0 0.0
98.0 116.0 0.0
98.0 118.0 0.0
98.0 120.0 0.0
98.0 122.0 0.0
98.0 124.0 0.0
98.0 126.0 0.0
100.0 0.0 0.0
100.0 2.0 0.0
100.0 4.0 0.0
100.0 6.0 0.0
100.0 8.0 0.0
100.0 10.0 0.0
100.0 12.0 0.0
100.0 14.0 0.0
100.0 16.0 0.0
100.0 18.0 0.0
100.0 20.0 0.031733903845288965
100.0 22.0 0.22515001719599345
100.0 24.0 0.38510918334985283
100.0 26.0 0.5107593334602557
100.0 28.0 0.5913624735740772
100.0 30.0 0.6283473594885625
100.0 32.0 0.6010632221242475
100.0 34.0 0.5855386741928713
100.0 36.0 0.5308046476073581
100.0 38.0 0.36059467707
100.0 40.0 0.041240126493222354
100.0 42.0 0.0
100.0 44.0 0.0
100.0 46.0 0.0
100.0 48.0 0.0
100.0 50.0 0.0
100.0 52.0 0.0
100.0 54.0 0.0
100.0 56.0 0.0
100.0 58.0 0.0
100.0 60.0 0.0
100.0 62.0 1.605454221044331E-4
100.0 64.0 0.032163558824490346
100.0 66.0 0.10862492249717028
100.0 68.0 0.16580049190730253
100.0 70.0 0.20620738354417414
100.0 72.0 0.25350895396842604
100.0 74.0 0.24829698145426213
100.0 76.0 0.23432239885215692
100.0 78.0 0.20556539209178337
100.0 80.0 0.15233225502530548
100.0 82.0 0.13889303563437766
100.0 84.0 0.10748961752419024
100.0 86.0 0.079246937414592
100.0 88.0 0.048800040051055656
100.0 90.0 0.012260660885750027
100.0 92.0 6.152405753433976E-4
100.0 94.0 0.0
100.0 96.0 0.0
100.0 98.0 0.0
100.0 100.0 0.0
100.0 102.0 0.0
100.0 104.0 0.0
100.0 106.0 0.0
100.0 108.0 0.0
100.0 110.0 0.0
100.0 112.0 0.0
100.0 114.0 0.0
100.0 116.0 0.0
100.0 118.0 0.0
100.0 120.0 0.0
100.0 122.0 0.0
100.0 124.0 0.0
100.0 126.0 0.0
102.0 0.0 0.0
102.0 2.0 0.0
102.0 4.0 0.0
102.0 6.0 0.0
102.0 8.0 0.0
102.0 10.0 0.0
102.0 12.0 0.0
102.0 14.0 0.0
102.0 16.0 0.0
102.0 18.0 0.0
102.0 20.0 0.030581333363290764
102.0 22.0 0.24274955966307762
102.0 24.0 0.4088175900904627
102.0 26.0 0.530855947344517
102.0 28.0 0.6144884908047483
102.0 30.0 0.6389717281116088
102.0 32.0 0.6001114985316004
102.0 34.0 0.55170217781654
102.0 36.0 0.5528589068197385
102.0 38.0 0.346573340752476
102.0 40.0 0.03220539918983686
102.0 42.0 0.0
102.0 44.0 0.0
102.0 46.0 0.0
102.0 48.0 0.0
102.0 50.0 0.0
102.0 52.0 0.0
102.0 54.0 0.0
102.0 56.0 0.0
102.0 58.0 0.0
102.0 60.0 0.0
102.0 62.0 0.002124799027232533
102.0 64.0 0.047201376492929235
102.0 66.0 0.11623912501651538
102.0 68.0 0.1657109041529002
102.0 70.0 0.19681608244069126
102.0 72.0 0.22788705423523878
102.0 74.0 0.21600356046986646
102.0 76.0 0.16942707198627516
102.0 78.0 0.1060355576392421
102.0 80.0 0.0600082508550443
102.0 82.0 0.06152351810392528
102.0 84.0 0.03541700628789249
102.0 86.0 0.017811415115744855
102.0 88.0 0.004508099681069682
102.0 90.0 0.0
102.0 92.0 0.0
102.0 94.0 0.0
102.0 96.0 0.0
102.0 98.0 0.0
102.0 100.0 0.0
102.0 102.0 0.0
102.0 104.0 0.0
102.0 106.0 0.0
102.0 108.0 0.0
102.0 110.0 0.0
102.0 112.0 0.0
102.0 114.0 0.0
102.0 116.0 0.0
102.0 118.0 0.0
102.0 120.0 0.0
102.0 122.0 0.0
102.0 124.0 0.0
102.0 126.0 0.0
104.0 0.0 0.0
104.0 2.0 0.0
104.0 4.0 0.0
104.0 6.0 0.0
104.0 8.0 0.0
104.0 10.0 0.0
104.0 12.0 0.0
104.0 14.0 0.0
104.0 16.0 0.0
104.0 18.0 0.0
104.0 20.0 0.02465514337097249
104.0 22.0 0.2838939936610169
104.0 24.0 0.41798433653998174
104.0 26.0 0.5203866445174793
104.0 28.0 0.6403242713998475
104.0 30.0 0.6286388602744198
104.0 32.0 0.5783421616275541
104.0 34.0 0.5658956876816631
104.0 36.0 0.5435140491487123
104.0 38.0 0.31313202366665766
104.0 40.0 0.017728906510945032
104.0 42.0 0.0
104.0 44.0 0.0
104.0 46.0 0.0
104.0 48.0 0.0
104.0 50.0 0.0
104.0 52.0 0.0
104.0 54.0 0.0
104.0 56.0 0.0
104.0 58.0 0.0
104.0 60.0 0.0
104.0 62.0 5.033131825073195E-4
104.0 64.0 0.040358571784543044
104.0 66.0 0.11241689965766556
104.0 68.0 0.15807603261458894
104.0 70.0 0.1880695709741604
104.0 72.0 0.21903152508182566
104.0 74.0 0.17869432315406183
104.0 76.0 0.09654468619456417
104.0 78.0 0.0066111974885274165
104.0 80.0 0.0
104.0 82.0 0.005023464333595984
104.0 84.0 0.0
104.0 86.0 0.0
104.0 88.0 0.0
104.0 90.0 0.0
104.0 92.0 0.0
104.0 94.0 0.0
104.0 96.0 0.0
104.0 98.0 0.0
104.0 100.0 0.0
104.0 102.0 0.0
104.0 104.0 0.0
104.0 106.0 0.0
104.0 108.0 0.0
104.0 110.0 0.0
104.0 112.0 0.0
104.0 114.0 0.0
104.0 116.0 0.0
104.0 118.0 0.0
104.0 120.0 0.0
104.0 122.0 0.0
104.0 124.0 0.0
104.0 126.0 0.0
106.0 0.0 0.0
106.0 2.0 0.0
106.0 4.0 0.0
106.0 6.0 0.0
106.0 8.0 0.0
106.0 10.0 0.0
106.0 12.0 0.0
106.0 14.0 0.0
106.0 16.0 0.0
106.0 18.0 0.0
106.0 20.0 0.03715256145586032
106.0 22.0 0.2859832552801819
106.0 24.0 0.43306451497883963
106.0 26.0 0.5374415768055653
106.0 28.0 0.6251046005607886
106.0 30.0 0.6300742516255519
106.0 32.0 0.5898870568202652
106.0 34.0 0.5552090947319357
106.0 36.0 0.49130474563834187
106.0 38.0 0.2669743103873326
106.0 40.0 9.144750114946412E-4
106.0 42.0 0.0
106.0 44.0 0.0
106.0 46.0 0.0
106.0 48.0 0.0
106.0 50.0 0.0
106.0 52.0 0.0
106.0 54.0 0.0
106.0 56.0 0.0
106.0 58.0 0.0
106.0 60.0 0.001506769264847015
106.0 62.0 0.013955670880070624
106.0 64.0 0.07626094152127057
106.0 66.0 0.14660753849895466
106.0 68.0 0.1660504342280148
106.0 70.0 0.18771694702479802
106.0 72.0 0.19757208801718795
106.0 74.0 0.15646332157644474
106.0 76.0 0.05093416113437107
106.0 78.0 0.0
106.0 80.0 0.0
106.0 82.0 0.0
106.0 84.0 0.0
106.0 86.0 0.0
106.0 88.0 0.0
106.0 90.0 0.0
106.0 92.0 0.0
106.0 94.0 0.0
106.0 96.0 0.0
106.0 98.0 0.0
106.0 100.0 0.0
106.0 102.0 0.0
106.0 104.0 0.0
106.0 106.0 0.0
106.0 108.0 0.0
106.0 110.0 0.0
106.0 112.0 0.0
106.0 114.0 0.0
106.0 116.0 0.0
106.0 118.0 0.0
106.0 120.0 0.0
106.0 122.0 0.0
106.0 124.0 0.0
106.0 126.0 0.0
108.0 0.0 0.0
108.0 2.0 0.0
108.0 4.0 0.0
108.0 6.0 0.0
108.0 8.0 0.0
108.0 10.0 0.0
108.0 12.0 0.0
108.0 14.0 0.0
108.0 16.0 0.0
108.0 18.0 0.0
108.0 20.0 0.18207004850958286
108.0 22.0 0.3050485035648875
108.0 24.0 0.460963620815173
108.0 26.0 0.5738283901436468
108.0 28.0 0.580630235892544
108.0 30.0 0.5736762676070397
108.0 32.0 0.5741216448422692
108.0 34.0 0.5316230107955064
108.0 36.0 0.4211354105860556
108.0 38.0 0.18771141191279314
108.0 40.0 0.0
108.0 42.0 0.0
108.0 44.0 0.0
108.0 46.0 0.0
108.0 48.0 0.0
108.0 50.0 0.0
108.0 52.0 0.0
108.0 54.0 0.0
108.0 56.0 0.0
108.0 58.0 0.0
108.0 60.0 0.014258341458178392
108.0 62.0 0.057217440602692175
108.0 64.0 0.12385240744458492
108.0 66.0 0.18162425726334427
108.0 68.0 0.19598141714146844
108.0 70.0 0.18630774645039835
108.0 72.0 0.17663200138997817
108.0 74.0 0.14431410946347306
108.0 76.0 0.0322801968203718
108.0 78.0 0.0
108.0 80.0 0.0
108.0 82.0 0.0
108.0 84.0 0.0
108.0 86.0 0.0
108.0 88.0 0.0
108.0 90.0 0.0
108.0 92.0 0.0
108.0 94.0 0.0
108.0 96.0 0.0
108.0 98.0 0.0
108.0 100.0 0.0
108.0 102.0 0.008531620511233401
108.0 104.0 0.06033295036120231
108.0 106.0 0.11017281281385687
108.0 108.0 0.1355608285856211
108.0 110.0 0.0
108.0 112.0 0.0
108.0 114.0 0.0
108.0 116.0 0.0
108.0 118.0 0.0
108.0 120.0 0.0
108.0 122.0 0.0
108.0 124.0 0.0
108.0 126.0 0.0
110.0 0.0 0.0
110.0 2.0 0.0
110.0 4.0 0.0
110.0 6.0 0.0
110.0 8.0 0.0
110.0 10.0 0.0
110.0 12.0 0.0
110.0 14.0 0.0
110.0 16.0 0.0
110.0 18.0 0.0
110.0 20.0 0.0
110.0 22.0 0.4490891316234884
110.0 24.0 0.47127091057733667
110.0 26.0 0.5196336900912336
110.0 28.0 0.5680988705825465
110.0 30.0 0.5823631829318043
110.0 32.0 0.5680831454842113
110.0 34.0 0.4824156931110797
110.0 36.0 0.3875003087410898
110.0 38.0 0.11815355672828559
110.0 40.0 0.0
110.0 42.0 0.0
110.0 44.0 0.0
110.0 46.0 0.0
110.0 48.0 0.0
110.0 50.0 0.0
110.0 52.0 0.0
110.0 54.0 0.0
110.0 56.0 0.0
110.0 58.0 0.003503546735918569
110.0 60.0 0.04982474294642178
110.0 62.0 0.11833523132383232
110.0 64.0 0.17723868416232938
110.0 66.0 0.2248542396831721
110.0 68.0 0.21222579009896644
110.0 70.0 0.19795474468746213
110.0 72.0 0.17905688090679717
110.0 74.0 0.13334487902259018
110.0 76.0 0.024232761844319124
110.0 78.0 0.0
110.0 80.0 0.0
110.0 82.0 0.0
110.0 84.0 0.0
110.0 86.0 0.0
110.0 88.0 0.0
110.0 90.0 0.0
110.0 92.0 0.0
110.0 94.0 0.0
110.0 96.0 0.0
110.0 98.0 0.013302149243593906
110.0 100.0 0.06457348175355805
110.0 102.0 0.14039260808159623
110.0 104.0 0.20435246707642482
110.0 106.0 0.2668566482337219
110.0 108.0 0.0
110.0 110.0 0.0
110.0 112.0 0.0
110.0 114.0 0.0
110.0 116.0 0.0
110.0 118.0 0.0
110.0 120.0 0.0
110.0 122.0 0.0
110.0 124.0 0.0
110.0 126.0 0.0
112.0 0.0 0.0
112.0 2.0 0.0
112.0 4.0 0.0
112.0 6.0 0.0
112.0 8.0 0.0
112.0 10.0 0.0
112.0 12.0 0.0
112.0 14.0 0.0
112.0 16.0 0.0
112.0 18.0 0.0
112.0 20.0 0.0
112.0 22.0 0.0
112.0 24.0 0.5513858680147001
112.0 26.0 0.5118942400138512
112.0 28.0 0.5160692376106522
112.0 30.0 0.5159759389094659
112.0 32.0 0.48208702231498063
112.0 34.0 0.3938435669597944
112.0 36.0 0.24614734613730416
112.0 38.0 0.04054499357843404
112.0 40.0 0.0
112.0 42.0 0.0
112.0 44.0 0.0
112.0 46.0 0.0
112.0 48.0 0.0
112.0 50.0 0.0
112.0 52.0 0.0
112.0 54.0 0.0
112.0 56.0 0.0
112.0 58.0 0.01702513926698287
112.0 60.0 0.08822622409840014
112.0 62.0 0.16203746380729103
112.0 64.0 0.22812148866795376
112.0 66.0 0.28270559944603746
112.0 68.0 0.28942119761207336
112.0 70.0 0.21558259703330382
112.0 72.0 0.18384838145615037
112.0 74.0 0.13107067909039477
112.0 76.0 0.02195606969218029
112.0 78.0 0.0
112.0 80.0 0.0
112.0 82.0 0.0
112.0 84.0 0.0
112.0 86.0 0.0
112.0 88.0 0.0
112.0 90.0 0.0
112.0 92.0 0.0
112.0 94.0 0.0
112.0 96.0 0.004805140192214668
112.0 98.0 0.05350259827512302
112.0 100.0 0.17086339450567667
112.0 102.0 0.2519975815200403
112.0 104.0 0.28246808286221314
112.0 106.0 0.0
112.0 108.0 0.0
112.0 110.0 0.0
112.0 112.0 0.0
112.0 114.0 0.0
112.0 116.0 0.0
112.0 118.0 0.0
112.0 120.0 0.0
112.0 122.0 0.0
112.0 124.0 0.0
112.0 126.0 0.0
114.0 0.0 0.0
114.0 2.0 0.0
114.0 4.0 0.0
114.0 6.0 0.0
114.0 8.0 0.0
114.0 10.0 0.0
114.0 12.0 0.0
114.0 14.0 0.0
114.0 16.0 0.0
114.0 18.0 0.0
114.0 20.0 0.0
114.0 22.0 0.0
114.0 24.0 0.0
114.0 26.0 0.5504005269720712
114.0 28.0 0.49399078320992246
114.0 30.0 0.4416120589611701
114.0 32.0 0.3889842324515256
114.0 34.0 0.29628671409983703
114.0 36.0 0.15714186122384802
114.0 38.0 0.001630075466994338
114.0 40.0 0.0
114.0 42.0 0.0
114.0 44.0 0.0
114.0 46.0 0.0
114.0 48.0 0.0
114.0 50.0 0.0
114.0 52.0 0.0
114.0 54.0 0.0
114.0 56.0 0.0
114.0 58.0 0.005986858722071996
114.0 60.0 0.06494096823699459
114.0 62.0 0.1576167591753733
114.0 64.0 0.2572770816853021
114.0 66.0 0.3253284901887158
114.0 68.0 0.3328382205275304
114.0 70.0 0.2929964601145835
114.0 72.0 0.1815340691334694
114.0 74.0 0.12524181331306178
114.0 76.0 0.0285800885150253
114.0 78.0 0.0
114.0 80.0 0.0
114.0 82.0 0.0
114.0 84.0 0.0
114.0 86.0 0.0
114.0 88.0 0.0
114.0 90.0 0.0
114.0 92.0 0.0
114.0 94.0 0.0
114.0 96.0 0.008219913728136933
114.0 98.0 0.09079722067390737
114.0 100.0 0.22925019496122975
114.0 102.0 0.0
114.0 104.0 0.0
114.0 106.0 0.0
114.0 108.0 0.0
114.0 110.0 0.0
114.0 112.0 0.0
114.0 114.0 0.0
114.0 116.0 0.0
114.0 118.0 0.0
114.0 120.0 0.0
114.0 122.0 0.0
114.0 124.0 0.0
114.0 126.0 0.0
116.0 0.0 0.0
116.0 2.0 0.0
116.0 4.0 0.0
116.0 6.0 0.0
116.0 8.0 0.0
116.0 10.0 0.0
116.0 12.0 0.0
116.0 14.0 0.0
116.0 16.0 0.0
116.0 18.0 0.0
116.0 20.0 0.0
116.0 22.0 0.0
116.0 24.0 0.0
116.0 26.0 0.0
116.0 28.0 0.5245109895521372
116.0 30.0 0.47911141334860274
116.0 32.0 0.378568880206622
116.0 34.0 0.27664176045400485
116.0 36.0 0.1520239477153244
116.0 38.0 0.0036218981441600087
116.0 40.0 0.0
116.0 42.0 0.0
116.0 44.0 0.0
116.0 46.0 0.0
116.0 48.0 0.0
116.0 50.0 0.0
116.0 52.0 0.0
116.0 54.0 0.0
116.0 56.0 0.0
116.0 58.0 0.014184724606692208
116.0 60.0 0.09369028064600142
116.0 62.0 0.16948155640934806
116.0 64.0 0.23914342541345757
116.0 66.0 0.34528453350361965
116.0 68.0 0.3612936549351367
116.0 70.0 0.32753416334699975
116.0 72.0 0.2119923456650251
116.0 74.0 0.11368578925768032
116.0 76.0 0.019315749301602906
116.0 78.0 0.0
116.0 80.0 0.0
116.0 82.0 0.0
116.0 84.0 0.0
116.0 86.0 0.0
116.0 88.0 0.0
116.0 90.0 0.0
116.0 92.0 0.0
116.0 94.0 0.0
116.0 96.0 0.01157249915555694
116.0 98.0 0.12241895522894686
116.0 100.0 0.0
116.0 102.0 0.0
116.0 104.0 0.0
116.0 106.0 0.0
116.0 108.0 0.0
116.0 110.0 0.0
116.0 112.0 0.0
116.0 114.0 0.0
116.0 116.0 0.0
116.0 118.0 0.0
116.0 120.0 0.0
116.0 122.0 0.0
116.0 124.0 0.0
116.0 126.0 0.0
118.0 0.0 0.0
118.0 2.0 0.0
118.0 4.0 0.0
118.0 6.0 0.0
118.0 8.0 0.0
118.0 10.0 0.0
118.0 12.0 0.0
118.0 14.0 0.0
118.0 16.0 0.0
118.0 18.0 0.0
118.0 20.0 0.0
118.0 22.0 0.0
118.0 24.0 0.0
118.0 26.0 0.0
118.0 28.0 0.0
118.0 30.0 0.0
118.0 32.0 0.4236435946463686
118.0 34.0 0.3765446259377345
118.0 36.0 0.23327895813295232
118.0 38.0 0.04652423923837231
118.0 40.0 0.0019539981787326673
118.0 42.0 0.0
118.0 44.0 0.0
118.0 46.0 0.0
118.0 48.0 0.0
118.0 50.0 0.0
118.0 52.0 0.0
118.0 54.0 0.0
118.0 56.0 2.9624797929409473E-4
118.0 58.0 0.02343961542150415
118.0 60.0 0.1132169155418805
118.0 62.0 0.19865097271923493
118.0 64.0 0.26040166282414173
118.0 66.0 0.3164394875705995
118.0 68.0 0.3910302928107994
118.0 70.0 0.3514512231414273
118.0 72.0 0.2302726001965015
118.0 74.0 0.126206836514541
118.0 76.0 0.013675582344908782
118.0 78.0 0.0
118.0 80.0 0.0
118.0 82.0 0.0
118.0 84.0 0.0
118.0 86.0 0.0
118.0 88.0 0.0
118.0 90.0 0.0
118.0 92.0 0.0
118.0 94.0 0.0
118.0 96.0 0.012647785687159144
118.0 98.0 0.0
118.0 100.0 0.0
118.0 102.0 0.0
118.0 104.0 0.0
118.0 106.0 0.0
118.0 108.0 0.0
118.0 110.0 0.0
118.0 112.0 0.0
118.0 114.0 0.0
118.0 116.0 0.0
118.0 118.0 0.0
118.0 120.0 0.0
118.0 122.0 0.0
118.0 124.0 0.0
118.0 126.0 0.0
120.0 0.0 0.0
120.0 2.0 0.0
120.0 4.0 0.0
120.0 6.0 0.0
120.0 8.0 0.0
120.0 10.0 0.0
120.0 12.0 0.0
120.0 14.0 0.0
120.0 16.0 0.0
120.0 18.0 0.0
120.0 20.0 0.0
120.0 22.0 0.0
120.0 24.0 0.0
120.0 26.0 0.0
120.0 28.0 0.0
120.0 30.0 0.0
120.0 32.0 0.0
120.0 34.0 0.0
120.0 36.0 0.18417828087907961
120.0 38.0 0.07998877942439751
120.0 40.0 0.004780687486101131
120.0 42.0 0.0
120.0 44.0 0.0
120.0 46.0 0.0
120.0 48.0 0.0
120.0 50.0 0.0
120.0 52.0 0.0
120.0 54.0 0.0
120.0 56.0 0.0020365026314458265
120.0 58.0 0.03057124258259014
120.0 60.0 0.1260345202222406
120.0 62.0 0.22040106116723082
120.0 64.0 0.2830404920731689
120.0 66.0 0.32738406793411695
120.0 68.0 0.37485567825274907
120.0 70.0 0.3511375628313109
120.0 72.0 0.25758250767178764
120.0 74.0 0.14404612735972175
120.0 76.0 0.01744271517308799
120.0 78.0 0.0
120.0 80.0 0.0
120.0 82.0 0.0
120.0 84.0 0.0
120.0 86.0 0.0
120.0 88.0 0.0
120.0 90.0 0.0
120.0 92.0 0.0
120.0 94.0 0.0
120.0 96.0 0.0
120.0 98.0 0.0
120.0 100.0 0.0
120.0 102.0 0.0
120.0 104.0 0.0
120.0 106.0 0.0
120.0 108.0 0.0
120.0 110.0 0.0
120.0 112.0 0.0
120.0 114.0 0.0
120.0 116.0 0.0
120.0 118.0 0.0
120.0 120.0 0.0
120.0 122.0 0.0
120.0 124.0 0.0
120.0 126.0 0.0
122.0 0.0 0.0
122.0 2.0 0.0
122.0 4.0 0.0
122.0 6.0 0.0
122.0 8.0 0.0
122.0 10.0 0.0
122.0 12.0 0.0
122.0 14.0 0.0
122.0 16.0 0.0
122.0 18.0 0.0
122.0 20.0 0.0
122.0 22.0 0.0
122.0 24.0 0.0
122.0 26.0 0.0
122.0 28.0 0.0
122.0 30.0 0.0
122.0 32.0 0.0
122.0 34.0 0.0
122.0 36.0 0.0
122.0 38.0 0.0
122.0 40.0 0.0
122.0 42.0 0.0
122.0 44.0 0.0
122.0 46.0 0.0
122.0 48.0 0.0
122.0 50.0 0.0
122.0 52.0 0.0
122.0 54.0 0.0
122.0 56.0 0.00291699515368566
122.0 58.0 0.034448982123730064
122.0 60.0 0.13538146952456848
122.0 62.0 0.23827112428583352
122.0 64.0 0.30876026267519646
122.0 66.0 0.3522858807505537
122.0 68.0 0.3702910699185436
122.0 70.0 0.3470221825601962
122.0 72.0 0.27311693184918384
122.0 74.0 0.161202951972281
122.0 76.0 0.029410378485109728
122.0 78.0 0.0
122.0 80.0 0.0
122.0 82.0 0.0
122.0 84.0 0.0
122.0 86.0 0.0
122.0 88.0 0.0
122.0 90.0 0.0
122.0 92.0 0.0
122.0 94.0 0.0
122.0 96.0 0.0
122.0 98.0 0.0
122.0 100.0 0.0
122.0 102.0 0.0
122.0 104.0 0.0
122.0 106.0 0.0
122.0 108.0 0.0
122.0 110.0 0.0
122.0 112.0 0.0
122.0 114.0 0.0
122.0 116.0 0.0
122.0 118.0 0.0
122.0 120.0 0.0
122.0 122.0 0.0
122.0 124.0 0.0
122.0 126.0 0.0
124.0 0.0 0.0
124.0 2.0 0.0
124.0 4.0 0.0
124.0 6.0 0.0
124.0 8.0 0.0
124.0 10.0 0.0
124.0 12.0 0.0
124.0 14.0 0.0
124.0 16.0 0.0
124.0 18.0 0.0
124.0 20.0 0.0
124.0 22.0 0.0
124.0 24.0 0.0
124.0 26.0 0.0
124.0 28.0 0.0
124.0 30.0 0.0
124.0 32.0 0.0
124.0 34.0 0.0
124.0 36.0 0.0
124.0 38.0 0.0
124.0 40.0 0.0
124.0 42.0 0.0
124.0 44.0 0.0
124.0 46.0 0.0
124.0 48.0 0.0
124.0 50.0 0.0
124.0 52.0 0.0
124.0 54.0 0.0
124.0 56.0 8.163998009258251E-4
124.0 58.0 0.019740624609286942
124.0 60.0 0.12419805441492794
124.0 62.0 0.23368980488693372
124.0 64.0 0.31296381874601403
124.0 66.0 0.36123917838713004
124.0 68.0 0.3801553889013813
124.0 70.0 0.3611558304923788
124.0 72.0 0.29204279889843204
124.0 74.0 0.17876102879867187
124.0 76.0 0.03969910096643484
124.0 78.0 0.0
124.0 80.0 0.0
124.0 82.0 0.0
124.0 84.0 0.0
124.0 86.0 0.0
124.0 88.0 0.0
124.0 90.0 0.0
124.0 92.0 0.0
124.0 94.0 0.0
124.0 96.0 0.0
124.0 98.0 0.0
124.0 100.0 0.0
124.0 102.0 0.0
124.0 104.0 0.0
124.0 106.0 0.0
124.0 108.0 0.0
124.0 110.0 0.0
124.0 112.0 0.0
124.0 114.0 0.0
124.0 116.0 0.0
124.0 118.0 0.0
124.0 120.0 0.0
124.0 122.0 0.0
124.0 124.0 0.0
124.0 126.0 0.0
126.0 0.0 0.0
126.0 2.0 0.0
126.0 4.0 0.0
126.0 6.0 0.0
126.0 8.0 0.0
126.0 10.0 0.0
126.0 12.0 0.0
126.0 14.0 0.0
126.0 16.0 0.0
126.0 18.0 0.0
126.0 20.0 0.0
126.0 22.0 0.0
126.0 24.0 0.0
126.0 26.0 0.0
126.0 28.0 0.0
126.0 30.0 0.0
126.0 32.0 0.0
126.0 34.0 0.0
126.0 36.0 0.0
126.0 38.0 0.0
126.0 40.0 0.0
126.0 42.0 0.0
126.0 44.0 0.0
126.0 46.0 0.0
126.0 48.0 0.0
126.0 50.0 0.0
126.0 52.0 0.0
126.0 54.0 0.0
126.0 56.0 0.0
126.0 58.0 0.0
126.0 60.0 0.0
126.0 62.0 0.008816476466401347
126.0 64.0 0.17727346501371843
126.0 66.0 0.32115071587796146
126.0 68.0 0.396962099251371
126.0 70.0 0.3868394154560441
126.0 72.0 0.31766501752041304
126.0 74.0 0.17871543324172212
126.0 76.0 0.0
126.0 78.0 0.0
126.0 80.0 0.0
126.0 82.0 0.0
126.0 84.0 0.0
126.0 86.0 0.0
126.0 88.0 0.0
126.0 90.0 0.0
126.0 92.0 0.0
126.0 94.0 0.0
126.0 96.0 0.0
126.0 98.0 0.0
126.0 100.0 0.0
126.0 102.0 0.0
126.0 104.0 0.0
126.0 106.0 0.0
126.0 108.0 0.0
126.0 110.0 0.0
126.0 112.0 0.0
126.0 114.0 0.0
126.0 116.0 0.0
126.0 118.0 0.0
126.0 120.0 0.0
126.0 122.0 0.0
126.0 124.0 0.0
126.0 126.0 0.0
