0.0 0.0 0.0
0.0 2.0 0.0
0.0 4.0 0.0
0.0 6.0 0.0
0.0 8.0 0.0
0.0 10.0 0.0
0.0 12.0 0.0
0.0 14.0 0.0
0.0 16.0 0.0
0.0 18.0 0.0
0.0 20.0 0.0
0.0 22.0 0.0
0.0 24.0 0.0
0.0 26.0 0.0
0.0 28.0 0.0
0.0 30.0 0.0
0.0 32.0 0.0
0.0 34.0 0.0
0.0 36.0 0.0
0.0 38.0 0.0
0.0 40.0 0.0
0.0 42.0 0.0
0.0 44.0 0.0
0.0 46.0 0.0
0.0 48.0 0.0
0.0 50.0 0.0
0.0 52.0 0.0
0.0 54.0 0.0
0.0 56.0 0.0
0.0 58.0 0.0
0.0 60.0 0.0
0.0 62.0 0.0
0.0 64.0 0.0
0.0 66.0 0.0
0.0 68.0 0.0
0.0 70.0 0.0
0.0 72.0 0.0
0.0 74.0 0.0
0.0 76.0 0.0
0.0 78.0 0.0
0.0 80.0 0.0
0.0 82.0 0.0
0.0 84.0 0.0
0.0 86.0 0.0
0.0 88.0 0.0
0.0 90.0 0.0
0.0 92.0 0.0
0.0 94.0 0.0
0.0 96.0 0.0
0.0 98.0 0.0
0.0 100.0 0.0
0.0 102.0 0.0
0.0 104.0 0.0
0.0 106.0 0.0
0.0 108.0 0.0
0.0 110.0 0.0
0.0 112.0 0.0
0.0 114.0 0.0
0.0 116.0 0.0
0.0 118.0 0.0
0.0 120.0 0.0
0.0 122.0 0.0
0.0 124.0 0.0
0.0 126.0 0.0
2.0 0.0 0.0
2.0 2.0 0.0
2.0 4.0 0.0
2.0 6.0 0.0
2.0 8.0 0.0
2.0 10.0 0.0
2.0 12.0 0.0
2.0 14.0 0.0
2.0 16.0 0.0
2.0 18.0 0.0
2.0 20.0 0.0
2.0 22.0 0.0
2.0 24.0 0.0
2.0 26.0 0.0
2.0 28.0 0.0
2.0 30.0 0.0
2.0 32.0 0.0
2.0 34.0 0.0
2.0 36.0 0.0
2.0 38.0 0.0
2.0 40.0 0.0
2.0 42.0 0.0
2.0 44.0 0.0
2.0 46.0 0.0
2.0 48.0 0.0
2.0 50.0 0.0
2.0 52.0 0.0
2.0 54.0 0.0
2.0 56.0 0.0
2.0 58.0 0.0
2.0 60.0 0.0
2.0 62.0 0.0
2.0 64.0 0.027705524006279042
2.0 66.0 0.14033729947424636
2.0 68.0 0.2818681323580235
2.0 70.0 0.40082799385943474
2.0 72.0 0.48789271642273785
2.0 74.0 0.5161630274590937
2.0 76.0 0.49218640446962053
2.0 78.0 0.416073793127172
2.0 80.0 0.0
2.0 82.0 0.0
2.0 84.0 0.0
2.0 86.0 0.0
2.0 88.0 0.0
2.0 90.0 0.0
2.0 92.0 0.0
2.0 94.0 0.0
2.0 96.0 0.0
2.0 98.0 0.0
2.0 100.0 0.0
2.0 102.0 0.0
2.0 104.0 0.0
2.0 106.0 0.0
2.0 108.0 0.0
2.0 110.0 0.0
2.0 112.0 0.0
2.0 114.0 0.0
2.0 116.0 0.0
2.0 118.0 0.0
2.0 120.0 0.0
2.0 122.0 0.0
2.0 124.0 0.0
2.0 126.0 0.0
4.0 0.0 0.0
4.0 2.0 0.0
4.0 4.0 0.0
4.0 6.0 0.0
4.0 8.0 0.0
4.0 10.0 0.0
4.0 12.0 0.0
4.0 14.0 0.0
4.0 16.0 0.0
4.0 18.0 0.0
4.0 20.0 0.0
4.0 22.0 0.0
4.0 24.0 0.0
4.0 26.0 0.0
4.0 28.0 0.0
4.0 30.0 0.0
4.0 32.0 0.0
4.0 34.0 0.0
4.0 36.0 0.0
4.0 38.0 0.0
4.0 40.0 0.0
4.0 42.0 0.2002305166450579
4.0 44.0 0.01656051340763313
4.0 46.0 0.0
4.0 48.0 0.0
4.0 50.0 0.0
4.0 52.0 0.0
4.0 54.0 0.0
4.0 56.0 0.0
4.0 58.0 0.0
4.0 60.0 0.0
4.0 62.0 0.0
4.0 64.0 0.01516788468775899
4.0 66.0 0.10286013297448109
4.0 68.0 0.23240179076401482
4.0 70.0 0.36903025443137455
4.0 72.0 0.47586130951618527
4.0 74.0 0.5057907109303251
4.0 76.0 0.4829549887302538
4.0 78.0 0.40631634591128846
4.0 80.0 0.2730985004705246
4.0 82.0 0.12640462600823096
4.0 84.0 0.029820417476944926
4.0 86.0 0.0
4.0 88.0 0.0
4.0 90.0 0.0
4.0 92.0 0.0
4.0 94.0 0.0
4.0 96.0 0.0
4.0 98.0 0.0
4.0 100.0 0.0
4.0 102.0 0.0
4.0 104.0 0.0
4.0 106.0 0.0
4.0 108.0 0.0
4.0 110.0 0.0
4.0 112.0 0.0
4.0 114.0 0.0
4.0 116.0 0.0
4.0 118.0 0.0
4.0 120.0 0.0
4.0 122.0 0.0
4.0 124.0 0.0
4.0 126.0 0.0
6.0 0.0 0.0
6.0 2.0 0.0
6.0 4.0 0.0
6.0 6.0 0.0
6.0 8.0 0.0
6.0 10.0 0.0
6.0 12.0 0.0
6.0 14.0 0.0
6.0 16.0 0.0
6.0 18.0 0.0
6.0 20.0 0.0
6.0 22.0 0.0
6.0 24.0 0.0
6.0 26.0 0.0
6.0 28.0 0.0
6.0 30.0 0.0
6.0 32.0 0.0
6.0 34.0 0.0
6.0 36.0 0.0
6.0 38.0 0.0
6.0 40.0 0.0067478621734526935
6.0 42.0 0.025934776641774238
6.0 44.0 0.01406822835256681
6.0 46.0 0.0
6.0 48.0 0.0
6.0 50.0 0.0
6.0 52.0 0.0
6.0 54.0 0.0
6.0 56.0 0.0
6.0 58.0 0.0
6.0 60.0 0.0
6.0 62.0 0.0
6.0 64.0 0.005388590936845579
6.0 66.0 0.08610395358467156
6.0 68.0 0.2119982180090275
6.0 70.0 0.3591783674741023
6.0 72.0 0.4687853007450264
6.0 74.0 0.5024237229245859
6.0 76.0 0.4805002110536225
6.0 78.0 0.40259854244221444
6.0 80.0 0.26466609809842506
6.0 82.0 0.1142868266622754
6.0 84.0 0.026085520088704284
6.0 86.0 0.0
6.0 88.0 0.0
6.0 90.0 0.0
6.0 92.0 0.0
6.0 94.0 0.0
6.0 96.0 0.0
6.0 98.0 0.0
6.0 100.0 0.0
6.0 102.0 0.0
6.0 104.0 0.0
6.0 106.0 0.0
6.0 108.0 0.0
6.0 110.0 0.0
6.0 112.0 0.0
6.0 114.0 0.0
6.0 116.0 0.0
6.0 118.0 0.0
6.0 120.0 0.0
6.0 122.0 0.0
6.0 124.0 0.0
6.0 126.0 0.0
8.0 0.0 0.0
8.0 2.0 0.0
8.0 4.0 0.0
8.0 6.0 0.0
8.0 8.0 0.0
8.0 10.0 0.0
8.0 12.0 0.0
8.0 14.0 0.0
8.0 16.0 0.0
8.0 18.0 0.0
8.0 20.0 0.0
8.0 22.0 0.0
8.0 24.0 0.0
8.0 26.0 0.0
8.0 28.0 0.0
8.0 30.0 0.0
8.0 32.0 0.0
8.0 34.0 0.0
8.0 36.0 0.20594051216326273
8.0 38.0 0.3183125517946804
8.0 40.0 0.2890996125915677
8.0 42.0 0.19652868550477007
8.0 44.0 0.07979397367088166
8.0 46.0 0.011943623381578622
8.0 48.0 0.0
8.0 50.0 0.0
8.0 52.0 0.0
8.0 54.0 0.0
8.0 56.0 0.0
8.0 58.0 0.0
8.0 60.0 0.0
8.0 62.0 0.0
8.0 64.0 0.0
8.0 66.0 0.07061707971211657
8.0 68.0 0.20494342427251458
8.0 70.0 0.35693784557552477
8.0 72.0 0.4474586746328171
8.0 74.0 0.49644334620676167
8.0 76.0 0.4788292247586498
8.0 78.0 0.3980230727145429
8.0 80.0 0.25166605117963453
8.0 82.0 0.09892219300186345
8.0 84.0 0.019074240566243284
8.0 86.0 0.0
8.0 88.0 0.0
8.0 90.0 0.0
8.0 92.0 0.0
8.0 94.0 0.0
8.0 96.0 0.0
8.0 98.0 0.0
8.0 100.0 0.0
8.0 102.0 0.0
8.0 104.0 0.0
8.0 106.0 0.0
8.0 108.0 0.0
8.0 110.0 0.0
8.0 112.0 0.0
8.0 114.0 0.0
8.0 116.0 0.0
8.0 118.0 0.0
8.0 120.0 0.0
8.0 122.0 0.0
8.0 124.0 0.0
8.0 126.0 0.0
10.0 0.0 0.0
10.0 2.0 0.0
10.0 4.0 0.0
10.0 6.0 0.0
10.0 8.0 0.0
10.0 10.0 0.0
10.0 12.0 0.0
10.0 14.0 0.0
10.0 16.0 0.0
10.0 18.0 0.0
10.0 20.0 0.0
10.0 22.0 0.0
10.0 24.0 0.0
10.0 26.0 0.0
10.0 28.0 0.0
10.0 30.0 0.0
10.0 32.0 0.2438391922516002
10.0 34.0 0.4418332423897154
10.0 36.0 0.47244363609782253
10.0 38.0 0.47166477652724276
10.0 40.0 0.42188263974377405
10.0 42.0 0.28491558019245716
10.0 44.0 0.1081398380422201
10.0 46.0 0.0205016828997809
10.0 48.0 0.0
10.0 50.0 0.0
10.0 52.0 0.0
10.0 54.0 0.0
10.0 56.0 0.0
10.0 58.0 0.0
10.0 60.0 0.0
10.0 62.0 0.0
10.0 64.0 0.0
10.0 66.0 0.06462908204730257
10.0 68.0 0.193012081606897
10.0 70.0 0.33637639699252375
10.0 72.0 0.41999521925608513
10.0 74.0 0.4836705412996493
10.0 76.0 0.47169308176793706
10.0 78.0 0.38714407286494895
10.0 80.0 0.2288069307403122
10.0 82.0 0.0850463885037549
10.0 84.0 0.013377905442357651
10.0 86.0 0.0
10.0 88.0 0.0
10.0 90.0 0.0
10.0 92.0 0.0
10.0 94.0 0.0
10.0 96.0 0.0
10.0 98.0 0.0
10.0 100.0 0.0
10.0 102.0 0.0
10.0 104.0 0.0
10.0 106.0 0.0
10.0 108.0 0.0
10.0 110.0 0.0
10.0 112.0 0.0
10.0 114.0 0.0
10.0 116.0 0.0
10.0 118.0 0.0
10.0 120.0 0.0
10.0 122.0 0.0
10.0 124.0 0.0
10.0 126.0 0.0
12.0 0.0 0.0
12.0 2.0 0.0
12.0 4.0 0.0
12.0 6.0 0.0
12.0 8.0 0.0
12.0 10.0 0.0
12.0 12.0 0.0
12.0 14.0 0.0
12.0 16.0 0.0
12.0 18.0 0.0
12.0 20.0 0.0
12.0 22.0 0.0
12.0 24.0 0.0
12.0 26.0 0.0
12.0 28.0 0.0
12.0 30.0 0.19699192381075448
12.0 32.0 0.43963327604385655
12.0 34.0 0.5101617069145327
12.0 36.0 0.5365653245049725
12.0 38.0 0.5363312456932247
12.0 40.0 0.4663854625164027
12.0 42.0 0.28171118765654307
12.0 44.0 0.1065827755764539
12.0 46.0 0.023223072129587404
12.0 48.0 0.0
12.0 50.0 0.0
12.0 52.0 0.0
12.0 54.0 0.0
12.0 56.0 0.0
12.0 58.0 0.0
12.0 60.0 0.0
12.0 62.0 0.0
12.0 64.0 0.0
12.0 66.0 0.04938491757162774
12.0 68.0 0.16802278871178802
12.0 70.0 0.3052373818775969
12.0 72.0 0.39363952744305636
12.0 74.0 0.4515455743045674
12.0 76.0 0.43960214884550447
12.0 78.0 0.3611557946518405
12.0 80.0 0.21247407783816089
12.0 82.0 0.06752456745613546
12.0 84.0 0.008602397545382319
12.0 86.0 0.0
12.0 88.0 0.0
12.0 90.0 0.0
12.0 92.0 0.0
12.0 94.0 0.0
12.0 96.0 0.0
12.0 98.0 0.0
12.0 100.0 0.0
12.0 102.0 0.0
12.0 104.0 0.0
12.0 106.0 0.0
12.0 108.0 0.0
12.0 110.0 0.0
12.0 112.0 0.0
12.0 114.0 0.0
12.0 116.0 0.0
12.0 118.0 0.0
12.0 120.0 0.0
12.0 122.0 0.0
12.0 124.0 0.0
12.0 126.0 0.0
14.0 0.0 0.0
14.0 2.0 0.0
14.0 4.0 0.0
14.0 6.0 0.0
14.0 8.0 0.0
14.0 10.0 0.0
14.0 12.0 0.0
14.0 14.0 0.0
14.0 16.0 0.0
14.0 18.0 0.0
14.0 20.0 0.0
14.0 22.0 0.0
14.0 24.0 0.0
14.0 26.0 0.11200750366750677
14.0 28.0 0.2869869097804952
14.0 30.0 0.43413758171478056
14.0 32.0 0.5425795892720583
14.0 34.0 0.5929042661094667
14.0 36.0 0.6124166937057751
14.0 38.0 0.5773721177076784
14.0 40.0 0.47574265985298525
14.0 42.0 0.2757768577152297
14.0 44.0 0.10820578697491856
14.0 46.0 0.018330161061932932
14.0 48.0 0.0
14.0 50.0 0.0
14.0 52.0 0.0
14.0 54.0 0.0
14.0 56.0 0.0
14.0 58.0 0.0
14.0 60.0 0.0
14.0 62.0 0.0
14.0 64.0 0.0
14.0 66.0 0.03572055183967658
14.0 68.0 0.12693159426886447
14.0 70.0 0.25214540087746956
14.0 72.0 0.3514637538169243
14.0 74.0 0.40964053550103535
14.0 76.0 0.403219352376134
14.0 78.0 0.3300377726152553
14.0 80.0 0.19403738738134377
14.0 82.0 0.053306239368190476
14.0 84.0 0.004903337592435071
14.0 86.0 0.0
14.0 88.0 0.0
14.0 90.0 0.0
14.0 92.0 0.0
14.0 94.0 0.0
14.0 96.0 0.0
14.0 98.0 0.0
14.0 100.0 0.0
14.0 102.0 0.0
14.0 104.0 0.0
14.0 106.0 0.0
14.0 108.0 0.0
14.0 110.0 0.0
14.0 112.0 0.0
14.0 114.0 0.0
14.0 116.0 0.0
14.0 118.0 0.0
14.0 120.0 0.0
14.0 122.0 0.0
14.0 124.0 0.0
14.0 126.0 0.0
16.0 0.0 0.0
16.0 2.0 0.0
16.0 4.0 0.0
16.0 6.0 0.0
16.0 8.0 0.0
16.0 10.0 0.0
16.0 12.0 0.0
16.0 14.0 0.0
16.0 16.0 0.0
16.0 18.0 0.0
16.0 20.0 0.0
16.0 22.0 0.008234445599844696
16.0 24.0 0.1118937482492458
16.0 26.0 0.1933499080568162
16.0 28.0 0.30191578407969716
16.0 30.0 0.4566863437358193
16.0 32.0 0.606107053090035
16.0 34.0 0.6026817788348069
16.0 36.0 0.5985125300872612
16.0 38.0 0.5550345427053113
16.0 40.0 0.4181486020320861
16.0 42.0 0.26070176091710856
16.0 44.0 0.107958785998283
16.0 46.0 0.02689989735258065
16.0 48.0 0.0
16.0 50.0 0.0
16.0 52.0 0.0
16.0 54.0 0.0
16.0 56.0 0.0
16.0 58.0 0.0
16.0 60.0 0.0
16.0 62.0 0.0
16.0 64.0 0.0
16.0 66.0 0.022248458212464326
16.0 68.0 0.09984565179470961
16.0 70.0 0.20731932825057575
16.0 72.0 0.3073149984523485
16.0 74.0 0.35602955170612177
16.0 76.0 0.3564742470345536
16.0 78.0 0.29708958599432406
16.0 80.0 0.18373365614786966
16.0 82.0 0.053030412902965396
16.0 84.0 0.0
16.0 86.0 0.0
16.0 88.0 0.0
16.0 90.0 0.0
16.0 92.0 0.0
16.0 94.0 0.0
16.0 96.0 0.0
16.0 98.0 0.0
16.0 100.0 0.0
16.0 102.0 0.0
16.0 104.0 0.0
16.0 106.0 0.0
16.0 108.0 0.0
16.0 110.0 0.0
16.0 112.0 0.0
16.0 114.0 0.0
16.0 116.0 0.0
16.0 118.0 0.0
16.0 120.0 0.0
16.0 122.0 0.0
16.0 124.0 0.0
16.0 126.0 0.0
18.0 0.0 0.0
18.0 2.0 0.0
18.0 4.0 0.0
18.0 6.0 0.0
18.0 8.0 0.0
18.0 10.0 0.0
18.0 12.0 0.0
18.0 14.0 0.0
18.0 16.0 0.0
18.0 18.0 0.0
18.0 20.0 0.08856361835711139
18.0 22.0 0.10950205243917711
18.0 24.0 0.10655188312638315
18.0 26.0 0.15379986175995994
18.0 28.0 0.2822359903397128
18.0 30.0 0.4543490878762948
18.0 32.0 0.566210421049613
18.0 34.0 0.5509826608005693
18.0 36.0 0.5188532877694843
18.0 38.0 0.48799810722853354
18.0 40.0 0.3674486502897291
18.0 42.0 0.23712888367354704
18.0 44.0 0.10436602257332349
18.0 46.0 0.018403231285352463
18.0 48.0 0.0
18.0 50.0 0.0
18.0 52.0 0.0
18.0 54.0 0.0
18.0 56.0 0.0
18.0 58.0 0.0
18.0 60.0 0.0
18.0 62.0 0.0
18.0 64.0 0.0
18.0 66.0 0.013870317536662813
18.0 68.0 0.07539240353513037
18.0 70.0 0.16310871725775808
18.0 72.0 0.25670014346469516
18.0 74.0 0.3081699415672522
18.0 76.0 0.31648002195192143
18.0 78.0 0.2688235575197386
18.0 80.0 0.1756088330499834
18.0 82.0 0.054965423835780396
18.0 84.0 8.626303409325758E-4
18.0 86.0 0.0
18.0 88.0 0.0
18.0 90.0 0.0
18.0 92.0 0.0
18.0 94.0 0.0
18.0 96.0 0.0
18.0 98.0 0.0
18.0 100.0 0.0
18.0 102.0 0.0
18.0 104.0 6.340947217159166E-4
18.0 106.0 0.025602960793626603
18.0 108.0 0.0
18.0 110.0 0.0
18.0 112.0 0.0
18.0 114.0 0.0
18.0 116.0 0.0
18.0 118.0 0.0
18.0 120.0 0.0
18.0 122.0 0.0
18.0 124.0 0.0
18.0 126.0 0.0
20.0 0.0 0.0
20.0 2.0 0.0
20.0 4.0 0.0
20.0 6.0 0.0
20.0 8.0 0.0
20.0 10.0 0.0
20.0 12.0 0.0
20.0 14.0 0.0
20.0 16.0 0.0
20.0 18.0 0.15322984154455146
20.0 20.0 0.07347804415868923
20.0 22.0 0.030563272921763873
20.0 24.0 0.03589551050334954
20.0 26.0 0.07837812418882895
20.0 28.0 0.1944204434915209
20.0 30.0 0.3673179093719691
20.0 32.0 0.5150636475810578
20.0 34.0 0.4777173243644179
20.0 36.0 0.4373503765279774
20.0 38.0 0.4234043660217964
20.0 40.0 0.32012073966153537
20.0 42.0 0.21293543345572874
20.0 44.0 0.11169875055245677
20.0 46.0 0.02265726554578847
20.0 48.0 0.0
20.0 50.0 0.0
20.0 52.0 0.0
20.0 54.0 0.0
20.0 56.0 0.0
20.0 58.0 0.0
20.0 60.0 0.0
20.0 62.0 0.0
20.0 64.0 0.0
20.0 66.0 0.009372310283765624
20.0 68.0 0.05559452430856016
20.0 70.0 0.131906039951502
20.0 72.0 0.2100654639546683
20.0 74.0 0.24007950695291244
20.0 76.0 0.24292846583293579
20.0 78.0 0.23108732945347035
20.0 80.0 0.1624805650843371
20.0 82.0 0.06147469162895847
20.0 84.0 0.001785470685430617
20.0 86.0 0.0
20.0 88.0 0.0
20.0 90.0 0.0
20.0 92.0 0.0
20.0 94.0 0.0
20.0 96.0 0.0
20.0 98.0 0.0
20.0 100.0 0.0
20.0 102.0 0.0
20.0 104.0 0.00570245791987154
20.0 106.0 0.04925665324151713
20.0 108.0 0.12382370325476307
20.0 110.0 0.0
20.0 112.0 0.0
20.0 114.0 0.0
20.0 116.0 0.0
20.0 118.0 0.0
20.0 120.0 0.0
20.0 122.0 0.0
20.0 124.0 0.0
20.0 126.0 0.0
22.0 0.0 0.0
22.0 2.0 0.0
22.0 4.0 0.0
22.0 6.0 0.0
22.0 8.0 0.0
22.0 10.0 0.0
22.0 12.0 0.0
22.0 14.0 0.0
22.0 16.0 0.11054041361601445
22.0 18.0 0.0
22.0 20.0 0.0
22.0 22.0 0.0
22.0 24.0 0.0
22.0 26.0 0.009200371954200865
22.0 28.0 0.06665230414572143
22.0 30.0 0.20571296442380926
22.0 32.0 0.36092436537671296
22.0 34.0 0.3888638013636107
22.0 36.0 0.361372578095231
22.0 38.0 0.3244499718876846
22.0 40.0 0.2901071036117564
22.0 42.0 0.20081292197806055
22.0 44.0 0.08184778383503881
22.0 46.0 0.008141983391072818
22.0 48.0 0.0
22.0 50.0 0.0
22.0 52.0 0.0
22.0 54.0 0.0
22.0 56.0 0.0
22.0 58.0 0.0
22.0 60.0 0.0
22.0 62.0 0.0
22.0 64.0 0.0
22.0 66.0 0.009567018411007584
22.0 68.0 0.04573256916976017
22.0 70.0 0.1108146494512962
22.0 72.0 0.1671170382619019
22.0 74.0 0.19817524423827051
22.0 76.0 0.2090213163793138
22.0 78.0 0.1872261899412996
22.0 80.0 0.14075550726806058
22.0 82.0 0.07205556091003247
22.0 84.0 0.0035051104204614123
22.0 86.0 0.0
22.0 88.0 0.0
22.0 90.0 0.0
22.0 92.0 0.0
22.0 94.0 0.0
22.0 96.0 0.0
22.0 98.0 0.0
22.0 100.0 0.0
22.0 102.0 0.0
22.0 104.0 0.01594982316513949
22.0 106.0 0.07265225010427656
22.0 108.0 0.11934836059779291
22.0 110.0 0.1459480273436648
22.0 112.0 0.0
22.0 114.0 0.0
22.0 116.0 0.0
22.0 118.0 0.0
22.0 120.0 0.0
22.0 122.0 0.0
22.0 124.0 0.0
22.0 126.0 0.0
24.0 0.0 0.0
24.0 2.0 0.0
24.0 4.0 0.0
24.0 6.0 0.0
24.0 8.0 0.0
24.0 10.0 0.0
24.0 12.0 0.0
24.0 14.0 0.01634824485904847
24.0 16.0 0.0
24.0 18.0 0.0
24.0 20.0 0.0
24.0 22.0 0.0
24.0 24.0 0.0
24.0 26.0 0.0
24.0 28.0 0.0029176969763958453
24.0 30.0 0.055135014029700107
24.0 32.0 0.15592840578480474
24.0 34.0 0.2481504935531926
24.0 36.0 0.2630099396005405
24.0 38.0 0.24926857234555308
24.0 40.0 0.1950491140554782
24.0 42.0 0.1367807795037423
24.0 44.0 0.06650781871394575
24.0 46.0 0.004131769292281277
24.0 48.0 0.0
24.0 50.0 0.0
24.0 52.0 0.0
24.0 54.0 0.0
24.0 56.0 0.0
24.0 58.0 0.0
24.0 60.0 0.0
24.0 62.0 0.0
24.0 64.0 0.0
24.0 66.0 0.011865168613776442
24.0 68.0 0.039316849642125305
24.0 70.0 0.08740799531717482
24.0 72.0 0.12295457896776611
24.0 74.0 0.1542750340930385
24.0 76.0 0.16222928141304546
24.0 78.0 0.1491242776379871
24.0 80.0 0.11105738765901442
24.0 82.0 0.05987654909533647
24.0 84.0 0.007958210634635745
24.0 86.0 0.0
24.0 88.0 0.0
24.0 90.0 0.0
24.0 92.0 0.0
24.0 94.0 0.0
24.0 96.0 0.0
24.0 98.0 9.239365231796104E-4
24.0 100.0 0.014402354554459512
24.0 102.0 0.03489362635527591
24.0 104.0 0.05319181672367614
24.0 106.0 0.09686332374238454
24.0 108.0 0.11323626778489622
24.0 110.0 0.05921735763178115
24.0 112.0 0.00472162313372253
24.0 114.0 0.0
24.0 116.0 0.0
24.0 118.0 0.0
24.0 120.0 0.0
24.0 122.0 0.0
24.0 124.0 0.0
24.0 126.0 0.0
26.0 0.0 0.0
26.0 2.0 0.0
26.0 4.0 0.0
26.0 6.0 0.0
26.0 8.0 0.0
26.0 10.0 0.0
26.0 12.0 0.0
26.0 14.0 0.0
26.0 16.0 0.0
26.0 18.0 0.0
26.0 20.0 0.0
26.0 22.0 0.0
26.0 24.0 0.0
26.0 26.0 0.0
26.0 28.0 0.0
26.0 30.0 2.6780477472040275E-4
26.0 32.0 0.0299800687717334
26.0 34.0 0.07739179571628242
26.0 36.0 0.11680106382869547
26.0 38.0 0.12800021330607245
26.0 40.0 0.10873665554334282
26.0 42.0 0.07160990864421851
26.0 44.0 0.021208313027180806
26.0 46.0 0.0
26.0 48.0 0.0
26.0 50.0 0.0
26.0 52.0 0.0
26.0 54.0 0.0
26.0 56.0 0.0
26.0 58.0 0.0
26.0 60.0 0.0
26.0 62.0 0.0
26.0 64.0 0.0
26.0 66.0 0.009477462416486329
26.0 68.0 0.03002975569610171
26.0 70.0 0.057422604726295075
26.0 72.0 0.058553651425853004
26.0 74.0 0.062164387696287605
26.0 76.0 0.06941368612439412
26.0 78.0 0.09031437175349212
26.0 80.0 0.07521431588300184
26.0 82.0 0.05131345045725888
26.0 84.0 0.028209882886619634
26.0 86.0 0.01568490484268163
26.0 88.0 0.016830226837722024
26.0 90.0 0.005750592417996466
26.0 92.0 0.00998757746502112
26.0 94.0 0.029164569754247558
26.0 96.0 0.06335984883598807
26.0 98.0 0.10533053833888166
26.0 100.0 0.14201141355405575
26.0 102.0 0.15695257589444117
26.0 104.0 0.14518191228804475
26.0 106.0 0.13991752362282897
26.0 108.0 0.10758502452934661
26.0 110.0 0.033316876348628795
26.0 112.0 0.0
26.0 114.0 0.0
26.0 116.0 0.0
26.0 118.0 0.0
26.0 120.0 0.0
26.0 122.0 0.0
26.0 124.0 0.0
26.0 126.0 0.0
28.0 0.0 0.0
28.0 2.0 0.0
28.0 4.0 0.0
28.0 6.0 0.0
28.0 8.0 0.0
28.0 10.0 0.0
28.0 12.0 0.0
28.0 14.0 0.0
28.0 16.0 0.0
28.0 18.0 0.0
28.0 20.0 0.0
28.0 22.0 0.0
28.0 24.0 0.0
28.0 26.0 0.0
28.0 28.0 0.0
28.0 30.0 0.0
28.0 32.0 0.0
28.0 34.0 0.0022296738342863815
28.0 36.0 0.0028185512435421408
28.0 38.0 0.011482546277211252
28.0 40.0 0.01352548861490204
28.0 42.0 0.009414809781115363
28.0 44.0 0.0011512833575869586
28.0 46.0 0.0
28.0 48.0 0.0
28.0 50.0 0.0
28.0 52.0 0.0
28.0 54.0 0.0
28.0 56.0 1.400714670816145E-4
28.0 58.0 0.0
28.0 60.0 0.0
28.0 62.0 0.0
28.0 64.0 0.0
28.0 66.0 0.0012419556173471774
28.0 68.0 0.012587179824782552
28.0 70.0 0.022389444143071466
28.0 72.0 0.008271732650391217
28.0 74.0 0.00288037140732573
28.0 76.0 0.009879999010536348
28.0 78.0 0.02456078322759606
28.0 80.0 0.03191793429280259
28.0 82.0 0.03605595326926424
28.0 84.0 0.03292186837931993
28.0 86.0 0.031628288839599276
28.0 88.0 0.047457834982160906
28.0 90.0 0.051091602555215554
28.0 92.0 0.11196601780994642
28.0 94.0 0.18375033786978737
28.0 96.0 0.23710621259467501
28.0 98.0 0.27466462350811505
28.0 100.0 0.3045022518467774
28.0 102.0 0.3051293501155261
28.0 104.0 0.2623627159418577
28.0 106.0 0.19628231402133864
28.0 108.0 0.10986222595955929
28.0 110.0 0.03988433376558188
28.0 112.0 0.0
28.0 114.0 0.0
28.0 116.0 0.0
28.0 118.0 0.0
28.0 120.0 0.0
28.0 122.0 0.0
28.0 124.0 0.0
28.0 126.0 0.0
30.0 0.0 0.0
30.0 2.0 0.0
30.0 4.0 0.0
30.0 6.0 0.0
30.0 8.0 0.0
30.0 10.0 0.0
30.0 12.0 0.0
30.0 14.0 0.0
30.0 16.0 0.0
30.0 18.0 0.0
30.0 20.0 0.0
30.0 22.0 0.0
30.0 24.0 0.0
30.0 26.0 0.0
30.0 28.0 0.0
30.0 30.0 0.0
30.0 32.0 0.0
30.0 34.0 0.0
30.0 36.0 0.0
30.0 38.0 0.0
30.0 40.0 0.0
30.0 42.0 0.0
30.0 44.0 0.0
30.0 46.0 0.0
30.0 48.0 0.0
30.0 50.0 0.0
30.0 52.0 0.0
30.0 54.0 0.013361057235902021
30.0 56.0 0.0378700736978284
30.0 58.0 0.026573586041587254
30.0 60.0 0.00973618276354735
30.0 62.0 0.0
30.0 64.0 0.0
30.0 66.0 0.0
30.0 68.0 0.0
30.0 70.0 0.0
30.0 72.0 5.87855917912545E-4
30.0 74.0 0.0
30.0 76.0 0.0
30.0 78.0 0.0044904930233545925
30.0 80.0 0.012105638680813399
30.0 82.0 0.02127779364633631
30.0 84.0 0.03050613866830501
30.0 86.0 0.04175184673727125
30.0 88.0 0.0752021903823075
30.0 90.0 0.13416246458464348
30.0 92.0 0.2120474137966131
30.0 94.0 0.29436390492527975
30.0 96.0 0.35550622802962334
30.0 98.0 0.40331623724675797
30.0 100.0 0.42953764786495485
30.0 102.0 0.4278381347902567
30.0 104.0 0.37631708347153175
30.0 106.0 0.26297019283850437
30.0 108.0 0.1277802113737381
30.0 110.0 0.041969977761502485
30.0 112.0 0.0
30.0 114.0 0.0
30.0 116.0 0.0
30.0 118.0 0.0
30.0 120.0 0.0
30.0 122.0 0.0
30.0 124.0 0.0
30.0 126.0 0.0
32.0 0.0 0.0
32.0 2.0 0.0
32.0 4.0 0.0
32.0 6.0 0.0
32.0 8.0 0.0
32.0 10.0 0.0
32.0 12.0 0.0
32.0 14.0 0.0
32.0 16.0 0.0
32.0 18.0 0.0
32.0 20.0 0.0
32.0 22.0 0.0
32.0 24.0 0.0
32.0 26.0 0.0
32.0 28.0 0.0
32.0 30.0 0.0
32.0 32.0 0.0
32.0 34.0 0.0
32.0 36.0 0.0
32.0 38.0 0.0
32.0 40.0 9.980414819299509E-4
32.0 42.0 0.004877794954265802
32.0 44.0 0.008193315235244393
32.0 46.0 0.015573417758081715
32.0 48.0 0.011167579937554106
32.0 50.0 0.012839501742391873
32.0 52.0 0.034768496069924416
32.0 54.0 0.08128643779606129
32.0 56.0 0.1132193754825254
32.0 58.0 0.10480385920761148
32.0 60.0 0.04618512345960373
32.0 62.0 0.0
32.0 64.0 0.0
32.0 66.0 0.0
32.0 68.0 0.0
32.0 70.0 0.0
32.0 72.0 0.0
32.0 74.0 0.0
32.0 76.0 0.0
32.0 78.0 0.0017207433231980183
32.0 80.0 0.00805849694752876
32.0 82.0 0.016394406089716134
32.0 84.0 0.025826299487399656
32.0 86.0 0.04906656114598531
32.0 88.0 0.10126543088059363
32.0 90.0 0.18032825426046392
32.0 92.0 0.2775848065642687
32.0 94.0 0.3603643166080676
32.0 96.0 0.42551758694648906
32.0 98.0 0.4966743555030781
32.0 100.0 0.525628225007159
32.0 102.0 0.5142337871655673
32.0 104.0 0.4544592828825576
32.0 106.0 0.3221908974698541
32.0 108.0 0.15121644306038043
32.0 110.0 0.052311063717343335
32.0 112.0 0.0
32.0 114.0 0.0
32.0 116.0 0.0
32.0 118.0 0.0
32.0 120.0 0.0
32.0 122.0 0.0
32.0 124.0 0.0
32.0 126.0 0.0
34.0 0.0 0.0
34.0 2.0 0.0
34.0 4.0 0.0
34.0 6.0 0.0
34.0 8.0 0.0
34.0 10.0 0.0
34.0 12.0 0.0
34.0 14.0 0.0
34.0 16.0 0.0
34.0 18.0 0.0
34.0 20.0 0.0
34.0 22.0 0.0
34.0 24.0 0.0
34.0 26.0 0.0
34.0 28.0 0.0
34.0 30.0 0.0
34.0 32.0 0.0
34.0 34.0 0.0
34.0 36.0 0.0
34.0 38.0 0.0
34.0 40.0 0.007160146817466959
34.0 42.0 0.013716396705544828
34.0 44.0 0.02730991762561187
34.0 46.0 0.05025271292468281
34.0 48.0 0.10246116676290014
34.0 50.0 0.1434907098571855
34.0 52.0 0.18319674830821353
34.0 54.0 0.21140729862873645
34.0 56.0 0.2146801503759621
34.0 58.0 0.16960445276241112
34.0 60.0 0.08282122900240717
34.0 62.0 0.0012442448860116055
34.0 64.0 0.0
34.0 66.0 0.0
34.0 68.0 0.0
34.0 70.0 0.0
34.0 72.0 0.0
34.0 74.0 0.0
34.0 76.0 0.0
34.0 78.0 0.0
34.0 80.0 0.0032728888551514217
34.0 82.0 0.016256140928204373
34.0 84.0 0.03859538534247225
34.0 86.0 0.07907247439087471
34.0 88.0 0.1429268863068061
34.0 90.0 0.22659777954542748
34.0 92.0 0.3247359639333635
34.0 94.0 0.40962493935506145
34.0 96.0 0.48825095916578215
34.0 98.0 0.5573734314091405
34.0 100.0 0.5776785405100552
34.0 102.0 0.5612132765177866
34.0 104.0 0.45524741031879673
34.0 106.0 0.3055377973108324
34.0 108.0 0.1654875367984091
34.0 110.0 0.06266512279460414
34.0 112.0 0.0
34.0 114.0 0.0
34.0 116.0 0.0
34.0 118.0 0.0
34.0 120.0 0.0
34.0 122.0 0.0
34.0 124.0 0.0
34.0 126.0 0.0
36.0 0.0 0.0
36.0 2.0 0.0
36.0 4.0 0.0
36.0 6.0 0.0
36.0 8.0 0.0
36.0 10.0 0.0
36.0 12.0 0.0
36.0 14.0 0.0
36.0 16.0 0.0
36.0 18.0 0.0
36.0 20.0 0.0
36.0 22.0 0.0
36.0 24.0 0.0
36.0 26.0 0.0
36.0 28.0 0.0
36.0 30.0 0.0
36.0 32.0 0.0
36.0 34.0 0.0
36.0 36.0 0.0
36.0 38.0 0.002656876391936668
36.0 40.0 0.015348549890296435
36.0 42.0 0.03192643967430005
36.0 44.0 0.06373611612376263
36.0 46.0 0.11340933100659543
36.0 48.0 0.16504672417942168
36.0 50.0 0.2540374392870865
36.0 52.0 0.2862558515101188
36.0 54.0 0.29870194973810904
36.0 56.0 0.2829244947936475
36.0 58.0 0.21452750848544222
36.0 60.0 0.09284214552654839
36.0 62.0 0.004498336091491843
36.0 64.0 0.0
36.0 66.0 0.0
36.0 68.0 0.0
36.0 70.0 0.0
36.0 72.0 0.0
36.0 74.0 0.0
36.0 76.0 0.0
36.0 78.0 0.0
36.0 80.0 0.0
36.0 82.0 0.00712775829117298
36.0 84.0 0.03399471796102627
36.0 86.0 0.08558786215077284
36.0 88.0 0.15724619941242632
36.0 90.0 0.2539279679546693
36.0 92.0 0.3581616610856447
36.0 94.0 0.44445808246499413
36.0 96.0 0.5233921784610479
36.0 98.0 0.5852412932911434
36.0 100.0 0.5917274683003918
36.0 102.0 0.5615734653987184
36.0 104.0 0.40669962034714463
36.0 106.0 0.29536080506334067
36.0 108.0 0.16764518270491036
36.0 110.0 0.06542559161433596
36.0 112.0 0.0
36.0 114.0 0.0
36.0 116.0 0.0
36.0 118.0 0.0
36.0 120.0 0.0
36.0 122.0 0.0
36.0 124.0 0.0
36.0 126.0 0.0
38.0 0.0 0.0
38.0 2.0 0.0
38.0 4.0 0.0
38.0 6.0 0.0
38.0 8.0 0.0
38.0 10.0 0.0
38.0 12.0 0.0
38.0 14.0 0.0
38.0 16.0 0.0
38.0 18.0 0.0
38.0 20.0 0.0
38.0 22.0 0.0
38.0 24.0 0.0
38.0 26.0 0.0
38.0 28.0 0.0
38.0 30.0 0.0
38.0 32.0 0.0
38.0 34.0 0.0
38.0 36.0 0.0
38.0 38.0 0.0022759413662926144
38.0 40.0 0.02451338382167997
38.0 42.0 0.052879138994544723
38.0 44.0 0.10548542320755788
38.0 46.0 0.16797726158278314
38.0 48.0 0.22851249371246943
38.0 50.0 0.2828311153574921
38.0 52.0 0.37316683724960314
38.0 54.0 0.3819777812306076
38.0 56.0 0.3442578792430484
38.0 58.0 0.24763191386577943
38.0 60.0 0.09874690499064827
38.0 62.0 0.007791155461084803
38.0 64.0 0.0
38.0 66.0 0.0
38.0 68.0 0.0
38.0 70.0 0.0
38.0 72.0 0.0
38.0 74.0 0.0
38.0 76.0 0.0
38.0 78.0 0.0
38.0 80.0 0.0
38.0 82.0 0.0
38.0 84.0 0.01645727327720187
38.0 86.0 0.04883131986776414
38.0 88.0 0.13785895763509778
38.0 90.0 0.24706152725083186
38.0 92.0 0.35980891092354383
38.0 94.0 0.4617381998166663
38.0 96.0 0.5573696043686461
38.0 98.0 0.6009357208301457
38.0 100.0 0.6005471936345605
38.0 102.0 0.48101096520627956
38.0 104.0 0.3797232057288716
38.0 106.0 0.28425768034919424
38.0 108.0 0.16078493026332183
38.0 110.0 0.060889968128702704
38.0 112.0 0.0
38.0 114.0 0.0
38.0 116.0 0.0
38.0 118.0 0.0
38.0 120.0 0.0
38.0 122.0 0.0
38.0 124.0 0.0
38.0 126.0 0.0
40.0 0.0 0.0
40.0 2.0 0.0
40.0 4.0 0.0
40.0 6.0 0.0
40.0 8.0 0.0
40.0 10.0 0.0
40.0 12.0 0.0
40.0 14.0 0.0
40.0 16.0 0.0
40.0 18.0 0.0
40.0 20.0 0.0
40.0 22.0 0.0
40.0 24.0 0.0
40.0 26.0 0.0
40.0 28.0 0.0
40.0 30.0 0.0
40.0 32.0 0.0
40.0 34.0 0.0
40.0 36.0 0.0
40.0 38.0 0.0
40.0 40.0 0.019003808486355755
40.0 42.0 0.06054084086769321
40.0 44.0 0.13364497711777926
40.0 46.0 0.21413667253592186
40.0 48.0 0.283555812868402
40.0 50.0 0.3372047948321113
40.0 52.0 0.391671652416084
40.0 54.0 0.4326059081161615
40.0 56.0 0.39228417382782815
40.0 58.0 0.278716974308224
40.0 60.0 0.11418658950219152
40.0 62.0 0.014796082474121161
40.0 64.0 0.0
40.0 66.0 0.0
40.0 68.0 0.0
40.0 70.0 0.0
40.0 72.0 0.0
40.0 74.0 0.0
40.0 76.0 0.0
40.0 78.0 0.0
40.0 80.0 0.0
40.0 82.0 0.0
40.0 84.0 0.0
40.0 86.0 0.01918799798676281
40.0 88.0 0.09984411547893764
40.0 90.0 0.21819212838360266
40.0 92.0 0.3357525521095184
40.0 94.0 0.4371485682054084
40.0 96.0 0.5363881186390592
40.0 98.0 0.582794647066751
40.0 100.0 0.5861693565570154
40.0 102.0 0.44691446852933997
40.0 104.0 0.355235387887338
40.0 106.0 0.26037903898167275
40.0 108.0 0.1415785295033673
40.0 110.0 0.04875590731951731
40.0 112.0 0.0
40.0 114.0 0.0
40.0 116.0 0.0
40.0 118.0 0.0
40.0 120.0 0.0
40.0 122.0 0.0
40.0 124.0 0.0
40.0 126.0 0.0
42.0 0.0 0.0
42.0 2.0 0.0
42.0 4.0 0.0
42.0 6.0 0.003123204356275975
42.0 8.0 0.11365795671712292
42.0 10.0 0.17664757824821609
42.0 12.0 0.15657586109863839
42.0 14.0 0.06703030309950814
42.0 16.0 0.0
42.0 18.0 0.0
42.0 20.0 0.0
42.0 22.0 0.0
42.0 24.0 0.0
42.0 26.0 0.0
42.0 28.0 0.0
42.0 30.0 0.0
42.0 32.0 0.0
42.0 34.0 0.0
42.0 36.0 0.0
42.0 38.0 0.0
42.0 40.0 0.0026576342582569565
42.0 42.0 0.05511156056572299
42.0 44.0 0.15816044730331422
42.0 46.0 0.25820960183075564
42.0 48.0 0.32839432761109744
42.0 50.0 0.3784802006493449
42.0 52.0 0.4442382680716796
42.0 54.0 0.48242821118367973
42.0 56.0 0.43073286871131394
42.0 58.0 0.30671582019768434
42.0 60.0 0.1303346865745778
42.0 62.0 0.022769664001968972
42.0 64.0 0.0
42.0 66.0 0.0
42.0 68.0 0.0
42.0 70.0 0.0
42.0 72.0 0.0
42.0 74.0 0.0
42.0 76.0 0.0
42.0 78.0 0.0
42.0 80.0 0.0
42.0 82.0 0.0
42.0 84.0 0.0
42.0 86.0 0.0
42.0 88.0 0.0427691866777834
42.0 90.0 0.15860703454583092
42.0 92.0 0.2799697904554394
42.0 94.0 0.3731610627972633
42.0 96.0 0.457169768099912
42.0 98.0 0.5190187298292507
42.0 100.0 0.5247322862966631
42.0 102.0 0.43321287461940194
42.0 104.0 0.32004151798442887
42.0 106.0 0.22384089431817566
42.0 108.0 0.11034383008117667
42.0 110.0 0.030524123099889
42.0 112.0 0.0
42.0 114.0 0.0
42.0 116.0 0.0
42.0 118.0 0.0
42.0 120.0 0.0
42.0 122.0 0.0
42.0 124.0 0.0
42.0 126.0 0.0
44.0 0.0 0.0
44.0 2.0 0.0
44.0 4.0 0.0
44.0 6.0 0.13867305481608297
44.0 8.0 0.2468938773215111
44.0 10.0 0.28218970119800674
44.0 12.0 0.2682638490043176
44.0 14.0 0.11007909276106465
44.0 16.0 0.001319236372229555
44.0 18.0 0.0
44.0 20.0 0.0
44.0 22.0 0.0
44.0 24.0 0.0
44.0 26.0 0.0
44.0 28.0 0.0
44.0 30.0 0.0
44.0 32.0 0.0
44.0 34.0 0.0
44.0 36.0 0.0
44.0 38.0 0.0
44.0 40.0 0.0
44.0 42.0 0.06199124937112332
44.0 44.0 0.18553971043506953
44.0 46.0 0.293434426471604
44.0 48.0 0.3654826908532794
44.0 50.0 0.41351741986345975
44.0 52.0 0.49309169690070465
44.0 54.0 0.529775483151104
44.0 56.0 0.4685963038045265
44.0 58.0 0.3320967974436416
44.0 60.0 0.14397037029403106
44.0 62.0 0.02925010579396198
44.0 64.0 0.0
44.0 66.0 0.0
44.0 68.0 0.0
44.0 70.0 0.0
44.0 72.0 0.0
44.0 74.0 0.0
44.0 76.0 0.0
44.0 78.0 0.0
44.0 80.0 0.0
44.0 82.0 0.0
44.0 84.0 0.0
44.0 86.0 0.0
44.0 88.0 0.0
44.0 90.0 0.05848306816927254
44.0 92.0 0.18652536092187522
44.0 94.0 0.2886362228738418
44.0 96.0 0.3591369616767824
44.0 98.0 0.4017427497224011
44.0 100.0 0.4093513005923503
44.0 102.0 0.3746797120536085
44.0 104.0 0.27589741074484914
44.0 106.0 0.17055071320661752
44.0 108.0 0.07049515090789533
44.0 110.0 0.015264895262277438
44.0 112.0 0.0
44.0 114.0 0.0
44.0 116.0 0.0
44.0 118.0 0.0
44.0 120.0 0.0
44.0 122.0 0.0
44.0 124.0 0.0
44.0 126.0 0.0
46.0 0.0 0.0
46.0 2.0 0.0
46.0 4.0 0.029537921027384912
46.0 6.0 0.28551252265370963
46.0 8.0 0.34021034056982646
46.0 10.0 0.3667523076045722
46.0 12.0 0.3519805893863109
46.0 14.0 0.14550582720936642
46.0 16.0 0.006354661105957547
46.0 18.0 0.0
46.0 20.0 0.0
46.0 22.0 0.0
46.0 24.0 0.0
46.0 26.0 0.0
46.0 28.0 0.0
46.0 30.0 0.0
46.0 32.0 0.0
46.0 34.0 0.0
46.0 36.0 0.0
46.0 38.0 0.0
46.0 40.0 0.0
46.0 42.0 0.05688065224153096
46.0 44.0 0.20732817293939707
46.0 46.0 0.3149656258509462
46.0 48.0 0.3879096470497492
46.0 50.0 0.43668955538539483
46.0 52.0 0.5345774297551275
46.0 54.0 0.5685773109823921
46.0 56.0 0.4996182562756226
46.0 58.0 0.35385085075715095
46.0 60.0 0.1538335753829267
46.0 62.0 0.03074201907283244
46.0 64.0 0.0
46.0 66.0 0.0
46.0 68.0 0.0
46.0 70.0 0.0
46.0 72.0 0.0
46.0 74.0 0.0
46.0 76.0 0.0
46.0 78.0 0.0
46.0 80.0 0.0
46.0 82.0 0.0
46.0 84.0 0.0
46.0 86.0 0.0
46.0 88.0 0.0
46.0 90.0 4.00060017820981E-5
46.0 92.0 0.05766296236904853
46.0 94.0 0.15016204702826347
46.0 96.0 0.21803341119277544
46.0 98.0 0.2512216462091262
46.0 100.0 0.2821735646058425
46.0 102.0 0.2582070837500266
46.0 104.0 0.18218073983947944
46.0 106.0 0.08773113740414216
46.0 108.0 0.024827483974856443
46.0 110.0 3.374480901519904E-4
46.0 112.0 0.0
46.0 114.0 0.0
46.0 116.0 0.0
46.0 118.0 0.0
46.0 120.0 0.0
46.0 122.0 0.0
46.0 124.0 0.0
46.0 126.0 0.0
48.0 0.0 0.0
48.0 2.0 0.1444107240584069
48.0 4.0 0.3885017633768127
48.0 6.0 0.4054671641871168
48.0 8.0 0.41313823570217384
48.0 10.0 0.4524049856151053
48.0 12.0 0.34777659077007134
48.0 14.0 0.1311353300158279
48.0 16.0 0.016734625058740592
48.0 18.0 0.0
48.0 20.0 0.0
48.0 22.0 0.0
48.0 24.0 0.0
48.0 26.0 0.0
48.0 28.0 0.0
48.0 30.0 0.0
48.0 32.0 0.0
48.0 34.0 0.0
48.0 36.0 0.0
48.0 38.0 0.0
48.0 40.0 0.0
48.0 42.0 0.06549175438663286
48.0 44.0 0.2206283895151295
48.0 46.0 0.3239813762990234
48.0 48.0 0.3966640667436039
48.0 50.0 0.48754939399825664
48.0 52.0 0.5913007237237472
48.0 54.0 0.5908163785599901
48.0 56.0 0.5221478042470106
48.0 58.0 0.35374946472088925
48.0 60.0 0.13234206077081273
48.0 62.0 0.03483205764444645
48.0 64.0 0.0
48.0 66.0 0.0
48.0 68.0 0.0
48.0 70.0 0.0
48.0 72.0 0.0
48.0 74.0 0.0
48.0 76.0 0.0
48.0 78.0 0.0
48.0 80.0 0.0
48.0 82.0 0.0
48.0 84.0 0.0
48.0 86.0 0.0
48.0 88.0 0.0
48.0 90.0 0.0
48.0 92.0 0.008335251653970942
48.0 94.0 0.06342678785316033
48.0 96.0 0.12950788273480598
48.0 98.0 0.1508332421585389
48.0 100.0 0.1766539256318699
48.0 102.0 0.15327981111233957
48.0 104.0 0.09686849437311333
48.0 106.0 0.024864286949785416
48.0 108.0 0.0
48.0 110.0 0.0
48.0 112.0 0.0
48.0 114.0 0.0
48.0 116.0 0.0
48.0 118.0 0.0
48.0 120.0 0.0
48.0 122.0 0.0
48.0 124.0 0.0
48.0 126.0 0.0
50.0 0.0 0.0
50.0 2.0 0.3006600882466126
50.0 4.0 0.45796468007048996
50.0 6.0 0.4553450039897238
50.0 8.0 0.44119857484153524
50.0 10.0 0.47029654754826655
50.0 12.0 0.32777952425147894
50.0 14.0 0.14730896431222557
50.0 16.0 0.03348592718144007
50.0 18.0 0.0
50.0 20.0 0.0
50.0 22.0 0.0
50.0 24.0 0.0
50.0 26.0 0.0
50.0 28.0 0.0
50.0 30.0 0.0
50.0 32.0 0.0
50.0 34.0 0.0
50.0 36.0 0.0
50.0 38.0 0.0
50.0 40.0 0.0
50.0 42.0 0.0736996999387345
50.0 44.0 0.2183156717124315
50.0 46.0 0.3193748607873829
50.0 48.0 0.40640963533990954
50.0 50.0 0.5510668005856648
50.0 52.0 0.6042824186097993
50.0 54.0 0.6088913247438661
50.0 56.0 0.5339503999450037
50.0 58.0 0.3466208599125989
50.0 60.0 0.1250523127639817
50.0 62.0 0.03491153607765248
50.0 64.0 0.0
50.0 66.0 0.0
50.0 68.0 0.0
50.0 70.0 0.0
50.0 72.0 0.0
50.0 74.0 0.0
50.0 76.0 0.0
50.0 78.0 0.0
50.0 80.0 0.0
50.0 82.0 0.0
50.0 84.0 0.0
50.0 86.0 0.0
50.0 88.0 0.0
50.0 90.0 0.0
50.0 92.0 6.016199246748394E-4
50.0 94.0 0.0314980646577699
50.0 96.0 0.05755195987934134
50.0 98.0 0.07379522574229475
50.0 100.0 0.07457265644508052
50.0 102.0 0.07208361074520404
50.0 104.0 0.036405198745064295
50.0 106.0 0.006314175022042703
50.0 108.0 0.0
50.0 110.0 0.0
50.0 112.0 0.0
50.0 114.0 0.0
50.0 116.0 0.0
50.0 118.0 0.0
50.0 120.0 0.0
50.0 122.0 0.0
50.0 124.0 0.0
50.0 126.0 0.0
52.0 0.0 0.0
52.0 2.0 0.39370799996051536
52.0 4.0 0.5106499473871925
52.0 6.0 0.47533124921964487
52.0 8.0 0.43504983389547985
52.0 10.0 0.3859746467242058
52.0 12.0 0.27879814705429856
52.0 14.0 0.14278791599747723
52.0 16.0 0.04066728964202057
52.0 18.0 0.0
52.0 20.0 0.0
52.0 22.0 0.0
52.0 24.0 0.0
52.0 26.0 0.0
52.0 28.0 0.0
52.0 30.0 0.0
52.0 32.0 0.0
52.0 34.0 0.0
52.0 36.0 0.0
52.0 38.0 0.0
52.0 40.0 2.622495644300882E-4
52.0 42.0 0.08277155534733917
52.0 44.0 0.2058273627334958
52.0 46.0 0.3002531991825153
52.0 48.0 0.4352143922143025
52.0 50.0 0.5493608707752001
52.0 52.0 0.6160487592259094
52.0 54.0 0.6132522854944384
52.0 56.0 0.522201712304536
52.0 58.0 0.3202214998176631
52.0 60.0 0.11053976947448364
52.0 62.0 0.02938845353544597
52.0 64.0 0.0
52.0 66.0 0.0
52.0 68.0 0.0
52.0 70.0 0.0
52.0 72.0 0.0
52.0 74.0 0.0
52.0 76.0 0.0
52.0 78.0 0.0
52.0 80.0 0.0
52.0 82.0 0.0
52.0 84.0 0.0
52.0 86.0 0.0
52.0 88.0 0.0
52.0 90.0 0.0
52.0 92.0 0.0
52.0 94.0 0.01859305116249386
52.0 96.0 0.02999585398760826
52.0 98.0 0.03783992467192284
52.0 100.0 0.0370582928316389
52.0 102.0 0.033248429096980524
52.0 104.0 0.01243179293641354
52.0 106.0 0.004557721611484832
52.0 108.0 0.006609246510197428
52.0 110.0 0.002904382960054203
52.0 112.0 0.0024444355464078083
52.0 114.0 0.003988139683183632
52.0 116.0 0.011851434583983524
52.0 118.0 0.026557418120325565
52.0 120.0 0.04378263971668319
52.0 122.0 0.05522277139170236
52.0 124.0 0.07917686086395843
52.0 126.0 0.0
54.0 0.0 0.0
54.0 2.0 0.4441128676557156
54.0 4.0 0.5077664629260121
54.0 6.0 0.4679361402152806
54.0 8.0 0.42789270612170277
54.0 10.0 0.324415824582774
54.0 12.0 0.22057028281132107
54.0 14.0 0.12204303524569325
54.0 16.0 0.03462714824214434
54.0 18.0 0.0
54.0 20.0 0.0
54.0 22.0 0.0
54.0 24.0 0.0
54.0 26.0 0.0
54.0 28.0 0.0
54.0 30.0 0.0
54.0 32.0 0.0
54.0 34.0 0.0
54.0 36.0 0.0
54.0 38.0 0.0
54.0 40.0 0.005995915041124262
54.0 42.0 0.07904307558680512
54.0 44.0 0.1841779627401121
54.0 46.0 0.2824169911112986
54.0 48.0 0.4235046448168949
54.0 50.0 0.5223309480687651
54.0 52.0 0.5958743485924479
54.0 54.0 0.5812663498071508
54.0 56.0 0.47608861019716414
54.0 58.0 0.26415637270118103
54.0 60.0 0.08625210568280066
54.0 62.0 0.020173373112980432
54.0 64.0 0.0
54.0 66.0 0.0
54.0 68.0 0.0
54.0 70.0 0.0
54.0 72.0 0.0
54.0 74.0 0.0
54.0 76.0 0.0
54.0 78.0 0.0
54.0 80.0 0.0
54.0 82.0 0.0
54.0 84.0 0.0
54.0 86.0 0.0
54.0 88.0 0.0
54.0 90.0 0.0
54.0 92.0 0.0
54.0 94.0 0.014428226427682302
54.0 96.0 0.021449393093383052
54.0 98.0 0.023664427648672565
54.0 100.0 0.02056797302468722
54.0 102.0 0.01610863703433042
54.0 104.0 0.010252765044392246
54.0 106.0 0.00826500496155672
54.0 108.0 0.013348272124097366
54.0 110.0 0.009421096219526021
54.0 112.0 0.01294243020694597
54.0 114.0 0.02227695688902209
54.0 116.0 0.03790226319788833
54.0 118.0 0.06372167338765479
54.0 120.0 0.10099262528265779
54.0 122.0 0.14067992000663723
54.0 124.0 0.19916421017338604
54.0 126.0 0.2625131995207245
56.0 0.0 0.0
56.0 2.0 0.4656032561172527
56.0 4.0 0.40318971576501955
56.0 6.0 0.3133332130271768
56.0 8.0 0.2672104102100453
56.0 10.0 0.20477188371300467
56.0 12.0 0.1561356018234288
56.0 14.0 0.09143261892369414
56.0 16.0 0.024516877811129146
56.0 18.0 0.0
56.0 20.0 0.0
56.0 22.0 0.0
56.0 24.0 0.0
56.0 26.0 0.0
56.0 28.0 0.0
56.0 30.0 0.0
56.0 32.0 0.0
56.0 34.0 0.0
56.0 36.0 0.0
56.0 38.0 0.0
56.0 40.0 0.020536030396870703
56.0 42.0 0.07702443584854841
56.0 44.0 0.1547794016696082
56.0 46.0 0.2437322515562503
56.0 48.0 0.3618475130012572
56.0 50.0 0.4586006843535341
56.0 52.0 0.5144894736634915
56.0 54.0 0.49503373140576007
56.0 56.0 0.3818733989571291
56.0 58.0 0.18774309584844107
56.0 60.0 0.052695577547334706
56.0 62.0 0.010065461948881464
56.0 64.0 0.0
56.0 66.0 0.0
56.0 68.0 0.0
56.0 70.0 0.0
56.0 72.0 0.0
56.0 74.0 0.0
56.0 76.0 0.0
56.0 78.0 0.0
56.0 80.0 0.0
56.0 82.0 0.0
56.0 84.0 0.0
56.0 86.0 0.0
56.0 88.0 0.0
56.0 90.0 4.046020447844622E-4
56.0 92.0 0.0035780697753512135
56.0 94.0 0.004093871109854633
56.0 96.0 0.007107043545195092
56.0 98.0 0.006219309477629318
56.0 100.0 0.0030163307161898793
56.0 102.0 0.0017709798236113688
56.0 104.0 0.0029080371356898296
56.0 106.0 5.024626012759453E-4
56.0 108.0 3.163361185990229E-4
56.0 110.0 0.004215639926520311
56.0 112.0 0.008763042925506063
56.0 114.0 0.01928805738938098
56.0 116.0 0.0379550229763291
56.0 118.0 0.06674266849338815
56.0 120.0 0.11283057210991403
56.0 122.0 0.17219722562829423
56.0 124.0 0.24194173141664033
56.0 126.0 0.32069010827273753
58.0 0.0 0.0
58.0 2.0 0.3893488175954308
58.0 4.0 0.24719558241693326
58.0 6.0 0.17294456978115913
58.0 8.0 0.11811558666248982
58.0 10.0 0.11074714596789281
58.0 12.0 0.09525064108537129
58.0 14.0 0.07344641659794474
58.0 16.0 0.021174439711909143
58.0 18.0 0.0
58.0 20.0 0.0
58.0 22.0 0.0
58.0 24.0 0.0
58.0 26.0 0.0
58.0 28.0 0.0
58.0 30.0 0.0
58.0 32.0 0.0
58.0 34.0 0.0
58.0 36.0 0.0
58.0 38.0 0.0
58.0 40.0 0.02996345640600408
58.0 42.0 0.06605456185355336
58.0 44.0 0.11808531983256315
58.0 46.0 0.19034555580833076
58.0 48.0 0.2632082359272683
58.0 50.0 0.3347683718048388
58.0 52.0 0.3732951102106375
58.0 54.0 0.3599181366198514
58.0 56.0 0.26823113682098493
58.0 58.0 0.11790612980012326
58.0 60.0 0.024948029037150432
58.0 62.0 0.0
58.0 64.0 0.0
58.0 66.0 0.0
58.0 68.0 0.0
58.0 70.0 0.0
58.0 72.0 0.0
58.0 74.0 0.0
58.0 76.0 0.0
58.0 78.0 0.0
58.0 80.0 0.0
58.0 82.0 3.483239748758491E-4
58.0 84.0 0.007761433127502698
58.0 86.0 1.2078618005805843E-4
58.0 88.0 0.007355387809166562
58.0 90.0 0.01738684324875869
58.0 92.0 0.01929691459525166
58.0 94.0 0.015594962978642405
58.0 96.0 0.007470663642831336
58.0 98.0 5.924527564455157E-4
58.0 100.0 0.0
58.0 102.0 0.0
58.0 104.0 0.0
58.0 106.0 0.0
58.0 108.0 0.0
58.0 110.0 0.0
58.0 112.0 0.0
58.0 114.0 0.005208424990676658
58.0 116.0 0.023657278484780542
58.0 118.0 0.055048785770481
58.0 120.0 0.09733813853303147
58.0 122.0 0.16726644152974016
58.0 124.0 0.25480328076325814
58.0 126.0 0.3267421208453001
60.0 0.0 0.0
60.0 2.0 0.268575524259576
60.0 4.0 0.07113900089913776
60.0 6.0 0.02215352713372475
60.0 8.0 8.389038190829493E-4
60.0 10.0 0.008137246368750796
60.0 12.0 0.04745668074800822
60.0 14.0 0.047273365173972126
60.0 16.0 0.008816033707091376
60.0 18.0 0.0
60.0 20.0 0.0
60.0 22.0 0.0
60.0 24.0 0.0
60.0 26.0 0.0
60.0 28.0 0.0
60.0 30.0 0.0
60.0 32.0 0.0
60.0 34.0 6.044780949509804E-4
60.0 36.0 0.00189557195340754
60.0 38.0 0.011673412675549277
60.0 40.0 0.0335719186017064
60.0 42.0 0.04783526000630784
60.0 44.0 0.07067361109595986
60.0 46.0 0.11229370139281801
60.0 48.0 0.14048878219736183
60.0 50.0 0.1807471402920584
60.0 52.0 0.2120605809302162
60.0 54.0 0.2076985952309648
60.0 56.0 0.1473290420627825
60.0 58.0 0.05302882980522967
60.0 60.0 0.003486860674832121
60.0 62.0 0.0
60.0 64.0 0.0
60.0 66.0 0.0
60.0 68.0 0.0
60.0 70.0 0.0
60.0 72.0 0.0
60.0 74.0 0.0
60.0 76.0 0.0
60.0 78.0 0.0
60.0 80.0 0.0015955070638955817
60.0 82.0 0.019691304960783796
60.0 84.0 0.03666175190207953
60.0 86.0 0.04021714767828874
60.0 88.0 0.048696584502541496
60.0 90.0 0.061574758811541924
60.0 92.0 0.05676002108670274
60.0 94.0 0.04113798979015385
60.0 96.0 0.012773430506385184
60.0 98.0 0.0
60.0 100.0 0.0
60.0 102.0 0.0
60.0 104.0 0.0
60.0 106.0 0.0
60.0 108.0 0.0
60.0 110.0 0.0
60.0 112.0 0.0
60.0 114.0 0.0
60.0 116.0 0.00232929478102866
60.0 118.0 0.02444266798401819
60.0 120.0 0.07212952648136106
60.0 122.0 0.13448790265963487
60.0 124.0 0.22016401780832787
60.0 126.0 0.3037811933980868
62.0 0.0 0.0
62.0 2.0 0.15847764552286497
62.0 4.0 0.0
62.0 6.0 0.0
62.0 8.0 0.0
62.0 10.0 0.0
62.0 12.0 0.011040486152792102
62.0 14.0 0.017981881822648912
62.0 16.0 0.0
62.0 18.0 0.0
62.0 20.0 0.0
62.0 22.0 0.0
62.0 24.0 0.0
62.0 26.0 0.0
62.0 28.0 0.0
62.0 30.0 0.009320934880897108
62.0 32.0 0.02553824975249203
62.0 34.0 0.03310349951104788
62.0 36.0 0.02702719735875246
62.0 38.0 0.0431741581326745
62.0 40.0 0.02781945900188575
62.0 42.0 0.013041697520084506
62.0 44.0 0.011706241588479023
62.0 46.0 0.020350149820131377
62.0 48.0 0.04240836299095512
62.0 50.0 0.039253928914193235
62.0 52.0 0.04831728600131927
62.0 54.0 0.05517489966084586
62.0 56.0 0.029848805557800673
62.0 58.0 0.0017567171926852726
62.0 60.0 0.0
62.0 62.0 0.0
62.0 64.0 0.0
62.0 66.0 0.0
62.0 68.0 0.0
62.0 70.0 0.0
62.0 72.0 0.0
62.0 74.0 0.0
62.0 76.0 0.0
62.0 78.0 0.011304165342805123
62.0 80.0 0.03238015897316943
62.0 82.0 0.06158434547454266
62.0 84.0 0.08931909532901293
62.0 86.0 0.10992818249678732
62.0 88.0 0.12242838226884363
62.0 90.0 0.12426559557937032
62.0 92.0 0.1044958987361126
62.0 94.0 0.07053486519400619
62.0 96.0 0.022752175560173987
62.0 98.0 0.0
62.0 100.0 0.0
62.0 102.0 0.0
62.0 104.0 0.0
62.0 106.0 0.0
62.0 108.0 0.0
62.0 110.0 0.0
62.0 112.0 0.0
62.0 114.0 0.0
62.0 116.0 0.0
62.0 118.0 0.004663228853876449
62.0 120.0 0.0393945225536276
62.0 122.0 0.0786079278952219
62.0 124.0 0.15601353792005862
62.0 126.0 0.2739399445818867
64.0 0.0 0.0
64.0 2.0 0.08878389431241039
64.0 4.0 0.0
64.0 6.0 0.0
64.0 8.0 0.0
64.0 10.0 0.0
64.0 12.0 4.336555521634363E-4
64.0 14.0 0.002495636114704007
64.0 16.0 0.0
64.0 18.0 0.0
64.0 20.0 0.0
64.0 22.0 0.0
64.0 24.0 0.0
64.0 26.0 0.007252882561562959
64.0 28.0 0.03407476750745047
64.0 30.0 0.07534826910938618
64.0 32.0 0.11157518991305387
64.0 34.0 0.11729380975573096
64.0 36.0 0.10466529774308171
64.0 38.0 0.07199659441551816
64.0 40.0 0.02303447835518443
64.0 42.0 0.0
64.0 44.0 0.0
64.0 46.0 0.0
64.0 48.0 0.0
64.0 50.0 0.0
64.0 52.0 0.0
64.0 54.0 0.0
64.0 56.0 0.0
64.0 58.0 0.0
64.0 60.0 0.0
64.0 62.0 0.0
64.0 64.0 0.0
64.0 66.0 0.0
64.0 68.0 0.0
64.0 70.0 0.0
64.0 72.0 0.0
64.0 74.0 0.006303718471875695
64.0 76.0 0.025538887899802923
64.0 78.0 0.05655076488252489
64.0 80.0 0.0992049366904406
64.0 82.0 0.13697284636514434
64.0 84.0 0.166468109126203
64.0 86.0 0.18336588703308862
64.0 88.0 0.18417095709861486
64.0 90.0 0.16894873853193848
64.0 92.0 0.13735065648780478
64.0 94.0 0.09190739004748434
64.0 96.0 0.03499474131365673
64.0 98.0 3.410298765126646E-4
64.0 100.0 0.0
64.0 102.0 0.0
64.0 104.0 0.0
64.0 106.0 0.0
64.0 108.0 0.0
64.0 110.0 0.0
64.0 112.0 0.0
64.0 114.0 0.0
64.0 116.0 0.0
64.0 118.0 0.0
64.0 120.0 0.01080245937646334
64.0 122.0 0.03267173885859967
64.0 124.0 0.0870261262668278
64.0 126.0 0.21240530174503847
66.0 0.0 0.0
66.0 2.0 0.04936760702627816
66.0 4.0 0.0
66.0 6.0 0.0
66.0 8.0 0.0
66.0 10.0 0.0
66.0 12.0 0.0
66.0 14.0 0.0
66.0 16.0 0.0
66.0 18.0 0.0
66.0 20.0 0.0
66.0 22.0 0.003138174695910671
66.0 24.0 0.018244830377560788
66.0 26.0 0.0516772384349437
66.0 28.0 0.11327871137078345
66.0 30.0 0.17074772740513522
66.0 32.0 0.19949372998861678
66.0 34.0 0.18707471027784126
66.0 36.0 0.16382297793162218
66.0 38.0 0.11146300627206546
66.0 40.0 0.0404677172091099
66.0 42.0 4.649074689840934E-4
66.0 44.0 0.0
66.0 46.0 0.0
66.0 48.0 0.0
66.0 50.0 0.0
66.0 52.0 0.0
66.0 54.0 0.0
66.0 56.0 0.0
66.0 58.0 0.0
66.0 60.0 0.0
66.0 62.0 0.0
66.0 64.0 0.0
66.0 66.0 7.209094177345055E-5
66.0 68.0 0.0016736705132941359
66.0 70.0 0.007491665632822998
66.0 72.0 0.016724374367378326
66.0 74.0 0.035922001599309784
66.0 76.0 0.06942414216758967
66.0 78.0 0.11425350666917755
66.0 80.0 0.1615512696537781
66.0 82.0 0.206827019773306
66.0 84.0 0.23984965150697504
66.0 86.0 0.25647238781595055
66.0 88.0 0.25281949030268136
66.0 90.0 0.22327132245244097
66.0 92.0 0.17647908846550298
66.0 94.0 0.11490861296357237
66.0 96.0 0.047067399960185746
66.0 98.0 0.007908830687305836
66.0 100.0 0.0
66.0 102.0 0.0
66.0 104.0 0.0
66.0 106.0 0.0
66.0 108.0 0.0
66.0 110.0 0.0
66.0 112.0 0.0
66.0 114.0 0.0
66.0 116.0 0.0
66.0 118.0 0.0
66.0 120.0 0.0
66.0 122.0 0.0013310935750741237
66.0 124.0 0.03303026286084442
66.0 126.0 0.12061289846126659
68.0 0.0 0.0
68.0 2.0 0.02019489794189704
68.0 4.0 0.0
68.0 6.0 0.0
68.0 8.0 0.0
68.0 10.0 0.0
68.0 12.0 0.0
68.0 14.0 0.0
68.0 16.0 0.0
68.0 18.0 0.0
68.0 20.0 0.006701526843827909
68.0 22.0 0.03135179659722808
68.0 24.0 0.07491360970770322
68.0 26.0 0.13118553657695492
68.0 28.0 0.20219910447553827
68.0 30.0 0.2618048375034077
68.0 32.0 0.2702045744488721
68.0 34.0 0.23726313999080176
68.0 36.0 0.2062895251232297
68.0 38.0 0.14514154854323835
68.0 40.0 0.04520644139001151
68.0 42.0 0.0
68.0 44.0 0.0
68.0 46.0 0.0
68.0 48.0 0.0
68.0 50.0 0.0
68.0 52.0 0.0
68.0 54.0 0.0
68.0 56.0 0.0
68.0 58.0 0.0
68.0 60.0 0.0
68.0 62.0 0.0
68.0 64.0 0.0
68.0 66.0 0.004042136170921632
68.0 68.0 0.009971801066759546
68.0 70.0 0.019886412697338617
68.0 72.0 0.03384083724315392
68.0 74.0 0.05910955901227414
68.0 76.0 0.10242190377847281
68.0 78.0 0.15927609685331537
68.0 80.0 0.21219193346942322
68.0 82.0 0.2658549291512083
68.0 84.0 0.3065850784359336
68.0 86.0 0.33166955358802747
68.0 88.0 0.3204547029166999
68.0 90.0 0.28044678866994355
68.0 92.0 0.21925954820331117
68.0 94.0 0.13921901888087843
68.0 96.0 0.05796855081786557
68.0 98.0 0.012468304731726434
68.0 100.0 0.0
68.0 102.0 0.0
68.0 104.0 0.0
68.0 106.0 0.0
68.0 108.0 0.0
68.0 110.0 0.0
68.0 112.0 0.0
68.0 114.0 0.0
68.0 116.0 0.0
68.0 118.0 0.0
68.0 120.0 0.0
68.0 122.0 0.0
68.0 124.0 0.0
68.0 126.0 0.019971460685809975
70.0 0.0 0.0
70.0 2.0 0.0
70.0 4.0 0.0
70.0 6.0 0.0
70.0 8.0 0.0
70.0 10.0 0.0
70.0 12.0 0.0
70.0 14.0 0.0
70.0 16.0 0.0
70.0 18.0 0.0
70.0 20.0 0.01415968764551991
70.0 22.0 0.05489327889717261
70.0 24.0 0.12759403076246978
70.0 26.0 0.20685407465341377
70.0 28.0 0.284462195365826
70.0 30.0 0.327250257676485
70.0 32.0 0.2995401947798785
70.0 34.0 0.2895852124500496
70.0 36.0 0.2446652627883804
70.0 38.0 0.16314861770210864
70.0 40.0 0.04843643093145145
70.0 42.0 0.0
70.0 44.0 0.0
70.0 46.0 0.0
70.0 48.0 0.0
70.0 50.0 0.0
70.0 52.0 0.0
70.0 54.0 0.0
70.0 56.0 0.0
70.0 58.0 0.0
70.0 60.0 0.0
70.0 62.0 0.0
70.0 64.0 0.0
70.0 66.0 0.0047203437102614106
70.0 68.0 0.01498604018312113
70.0 70.0 0.026388229482163784
70.0 72.0 0.04323557969711036
70.0 74.0 0.0743206862127908
70.0 76.0 0.12918238177384242
70.0 78.0 0.18604755020276686
70.0 80.0 0.24945721649664088
70.0 82.0 0.30955616339279907
70.0 84.0 0.35817189613195893
70.0 86.0 0.39236126280103284
70.0 88.0 0.3796960492568426
70.0 90.0 0.33362035886247093
70.0 92.0 0.2623492806796501
70.0 94.0 0.16826714449765798
70.0 96.0 0.07396372690853945
70.0 98.0 0.02374660220994627
70.0 100.0 0.0
70.0 102.0 0.0
70.0 104.0 0.0
70.0 106.0 0.0
70.0 108.0 0.0
70.0 110.0 0.0
70.0 112.0 0.0
70.0 114.0 0.0
70.0 116.0 0.0
70.0 118.0 0.0
70.0 120.0 0.0
70.0 122.0 0.0
70.0 124.0 0.0
70.0 126.0 0.0
72.0 0.0 0.0
72.0 2.0 0.0
72.0 4.0 0.0
72.0 6.0 0.0
72.0 8.0 0.0
72.0 10.0 0.0
72.0 12.0 0.0
72.0 14.0 0.0
72.0 16.0 0.0
72.0 18.0 0.0012097022918920956
72.0 20.0 0.029128689719769257
72.0 22.0 0.08762858954156087
72.0 24.0 0.1808251158949882
72.0 26.0 0.28123864062931175
72.0 28.0 0.36514624013863517
72.0 30.0 0.3765920409132741
72.0 32.0 0.3348933338269729
72.0 34.0 0.32087207830040293
72.0 36.0 0.27059186664366647
72.0 38.0 0.17317573744430717
72.0 40.0 0.04734662522270495
72.0 42.0 0.0
72.0 44.0 0.0
72.0 46.0 0.0
72.0 48.0 0.0
72.0 50.0 0.0
72.0 52.0 0.0
72.0 54.0 0.0
72.0 56.0 0.0
72.0 58.0 0.0
72.0 60.0 0.0
72.0 62.0 0.0
72.0 64.0 0.0
72.0 66.0 0.0032471835633630813
72.0 68.0 0.01262341107463986
72.0 70.0 0.02336190481367847
72.0 72.0 0.04223592307752581
72.0 74.0 0.07484856649481629
72.0 76.0 0.1350994058195833
72.0 78.0 0.19920058411137934
72.0 80.0 0.2712567068534305
72.0 82.0 0.33847693479876906
72.0 84.0 0.3864170723724481
72.0 86.0 0.42233935477539486
72.0 88.0 0.4286057588400964
72.0 90.0 0.38290576203706844
72.0 92.0 0.3063319628765259
72.0 94.0 0.20351420703733678
72.0 96.0 0.09731691619690137
72.0 98.0 0.04004213547835183
72.0 100.0 0.006792675280242977
72.0 102.0 0.0
72.0 104.0 0.0
72.0 106.0 0.0
72.0 108.0 0.0
72.0 110.0 0.0
72.0 112.0 0.0
72.0 114.0 0.0
72.0 116.0 0.0
72.0 118.0 0.0
72.0 120.0 0.0
72.0 122.0 0.0
72.0 124.0 0.0
72.0 126.0 0.0
74.0 0.0 0.0
74.0 2.0 0.0
74.0 4.0 0.0
74.0 6.0 4.6158994925746987E-4
74.0 8.0 5.094120170631169E-6
74.0 10.0 0.0
74.0 12.0 0.0
74.0 14.0 0.0
74.0 16.0 0.0
74.0 18.0 5.313085252780073E-4
74.0 20.0 0.031048591000571456
74.0 22.0 0.12132313278915463
74.0 24.0 0.2388852037293103
74.0 26.0 0.3492418548889902
74.0 28.0 0.3838491058168659
74.0 30.0 0.397847433535548
74.0 32.0 0.3923737238972515
74.0 34.0 0.33566010099363336
74.0 36.0 0.27772104687693966
74.0 38.0 0.16900387739119319
74.0 40.0 0.04461470463456663
74.0 42.0 0.0
74.0 44.0 0.0
74.0 46.0 0.0
74.0 48.0 0.0
74.0 50.0 0.0
74.0 52.0 0.0
74.0 54.0 0.0
74.0 56.0 0.0
74.0 58.0 0.0
74.0 60.0 0.0
74.0 62.0 0.0
74.0 64.0 0.0
74.0 66.0 1.612041548430606E-4
74.0 68.0 0.005408870537607593
74.0 70.0 0.014608569649109502
74.0 72.0 0.03077612095604811
74.0 74.0 0.06180293473073504
74.0 76.0 0.11147213023126452
74.0 78.0 0.183325818643324
74.0 80.0 0.26099821105489707
74.0 82.0 0.33197906719785536
74.0 84.0 0.3846846166594163
74.0 86.0 0.4339743672749396
74.0 88.0 0.4514129950498897
74.0 90.0 0.4128767755023661
74.0 92.0 0.343405264446002
74.0 94.0 0.24905718530027712
74.0 96.0 0.1365200719288437
74.0 98.0 0.0696523308876542
74.0 100.0 0.0323592773164584
74.0 102.0 0.004520857992713424
74.0 104.0 0.0
74.0 106.0 0.0
74.0 108.0 0.0
74.0 110.0 0.0
74.0 112.0 0.0
74.0 114.0 0.0
74.0 116.0 0.0
74.0 118.0 0.0
74.0 120.0 0.0
74.0 122.0 0.0
74.0 124.0 0.0
74.0 126.0 0.0
76.0 0.0 0.0
76.0 2.0 0.0
76.0 4.0 0.0
76.0 6.0 0.0021583247046033666
76.0 8.0 0.0
76.0 10.0 0.0
76.0 12.0 0.0
76.0 14.0 0.0
76.0 16.0 0.0
76.0 18.0 0.0
76.0 20.0 0.052507941501586004
76.0 22.0 0.16382986974709576
76.0 24.0 0.2846599011316907
76.0 26.0 0.354864531690777
76.0 28.0 0.422768010096112
76.0 30.0 0.4482600973904003
76.0 32.0 0.4426091770545119
76.0 34.0 0.4071086048952124
76.0 36.0 0.3040397911114842
76.0 38.0 0.1519829022007477
76.0 40.0 0.03712597712159303
76.0 42.0 0.0
76.0 44.0 0.0
76.0 46.0 0.0
76.0 48.0 0.0
76.0 50.0 0.0
76.0 52.0 0.0
76.0 54.0 0.0
76.0 56.0 0.0
76.0 58.0 0.0
76.0 60.0 0.0
76.0 62.0 0.0
76.0 64.0 0.0
76.0 66.0 0.0
76.0 68.0 9.116843032311553E-4
76.0 70.0 0.0053346354594575
76.0 72.0 0.017045958683775193
76.0 74.0 0.043537551210944804
76.0 76.0 0.07927414030775773
76.0 78.0 0.1377917279653732
76.0 80.0 0.2020827043955881
76.0 82.0 0.26332693601906276
76.0 84.0 0.3547887337081948
76.0 86.0 0.42605899906724803
76.0 88.0 0.4444046113942324
76.0 90.0 0.4238567108156113
76.0 92.0 0.37018967905782546
76.0 94.0 0.29480955917758317
76.0 96.0 0.19766915428041423
76.0 98.0 0.1251086865889016
76.0 100.0 0.0736414399778488
76.0 102.0 0.03997288264394193
76.0 104.0 0.013016698732658207
76.0 106.0 0.0
76.0 108.0 0.0
76.0 110.0 0.0
76.0 112.0 0.0
76.0 114.0 0.0
76.0 116.0 0.0
76.0 118.0 0.0
76.0 120.0 0.0
76.0 122.0 0.0
76.0 124.0 0.0
76.0 126.0 0.0
78.0 0.0 0.0
78.0 2.0 0.0
78.0 4.0 0.0
78.0 6.0 0.0
78.0 8.0 0.0
78.0 10.0 0.0
78.0 12.0 0.0
78.0 14.0 0.0
78.0 16.0 0.0
78.0 18.0 1.0223114887881472E-4
78.0 20.0 0.07354107829764002
78.0 22.0 0.20046595663381664
78.0 24.0 0.32192223234197664
78.0 26.0 0.39044263555272624
78.0 28.0 0.4564704750407496
78.0 30.0 0.4922211972297783
78.0 32.0 0.4918694549122971
78.0 34.0 0.4242099683270813
78.0 36.0 0.29942682429322026
78.0 38.0 0.13334105492301335
78.0 40.0 0.028147925017147465
78.0 42.0 0.0
78.0 44.0 0.0
78.0 46.0 0.0
78.0 48.0 0.0
78.0 50.0 0.0
78.0 52.0 0.0
78.0 54.0 0.0
78.0 56.0 0.0
78.0 58.0 0.0
78.0 60.0 0.0
78.0 62.0 0.0
78.0 64.0 0.0
78.0 66.0 0.0
78.0 68.0 0.0
78.0 70.0 8.175844687761565E-4
78.0 72.0 0.008613616060056695
78.0 74.0 0.015848970977483536
78.0 76.0 0.035907416104312175
78.0 78.0 0.07153107983938685
78.0 80.0 0.12836318995828677
78.0 82.0 0.18771465773718318
78.0 84.0 0.28070475068689626
78.0 86.0 0.3682250061111916
78.0 88.0 0.41128227409819446
78.0 90.0 0.4125976579674027
78.0 92.0 0.3791909091680868
78.0 94.0 0.3260799629376326
78.0 96.0 0.24314656436296675
78.0 98.0 0.1808997263700487
78.0 100.0 0.1380017450603175
78.0 102.0 0.09540067812636031
78.0 104.0 0.061475110201018625
78.0 106.0 0.031318339378399
78.0 108.0 0.005640875536547266
78.0 110.0 0.0
78.0 112.0 0.0
78.0 114.0 0.0
78.0 116.0 0.0
78.0 118.0 0.0
78.0 120.0 0.0
78.0 122.0 0.0
78.0 124.0 0.0
78.0 126.0 0.0
80.0 0.0 0.0
80.0 2.0 0.0
80.0 4.0 0.0
80.0 6.0 0.0
80.0 8.0 0.0
80.0 10.0 0.0
80.0 12.0 0.0
80.0 14.0 0.0
80.0 16.0 0.0
80.0 18.0 2.0525854092253825E-4
80.0 20.0 0.07877841101856964
80.0 22.0 0.22047226295883368
80.0 24.0 0.34488981535455454
80.0 26.0 0.4119380674049829
80.0 28.0 0.47573125265134625
80.0 30.0 0.5479104927788231
80.0 32.0 0.5309187947200408
80.0 34.0 0.4357883896012778
80.0 36.0 0.28619904557358106
80.0 38.0 0.11627123618497182
80.0 40.0 0.017712238019102728
80.0 42.0 0.0
80.0 44.0 0.0
80.0 46.0 0.0
80.0 48.0 0.0
80.0 50.0 0.0
80.0 52.0 0.0
80.0 54.0 0.0
80.0 56.0 0.0
80.0 58.0 0.0
80.0 60.0 0.0
80.0 62.0 0.0
80.0 64.0 0.0
80.0 66.0 0.003746767536513688
80.0 68.0 0.005346504430918283
80.0 70.0 0.004938598283369437
80.0 72.0 0.0027810976144560756
80.0 74.0 0.0021872568992312145
80.0 76.0 0.0178526162140136
80.0 78.0 0.035193118930147774
80.0 80.0 0.06665493809446822
80.0 82.0 0.12596763893606225
80.0 84.0 0.18794202893514492
80.0 86.0 0.25641403912420263
80.0 88.0 0.333282511383711
80.0 90.0 0.36942334487406675
80.0 92.0 0.36267146886853935
80.0 94.0 0.280300079855753
80.0 96.0 0.24512294271211735
80.0 98.0 0.21845654814048385
80.0 100.0 0.19619973800188917
80.0 102.0 0.17326051476983048
80.0 104.0 0.13928841318508128
80.0 106.0 0.09256916690555515
80.0 108.0 0.047652594285724825
80.0 110.0 0.011370460770036174
80.0 112.0 0.0
80.0 114.0 0.0
80.0 116.0 0.0
80.0 118.0 0.0
80.0 120.0 0.0
80.0 122.0 0.0
80.0 124.0 0.0
80.0 126.0 0.0
82.0 0.0 0.0
82.0 2.0 0.0
82.0 4.0 0.0
82.0 6.0 0.0
82.0 8.0 0.0
82.0 10.0 0.0
82.0 12.0 0.0
82.0 14.0 0.0
82.0 16.0 0.0
82.0 18.0 5.190739667952679E-4
82.0 20.0 0.06267818138013448
82.0 22.0 0.20744783010890297
82.0 24.0 0.33377914951144333
82.0 26.0 0.41319381905256786
82.0 28.0 0.4831072609380431
82.0 30.0 0.5179116189052327
82.0 32.0 0.5115631982211154
82.0 34.0 0.4272492906129233
82.0 36.0 0.26256493592132973
82.0 38.0 0.10023251005310095
82.0 40.0 0.009323795777573562
82.0 42.0 0.0
82.0 44.0 0.0
82.0 46.0 0.0
82.0 48.0 0.0
82.0 50.0 0.0
82.0 52.0 0.0
82.0 54.0 0.0
82.0 56.0 0.0
82.0 58.0 0.0
82.0 60.0 0.0
82.0 62.0 0.0
82.0 64.0 0.028936970840296682
82.0 66.0 0.05285706021101205
82.0 68.0 0.052585307361492944
82.0 70.0 0.026920967277088523
82.0 72.0 0.0018382178244509696
82.0 74.0 5.152528272022439E-4
82.0 76.0 0.0
82.0 78.0 8.058298894387714E-5
82.0 80.0 0.0068031807771086064
82.0 82.0 0.016010245085123397
82.0 84.0 0.031056948476177824
82.0 86.0 0.05847594881552201
82.0 88.0 0.10690331597025311
82.0 90.0 0.18211677209125968
82.0 92.0 0.22325366770614
82.0 94.0 0.2098838884272224
82.0 96.0 0.22205410179580595
82.0 98.0 0.226704473769722
82.0 100.0 0.23206965744649408
82.0 102.0 0.23334360329025836
82.0 104.0 0.21970774264665213
82.0 106.0 0.1783322122525747
82.0 108.0 0.1099664278779589
82.0 110.0 0.048407728741704965
82.0 112.0 0.008422012349042019
82.0 114.0 0.0
82.0 116.0 0.0
82.0 118.0 0.0
82.0 120.0 0.0
82.0 122.0 0.0
82.0 124.0 0.0
82.0 126.0 0.0
84.0 0.0 0.0
84.0 2.0 0.0
84.0 4.0 0.0
84.0 6.0 0.0
84.0 8.0 0.0
84.0 10.0 0.0
84.0 12.0 0.0
84.0 14.0 0.0
84.0 16.0 0.0
84.0 18.0 0.0
84.0 20.0 0.0065240638164957105
84.0 22.0 0.12611594809936602
84.0 24.0 0.25005706911642545
84.0 26.0 0.3509042281572172
84.0 28.0 0.46525148866334637
84.0 30.0 0.5060820474127725
84.0 32.0 0.5001092624433642
84.0 34.0 0.4081591191710446
84.0 36.0 0.23059444137446763
84.0 38.0 0.07929020198325283
84.0 40.0 0.0013833393037486644
84.0 42.0 0.0
84.0 44.0 0.0
84.0 46.0 0.0
84.0 48.0 0.0
84.0 50.0 0.0
84.0 52.0 0.0
84.0 54.0 0.0
84.0 56.0 0.0
84.0 58.0 0.0
84.0 60.0 9.133109751307458E-4
84.0 62.0 0.07110957201592073
84.0 64.0 0.13556497911406745
84.0 66.0 0.14638861652738677
84.0 68.0 0.12081970808730232
84.0 70.0 0.06673305314983706
84.0 72.0 0.006947116532295495
84.0 74.0 0.0
84.0 76.0 0.0
84.0 78.0 0.0
84.0 80.0 0.0
84.0 82.0 0.0
84.0 84.0 0.0
84.0 86.0 0.0
84.0 88.0 0.0
84.0 90.0 0.0016904360124303129
84.0 92.0 0.045999133911423164
84.0 94.0 0.11107971035193719
84.0 96.0 0.1571063572638466
84.0 98.0 0.2046851419088348
84.0 100.0 0.24039311601613933
84.0 102.0 0.2675652174727319
84.0 104.0 0.27590303771225066
84.0 106.0 0.25417035879070043
84.0 108.0 0.19702128755295
84.0 110.0 0.11536504371549054
84.0 112.0 0.04526908620195364
84.0 114.0 0.00581266864424691
84.0 116.0 0.0
84.0 118.0 0.0
84.0 120.0 0.0
84.0 122.0 0.0
84.0 124.0 0.0
84.0 126.0 0.0
86.0 0.0 0.0
86.0 2.0 0.0
86.0 4.0 0.0
86.0 6.0 0.0
86.0 8.0 0.0
86.0 10.0 0.0
86.0 12.0 0.0
86.0 14.0 0.0
86.0 16.0 0.0
86.0 18.0 0.0
86.0 20.0 0.0
86.0 22.0 0.06117779612999106
86.0 24.0 0.17007673126523706
86.0 26.0 0.25672351250974734
86.0 28.0 0.38577248195323643
86.0 30.0 0.4298154107459646
86.0 32.0 0.42791821112377987
86.0 34.0 0.3443622086206546
86.0 36.0 0.17642892594779688
86.0 38.0 0.056104774641012684
86.0 40.0 0.004106947262814994
86.0 42.0 0.0
86.0 44.0 0.0
86.0 46.0 0.0
86.0 48.0 0.0
86.0 50.0 0.0
86.0 52.0 0.0
86.0 54.0 0.0
86.0 56.0 0.0
86.0 58.0 0.017046180238779487
86.0 60.0 0.12965293341151066
86.0 62.0 0.21341591968815996
86.0 64.0 0.2438764346300538
86.0 66.0 0.23295326951431158
86.0 68.0 0.18350565462435905
86.0 70.0 0.10065594860318194
86.0 72.0 0.019350201213669472
86.0 74.0 0.0
86.0 76.0 0.0
86.0 78.0 0.0
86.0 80.0 0.0
86.0 82.0 0.0
86.0 84.0 0.0
86.0 86.0 0.0
86.0 88.0 0.0
86.0 90.0 0.0
86.0 92.0 0.0
86.0 94.0 0.032613800937459254
86.0 96.0 0.09906923280074657
86.0 98.0 0.16733281126202762
86.0 100.0 0.22324346025833672
86.0 102.0 0.2747240164039801
86.0 104.0 0.3063161193821941
86.0 106.0 0.3214140929724317
86.0 108.0 0.285036202418604
86.0 110.0 0.2008084150148304
86.0 112.0 0.10795160406635605
86.0 114.0 0.03872193781657718
86.0 116.0 0.003664848236003214
86.0 118.0 0.0
86.0 120.0 0.0
86.0 122.0 0.0
86.0 124.0 0.0
86.0 126.0 0.0
88.0 0.0 0.0
88.0 2.0 0.0
88.0 4.0 0.0
88.0 6.0 0.0
88.0 8.0 0.0
88.0 10.0 0.0
88.0 12.0 0.0
88.0 14.0 0.0
88.0 16.0 0.0
88.0 18.0 0.0
88.0 20.0 0.0
88.0 22.0 0.016717912623902705
88.0 24.0 0.09641925711060478
88.0 26.0 0.1579986231086484
88.0 28.0 0.23841375242652288
88.0 30.0 0.2802743109806487
88.0 32.0 0.28772985962694975
88.0 34.0 0.23898619677708363
88.0 36.0 0.1300580625165721
88.0 38.0 0.03482207003872539
88.0 40.0 0.0
88.0 42.0 0.0
88.0 44.0 0.0
88.0 46.0 0.0
88.0 48.0 0.0
88.0 50.0 0.0
88.0 52.0 0.0
88.0 54.0 0.0
88.0 56.0 0.045119673868464015
88.0 58.0 0.20441042227034667
88.0 60.0 0.3109604894071942
88.0 62.0 0.33017797391117637
88.0 64.0 0.33575274804013383
88.0 66.0 0.3139417473211969
88.0 68.0 0.26420874010883916
88.0 70.0 0.1277920457321216
88.0 72.0 0.023975503664957792
88.0 74.0 0.0
88.0 76.0 0.0
88.0 78.0 0.0
88.0 80.0 0.0
88.0 82.0 0.0
88.0 84.0 0.0
88.0 86.0 0.0
88.0 88.0 0.0
88.0 90.0 0.0
88.0 92.0 0.0
88.0 94.0 0.0010564661913561027
88.0 96.0 0.0415611989703736
88.0 98.0 0.11986489880281308
88.0 100.0 0.20908814108634566
88.0 102.0 0.27883743687500234
88.0 104.0 0.32472529752938867
88.0 106.0 0.3466257184815591
88.0 108.0 0.3316453931792225
88.0 110.0 0.27352003565621746
88.0 112.0 0.18904758120951723
88.0 114.0 0.09698224997427553
88.0 116.0 0.03369888846458904
88.0 118.0 0.0
88.0 120.0 0.0
88.0 122.0 0.0
88.0 124.0 0.0
88.0 126.0 0.0
90.0 0.0 0.0
90.0 2.0 0.0
90.0 4.0 0.0
90.0 6.0 0.0
90.0 8.0 0.0
90.0 10.0 0.0
90.0 12.0 0.0
90.0 14.0 0.0
90.0 16.0 0.0
90.0 18.0 0.0
90.0 20.0 0.0
90.0 22.0 1.1712373397372782E-4
90.0 24.0 0.023375856297128416
90.0 26.0 0.06726752627680446
90.0 28.0 0.10741392274646212
90.0 30.0 0.13995175183421238
90.0 32.0 0.15577317972871288
90.0 34.0 0.14492955317163028
90.0 36.0 0.09315368404530212
90.0 38.0 0.020930752527998916
90.0 40.0 0.0
90.0 42.0 0.0
90.0 44.0 0.0
90.0 46.0 0.0
90.0 48.0 0.0
90.0 50.0 0.0
90.0 52.0 0.0
90.0 54.0 0.05316587045998023
90.0 56.0 0.2046340080789768
90.0 58.0 0.34117703566037344
90.0 60.0 0.4158201901435877
90.0 62.0 0.4309361314893916
90.0 64.0 0.43309559219310617
90.0 66.0 0.4226548912426597
90.0 68.0 0.33906661567165575
90.0 70.0 0.15106913023422364
90.0 72.0 0.032937768036666516
90.0 74.0 0.0
90.0 76.0 0.0
90.0 78.0 0.0
90.0 80.0 0.0
90.0 82.0 0.0
90.0 84.0 0.0
90.0 86.0 0.0
90.0 88.0 0.0
90.0 90.0 0.0
90.0 92.0 0.0
90.0 94.0 0.0
90.0 96.0 0.01852586613764891
90.0 98.0 0.0800758126882054
90.0 100.0 0.1644860410740259
90.0 102.0 0.2564782781196065
90.0 104.0 0.31358190034535144
90.0 106.0 0.35347757826783566
90.0 108.0 0.3575090335605025
90.0 110.0 0.32449142019121996
90.0 112.0 0.25746035052805266
90.0 114.0 0.17411761203613493
90.0 116.0 0.08327408599249965
90.0 118.0 0.027224555123812888
90.0 120.0 0.0
90.0 122.0 0.0
90.0 124.0 0.0
90.0 126.0 0.0
92.0 0.0 0.0
92.0 2.0 0.0
92.0 4.0 0.0
92.0 6.0 0.0
92.0 8.0 0.0
92.0 10.0 0.0
92.0 12.0 0.0
92.0 14.0 0.0
92.0 16.0 0.0
92.0 18.0 0.0
92.0 20.0 0.0
92.0 22.0 0.0
92.0 24.0 0.0
92.0 26.0 0.007265450760707421
92.0 28.0 0.005559017189303145
92.0 30.0 0.025844936189557046
92.0 32.0 0.050672545864174974
92.0 34.0 0.07136172477722731
92.0 36.0 0.056276346533811056
92.0 38.0 0.0022161166907578066
92.0 40.0 0.0
92.0 42.0 0.0
92.0 44.0 0.0
92.0 46.0 0.0
92.0 48.0 0.0
92.0 50.0 0.0
92.0 52.0 0.025827663678437585
92.0 54.0 0.15818556672478498
92.0 56.0 0.30267626512089585
92.0 58.0 0.40187938104381676
92.0 60.0 0.4602085536865301
92.0 62.0 0.48832608085888407
92.0 64.0 0.49102863375387124
92.0 66.0 0.49442693039012964
92.0 68.0 0.39371504040032734
92.0 70.0 0.1921029110296012
92.0 72.0 0.05168021757115304
92.0 74.0 0.0
92.0 76.0 0.0
92.0 78.0 0.0
92.0 80.0 0.0
92.0 82.0 0.0
92.0 84.0 0.0
92.0 86.0 0.0
92.0 88.0 0.0
92.0 90.0 0.0
92.0 92.0 0.0
92.0 94.0 0.0
92.0 96.0 0.0026313419153344755
92.0 98.0 0.05297780168208091
92.0 100.0 0.11298628287239766
92.0 102.0 0.22081247364590598
92.0 104.0 0.3140175873200263
92.0 106.0 0.35415769357286564
92.0 108.0 0.3685861734489994
92.0 110.0 0.3544453266233427
92.0 112.0 0.3087104857173206
92.0 114.0 0.23995208012009775
92.0 116.0 0.15766635414524985
92.0 118.0 0.07059566086023708
92.0 120.0 0.009179028591124612
92.0 122.0 0.0
92.0 124.0 0.0
92.0 126.0 0.0
94.0 0.0 0.0
94.0 2.0 0.0
94.0 4.0 0.0
94.0 6.0 0.0
94.0 8.0 0.0
94.0 10.0 0.0
94.0 12.0 0.0
94.0 14.0 0.0
94.0 16.0 0.0
94.0 18.0 0.0
94.0 20.0 0.0
94.0 22.0 0.0
94.0 24.0 0.0
94.0 26.0 0.0
94.0 28.0 5.37383568235444E-4
94.0 30.0 2.1067212347915674E-4
94.0 32.0 0.008888900055464244
94.0 34.0 0.027517537307307938
94.0 36.0 0.02559219611213788
94.0 38.0 0.0
94.0 40.0 0.0
94.0 42.0 0.0
94.0 44.0 0.0
94.0 46.0 0.0
94.0 48.0 0.0
94.0 50.0 0.006961935630160111
94.0 52.0 0.09741013655192958
94.0 54.0 0.24534707331190078
94.0 56.0 0.36757961524606647
94.0 58.0 0.45311513492888217
94.0 60.0 0.5051313974652717
94.0 62.0 0.5313204930108282
94.0 64.0 0.531313328722019
94.0 66.0 0.526903418937087
94.0 68.0 0.43193752274736946
94.0 70.0 0.23605153912346855
94.0 72.0 0.08005710417067435
94.0 74.0 0.0
94.0 76.0 0.0
94.0 78.0 0.0
94.0 80.0 0.0
94.0 82.0 0.0
94.0 84.0 0.0
94.0 86.0 0.0
94.0 88.0 0.0
94.0 90.0 0.0
94.0 92.0 0.0
94.0 94.0 0.0
94.0 96.0 0.0
94.0 98.0 0.03143332477778301
94.0 100.0 0.08929231335615288
94.0 102.0 0.19128607830571165
94.0 104.0 0.2964910107778219
94.0 106.0 0.3462258142968946
94.0 108.0 0.36032902163618336
94.0 110.0 0.3635644189083194
94.0 112.0 0.33858071468585504
94.0 114.0 0.28970414533649363
94.0 116.0 0.23838260850110302
94.0 118.0 0.13332921750043472
94.0 120.0 0.0
94.0 122.0 0.0
94.0 124.0 0.0
94.0 126.0 0.0
96.0 0.0 0.0
96.0 2.0 0.0
96.0 4.0 0.0
96.0 6.0 0.0
96.0 8.0 0.0
96.0 10.0 0.01360887080482516
96.0 12.0 0.0
96.0 14.0 0.0
96.0 16.0 0.0
96.0 18.0 0.0
96.0 20.0 0.0
96.0 22.0 0.0
96.0 24.0 0.0
96.0 26.0 0.0
96.0 28.0 0.0
96.0 30.0 0.0
96.0 32.0 0.002918227025712851
96.0 34.0 0.02056469225786046
96.0 36.0 0.010846056067212654
96.0 38.0 0.0
96.0 40.0 0.0
96.0 42.0 0.0
96.0 44.0 0.0
96.0 46.0 0.0
96.0 48.0 0.0
96.0 50.0 0.03498774753428765
96.0 52.0 0.14575011689339815
96.0 54.0 0.2836071419887515
96.0 56.0 0.3979698860480076
96.0 58.0 0.47865274348466574
96.0 60.0 0.5279700455159339
96.0 62.0 0.5546706754382055
96.0 64.0 0.5540182178184189
96.0 66.0 0.5258120813462203
96.0 68.0 0.443675801315121
96.0 70.0 0.2746824989816207
96.0 72.0 0.10475380849216588
96.0 74.0 0.0
96.0 76.0 0.0
96.0 78.0 0.0
96.0 80.0 0.0
96.0 82.0 0.0
96.0 84.0 0.0
96.0 86.0 0.0
96.0 88.0 0.0
96.0 90.0 0.0
96.0 92.0 0.0
96.0 94.0 0.0
96.0 96.0 0.0
96.0 98.0 0.01526837148422148
96.0 100.0 0.08378999326643237
96.0 102.0 0.16826749603242355
96.0 104.0 0.2734051117975084
96.0 106.0 0.34401180504298257
96.0 108.0 0.3806247017932845
96.0 110.0 0.37528953485291056
96.0 112.0 0.36317927120232407
96.0 114.0 0.32802919130973307
96.0 116.0 0.2881423903198497
96.0 118.0 0.1900174480095156
96.0 120.0 0.0
96.0 122.0 0.0
96.0 124.0 0.0
96.0 126.0 0.0
98.0 0.0 0.0
98.0 2.0 0.0
98.0 4.0 0.0
98.0 6.0 0.0
98.0 8.0 0.0
98.0 10.0 0.0
98.0 12.0 0.021166613846777815
98.0 14.0 0.0
98.0 16.0 0.0
98.0 18.0 0.0
98.0 20.0 0.0
98.0 22.0 0.0
98.0 24.0 0.0
98.0 26.0 0.0
98.0 28.0 0.0
98.0 30.0 0.0
98.0 32.0 2.7526048993996164E-4
98.0 34.0 0.014288448205381768
98.0 36.0 0.0064318255686523435
98.0 38.0 0.0
98.0 40.0 0.0
98.0 42.0 0.0
98.0 44.0 0.0
98.0 46.0 0.0
98.0 48.0 3.471257479503081E-4
98.0 50.0 0.05059862412846199
98.0 52.0 0.1500792888985221
98.0 54.0 0.28008361894560335
98.0 56.0 0.3941020083453672
98.0 58.0 0.4763577760711189
98.0 60.0 0.5271082194575695
98.0 62.0 0.5551252444573512
98.0 64.0 0.5557922725107334
98.0 66.0 0.5172745961505977
98.0 68.0 0.4393856907109221
98.0 70.0 0.29791756241885325
98.0 72.0 0.12614214297195897
98.0 74.0 0.0069177124793151495
98.0 76.0 0.0
98.0 78.0 0.0
98.0 80.0 0.0
98.0 82.0 0.0
98.0 84.0 0.0
98.0 86.0 0.0
98.0 88.0 0.0
98.0 90.0 0.0
98.0 92.0 0.0
98.0 94.0 0.0
98.0 96.0 0.0
98.0 98.0 0.012645626121047365
98.0 100.0 0.07081263550304467
98.0 102.0 0.15108244209753285
98.0 104.0 0.265325476606638
98.0 106.0 0.3429080777987441
98.0 108.0 0.381477750296961
98.0 110.0 0.37882221737409494
98.0 112.0 0.3784286557222361
98.0 114.0 0.3527802807639871
98.0 116.0 0.3247594637468299
98.0 118.0 0.0
98.0 120.0 0.0
98.0 122.0 0.0
98.0 124.0 0.0
98.0 126.0 0.0
100.0 0.0 0.0
100.0 2.0 0.0
100.0 4.0 0.0
100.0 6.0 0.0
100.0 8.0 0.0
100.0 10.0 0.0
100.0 12.0 0.05805155329671444
100.0 14.0 0.0
100.0 16.0 0.0
100.0 18.0 0.0
100.0 20.0 0.0
100.0 22.0 0.0
100.0 24.0 0.0
100.0 26.0 0.0
100.0 28.0 0.0
100.0 30.0 0.0
100.0 32.0 0.0
100.0 34.0 0.004501177859299853
100.0 36.0 0.0033590442245192403
100.0 38.0 0.0
100.0 40.0 0.0
100.0 42.0 0.0
100.0 44.0 0.0
100.0 46.0 0.0
100.0 48.0 4.677159211928128E-4
100.0 50.0 0.04462667853471206
100.0 52.0 0.12366515443583738
100.0 54.0 0.23792323784612815
100.0 56.0 0.34574368365671493
100.0 58.0 0.43234201379095305
100.0 60.0 0.4922407014744668
100.0 62.0 0.5247536613093879
100.0 64.0 0.5254538699141852
100.0 66.0 0.47682038200524784
100.0 68.0 0.4115050114455969
100.0 70.0 0.29643718370813343
100.0 72.0 0.14053444962095782
100.0 74.0 0.01966678051099428
100.0 76.0 0.0
100.0 78.0 0.0
100.0 80.0 0.0
100.0 82.0 0.0
100.0 84.0 0.0
100.0 86.0 0.0
100.0 88.0 0.0
100.0 90.0 0.0
100.0 92.0 0.0
100.0 94.0 0.0
100.0 96.0 0.0
100.0 98.0 0.005973263752749304
100.0 100.0 0.06523517336179058
100.0 102.0 0.1372618128059889
100.0 104.0 0.2319966887922932
100.0 106.0 0.3420865151821775
100.0 108.0 0.39247916959941476
100.0 110.0 0.3907144276953325
100.0 112.0 0.39217763635026
100.0 114.0 0.36817662720426353
100.0 116.0 0.0
100.0 118.0 0.0
100.0 120.0 0.0
100.0 122.0 0.0
100.0 124.0 0.0
100.0 126.0 0.0
102.0 0.0 0.0
102.0 2.0 0.0
102.0 4.0 0.0
102.0 6.0 0.0
102.0 8.0 0.0
102.0 10.0 0.0
102.0 12.0 0.0
102.0 14.0 0.13011721808784293
102.0 16.0 0.0
102.0 18.0 0.0
102.0 20.0 0.0
102.0 22.0 0.0
102.0 24.0 0.0
102.0 26.0 0.0
102.0 28.0 0.0
102.0 30.0 0.0
102.0 32.0 0.0
102.0 34.0 0.010597033406060954
102.0 36.0 0.0
102.0 38.0 0.0
102.0 40.0 0.0
102.0 42.0 0.0
102.0 44.0 0.0
102.0 46.0 0.0
102.0 48.0 0.0
102.0 50.0 0.02347550512505464
102.0 52.0 0.07973719319862814
102.0 54.0 0.1745777516553502
102.0 56.0 0.26955215254325166
102.0 58.0 0.3517504686345912
102.0 60.0 0.41448823666373963
102.0 62.0 0.4522882224248744
102.0 64.0 0.4629355277194433
102.0 66.0 0.4438441424403588
102.0 68.0 0.3897968018396172
102.0 70.0 0.2934180030728753
102.0 72.0 0.14811180085695752
102.0 74.0 0.03718300827176555
102.0 76.0 0.0
102.0 78.0 0.0
102.0 80.0 0.0
102.0 82.0 0.0
102.0 84.0 0.0
102.0 86.0 0.0
102.0 88.0 0.0
102.0 90.0 0.0
102.0 92.0 0.0
102.0 94.0 0.0
102.0 96.0 0.0
102.0 98.0 0.003179250535672143
102.0 100.0 0.05861131452644363
102.0 102.0 0.12604124761216448
102.0 104.0 0.22110854282047634
102.0 106.0 0.3340728307920678
102.0 108.0 0.3943653544808483
102.0 110.0 0.39506777235307183
102.0 112.0 0.3967599060153864
102.0 114.0 0.0
102.0 116.0 0.0
102.0 118.0 0.0
102.0 120.0 0.0
102.0 122.0 0.0
102.0 124.0 0.0
102.0 126.0 0.0
104.0 0.0 0.0
104.0 2.0 0.0
104.0 4.0 0.0
104.0 6.0 0.0
104.0 8.0 0.0
104.0 10.0 0.0
104.0 12.0 0.0
104.0 14.0 0.0
104.0 16.0 0.23501801963603142
104.0 18.0 0.0
104.0 20.0 0.0
104.0 22.0 0.0
104.0 24.0 0.0
104.0 26.0 0.0
104.0 28.0 0.0
104.0 30.0 0.0
104.0 32.0 0.003343779949931063
104.0 34.0 0.008281981024363774
104.0 36.0 0.0
104.0 38.0 0.0
104.0 40.0 0.0
104.0 42.0 0.0
104.0 44.0 0.0
104.0 46.0 0.0
104.0 48.0 0.0
104.0 50.0 0.0062188202218920645
104.0 52.0 0.03945086742997173
104.0 54.0 0.10502484013357806
104.0 56.0 0.18614839197557018
104.0 58.0 0.2620504937902121
104.0 60.0 0.3330942552471821
104.0 62.0 0.462996883037384
104.0 64.0 0.48233778888725265
104.0 66.0 0.44022666662116916
104.0 68.0 0.3344968144290079
104.0 70.0 0.2759939011235985
104.0 72.0 0.18150438175116979
104.0 74.0 0.05517421911387158
104.0 76.0 0.0
104.0 78.0 0.0
104.0 80.0 0.0
104.0 82.0 0.0
104.0 84.0 0.0
104.0 86.0 0.0
104.0 88.0 0.0
104.0 90.0 0.0
104.0 92.0 0.0
104.0 94.0 0.0
104.0 96.0 0.0
104.0 98.0 0.0
104.0 100.0 0.039602558820831385
104.0 102.0 0.0995432068534765
104.0 104.0 0.19212145125380775
104.0 106.0 0.3081555177549042
104.0 108.0 0.3795376910479599
104.0 110.0 0.3924295849199558
104.0 112.0 0.3943026130766958
104.0 114.0 0.0
104.0 116.0 0.0
104.0 118.0 0.0
104.0 120.0 0.0
104.0 122.0 0.0
104.0 124.0 0.0
104.0 126.0 0.0
106.0 0.0 0.0
106.0 2.0 0.0
106.0 4.0 0.0
106.0 6.0 0.0
106.0 8.0 0.0
106.0 10.0 0.0
106.0 12.0 0.0
106.0 14.0 0.0
106.0 16.0 0.0
106.0 18.0 0.19966151482258673
106.0 20.0 0.0
106.0 22.0 0.0
106.0 24.0 0.0
106.0 26.0 0.0
106.0 28.0 0.0
106.0 30.0 0.0
106.0 32.0 6.482343793249419E-4
106.0 34.0 6.844983600282896E-4
106.0 36.0 0.0
106.0 38.0 0.0
106.0 40.0 0.0
106.0 42.0 0.0
106.0 44.0 0.0
106.0 46.0 0.0
106.0 48.0 0.0
106.0 50.0 0.0
106.0 52.0 0.010648487949315015
106.0 54.0 0.050707199399356785
106.0 56.0 0.11257302334724612
106.0 58.0 0.1792738475714296
106.0 60.0 0.24671586450626734
106.0 62.0 0.3792828201867144
106.0 64.0 0.4080824326159908
106.0 66.0 0.4083591098378445
106.0 68.0 0.3373159900483565
106.0 70.0 0.26676691665189395
106.0 72.0 0.20789946791467442
106.0 74.0 0.08786188347160907
106.0 76.0 0.006380415832796772
106.0 78.0 0.0
106.0 80.0 0.0
106.0 82.0 0.0
106.0 84.0 0.0
106.0 86.0 0.0
106.0 88.0 0.0
106.0 90.0 0.0
106.0 92.0 0.0
106.0 94.0 0.0
106.0 96.0 0.0
106.0 98.0 0.0
106.0 100.0 0.007672725597384959
106.0 102.0 0.04745001880344333
106.0 104.0 0.124700553849943
106.0 106.0 0.222266863581821
106.0 108.0 0.32506593839112563
106.0 110.0 0.36317196701585525
106.0 112.0 0.0
106.0 114.0 0.0
106.0 116.0 0.0
106.0 118.0 0.0
106.0 120.0 0.0
106.0 122.0 0.0
106.0 124.0 0.0
106.0 126.0 0.0
108.0 0.0 0.0
108.0 2.0 0.0
108.0 4.0 0.0
108.0 6.0 0.0
108.0 8.0 0.0
108.0 10.0 0.0
108.0 12.0 0.0
108.0 14.0 0.0
108.0 16.0 0.0
108.0 18.0 0.0
108.0 20.0 0.17350493146849788
108.0 22.0 0.0
108.0 24.0 0.0
108.0 26.0 0.0
108.0 28.0 0.0
108.0 30.0 0.005910927602225724
108.0 32.0 0.0024772579567232584
108.0 34.0 0.0
108.0 36.0 0.0
108.0 38.0 0.0
108.0 40.0 0.0
108.0 42.0 0.0
108.0 44.0 0.0
108.0 46.0 0.0
108.0 48.0 0.0
108.0 50.0 0.0
108.0 52.0 0.001232816953513281
108.0 54.0 0.02198687207263429
108.0 56.0 0.05590875902927133
108.0 58.0 0.11088736125573578
108.0 60.0 0.17172425181861228
108.0 62.0 0.28382460773437174
108.0 64.0 0.3175885057005119
108.0 66.0 0.3463138971841755
108.0 68.0 0.31861714125024804
108.0 70.0 0.25129021312722727
108.0 72.0 0.21401870751932095
108.0 74.0 0.15664379693702
108.0 76.0 0.04437033005617352
108.0 78.0 0.0
108.0 80.0 0.0
108.0 82.0 0.0
108.0 84.0 0.0
108.0 86.0 0.0
108.0 88.0 0.0
108.0 90.0 0.0
108.0 92.0 0.0
108.0 94.0 0.0
108.0 96.0 0.0
108.0 98.0 0.0
108.0 100.0 0.0
108.0 102.0 0.0
108.0 104.0 0.013164548024562933
108.0 106.0 0.06298215905729052
108.0 108.0 0.15292434985761436
108.0 110.0 0.0
108.0 112.0 0.0
108.0 114.0 0.0
108.0 116.0 0.0
108.0 118.0 0.0
108.0 120.0 0.0
108.0 122.0 0.0
108.0 124.0 0.0
108.0 126.0 0.0
110.0 0.0 0.0
110.0 2.0 0.0
110.0 4.0 0.0
110.0 6.0 0.0
110.0 8.0 0.0
110.0 10.0 0.0
110.0 12.0 0.0
110.0 14.0 0.0
110.0 16.0 0.0
110.0 18.0 0.0
110.0 20.0 0.0
110.0 22.0 0.08851793856702013
110.0 24.0 0.024905251646870505
110.0 26.0 0.043251616959795874
110.0 28.0 0.036531054337092805
110.0 30.0 0.03167657577663535
110.0 32.0 0.014881243134584587
110.0 34.0 0.003012731707492803
110.0 36.0 0.0019117658533820388
110.0 38.0 0.0
110.0 40.0 0.0
110.0 42.0 0.0
110.0 44.0 0.0
110.0 46.0 0.0
110.0 48.0 0.0
110.0 50.0 0.0
110.0 52.0 0.0
110.0 54.0 0.0038320093118271933
110.0 56.0 0.022679021518183313
110.0 58.0 0.053057233692395976
110.0 60.0 0.10538326134603754
110.0 62.0 0.1806078685257881
110.0 64.0 0.22218887415772182
110.0 66.0 0.27343585960183175
110.0 68.0 0.2543579135463892
110.0 70.0 0.23306185529577741
110.0 72.0 0.22389485505095155
110.0 74.0 0.20875385605450691
110.0 76.0 0.13645175539172974
110.0 78.0 0.03691872796579531
110.0 80.0 0.0
110.0 82.0 0.0
110.0 84.0 0.0
110.0 86.0 0.0
110.0 88.0 0.0
110.0 90.0 0.0
110.0 92.0 0.0
110.0 94.0 0.0
110.0 96.0 0.0
110.0 98.0 0.0
110.0 100.0 0.0
110.0 102.0 0.0
110.0 104.0 0.0
110.0 106.0 0.0
110.0 108.0 0.0
110.0 110.0 0.0
110.0 112.0 0.0
110.0 114.0 0.0
110.0 116.0 0.0
110.0 118.0 0.0
110.0 120.0 0.0
110.0 122.0 0.0
110.0 124.0 0.0
110.0 126.0 0.0
112.0 0.0 0.0
112.0 2.0 0.0
112.0 4.0 0.0
112.0 6.0 0.0
112.0 8.0 0.0
112.0 10.0 0.0
112.0 12.0 0.0
112.0 14.0 0.0
112.0 16.0 0.0
112.0 18.0 0.0
112.0 20.0 0.0
112.0 22.0 0.0
112.0 24.0 0.02702974329203318
112.0 26.0 0.09027616811176081
112.0 28.0 0.11543013877611523
112.0 30.0 0.12125604854175986
112.0 32.0 0.1029601595370061
112.0 34.0 0.05608692808304477
112.0 36.0 0.020074853849039804
112.0 38.0 0.0
112.0 40.0 0.0
112.0 42.0 0.0
112.0 44.0 0.0
112.0 46.0 0.0
112.0 48.0 0.0
112.0 50.0 0.0
112.0 52.0 0.0
112.0 54.0 0.0
112.0 56.0 0.002515585259549246
112.0 58.0 0.021113902058264456
112.0 60.0 0.05019092691208302
112.0 62.0 0.09435907401616195
112.0 64.0 0.12994710761600423
112.0 66.0 0.1663532555551175
112.0 68.0 0.2116794690440906
112.0 70.0 0.20173178874238376
112.0 72.0 0.221308083024945
112.0 74.0 0.23904929254138527
112.0 76.0 0.2295220499650262
112.0 78.0 0.17490017617333886
112.0 80.0 0.10095597183101053
112.0 82.0 0.043357186000348207
112.0 84.0 0.030534169662814106
112.0 86.0 0.011812211744567995
112.0 88.0 0.0
112.0 90.0 0.0
112.0 92.0 0.0
112.0 94.0 0.0
112.0 96.0 0.0
112.0 98.0 0.0
112.0 100.0 0.0
112.0 102.0 0.0
112.0 104.0 0.0
112.0 106.0 0.0
112.0 108.0 0.0
112.0 110.0 0.0
112.0 112.0 0.0
112.0 114.0 0.0
112.0 116.0 0.0
112.0 118.0 0.0
112.0 120.0 0.0
112.0 122.0 0.0
112.0 124.0 0.0
112.0 126.0 0.0
114.0 0.0 0.0
114.0 2.0 0.0
114.0 4.0 0.0
114.0 6.0 0.0
114.0 8.0 0.0
114.0 10.0 0.0
114.0 12.0 0.0
114.0 14.0 0.0
114.0 16.0 0.0
114.0 18.0 0.0
114.0 20.0 0.0
114.0 22.0 0.0
114.0 24.0 0.0
114.0 26.0 0.014491160064771547
114.0 28.0 0.11568682596567827
114.0 30.0 0.1521115610541426
114.0 32.0 0.1534644029660143
114.0 34.0 0.11815290770695282
114.0 36.0 0.05343515192531278
114.0 38.0 0.004316789377717347
114.0 40.0 0.0
114.0 42.0 0.0
114.0 44.0 0.0
114.0 46.0 0.0
114.0 48.0 0.0
114.0 50.0 0.0
114.0 52.0 0.0
114.0 54.0 0.0
114.0 56.0 0.0
114.0 58.0 0.0
114.0 60.0 0.0
114.0 62.0 0.02495777321024616
114.0 64.0 0.05425771917131903
114.0 66.0 0.07657152807660401
114.0 68.0 0.1400429862558262
114.0 70.0 0.19934662607574483
114.0 72.0 0.20211145066675
114.0 74.0 0.23466070096917271
114.0 76.0 0.28804468792676186
114.0 78.0 0.28934656560580724
114.0 80.0 0.277523171998518
114.0 82.0 0.20738708289272492
114.0 84.0 0.1517184820318457
114.0 86.0 0.09933949400166588
114.0 88.0 0.04204588392096662
114.0 90.0 0.01451802655702567
114.0 92.0 0.0
114.0 94.0 0.0
114.0 96.0 0.0
114.0 98.0 0.0
114.0 100.0 0.0
114.0 102.0 0.0
114.0 104.0 0.0
114.0 106.0 0.0
114.0 108.0 0.0
114.0 110.0 0.0
114.0 112.0 0.0
114.0 114.0 0.0
114.0 116.0 0.0
114.0 118.0 0.0
114.0 120.0 0.0
114.0 122.0 0.0
114.0 124.0 0.0
114.0 126.0 0.0
116.0 0.0 0.0
116.0 2.0 0.0
116.0 4.0 0.0
116.0 6.0 0.0
116.0 8.0 0.0
116.0 10.0 0.0
116.0 12.0 0.0
116.0 14.0 0.0
116.0 16.0 0.0
116.0 18.0 0.0
116.0 20.0 0.0
116.0 22.0 0.0
116.0 24.0 0.0
116.0 26.0 0.0
116.0 28.0 4.3334119133298245E-4
116.0 30.0 0.07633256990145061
116.0 32.0 0.12741829582831574
116.0 34.0 0.1251441815913549
116.0 36.0 0.08125488712348002
116.0 38.0 0.012000757585943182
116.0 40.0 0.0
116.0 42.0 0.0
116.0 44.0 0.0
116.0 46.0 0.0
116.0 48.0 0.0
116.0 50.0 0.0
116.0 52.0 0.0
116.0 54.0 0.0
116.0 56.0 0.0
116.0 58.0 0.0
116.0 60.0 0.0
116.0 62.0 0.0
116.0 64.0 0.012261962509970983
116.0 66.0 0.029386728965655178
116.0 68.0 0.07607448682029448
116.0 70.0 0.15090693765365354
116.0 72.0 0.19882546843760232
116.0 74.0 0.24122562431876213
116.0 76.0 0.28099815562639313
116.0 78.0 0.36570365335751237
116.0 80.0 0.39273076398321827
116.0 82.0 0.3527909974737971
116.0 84.0 0.26794931373723524
116.0 86.0 0.19239703595791321
116.0 88.0 0.1184139119425673
116.0 90.0 0.05189721780755269
116.0 92.0 0.01258685393384989
116.0 94.0 0.0
116.0 96.0 0.0
116.0 98.0 0.0
116.0 100.0 0.0
116.0 102.0 0.0
116.0 104.0 0.0
116.0 106.0 0.0
116.0 108.0 0.0
116.0 110.0 0.0
116.0 112.0 0.0
116.0 114.0 0.0
116.0 116.0 0.0
116.0 118.0 0.0
116.0 120.0 0.0
116.0 122.0 0.0
116.0 124.0 0.0
116.0 126.0 0.0
118.0 0.0 0.0
118.0 2.0 0.0
118.0 4.0 0.0
118.0 6.0 0.0
118.0 8.0 0.0
118.0 10.0 0.0
118.0 12.0 0.0
118.0 14.0 0.0
118.0 16.0 0.0
118.0 18.0 0.0
118.0 20.0 0.0
118.0 22.0 0.0
118.0 24.0 0.0
118.0 26.0 0.0
118.0 28.0 0.0
118.0 30.0 0.0
118.0 32.0 0.0011541093111629116
118.0 34.0 0.05199161075180082
118.0 36.0 0.043872751233133424
118.0 38.0 0.008846543576202723
118.0 40.0 0.0
118.0 42.0 0.0
118.0 44.0 0.0
118.0 46.0 0.0
118.0 48.0 0.0
118.0 50.0 0.0
118.0 52.0 0.0
118.0 54.0 0.0
118.0 56.0 0.0
118.0 58.0 0.0
118.0 60.0 0.0
118.0 62.0 0.0
118.0 64.0 0.0
118.0 66.0 0.006282403524032076
118.0 68.0 0.02174438844469657
118.0 70.0 0.08442473827220957
118.0 72.0 0.16867792359899056
118.0 74.0 0.2552814361998897
118.0 76.0 0.3207512325478382
118.0 78.0 0.38121571445207914
118.0 80.0 0.45570718628392476
118.0 82.0 0.4354332156569956
118.0 84.0 0.3598007200882248
118.0 86.0 0.263165787200852
118.0 88.0 0.17366182064254998
118.0 90.0 0.0889760385696542
118.0 92.0 0.02950792938899384
118.0 94.0 0.0
118.0 96.0 0.0
118.0 98.0 0.0
118.0 100.0 0.0
118.0 102.0 0.0
118.0 104.0 0.0
118.0 106.0 0.0
118.0 108.0 0.0
118.0 110.0 0.0
118.0 112.0 0.0
118.0 114.0 0.0
118.0 116.0 0.0
118.0 118.0 0.0
118.0 120.0 0.0
118.0 122.0 0.0
118.0 124.0 0.0
118.0 126.0 0.0
120.0 0.0 0.0
120.0 2.0 0.0
120.0 4.0 0.0
120.0 6.0 0.0
120.0 8.0 0.0
120.0 10.0 0.0
120.0 12.0 0.0
120.0 14.0 0.0
120.0 16.0 0.0
120.0 18.0 0.0
120.0 20.0 0.0
120.0 22.0 0.0
120.0 24.0 0.0
120.0 26.0 0.0
120.0 28.0 0.0
120.0 30.0 0.0
120.0 32.0 0.0
120.0 34.0 0.0
120.0 36.0 0.0
120.0 38.0 0.0
120.0 40.0 0.0
120.0 42.0 0.0
120.0 44.0 0.0
120.0 46.0 0.0
120.0 48.0 0.0
120.0 50.0 0.0
120.0 52.0 0.0
120.0 54.0 0.0
120.0 56.0 0.0
120.0 58.0 0.0
120.0 60.0 0.0
120.0 62.0 0.0
120.0 64.0 0.0
120.0 66.0 0.0
120.0 68.0 0.0017124152450832275
120.0 70.0 0.048613620050885355
120.0 72.0 0.13623994259476943
120.0 74.0 0.24840148021322342
120.0 76.0 0.3355243976460848
120.0 78.0 0.3887262504429723
120.0 80.0 0.47278191124488367
120.0 82.0 0.4700030429153373
120.0 84.0 0.4088425318090294
120.0 86.0 0.31094185302453825
120.0 88.0 0.2046887303740835
120.0 90.0 0.10622101113356869
120.0 92.0 0.03781319314325968
120.0 94.0 0.0
120.0 96.0 0.0
120.0 98.0 0.0
120.0 100.0 0.0
120.0 102.0 0.0
120.0 104.0 0.0
120.0 106.0 0.0
120.0 108.0 0.0
120.0 110.0 0.0
120.0 112.0 0.0
120.0 114.0 0.0
120.0 116.0 0.0
120.0 118.0 0.0
120.0 120.0 0.0
120.0 122.0 0.0
120.0 124.0 0.0
120.0 126.0 0.0
122.0 0.0 0.0
122.0 2.0 0.0
122.0 4.0 0.0
122.0 6.0 0.0
122.0 8.0 0.0
122.0 10.0 0.0
122.0 12.0 0.0
122.0 14.0 0.0
122.0 16.0 0.0
122.0 18.0 0.0
122.0 20.0 0.0
122.0 22.0 0.0
122.0 24.0 0.0
122.0 26.0 0.0
122.0 28.0 0.0
122.0 30.0 0.0
122.0 32.0 0.0
122.0 34.0 0.0
122.0 36.0 0.0
122.0 38.0 0.0
122.0 40.0 0.0
122.0 42.0 0.0
122.0 44.0 0.0
122.0 46.0 0.0
122.0 48.0 0.0
122.0 50.0 0.0
122.0 52.0 0.0
122.0 54.0 0.0
122.0 56.0 0.0
122.0 58.0 0.0
122.0 60.0 0.0
122.0 62.0 0.0
122.0 64.0 0.0
122.0 66.0 0.0
122.0 68.0 0.0
122.0 70.0 0.024481271153247452
122.0 72.0 0.10686495372289062
122.0 74.0 0.2257995917586623
122.0 76.0 0.32538386010949344
122.0 78.0 0.38965418159445825
122.0 80.0 0.4734981654295058
122.0 82.0 0.4801869695173426
122.0 84.0 0.4251466464515112
122.0 86.0 0.33187159249162396
122.0 88.0 0.21359206272796927
122.0 90.0 0.0
122.0 92.0 0.0
122.0 94.0 0.0
122.0 96.0 0.0
122.0 98.0 0.0
122.0 100.0 0.0
122.0 102.0 0.0
122.0 104.0 0.0
122.0 106.0 0.0
122.0 108.0 0.0
122.0 110.0 0.0
122.0 112.0 0.0
122.0 114.0 0.0
122.0 116.0 0.0
122.0 118.0 0.0
122.0 120.0 0.0
122.0 122.0 0.0
122.0 124.0 0.0
122.0 126.0 0.0
124.0 0.0 0.0
124.0 2.0 0.0
124.0 4.0 0.0
124.0 6.0 0.0
124.0 8.0 0.0
124.0 10.0 0.0
124.0 12.0 0.0
124.0 14.0 0.0
124.0 16.0 0.0
124.0 18.0 0.0
124.0 20.0 0.0
124.0 22.0 0.0
124.0 24.0 0.0
124.0 26.0 0.0
124.0 28.0 0.0
124.0 30.0 0.0
124.0 32.0 0.0
124.0 34.0 0.0
124.0 36.0 0.0
124.0 38.0 0.0
124.0 40.0 0.0
124.0 42.0 0.0
124.0 44.0 0.0
124.0 46.0 0.024775656851560513
124.0 48.0 0.0
124.0 50.0 0.0
124.0 52.0 0.0
124.0 54.0 0.0
124.0 56.0 0.0
124.0 58.0 0.0
124.0 60.0 0.0
124.0 62.0 0.0
124.0 64.0 0.0
124.0 66.0 0.0
124.0 68.0 0.0
124.0 70.0 0.008840293448160738
124.0 72.0 0.08589727714284971
124.0 74.0 0.2068906800010205
124.0 76.0 0.32028286346648044
124.0 78.0 0.39696725848196435
124.0 80.0 0.45367896732940677
124.0 82.0 0.4842957950881739
124.0 84.0 0.0
124.0 86.0 0.0
124.0 88.0 0.0
124.0 90.0 0.0
124.0 92.0 0.0
124.0 94.0 0.0
124.0 96.0 0.0
124.0 98.0 0.0
124.0 100.0 0.0
124.0 102.0 0.0
124.0 104.0 0.0
124.0 106.0 0.0
124.0 108.0 0.0
124.0 110.0 0.0
124.0 112.0 0.0
124.0 114.0 0.0
124.0 116.0 0.0
124.0 118.0 0.0
124.0 120.0 0.0
124.0 122.0 0.0
124.0 124.0 0.0
124.0 126.0 0.0
126.0 0.0 0.0
126.0 2.0 0.0
126.0 4.0 0.0
126.0 6.0 0.0
126.0 8.0 0.0
126.0 10.0 0.0
126.0 12.0 0.0
126.0 14.0 0.0
126.0 16.0 0.0
126.0 18.0 0.0
126.0 20.0 0.0
126.0 22.0 0.0
126.0 24.0 0.0
126.0 26.0 0.0
126.0 28.0 0.0
126.0 30.0 0.0
126.0 32.0 0.0
126.0 34.0 0.0
126.0 36.0 0.0
126.0 38.0 0.0
126.0 40.0 0.0
126.0 42.0 0.0
126.0 44.0 0.0
126.0 46.0 0.0
126.0 48.0 0.0
126.0 50.0 0.0
126.0 52.0 0.0
126.0 54.0 0.11089384938121839
126.0 56.0 0.0
126.0 58.0 0.0
126.0 60.0 0.0
126.0 62.0 0.0
126.0 64.0 0.0
126.0 66.0 0.0
126.0 68.0 0.0
126.0 70.0 0.004665551577865495
126.0 72.0 0.0738795323733971
126.0 74.0 0.19045518954782706
126.0 76.0 0.0
126.0 78.0 0.0
126.0 80.0 0.0
126.0 82.0 0.0
126.0 84.0 0.0
126.0 86.0 0.0
126.0 88.0 0.0
126.0 90.0 0.0
126.0 92.0 0.0
126.0 94.0 0.0
126.0 96.0 0.0
126.0 98.0 0.0
126.0 100.0 0.0
126.0 102.0 0.0
126.0 104.0 0.0
126.0 106.0 0.0
126.0 108.0 0.0
126.0 110.0 0.0
126.0 112.0 0.0
126.0 114.0 0.0
126.0 116.0 0.0
126.0 118.0 0.0
126.0 120.0 0.0
126.0 122.0 0.0
126.0 124.0 0.0
126.0 126.0 0.0
