0.0 0.0 0.0
0.0 2.0 0.0
0.0 4.0 0.0
0.0 6.0 0.0
0.0 8.0 0.0
0.0 10.0 0.0
0.0 12.0 0.0
0.0 14.0 0.0
0.0 16.0 0.0
0.0 18.0 0.0
0.0 20.0 0.0
0.0 22.0 0.0
0.0 24.0 0.0
0.0 26.0 0.0
0.0 28.0 0.0
0.0 30.0 0.0
0.0 32.0 0.0
0.0 34.0 0.0
0.0 36.0 0.0
0.0 38.0 0.0
0.0 40.0 0.0
0.0 42.0 0.0
0.0 44.0 0.0
0.0 46.0 0.0
0.0 48.0 0.0
0.0 50.0 0.0
0.0 52.0 0.0
0.0 54.0 0.0
0.0 56.0 0.0
0.0 58.0 0.0
0.0 60.0 0.0
0.0 62.0 0.0
0.0 64.0 0.0
0.0 66.0 0.0
0.0 68.0 0.0
0.0 70.0 0.0
0.0 72.0 0.0
0.0 74.0 0.0
0.0 76.0 0.0
0.0 78.0 0.0
0.0 80.0 0.0
0.0 82.0 0.0
0.0 84.0 0.0
0.0 86.0 0.0
0.0 88.0 0.0
0.0 90.0 0.0
0.0 92.0 0.0
0.0 94.0 0.0
0.0 96.0 0.0
0.0 98.0 0.0
0.0 100.0 0.0
0.0 102.0 0.0
0.0 104.0 0.0
0.0 106.0 0.0
0.0 108.0 0.0
0.0 110.0 0.0
0.0 112.0 0.0
0.0 114.0 0.0
0.0 116.0 0.0
0.0 118.0 0.0
0.0 120.0 0.0
0.0 122.0 0.0
0.0 124.0 0.0
0.0 126.0 0.0
2.0 0.0 0.0
2.0 2.0 0.0
2.0 4.0 0.0
2.0 6.0 0.0
2.0 8.0 0.0
2.0 10.0 0.0
2.0 12.0 0.0
2.0 14.0 0.0
2.0 16.0 0.0
2.0 18.0 0.0
2.0 20.0 0.0
2.0 22.0 0.0
2.0 24.0 0.0
2.0 26.0 0.0
2.0 28.0 0.0
2.0 30.0 0.0
2.0 32.0 0.0
2.0 34.0 0.0
2.0 36.0 0.0
2.0 38.0 0.0
2.0 40.0 0.0
2.0 42.0 0.0
2.0 44.0 0.0
2.0 46.0 0.0
2.0 48.0 0.18296337968864237
2.0 50.0 0.22175719669539784
2.0 52.0 0.1215752181244169
2.0 54.0 0.028710031514692102
2.0 56.0 0.0
2.0 58.0 0.0
2.0 60.0 0.0
2.0 62.0 0.0
2.0 64.0 0.0
2.0 66.0 0.007533528339594141
2.0 68.0 0.0614678208887135
2.0 70.0 0.11951729200719445
2.0 72.0 0.13978207316609811
2.0 74.0 0.14186090910704816
2.0 76.0 0.1295573778818947
2.0 78.0 0.09396036825741029
2.0 80.0 0.0
2.0 82.0 0.0
2.0 84.0 0.0
2.0 86.0 0.0
2.0 88.0 0.0
2.0 90.0 0.0
2.0 92.0 0.0
2.0 94.0 0.0
2.0 96.0 0.0
2.0 98.0 0.0
2.0 100.0 0.0
2.0 102.0 0.0
2.0 104.0 0.0
2.0 106.0 0.0
2.0 108.0 0.0
2.0 110.0 0.0
2.0 112.0 0.0
2.0 114.0 0.0
2.0 116.0 0.0
2.0 118.0 0.0
2.0 120.0 0.0
2.0 122.0 0.0
2.0 124.0 0.0
2.0 126.0 0.0
4.0 0.0 0.0
4.0 2.0 0.0
4.0 4.0 0.0
4.0 6.0 0.0
4.0 8.0 0.0
4.0 10.0 0.0
4.0 12.0 0.0
4.0 14.0 0.0
4.0 16.0 0.0
4.0 18.0 0.0
4.0 20.0 0.0
4.0 22.0 0.0
4.0 24.0 0.0
4.0 26.0 0.0
4.0 28.0 0.0
4.0 30.0 0.0
4.0 32.0 0.0
4.0 34.0 0.0
4.0 36.0 0.0
4.0 38.0 0.0
4.0 40.0 0.0
4.0 42.0 0.32399695927437566
4.0 44.0 0.3157627144489597
4.0 46.0 0.21357651554602178
4.0 48.0 0.101502804956564
4.0 50.0 0.01580902277905171
4.0 52.0 0.0
4.0 54.0 0.0
4.0 56.0 0.0
4.0 58.0 0.0
4.0 60.0 0.0
4.0 62.0 0.0
4.0 64.0 0.0
4.0 66.0 0.0030386452605377923
4.0 68.0 0.040618068709811835
4.0 70.0 0.09323119862238045
4.0 72.0 0.11014785036066001
4.0 74.0 0.11890193327322106
4.0 76.0 0.10920332178629595
4.0 78.0 0.0749108217802707
4.0 80.0 0.0386299174740169
4.0 82.0 0.026386902437125884
4.0 84.0 7.978834510792672E-4
4.0 86.0 0.0
4.0 88.0 0.0
4.0 90.0 0.0
4.0 92.0 0.0
4.0 94.0 0.0
4.0 96.0 0.0
4.0 98.0 0.0
4.0 100.0 0.0
4.0 102.0 0.0
4.0 104.0 0.0
4.0 106.0 0.0
4.0 108.0 0.0
4.0 110.0 0.0
4.0 112.0 0.0
4.0 114.0 0.0
4.0 116.0 0.0
4.0 118.0 0.0
4.0 120.0 0.0
4.0 122.0 0.0
4.0 124.0 0.0
4.0 126.0 0.0
6.0 0.0 0.0
6.0 2.0 0.0
6.0 4.0 0.0
6.0 6.0 0.0
6.0 8.0 0.0
6.0 10.0 0.0
6.0 12.0 0.0
6.0 14.0 0.0
6.0 16.0 0.0
6.0 18.0 0.0
6.0 20.0 0.0
6.0 22.0 0.0
6.0 24.0 0.0
6.0 26.0 0.0
6.0 28.0 0.0
6.0 30.0 0.0
6.0 32.0 0.0
6.0 34.0 0.0
6.0 36.0 0.0
6.0 38.0 0.407325069681245
6.0 40.0 0.4833515773633963
6.0 42.0 0.3810265417038792
6.0 44.0 0.28216690102520525
6.0 46.0 0.16348434137088821
6.0 48.0 0.0499861827694536
6.0 50.0 0.0
6.0 52.0 0.0
6.0 54.0 0.0
6.0 56.0 0.0
6.0 58.0 0.0
6.0 60.0 0.0
6.0 62.0 0.0
6.0 64.0 0.0
6.0 66.0 0.0
6.0 68.0 0.0358102971895031
6.0 70.0 0.08623333983004373
6.0 72.0 0.09133322221608343
6.0 74.0 0.09866489768720237
6.0 76.0 0.08962032431836879
6.0 78.0 0.05485045096266925
6.0 80.0 0.013577731100852886
6.0 82.0 0.007431315614258325
6.0 84.0 0.0
6.0 86.0 0.0
6.0 88.0 0.0
6.0 90.0 0.0
6.0 92.0 0.0
6.0 94.0 0.0
6.0 96.0 0.0
6.0 98.0 0.0
6.0 100.0 0.0
6.0 102.0 0.0
6.0 104.0 0.0
6.0 106.0 0.0
6.0 108.0 0.0
6.0 110.0 0.0
6.0 112.0 0.0
6.0 114.0 0.0
6.0 116.0 0.0
6.0 118.0 0.0
6.0 120.0 0.0
6.0 122.0 0.0
6.0 124.0 0.0
6.0 126.0 0.0
8.0 0.0 0.0
8.0 2.0 0.0
8.0 4.0 0.0
8.0 6.0 0.0
8.0 8.0 0.0
8.0 10.0 0.0
8.0 12.0 0.0
8.0 14.0 0.0
8.0 16.0 0.0
8.0 18.0 0.0
8.0 20.0 0.0
8.0 22.0 0.0
8.0 24.0 0.0
8.0 26.0 0.0
8.0 28.0 0.0
8.0 30.0 0.0
8.0 32.0 0.0
8.0 34.0 0.35816158142127885
8.0 36.0 0.567315192972723
8.0 38.0 0.5192712333417784
8.0 40.0 0.4659480314284603
8.0 42.0 0.3894119271399372
8.0 44.0 0.27293515216650205
8.0 46.0 0.14200133881980537
8.0 48.0 0.03859023289949987
8.0 50.0 0.0
8.0 52.0 0.0
8.0 54.0 0.0
8.0 56.0 0.0
8.0 58.0 0.0
8.0 60.0 0.0
8.0 62.0 0.0
8.0 64.0 0.0
8.0 66.0 0.0
8.0 68.0 0.035796323311650974
8.0 70.0 0.07477954564940721
8.0 72.0 0.08192980859314249
8.0 74.0 0.078007836610954
8.0 76.0 0.05794488149662861
8.0 78.0 0.022510731339723245
8.0 80.0 3.8025407489454495E-4
8.0 82.0 0.0
8.0 84.0 0.0
8.0 86.0 0.0
8.0 88.0 0.0
8.0 90.0 0.0
8.0 92.0 0.0
8.0 94.0 0.0
8.0 96.0 0.0
8.0 98.0 0.0
8.0 100.0 0.0
8.0 102.0 0.0
8.0 104.0 0.0
8.0 106.0 0.0
8.0 108.0 0.0
8.0 110.0 0.0
8.0 112.0 0.0
8.0 114.0 0.0
8.0 116.0 0.0
8.0 118.0 0.0
8.0 120.0 0.0
8.0 122.0 0.0
8.0 124.0 0.0
8.0 126.0 0.0
10.0 0.0 0.0
10.0 2.0 0.0
10.0 4.0 0.0
10.0 6.0 0.0
10.0 8.0 0.0
10.0 10.0 0.0
10.0 12.0 0.0
10.0 14.0 0.0
10.0 16.0 0.0
10.0 18.0 0.0
10.0 20.0 0.0
10.0 22.0 0.0
10.0 24.0 0.0
10.0 26.0 0.0
10.0 28.0 0.0
10.0 30.0 0.15036891104742658
10.0 32.0 0.5349013806382049
10.0 34.0 0.5327176467811461
10.0 36.0 0.533390337336827
10.0 38.0 0.5406132886835388
10.0 40.0 0.5214318983477939
10.0 42.0 0.4452167006846171
10.0 44.0 0.28094050183189895
10.0 46.0 0.1283122362009154
10.0 48.0 0.034988828465116716
10.0 50.0 0.0
10.0 52.0 0.0
10.0 54.0 0.0
10.0 56.0 0.0
10.0 58.0 0.0
10.0 60.0 0.0
10.0 62.0 0.0
10.0 64.0 0.0
10.0 66.0 0.0
10.0 68.0 0.03134995851523794
10.0 70.0 0.06601347957234503
10.0 72.0 0.07315314804335134
10.0 74.0 0.06173278362158576
10.0 76.0 0.016823039898113006
10.0 78.0 0.0013404949533760678
10.0 80.0 0.0
10.0 82.0 0.0
10.0 84.0 0.0
10.0 86.0 0.0
10.0 88.0 0.0
10.0 90.0 0.0
10.0 92.0 0.0
10.0 94.0 0.0
10.0 96.0 0.0
10.0 98.0 0.0
10.0 100.0 0.0
10.0 102.0 0.0
10.0 104.0 0.0
10.0 106.0 0.0
10.0 108.0 0.0
10.0 110.0 0.0
10.0 112.0 0.0
10.0 114.0 0.0
10.0 116.0 0.0
10.0 118.0 0.0
10.0 120.0 0.0
10.0 122.0 0.0
10.0 124.0 0.0
10.0 126.0 0.0
12.0 0.0 0.0
12.0 2.0 0.0
12.0 4.0 0.0
12.0 6.0 0.0
12.0 8.0 0.0
12.0 10.0 0.0
12.0 12.0 0.0
12.0 14.0 0.0
12.0 16.0 0.0
12.0 18.0 0.0
12.0 20.0 0.0
12.0 22.0 0.0
12.0 24.0 0.0
12.0 26.0 0.0
12.0 28.0 0.07547027293862248
12.0 30.0 0.3935616597097836
12.0 32.0 0.49210821563709256
12.0 34.0 0.5364768748182327
12.0 36.0 0.5653583462449373
12.0 38.0 0.5831954763799192
12.0 40.0 0.555468330057218
12.0 42.0 0.4142347702366925
12.0 44.0 0.2577955500413116
12.0 46.0 0.12086884029405541
12.0 48.0 0.03009969830752055
12.0 50.0 0.0
12.0 52.0 0.0
12.0 54.0 0.0
12.0 56.0 0.0
12.0 58.0 0.0
12.0 60.0 0.0
12.0 62.0 0.0
12.0 64.0 0.0
12.0 66.0 0.0
12.0 68.0 0.025252791143267252
12.0 70.0 0.0569275005577238
12.0 72.0 0.06481727643476752
12.0 74.0 0.04169520499776383
12.0 76.0 0.01050857038003475
12.0 78.0 0.0
12.0 80.0 0.0
12.0 82.0 0.0
12.0 84.0 0.0
12.0 86.0 0.0
12.0 88.0 0.0
12.0 90.0 0.0
12.0 92.0 0.0
12.0 94.0 0.0
12.0 96.0 0.0
12.0 98.0 0.0
12.0 100.0 0.0
12.0 102.0 0.0
12.0 104.0 0.0
12.0 106.0 0.0
12.0 108.0 0.0
12.0 110.0 0.0
12.0 112.0 0.0
12.0 114.0 0.0
12.0 116.0 0.0
12.0 118.0 0.0
12.0 120.0 0.0
12.0 122.0 0.0
12.0 124.0 0.0
12.0 126.0 0.0
14.0 0.0 0.0
14.0 2.0 0.0
14.0 4.0 0.0
14.0 6.0 0.0
14.0 8.0 0.0
14.0 10.0 0.0
14.0 12.0 0.0
14.0 14.0 0.0
14.0 16.0 0.0
14.0 18.0 0.0
14.0 20.0 0.0
14.0 22.0 0.0
14.0 24.0 0.04307261772059954
14.0 26.0 0.18734627557749728
14.0 28.0 0.29434627954194187
14.0 30.0 0.4171149508783179
14.0 32.0 0.5262354770216671
14.0 34.0 0.5870208626196093
14.0 36.0 0.6215389354826496
14.0 38.0 0.6110977297079642
14.0 40.0 0.5548081793960157
14.0 42.0 0.39083814843015
14.0 44.0 0.24221434382097795
14.0 46.0 0.10545593486957683
14.0 48.0 0.01838705879580712
14.0 50.0 0.0
14.0 52.0 0.0
14.0 54.0 0.0
14.0 56.0 0.0
14.0 58.0 0.0
14.0 60.0 0.0
14.0 62.0 0.0
14.0 64.0 0.0
14.0 66.0 0.0
14.0 68.0 0.01589148344375793
14.0 70.0 0.056361287610815554
14.0 72.0 0.058083290573956836
14.0 74.0 0.0491995099043607
14.0 76.0 0.01119674037602506
14.0 78.0 0.0
14.0 80.0 0.0
14.0 82.0 0.0
14.0 84.0 0.0
14.0 86.0 0.0
14.0 88.0 0.0
14.0 90.0 0.0
14.0 92.0 0.0
14.0 94.0 0.0
14.0 96.0 0.0
14.0 98.0 0.0
14.0 100.0 0.0
14.0 102.0 0.0
14.0 104.0 0.0
14.0 106.0 0.0
14.0 108.0 0.0
14.0 110.0 0.0
14.0 112.0 0.0
14.0 114.0 0.0
14.0 116.0 0.0
14.0 118.0 0.0
14.0 120.0 0.0
14.0 122.0 0.0
14.0 124.0 0.0
14.0 126.0 0.0
16.0 0.0 0.0
16.0 2.0 0.0
16.0 4.0 0.0
16.0 6.0 0.0
16.0 8.0 0.0
16.0 10.0 0.0
16.0 12.0 0.0
16.0 14.0 0.0
16.0 16.0 0.0
16.0 18.0 0.0
16.0 20.0 0.0
16.0 22.0 0.08446018131802095
16.0 24.0 0.15408361097497303
16.0 26.0 0.18707640905579362
16.0 28.0 0.2690464990183457
16.0 30.0 0.417366438612446
16.0 32.0 0.5777858466108832
16.0 34.0 0.5894346714817202
16.0 36.0 0.6016196789704196
16.0 38.0 0.5820853945206635
16.0 40.0 0.47924261617548175
16.0 42.0 0.3617456858631353
16.0 44.0 0.2286658919721579
16.0 46.0 0.09814066414472333
16.0 48.0 0.02202919921686894
16.0 50.0 0.0
16.0 52.0 0.0
16.0 54.0 0.0
16.0 56.0 0.0
16.0 58.0 0.0
16.0 60.0 0.0
16.0 62.0 0.0
16.0 64.0 0.0
16.0 66.0 0.0
16.0 68.0 0.010643382742994692
16.0 70.0 0.0482370227609484
16.0 72.0 0.05729685915886191
16.0 74.0 0.056931234356314475
16.0 76.0 0.03882317064213096
16.0 78.0 0.0029270799151671135
16.0 80.0 0.0
16.0 82.0 0.0
16.0 84.0 0.0
16.0 86.0 0.0
16.0 88.0 0.0
16.0 90.0 0.0
16.0 92.0 0.0
16.0 94.0 0.0
16.0 96.0 0.0
16.0 98.0 0.0
16.0 100.0 0.0
16.0 102.0 0.0
16.0 104.0 0.004384849665768005
16.0 106.0 0.0
16.0 108.0 0.0
16.0 110.0 0.0
16.0 112.0 0.0
16.0 114.0 0.0
16.0 116.0 0.0
16.0 118.0 0.0
16.0 120.0 0.0
16.0 122.0 0.0
16.0 124.0 0.0
16.0 126.0 0.0
18.0 0.0 0.0
18.0 2.0 0.0
18.0 4.0 0.0
18.0 6.0 0.0
18.0 8.0 0.0
18.0 10.0 0.0
18.0 12.0 0.0
18.0 14.0 0.0
18.0 16.0 0.0
18.0 18.0 0.0
18.0 20.0 0.1406825871921903
18.0 22.0 0.13356751380569312
18.0 24.0 0.09717072056216801
18.0 26.0 0.11834469626153565
18.0 28.0 0.22509044572179618
18.0 30.0 0.39212573368642367
18.0 32.0 0.524289746297835
18.0 34.0 0.5294271289910298
18.0 36.0 0.5149869302360293
18.0 38.0 0.5049333625798679
18.0 40.0 0.41022136111992896
18.0 42.0 0.3060138371117899
18.0 44.0 0.20423811896010702
18.0 46.0 0.07845097719741755
18.0 48.0 0.0065556018101210894
18.0 50.0 0.0
18.0 52.0 0.0
18.0 54.0 0.0
18.0 56.0 0.0
18.0 58.0 0.0
18.0 60.0 0.0
18.0 62.0 0.0
18.0 64.0 0.0
18.0 66.0 0.0
18.0 68.0 0.008806675449210037
18.0 70.0 0.041959355585343146
18.0 72.0 0.06087822780411148
18.0 74.0 0.07660970620707257
18.0 76.0 0.06851706794274583
18.0 78.0 0.027204656121606312
18.0 80.0 4.2383865180038776E-4
18.0 82.0 0.0
18.0 84.0 0.0
18.0 86.0 0.0
18.0 88.0 0.0
18.0 90.0 0.0
18.0 92.0 0.0
18.0 94.0 0.0
18.0 96.0 0.0
18.0 98.0 0.0
18.0 100.0 0.0
18.0 102.0 0.0
18.0 104.0 4.651924059906197E-4
18.0 106.0 0.015911512312555668
18.0 108.0 0.0
18.0 110.0 0.0
18.0 112.0 0.0
18.0 114.0 0.0
18.0 116.0 0.0
18.0 118.0 0.0
18.0 120.0 0.0
18.0 122.0 0.0
18.0 124.0 0.0
18.0 126.0 0.0
20.0 0.0 0.0
20.0 2.0 0.0
20.0 4.0 0.0
20.0 6.0 0.0
20.0 8.0 0.0
20.0 10.0 0.0
20.0 12.0 0.0
20.0 14.0 0.0
20.0 16.0 0.0
20.0 18.0 0.15927133296784546
20.0 20.0 0.09034514850276626
20.0 22.0 0.02875944208573204
20.0 24.0 0.020263044618365585
20.0 26.0 0.04044029431778381
20.0 28.0 0.12752862247841087
20.0 30.0 0.28454420346885817
20.0 32.0 0.4536339752794996
20.0 34.0 0.4461672072988759
20.0 36.0 0.42559196258528015
20.0 38.0 0.42912963024453
20.0 40.0 0.344689025963937
20.0 42.0 0.25518255426153785
20.0 44.0 0.17687800621743469
20.0 46.0 0.06467156407664464
20.0 48.0 0.0032911108120853333
20.0 50.0 0.0
20.0 52.0 0.0
20.0 54.0 0.0
20.0 56.0 0.0
20.0 58.0 0.0
20.0 60.0 0.0
20.0 62.0 0.0
20.0 64.0 0.0
20.0 66.0 0.0
20.0 68.0 0.009919433997643105
20.0 70.0 0.03893843278382215
20.0 72.0 0.05979548664686598
20.0 74.0 0.07377343312555038
20.0 76.0 0.07857437996602597
20.0 78.0 0.06975335188043923
20.0 80.0 0.030326442593562656
20.0 82.0 0.0010802960363622493
20.0 84.0 0.0
20.0 86.0 0.0
20.0 88.0 0.0
20.0 90.0 0.0
20.0 92.0 0.0
20.0 94.0 0.0
20.0 96.0 0.0
20.0 98.0 0.0
20.0 100.0 0.0
20.0 102.0 0.0
20.0 104.0 0.0
20.0 106.0 2.429790896612946E-4
20.0 108.0 0.0242556902609891
20.0 110.0 0.0
20.0 112.0 0.0
20.0 114.0 0.0
20.0 116.0 0.0
20.0 118.0 0.0
20.0 120.0 0.0
20.0 122.0 0.0
20.0 124.0 0.0
20.0 126.0 0.0
22.0 0.0 0.0
22.0 2.0 0.0
22.0 4.0 0.0
22.0 6.0 0.0
22.0 8.0 0.0
22.0 10.0 0.0
22.0 12.0 0.0
22.0 14.0 0.0
22.0 16.0 0.051776315054006795
22.0 18.0 0.001400053164759175
22.0 20.0 0.0
22.0 22.0 0.0
22.0 24.0 0.0
22.0 26.0 0.0
22.0 28.0 0.027841128141425298
22.0 30.0 0.12956104401294846
22.0 32.0 0.27946401740796395
22.0 34.0 0.3421420004535342
22.0 36.0 0.34043279044200503
22.0 38.0 0.3192047386581374
22.0 40.0 0.30070914111746805
22.0 42.0 0.2302799954481568
22.0 44.0 0.1315263046961545
22.0 46.0 0.03276903113462434
22.0 48.0 0.0
22.0 50.0 0.0
22.0 52.0 0.0
22.0 54.0 0.0
22.0 56.0 0.0
22.0 58.0 0.0
22.0 60.0 0.0
22.0 62.0 0.0
22.0 64.0 0.0
22.0 66.0 7.258154333727392E-4
22.0 68.0 0.01666274957581212
22.0 70.0 0.04234434515804072
22.0 72.0 0.058006476049830315
22.0 74.0 0.0715422906504911
22.0 76.0 0.08400696533246216
22.0 78.0 0.08318201010157929
22.0 80.0 0.07367976808494776
22.0 82.0 0.05669739108944926
22.0 84.0 0.038665312366734046
22.0 86.0 0.023237983942226117
22.0 88.0 0.014519056680152888
22.0 90.0 0.0
22.0 92.0 0.0
22.0 94.0 0.0
22.0 96.0 0.0
22.0 98.0 0.0
22.0 100.0 0.0
22.0 102.0 0.0
22.0 104.0 0.0
22.0 106.0 0.0
22.0 108.0 0.0
22.0 110.0 0.0
22.0 112.0 0.0
22.0 114.0 0.0
22.0 116.0 0.0
22.0 118.0 0.0
22.0 120.0 0.0
22.0 122.0 0.0
22.0 124.0 0.0
22.0 126.0 0.0
24.0 0.0 0.0
24.0 2.0 0.0
24.0 4.0 0.0
24.0 6.0 0.0
24.0 8.0 0.0
24.0 10.0 0.0
24.0 12.0 0.0
24.0 14.0 0.0
24.0 16.0 0.0
24.0 18.0 0.0
24.0 20.0 0.0
24.0 22.0 0.0
24.0 24.0 0.0
24.0 26.0 0.0
24.0 28.0 0.0
24.0 30.0 0.019151221541192177
24.0 32.0 0.0894235671072055
24.0 34.0 0.19194942684615315
24.0 36.0 0.22991565518803458
24.0 38.0 0.2333958822575658
24.0 40.0 0.1916153150602643
24.0 42.0 0.14623707415400622
24.0 44.0 0.08972155899970458
24.0 46.0 0.015685069613984748
24.0 48.0 0.0
24.0 50.0 0.0
24.0 52.0 0.0
24.0 54.0 0.0
24.0 56.0 0.0
24.0 58.0 0.0
24.0 60.0 0.0
24.0 62.0 0.0
24.0 64.0 0.0
24.0 66.0 0.009517877700332918
24.0 68.0 0.026636311001245628
24.0 70.0 0.05106691468921384
24.0 72.0 0.05321873823682438
24.0 74.0 0.06243328669395929
24.0 76.0 0.07498304544021625
24.0 78.0 0.09998820435704266
24.0 80.0 0.10224144971410067
24.0 82.0 0.10311027092633003
24.0 84.0 0.1026466169266065
24.0 86.0 0.10048523695141275
24.0 88.0 0.10314859953681106
24.0 90.0 0.11021853008963145
24.0 92.0 0.08142824962626322
24.0 94.0 0.023370286122146228
24.0 96.0 9.823968133029916E-5
24.0 98.0 0.0
24.0 100.0 0.0
24.0 102.0 0.0
24.0 104.0 0.0
24.0 106.0 0.0
24.0 108.0 0.0
24.0 110.0 0.0
24.0 112.0 0.0
24.0 114.0 0.0
24.0 116.0 0.0
24.0 118.0 0.0
24.0 120.0 0.0
24.0 122.0 0.0
24.0 124.0 0.0
24.0 126.0 0.0
26.0 0.0 0.0
26.0 2.0 0.0
26.0 4.0 0.0
26.0 6.0 0.0
26.0 8.0 0.0
26.0 10.0 0.0
26.0 12.0 0.0
26.0 14.0 0.0
26.0 16.0 0.0
26.0 18.0 0.0
26.0 20.0 0.0
26.0 22.0 0.0
26.0 24.0 0.0
26.0 26.0 0.0
26.0 28.0 0.0
26.0 30.0 0.0
26.0 32.0 0.007789783601545176
26.0 34.0 0.040825027009699554
26.0 36.0 0.0738087487608949
26.0 38.0 0.10386605819014777
26.0 40.0 0.09605264671919544
26.0 42.0 0.0675756803622982
26.0 44.0 0.02583927667943807
26.0 46.0 2.1376610826762796E-4
26.0 48.0 0.0
26.0 50.0 0.0
26.0 52.0 0.0
26.0 54.0 0.0
26.0 56.0 0.0
26.0 58.0 0.0
26.0 60.0 0.0
26.0 62.0 0.0
26.0 64.0 0.0
26.0 66.0 0.01825886274315776
26.0 68.0 0.03594888366264009
26.0 70.0 0.05872004577143559
26.0 72.0 0.044720744916263856
26.0 74.0 0.043173062016662996
26.0 76.0 0.06352638971869641
26.0 78.0 0.11678225914278233
26.0 80.0 0.13717799227978966
26.0 82.0 0.14844243687560152
26.0 84.0 0.1596627779273833
26.0 86.0 0.17316499116876474
26.0 88.0 0.20628035827859637
26.0 90.0 0.22999236827673775
26.0 92.0 0.20232675082979032
26.0 94.0 0.1423669513100281
26.0 96.0 0.05604540599873109
26.0 98.0 0.009577104074866616
26.0 100.0 0.0
26.0 102.0 0.0
26.0 104.0 0.0
26.0 106.0 0.0
26.0 108.0 0.0
26.0 110.0 0.0
26.0 112.0 0.0
26.0 114.0 0.0
26.0 116.0 0.0
26.0 118.0 0.0
26.0 120.0 0.0
26.0 122.0 0.0
26.0 124.0 0.0
26.0 126.0 0.0
28.0 0.0 0.0
28.0 2.0 0.0
28.0 4.0 0.0
28.0 6.0 0.0
28.0 8.0 0.0
28.0 10.0 0.0
28.0 12.0 0.0
28.0 14.0 0.0
28.0 16.0 0.0
28.0 18.0 0.0
28.0 20.0 0.0
28.0 22.0 0.0
28.0 24.0 0.0
28.0 26.0 0.0
28.0 28.0 0.0
28.0 30.0 0.0
28.0 32.0 0.0
28.0 34.0 0.0
28.0 36.0 0.0
28.0 38.0 0.0056625973713328726
28.0 40.0 0.00870341171772625
28.0 42.0 0.006901885018043439
28.0 44.0 9.167852738240128E-4
28.0 46.0 0.0
28.0 48.0 0.0
28.0 50.0 0.0
28.0 52.0 0.0
28.0 54.0 0.0
28.0 56.0 0.005491174245781484
28.0 58.0 0.006344634996071977
28.0 60.0 0.004600008159726411
28.0 62.0 0.0029614712108180564
28.0 64.0 0.003258093645454026
28.0 66.0 0.019823952131369452
28.0 68.0 0.03765019756070898
28.0 70.0 0.05168003321155765
28.0 72.0 0.04403635377287698
28.0 74.0 0.03647907278535522
28.0 76.0 0.07866771098794982
28.0 78.0 0.14241736612077183
28.0 80.0 0.17643020341596324
28.0 82.0 0.19752935575396188
28.0 84.0 0.21761125736996245
28.0 86.0 0.23909381891981155
28.0 88.0 0.27282988445780826
28.0 90.0 0.3307422782472497
28.0 92.0 0.3179855805277531
28.0 94.0 0.27612339685883897
28.0 96.0 0.18655718603025606
28.0 98.0 0.07874187912049074
28.0 100.0 0.019118063947437244
28.0 102.0 0.0
28.0 104.0 0.0
28.0 106.0 0.0
28.0 108.0 0.0
28.0 110.0 0.0
28.0 112.0 0.0
28.0 114.0 0.0
28.0 116.0 0.0
28.0 118.0 0.0
28.0 120.0 0.0
28.0 122.0 0.0
28.0 124.0 0.0
28.0 126.0 0.0
30.0 0.0 0.0
30.0 2.0 0.0
30.0 4.0 0.0
30.0 6.0 0.0
30.0 8.0 0.0
30.0 10.0 0.0
30.0 12.0 0.0
30.0 14.0 0.0
30.0 16.0 0.0
30.0 18.0 0.0
30.0 20.0 0.0
30.0 22.0 0.0
30.0 24.0 0.0
30.0 26.0 0.0
30.0 28.0 0.0
30.0 30.0 0.0
30.0 32.0 0.0
30.0 34.0 0.0
30.0 36.0 0.0
30.0 38.0 0.0
30.0 40.0 0.0
30.0 42.0 0.0
30.0 44.0 0.0
30.0 46.0 0.0
30.0 48.0 0.0
30.0 50.0 0.0
30.0 52.0 0.0
30.0 54.0 0.0032395373118584113
30.0 56.0 0.024328640988737677
30.0 58.0 0.02417115983923369
30.0 60.0 0.023098366259945935
30.0 62.0 0.019937060032886745
30.0 64.0 0.01729138522448628
30.0 66.0 0.021103401041254494
30.0 68.0 0.036707278584304
30.0 70.0 0.038478598311535425
30.0 72.0 0.05524272317609751
30.0 74.0 0.0592506446622737
30.0 76.0 0.11568326475641788
30.0 78.0 0.1934519190171966
30.0 80.0 0.22369392342767605
30.0 82.0 0.25223201894590336
30.0 84.0 0.2729316438325429
30.0 86.0 0.30178077641406365
30.0 88.0 0.33148951908323576
30.0 90.0 0.40656023064658253
30.0 92.0 0.3969320951937567
30.0 94.0 0.3586296715577066
30.0 96.0 0.2869195694609979
30.0 98.0 0.18030305817494952
30.0 100.0 0.07209890993343734
30.0 102.0 0.006814009140975953
30.0 104.0 0.0
30.0 106.0 0.0
30.0 108.0 0.0
30.0 110.0 0.0
30.0 112.0 0.0
30.0 114.0 0.0
30.0 116.0 0.0
30.0 118.0 0.0
30.0 120.0 0.0
30.0 122.0 0.0
30.0 124.0 0.0
30.0 126.0 0.0
32.0 0.0 0.0
32.0 2.0 0.0
32.0 4.0 0.0
32.0 6.0 0.0
32.0 8.0 0.0
32.0 10.0 0.0
32.0 12.0 0.0
32.0 14.0 0.0
32.0 16.0 0.0
32.0 18.0 0.0
32.0 20.0 0.0
32.0 22.0 0.0
32.0 24.0 0.0
32.0 26.0 0.0
32.0 28.0 0.0
32.0 30.0 0.0
32.0 32.0 0.0
32.0 34.0 0.0
32.0 36.0 0.0
32.0 38.0 0.0
32.0 40.0 8.155308049471098E-4
32.0 42.0 0.002435769901678837
32.0 44.0 0.002156855440681006
32.0 46.0 0.0032301871281189727
32.0 48.0 0.0
32.0 50.0 0.0
32.0 52.0 0.0
32.0 54.0 0.013176904809887424
32.0 56.0 0.03233992159424729
32.0 58.0 0.0304405345540468
32.0 60.0 0.024737678237600827
32.0 62.0 0.018948479638290817
32.0 64.0 0.01526718970964948
32.0 66.0 0.014642729565647843
32.0 68.0 0.020553129261063098
32.0 70.0 0.03425448401499103
32.0 72.0 0.045639821664796965
32.0 74.0 0.08624036938872169
32.0 76.0 0.14984480780564294
32.0 78.0 0.21973308649535753
32.0 80.0 0.27964592063459986
32.0 82.0 0.3364199615400023
32.0 84.0 0.37401623412792234
32.0 86.0 0.40546503887373464
32.0 88.0 0.42888189593139253
32.0 90.0 0.4391076998934
32.0 92.0 0.43252805362650526
32.0 94.0 0.4000281285786434
32.0 96.0 0.34601168660783793
32.0 98.0 0.24857201108225926
32.0 100.0 0.11476806602203733
32.0 102.0 0.02590466379504613
32.0 104.0 0.0
32.0 106.0 0.0
32.0 108.0 0.0
32.0 110.0 0.0
32.0 112.0 0.0
32.0 114.0 0.0
32.0 116.0 0.0
32.0 118.0 0.0
32.0 120.0 0.0
32.0 122.0 0.0
32.0 124.0 0.0
32.0 126.0 0.0
34.0 0.0 0.0
34.0 2.0 0.0
34.0 4.0 0.0
34.0 6.0 0.0
34.0 8.0 0.0
34.0 10.0 0.0
34.0 12.0 0.001363993021482799
34.0 14.0 0.0
34.0 16.0 0.0
34.0 18.0 0.0
34.0 20.0 0.0
34.0 22.0 0.0
34.0 24.0 0.0
34.0 26.0 0.0
34.0 28.0 0.0
34.0 30.0 0.0
34.0 32.0 0.0
34.0 34.0 0.0
34.0 36.0 0.0
34.0 38.0 5.420936747833738E-4
34.0 40.0 0.008281773454391102
34.0 42.0 0.010328664926408748
34.0 44.0 0.013396303820109914
34.0 46.0 0.017220349465652998
34.0 48.0 0.019060221911657182
34.0 50.0 0.015593233714328221
34.0 52.0 0.019004516089146422
34.0 54.0 0.024966614632689437
34.0 56.0 0.03070882616687054
34.0 58.0 0.016685689853731506
34.0 60.0 0.009042648419138807
34.0 62.0 0.005017577837630273
34.0 64.0 0.0023103325587020183
34.0 66.0 0.0022355831581888502
34.0 68.0 0.01047328991646448
34.0 70.0 0.03157254986259094
34.0 72.0 0.05038801048588388
34.0 74.0 0.09060014004058331
34.0 76.0 0.15547008156147765
34.0 78.0 0.22828404536905958
34.0 80.0 0.29531695084467185
34.0 82.0 0.3521685453246329
34.0 84.0 0.39847762974315076
34.0 86.0 0.43215423115259305
34.0 88.0 0.4538905635083494
34.0 90.0 0.46395034766226423
34.0 92.0 0.46169574299726285
34.0 94.0 0.435475366754488
34.0 96.0 0.38990370482002995
34.0 98.0 0.2921428791457777
34.0 100.0 0.1444801531085054
34.0 102.0 0.03926676728298145
34.0 104.0 0.0
34.0 106.0 0.0
34.0 108.0 0.0
34.0 110.0 0.0
34.0 112.0 0.0
34.0 114.0 0.0
34.0 116.0 0.0
34.0 118.0 0.0
34.0 120.0 0.0
34.0 122.0 0.0
34.0 124.0 0.0
34.0 126.0 0.0
36.0 0.0 0.0
36.0 2.0 0.0
36.0 4.0 0.0
36.0 6.0 0.0
36.0 8.0 0.0
36.0 10.0 0.0014688090346435033
36.0 12.0 0.028364613729971896
36.0 14.0 0.0061324620287196195
36.0 16.0 0.0
36.0 18.0 0.0
36.0 20.0 0.0
36.0 22.0 0.0
36.0 24.0 0.0
36.0 26.0 0.0
36.0 28.0 0.0
36.0 30.0 0.0
36.0 32.0 0.0
36.0 34.0 0.0
36.0 36.0 0.0
36.0 38.0 0.0092929011125485
36.0 40.0 0.022628426421767798
36.0 42.0 0.03006316630423883
36.0 44.0 0.04130729985235003
36.0 46.0 0.05230359725707428
36.0 48.0 0.06119770998685937
36.0 50.0 0.06679199896523383
36.0 52.0 0.047870453379790893
36.0 54.0 0.04044187689177718
36.0 56.0 0.02421811098059913
36.0 58.0 1.5580923115328146E-4
36.0 60.0 0.0
36.0 62.0 0.0
36.0 64.0 0.0
36.0 66.0 0.0
36.0 68.0 0.0
36.0 70.0 0.0016466207599905823
36.0 72.0 0.03289099546540227
36.0 74.0 0.07818177436628189
36.0 76.0 0.15048213410156017
36.0 78.0 0.22882585169571693
36.0 80.0 0.3016439675266238
36.0 82.0 0.36020151197374023
36.0 84.0 0.40762142045963606
36.0 86.0 0.45170604712354456
36.0 88.0 0.5015035588473414
36.0 90.0 0.5062181149884802
36.0 92.0 0.4933425103170088
36.0 94.0 0.4601734721528876
36.0 96.0 0.4080056769271303
36.0 98.0 0.3041747240776132
36.0 100.0 0.15326250316433848
36.0 102.0 0.04610686396012201
36.0 104.0 0.0
36.0 106.0 0.0
36.0 108.0 0.0
36.0 110.0 0.0
36.0 112.0 0.0
36.0 114.0 0.0
36.0 116.0 0.0
36.0 118.0 0.0
36.0 120.0 0.0
36.0 122.0 0.0
36.0 124.0 0.0
36.0 126.0 0.0
38.0 0.0 0.0
38.0 2.0 0.0
38.0 4.0 0.0
38.0 6.0 0.012047265860658787
38.0 8.0 0.23898425870951945
38.0 10.0 0.23924899873542016
38.0 12.0 0.13792424847026796
38.0 14.0 0.023422840040111987
38.0 16.0 0.0
38.0 18.0 0.0
38.0 20.0 0.0
38.0 22.0 0.0
38.0 24.0 0.0
38.0 26.0 0.0
38.0 28.0 0.0
38.0 30.0 0.0
38.0 32.0 0.0
38.0 34.0 0.0
38.0 36.0 0.0
38.0 38.0 0.01819640521650313
38.0 40.0 0.043025279637733754
38.0 42.0 0.06570269606229291
38.0 44.0 0.08783923861532127
38.0 46.0 0.10712886765798622
38.0 48.0 0.11557853796358043
38.0 50.0 0.11336217990603652
38.0 52.0 0.10077757932088797
38.0 54.0 0.04588692009901544
38.0 56.0 0.00421315915189826
38.0 58.0 0.0
38.0 60.0 0.0
38.0 62.0 0.0
38.0 64.0 0.0
38.0 66.0 0.0
38.0 68.0 0.0
38.0 70.0 0.0
38.0 72.0 0.008713454978565885
38.0 74.0 0.05556603298907245
38.0 76.0 0.13444797091606153
38.0 78.0 0.22308461036318486
38.0 80.0 0.30247034200519046
38.0 82.0 0.36643176171123465
38.0 84.0 0.4265873585813847
38.0 86.0 0.4952638584423321
38.0 88.0 0.5116696921211515
38.0 90.0 0.5120875841225805
38.0 92.0 0.49517953349597793
38.0 94.0 0.46885051333973515
38.0 96.0 0.41656191451508007
38.0 98.0 0.27795506564024003
38.0 100.0 0.1336620973317317
38.0 102.0 0.02730452252585332
38.0 104.0 6.648049464546697E-4
38.0 106.0 0.0
38.0 108.0 0.0
38.0 110.0 0.0
38.0 112.0 0.0
38.0 114.0 0.0
38.0 116.0 0.0
38.0 118.0 0.0
38.0 120.0 0.0
38.0 122.0 0.0
38.0 124.0 0.0
38.0 126.0 0.0
40.0 0.0 0.0
40.0 2.0 0.0
40.0 4.0 0.0
40.0 6.0 0.05780141247913415
40.0 8.0 0.3566555526011288
40.0 10.0 0.31934877068872963
40.0 12.0 0.20030763182354436
40.0 14.0 0.0449304974453231
40.0 16.0 0.0
40.0 18.0 0.0
40.0 20.0 0.0
40.0 22.0 0.0
40.0 24.0 0.0
40.0 26.0 0.0
40.0 28.0 0.0
40.0 30.0 0.0
40.0 32.0 0.0
40.0 34.0 0.0
40.0 36.0 0.0
40.0 38.0 0.014899879218678696
40.0 40.0 0.061192030624267486
40.0 42.0 0.10286525846242767
40.0 44.0 0.1357862902664391
40.0 46.0 0.1608477852395474
40.0 48.0 0.1695997623503084
40.0 50.0 0.15931572278320597
40.0 52.0 0.1344198035430191
40.0 54.0 0.07284994016637965
40.0 56.0 0.0013496439511438557
40.0 58.0 0.0
40.0 60.0 0.0
40.0 62.0 0.0
40.0 64.0 0.0
40.0 66.0 0.0
40.0 68.0 0.0
40.0 70.0 0.0
40.0 72.0 0.0
40.0 74.0 0.034565979411161823
40.0 76.0 0.1094624296719441
40.0 78.0 0.21034266569963755
40.0 80.0 0.2982101301995124
40.0 82.0 0.3670271062397936
40.0 84.0 0.4373285790695773
40.0 86.0 0.5093442125478232
40.0 88.0 0.521327221651377
40.0 90.0 0.5130421801835106
40.0 92.0 0.48073918897439283
40.0 94.0 0.4394021223126416
40.0 96.0 0.36889782689460654
40.0 98.0 0.21468277140792977
40.0 100.0 0.09326420054875956
40.0 102.0 0.0022988374952176266
40.0 104.0 0.0
40.0 106.0 0.0
40.0 108.0 0.0
40.0 110.0 0.0
40.0 112.0 0.0
40.0 114.0 0.0
40.0 116.0 0.0
40.0 118.0 0.0
40.0 120.0 0.0
40.0 122.0 0.0
40.0 124.0 0.0
40.0 126.0 0.0
42.0 0.0 0.0
42.0 2.0 0.0
42.0 4.0 0.2510479418980845
42.0 6.0 0.47490797240454113
42.0 8.0 0.43352104625566085
42.0 10.0 0.36149742992927275
42.0 12.0 0.2075589857344183
42.0 14.0 0.04133107680976141
42.0 16.0 0.0
42.0 18.0 0.0
42.0 20.0 0.0
42.0 22.0 0.0
42.0 24.0 0.0
42.0 26.0 0.0
42.0 28.0 0.0
42.0 30.0 0.0
42.0 32.0 0.0
42.0 34.0 0.0
42.0 36.0 0.0
42.0 38.0 0.029950760572363528
42.0 40.0 0.09043593441231697
42.0 42.0 0.16201567541972797
42.0 44.0 0.20637457112863733
42.0 46.0 0.22847536329929916
42.0 48.0 0.22880525068003565
42.0 50.0 0.2069399898859657
42.0 52.0 0.1718255808530904
42.0 54.0 0.08724395870159936
42.0 56.0 0.0038923037334606856
42.0 58.0 0.0
42.0 60.0 0.0
42.0 62.0 0.0
42.0 64.0 0.0
42.0 66.0 0.0
42.0 68.0 0.0
42.0 70.0 0.0
42.0 72.0 0.0
42.0 74.0 0.01586099779193995
42.0 76.0 0.08883685201547649
42.0 78.0 0.18950512357592422
42.0 80.0 0.2798568965743835
42.0 82.0 0.36347764064798344
42.0 84.0 0.45710192128291743
42.0 86.0 0.5085883680534348
42.0 88.0 0.52846126438178
42.0 90.0 0.5092746509667232
42.0 92.0 0.4479715894359395
42.0 94.0 0.3761213975599605
42.0 96.0 0.2732925477235335
42.0 98.0 0.14179694662973233
42.0 100.0 0.04178917314047385
42.0 102.0 0.0
42.0 104.0 0.0
42.0 106.0 0.0
42.0 108.0 0.0
42.0 110.0 0.0
42.0 112.0 0.0
42.0 114.0 0.0
42.0 116.0 0.0
42.0 118.0 0.0
42.0 120.0 0.0
42.0 122.0 0.0
42.0 124.0 0.0
42.0 126.0 0.0
44.0 0.0 0.0
44.0 2.0 0.0
44.0 4.0 0.36314050541365095
44.0 6.0 0.4959657099153649
44.0 8.0 0.4543524374974694
44.0 10.0 0.3858044945225599
44.0 12.0 0.24473857331672036
44.0 14.0 0.03678297347401906
44.0 16.0 0.0
44.0 18.0 0.0
44.0 20.0 0.0
44.0 22.0 0.0
44.0 24.0 0.0
44.0 26.0 0.0
44.0 28.0 0.0
44.0 30.0 0.0
44.0 32.0 0.0
44.0 34.0 0.0
44.0 36.0 0.004834837525252864
44.0 38.0 0.06770203197883025
44.0 40.0 0.1814202323562848
44.0 42.0 0.284318067194681
44.0 44.0 0.30023949461683613
44.0 46.0 0.29944566230415925
44.0 48.0 0.2894928030881452
44.0 50.0 0.2535434383690745
44.0 52.0 0.20809914625660328
44.0 54.0 0.09225434433815073
44.0 56.0 0.004796310864993588
44.0 58.0 0.0
44.0 60.0 0.0
44.0 62.0 0.0
44.0 64.0 0.0
44.0 66.0 0.0
44.0 68.0 0.0
44.0 70.0 0.0
44.0 72.0 0.0
44.0 74.0 0.004523517430201601
44.0 76.0 0.06971184751686454
44.0 78.0 0.17673947098849033
44.0 80.0 0.27655784748874335
44.0 82.0 0.35592403163909586
44.0 84.0 0.42726045783869737
44.0 86.0 0.49700860593033475
44.0 88.0 0.5165961508262984
44.0 90.0 0.4825967797916844
44.0 92.0 0.3965674767539667
44.0 94.0 0.293192057064434
44.0 96.0 0.15934520489234485
44.0 98.0 0.06570660101688523
44.0 100.0 0.001247346104448359
44.0 102.0 0.0
44.0 104.0 0.0
44.0 106.0 0.0
44.0 108.0 0.0
44.0 110.0 0.0
44.0 112.0 0.0
44.0 114.0 0.0
44.0 116.0 0.0
44.0 118.0 0.0
44.0 120.0 0.0
44.0 122.0 0.0
44.0 124.0 0.0
44.0 126.0 0.0
46.0 0.0 0.0
46.0 2.0 0.0
46.0 4.0 0.4343243383223181
46.0 6.0 0.507225888647319
46.0 8.0 0.46520647616517374
46.0 10.0 0.4061987298880934
46.0 12.0 0.2411202224058433
46.0 14.0 0.026650445223882463
46.0 16.0 0.0
46.0 18.0 0.0
46.0 20.0 0.0
46.0 22.0 0.0
46.0 24.0 0.0
46.0 26.0 0.0
46.0 28.0 0.0
46.0 30.0 0.0
46.0 32.0 0.0
46.0 34.0 0.0
46.0 36.0 0.034416524030842256
46.0 38.0 0.14459037794031868
46.0 40.0 0.2803429756403572
46.0 42.0 0.36922567271895446
46.0 44.0 0.36217589040316334
46.0 46.0 0.3617656228910952
46.0 48.0 0.342804790555183
46.0 50.0 0.2946480376927468
46.0 52.0 0.23860652261402895
46.0 54.0 0.09885172548325988
46.0 56.0 0.0026840983768402493
46.0 58.0 0.0
46.0 60.0 0.0
46.0 62.0 0.0
46.0 64.0 0.0
46.0 66.0 0.0
46.0 68.0 0.0
46.0 70.0 0.0
46.0 72.0 0.0
46.0 74.0 0.0
46.0 76.0 0.045198621228182224
46.0 78.0 0.14127588887720408
46.0 80.0 0.2363839288029342
46.0 82.0 0.3180068067309434
46.0 84.0 0.39901128102347644
46.0 86.0 0.47248161940313965
46.0 88.0 0.47644294832177736
46.0 90.0 0.42454379313145213
46.0 92.0 0.31468174017744127
46.0 94.0 0.16504370278694133
46.0 96.0 0.07127233649297
46.0 98.0 0.013141524920394984
46.0 100.0 0.0
46.0 102.0 0.0
46.0 104.0 0.0
46.0 106.0 0.0
46.0 108.0 0.0
46.0 110.0 0.0
46.0 112.0 0.0
46.0 114.0 0.0
46.0 116.0 0.0
46.0 118.0 0.0
46.0 120.0 0.0
46.0 122.0 0.0
46.0 124.0 0.0
46.0 126.0 0.0
48.0 0.0 0.0
48.0 2.0 0.4908875174301248
48.0 4.0 0.536190357966188
48.0 6.0 0.49440521372056373
48.0 8.0 0.44086824974903843
48.0 10.0 0.380795353891277
48.0 12.0 0.13428392877504852
48.0 14.0 0.0
48.0 16.0 0.0
48.0 18.0 0.0
48.0 20.0 0.0
48.0 22.0 0.0
48.0 24.0 0.0
48.0 26.0 0.0
48.0 28.0 0.0
48.0 30.0 0.0
48.0 32.0 0.0
48.0 34.0 0.010505267801804767
48.0 36.0 0.09715714490526729
48.0 38.0 0.24378022069714042
48.0 40.0 0.38047053774540135
48.0 42.0 0.4198005281424546
48.0 44.0 0.4146333669438309
48.0 46.0 0.4124251376307118
48.0 48.0 0.3844160515602107
48.0 50.0 0.3559762882053723
48.0 52.0 0.28262390242742647
48.0 54.0 0.10178146808164516
48.0 56.0 0.0
48.0 58.0 0.0
48.0 60.0 0.0
48.0 62.0 0.0
48.0 64.0 0.0
48.0 66.0 0.0
48.0 68.0 0.0
48.0 70.0 0.0
48.0 72.0 0.0
48.0 74.0 0.0
48.0 76.0 0.022140187294724046
48.0 78.0 0.10460444811539642
48.0 80.0 0.1948887058757779
48.0 82.0 0.2746147981796786
48.0 84.0 0.34984724936376455
48.0 86.0 0.4091370380295108
48.0 88.0 0.39140770583950785
48.0 90.0 0.32730656214642273
48.0 92.0 0.2060706313617651
48.0 94.0 0.080748179986482
48.0 96.0 0.028379305364520515
48.0 98.0 0.0
48.0 100.0 0.0
48.0 102.0 0.0
48.0 104.0 0.0
48.0 106.0 0.0
48.0 108.0 0.0
48.0 110.0 0.0
48.0 112.0 0.0
48.0 114.0 0.0
48.0 116.0 0.0
48.0 118.0 0.0
48.0 120.0 0.0
48.0 122.0 1.457925329772599E-4
48.0 124.0 0.0
48.0 126.0 0.0
50.0 0.0 0.0
50.0 2.0 0.5048027387995844
50.0 4.0 0.5419396913962409
50.0 6.0 0.4966799534222588
50.0 8.0 0.42406324217562025
50.0 10.0 0.33899948202288704
50.0 12.0 0.09602789327038784
50.0 14.0 8.318634699390608E-4
50.0 16.0 0.0
50.0 18.0 0.0
50.0 20.0 0.0
50.0 22.0 0.0
50.0 24.0 0.0
50.0 26.0 0.0
50.0 28.0 0.0
50.0 30.0 0.0
50.0 32.0 1.562539039049527E-4
50.0 34.0 0.061601989842747
50.0 36.0 0.19699801338029777
50.0 38.0 0.33943041293226317
50.0 40.0 0.4563646447967784
50.0 42.0 0.4584765505753179
50.0 44.0 0.44963976416698653
50.0 46.0 0.44696475175952766
50.0 48.0 0.42640221177247195
50.0 50.0 0.4314490411413104
50.0 52.0 0.2743421466749186
50.0 54.0 0.09296067545362796
50.0 56.0 0.0
50.0 58.0 0.0
50.0 60.0 0.0
50.0 62.0 0.0
50.0 64.0 0.0
50.0 66.0 0.0
50.0 68.0 0.0
50.0 70.0 0.0
50.0 72.0 0.0
50.0 74.0 0.0
50.0 76.0 0.016867946194401965
50.0 78.0 0.0857763797757196
50.0 80.0 0.16272277530244816
50.0 82.0 0.22931638628063256
50.0 84.0 0.2898734056468
50.0 86.0 0.33878831159018336
50.0 88.0 0.3219449930532265
50.0 90.0 0.23945551646994967
50.0 92.0 0.11117852623369585
50.0 94.0 0.03612885949233633
50.0 96.0 1.1304241714493562E-4
50.0 98.0 0.0
50.0 100.0 0.0
50.0 102.0 0.0
50.0 104.0 0.0
50.0 106.0 0.0
50.0 108.0 0.0
50.0 110.0 0.0
50.0 112.0 0.0
50.0 114.0 0.0
50.0 116.0 0.0
50.0 118.0 0.01815417379540859
50.0 120.0 0.05148596983479967
50.0 122.0 0.07269454177888589
50.0 124.0 0.07747702797734564
50.0 126.0 0.0
52.0 0.0 0.0
52.0 2.0 0.49206544198393115
52.0 4.0 0.5432402441591699
52.0 6.0 0.4705270172261053
52.0 8.0 0.3697903435849638
52.0 10.0 0.2298201394534953
52.0 12.0 0.0578590906675936
52.0 14.0 3.572343911826489E-4
52.0 16.0 0.0
52.0 18.0 0.0
52.0 20.0 0.0
52.0 22.0 0.0
52.0 24.0 0.0
52.0 26.0 0.0
52.0 28.0 0.0
52.0 30.0 4.9709429862997406E-5
52.0 32.0 0.039532872320985506
52.0 34.0 0.1510890214000666
52.0 36.0 0.28490718375639146
52.0 38.0 0.404973102863382
52.0 40.0 0.4904425334485816
52.0 42.0 0.4709409224695999
52.0 44.0 0.47342519750667994
52.0 46.0 0.4637455607930702
52.0 48.0 0.48739990996449545
52.0 50.0 0.43984531874694954
52.0 52.0 0.24373316735579575
52.0 54.0 0.07109211047085466
52.0 56.0 0.0
52.0 58.0 0.0
52.0 60.0 0.0
52.0 62.0 0.0
52.0 64.0 0.0
52.0 66.0 0.0
52.0 68.0 0.0
52.0 70.0 0.0
52.0 72.0 0.0
52.0 74.0 0.0
52.0 76.0 0.005977084718263891
52.0 78.0 0.05567555200590885
52.0 80.0 0.13014547755471706
52.0 82.0 0.18700299682425978
52.0 84.0 0.23979436081439656
52.0 86.0 0.27154516520226374
52.0 88.0 0.2446772811660606
52.0 90.0 0.16327099051610955
52.0 92.0 0.051375281642412625
52.0 94.0 0.012421410556040362
52.0 96.0 0.0
52.0 98.0 0.0
52.0 100.0 0.0
52.0 102.0 0.0
52.0 104.0 0.0
52.0 106.0 0.0
52.0 108.0 0.0
52.0 110.0 0.0
52.0 112.0 0.0
52.0 114.0 1.407888302663865E-4
52.0 116.0 0.023380270877341635
52.0 118.0 0.0620230346832682
52.0 120.0 0.11322322012237973
52.0 122.0 0.14711147381602774
52.0 124.0 0.17845533825258045
52.0 126.0 0.0
54.0 0.0 0.0
54.0 2.0 0.4777878243338383
54.0 4.0 0.4933712527851472
54.0 6.0 0.4086571226609697
54.0 8.0 0.289700241422552
54.0 10.0 0.11750225149694626
54.0 12.0 0.027503355678125344
54.0 14.0 0.0
54.0 16.0 0.0
54.0 18.0 0.0
54.0 20.0 0.0
54.0 22.0 0.0
54.0 24.0 0.0
54.0 26.0 0.0
54.0 28.0 2.131306989847667E-4
54.0 30.0 0.0323531182891646
54.0 32.0 0.11278895609383337
54.0 34.0 0.23385596200758577
54.0 36.0 0.350082643303771
54.0 38.0 0.44925054915238255
54.0 40.0 0.5065643185402245
54.0 42.0 0.4852865581594379
54.0 44.0 0.4858026247827094
54.0 46.0 0.4839400198759299
54.0 48.0 0.513110641504713
54.0 50.0 0.41601472904549336
54.0 52.0 0.20467995985576326
54.0 54.0 0.03557804946351444
54.0 56.0 0.0
54.0 58.0 0.0
54.0 60.0 0.0
54.0 62.0 0.0
54.0 64.0 0.0
54.0 66.0 0.0
54.0 68.0 0.0
54.0 70.0 0.0
54.0 72.0 0.0
54.0 74.0 0.0
54.0 76.0 0.005270264185618176
54.0 78.0 0.043649467390341985
54.0 80.0 0.1021122400525948
54.0 82.0 0.14736410070824135
54.0 84.0 0.18026336277928848
54.0 86.0 0.21248053087626348
54.0 88.0 0.1830455546908368
54.0 90.0 0.11455232088128155
54.0 92.0 0.025116580457439957
54.0 94.0 0.0017169736265670434
54.0 96.0 0.0
54.0 98.0 0.0
54.0 100.0 0.0
54.0 102.0 0.0
54.0 104.0 0.0
54.0 106.0 0.0
54.0 108.0 0.0
54.0 110.0 0.0
54.0 112.0 0.0
54.0 114.0 0.01185867260952523
54.0 116.0 0.04122715114347981
54.0 118.0 0.08182262665793359
54.0 120.0 0.13327126417369312
54.0 122.0 0.17862288212622565
54.0 124.0 0.23545321178371983
54.0 126.0 0.26883371409859796
56.0 0.0 0.0
56.0 2.0 0.4281903228297524
56.0 4.0 0.3240535924610357
56.0 6.0 0.190904155611344
56.0 8.0 0.08385610852121801
56.0 10.0 0.010165401039626251
56.0 12.0 0.002448386711128596
56.0 14.0 0.0
56.0 16.0 0.0
56.0 18.0 0.0
56.0 20.0 0.0
56.0 22.0 0.0
56.0 24.0 0.0
56.0 26.0 0.0
56.0 28.0 0.019135490984586827
56.0 30.0 0.08216203855984115
56.0 32.0 0.1878075432676013
56.0 34.0 0.29836752463336036
56.0 36.0 0.39834434131401536
56.0 38.0 0.47942443978657917
56.0 40.0 0.4708944724339661
56.0 42.0 0.4798460427858631
56.0 44.0 0.4819698617188095
56.0 46.0 0.48021515551112937
56.0 48.0 0.4888140728123514
56.0 50.0 0.35127861668320987
56.0 52.0 0.1527234602738254
56.0 54.0 0.002551464240262676
56.0 56.0 0.0
56.0 58.0 0.0
56.0 60.0 0.0
56.0 62.0 0.0
56.0 64.0 0.0
56.0 66.0 0.0
56.0 68.0 0.0
56.0 70.0 0.0
56.0 72.0 0.0
56.0 74.0 0.0
56.0 76.0 0.00292837547725929
56.0 78.0 0.03137197070106975
56.0 80.0 0.0753485498997989
56.0 82.0 0.11184899323796456
56.0 84.0 0.13338333989316162
56.0 86.0 0.1552962441509974
56.0 88.0 0.13841297788501583
56.0 90.0 0.08467095162692284
56.0 92.0 0.012227945996810706
56.0 94.0 0.0
56.0 96.0 0.0
56.0 98.0 0.0
56.0 100.0 0.0
56.0 102.0 0.0
56.0 104.0 0.0
56.0 106.0 0.0
56.0 108.0 0.0
56.0 110.0 0.0
56.0 112.0 4.472980549290965E-5
56.0 114.0 0.010928445038259967
56.0 116.0 0.03409875656574641
56.0 118.0 0.06576226923804489
56.0 120.0 0.11583409554233058
56.0 122.0 0.17449644895352864
56.0 124.0 0.23895562967079073
56.0 126.0 0.3057017278470634
58.0 0.0 0.0
58.0 2.0 0.30918839095962114
58.0 4.0 0.10986197644047002
58.0 6.0 0.013191592610057078
58.0 8.0 0.0
58.0 10.0 0.0
58.0 12.0 0.0
58.0 14.0 0.0
58.0 16.0 0.0
58.0 18.0 0.0
58.0 20.0 0.0
58.0 22.0 0.0
58.0 24.0 0.0
58.0 26.0 0.00744145711276763
58.0 28.0 0.05751501480405744
58.0 30.0 0.14734654489381663
58.0 32.0 0.2508277016212196
58.0 34.0 0.35039639969883524
58.0 36.0 0.4348201080325507
58.0 38.0 0.4949765862617547
58.0 40.0 0.44542641828751783
58.0 42.0 0.4589941564664923
58.0 44.0 0.453393305927092
58.0 46.0 0.45459464247639425
58.0 48.0 0.4239779026510677
58.0 50.0 0.24566177191729632
58.0 52.0 0.08750668749977945
58.0 54.0 0.0
58.0 56.0 0.0
58.0 58.0 0.0
58.0 60.0 0.0
58.0 62.0 0.0
58.0 64.0 0.0
58.0 66.0 0.0
58.0 68.0 0.0
58.0 70.0 0.0
58.0 72.0 0.0
58.0 74.0 0.0
58.0 76.0 0.002634285995447794
58.0 78.0 0.023994281188394296
58.0 80.0 0.05448680610432901
58.0 82.0 0.08580470832950447
58.0 84.0 0.10823652190609784
58.0 86.0 0.11962962816394014
58.0 88.0 0.09574799634516144
58.0 90.0 0.06439860834224274
58.0 92.0 0.013508657579260097
58.0 94.0 0.0
58.0 96.0 0.0
58.0 98.0 0.0
58.0 100.0 0.0
58.0 102.0 0.0
58.0 104.0 0.0
58.0 106.0 0.0
58.0 108.0 0.0
58.0 110.0 0.0
58.0 112.0 0.0
58.0 114.0 0.002941855945252033
58.0 116.0 0.016963131477576762
58.0 118.0 0.041734240777926666
58.0 120.0 0.07549981656419509
58.0 122.0 0.14078557551285983
58.0 124.0 0.22105648696785238
58.0 126.0 0.3001145723521859
60.0 0.0 0.0
60.0 2.0 0.16603208344027465
60.0 4.0 5.579380773048931E-4
60.0 6.0 0.0
60.0 8.0 0.0
60.0 10.0 0.0
60.0 12.0 0.0
60.0 14.0 0.0
60.0 16.0 0.0
60.0 18.0 0.0
60.0 20.0 0.0
60.0 22.0 0.0
60.0 24.0 0.008989611696727863
60.0 26.0 0.04654035235521129
60.0 28.0 0.10945025247760942
60.0 30.0 0.2019735255622298
60.0 32.0 0.2974229726307236
60.0 34.0 0.38312735647759527
60.0 36.0 0.45118978261361575
60.0 38.0 0.43654857929655916
60.0 40.0 0.4198060846485982
60.0 42.0 0.42050208964425434
60.0 44.0 0.402341655354455
60.0 46.0 0.3809980657190517
60.0 48.0 0.31979408460012765
60.0 50.0 0.14274320769373203
60.0 52.0 0.027697807162782983
60.0 54.0 0.0
60.0 56.0 0.0
60.0 58.0 0.0
60.0 60.0 0.0
60.0 62.0 0.0
60.0 64.0 0.0
60.0 66.0 0.0
60.0 68.0 0.0
60.0 70.0 0.0
60.0 72.0 0.0
60.0 74.0 0.0
60.0 76.0 0.0044028797063282955
60.0 78.0 0.021644818512162822
60.0 80.0 0.04363829611885874
60.0 82.0 0.0751417072847478
60.0 84.0 0.0873522314377632
60.0 86.0 0.09045779071997041
60.0 88.0 0.0730541747717459
60.0 90.0 0.053575653003102526
60.0 92.0 0.019675865572080762
60.0 94.0 0.0
60.0 96.0 0.0
60.0 98.0 0.0
60.0 100.0 0.0
60.0 102.0 0.0
60.0 104.0 0.0
60.0 106.0 0.0
60.0 108.0 0.0
60.0 110.0 0.0
60.0 112.0 0.0
60.0 114.0 0.0
60.0 116.0 0.0
60.0 118.0 0.009215136125295361
60.0 120.0 0.0422524424247793
60.0 122.0 0.07538497637986401
60.0 124.0 0.14782742512533503
60.0 126.0 0.2556106512202531
62.0 0.0 0.0
62.0 2.0 0.06552781397898062
62.0 4.0 0.0
62.0 6.0 0.0
62.0 8.0 0.0
62.0 10.0 0.0
62.0 12.0 0.0
62.0 14.0 0.0
62.0 16.0 0.0
62.0 18.0 0.0
62.0 20.0 0.0
62.0 22.0 0.00788902092106974
62.0 24.0 0.03831156280381152
62.0 26.0 0.08020782175339279
62.0 28.0 0.15925330172807678
62.0 30.0 0.24560800405959082
62.0 32.0 0.3277817263050544
62.0 34.0 0.39350891185967624
62.0 36.0 0.4028892641720352
62.0 38.0 0.38025758053995773
62.0 40.0 0.38261365799069685
62.0 42.0 0.3681763638800694
62.0 44.0 0.33007781696844285
62.0 46.0 0.2638269223639495
62.0 48.0 0.1678900649378734
62.0 50.0 0.06016508212479902
62.0 52.0 0.0
62.0 54.0 0.0
62.0 56.0 0.0
62.0 58.0 0.0
62.0 60.0 0.0
62.0 62.0 0.0
62.0 64.0 0.0
62.0 66.0 0.0
62.0 68.0 0.0
62.0 70.0 0.0
62.0 72.0 0.0
62.0 74.0 0.0015661964390057154
62.0 76.0 0.015165326023055653
62.0 78.0 0.030789025814132787
62.0 80.0 0.04638713957174559
62.0 82.0 0.06090260150485768
62.0 84.0 0.06858012798183825
62.0 86.0 0.07015504579173265
62.0 88.0 0.0667402321316562
62.0 90.0 0.05837748633647973
62.0 92.0 0.035708297170091954
62.0 94.0 0.012972159328156353
62.0 96.0 9.832958067616333E-4
62.0 98.0 0.0
62.0 100.0 0.0
62.0 102.0 0.0
62.0 104.0 0.0
62.0 106.0 0.0
62.0 108.0 0.0
62.0 110.0 0.0
62.0 112.0 0.0
62.0 114.0 0.0
62.0 116.0 0.0
62.0 118.0 0.0
62.0 120.0 0.0043531966539310275
62.0 122.0 0.014916253289246695
62.0 124.0 0.05742889043655758
62.0 126.0 0.17513412882426463
64.0 0.0 0.0
64.0 2.0 0.028116933706973643
64.0 4.0 0.0
64.0 6.0 0.0
64.0 8.0 0.0
64.0 10.0 0.0
64.0 12.0 0.0
64.0 14.0 0.0
64.0 16.0 0.0
64.0 18.0 0.0
64.0 20.0 0.005589466821624505
64.0 22.0 0.031083862000332804
64.0 24.0 0.06592211742706407
64.0 26.0 0.12635105836866561
64.0 28.0 0.203318063672822
64.0 30.0 0.2782387268634509
64.0 32.0 0.3408632438574253
64.0 34.0 0.3753738678362504
64.0 36.0 0.34207173007801245
64.0 38.0 0.3403567286789761
64.0 40.0 0.3206782176266979
64.0 42.0 0.27948374921745484
64.0 44.0 0.21534902624998323
64.0 46.0 0.12907990183918486
64.0 48.0 0.04534833066869779
64.0 50.0 0.001451615104323273
64.0 52.0 0.0
64.0 54.0 0.0
64.0 56.0 0.0
64.0 58.0 0.0
64.0 60.0 0.0
64.0 62.0 0.0
64.0 64.0 0.0
64.0 66.0 0.0
64.0 68.0 0.0
64.0 70.0 0.0
64.0 72.0 0.0016264550356472768
64.0 74.0 0.01350982537499461
64.0 76.0 0.027362187905322934
64.0 78.0 0.0395098141170504
64.0 80.0 0.051357501252732585
64.0 82.0 0.05990100917999008
64.0 84.0 0.06438314045006108
64.0 86.0 0.05593585429477016
64.0 88.0 0.04086430460261766
64.0 90.0 0.035120038928221194
64.0 92.0 0.030756387156985903
64.0 94.0 0.02891379153678378
64.0 96.0 0.028078795622136967
64.0 98.0 0.018201964715236465
64.0 100.0 0.004721064097099785
64.0 102.0 0.001011195696287539
64.0 104.0 0.0
64.0 106.0 0.0
64.0 108.0 0.0
64.0 110.0 0.0
64.0 112.0 0.0
64.0 114.0 0.0
64.0 116.0 0.0
64.0 118.0 0.0
64.0 120.0 0.0
64.0 122.0 0.0
64.0 124.0 0.001363971755399129
64.0 126.0 0.07855587000941298
66.0 0.0 0.0
66.0 2.0 0.00645984188758806
66.0 4.0 0.0
66.0 6.0 0.0
66.0 8.0 0.0
66.0 10.0 0.0
66.0 12.0 0.0
66.0 14.0 0.0
66.0 16.0 0.0
66.0 18.0 0.003448342406291618
66.0 20.0 0.024340108200405785
66.0 22.0 0.05695185019102384
66.0 24.0 0.1062585116024482
66.0 26.0 0.17138472579604114
66.0 28.0 0.23888104031804672
66.0 30.0 0.29758992742328777
66.0 32.0 0.3303114726632682
66.0 34.0 0.2987891166924848
66.0 36.0 0.29475745698963157
66.0 38.0 0.2689426215800064
66.0 40.0 0.2220226137657019
66.0 42.0 0.1556233613811697
66.0 44.0 0.07495684477393626
66.0 46.0 0.015826500239378514
66.0 48.0 0.0
66.0 50.0 0.0
66.0 52.0 0.0
66.0 54.0 0.0
66.0 56.0 0.0
66.0 58.0 0.0
66.0 60.0 0.0
66.0 62.0 0.0
66.0 64.0 0.0
66.0 66.0 0.0
66.0 68.0 0.0
66.0 70.0 0.008143748051186048
66.0 72.0 0.020821002114708175
66.0 74.0 0.033597918445411164
66.0 76.0 0.04583561161245527
66.0 78.0 0.057628851210139366
66.0 80.0 0.06591109477802941
66.0 82.0 0.06619354283485242
66.0 84.0 0.04969282860933117
66.0 86.0 0.0362712895529659
66.0 88.0 0.032086440949238904
66.0 90.0 0.030794024235130696
66.0 92.0 0.03671410924908012
66.0 94.0 0.050849909451633646
66.0 96.0 0.0713434449154921
66.0 98.0 0.08810453924731093
66.0 100.0 0.09083508914257414
66.0 102.0 0.0860676695812372
66.0 104.0 0.06233999843439938
66.0 106.0 0.024346296124984085
66.0 108.0 0.004833996048491632
66.0 110.0 0.0
66.0 112.0 0.0
66.0 114.0 0.0
66.0 116.0 0.0
66.0 118.0 0.0
66.0 120.0 0.0
66.0 122.0 0.0
66.0 124.0 0.0
66.0 126.0 0.0
68.0 0.0 0.0
68.0 2.0 0.0
68.0 4.0 0.0
68.0 6.0 0.0
68.0 8.0 0.0
68.0 10.0 0.0
68.0 12.0 0.0
68.0 14.0 0.0
68.0 16.0 0.0
68.0 18.0 0.007623161716247284
68.0 20.0 0.04414098139571049
68.0 22.0 0.094318801749408
68.0 24.0 0.1580083542942041
68.0 26.0 0.2135717721964068
68.0 28.0 0.26714545524203986
68.0 30.0 0.30791691535217885
68.0 32.0 0.30240879135815346
68.0 34.0 0.260194007315012
68.0 36.0 0.23642412824901762
68.0 38.0 0.18968489704969246
68.0 40.0 0.11798665262049875
68.0 42.0 0.026514113424029095
68.0 44.0 0.0
68.0 46.0 0.0
68.0 48.0 0.0
68.0 50.0 0.0
68.0 52.0 0.0
68.0 54.0 0.0
68.0 56.0 0.0
68.0 58.0 0.0
68.0 60.0 0.0
68.0 62.0 0.0
68.0 64.0 0.0
68.0 66.0 0.0015393139837757723
68.0 68.0 0.013232068956589271
68.0 70.0 0.02777993919576618
68.0 72.0 0.03825798592512728
68.0 74.0 0.04921334671358949
68.0 76.0 0.06016724394783545
68.0 78.0 0.06466079385597635
68.0 80.0 0.04598003532537139
68.0 82.0 0.048124164743883126
68.0 84.0 0.04771914722674914
68.0 86.0 0.03501114267766462
68.0 88.0 0.032344683290042885
68.0 90.0 0.03502498871242477
68.0 92.0 0.05067882839332662
68.0 94.0 0.07580356044194499
68.0 96.0 0.10754337985667135
68.0 98.0 0.14054817054820593
68.0 100.0 0.18766429909426216
68.0 102.0 0.18800323707033337
68.0 104.0 0.16236531314598823
68.0 106.0 0.11229779870397726
68.0 108.0 0.0529529624419825
68.0 110.0 0.010157873741171409
68.0 112.0 0.0
68.0 114.0 0.0
68.0 116.0 0.0
68.0 118.0 0.0
68.0 120.0 0.0
68.0 122.0 0.0
68.0 124.0 0.0
68.0 126.0 0.0
70.0 0.0 0.0
70.0 2.0 0.0
70.0 4.0 0.0
70.0 6.0 0.0
70.0 8.0 0.0
70.0 10.0 0.0
70.0 12.0 0.0
70.0 14.0 0.0
70.0 16.0 0.0
70.0 18.0 0.02723013311431378
70.0 20.0 0.06936812479656053
70.0 22.0 0.1365270816002095
70.0 24.0 0.1989362264136935
70.0 26.0 0.2500730560678877
70.0 28.0 0.2902962741725048
70.0 30.0 0.29910605591353945
70.0 32.0 0.25616544899165605
70.0 34.0 0.23240387619544947
70.0 36.0 0.18236450277425928
70.0 38.0 0.10726429070793886
70.0 40.0 0.02023386651995841
70.0 42.0 0.0
70.0 44.0 0.0
70.0 46.0 0.0
70.0 48.0 0.0
70.0 50.0 0.0
70.0 52.0 0.0
70.0 54.0 0.0
70.0 56.0 0.0
70.0 58.0 0.0
70.0 60.0 0.0
70.0 62.0 0.0
70.0 64.0 0.0029753944872571944
70.0 66.0 0.016791004589665932
70.0 68.0 0.03309778535226797
70.0 70.0 0.044428603389551645
70.0 72.0 0.0530383967956664
70.0 74.0 0.0611688186710548
70.0 76.0 0.06930907228293536
70.0 78.0 0.05089385657638165
70.0 80.0 0.04668033018254534
70.0 82.0 0.04757369855072822
70.0 84.0 0.04826104793665704
70.0 86.0 0.036523385926056195
70.0 88.0 0.03319135810198759
70.0 90.0 0.039380161180315995
70.0 92.0 0.06580909936805139
70.0 94.0 0.10385484446626525
70.0 96.0 0.14797288608677736
70.0 98.0 0.20121549876349365
70.0 100.0 0.2574520734164106
70.0 102.0 0.3106927933766836
70.0 104.0 0.27797989544429685
70.0 106.0 0.20595025944516746
70.0 108.0 0.12631227542707793
70.0 110.0 0.045545267031264054
70.0 112.0 0.0032140376558213424
70.0 114.0 0.0
70.0 116.0 0.0
70.0 118.0 0.0
70.0 120.0 0.0
70.0 122.0 0.0
70.0 124.0 0.0
70.0 126.0 0.0
72.0 0.0 0.0
72.0 2.0 0.0
72.0 4.0 0.0
72.0 6.0 0.0
72.0 8.0 0.0
72.0 10.0 0.0
72.0 12.0 0.0
72.0 14.0 0.0
72.0 16.0 0.009497563830126026
72.0 18.0 0.05266221317386402
72.0 20.0 0.12273057194026848
72.0 22.0 0.18337547083801742
72.0 24.0 0.23836808000970186
72.0 26.0 0.28520998969345973
72.0 28.0 0.3126123658353027
72.0 30.0 0.2849723502735624
72.0 32.0 0.23110432455231264
72.0 34.0 0.19131843975160823
72.0 36.0 0.12453448993027018
72.0 38.0 0.03109996289339353
72.0 40.0 0.0
72.0 42.0 0.0
72.0 44.0 0.0
72.0 46.0 0.0
72.0 48.0 0.0
72.0 50.0 0.0
72.0 52.0 0.0
72.0 54.0 0.0
72.0 56.0 0.0
72.0 58.0 0.0
72.0 60.0 0.0
72.0 62.0 0.0
72.0 64.0 0.018499840754806655
72.0 66.0 0.03409546583922321
72.0 68.0 0.04726173085920903
72.0 70.0 0.05436025427217355
72.0 72.0 0.05999892262903872
72.0 74.0 0.06348007006260027
72.0 76.0 0.06524519313092585
72.0 78.0 0.04322981542852113
72.0 80.0 0.03533948410429678
72.0 82.0 0.034311958110896386
72.0 84.0 0.03931372766765678
72.0 86.0 0.03535084786512679
72.0 88.0 0.026801429615656954
72.0 90.0 0.039131736157875116
72.0 92.0 0.07794168698366467
72.0 94.0 0.1328958487842222
72.0 96.0 0.19250058637734946
72.0 98.0 0.26289626957572837
72.0 100.0 0.323402116492114
72.0 102.0 0.3510835229740253
72.0 104.0 0.33926990793763107
72.0 106.0 0.28746979539576617
72.0 108.0 0.2009306875573271
72.0 110.0 0.09334054865326043
72.0 112.0 0.02363838009750739
72.0 114.0 0.0
72.0 116.0 0.0
72.0 118.0 0.0
72.0 120.0 0.0
72.0 122.0 0.0
72.0 124.0 0.0
72.0 126.0 0.0
74.0 0.0 0.0
74.0 2.0 0.0
74.0 4.0 0.0
74.0 6.0 0.0
74.0 8.0 0.0
74.0 10.0 0.0
74.0 12.0 0.0
74.0 14.0 0.0
74.0 16.0 0.037020526874175785
74.0 18.0 0.09784742013795972
74.0 20.0 0.14249728462443734
74.0 22.0 0.21247129486052618
74.0 24.0 0.27108389068895433
74.0 26.0 0.30915231799952925
74.0 28.0 0.2842611781161773
74.0 30.0 0.25636861298430846
74.0 32.0 0.20998014073963897
74.0 34.0 0.13143928707985622
74.0 36.0 0.050436550253744016
74.0 38.0 0.0016709783802060533
74.0 40.0 0.0
74.0 42.0 0.0
74.0 44.0 0.0
74.0 46.0 0.0
74.0 48.0 0.0
74.0 50.0 0.0
74.0 52.0 0.0
74.0 54.0 0.0
74.0 56.0 0.0
74.0 58.0 0.0
74.0 60.0 0.0
74.0 62.0 0.0015258430233251795
74.0 64.0 0.036049986492961934
74.0 66.0 0.04998389965051564
74.0 68.0 0.05815200891104219
74.0 70.0 0.059308606301832746
74.0 72.0 0.05642370754695752
74.0 74.0 0.05544221918491671
74.0 76.0 0.04833530648955728
74.0 78.0 0.03966518951932087
74.0 80.0 0.025643558118418616
74.0 82.0 0.023785339025803754
74.0 84.0 0.03036901189174283
74.0 86.0 0.025133952450576463
74.0 88.0 0.026553905695732693
74.0 90.0 0.046609724286343496
74.0 92.0 0.10023346594206241
74.0 94.0 0.1702845214111538
74.0 96.0 0.24169239709011617
74.0 98.0 0.31280917106633194
74.0 100.0 0.3726918317116759
74.0 102.0 0.4068790929337242
74.0 104.0 0.40270465910201003
74.0 106.0 0.3560883979275918
74.0 108.0 0.27089468745733997
74.0 110.0 0.15074821345459086
74.0 112.0 0.052053751860236315
74.0 114.0 0.0
74.0 116.0 0.0
74.0 118.0 0.0
74.0 120.0 0.0
74.0 122.0 0.0
74.0 124.0 0.0
74.0 126.0 0.0
76.0 0.0 0.0
76.0 2.0 0.0
76.0 4.0 0.0
76.0 6.0 0.0
76.0 8.0 0.0
76.0 10.0 0.0
76.0 12.0 0.0
76.0 14.0 0.007386724118545647
76.0 16.0 0.08259539866744546
76.0 18.0 0.13796653947127663
76.0 20.0 0.1784038249202684
76.0 22.0 0.24245745953662914
76.0 24.0 0.28661032310099704
76.0 26.0 0.2820867689591011
76.0 28.0 0.27980884476994444
76.0 30.0 0.24305143347241423
76.0 32.0 0.17460652017491282
76.0 34.0 0.07849342932187589
76.0 36.0 0.007254605370248419
76.0 38.0 0.0
76.0 40.0 0.0
76.0 42.0 0.0
76.0 44.0 0.0
76.0 46.0 0.0
76.0 48.0 0.0
76.0 50.0 0.0
76.0 52.0 0.0
76.0 54.0 0.0
76.0 56.0 0.0
76.0 58.0 0.0
76.0 60.0 0.005294787721891463
76.0 62.0 0.025058466793452427
76.0 64.0 0.06243903471124213
76.0 66.0 0.07981118943120884
76.0 68.0 0.07999691913429964
76.0 70.0 0.0671581195797082
76.0 72.0 0.0517537068285856
76.0 74.0 0.042665932280121534
76.0 76.0 0.02632191605556305
76.0 78.0 0.01740086150009255
76.0 80.0 0.013833732095179282
76.0 82.0 0.015380060287365402
76.0 84.0 0.009771471590182405
76.0 86.0 0.00888338827690913
76.0 88.0 0.018089524155802037
76.0 90.0 0.0509996363874568
76.0 92.0 0.11860195063598221
76.0 94.0 0.20174720452123965
76.0 96.0 0.2822059149231112
76.0 98.0 0.33980318218950306
76.0 100.0 0.39652448194712203
76.0 102.0 0.43597863137568654
76.0 104.0 0.44161200383262994
76.0 106.0 0.40440036503759963
76.0 108.0 0.3264426625607144
76.0 110.0 0.20756182261738795
76.0 112.0 0.08281991789583826
76.0 114.0 0.010507059965854514
76.0 116.0 0.0
76.0 118.0 0.0
76.0 120.0 0.0
76.0 122.0 0.0
76.0 124.0 0.0
76.0 126.0 0.0
78.0 0.0 0.0
78.0 2.0 0.0
78.0 4.0 0.0
78.0 6.0 0.0
78.0 8.0 0.0
78.0 10.0 0.0
78.0 12.0 0.0
78.0 14.0 0.036186991663156025
78.0 16.0 0.12195479008125547
78.0 18.0 0.1641850747479123
78.0 20.0 0.20475272532428015
78.0 22.0 0.2623635753451297
78.0 24.0 0.29162748547905853
78.0 26.0 0.28106116772270534
78.0 28.0 0.26614810569745767
78.0 30.0 0.21405985954463216
78.0 32.0 0.12153982353002955
78.0 34.0 0.025537559369844875
78.0 36.0 0.0
78.0 38.0 0.0
78.0 40.0 0.0
78.0 42.0 0.0
78.0 44.0 0.0
78.0 46.0 0.0
78.0 48.0 0.0
78.0 50.0 0.0
78.0 52.0 0.0
78.0 54.0 0.0
78.0 56.0 0.0
78.0 58.0 0.005663532566321162
78.0 60.0 0.04726263237766203
78.0 62.0 0.08003603942768879
78.0 64.0 0.12750583780246078
78.0 66.0 0.13499997537421624
78.0 68.0 0.1198779835779384
78.0 70.0 0.0876272345971074
78.0 72.0 0.05500782150225344
78.0 74.0 0.016304490366030325
78.0 76.0 0.0016759104940057598
78.0 78.0 0.0
78.0 80.0 0.0
78.0 82.0 0.0
78.0 84.0 0.0
78.0 86.0 0.0
78.0 88.0 1.557185451238014E-4
78.0 90.0 0.02898615016266423
78.0 92.0 0.09947199737506912
78.0 94.0 0.20382498928911819
78.0 96.0 0.2771740108791538
78.0 98.0 0.3486710177469008
78.0 100.0 0.41356912844282223
78.0 102.0 0.457224797555894
78.0 104.0 0.47115695391937945
78.0 106.0 0.44040749886752867
78.0 108.0 0.3681416971923604
78.0 110.0 0.253885228689192
78.0 112.0 0.11341964383633912
78.0 114.0 0.0278759720753257
78.0 116.0 0.0
78.0 118.0 0.0
78.0 120.0 0.0
78.0 122.0 0.0
78.0 124.0 0.0
78.0 126.0 0.0
80.0 0.0 0.0
80.0 2.0 0.0
80.0 4.0 0.0
80.0 6.0 0.0
80.0 8.0 0.0
80.0 10.0 0.0
80.0 12.0 0.007010842181045707
80.0 14.0 0.09043047465028835
80.0 16.0 0.14993070880496462
80.0 18.0 0.1757920569559143
80.0 20.0 0.2116331646204358
80.0 22.0 0.26142458781142636
80.0 24.0 0.2783646461718032
80.0 26.0 0.25980937125452697
80.0 28.0 0.228926251550039
80.0 30.0 0.17057542685606678
80.0 32.0 0.0610463424108994
80.0 34.0 0.0
80.0 36.0 0.0
80.0 38.0 0.0
80.0 40.0 0.0
80.0 42.0 0.0
80.0 44.0 0.0
80.0 46.0 0.0
80.0 48.0 0.0
80.0 50.0 0.0
80.0 52.0 0.0
80.0 54.0 0.0
80.0 56.0 0.002346420281974238
80.0 58.0 0.07145996248938552
80.0 60.0 0.15400458225361782
80.0 62.0 0.20620050643824084
80.0 64.0 0.22422290338124554
80.0 66.0 0.21597645422242076
80.0 68.0 0.18287809044247047
80.0 70.0 0.13349901660554736
80.0 72.0 0.06920070056209147
80.0 74.0 0.003795450817141079
80.0 76.0 0.0
80.0 78.0 0.0
80.0 80.0 0.0
80.0 82.0 0.0
80.0 84.0 0.0
80.0 86.0 0.0
80.0 88.0 0.0
80.0 90.0 0.0
80.0 92.0 0.019397405306998308
80.0 94.0 0.11631107231954152
80.0 96.0 0.240794034703903
80.0 98.0 0.33847322401502694
80.0 100.0 0.41175289691511957
80.0 102.0 0.46117791330072655
80.0 104.0 0.4831409806475843
80.0 106.0 0.4643355678944703
80.0 108.0 0.396014298033922
80.0 110.0 0.29909310481896406
80.0 112.0 0.15681859140174267
80.0 114.0 0.04440144350178879
80.0 116.0 0.0
80.0 118.0 0.0
80.0 120.0 0.0
80.0 122.0 0.0
80.0 124.0 0.0
80.0 126.0 0.0
82.0 0.0 0.0
82.0 2.0 0.0
82.0 4.0 0.0
82.0 6.0 0.0
82.0 8.0 0.0
82.0 10.0 0.040268798756440516
82.0 12.0 0.1335408965193222
82.0 14.0 0.17732896857715327
82.0 16.0 0.18007456750265316
82.0 18.0 0.19545391642187426
82.0 20.0 0.20934900769390752
82.0 22.0 0.22849683530352374
82.0 24.0 0.2236611353689414
82.0 26.0 0.20186626910691863
82.0 28.0 0.15710435905135492
82.0 30.0 0.07623944096469634
82.0 32.0 0.014014802967160282
82.0 34.0 0.0
82.0 36.0 0.0
82.0 38.0 0.0
82.0 40.0 0.0
82.0 42.0 0.0
82.0 44.0 0.0
82.0 46.0 0.0
82.0 48.0 0.0
82.0 50.0 0.0
82.0 52.0 0.0
82.0 54.0 1.5956274915907346E-4
82.0 56.0 0.084128775938785
82.0 58.0 0.22806371277500379
82.0 60.0 0.2843188836546169
82.0 62.0 0.3113946482334396
82.0 64.0 0.3112300046858951
82.0 66.0 0.28588445963768233
82.0 68.0 0.23936148694818613
82.0 70.0 0.17109596122066548
82.0 72.0 0.08338944248552939
82.0 74.0 0.009972431239789942
82.0 76.0 0.0
82.0 78.0 0.0
82.0 80.0 0.0
82.0 82.0 0.0
82.0 84.0 0.0
82.0 86.0 0.0
82.0 88.0 0.0
82.0 90.0 0.0
82.0 92.0 0.0
82.0 94.0 0.028871305182868987
82.0 96.0 0.16375039234116692
82.0 98.0 0.2907042303122271
82.0 100.0 0.3872291712681548
82.0 102.0 0.45124067947490315
82.0 104.0 0.4840581642392723
82.0 106.0 0.47809700629864715
82.0 108.0 0.42003340070290535
82.0 110.0 0.31375223429930443
82.0 112.0 0.16442837219358888
82.0 114.0 0.05718921748130562
82.0 116.0 0.0
82.0 118.0 0.0
82.0 120.0 0.0
82.0 122.0 0.0
82.0 124.0 0.0
82.0 126.0 0.0
84.0 0.0 0.0
84.0 2.0 0.0
84.0 4.0 0.0
84.0 6.0 0.0
84.0 8.0 0.06913656439761157
84.0 10.0 0.18109768134489698
84.0 12.0 0.22703532453116634
84.0 14.0 0.23817530494127262
84.0 16.0 0.22020523975016085
84.0 18.0 0.17601087692613346
84.0 20.0 0.14520840110610114
84.0 22.0 0.13165535437753026
84.0 24.0 0.12525220302498774
84.0 26.0 0.10647910822761426
84.0 28.0 0.0688062017906664
84.0 30.0 0.01981525953627667
84.0 32.0 0.0
84.0 34.0 0.0
84.0 36.0 0.0
84.0 38.0 0.0
84.0 40.0 0.0
84.0 42.0 0.0
84.0 44.0 0.0
84.0 46.0 0.0
84.0 48.0 0.0
84.0 50.0 0.0
84.0 52.0 0.0
84.0 54.0 0.08525403535272319
84.0 56.0 0.2564800137025364
84.0 58.0 0.33173118600185464
84.0 60.0 0.39457345595054977
84.0 62.0 0.3969955544847898
84.0 64.0 0.3729917905533531
84.0 66.0 0.33548718993158716
84.0 68.0 0.2741493689001139
84.0 70.0 0.18609010671872875
84.0 72.0 0.08217118639818971
84.0 74.0 0.013839007435775192
84.0 76.0 0.0
84.0 78.0 0.0
84.0 80.0 0.0
84.0 82.0 0.0
84.0 84.0 0.0
84.0 86.0 0.0
84.0 88.0 0.0
84.0 90.0 0.0
84.0 92.0 0.0
84.0 94.0 0.0
84.0 96.0 0.06283173376491832
84.0 98.0 0.2051757025114318
84.0 100.0 0.3234316212616388
84.0 102.0 0.41036793402176075
84.0 104.0 0.4596697424862892
84.0 106.0 0.4684019220393447
84.0 108.0 0.42800752231270317
84.0 110.0 0.33318968517338293
84.0 112.0 0.19394690667223569
84.0 114.0 0.06883554341737541
84.0 116.0 0.002286725499303611
84.0 118.0 0.0
84.0 120.0 0.0
84.0 122.0 0.0
84.0 124.0 0.0
84.0 126.0 0.0
86.0 0.0 0.0
86.0 2.0 0.0
86.0 4.0 0.0
86.0 6.0 0.0
86.0 8.0 0.02549422442553438
86.0 10.0 0.15756938502594933
86.0 12.0 0.2029189195089455
86.0 14.0 0.20929854879060808
86.0 16.0 0.19047606609892434
86.0 18.0 0.13029656947880772
86.0 20.0 0.07900883914404451
86.0 22.0 0.061449505702313195
86.0 24.0 0.059018996906728245
86.0 26.0 0.039843238714376714
86.0 28.0 0.011161333466842435
86.0 30.0 0.0
86.0 32.0 0.0
86.0 34.0 0.0
86.0 36.0 0.0
86.0 38.0 0.0
86.0 40.0 0.0
86.0 42.0 0.0
86.0 44.0 0.0
86.0 46.0 0.0
86.0 48.0 0.0
86.0 50.0 1.5526344043699375E-4
86.0 52.0 0.08451811260808471
86.0 54.0 0.25478948587688893
86.0 56.0 0.40313353500901666
86.0 58.0 0.42724391266766665
86.0 60.0 0.45498764486357174
86.0 62.0 0.4523485986387216
86.0 64.0 0.4190110050331799
86.0 66.0 0.3711583358630847
86.0 68.0 0.2963728741436252
86.0 70.0 0.18719776630317686
86.0 72.0 0.06775316688660514
86.0 74.0 0.004414463393523495
86.0 76.0 0.0
86.0 78.0 0.0
86.0 80.0 0.0
86.0 82.0 0.0
86.0 84.0 0.0
86.0 86.0 0.0
86.0 88.0 0.0
86.0 90.0 0.0
86.0 92.0 0.0
86.0 94.0 0.0
86.0 96.0 0.013169123104388012
86.0 98.0 0.11189673262073509
86.0 100.0 0.2438894279511031
86.0 102.0 0.3513808684921678
86.0 104.0 0.42045783548256715
86.0 106.0 0.4665333949741388
86.0 108.0 0.4534970202262964
86.0 110.0 0.35348264741746477
86.0 112.0 0.22053621949536903
86.0 114.0 0.08457429976284238
86.0 116.0 0.012257263518965297
86.0 118.0 0.0
86.0 120.0 0.0
86.0 122.0 0.0
86.0 124.0 0.0
86.0 126.0 0.0
88.0 0.0 0.0
88.0 2.0 0.0
88.0 4.0 0.0
88.0 6.0 0.0019215779554179844
88.0 8.0 0.1603277662738375
88.0 10.0 0.2313473098419111
88.0 12.0 0.2405517835458101
88.0 14.0 0.22051120430292392
88.0 16.0 0.1781155824162862
88.0 18.0 0.09312871217755292
88.0 20.0 0.03711830515268542
88.0 22.0 0.017028614433546144
88.0 24.0 0.0185971629464646
88.0 26.0 0.004870177374311203
88.0 28.0 0.0
88.0 30.0 0.0
88.0 32.0 0.0
88.0 34.0 0.0
88.0 36.0 0.0
88.0 38.0 0.0
88.0 40.0 0.0
88.0 42.0 0.0
88.0 44.0 0.0
88.0 46.0 0.0
88.0 48.0 1.423586165546904E-4
88.0 50.0 0.06810107468395997
88.0 52.0 0.22498796514431119
88.0 54.0 0.378898846727711
88.0 56.0 0.4783746869216568
88.0 58.0 0.5373762244575754
88.0 60.0 0.5439763313740089
88.0 62.0 0.48805636656920487
88.0 64.0 0.4487454257126262
88.0 66.0 0.4006600040459723
88.0 68.0 0.3350838740586295
88.0 70.0 0.18506534112235173
88.0 72.0 0.058175453751555216
88.0 74.0 0.0
88.0 76.0 0.0
88.0 78.0 0.0
88.0 80.0 0.0
88.0 82.0 0.0
88.0 84.0 0.0
88.0 86.0 0.0
88.0 88.0 0.0
88.0 90.0 0.0
88.0 92.0 0.0
88.0 94.0 0.0
88.0 96.0 3.665734625463921E-4
88.0 98.0 0.06028951022928165
88.0 100.0 0.174567686620979
88.0 102.0 0.2966844314730437
88.0 104.0 0.3792797833478783
88.0 106.0 0.42095868554736954
88.0 108.0 0.4130253723371358
88.0 110.0 0.34736546831164344
88.0 112.0 0.2361622305600931
88.0 114.0 0.10512043122987157
88.0 116.0 0.025893177554473318
88.0 118.0 0.0
88.0 120.0 0.0
88.0 122.0 0.0
88.0 124.0 0.0
88.0 126.0 0.0
90.0 0.0 0.0
90.0 2.0 0.0
90.0 4.0 0.0
90.0 6.0 0.017565130975627744
90.0 8.0 0.22978208474363915
90.0 10.0 0.26615628739007424
90.0 12.0 0.2544764277925814
90.0 14.0 0.21682838620102649
90.0 16.0 0.15235017801670453
90.0 18.0 0.059163760395845776
90.0 20.0 0.00717278257232578
90.0 22.0 0.0
90.0 24.0 0.0
90.0 26.0 0.0
90.0 28.0 0.0
90.0 30.0 0.0
90.0 32.0 0.0
90.0 34.0 0.0
90.0 36.0 0.0
90.0 38.0 0.0
90.0 40.0 0.0
90.0 42.0 0.0
90.0 44.0 0.0
90.0 46.0 0.0
90.0 48.0 0.03517172954066816
90.0 50.0 0.1462309052260481
90.0 52.0 0.2857463282796551
90.0 54.0 0.403085172674754
90.0 56.0 0.49021853838399504
90.0 58.0 0.5466953408539631
90.0 60.0 0.5555664909243395
90.0 62.0 0.5250599527257682
90.0 64.0 0.49559775991595284
90.0 66.0 0.46055644038416416
90.0 68.0 0.35343788672144405
90.0 70.0 0.16342560142757726
90.0 72.0 0.04057565922344498
90.0 74.0 0.0
90.0 76.0 0.0
90.0 78.0 0.0
90.0 80.0 0.0
90.0 82.0 0.0
90.0 84.0 0.0
90.0 86.0 0.0
90.0 88.0 0.0
90.0 90.0 0.0
90.0 92.0 0.0
90.0 94.0 0.0
90.0 96.0 0.0
90.0 98.0 0.02745268546229836
90.0 100.0 0.09973620821990492
90.0 102.0 0.2199175380420213
90.0 104.0 0.30657442543873015
90.0 106.0 0.3630947740092349
90.0 108.0 0.3708802200278693
90.0 110.0 0.3301289971994304
90.0 112.0 0.24485463735307364
90.0 114.0 0.138056663884515
90.0 116.0 0.04260097720262407
90.0 118.0 0.0035158708338126773
90.0 120.0 0.0
90.0 122.0 0.0
90.0 124.0 0.0
90.0 126.0 0.0
92.0 0.0 0.0
92.0 2.0 0.0
92.0 4.0 0.0
92.0 6.0 0.0
92.0 8.0 0.07580592831599271
92.0 10.0 0.242259242717994
92.0 12.0 0.2369278899642797
92.0 14.0 0.20016528229354466
92.0 16.0 0.13311348842529783
92.0 18.0 0.03777279379061226
92.0 20.0 0.0
92.0 22.0 0.0
92.0 24.0 0.0
92.0 26.0 0.0
92.0 28.0 0.0
92.0 30.0 0.0
92.0 32.0 0.0
92.0 34.0 0.0
92.0 36.0 0.0
92.0 38.0 0.0
92.0 40.0 0.0
92.0 42.0 0.0
92.0 44.0 0.0
92.0 46.0 0.010213813265352189
92.0 48.0 0.0865318585855993
92.0 50.0 0.22813702217140522
92.0 52.0 0.36030452951413966
92.0 54.0 0.44770521733094576
92.0 56.0 0.5049857025271208
92.0 58.0 0.5337224753674175
92.0 60.0 0.5416561590804442
92.0 62.0 0.5340190060581635
92.0 64.0 0.5079605661261447
92.0 66.0 0.47998569467382346
92.0 68.0 0.3388857406648931
92.0 70.0 0.15597131239118725
92.0 72.0 0.02426802857569031
92.0 74.0 0.0
92.0 76.0 0.0
92.0 78.0 0.0
92.0 80.0 0.0
92.0 82.0 0.0
92.0 84.0 0.0
92.0 86.0 0.0
92.0 88.0 0.0
92.0 90.0 0.0
92.0 92.0 0.0
92.0 94.0 0.0
92.0 96.0 0.0
92.0 98.0 0.017804189052514487
92.0 100.0 0.05881098437733263
92.0 102.0 0.1529048034820403
92.0 104.0 0.25970798417126567
92.0 106.0 0.3115028623514164
92.0 108.0 0.32871471518372547
92.0 110.0 0.3087911851430885
92.0 112.0 0.25278959875210577
92.0 114.0 0.17526531619199018
92.0 116.0 0.0940064199646407
92.0 118.0 0.028552897085240007
92.0 120.0 0.0
92.0 122.0 0.0
92.0 124.0 0.0
92.0 126.0 0.0
94.0 0.0 0.0
94.0 2.0 0.0
94.0 4.0 0.0
94.0 6.0 0.0
94.0 8.0 0.15554776261976502
94.0 10.0 0.2548565828929002
94.0 12.0 0.23189877434584205
94.0 14.0 0.1815600899537971
94.0 16.0 0.09677359587575107
94.0 18.0 0.014654588128563203
94.0 20.0 0.0
94.0 22.0 0.0
94.0 24.0 0.0
94.0 26.0 0.0
94.0 28.0 0.0
94.0 30.0 0.0
94.0 32.0 0.0
94.0 34.0 0.0
94.0 36.0 0.0
94.0 38.0 0.0
94.0 40.0 0.0
94.0 42.0 0.0
94.0 44.0 0.0
94.0 46.0 0.04313060912750514
94.0 48.0 0.15516417121111722
94.0 50.0 0.2871218450440493
94.0 52.0 0.38799791590947463
94.0 54.0 0.4636866750951473
94.0 56.0 0.509053451973591
94.0 58.0 0.5378690893516215
94.0 60.0 0.5482750860378814
94.0 62.0 0.5418260445610361
94.0 64.0 0.5123371375197572
94.0 66.0 0.46820251588879264
94.0 68.0 0.3161555843581592
94.0 70.0 0.1467202109121283
94.0 72.0 0.01811852922693833
94.0 74.0 0.0
94.0 76.0 0.0
94.0 78.0 0.0
94.0 80.0 0.0
94.0 82.0 0.0
94.0 84.0 0.0
94.0 86.0 0.0
94.0 88.0 0.0
94.0 90.0 0.0
94.0 92.0 0.0
94.0 94.0 0.0
94.0 96.0 0.0
94.0 98.0 0.010554894840659646
94.0 100.0 0.04672993183328353
94.0 102.0 0.11856459566087398
94.0 104.0 0.21741888694355982
94.0 106.0 0.2706199751999459
94.0 108.0 0.2854866193964783
94.0 110.0 0.286659966509289
94.0 112.0 0.25980974059593354
94.0 114.0 0.21491355205032278
94.0 116.0 0.17343505938068973
94.0 118.0 0.10521504136638841
94.0 120.0 0.0
94.0 122.0 0.0
94.0 124.0 0.0
94.0 126.0 0.0
96.0 0.0 0.0
96.0 2.0 0.0
96.0 4.0 0.0
96.0 6.0 0.0
96.0 8.0 0.0
96.0 10.0 0.22031563689333408
96.0 12.0 0.21944476061622495
96.0 14.0 0.17262708279882796
96.0 16.0 0.08693040613130032
96.0 18.0 0.007034455992050017
96.0 20.0 0.0
96.0 22.0 0.0
96.0 24.0 0.0
96.0 26.0 0.0
96.0 28.0 0.0
96.0 30.0 0.0
96.0 32.0 0.0
96.0 34.0 0.0
96.0 36.0 0.0
96.0 38.0 0.0
96.0 40.0 0.0
96.0 42.0 0.0
96.0 44.0 0.022303453444787732
96.0 46.0 0.08551323446720627
96.0 48.0 0.1989894308762621
96.0 50.0 0.2975752573096584
96.0 52.0 0.38313058583164583
96.0 54.0 0.45415082968317727
96.0 56.0 0.5037625037931729
96.0 58.0 0.5338236152649781
96.0 60.0 0.5439926241828409
96.0 62.0 0.5378215137066179
96.0 64.0 0.5049282183448865
96.0 66.0 0.43245407842553824
96.0 68.0 0.28731270136119447
96.0 70.0 0.13223017126895725
96.0 72.0 0.016003917712535103
96.0 74.0 0.0
96.0 76.0 0.0
96.0 78.0 0.0
96.0 80.0 0.0
96.0 82.0 0.0
96.0 84.0 0.0
96.0 86.0 0.0
96.0 88.0 0.0
96.0 90.0 0.0
96.0 92.0 0.0
96.0 94.0 0.0
96.0 96.0 0.0
96.0 98.0 0.005338794628569965
96.0 100.0 0.04964270800803506
96.0 102.0 0.1070532219734991
96.0 104.0 0.19686527474287321
96.0 106.0 0.2595356447920733
96.0 108.0 0.2870420791821418
96.0 110.0 0.27862233332435143
96.0 112.0 0.2731863392978831
96.0 114.0 0.25157791708335375
96.0 116.0 0.23364129808651204
96.0 118.0 0.18100521976362552
96.0 120.0 0.0
96.0 122.0 0.0
96.0 124.0 0.0
96.0 126.0 0.0
98.0 0.0 0.0
98.0 2.0 0.0
98.0 4.0 0.0
98.0 6.0 0.0
98.0 8.0 0.0
98.0 10.0 0.0
98.0 12.0 0.20799201189419403
98.0 14.0 0.1552961522903222
98.0 16.0 0.07987393718271525
98.0 18.0 0.003382203203205307
98.0 20.0 0.0
98.0 22.0 0.0
98.0 24.0 0.0
98.0 26.0 0.0
98.0 28.0 0.0
98.0 30.0 0.0
98.0 32.0 0.0
98.0 34.0 0.0
98.0 36.0 0.0
98.0 38.0 0.0
98.0 40.0 0.0011606866549873543
98.0 42.0 0.013968538302107801
98.0 44.0 0.04617840780320622
98.0 46.0 0.10503259480349503
98.0 48.0 0.1905570573218006
98.0 50.0 0.2643009976999482
98.0 52.0 0.35026330606343303
98.0 54.0 0.4251430224285268
98.0 56.0 0.4798071845367884
98.0 58.0 0.5120474472981206
98.0 60.0 0.5224470452590707
98.0 62.0 0.5149851760974006
98.0 64.0 0.47931059669668624
98.0 66.0 0.39642277227668093
98.0 68.0 0.25589383939578597
98.0 70.0 0.11495205078632842
98.0 72.0 0.0168671662568363
98.0 74.0 0.0
98.0 76.0 0.0
98.0 78.0 0.0
98.0 80.0 0.0
98.0 82.0 0.0
98.0 84.0 0.0
98.0 86.0 0.0
98.0 88.0 0.0
98.0 90.0 0.0
98.0 92.0 0.0
98.0 94.0 0.0
98.0 96.0 0.0
98.0 98.0 0.007391940726443118
98.0 100.0 0.047684444519170206
98.0 102.0 0.1060633347488929
98.0 104.0 0.19737292408125906
98.0 106.0 0.25757150411889157
98.0 108.0 0.2832531641591647
98.0 110.0 0.2775967875215542
98.0 112.0 0.286466072898168
98.0 114.0 0.2789766633406017
98.0 116.0 0.2763974979843018
98.0 118.0 0.0
98.0 120.0 0.0
98.0 122.0 0.0
98.0 124.0 0.0
98.0 126.0 0.0
100.0 0.0 0.0
100.0 2.0 0.0
100.0 4.0 0.0
100.0 6.0 0.0
100.0 8.0 0.0
100.0 10.0 0.0
100.0 12.0 0.25773312293554973
100.0 14.0 0.14383573477980474
100.0 16.0 0.05111042548479911
100.0 18.0 0.0
100.0 20.0 0.0
100.0 22.0 0.0
100.0 24.0 0.0
100.0 26.0 0.0
100.0 28.0 0.0
100.0 30.0 0.0
100.0 32.0 0.0
100.0 34.0 0.0
100.0 36.0 6.49411082539073E-4
100.0 38.0 0.0
100.0 40.0 0.007175189284348443
100.0 42.0 0.02189793621526552
100.0 44.0 0.045984999163249156
100.0 46.0 0.08430957793043335
100.0 48.0 0.14324242943475426
100.0 50.0 0.21370910386659284
100.0 52.0 0.28827269119532944
100.0 54.0 0.36015029553767736
100.0 56.0 0.4159282312256969
100.0 58.0 0.4531023730958337
100.0 60.0 0.46991871960780746
100.0 62.0 0.46326988644335243
100.0 64.0 0.4240941685661685
100.0 66.0 0.3335986901986958
100.0 68.0 0.22213132331729957
100.0 70.0 0.09737306616259918
100.0 72.0 0.0177176707551519
100.0 74.0 0.0
100.0 76.0 0.0
100.0 78.0 0.0
100.0 80.0 0.0
100.0 82.0 0.0
100.0 84.0 0.0
100.0 86.0 0.0
100.0 88.0 0.0
100.0 90.0 0.0
100.0 92.0 0.0
100.0 94.0 0.0
100.0 96.0 0.0
100.0 98.0 0.007665181991623094
100.0 100.0 0.05094942121988427
100.0 102.0 0.10087913889470003
100.0 104.0 0.17498515734983075
100.0 106.0 0.2611149733832836
100.0 108.0 0.2903543732371768
100.0 110.0 0.28563713294981563
100.0 112.0 0.2997680184341024
100.0 114.0 0.2960178026544453
100.0 116.0 0.0
100.0 118.0 0.0
100.0 120.0 0.0
100.0 122.0 0.0
100.0 124.0 0.0
100.0 126.0 0.0
102.0 0.0 0.0
102.0 2.0 0.0
102.0 4.0 0.0
102.0 6.0 0.0
102.0 8.0 0.0
102.0 10.0 0.0
102.0 12.0 0.0
102.0 14.0 0.26998212636308944
102.0 16.0 0.08147852823520954
102.0 18.0 6.990357441985504E-5
102.0 20.0 0.0
102.0 22.0 0.0
102.0 24.0 0.0
102.0 26.0 0.0
102.0 28.0 0.0
102.0 30.0 0.0
102.0 32.0 0.0
102.0 34.0 0.004674559323450116
102.0 36.0 0.0
102.0 38.0 2.108137867626585E-4
102.0 40.0 0.008623557346376244
102.0 42.0 0.017298909726546047
102.0 44.0 0.02672830072042802
102.0 46.0 0.04571052231658016
102.0 48.0 0.08309372021539833
102.0 50.0 0.15459721213274027
102.0 52.0 0.21548696557484623
102.0 54.0 0.27513370239475926
102.0 56.0 0.3243689458213684
102.0 58.0 0.3595679057976471
102.0 60.0 0.3789098791906082
102.0 62.0 0.3766477150794882
102.0 64.0 0.34750699880856994
102.0 66.0 0.28644854636869005
102.0 68.0 0.1906595032724027
102.0 70.0 0.08107417677179861
102.0 72.0 0.014484785388149584
102.0 74.0 0.0
102.0 76.0 0.0
102.0 78.0 0.0
102.0 80.0 0.0
102.0 82.0 0.0
102.0 84.0 0.0
102.0 86.0 0.0
102.0 88.0 0.0
102.0 90.0 0.0
102.0 92.0 0.0
102.0 94.0 0.0
102.0 96.0 0.0
102.0 98.0 0.008743216420283566
102.0 100.0 0.04938189822231673
102.0 102.0 0.09217789829948679
102.0 104.0 0.16220974253209008
102.0 106.0 0.247455815172963
102.0 108.0 0.2831788524013536
102.0 110.0 0.2836954198115355
102.0 112.0 0.29975961467440554
102.0 114.0 0.0
102.0 116.0 0.0
102.0 118.0 0.0
102.0 120.0 0.0
102.0 122.0 0.0
102.0 124.0 0.0
102.0 126.0 0.0
104.0 0.0 0.0
104.0 2.0 0.0
104.0 4.0 0.0
104.0 6.0 0.0
104.0 8.0 0.0
104.0 10.0 0.0
104.0 12.0 0.0
104.0 14.0 0.0
104.0 16.0 0.26888141679952715
104.0 18.0 0.012981175211714548
104.0 20.0 0.0
104.0 22.0 0.0
104.0 24.0 0.0
104.0 26.0 0.0
104.0 28.0 0.0
104.0 30.0 0.0
104.0 32.0 0.0
104.0 34.0 0.004012688289569465
104.0 36.0 0.0
104.0 38.0 3.603859075453246E-5
104.0 40.0 0.0030883167505957945
104.0 42.0 0.004511657252968312
104.0 44.0 0.004976313569748326
104.0 46.0 0.010307925470648823
104.0 48.0 0.031524646156773466
104.0 50.0 0.09424102584928044
104.0 52.0 0.13805627693354436
104.0 54.0 0.18418742290597415
104.0 56.0 0.22537070930907113
104.0 58.0 0.2589641446697973
104.0 60.0 0.28878765312468385
104.0 62.0 0.36074679154093553
104.0 64.0 0.33184300887814305
104.0 66.0 0.25341702790562776
104.0 68.0 0.15288738498151297
104.0 70.0 0.07631930016053363
104.0 72.0 0.01954642022528732
104.0 74.0 0.0
104.0 76.0 0.0
104.0 78.0 0.0
104.0 80.0 0.0
104.0 82.0 0.0
104.0 84.0 0.0
104.0 86.0 0.0
104.0 88.0 0.0
104.0 90.0 0.0
104.0 92.0 0.0
104.0 94.0 0.0
104.0 96.0 0.0
104.0 98.0 0.004344275189418074
104.0 100.0 0.03154397525830416
104.0 102.0 0.06198226961843122
104.0 104.0 0.11972979926232698
104.0 106.0 0.19324503245222147
104.0 108.0 0.23945818777109026
104.0 110.0 0.2547485924546525
104.0 112.0 0.2772438289010303
104.0 114.0 0.0
104.0 116.0 0.0
104.0 118.0 0.0
104.0 120.0 0.0
104.0 122.0 0.0
104.0 124.0 0.0
104.0 126.0 0.0
106.0 0.0 0.0
106.0 2.0 0.0
106.0 4.0 0.0
106.0 6.0 0.0
106.0 8.0 0.0
106.0 10.0 0.0
106.0 12.0 0.0
106.0 14.0 0.0
106.0 16.0 0.0
106.0 18.0 0.12389049212075032
106.0 20.0 0.0
106.0 22.0 0.0
106.0 24.0 0.0
106.0 26.0 0.0
106.0 28.0 0.0
106.0 30.0 0.0
106.0 32.0 0.0
106.0 34.0 0.0
106.0 36.0 0.0
106.0 38.0 0.0
106.0 40.0 0.0
106.0 42.0 0.0
106.0 44.0 0.0
106.0 46.0 0.0
106.0 48.0 0.007910401943242999
106.0 50.0 0.036274773004734855
106.0 52.0 0.06638865013368532
106.0 54.0 0.10359703415083675
106.0 56.0 0.13642514190107838
106.0 58.0 0.16786064880788185
106.0 60.0 0.1999444279135432
106.0 62.0 0.26601428628843193
106.0 64.0 0.24640679326860124
106.0 66.0 0.20374780355459662
106.0 68.0 0.12885114895906155
106.0 70.0 0.08123483401460975
106.0 72.0 0.023409548486836542
106.0 74.0 0.0
106.0 76.0 0.0
106.0 78.0 0.0
106.0 80.0 0.0
106.0 82.0 0.0
106.0 84.0 0.0
106.0 86.0 0.0
106.0 88.0 0.0
106.0 90.0 0.0
106.0 92.0 0.0
106.0 94.0 0.0
106.0 96.0 0.0
106.0 98.0 0.0
106.0 100.0 3.883265770269746E-4
106.0 102.0 0.007187456029321338
106.0 104.0 0.03781129163968074
106.0 106.0 0.06441423194027297
106.0 108.0 0.1091294072103456
106.0 110.0 0.16483097203503488
106.0 112.0 0.0
106.0 114.0 0.0
106.0 116.0 0.0
106.0 118.0 0.0
106.0 120.0 0.0
106.0 122.0 0.0
106.0 124.0 0.0
106.0 126.0 0.0
108.0 0.0 0.0
108.0 2.0 0.0
108.0 4.0 0.0
108.0 6.0 0.0
108.0 8.0 0.0
108.0 10.0 0.0
108.0 12.0 0.0
108.0 14.0 0.0
108.0 16.0 0.0
108.0 18.0 0.0
108.0 20.0 0.022205256849833724
108.0 22.0 0.0
108.0 24.0 0.0
108.0 26.0 0.0
108.0 28.0 0.0
108.0 30.0 0.0
108.0 32.0 0.0
108.0 34.0 0.0
108.0 36.0 0.0
108.0 38.0 7.07093836390795E-4
108.0 40.0 0.0
108.0 42.0 0.0
108.0 44.0 0.0
108.0 46.0 0.0
108.0 48.0 0.0
108.0 50.0 0.0
108.0 52.0 0.020574030136807236
108.0 54.0 0.04269612763629502
108.0 56.0 0.06666253686156186
108.0 58.0 0.09405782646842026
108.0 60.0 0.1264765556244327
108.0 62.0 0.1690845995026439
108.0 64.0 0.1594565069378135
108.0 66.0 0.14009014754372934
108.0 68.0 0.09277976452279958
108.0 70.0 0.07471733101943921
108.0 72.0 0.04757161255751389
108.0 74.0 0.007796229707615517
108.0 76.0 0.0
108.0 78.0 0.0
108.0 80.0 0.0
108.0 82.0 0.0
108.0 84.0 0.0
108.0 86.0 0.0
108.0 88.0 0.0
108.0 90.0 0.0
108.0 92.0 0.0
108.0 94.0 0.0
108.0 96.0 0.0
108.0 98.0 0.0
108.0 100.0 0.0
108.0 102.0 0.0
108.0 104.0 0.0
108.0 106.0 0.0
108.0 108.0 0.0
108.0 110.0 0.0
108.0 112.0 0.0
108.0 114.0 0.0
108.0 116.0 0.0
108.0 118.0 0.0
108.0 120.0 0.0
108.0 122.0 0.0
108.0 124.0 0.0
108.0 126.0 0.0
110.0 0.0 0.0
110.0 2.0 0.0
110.0 4.0 0.0
110.0 6.0 0.0
110.0 8.0 0.0
110.0 10.0 0.0
110.0 12.0 0.0
110.0 14.0 0.0
110.0 16.0 0.0
110.0 18.0 0.0
110.0 20.0 0.0
110.0 22.0 0.0
110.0 24.0 0.0
110.0 26.0 0.0
110.0 28.0 0.0
110.0 30.0 0.0
110.0 32.0 0.0
110.0 34.0 0.0
110.0 36.0 0.0
110.0 38.0 0.0
110.0 40.0 0.0
110.0 42.0 0.0
110.0 44.0 0.0
110.0 46.0 0.0
110.0 48.0 0.0
110.0 50.0 0.0
110.0 52.0 0.0
110.0 54.0 0.006878735841461473
110.0 56.0 0.01665061909857468
110.0 58.0 0.032725040335420494
110.0 60.0 0.06314501757392914
110.0 62.0 0.08137946860779953
110.0 64.0 0.08486338417871093
110.0 66.0 0.04132809214005586
110.0 68.0 0.021984656106964085
110.0 70.0 0.07377804581425203
110.0 72.0 0.08062433433671048
110.0 74.0 0.05912387670277921
110.0 76.0 0.004461784891095724
110.0 78.0 0.0
110.0 80.0 0.0
110.0 82.0 0.002070887162887871
110.0 84.0 0.04594035439686398
110.0 86.0 0.057768522831907095
110.0 88.0 0.0661001689079297
110.0 90.0 0.050118632585422894
110.0 92.0 0.026758469699757106
110.0 94.0 0.007884533382843088
110.0 96.0 0.0
110.0 98.0 0.0
110.0 100.0 0.0
110.0 102.0 0.0
110.0 104.0 0.0
110.0 106.0 0.0
110.0 108.0 0.0
110.0 110.0 0.0
110.0 112.0 0.0
110.0 114.0 0.0
110.0 116.0 0.0
110.0 118.0 0.0
110.0 120.0 0.0
110.0 122.0 0.0
110.0 124.0 0.0
110.0 126.0 0.0
112.0 0.0 0.0
112.0 2.0 0.0
112.0 4.0 0.0
112.0 6.0 0.0
112.0 8.0 0.0
112.0 10.0 0.0
112.0 12.0 0.0
112.0 14.0 0.0
112.0 16.0 0.0
112.0 18.0 0.0
112.0 20.0 0.0
112.0 22.0 0.0
112.0 24.0 0.0
112.0 26.0 0.0
112.0 28.0 0.0
112.0 30.0 0.0
112.0 32.0 0.0
112.0 34.0 0.0
112.0 36.0 0.0
112.0 38.0 0.0
112.0 40.0 0.0
112.0 42.0 0.0
112.0 44.0 0.0
112.0 46.0 0.0
112.0 48.0 0.0
112.0 50.0 0.0
112.0 52.0 0.0
112.0 54.0 0.0
112.0 56.0 0.0
112.0 58.0 0.005100206016662793
112.0 60.0 0.017597012330942973
112.0 62.0 0.029971342665876515
112.0 64.0 0.023810584714402745
112.0 66.0 0.010816038878179524
112.0 68.0 0.01832839629008127
112.0 70.0 0.04259225297025748
112.0 72.0 0.10297868881375914
112.0 74.0 0.11702973736204954
112.0 76.0 0.09962855514329004
112.0 78.0 0.08092814672512431
112.0 80.0 0.09926953356446842
112.0 82.0 0.13084299821270354
112.0 84.0 0.15954044009993704
112.0 86.0 0.16175819990523177
112.0 88.0 0.14963018344615767
112.0 90.0 0.15122730856127473
112.0 92.0 0.10827410059238694
112.0 94.0 0.044494520325797406
112.0 96.0 0.0
112.0 98.0 0.0
112.0 100.0 0.0
112.0 102.0 0.0
112.0 104.0 0.0
112.0 106.0 0.0
112.0 108.0 0.0
112.0 110.0 0.0
112.0 112.0 0.0
112.0 114.0 0.0
112.0 116.0 0.0
112.0 118.0 0.0
112.0 120.0 0.0
112.0 122.0 0.0
112.0 124.0 0.0
112.0 126.0 0.0
114.0 0.0 0.0
114.0 2.0 0.0
114.0 4.0 0.0
114.0 6.0 0.0
114.0 8.0 0.0
114.0 10.0 0.0
114.0 12.0 0.0
114.0 14.0 0.0
114.0 16.0 0.0
114.0 18.0 0.0
114.0 20.0 0.0
114.0 22.0 0.0
114.0 24.0 0.0
114.0 26.0 0.0
114.0 28.0 0.0
114.0 30.0 0.0
114.0 32.0 0.0
114.0 34.0 0.0
114.0 36.0 0.0
114.0 38.0 0.0
114.0 40.0 6.35023062797279E-4
114.0 42.0 0.0
114.0 44.0 0.0
114.0 46.0 0.0
114.0 48.0 0.0
114.0 50.0 0.0
114.0 52.0 0.0
114.0 54.0 0.0
114.0 56.0 0.0
114.0 58.0 0.0
114.0 60.0 0.0
114.0 62.0 0.0032037249720806085
114.0 64.0 0.007785068148945407
114.0 66.0 0.008606971805895288
114.0 68.0 0.023378750632562176
114.0 70.0 0.04227504384813983
114.0 72.0 0.08641801512249392
114.0 74.0 0.1337475491708612
114.0 76.0 0.17507352881298885
114.0 78.0 0.19763363975209988
114.0 80.0 0.2541585109166438
114.0 82.0 0.2761416842691089
114.0 84.0 0.26866637653683567
114.0 86.0 0.256186800138584
114.0 88.0 0.23033224859217963
114.0 90.0 0.2194344388397286
114.0 92.0 0.16912896167788435
114.0 94.0 0.07298522124839855
114.0 96.0 0.0
114.0 98.0 0.0
114.0 100.0 0.0
114.0 102.0 0.0
114.0 104.0 0.0
114.0 106.0 0.0
114.0 108.0 0.0
114.0 110.0 0.0
114.0 112.0 0.0
114.0 114.0 0.0
114.0 116.0 0.0
114.0 118.0 0.0
114.0 120.0 0.0
114.0 122.0 0.0
114.0 124.0 0.0
114.0 126.0 0.0
116.0 0.0 0.0
116.0 2.0 0.0
116.0 4.0 0.0
116.0 6.0 0.0
116.0 8.0 0.0
116.0 10.0 0.0
116.0 12.0 0.0
116.0 14.0 0.0
116.0 16.0 0.0
116.0 18.0 0.0
116.0 20.0 0.0
116.0 22.0 0.0
116.0 24.0 0.0
116.0 26.0 0.0
116.0 28.0 0.0
116.0 30.0 0.0
116.0 32.0 0.0
116.0 34.0 0.0
116.0 36.0 0.0
116.0 38.0 0.0
116.0 40.0 3.022289419647305E-4
116.0 42.0 0.0
116.0 44.0 0.0
116.0 46.0 0.0
116.0 48.0 0.0
116.0 50.0 0.0
116.0 52.0 0.0
116.0 54.0 0.0
116.0 56.0 0.0
116.0 58.0 0.0
116.0 60.0 0.0
116.0 62.0 0.0
116.0 64.0 5.079832353085885E-4
116.0 66.0 0.0022848309127744826
116.0 68.0 0.01695533085751229
116.0 70.0 0.04488922756945729
116.0 72.0 0.0768996778497731
116.0 74.0 0.13124566199781282
116.0 76.0 0.1851725054565886
116.0 78.0 0.2771898204966799
116.0 80.0 0.3529986970673473
116.0 82.0 0.39085048992743854
116.0 84.0 0.3646124308486785
116.0 86.0 0.3300051744247055
116.0 88.0 0.2938596031852154
116.0 90.0 0.2674051549041099
116.0 92.0 0.2083285005175933
116.0 94.0 0.0881090723243082
116.0 96.0 7.276196764019124E-4
116.0 98.0 0.0
116.0 100.0 0.0
116.0 102.0 0.0
116.0 104.0 0.0
116.0 106.0 0.0
116.0 108.0 0.0
116.0 110.0 0.0
116.0 112.0 0.0
116.0 114.0 0.0
116.0 116.0 0.0
116.0 118.0 0.0
116.0 120.0 0.0
116.0 122.0 0.0
116.0 124.0 0.0
116.0 126.0 0.0
118.0 0.0 0.0
118.0 2.0 0.0
118.0 4.0 0.0
118.0 6.0 0.0
118.0 8.0 0.0
118.0 10.0 0.0
118.0 12.0 0.0
118.0 14.0 0.0
118.0 16.0 0.0
118.0 18.0 0.0
118.0 20.0 0.0
118.0 22.0 0.0
118.0 24.0 0.0
118.0 26.0 0.0
118.0 28.0 0.0
118.0 30.0 0.0
118.0 32.0 0.0
118.0 34.0 0.0
118.0 36.0 0.0
118.0 38.0 0.0
118.0 40.0 0.0
118.0 42.0 0.0
118.0 44.0 0.0
118.0 46.0 0.0
118.0 48.0 0.0
118.0 50.0 0.0
118.0 52.0 0.0
118.0 54.0 0.0
118.0 56.0 0.0
118.0 58.0 0.0
118.0 60.0 0.0
118.0 62.0 0.0
118.0 64.0 0.0
118.0 66.0 7.069500572319382E-5
118.0 68.0 6.013503098669434E-4
118.0 70.0 0.023141074019907157
118.0 72.0 0.06996333121666777
118.0 74.0 0.13687070949857813
118.0 76.0 0.2132921288307864
118.0 78.0 0.29841522263280684
118.0 80.0 0.40681652531311957
118.0 82.0 0.44756989933145674
118.0 84.0 0.4326421941786532
118.0 86.0 0.3855365617730003
118.0 88.0 0.33606747421632716
118.0 90.0 0.29472784184450823
118.0 92.0 0.22735953542482681
118.0 94.0 0.09394101154877127
118.0 96.0 0.00199188688655086
118.0 98.0 0.0
118.0 100.0 0.0
118.0 102.0 0.0
118.0 104.0 0.0
118.0 106.0 0.0
118.0 108.0 0.0
118.0 110.0 0.0
118.0 112.0 0.0
118.0 114.0 0.0
118.0 116.0 0.0
118.0 118.0 0.0
118.0 120.0 0.0
118.0 122.0 0.0
118.0 124.0 0.0
118.0 126.0 0.0
120.0 0.0 0.0
120.0 2.0 0.0
120.0 4.0 0.0
120.0 6.0 0.0
120.0 8.0 0.0
120.0 10.0 0.0
120.0 12.0 0.0
120.0 14.0 0.0
120.0 16.0 0.0
120.0 18.0 0.0
120.0 20.0 0.0
120.0 22.0 0.0
120.0 24.0 0.0
120.0 26.0 0.0
120.0 28.0 0.0
120.0 30.0 0.0
120.0 32.0 0.0
120.0 34.0 0.0
120.0 36.0 0.0
120.0 38.0 0.0
120.0 40.0 0.0
120.0 42.0 0.0
120.0 44.0 0.0
120.0 46.0 0.0
120.0 48.0 0.0
120.0 50.0 0.0
120.0 52.0 0.0
120.0 54.0 0.0
120.0 56.0 0.0
120.0 58.0 0.0
120.0 60.0 0.0
120.0 62.0 0.0
120.0 64.0 0.0
120.0 66.0 0.0
120.0 68.0 0.0
120.0 70.0 0.014121860825042326
120.0 72.0 0.06055098509724169
120.0 74.0 0.13098098369529143
120.0 76.0 0.22361904219898646
120.0 78.0 0.3023768887828615
120.0 80.0 0.419078259502512
120.0 82.0 0.4655300976641243
120.0 84.0 0.46084280152658996
120.0 86.0 0.4190127321470001
120.0 88.0 0.3610847748143475
120.0 90.0 0.29214506391203077
120.0 92.0 0.21872358515661716
120.0 94.0 0.0
120.0 96.0 0.0
120.0 98.0 0.0
120.0 100.0 0.0
120.0 102.0 0.0
120.0 104.0 0.0
120.0 106.0 0.0
120.0 108.0 0.0
120.0 110.0 0.0
120.0 112.0 0.0
120.0 114.0 0.0
120.0 116.0 0.0
120.0 118.0 0.0
120.0 120.0 0.0
120.0 122.0 0.0
120.0 124.0 0.0
120.0 126.0 0.0
122.0 0.0 0.0
122.0 2.0 0.0
122.0 4.0 0.0
122.0 6.0 0.0
122.0 8.0 0.0
122.0 10.0 0.0
122.0 12.0 0.0
122.0 14.0 0.0
122.0 16.0 0.0
122.0 18.0 0.0
122.0 20.0 0.0
122.0 22.0 0.0
122.0 24.0 0.0
122.0 26.0 0.0
122.0 28.0 0.0
122.0 30.0 0.0
122.0 32.0 0.0
122.0 34.0 0.0
122.0 36.0 0.0
122.0 38.0 0.0
122.0 40.0 0.03342926005289958
122.0 42.0 0.0
122.0 44.0 0.0
122.0 46.0 0.0
122.0 48.0 0.0
122.0 50.0 0.0
122.0 52.0 0.0
122.0 54.0 0.0
122.0 56.0 0.0
122.0 58.0 0.0
122.0 60.0 0.0
122.0 62.0 0.0
122.0 64.0 0.0
122.0 66.0 0.0
122.0 68.0 0.0
122.0 70.0 0.006613168111341039
122.0 72.0 0.051515439913052206
122.0 74.0 0.1182602351302685
122.0 76.0 0.21655672923311986
122.0 78.0 0.30056196985214456
122.0 80.0 0.4149728324028015
122.0 82.0 0.4644657080482857
122.0 84.0 0.46121568071936103
122.0 86.0 0.4262708274581463
122.0 88.0 0.3631939129071942
122.0 90.0 0.0
122.0 92.0 0.0
122.0 94.0 0.0
122.0 96.0 0.0
122.0 98.0 0.0
122.0 100.0 0.0
122.0 102.0 0.0
122.0 104.0 0.0
122.0 106.0 0.0
122.0 108.0 0.0
122.0 110.0 0.0
122.0 112.0 0.0
122.0 114.0 0.0
122.0 116.0 0.0
122.0 118.0 0.0
122.0 120.0 0.0
122.0 122.0 0.0
122.0 124.0 0.0
122.0 126.0 0.0
124.0 0.0 0.0
124.0 2.0 0.0
124.0 4.0 0.0
124.0 6.0 0.0
124.0 8.0 0.0
124.0 10.0 0.0
124.0 12.0 0.0
124.0 14.0 0.0
124.0 16.0 0.0
124.0 18.0 0.0
124.0 20.0 0.0
124.0 22.0 0.0
124.0 24.0 0.0
124.0 26.0 0.0
124.0 28.0 0.0
124.0 30.0 0.0
124.0 32.0 0.0
124.0 34.0 0.0
124.0 36.0 0.0
124.0 38.0 0.0
124.0 40.0 0.0
124.0 42.0 0.0
124.0 44.0 0.0
124.0 46.0 0.07031032606036047
124.0 48.0 0.0
124.0 50.0 0.0
124.0 52.0 0.0
124.0 54.0 0.0
124.0 56.0 0.0
124.0 58.0 0.0
124.0 60.0 0.0
124.0 62.0 0.0
124.0 64.0 0.0
124.0 66.0 0.0
124.0 68.0 0.0
124.0 70.0 0.001208276338441742
124.0 72.0 0.04146924664469022
124.0 74.0 0.1071640084637514
124.0 76.0 0.21046526248245792
124.0 78.0 0.3003121908368548
124.0 80.0 0.39003668682947273
124.0 82.0 0.4604507666893591
124.0 84.0 0.0
124.0 86.0 0.0
124.0 88.0 0.0
124.0 90.0 0.0
124.0 92.0 0.0
124.0 94.0 0.0
124.0 96.0 0.0
124.0 98.0 0.0
124.0 100.0 0.0
124.0 102.0 0.0
124.0 104.0 0.0
124.0 106.0 0.0
124.0 108.0 0.0
124.0 110.0 0.0
124.0 112.0 0.0
124.0 114.0 0.0
124.0 116.0 0.0
124.0 118.0 0.0
124.0 120.0 0.0
124.0 122.0 0.0
124.0 124.0 0.0
124.0 126.0 0.0
126.0 0.0 0.0
126.0 2.0 0.0
126.0 4.0 0.0
126.0 6.0 0.0
126.0 8.0 0.0
126.0 10.0 0.0
126.0 12.0 0.0
126.0 14.0 0.0
126.0 16.0 0.0
126.0 18.0 0.0
126.0 20.0 0.0
126.0 22.0 0.0
126.0 24.0 0.0
126.0 26.0 0.0
126.0 28.0 0.0
126.0 30.0 0.0
126.0 32.0 0.0
126.0 34.0 0.0
126.0 36.0 0.0
126.0 38.0 0.0
126.0 40.0 0.0
126.0 42.0 0.0
126.0 44.0 0.0
126.0 46.0 0.0
126.0 48.0 0.0
126.0 50.0 0.0
126.0 52.0 0.0
126.0 54.0 0.11714719092648662
126.0 56.0 0.0
126.0 58.0 0.0
126.0 60.0 0.0
126.0 62.0 0.0
126.0 64.0 0.0
126.0 66.0 0.0
126.0 68.0 0.0
126.0 70.0 0.004254784424949871
126.0 72.0 0.040708117788208716
126.0 74.0 0.10596893484024915
126.0 76.0 0.0
126.0 78.0 0.0
126.0 80.0 0.0
126.0 82.0 0.0
126.0 84.0 0.0
126.0 86.0 0.0
126.0 88.0 0.0
126.0 90.0 0.0
126.0 92.0 0.0
126.0 94.0 0.0
126.0 96.0 0.0
126.0 98.0 0.0
126.0 100.0 0.0
126.0 102.0 0.0
126.0 104.0 0.0
126.0 106.0 0.0
126.0 108.0 0.0
126.0 110.0 0.0
126.0 112.0 0.0
126.0 114.0 0.0
126.0 116.0 0.0
126.0 118.0 0.0
126.0 120.0 0.0
126.0 122.0 0.0
126.0 124.0 0.0
126.0 126.0 0.0
