0.0 0.0 0.0
0.0 2.0 0.0
0.0 4.0 0.0
0.0 6.0 0.0
0.0 8.0 0.0
0.0 10.0 0.0
0.0 12.0 0.0
0.0 14.0 0.0
0.0 16.0 0.0
0.0 18.0 0.0
0.0 20.0 0.0
0.0 22.0 0.0
0.0 24.0 0.0
0.0 26.0 0.0
0.0 28.0 0.0
0.0 30.0 0.0
0.0 32.0 0.0
0.0 34.0 0.0
0.0 36.0 0.0
0.0 38.0 0.0
0.0 40.0 0.0
0.0 42.0 0.0
0.0 44.0 0.0
0.0 46.0 0.0
0.0 48.0 0.0
0.0 50.0 0.0
0.0 52.0 0.0
0.0 54.0 0.0
0.0 56.0 0.0
0.0 58.0 0.0
0.0 60.0 0.0
0.0 62.0 0.0
0.0 64.0 0.0
0.0 66.0 0.0
0.0 68.0 0.0
0.0 70.0 0.0
0.0 72.0 0.0
0.0 74.0 0.0
0.0 76.0 0.0
0.0 78.0 0.0
0.0 80.0 0.0
0.0 82.0 0.0
0.0 84.0 0.0
0.0 86.0 0.0
0.0 88.0 0.0
0.0 90.0 0.0
0.0 92.0 0.0
0.0 94.0 0.0
0.0 96.0 0.0
0.0 98.0 0.0
0.0 100.0 0.0
0.0 102.0 0.0
0.0 104.0 0.0
0.0 106.0 0.0
0.0 108.0 0.0
0.0 110.0 0.0
0.0 112.0 0.0
0.0 114.0 0.0
0.0 116.0 0.0
0.0 118.0 0.0
0.0 120.0 0.0
0.0 122.0 0.0
0.0 124.0 0.0
0.0 126.0 0.0
2.0 0.0 0.0
2.0 2.0 0.0
2.0 4.0 0.0
2.0 6.0 0.0
2.0 8.0 0.0
2.0 10.0 0.0
2.0 12.0 0.0
2.0 14.0 0.0
2.0 16.0 0.0
2.0 18.0 0.0
2.0 20.0 0.0
2.0 22.0 0.0
2.0 24.0 0.0
2.0 26.0 0.0
2.0 28.0 0.0
2.0 30.0 0.0
2.0 32.0 0.0
2.0 34.0 0.0
2.0 36.0 0.0
2.0 38.0 0.0
2.0 40.0 0.0
2.0 42.0 0.0
2.0 44.0 0.0
2.0 46.0 0.0
2.0 48.0 0.06322810136474497
2.0 50.0 0.0
2.0 52.0 0.0
2.0 54.0 0.0
2.0 56.0 0.0
2.0 58.0 0.0
2.0 60.0 0.06964226125015399
2.0 62.0 0.21743428896438965
2.0 64.0 0.3481896386321696
2.0 66.0 0.45405984390650794
2.0 68.0 0.49385697832850134
2.0 70.0 0.5355547661212084
2.0 72.0 0.5495712878442384
2.0 74.0 0.4891277680287979
2.0 76.0 0.3417016744821309
2.0 78.0 0.10764659335876801
2.0 80.0 0.0
2.0 82.0 0.0
2.0 84.0 0.0
2.0 86.0 0.0
2.0 88.0 0.0
2.0 90.0 0.0
2.0 92.0 0.0
2.0 94.0 0.0
2.0 96.0 0.0
2.0 98.0 0.0
2.0 100.0 0.0
2.0 102.0 0.0
2.0 104.0 0.0
2.0 106.0 0.0
2.0 108.0 0.0
2.0 110.0 0.0
2.0 112.0 0.0
2.0 114.0 0.0
2.0 116.0 0.0
2.0 118.0 0.0
2.0 120.0 0.0
2.0 122.0 0.0
2.0 124.0 0.0
2.0 126.0 0.0
4.0 0.0 0.0
4.0 2.0 0.0
4.0 4.0 0.0
4.0 6.0 0.0
4.0 8.0 0.0
4.0 10.0 0.0
4.0 12.0 0.0
4.0 14.0 0.0
4.0 16.0 0.0
4.0 18.0 0.0
4.0 20.0 0.0
4.0 22.0 0.0
4.0 24.0 0.0
4.0 26.0 0.0
4.0 28.0 0.0
4.0 30.0 0.0
4.0 32.0 0.0
4.0 34.0 0.0
4.0 36.0 0.0
4.0 38.0 0.0
4.0 40.0 0.0
4.0 42.0 0.006463004002341121
4.0 44.0 0.0
4.0 46.0 0.0
4.0 48.0 0.0
4.0 50.0 0.0
4.0 52.0 0.0
4.0 54.0 0.0
4.0 56.0 0.0
4.0 58.0 0.0
4.0 60.0 0.0
4.0 62.0 0.06646072386445105
4.0 64.0 0.2294759082580031
4.0 66.0 0.3451203076861508
4.0 68.0 0.42017571377983914
4.0 70.0 0.49755689027152283
4.0 72.0 0.5346730134622857
4.0 74.0 0.4734114960429269
4.0 76.0 0.32641156812804356
4.0 78.0 0.09676932220309141
4.0 80.0 0.005098901397008784
4.0 82.0 0.0
4.0 84.0 0.0
4.0 86.0 0.0
4.0 88.0 0.0
4.0 90.0 0.0
4.0 92.0 0.0
4.0 94.0 0.0
4.0 96.0 0.0
4.0 98.0 0.0
4.0 100.0 0.0
4.0 102.0 0.0
4.0 104.0 0.0
4.0 106.0 0.0
4.0 108.0 0.0
4.0 110.0 0.0
4.0 112.0 0.0
4.0 114.0 0.0
4.0 116.0 0.0
4.0 118.0 0.0
4.0 120.0 0.0
4.0 122.0 0.0
4.0 124.0 0.0
4.0 126.0 0.0
6.0 0.0 0.0
6.0 2.0 0.0
6.0 4.0 0.0
6.0 6.0 0.0
6.0 8.0 0.0
6.0 10.0 0.0
6.0 12.0 0.0
6.0 14.0 0.0
6.0 16.0 0.0
6.0 18.0 0.0
6.0 20.0 0.0
6.0 22.0 0.0
6.0 24.0 0.0
6.0 26.0 0.0
6.0 28.0 0.0
6.0 30.0 0.0
6.0 32.0 0.0
6.0 34.0 0.0
6.0 36.0 0.0
6.0 38.0 0.0
6.0 40.0 0.0
6.0 42.0 0.0
6.0 44.0 0.0
6.0 46.0 0.0
6.0 48.0 0.0
6.0 50.0 0.0
6.0 52.0 0.0
6.0 54.0 0.0
6.0 56.0 0.0
6.0 58.0 0.0
6.0 60.0 0.0
6.0 62.0 0.05036989702340758
6.0 64.0 0.2047243430325522
6.0 66.0 0.31691313521364595
6.0 68.0 0.3859600997645279
6.0 70.0 0.4825954074159567
6.0 72.0 0.5251028539095425
6.0 74.0 0.4649640767543235
6.0 76.0 0.3164274710172423
6.0 78.0 0.08655755595085239
6.0 80.0 0.0035664153556024315
6.0 82.0 0.0
6.0 84.0 0.0
6.0 86.0 0.0
6.0 88.0 0.0
6.0 90.0 0.0
6.0 92.0 0.0
6.0 94.0 0.0
6.0 96.0 0.0
6.0 98.0 0.0
6.0 100.0 0.0
6.0 102.0 0.0
6.0 104.0 0.0
6.0 106.0 0.0
6.0 108.0 0.0
6.0 110.0 0.0
6.0 112.0 0.0
6.0 114.0 0.0
6.0 116.0 0.0
6.0 118.0 0.0
6.0 120.0 0.0
6.0 122.0 0.0
6.0 124.0 0.0
6.0 126.0 0.0
8.0 0.0 0.0
8.0 2.0 0.0
8.0 4.0 0.0
8.0 6.0 0.0
8.0 8.0 0.0
8.0 10.0 0.0
8.0 12.0 0.0
8.0 14.0 0.0
8.0 16.0 0.0
8.0 18.0 0.0
8.0 20.0 0.0
8.0 22.0 0.0
8.0 24.0 0.0
8.0 26.0 0.0
8.0 28.0 0.0
8.0 30.0 0.0
8.0 32.0 0.0
8.0 34.0 0.03721625643901874
8.0 36.0 0.24149299947018124
8.0 38.0 0.24531318822332807
8.0 40.0 0.12668307413613464
8.0 42.0 0.016442819036277676
8.0 44.0 0.0
8.0 46.0 0.0
8.0 48.0 0.0
8.0 50.0 0.0
8.0 52.0 0.0
8.0 54.0 0.0
8.0 56.0 0.0
8.0 58.0 0.0
8.0 60.0 0.0
8.0 62.0 0.03503239687864632
8.0 64.0 0.17723305164792605
8.0 66.0 0.2838528856925777
8.0 68.0 0.36887600499090295
8.0 70.0 0.47943587810887944
8.0 72.0 0.49915397238365755
8.0 74.0 0.45246275260008867
8.0 76.0 0.3007198261469238
8.0 78.0 0.06924820888917776
8.0 80.0 6.94582856489298E-4
8.0 82.0 0.0
8.0 84.0 0.0
8.0 86.0 0.0
8.0 88.0 0.0
8.0 90.0 0.0
8.0 92.0 0.0
8.0 94.0 0.0
8.0 96.0 0.0
8.0 98.0 0.0
8.0 100.0 0.0
8.0 102.0 0.0
8.0 104.0 0.0
8.0 106.0 0.0
8.0 108.0 0.0
8.0 110.0 0.0
8.0 112.0 0.0
8.0 114.0 0.0
8.0 116.0 0.0
8.0 118.0 0.0
8.0 120.0 0.0
8.0 122.0 0.0
8.0 124.0 0.0
8.0 126.0 0.0
10.0 0.0 0.0
10.0 2.0 0.0
10.0 4.0 0.0
10.0 6.0 0.0
10.0 8.0 0.0
10.0 10.0 0.0
10.0 12.0 0.0
10.0 14.0 0.0
10.0 16.0 0.0
10.0 18.0 0.0
10.0 20.0 0.0
10.0 22.0 0.0
10.0 24.0 0.0
10.0 26.0 0.0
10.0 28.0 0.0
10.0 30.0 0.12545372604976934
10.0 32.0 0.4837818783642191
10.0 34.0 0.45378515120486657
10.0 36.0 0.3907595979307658
10.0 38.0 0.29027497134155467
10.0 40.0 0.11405748643200248
10.0 42.0 0.005136585848823418
10.0 44.0 0.0
10.0 46.0 0.0
10.0 48.0 0.0
10.0 50.0 0.0
10.0 52.0 0.0
10.0 54.0 0.0
10.0 56.0 0.0
10.0 58.0 0.0
10.0 60.0 0.0
10.0 62.0 0.017657979737893435
10.0 64.0 0.1301344631880959
10.0 66.0 0.2535225861343901
10.0 68.0 0.3499849263170764
10.0 70.0 0.4547615708327731
10.0 72.0 0.4669656249603766
10.0 74.0 0.4334576174526826
10.0 76.0 0.2752776878592461
10.0 78.0 0.04820038377248157
10.0 80.0 0.0
10.0 82.0 0.0
10.0 84.0 0.0
10.0 86.0 0.0
10.0 88.0 0.0
10.0 90.0 0.0
10.0 92.0 0.0
10.0 94.0 0.0
10.0 96.0 0.0
10.0 98.0 0.0
10.0 100.0 0.0
10.0 102.0 0.0
10.0 104.0 0.0
10.0 106.0 0.0
10.0 108.0 0.0
10.0 110.0 0.0
10.0 112.0 0.0
10.0 114.0 0.0
10.0 116.0 0.0
10.0 118.0 0.0
10.0 120.0 0.0
10.0 122.0 0.0
10.0 124.0 0.0
10.0 126.0 0.0
12.0 0.0 0.0
12.0 2.0 0.0
12.0 4.0 0.0
12.0 6.0 0.0
12.0 8.0 0.0
12.0 10.0 0.0
12.0 12.0 0.0
12.0 14.0 0.0
12.0 16.0 0.0
12.0 18.0 0.0
12.0 20.0 0.0
12.0 22.0 0.0
12.0 24.0 0.0
12.0 26.0 0.0
12.0 28.0 0.1607282641758693
12.0 30.0 0.45480600137705735
12.0 32.0 0.4678693151429732
12.0 34.0 0.44022135232689114
12.0 36.0 0.38096169608659736
12.0 38.0 0.26035936688260797
12.0 40.0 0.04054440118239438
12.0 42.0 0.0
12.0 44.0 0.0
12.0 46.0 0.0
12.0 48.0 0.0
12.0 50.0 0.0
12.0 52.0 0.0
12.0 54.0 0.0
12.0 56.0 0.0
12.0 58.0 0.0
12.0 60.0 0.0
12.0 62.0 0.010810110795888646
12.0 64.0 0.10469351797710981
12.0 66.0 0.21692190798110159
12.0 68.0 0.3155862208039815
12.0 70.0 0.41824134539077207
12.0 72.0 0.43699086617292443
12.0 74.0 0.39602680439129473
12.0 76.0 0.24431808373966968
12.0 78.0 0.040716571296925574
12.0 80.0 0.0
12.0 82.0 0.0
12.0 84.0 0.0
12.0 86.0 0.0
12.0 88.0 0.0
12.0 90.0 0.0
12.0 92.0 0.0
12.0 94.0 0.0
12.0 96.0 0.0
12.0 98.0 0.0
12.0 100.0 0.0
12.0 102.0 0.0
12.0 104.0 0.0
12.0 106.0 0.0
12.0 108.0 0.0
12.0 110.0 0.0
12.0 112.0 0.0
12.0 114.0 0.0
12.0 116.0 0.0
12.0 118.0 0.0
12.0 120.0 0.0
12.0 122.0 0.0
12.0 124.0 0.0
12.0 126.0 0.0
14.0 0.0 0.0
14.0 2.0 0.0
14.0 4.0 0.0
14.0 6.0 0.0
14.0 8.0 0.0
14.0 10.0 0.0
14.0 12.0 0.0
14.0 14.0 0.0
14.0 16.0 0.0
14.0 18.0 0.0
14.0 20.0 0.0
14.0 22.0 0.0
14.0 24.0 0.20231947529827252
14.0 26.0 0.32563632042025165
14.0 28.0 0.36360898686946586
14.0 30.0 0.41005800288349703
14.0 32.0 0.4416644829549719
14.0 34.0 0.42537858800200795
14.0 36.0 0.34820529118488247
14.0 38.0 0.13304665675360444
14.0 40.0 0.0063379366123054665
14.0 42.0 0.0
14.0 44.0 0.0
14.0 46.0 0.0
14.0 48.0 0.0
14.0 50.0 0.0
14.0 52.0 0.0
14.0 54.0 0.0
14.0 56.0 0.0
14.0 58.0 0.0
14.0 60.0 0.0
14.0 62.0 0.007323988570819811
14.0 64.0 0.08392336834923504
14.0 66.0 0.18740543423063713
14.0 68.0 0.25986076224239185
14.0 70.0 0.349438265376986
14.0 72.0 0.39054545390392
14.0 74.0 0.35264756048874624
14.0 76.0 0.21551457766994875
14.0 78.0 0.03342152381631222
14.0 80.0 0.0
14.0 82.0 0.0
14.0 84.0 0.0
14.0 86.0 0.0
14.0 88.0 0.0
14.0 90.0 0.0
14.0 92.0 0.0
14.0 94.0 0.0
14.0 96.0 0.0
14.0 98.0 0.0
14.0 100.0 0.0
14.0 102.0 0.028641673686392033
14.0 104.0 0.0
14.0 106.0 0.0
14.0 108.0 0.0
14.0 110.0 0.0
14.0 112.0 0.0
14.0 114.0 0.0
14.0 116.0 0.0
14.0 118.0 0.0
14.0 120.0 0.0
14.0 122.0 0.0
14.0 124.0 0.0
14.0 126.0 0.0
16.0 0.0 0.0
16.0 2.0 0.0
16.0 4.0 0.0
16.0 6.0 0.0
16.0 8.0 0.0
16.0 10.0 0.0
16.0 12.0 0.0
16.0 14.0 0.0
16.0 16.0 0.0
16.0 18.0 0.0
16.0 20.0 0.0
16.0 22.0 0.24577910696525998
16.0 24.0 0.26178760520177646
16.0 26.0 0.2633150809312487
16.0 28.0 0.2975438074361068
16.0 30.0 0.3721293509280991
16.0 32.0 0.44156024633580193
16.0 34.0 0.3656364256956428
16.0 36.0 0.2548698252881228
16.0 38.0 0.04477278836590926
16.0 40.0 0.0
16.0 42.0 0.0
16.0 44.0 0.0
16.0 46.0 0.0
16.0 48.0 0.0
16.0 50.0 0.0
16.0 52.0 0.0
16.0 54.0 0.0
16.0 56.0 0.0
16.0 58.0 0.0
16.0 60.0 0.0
16.0 62.0 0.007685766539325799
16.0 64.0 0.07315968394743139
16.0 66.0 0.15619973074292892
16.0 68.0 0.2268122763347199
16.0 70.0 0.29473709860729974
16.0 72.0 0.3411221039170909
16.0 74.0 0.3004336432916828
16.0 76.0 0.19289439290197274
16.0 78.0 0.03344415866515688
16.0 80.0 0.0
16.0 82.0 0.0
16.0 84.0 0.0
16.0 86.0 0.0
16.0 88.0 0.0
16.0 90.0 0.0
16.0 92.0 0.0
16.0 94.0 0.0
16.0 96.0 0.0
16.0 98.0 7.752024774556788E-4
16.0 100.0 0.019101745357067015
16.0 102.0 0.05069641855989373
16.0 104.0 0.1149490156105113
16.0 106.0 0.0
16.0 108.0 0.0
16.0 110.0 0.0
16.0 112.0 0.0
16.0 114.0 0.0
16.0 116.0 0.0
16.0 118.0 0.0
16.0 120.0 0.0
16.0 122.0 0.0
16.0 124.0 0.0
16.0 126.0 0.0
18.0 0.0 0.0
18.0 2.0 0.0
18.0 4.0 0.0
18.0 6.0 0.0
18.0 8.0 0.0
18.0 10.0 0.0
18.0 12.0 0.0
18.0 14.0 0.0
18.0 16.0 0.0
18.0 18.0 0.0
18.0 20.0 0.27025877126717207
18.0 22.0 0.18765420580332662
18.0 24.0 0.14527062292949913
18.0 26.0 0.15802619697161333
18.0 28.0 0.2254454267282703
18.0 30.0 0.30202297627715075
18.0 32.0 0.32786143164642384
18.0 34.0 0.2566622908663776
18.0 36.0 0.16282017625054707
18.0 38.0 0.028011579353294378
18.0 40.0 0.0
18.0 42.0 0.0
18.0 44.0 0.0
18.0 46.0 0.0
18.0 48.0 0.0
18.0 50.0 0.0
18.0 52.0 0.0
18.0 54.0 0.0
18.0 56.0 0.0
18.0 58.0 0.0
18.0 60.0 0.0
18.0 62.0 0.009445324902887608
18.0 64.0 0.057518116444996444
18.0 66.0 0.13218994646548146
18.0 68.0 0.19201532937723187
18.0 70.0 0.23737948977957155
18.0 72.0 0.28233307962212056
18.0 74.0 0.2551022809913055
18.0 76.0 0.17550083156777943
18.0 78.0 0.04387349013503844
18.0 80.0 0.0
18.0 82.0 0.0
18.0 84.0 0.0
18.0 86.0 0.0
18.0 88.0 0.0
18.0 90.0 0.0
18.0 92.0 0.0
18.0 94.0 0.0
18.0 96.0 3.118956302426875E-4
18.0 98.0 0.00872712317819708
18.0 100.0 0.02854423662261255
18.0 102.0 0.058020813858352734
18.0 104.0 0.11173543927881595
18.0 106.0 0.1968971706865287
18.0 108.0 0.0
18.0 110.0 0.0
18.0 112.0 0.0
18.0 114.0 0.0
18.0 116.0 0.0
18.0 118.0 0.0
18.0 120.0 0.0
18.0 122.0 0.0
18.0 124.0 0.0
18.0 126.0 0.0
20.0 0.0 0.0
20.0 2.0 0.0
20.0 4.0 0.0
20.0 6.0 0.0
20.0 8.0 0.0
20.0 10.0 0.0
20.0 12.0 0.0
20.0 14.0 0.0
20.0 16.0 0.0
20.0 18.0 0.2552124179682049
20.0 20.0 0.05440453396051153
20.0 22.0 0.016189344386284246
20.0 24.0 0.02135461998586902
20.0 26.0 0.051968848624063736
20.0 28.0 0.11031890134904009
20.0 30.0 0.16834306855522543
20.0 32.0 0.1930581890886315
20.0 34.0 0.15724045151718488
20.0 36.0 0.10521298183506654
20.0 38.0 0.02369416623624528
20.0 40.0 0.0
20.0 42.0 0.0
20.0 44.0 0.0
20.0 46.0 0.0
20.0 48.0 0.0
20.0 50.0 0.0
20.0 52.0 0.0
20.0 54.0 0.0
20.0 56.0 0.0
20.0 58.0 0.0
20.0 60.0 0.0029185307248378116
20.0 62.0 0.013195053884712704
20.0 64.0 0.04516068599551384
20.0 66.0 0.10887930084697521
20.0 68.0 0.1561138050132637
20.0 70.0 0.19215997968652723
20.0 72.0 0.22426043912283525
20.0 74.0 0.18872089555987445
20.0 76.0 0.13235134223800296
20.0 78.0 0.058261462230281474
20.0 80.0 0.0
20.0 82.0 0.0
20.0 84.0 0.0
20.0 86.0 0.0
20.0 88.0 0.0
20.0 90.0 0.0
20.0 92.0 0.0
20.0 94.0 0.004717237672801044
20.0 96.0 0.017749529137921872
20.0 98.0 0.032400413295671567
20.0 100.0 0.06140820937485911
20.0 102.0 0.09086015750519875
20.0 104.0 0.12793168213356507
20.0 106.0 0.20536391137179463
20.0 108.0 0.2797065430057494
20.0 110.0 0.0
20.0 112.0 0.0
20.0 114.0 0.0
20.0 116.0 0.0
20.0 118.0 0.0
20.0 120.0 0.0
20.0 122.0 0.0
20.0 124.0 0.0
20.0 126.0 0.0
22.0 0.0 0.0
22.0 2.0 0.0
22.0 4.0 0.0
22.0 6.0 0.0
22.0 8.0 0.0
22.0 10.0 0.0
22.0 12.0 0.0
22.0 14.0 0.0
22.0 16.0 0.15797198180898758
22.0 18.0 0.0
22.0 20.0 0.0
22.0 22.0 0.0
22.0 24.0 0.0
22.0 26.0 0.0
22.0 28.0 0.006914848987513295
22.0 30.0 0.04012999071714543
22.0 32.0 0.03710042664518896
22.0 34.0 0.05191948061717184
22.0 36.0 0.05410450643962945
22.0 38.0 0.016690065991187723
22.0 40.0 0.0
22.0 42.0 0.0
22.0 44.0 0.0
22.0 46.0 0.0
22.0 48.0 0.0
22.0 50.0 0.0
22.0 52.0 0.0
22.0 54.0 0.0
22.0 56.0 0.002970965162944097
22.0 58.0 0.00817341881626804
22.0 60.0 0.009054534048480728
22.0 62.0 0.01418523385215185
22.0 64.0 0.03023005512878052
22.0 66.0 0.08482165794435705
22.0 68.0 0.11886404435024885
22.0 70.0 0.14984976568858097
22.0 72.0 0.16070842754091574
22.0 74.0 0.13446895175617238
22.0 76.0 0.09577825460184215
22.0 78.0 0.04534899034914438
22.0 80.0 0.008028393220469733
22.0 82.0 0.0
22.0 84.0 0.0
22.0 86.0 0.0
22.0 88.0 0.0
22.0 90.0 0.0
22.0 92.0 0.015117826186334926
22.0 94.0 0.031141930045586085
22.0 96.0 0.058207022767390176
22.0 98.0 0.08888380710005124
22.0 100.0 0.11839504218588486
22.0 102.0 0.14234755745693464
22.0 104.0 0.1616127905073554
22.0 106.0 0.21800689032879392
22.0 108.0 0.2674787402134204
22.0 110.0 0.27373084266471465
22.0 112.0 0.0
22.0 114.0 0.0
22.0 116.0 0.0
22.0 118.0 0.0
22.0 120.0 0.0
22.0 122.0 0.0
22.0 124.0 0.0
22.0 126.0 0.0
24.0 0.0 0.0
24.0 2.0 0.0
24.0 4.0 0.0
24.0 6.0 0.0
24.0 8.0 0.0
24.0 10.0 0.0
24.0 12.0 0.0
24.0 14.0 0.04630907337550064
24.0 16.0 0.0
24.0 18.0 0.0
24.0 20.0 0.0
24.0 22.0 0.0
24.0 24.0 0.0
24.0 26.0 0.0
24.0 28.0 0.0
24.0 30.0 0.0
24.0 32.0 8.327603089683845E-4
24.0 34.0 7.903934934260062E-4
24.0 36.0 0.006157928954992199
24.0 38.0 0.002822471960707467
24.0 40.0 0.0
24.0 42.0 0.0
24.0 44.0 0.0
24.0 46.0 0.0
24.0 48.0 0.0
24.0 50.0 0.0
24.0 52.0 0.0
24.0 54.0 0.0
24.0 56.0 0.017323013595672353
24.0 58.0 0.024009674233146996
24.0 60.0 0.012733633284077362
24.0 62.0 0.007680253494013029
24.0 64.0 0.0103983110201959
24.0 66.0 0.05134798175483104
24.0 68.0 0.07206545562513281
24.0 70.0 0.08627873835165266
24.0 72.0 0.07525976206578011
24.0 74.0 0.052393769515022205
24.0 76.0 0.026503385148717765
24.0 78.0 0.021885242394492587
24.0 80.0 0.006334673875654691
24.0 82.0 5.471926276146205E-4
24.0 84.0 0.0
24.0 86.0 5.397839504426141E-4
24.0 88.0 0.008604225284245476
24.0 90.0 0.02988444247086244
24.0 92.0 0.06326817760999302
24.0 94.0 0.10619829420182618
24.0 96.0 0.14305257773868937
24.0 98.0 0.17254284418673013
24.0 100.0 0.20179283384204452
24.0 102.0 0.21902602549698613
24.0 104.0 0.2169740471169992
24.0 106.0 0.23044886191368152
24.0 108.0 0.2600858053370752
24.0 110.0 0.18734745906055042
24.0 112.0 0.03318918249961012
24.0 114.0 0.0
24.0 116.0 0.0
24.0 118.0 0.0
24.0 120.0 0.0
24.0 122.0 0.0
24.0 124.0 0.0
24.0 126.0 0.0
26.0 0.0 0.0
26.0 2.0 0.0
26.0 4.0 0.0
26.0 6.0 0.0
26.0 8.0 0.0
26.0 10.0 0.0
26.0 12.0 0.0
26.0 14.0 0.0
26.0 16.0 0.0
26.0 18.0 0.0
26.0 20.0 0.0
26.0 22.0 0.0
26.0 24.0 0.0
26.0 26.0 0.0
26.0 28.0 0.0
26.0 30.0 0.0
26.0 32.0 0.0
26.0 34.0 0.0
26.0 36.0 0.0
26.0 38.0 0.0
26.0 40.0 0.0
26.0 42.0 0.0
26.0 44.0 0.0
26.0 46.0 0.0
26.0 48.0 0.0
26.0 50.0 0.0
26.0 52.0 0.0
26.0 54.0 0.015213439303358936
26.0 56.0 0.04282165979671527
26.0 58.0 0.044100171294049494
26.0 60.0 0.013006779212336173
26.0 62.0 0.0
26.0 64.0 0.0
26.0 66.0 0.005496993912378674
26.0 68.0 0.012986557133091105
26.0 70.0 0.017351878533531137
26.0 72.0 0.0011088585284233824
26.0 74.0 0.0
26.0 76.0 0.0
26.0 78.0 3.2657022542629264E-4
26.0 80.0 0.0036881043387448006
26.0 82.0 0.006872897947746352
26.0 84.0 0.011288781915123789
26.0 86.0 0.01977019334514968
26.0 88.0 0.04667800650067366
26.0 90.0 0.08192638246042346
26.0 92.0 0.1400191074906698
26.0 94.0 0.2000362959154307
26.0 96.0 0.24451834648039206
26.0 98.0 0.2762822940380179
26.0 100.0 0.3037324625649001
26.0 102.0 0.3128565985121552
26.0 104.0 0.29001466807436044
26.0 106.0 0.26588114839935195
26.0 108.0 0.24053758318161225
26.0 110.0 0.11322130626610062
26.0 112.0 0.013156245931766062
26.0 114.0 0.0
26.0 116.0 0.0
26.0 118.0 0.0
26.0 120.0 0.0
26.0 122.0 0.0
26.0 124.0 0.0
26.0 126.0 0.0
28.0 0.0 0.0
28.0 2.0 0.0
28.0 4.0 0.0
28.0 6.0 0.0
28.0 8.0 0.0
28.0 10.0 0.0
28.0 12.0 0.0
28.0 14.0 0.0
28.0 16.0 0.0
28.0 18.0 0.0
28.0 20.0 0.0
28.0 22.0 0.0
28.0 24.0 0.0
28.0 26.0 0.0
28.0 28.0 0.0
28.0 30.0 0.0
28.0 32.0 0.0
28.0 34.0 0.0
28.0 36.0 0.0
28.0 38.0 0.0
28.0 40.0 0.0
28.0 42.0 0.0
28.0 44.0 0.0
28.0 46.0 5.341813587306231E-4
28.0 48.0 0.007649222497338006
28.0 50.0 0.0024452946779653798
28.0 52.0 0.021799528511674923
28.0 54.0 0.0734008717129155
28.0 56.0 0.10814187106248917
28.0 58.0 0.0731556590381721
28.0 60.0 0.004840927028326354
28.0 62.0 0.0
28.0 64.0 0.0
28.0 66.0 0.0
28.0 68.0 0.0
28.0 70.0 0.0
28.0 72.0 0.0
28.0 74.0 0.0
28.0 76.0 0.0
28.0 78.0 0.0
28.0 80.0 0.0
28.0 82.0 0.00686337339120588
28.0 84.0 0.019094314025805394
28.0 86.0 0.03841887440380195
28.0 88.0 0.08525660580812988
28.0 90.0 0.14530603696216246
28.0 92.0 0.23017092961572702
28.0 94.0 0.30760065277465226
28.0 96.0 0.3545821635896149
28.0 98.0 0.382595681594663
28.0 100.0 0.4046137360053023
28.0 102.0 0.4038126306258408
28.0 104.0 0.36667647763877986
28.0 106.0 0.3018392544142266
28.0 108.0 0.2096211456250989
28.0 110.0 0.07963258456982948
28.0 112.0 0.005391684241424481
28.0 114.0 0.0
28.0 116.0 0.0
28.0 118.0 0.0
28.0 120.0 0.0
28.0 122.0 0.0
28.0 124.0 0.0
28.0 126.0 0.0
30.0 0.0 0.0
30.0 2.0 0.0
30.0 4.0 0.0
30.0 6.0 0.0
30.0 8.0 0.0
30.0 10.0 0.0
30.0 12.0 0.0
30.0 14.0 0.0
30.0 16.0 0.0
30.0 18.0 0.0
30.0 20.0 0.0
30.0 22.0 0.0
30.0 24.0 0.0
30.0 26.0 0.0
30.0 28.0 0.0
30.0 30.0 0.0
30.0 32.0 0.0
30.0 34.0 0.0
30.0 36.0 0.0
30.0 38.0 0.0
30.0 40.0 0.0
30.0 42.0 0.0
30.0 44.0 0.0027472560400412537
30.0 46.0 0.03328651003115327
30.0 48.0 0.09366558786507029
30.0 50.0 0.12566068211712356
30.0 52.0 0.16787019090822433
30.0 54.0 0.2044999425123165
30.0 56.0 0.1898411954609888
30.0 58.0 0.11582662308648169
30.0 60.0 0.010531875618170703
30.0 62.0 0.0
30.0 64.0 0.0
30.0 66.0 0.0
30.0 68.0 0.0
30.0 70.0 0.0
30.0 72.0 0.0
30.0 74.0 0.0
30.0 76.0 0.0
30.0 78.0 0.0
30.0 80.0 0.0
30.0 82.0 0.0017676512399856185
30.0 84.0 0.02082739446157707
30.0 86.0 0.05813418315797623
30.0 88.0 0.12015615520593238
30.0 90.0 0.21994200552498933
30.0 92.0 0.30566285843708646
30.0 94.0 0.37731471022582014
30.0 96.0 0.4210873646070586
30.0 98.0 0.4578026680519634
30.0 100.0 0.477680444463991
30.0 102.0 0.47583472099217605
30.0 104.0 0.43089673611754997
30.0 106.0 0.32840717437707334
30.0 108.0 0.18411463760620672
30.0 110.0 0.05188390272418355
30.0 112.0 0.003034676525931326
30.0 114.0 0.0
30.0 116.0 0.0
30.0 118.0 0.0
30.0 120.0 0.0
30.0 122.0 0.0
30.0 124.0 0.0
30.0 126.0 0.0
32.0 0.0 0.0
32.0 2.0 0.0
32.0 4.0 0.0
32.0 6.0 0.0
32.0 8.0 0.0
32.0 10.0 0.0
32.0 12.0 0.0
32.0 14.0 0.0
32.0 16.0 0.0
32.0 18.0 0.0
32.0 20.0 0.0
32.0 22.0 0.0
32.0 24.0 0.0
32.0 26.0 0.0
32.0 28.0 0.0
32.0 30.0 0.0
32.0 32.0 0.0
32.0 34.0 0.0
32.0 36.0 0.0
32.0 38.0 0.0
32.0 40.0 0.0
32.0 42.0 0.0392538716183648
32.0 44.0 0.0845035493697312
32.0 46.0 0.1406303287936213
32.0 48.0 0.24826812774325022
32.0 50.0 0.33001399235744294
32.0 52.0 0.3654661849248073
32.0 54.0 0.33685553894479686
32.0 56.0 0.2692982746527546
32.0 58.0 0.16424860408517997
32.0 60.0 0.024495425094483592
32.0 62.0 0.0
32.0 64.0 0.0
32.0 66.0 0.0
32.0 68.0 0.0
32.0 70.0 0.0
32.0 72.0 0.0
32.0 74.0 0.0
32.0 76.0 0.0
32.0 78.0 0.0
32.0 80.0 0.0
32.0 82.0 2.486162405802785E-4
32.0 84.0 0.02074338633110241
32.0 86.0 0.0834604973193326
32.0 88.0 0.170174369609992
32.0 90.0 0.2633303748762315
32.0 92.0 0.35290985882131604
32.0 94.0 0.41723010798984883
32.0 96.0 0.46417876185632406
32.0 98.0 0.5212306274623799
32.0 100.0 0.5383960725368809
32.0 102.0 0.520956040448937
32.0 104.0 0.4613142803719687
32.0 106.0 0.3264870173469667
32.0 108.0 0.15513944032058172
32.0 110.0 0.03923797237752178
32.0 112.0 0.0011462604233345949
32.0 114.0 0.0
32.0 116.0 0.0
32.0 118.0 0.0
32.0 120.0 0.0
32.0 122.0 0.0
32.0 124.0 0.0
32.0 126.0 0.0
34.0 0.0 0.0
34.0 2.0 0.0
34.0 4.0 0.0
34.0 6.0 0.0
34.0 8.0 0.0
34.0 10.0 0.0
34.0 12.0 0.0
34.0 14.0 0.0
34.0 16.0 0.0
34.0 18.0 0.0
34.0 20.0 0.0
34.0 22.0 0.0
34.0 24.0 0.0
34.0 26.0 0.0
34.0 28.0 0.0
34.0 30.0 0.0
34.0 32.0 0.0
34.0 34.0 0.0
34.0 36.0 0.0
34.0 38.0 0.0
34.0 40.0 0.03617697198851089
34.0 42.0 0.08840898984853496
34.0 44.0 0.15168808483735746
34.0 46.0 0.22187961088765204
34.0 48.0 0.3443395192491652
34.0 50.0 0.4266119180390595
34.0 52.0 0.4454868637074659
34.0 54.0 0.42558337256685164
34.0 56.0 0.35752917814403223
34.0 58.0 0.20970192683613242
34.0 60.0 0.03264357881191576
34.0 62.0 0.0
34.0 64.0 0.0
34.0 66.0 0.0
34.0 68.0 0.0
34.0 70.0 0.0
34.0 72.0 0.0
34.0 74.0 0.0
34.0 76.0 0.0
34.0 78.0 0.0
34.0 80.0 0.0
34.0 82.0 0.0020775945191468873
34.0 84.0 0.049193426262880424
34.0 86.0 0.13194895280946556
34.0 88.0 0.22231518271900474
34.0 90.0 0.3124540486888334
34.0 92.0 0.39726040571518634
34.0 94.0 0.4589963250326048
34.0 96.0 0.514208312128619
34.0 98.0 0.5620962079996392
34.0 100.0 0.564597110827684
34.0 102.0 0.533110975454219
34.0 104.0 0.41267819426459323
34.0 106.0 0.2624624008734888
34.0 108.0 0.13019744288546994
34.0 110.0 0.026401703114508516
34.0 112.0 0.0
34.0 114.0 0.0
34.0 116.0 0.0
34.0 118.0 0.0
34.0 120.0 0.0
34.0 122.0 0.0
34.0 124.0 0.0
34.0 126.0 0.0
36.0 0.0 0.0
36.0 2.0 0.0
36.0 4.0 0.0
36.0 6.0 0.0
36.0 8.0 0.0
36.0 10.0 0.0
36.0 12.0 0.0
36.0 14.0 0.0
36.0 16.0 0.0
36.0 18.0 0.0
36.0 20.0 0.0
36.0 22.0 0.0
36.0 24.0 0.0
36.0 26.0 0.0
36.0 28.0 0.0
36.0 30.0 0.0
36.0 32.0 0.0
36.0 34.0 0.0
36.0 36.0 0.0
36.0 38.0 0.007401123217451055
36.0 40.0 0.061044533728894505
36.0 42.0 0.12554964037504737
36.0 44.0 0.2000251202956287
36.0 46.0 0.276545625777531
36.0 48.0 0.34522624387199086
36.0 50.0 0.4635278990335194
36.0 52.0 0.4839884475475436
36.0 54.0 0.460674393326953
36.0 56.0 0.39535328185568547
36.0 58.0 0.24270595100017642
36.0 60.0 0.04157310926522314
36.0 62.0 0.0
36.0 64.0 0.0
36.0 66.0 0.0
36.0 68.0 0.0
36.0 70.0 0.0
36.0 72.0 0.0
36.0 74.0 0.0
36.0 76.0 0.0
36.0 78.0 0.0
36.0 80.0 0.0
36.0 82.0 6.850427010526256E-4
36.0 84.0 0.06065399465111284
36.0 86.0 0.16111429659498913
36.0 88.0 0.2694201983309142
36.0 90.0 0.36389097124303166
36.0 92.0 0.4419500663327341
36.0 94.0 0.4951566899066227
36.0 96.0 0.5428526295778708
36.0 98.0 0.5761693242508493
36.0 100.0 0.5567740731085887
36.0 102.0 0.501419966587024
36.0 104.0 0.33212588388977576
36.0 106.0 0.22130028583292005
36.0 108.0 0.09878910811731599
36.0 110.0 0.017813504286708977
36.0 112.0 0.0
36.0 114.0 0.0
36.0 116.0 0.0
36.0 118.0 0.0
36.0 120.0 0.0
36.0 122.0 0.0
36.0 124.0 0.0
36.0 126.0 0.0
38.0 0.0 0.0
38.0 2.0 0.0
38.0 4.0 0.0
38.0 6.0 0.0
38.0 8.0 9.671010045252218E-4
38.0 10.0 0.05304644553998625
38.0 12.0 0.1143536861117098
38.0 14.0 0.06533631183415511
38.0 16.0 0.009494820241555676
38.0 18.0 0.0
38.0 20.0 0.0
38.0 22.0 0.0
38.0 24.0 0.0
38.0 26.0 0.0
38.0 28.0 0.0
38.0 30.0 0.0
38.0 32.0 0.0
38.0 34.0 0.0
38.0 36.0 0.0
38.0 38.0 0.007463030754219383
38.0 40.0 0.07309675243266323
38.0 42.0 0.1451034993329907
38.0 44.0 0.2262587561868762
38.0 46.0 0.3078051440482892
38.0 48.0 0.37737296441237955
38.0 50.0 0.4303919323207168
38.0 52.0 0.5232267526947848
38.0 54.0 0.5119993104605031
38.0 56.0 0.4376180023323972
38.0 58.0 0.27029628763963154
38.0 60.0 0.05043860489922152
38.0 62.0 0.0
38.0 64.0 0.0
38.0 66.0 0.0
38.0 68.0 0.0
38.0 70.0 0.0
38.0 72.0 0.0
38.0 74.0 0.0
38.0 76.0 0.0
38.0 78.0 0.0
38.0 80.0 0.0
38.0 82.0 0.0
38.0 84.0 0.0620192308931121
38.0 86.0 0.17025531329556828
38.0 88.0 0.28639488797782003
38.0 90.0 0.3840770463748732
38.0 92.0 0.459612744491152
38.0 94.0 0.5200811034191394
38.0 96.0 0.5759406784334254
38.0 98.0 0.5808686848825835
38.0 100.0 0.5427658681042129
38.0 102.0 0.388951894735965
38.0 104.0 0.28008830699093307
38.0 106.0 0.17743918753189225
38.0 108.0 0.06503819025125945
38.0 110.0 0.008245942230114186
38.0 112.0 0.0
38.0 114.0 0.0
38.0 116.0 0.0
38.0 118.0 0.0
38.0 120.0 0.0
38.0 122.0 0.0
38.0 124.0 0.0
38.0 126.0 0.0
40.0 0.0 0.0
40.0 2.0 0.0
40.0 4.0 0.0
40.0 6.0 0.0
40.0 8.0 0.046699066128614096
40.0 10.0 0.17170475009565148
40.0 12.0 0.20130474338685936
40.0 14.0 0.10991702325386464
40.0 16.0 0.014362306088058609
40.0 18.0 0.0
40.0 20.0 0.0
40.0 22.0 0.0
40.0 24.0 0.0
40.0 26.0 0.0
40.0 28.0 0.0
40.0 30.0 0.0
40.0 32.0 0.0
40.0 34.0 0.0
40.0 36.0 0.0
40.0 38.0 0.0
40.0 40.0 0.05824391207594384
40.0 42.0 0.14298413335156712
40.0 44.0 0.23766778262140964
40.0 46.0 0.32740606116208243
40.0 48.0 0.39649716436436494
40.0 50.0 0.44549604481953325
40.0 52.0 0.4940107249036421
40.0 54.0 0.5246504146479871
40.0 56.0 0.46147554419988124
40.0 58.0 0.29481398970090994
40.0 60.0 0.0664052122604177
40.0 62.0 3.813721049704909E-4
40.0 64.0 0.0
40.0 66.0 0.0
40.0 68.0 0.0
40.0 70.0 0.0
40.0 72.0 0.0
40.0 74.0 0.0
40.0 76.0 0.0
40.0 78.0 0.0
40.0 80.0 0.0
40.0 82.0 0.0
40.0 84.0 0.051469585823094834
40.0 86.0 0.17260804592086676
40.0 88.0 0.29917511515125056
40.0 90.0 0.39641427718952893
40.0 92.0 0.4611736397943198
40.0 94.0 0.5113879645969198
40.0 96.0 0.5598288779313444
40.0 98.0 0.5539066583980963
40.0 100.0 0.5021361222991888
40.0 102.0 0.3244184554831153
40.0 104.0 0.2208829361355886
40.0 106.0 0.12101231593588781
40.0 108.0 0.028839989224790558
40.0 110.0 0.0012531338754470155
40.0 112.0 0.0
40.0 114.0 0.0
40.0 116.0 0.0
40.0 118.0 0.0
40.0 120.0 0.0
40.0 122.0 0.0
40.0 124.0 0.0
40.0 126.0 0.0
42.0 0.0 0.0
42.0 2.0 0.0
42.0 4.0 0.017098720115329445
42.0 6.0 0.20216139656540352
42.0 8.0 0.31895352901150903
42.0 10.0 0.34624105492800816
42.0 12.0 0.29713034429221036
42.0 14.0 0.16209564302980062
42.0 16.0 0.014022378793659104
42.0 18.0 0.0
42.0 20.0 0.0
42.0 22.0 0.0
42.0 24.0 0.0
42.0 26.0 0.0
42.0 28.0 0.0
42.0 30.0 0.0
42.0 32.0 0.0
42.0 34.0 0.0
42.0 36.0 0.0
42.0 38.0 0.0
42.0 40.0 0.024497407944278685
42.0 42.0 0.12940535198208106
42.0 44.0 0.24524162889544374
42.0 46.0 0.3325606259170572
42.0 48.0 0.39901063050587254
42.0 50.0 0.4452869049521266
42.0 52.0 0.5082426661600189
42.0 54.0 0.5395534009313053
42.0 56.0 0.47439254892699073
42.0 58.0 0.3135771158804121
42.0 60.0 0.08340340637298838
42.0 62.0 0.0035729243979109003
42.0 64.0 0.0
42.0 66.0 0.0
42.0 68.0 0.0
42.0 70.0 0.0
42.0 72.0 0.0
42.0 74.0 0.0
42.0 76.0 0.0
42.0 78.0 0.0
42.0 80.0 0.0
42.0 82.0 0.0
42.0 84.0 0.028294171769049862
42.0 86.0 0.16036313060129379
42.0 88.0 0.3004161225779625
42.0 90.0 0.3998539314760497
42.0 92.0 0.4452459032976008
42.0 94.0 0.47408846378324604
42.0 96.0 0.49261774517560575
42.0 98.0 0.4856627952758999
42.0 100.0 0.41356940576220885
42.0 102.0 0.25791650577444
42.0 104.0 0.14504522781904844
42.0 106.0 0.055676806761902925
42.0 108.0 0.007488151212286665
42.0 110.0 0.0
42.0 112.0 0.0
42.0 114.0 0.0
42.0 116.0 0.0
42.0 118.0 0.0
42.0 120.0 0.0
42.0 122.0 0.0
42.0 124.0 0.0
42.0 126.0 0.0
44.0 0.0 0.0
44.0 2.0 0.0
44.0 4.0 0.06715046029166204
44.0 6.0 0.29618921496330547
44.0 8.0 0.35519548656038324
44.0 10.0 0.3665058490442479
44.0 12.0 0.3452163065840301
44.0 14.0 0.11931507793296682
44.0 16.0 0.004284668740441745
44.0 18.0 0.0
44.0 20.0 0.0
44.0 22.0 0.0
44.0 24.0 0.0
44.0 26.0 0.0
44.0 28.0 0.0
44.0 30.0 0.0
44.0 32.0 0.0
44.0 34.0 0.0
44.0 36.0 0.0
44.0 38.0 0.0
44.0 40.0 0.003049172763661003
44.0 42.0 0.11302557511796744
44.0 44.0 0.22967772349541923
44.0 46.0 0.3249507633630467
44.0 48.0 0.3946557045517747
44.0 50.0 0.4412454842194548
44.0 52.0 0.520242756890359
44.0 54.0 0.5540783491768125
44.0 56.0 0.4863406422070422
44.0 58.0 0.3264614925417526
44.0 60.0 0.09539007839895995
44.0 62.0 0.005767690084905662
44.0 64.0 0.0
44.0 66.0 0.0
44.0 68.0 0.0
44.0 70.0 0.0
44.0 72.0 0.0
44.0 74.0 0.0
44.0 76.0 0.0
44.0 78.0 0.0
44.0 80.0 0.0
44.0 82.0 0.0
44.0 84.0 0.009614687770397519
44.0 86.0 0.1243679234128839
44.0 88.0 0.2700377196751529
44.0 90.0 0.3734520963417906
44.0 92.0 0.4135974726304448
44.0 94.0 0.4326931750224919
44.0 96.0 0.4165924443145194
44.0 98.0 0.3728536434371797
44.0 100.0 0.2894368446467061
44.0 102.0 0.15838487201426496
44.0 104.0 0.05297296412932532
44.0 106.0 0.008178864673722858
44.0 108.0 0.0
44.0 110.0 0.0
44.0 112.0 0.0
44.0 114.0 0.0
44.0 116.0 0.0
44.0 118.0 0.0
44.0 120.0 0.0
44.0 122.0 0.0
44.0 124.0 0.0
44.0 126.0 0.0
46.0 0.0 0.0
46.0 2.0 0.0
46.0 4.0 0.11782266587607508
46.0 6.0 0.34112190910521134
46.0 8.0 0.369553164027951
46.0 10.0 0.3798247765373414
46.0 12.0 0.34827101656909093
46.0 14.0 0.07621375418830506
46.0 16.0 0.0
46.0 18.0 0.0
46.0 20.0 0.0
46.0 22.0 0.0
46.0 24.0 0.0
46.0 26.0 0.0
46.0 28.0 0.0
46.0 30.0 0.0
46.0 32.0 0.0
46.0 34.0 0.0
46.0 36.0 0.0
46.0 38.0 0.0
46.0 40.0 0.0
46.0 42.0 0.07322550502515082
46.0 44.0 0.207879470305659
46.0 46.0 0.30765600228292594
46.0 48.0 0.37843081714608173
46.0 50.0 0.4273192395244603
46.0 52.0 0.526546642609285
46.0 54.0 0.5611397028401307
46.0 56.0 0.4906889375474079
46.0 58.0 0.33239997027946483
46.0 60.0 0.10152307062958014
46.0 62.0 0.006544825146589905
46.0 64.0 0.0
46.0 66.0 0.0
46.0 68.0 0.0
46.0 70.0 0.0
46.0 72.0 0.0
46.0 74.0 0.0
46.0 76.0 0.0
46.0 78.0 0.0
46.0 80.0 0.0
46.0 82.0 0.0
46.0 84.0 0.0
46.0 86.0 0.07379920303674398
46.0 88.0 0.2110580986142211
46.0 90.0 0.312247317130195
46.0 92.0 0.3442314554030664
46.0 94.0 0.31086158197906993
46.0 96.0 0.2865811962009973
46.0 98.0 0.2382826522246473
46.0 100.0 0.17213837950976715
46.0 102.0 0.060981018385514674
46.0 104.0 0.0055321292782493856
46.0 106.0 0.0
46.0 108.0 0.0
46.0 110.0 0.0
46.0 112.0 0.0
46.0 114.0 0.0
46.0 116.0 0.0
46.0 118.0 0.0
46.0 120.0 0.0
46.0 122.0 0.0
46.0 124.0 0.0
46.0 126.0 0.0
48.0 0.0 0.0
48.0 2.0 0.2050594341535427
48.0 4.0 0.3806933893924335
48.0 6.0 0.3704458784710171
48.0 8.0 0.3590349618412141
48.0 10.0 0.3716502596861424
48.0 12.0 0.20329996379042273
48.0 14.0 0.025149304250546466
48.0 16.0 0.0
48.0 18.0 0.0
48.0 20.0 0.0
48.0 22.0 0.0
48.0 24.0 0.0
48.0 26.0 0.0
48.0 28.0 0.0
48.0 30.0 0.0
48.0 32.0 0.0
48.0 34.0 0.0
48.0 36.0 0.0
48.0 38.0 0.0
48.0 40.0 0.0
48.0 42.0 0.06034938727111153
48.0 44.0 0.19314122121007413
48.0 46.0 0.28436248565366584
48.0 48.0 0.35343016665993265
48.0 50.0 0.44424107433294663
48.0 52.0 0.5483315527951833
48.0 54.0 0.551557446046767
48.0 56.0 0.48374424212370476
48.0 58.0 0.3069080666277293
48.0 60.0 0.09014551522416087
48.0 62.0 0.009223099177809368
48.0 64.0 0.0
48.0 66.0 0.0
48.0 68.0 0.0
48.0 70.0 0.0
48.0 72.0 0.0
48.0 74.0 0.0
48.0 76.0 0.0
48.0 78.0 0.0
48.0 80.0 0.0
48.0 82.0 0.0
48.0 84.0 0.0
48.0 86.0 0.04585775926991736
48.0 88.0 0.14647737206320363
48.0 90.0 0.22282931086507252
48.0 92.0 0.24051325562606596
48.0 94.0 0.2090729367427401
48.0 96.0 0.19340046501875963
48.0 98.0 0.1524465131652187
48.0 100.0 0.09435763711595084
48.0 102.0 0.014422934327358429
48.0 104.0 0.0
48.0 106.0 0.0
48.0 108.0 0.0
48.0 110.0 0.0
48.0 112.0 0.0
48.0 114.0 0.0
48.0 116.0 0.0
48.0 118.0 0.0
48.0 120.0 0.0
48.0 122.0 0.0
48.0 124.0 0.0
48.0 126.0 0.0
50.0 0.0 0.0
50.0 2.0 0.2728483224422315
50.0 4.0 0.39272675823418246
50.0 6.0 0.3592714298037583
50.0 8.0 0.3209779561957583
50.0 10.0 0.29628128147727434
50.0 12.0 0.12110567413109709
50.0 14.0 0.018729020522029308
50.0 16.0 0.0
50.0 18.0 0.0
50.0 20.0 0.0
50.0 22.0 0.0
50.0 24.0 0.0
50.0 26.0 0.0
50.0 28.0 0.0
50.0 30.0 0.0
50.0 32.0 0.0
50.0 34.0 0.0
50.0 36.0 0.0
50.0 38.0 0.0
50.0 40.0 0.0
50.0 42.0 0.060491200680951235
50.0 44.0 0.17362367889128616
50.0 46.0 0.2556484233079173
50.0 48.0 0.3334222667374447
50.0 50.0 0.4673724037344793
50.0 52.0 0.5243605644376279
50.0 54.0 0.5337683876612648
50.0 56.0 0.4591079543980592
50.0 58.0 0.2685319336378686
50.0 60.0 0.07069984812321059
50.0 62.0 0.008673046291129863
50.0 64.0 0.0
50.0 66.0 0.0
50.0 68.0 0.0
50.0 70.0 0.0
50.0 72.0 0.0
50.0 74.0 0.0
50.0 76.0 0.0
50.0 78.0 0.0
50.0 80.0 0.0
50.0 82.0 0.0
50.0 84.0 0.008121746723688344
50.0 86.0 0.02712975880880282
50.0 88.0 0.08698645924093278
50.0 90.0 0.1309761921727559
50.0 92.0 0.1338456960410978
50.0 94.0 0.14138795429288917
50.0 96.0 0.12193260114541316
50.0 98.0 0.08501826093832636
50.0 100.0 0.034478994495019816
50.0 102.0 0.0022275660743649715
50.0 104.0 0.0
50.0 106.0 0.0
50.0 108.0 0.0
50.0 110.0 0.0
50.0 112.0 0.0
50.0 114.0 0.0
50.0 116.0 0.0
50.0 118.0 0.0
50.0 120.0 0.0
50.0 122.0 0.0
50.0 124.0 0.009880057369901114
50.0 126.0 0.0
52.0 0.0 0.0
52.0 2.0 0.3184550387252554
52.0 4.0 0.3912917924666361
52.0 6.0 0.31423943981387953
52.0 8.0 0.24280159718967895
52.0 10.0 0.16539264500700665
52.0 12.0 0.06267896730640282
52.0 14.0 0.010178191435023468
52.0 16.0 0.0
52.0 18.0 0.0
52.0 20.0 0.0
52.0 22.0 0.0
52.0 24.0 0.0
52.0 26.0 0.0
52.0 28.0 0.0
52.0 30.0 0.0
52.0 32.0 0.0
52.0 34.0 0.0
52.0 36.0 0.0
52.0 38.0 0.0
52.0 40.0 0.003320881017954386
52.0 42.0 0.06674061025401308
52.0 44.0 0.15222707734805932
52.0 46.0 0.2204770610403677
52.0 48.0 0.32618798193228943
52.0 50.0 0.422902873147642
52.0 52.0 0.4902747736490809
52.0 54.0 0.49080826601796396
52.0 56.0 0.397107937521785
52.0 58.0 0.20090265913212965
52.0 60.0 0.04095522704448259
52.0 62.0 0.005580235610192285
52.0 64.0 0.0
52.0 66.0 0.0
52.0 68.0 0.0
52.0 70.0 0.0
52.0 72.0 0.0
52.0 74.0 0.0
52.0 76.0 0.0
52.0 78.0 0.0
52.0 80.0 0.0
52.0 82.0 9.97769220584694E-4
52.0 84.0 0.016164856901309952
52.0 86.0 0.017976365971317233
52.0 88.0 0.03916059797771448
52.0 90.0 0.0604316753217593
52.0 92.0 0.06683330792713811
52.0 94.0 0.08928393510292326
52.0 96.0 0.07644545715542926
52.0 98.0 0.052008213237074996
52.0 100.0 0.020254374550105533
52.0 102.0 0.0
52.0 104.0 0.0
52.0 106.0 0.0
52.0 108.0 0.0
52.0 110.0 0.0
52.0 112.0 0.0
52.0 114.0 0.0
52.0 116.0 0.0
52.0 118.0 0.0
52.0 120.0 0.011900593652901081
52.0 122.0 0.0399241930751632
52.0 124.0 0.12244021099759234
52.0 126.0 0.0
54.0 0.0 0.0
54.0 2.0 0.3457246987556278
54.0 4.0 0.3238435211485657
54.0 6.0 0.21649173218174242
54.0 8.0 0.1119634426204265
54.0 10.0 0.024285498485785765
54.0 12.0 0.023681869704153532
54.0 14.0 0.0
54.0 16.0 0.0
54.0 18.0 0.0
54.0 20.0 0.0
54.0 22.0 0.0
54.0 24.0 0.0
54.0 26.0 0.0
54.0 28.0 0.0
54.0 30.0 0.0
54.0 32.0 3.572237455818181E-4
54.0 34.0 0.0015421790667448094
54.0 36.0 0.0025198626228572986
54.0 38.0 0.005627165011169299
54.0 40.0 0.014060114341645604
54.0 42.0 0.06542078403307561
54.0 44.0 0.12750490039336296
54.0 46.0 0.18794791044613754
54.0 48.0 0.2702980060002371
54.0 50.0 0.33954354607673176
54.0 52.0 0.40130600858323534
54.0 54.0 0.3869973986391209
54.0 56.0 0.27761533834549296
54.0 58.0 0.09030798394606358
54.0 60.0 0.010805618063342562
54.0 62.0 0.0
54.0 64.0 0.0
54.0 66.0 0.0
54.0 68.0 0.0
54.0 70.0 0.0
54.0 72.0 0.0
54.0 74.0 0.0
54.0 76.0 0.0
54.0 78.0 0.0
54.0 80.0 0.0
54.0 82.0 0.006098601224397766
54.0 84.0 0.020337322261785216
54.0 86.0 0.016682126536199923
54.0 88.0 0.024903483181541803
54.0 90.0 0.029502132131481063
54.0 92.0 0.031041394634908237
54.0 94.0 0.05139905943326711
54.0 96.0 0.04613880338658513
54.0 98.0 0.033172886264453985
54.0 100.0 0.0181903318179791
54.0 102.0 0.005481546908307411
54.0 104.0 0.0
54.0 106.0 0.0
54.0 108.0 0.0
54.0 110.0 0.0
54.0 112.0 0.0
54.0 114.0 0.0
54.0 116.0 0.002221797847752313
54.0 118.0 0.018517645268732053
54.0 120.0 0.05024608509614917
54.0 122.0 0.10432018565424096
54.0 124.0 0.20468202736674215
54.0 126.0 0.341305743358073
56.0 0.0 0.0
56.0 2.0 0.3277790915989316
56.0 4.0 0.10033471505207059
56.0 6.0 0.0030070479086206615
56.0 8.0 0.0
56.0 10.0 0.0
56.0 12.0 0.0
56.0 14.0 0.0
56.0 16.0 0.0
56.0 18.0 0.0
56.0 20.0 0.0
56.0 22.0 0.0
56.0 24.0 0.0
56.0 26.0 0.0
56.0 28.0 0.007267389243004289
56.0 30.0 0.019351489196855424
56.0 32.0 0.02361951049067254
56.0 34.0 0.02666111766377051
56.0 36.0 0.025744969307758252
56.0 38.0 0.024710693127803496
56.0 40.0 0.035679632291957177
56.0 42.0 0.06944332268497284
56.0 44.0 0.10018244248776027
56.0 46.0 0.13836815905190203
56.0 48.0 0.17135349725690485
56.0 50.0 0.2000946580698969
56.0 52.0 0.23091901188963548
56.0 54.0 0.21403759893811702
56.0 56.0 0.1115129253343733
56.0 58.0 0.013796977605618163
56.0 60.0 0.0
56.0 62.0 0.0
56.0 64.0 0.0
56.0 66.0 0.0
56.0 68.0 0.0
56.0 70.0 0.0
56.0 72.0 0.0
56.0 74.0 0.0
56.0 76.0 0.0
56.0 78.0 0.0
56.0 80.0 0.0012176742478261125
56.0 82.0 0.007805770637123308
56.0 84.0 0.015443786528651832
56.0 86.0 0.024224812743929736
56.0 88.0 0.016352197619347114
56.0 90.0 0.01814304043438587
56.0 92.0 0.0171515344908694
56.0 94.0 0.01320116610135843
56.0 96.0 0.012821395779674748
56.0 98.0 0.011190258311622889
56.0 100.0 0.007990749590078571
56.0 102.0 0.005279723586023876
56.0 104.0 0.006365584520198028
56.0 106.0 0.004464827930153908
56.0 108.0 0.0010403453093380298
56.0 110.0 0.002553093159736744
56.0 112.0 0.0020539151098365118
56.0 114.0 0.005235255935895381
56.0 116.0 0.013709846204819224
56.0 118.0 0.03274433582210088
56.0 120.0 0.07541509544477604
56.0 122.0 0.13877642447187175
56.0 124.0 0.23260489962080488
56.0 126.0 0.36167489211852427
58.0 0.0 0.0
58.0 2.0 0.2180981044642493
58.0 4.0 0.0022145647619498496
58.0 6.0 0.0
58.0 8.0 0.0
58.0 10.0 0.0
58.0 12.0 0.0
58.0 14.0 0.0
58.0 16.0 0.0
58.0 18.0 0.0
58.0 20.0 0.0
58.0 22.0 0.0
58.0 24.0 5.224348496672784E-4
58.0 26.0 0.015423836271670134
58.0 28.0 0.042810361203209336
58.0 30.0 0.07148407987616255
58.0 32.0 0.08819936884193212
58.0 34.0 0.09222436638023375
58.0 36.0 0.0810456156604341
58.0 38.0 0.06031004365666265
58.0 40.0 0.06373391526330449
58.0 42.0 0.0671337073762296
58.0 44.0 0.06990803062470007
58.0 46.0 0.07451028054288385
58.0 48.0 0.04663585129760245
58.0 50.0 0.023263462784801958
58.0 52.0 0.03350866466136179
58.0 54.0 0.026455620064261987
58.0 56.0 0.0019973630514911636
58.0 58.0 0.0
58.0 60.0 0.0
58.0 62.0 0.0
58.0 64.0 0.0
58.0 66.0 0.0
58.0 68.0 0.0
58.0 70.0 0.0
58.0 72.0 0.0
58.0 74.0 0.0
58.0 76.0 0.0
58.0 78.0 0.0013915113251953576
58.0 80.0 0.006585503055827682
58.0 82.0 0.014155878523243015
58.0 84.0 0.024424637347895975
58.0 86.0 0.009374012634637451
58.0 88.0 0.00735873845959589
58.0 90.0 0.010396858475460876
58.0 92.0 0.010704856150316558
58.0 94.0 0.0105640981117164
58.0 96.0 0.009474914035564825
58.0 98.0 0.008367411667256639
58.0 100.0 0.008408522717492506
58.0 102.0 0.007740695776208069
58.0 104.0 0.008322138365373887
58.0 106.0 0.013625817801660549
58.0 108.0 0.007765317897814233
58.0 110.0 0.015115986975878189
58.0 112.0 0.011301903561700277
58.0 114.0 0.015151877839220437
58.0 116.0 0.025361858242323194
58.0 118.0 0.04512985600178482
58.0 120.0 0.08338720963572786
58.0 122.0 0.14373070417333608
58.0 124.0 0.2352942595104731
58.0 126.0 0.34271641590187735
60.0 0.0 0.0
60.0 2.0 0.1321182521050273
60.0 4.0 0.0
60.0 6.0 0.0
60.0 8.0 0.0
60.0 10.0 0.0
60.0 12.0 0.0
60.0 14.0 0.0
60.0 16.0 0.0
60.0 18.0 0.0
60.0 20.0 0.0
60.0 22.0 0.0037935824977829795
60.0 24.0 0.030341781045415114
60.0 26.0 0.07914047914848646
60.0 28.0 0.12419747945607836
60.0 30.0 0.1603256238259504
60.0 32.0 0.18230010632722107
60.0 34.0 0.18300199489463856
60.0 36.0 0.15971440557290525
60.0 38.0 0.10922852814100048
60.0 40.0 0.08769220721249212
60.0 42.0 0.05796313287296159
60.0 44.0 0.027911859234509933
60.0 46.0 0.01079982510773795
60.0 48.0 0.0
60.0 50.0 0.0
60.0 52.0 0.0
60.0 54.0 0.0
60.0 56.0 0.0
60.0 58.0 0.0
60.0 60.0 0.0
60.0 62.0 0.0
60.0 64.0 0.0
60.0 66.0 0.0
60.0 68.0 0.0
60.0 70.0 0.0
60.0 72.0 0.0
60.0 74.0 0.0
60.0 76.0 0.00643506854268451
60.0 78.0 0.01383177741799257
60.0 80.0 0.018718741728941054
60.0 82.0 0.02913649067422852
60.0 84.0 0.025169065377029023
60.0 86.0 0.006860991826377051
60.0 88.0 0.002830928195508769
60.0 90.0 0.003385940874048515
60.0 92.0 0.003449364644834537
60.0 94.0 0.005141456013040325
60.0 96.0 0.005881371969011755
60.0 98.0 0.006151270450361735
60.0 100.0 0.004136872939347933
60.0 102.0 0.005558039636929084
60.0 104.0 0.008554966985897793
60.0 106.0 0.014900420971391735
60.0 108.0 0.019878065573240022
60.0 110.0 0.011011692645780549
60.0 112.0 0.018441631021403174
60.0 114.0 0.017692905094618464
60.0 116.0 0.02421954397371567
60.0 118.0 0.03833809954764237
60.0 120.0 0.07555970612804583
60.0 122.0 0.125947668371004
60.0 124.0 0.19772703375279374
60.0 126.0 0.2933229925770778
62.0 0.0 0.0
62.0 2.0 0.0892421754817716
62.0 4.0 0.0
62.0 6.0 0.0
62.0 8.0 0.0
62.0 10.0 0.0
62.0 12.0 0.0
62.0 14.0 0.0
62.0 16.0 0.0
62.0 18.0 0.0
62.0 20.0 0.0
62.0 22.0 0.022438976050131884
62.0 24.0 0.08105647384347102
62.0 26.0 0.14919714444199533
62.0 28.0 0.21323812705954917
62.0 30.0 0.2621175117282237
62.0 32.0 0.28857351303351514
62.0 34.0 0.2839611762594036
62.0 36.0 0.22364433839258904
62.0 38.0 0.16371977890995668
62.0 40.0 0.1018629428066387
62.0 42.0 0.030375211071687197
62.0 44.0 0.0
62.0 46.0 0.0
62.0 48.0 0.0
62.0 50.0 0.0
62.0 52.0 0.0
62.0 54.0 0.0
62.0 56.0 0.0
62.0 58.0 0.0
62.0 60.0 0.0
62.0 62.0 0.0
62.0 64.0 0.0
62.0 66.0 0.0
62.0 68.0 0.0
62.0 70.0 0.0
62.0 72.0 0.004222522319483558
62.0 74.0 0.027895117750588772
62.0 76.0 0.0468764057538038
62.0 78.0 0.05759727337157175
62.0 80.0 0.05225812053341069
62.0 82.0 0.03558585602246943
62.0 84.0 0.016743142576511844
62.0 86.0 0.005120384513375966
62.0 88.0 8.385604484282324E-4
62.0 90.0 2.769825831280593E-4
62.0 92.0 0.0
62.0 94.0 2.805875675985002E-4
62.0 96.0 0.0011074309972234446
62.0 98.0 0.0013472937038059645
62.0 100.0 0.0027732091824101447
62.0 102.0 0.0027368254383934435
62.0 104.0 0.0068043452718756945
62.0 106.0 0.013602675577189234
62.0 108.0 0.026838634757201427
62.0 110.0 0.017291252289344836
62.0 112.0 0.02821965983690217
62.0 114.0 0.024364530377242715
62.0 116.0 0.024666739523094002
62.0 118.0 0.03273778291336125
62.0 120.0 0.0576597571654914
62.0 122.0 0.0867868207742782
62.0 124.0 0.1325838114205284
62.0 126.0 0.22792818589396732
64.0 0.0 0.0
64.0 2.0 0.060443299418012485
64.0 4.0 0.0
64.0 6.0 0.0
64.0 8.0 0.0
64.0 10.0 0.0
64.0 12.0 0.0
64.0 14.0 0.0
64.0 16.0 0.0
64.0 18.0 0.0
64.0 20.0 0.003390358157451185
64.0 22.0 0.044831230202721915
64.0 24.0 0.13107684952216855
64.0 26.0 0.2227194936171789
64.0 28.0 0.30485362683698825
64.0 30.0 0.36223036856270124
64.0 32.0 0.3886228443613005
64.0 34.0 0.3707692058924818
64.0 36.0 0.2828348146315271
64.0 38.0 0.21316493406564033
64.0 40.0 0.11572627176986107
64.0 42.0 0.0177485413083325
64.0 44.0 0.0
64.0 46.0 0.0
64.0 48.0 0.0
64.0 50.0 0.0
64.0 52.0 0.0
64.0 54.0 0.0
64.0 56.0 0.0
64.0 58.0 0.0
64.0 60.0 0.0
64.0 62.0 0.0
64.0 64.0 0.0
64.0 66.0 0.0
64.0 68.0 0.003975357750664129
64.0 70.0 0.025496910668825267
64.0 72.0 0.05706109961836316
64.0 74.0 0.09008955995609842
64.0 76.0 0.11198862389348076
64.0 78.0 0.11571875941401051
64.0 80.0 0.09846771164368055
64.0 82.0 0.06283552042726882
64.0 84.0 0.024599084986592596
64.0 86.0 3.810072179570404E-5
64.0 88.0 0.0
64.0 90.0 0.0
64.0 92.0 0.0
64.0 94.0 0.0
64.0 96.0 0.0
64.0 98.0 0.0
64.0 100.0 0.0
64.0 102.0 0.0016890199511653506
64.0 104.0 0.00821323623138704
64.0 106.0 0.0168961905504272
64.0 108.0 0.029227162826815895
64.0 110.0 0.036836548545067155
64.0 112.0 0.042232793392858285
64.0 114.0 0.03531022569718729
64.0 116.0 0.02769241106232682
64.0 118.0 0.02746012642181822
64.0 120.0 0.0401291821495279
64.0 122.0 0.04262524328389363
64.0 124.0 0.05099598486605408
64.0 126.0 0.11658611915281285
66.0 0.0 0.0
66.0 2.0 0.024397679528469007
66.0 4.0 0.0
66.0 6.0 0.0
66.0 8.0 0.0
66.0 10.0 0.0
66.0 12.0 0.0
66.0 14.0 0.0
66.0 16.0 0.0
66.0 18.0 0.0
66.0 20.0 0.007938747127283713
66.0 22.0 0.07222575135520441
66.0 24.0 0.18177399785134832
66.0 26.0 0.2929972248761759
66.0 28.0 0.3851901346458381
66.0 30.0 0.4450622546901462
66.0 32.0 0.4595268203934732
66.0 34.0 0.380612570285317
66.0 36.0 0.33692711171807166
66.0 38.0 0.25618039879130744
66.0 40.0 0.13771741348245767
66.0 42.0 0.021126014074325548
66.0 44.0 0.0
66.0 46.0 0.0
66.0 48.0 0.0
66.0 50.0 0.0
66.0 52.0 0.0
66.0 54.0 0.0
66.0 56.0 0.0
66.0 58.0 0.0
66.0 60.0 0.0
66.0 62.0 0.0
66.0 64.0 0.0
66.0 66.0 0.0049259156265721886
66.0 68.0 0.03407629560750422
66.0 70.0 0.08240653368188773
66.0 72.0 0.12297638123563447
66.0 74.0 0.15611136637758102
66.0 76.0 0.17383713020337763
66.0 78.0 0.17016015185385594
66.0 80.0 0.14433484873764274
66.0 82.0 0.09309571528585851
66.0 84.0 0.018438715665384176
66.0 86.0 0.0
66.0 88.0 0.0
66.0 90.0 0.0
66.0 92.0 0.0
66.0 94.0 0.0
66.0 96.0 0.0
66.0 98.0 0.0
66.0 100.0 0.0
66.0 102.0 5.48804887108431E-4
66.0 104.0 0.010669792837391312
66.0 106.0 0.025311752386456294
66.0 108.0 0.052456677555652864
66.0 110.0 0.0635097251511316
66.0 112.0 0.06309795085862423
66.0 114.0 0.047620931835642866
66.0 116.0 0.028979250149209657
66.0 118.0 0.018041679161989798
66.0 120.0 0.017899912911170317
66.0 122.0 0.0026441223837246988
66.0 124.0 0.0
66.0 126.0 0.0
68.0 0.0 0.0
68.0 2.0 0.0
68.0 4.0 0.0
68.0 6.0 0.0
68.0 8.0 0.0
68.0 10.0 0.0
68.0 12.0 0.0
68.0 14.0 0.0
68.0 16.0 0.0
68.0 18.0 0.0
68.0 20.0 0.013013074071362629
68.0 22.0 0.09694976232095098
68.0 24.0 0.22440657557188892
68.0 26.0 0.3507359534709225
68.0 28.0 0.44737169220662715
68.0 30.0 0.506496790835563
68.0 32.0 0.4921180405140125
68.0 34.0 0.40881482145109366
68.0 36.0 0.3654158461416515
68.0 38.0 0.2814591618753128
68.0 40.0 0.15450325652379318
68.0 42.0 0.019801101376715254
68.0 44.0 0.0
68.0 46.0 0.0
68.0 48.0 0.0
68.0 50.0 0.0
68.0 52.0 0.0
68.0 54.0 0.0
68.0 56.0 0.0
68.0 58.0 0.0
68.0 60.0 0.0
68.0 62.0 0.0
68.0 64.0 0.0
68.0 66.0 0.018512804597119095
68.0 68.0 0.07663423803376328
68.0 70.0 0.13559408245510599
68.0 72.0 0.1809713778158859
68.0 74.0 0.2138350505822618
68.0 76.0 0.2269546863519719
68.0 78.0 0.22805854463578668
68.0 80.0 0.18263409786011056
68.0 82.0 0.0991455304582614
68.0 84.0 0.013881777117274632
68.0 86.0 0.0
68.0 88.0 0.0
68.0 90.0 0.0
68.0 92.0 0.0
68.0 94.0 0.0
68.0 96.0 0.0
68.0 98.0 0.0
68.0 100.0 0.0
68.0 102.0 8.077713086580589E-5
68.0 104.0 0.02216813497514002
68.0 106.0 0.06090714598393243
68.0 108.0 0.0943176981181489
68.0 110.0 0.10298435138955488
68.0 112.0 0.09577269254631698
68.0 114.0 0.06996506237190184
68.0 116.0 0.03653979910654336
68.0 118.0 0.011372305510190764
68.0 120.0 0.0
68.0 122.0 0.0
68.0 124.0 0.0
68.0 126.0 0.0
70.0 0.0 0.0
70.0 2.0 0.0
70.0 4.0 0.0
70.0 6.0 0.0
70.0 8.0 0.0
70.0 10.0 0.0
70.0 12.0 0.0
70.0 14.0 0.0
70.0 16.0 0.0
70.0 18.0 0.0
70.0 20.0 0.012835822601653538
70.0 22.0 0.12035516728107352
70.0 24.0 0.26670040417944835
70.0 26.0 0.3982135047353661
70.0 28.0 0.49581876596828406
70.0 30.0 0.5348102834052183
70.0 32.0 0.475960266455508
70.0 34.0 0.46279220008191696
70.0 36.0 0.4121153356897509
70.0 38.0 0.31422657123644393
70.0 40.0 0.15240149001239045
70.0 42.0 0.01921996763242599
70.0 44.0 0.0
70.0 46.0 0.0
70.0 48.0 0.0
70.0 50.0 0.0
70.0 52.0 0.0
70.0 54.0 0.0
70.0 56.0 0.0
70.0 58.0 0.0
70.0 60.0 0.0
70.0 62.0 0.0
70.0 64.0 0.0
70.0 66.0 0.04452484284186855
70.0 68.0 0.12401947068580227
70.0 70.0 0.18893963517579035
70.0 72.0 0.2384658188645895
70.0 74.0 0.2684670611316821
70.0 76.0 0.2958114698904836
70.0 78.0 0.2899353287184779
70.0 80.0 0.21665189696521614
70.0 82.0 0.1075877057324462
70.0 84.0 0.01079298655077873
70.0 86.0 0.0
70.0 88.0 0.0
70.0 90.0 0.0
70.0 92.0 0.0
70.0 94.0 0.0
70.0 96.0 0.0
70.0 98.0 0.0
70.0 100.0 0.0
70.0 102.0 0.0
70.0 104.0 0.039686258678894866
70.0 106.0 0.10178006202030511
70.0 108.0 0.145425273538975
70.0 110.0 0.15238248165334245
70.0 112.0 0.13709854726983253
70.0 114.0 0.09935717311914612
70.0 116.0 0.051810713623276085
70.0 118.0 0.004183121807810078
70.0 120.0 0.0
70.0 122.0 0.0
70.0 124.0 0.0
70.0 126.0 0.0
72.0 0.0 0.0
72.0 2.0 0.0
72.0 4.0 0.0
72.0 6.0 0.0
72.0 8.0 0.0
72.0 10.0 0.0
72.0 12.0 0.0
72.0 14.0 0.0
72.0 16.0 0.0
72.0 18.0 0.0
72.0 20.0 0.014761289588575139
72.0 22.0 0.1404347421805473
72.0 24.0 0.30475309707746884
72.0 26.0 0.44699047974020184
72.0 28.0 0.54456866625421
72.0 30.0 0.547658281634526
72.0 32.0 0.4886902332299414
72.0 34.0 0.47733209413638494
72.0 36.0 0.42799094617106026
72.0 38.0 0.3311717593136561
72.0 40.0 0.14258238740179918
72.0 42.0 0.016382763911419917
72.0 44.0 0.0
72.0 46.0 0.0
72.0 48.0 0.0
72.0 50.0 0.0
72.0 52.0 0.0
72.0 54.0 0.0
72.0 56.0 0.0
72.0 58.0 0.0
72.0 60.0 0.0
72.0 62.0 0.0
72.0 64.0 0.002205501240603257
72.0 66.0 0.0809188945498296
72.0 68.0 0.17378170993096018
72.0 70.0 0.24669435172148146
72.0 72.0 0.30007747213580765
72.0 74.0 0.32620076467780384
72.0 76.0 0.35035940046164926
72.0 78.0 0.3333147236890801
72.0 80.0 0.23699962271799893
72.0 82.0 0.08793519816369481
72.0 84.0 0.005765091935822923
72.0 86.0 0.0
72.0 88.0 0.0
72.0 90.0 0.0
72.0 92.0 0.0
72.0 94.0 0.0
72.0 96.0 0.0
72.0 98.0 0.0
72.0 100.0 0.0
72.0 102.0 0.021257277303910093
72.0 104.0 0.10760009819363929
72.0 106.0 0.17091389573371196
72.0 108.0 0.20240560188342716
72.0 110.0 0.2072780488749877
72.0 112.0 0.18635168137744576
72.0 114.0 0.15429122576907164
72.0 116.0 0.07721670803378942
72.0 118.0 0.00905670140420749
72.0 120.0 0.0
72.0 122.0 0.0
72.0 124.0 0.0
72.0 126.0 0.0
74.0 0.0 0.0
74.0 2.0 0.0
74.0 4.0 0.0
74.0 6.0 0.0
74.0 8.0 0.0
74.0 10.0 0.0
74.0 12.0 0.0
74.0 14.0 0.0
74.0 16.0 0.0
74.0 18.0 0.0
74.0 20.0 0.0032129800440020354
74.0 22.0 0.1412353099545918
74.0 24.0 0.32751287203909973
74.0 26.0 0.4783870440152122
74.0 28.0 0.522566920593098
74.0 30.0 0.53656673573615
74.0 32.0 0.5365918303341487
74.0 34.0 0.48381828754560846
74.0 36.0 0.43171343080318647
74.0 38.0 0.331407421378202
74.0 40.0 0.12935310291095467
74.0 42.0 0.013483173510342547
74.0 44.0 0.0
74.0 46.0 0.0
74.0 48.0 0.0
74.0 50.0 0.0
74.0 52.0 0.0
74.0 54.0 0.0
74.0 56.0 0.0
74.0 58.0 0.0
74.0 60.0 0.0
74.0 62.0 0.0
74.0 64.0 0.01930657143471681
74.0 66.0 0.1314149882177409
74.0 68.0 0.23708310571870783
74.0 70.0 0.31711773948679434
74.0 72.0 0.3669429803840256
74.0 74.0 0.381571607821703
74.0 76.0 0.3628514913137864
74.0 78.0 0.32693559135327166
74.0 80.0 0.22904872885409003
74.0 82.0 0.06000752796758038
74.0 84.0 0.002296658928643071
74.0 86.0 0.0
74.0 88.0 0.0
74.0 90.0 0.0
74.0 92.0 0.0
74.0 94.0 0.0
74.0 96.0 0.0
74.0 98.0 0.0
74.0 100.0 0.0
74.0 102.0 0.04409404052706683
74.0 104.0 0.15574498370063689
74.0 106.0 0.22813606624992153
74.0 108.0 0.2618693747537398
74.0 110.0 0.2643715734497832
74.0 112.0 0.2406559038124364
74.0 114.0 0.20307765371341882
74.0 116.0 0.1179923802090634
74.0 118.0 0.018439346816623823
74.0 120.0 0.0
74.0 122.0 0.0
74.0 124.0 0.0
74.0 126.0 0.0
76.0 0.0 0.0
76.0 2.0 0.0
76.0 4.0 0.0
76.0 6.0 0.0
76.0 8.0 0.0
76.0 10.0 0.0
76.0 12.0 0.0
76.0 14.0 0.0
76.0 16.0 0.0
76.0 18.0 0.0
76.0 20.0 0.002369299528819193
76.0 22.0 0.14207493900421433
76.0 24.0 0.3279251408049782
76.0 26.0 0.4345515567023876
76.0 28.0 0.524233470164451
76.0 30.0 0.5630148320910683
76.0 32.0 0.5713948650196651
76.0 34.0 0.5538245973880036
76.0 36.0 0.4724513051866217
76.0 38.0 0.33017731242543136
76.0 40.0 0.11383748936702137
76.0 42.0 0.008504879507339273
76.0 44.0 0.0
76.0 46.0 0.0
76.0 48.0 0.0
76.0 50.0 0.0
76.0 52.0 0.0
76.0 54.0 0.0
76.0 56.0 0.0
76.0 58.0 0.0
76.0 60.0 0.0
76.0 62.0 0.0
76.0 64.0 0.06175449975732302
76.0 66.0 0.20562575784829504
76.0 68.0 0.31972380142055973
76.0 70.0 0.3941175975657815
76.0 72.0 0.4317887387645618
76.0 74.0 0.4220974055703091
76.0 76.0 0.38393389674091843
76.0 78.0 0.3038979171708263
76.0 80.0 0.17646254647102697
76.0 82.0 0.036044909400555804
76.0 84.0 0.0
76.0 86.0 0.0
76.0 88.0 0.0
76.0 90.0 0.0
76.0 92.0 0.0
76.0 94.0 0.0
76.0 96.0 0.0
76.0 98.0 0.0
76.0 100.0 0.0
76.0 102.0 0.06754371761258984
76.0 104.0 0.19526061224935468
76.0 106.0 0.2773507265404362
76.0 108.0 0.31299468665390623
76.0 110.0 0.31400590664695716
76.0 112.0 0.28857231988324145
76.0 114.0 0.2580467380331631
76.0 116.0 0.16616528000210648
76.0 118.0 0.029417769697336175
76.0 120.0 0.0
76.0 122.0 0.0
76.0 124.0 0.0
76.0 126.0 0.0
78.0 0.0 0.0
78.0 2.0 0.0
78.0 4.0 0.0
78.0 6.0 0.0
78.0 8.0 0.0
78.0 10.0 0.0
78.0 12.0 0.0
78.0 14.0 0.0
78.0 16.0 0.0
78.0 18.0 0.0
78.0 20.0 0.0
78.0 22.0 0.12654322639810764
78.0 24.0 0.3128498593358308
78.0 26.0 0.4291363877361429
78.0 28.0 0.525471794863417
78.0 30.0 0.5831863504191891
78.0 32.0 0.6037531551285391
78.0 34.0 0.5659535567947386
78.0 36.0 0.47523818353121294
78.0 38.0 0.3196961528000583
78.0 40.0 0.09961726127494828
78.0 42.0 0.006611304685028779
78.0 44.0 0.0
78.0 46.0 0.0
78.0 48.0 0.0
78.0 50.0 0.0
78.0 52.0 0.0
78.0 54.0 0.0
78.0 56.0 0.0
78.0 58.0 0.0
78.0 60.0 0.0
78.0 62.0 0.0
78.0 64.0 0.13968269090705984
78.0 66.0 0.30364177865304626
78.0 68.0 0.4074935116503224
78.0 70.0 0.46533312422208367
78.0 72.0 0.48028685397048854
78.0 74.0 0.4560282108807161
78.0 76.0 0.3827639459983343
78.0 78.0 0.2597371516738443
78.0 80.0 0.10653907385349243
78.0 82.0 0.013988954657232454
78.0 84.0 0.0
78.0 86.0 0.0
78.0 88.0 0.0
78.0 90.0 0.0
78.0 92.0 0.0
78.0 94.0 0.0
78.0 96.0 0.0
78.0 98.0 0.0
78.0 100.0 0.0
78.0 102.0 0.07991564377816575
78.0 104.0 0.22393400298268373
78.0 106.0 0.31466698486142486
78.0 108.0 0.3538949671273788
78.0 110.0 0.3569624847908111
78.0 112.0 0.32960530145250594
78.0 114.0 0.31340678632603913
78.0 116.0 0.2099679928124604
78.0 118.0 0.04697890981863345
78.0 120.0 0.0
78.0 122.0 0.0
78.0 124.0 0.0
78.0 126.0 0.0
80.0 0.0 0.0
80.0 2.0 0.0
80.0 4.0 0.0
80.0 6.0 0.0
80.0 8.0 0.0
80.0 10.0 0.0
80.0 12.0 0.0
80.0 14.0 0.0
80.0 16.0 0.0
80.0 18.0 0.0
80.0 20.0 0.0
80.0 22.0 0.08508332055717348
80.0 24.0 0.2761058287375406
80.0 26.0 0.40903452120397416
80.0 28.0 0.5136493272953145
80.0 30.0 0.6142568265638241
80.0 32.0 0.628163262248073
80.0 34.0 0.5743345752050463
80.0 36.0 0.47106001143129533
80.0 38.0 0.30083241121737747
80.0 40.0 0.08572177145975722
80.0 42.0 0.004663468273198644
80.0 44.0 0.0
80.0 46.0 0.0
80.0 48.0 0.0
80.0 50.0 0.0
80.0 52.0 0.0
80.0 54.0 0.0
80.0 56.0 0.0
80.0 58.0 0.0
80.0 60.0 0.0
80.0 62.0 0.05287609982902136
80.0 64.0 0.2522078173724178
80.0 66.0 0.38965629484116565
80.0 68.0 0.46498371646777775
80.0 70.0 0.49901351770987884
80.0 72.0 0.4925426260320796
80.0 74.0 0.4411752511559935
80.0 76.0 0.32270971100269447
80.0 78.0 0.19186866409244863
80.0 80.0 0.05971370717935215
80.0 82.0 0.004665563138084306
80.0 84.0 0.0
80.0 86.0 0.0
80.0 88.0 0.0
80.0 90.0 0.0
80.0 92.0 0.0
80.0 94.0 0.0
80.0 96.0 0.0
80.0 98.0 0.0
80.0 100.0 0.0
80.0 102.0 0.07988701484480117
80.0 104.0 0.2374986652838734
80.0 106.0 0.339731489953965
80.0 108.0 0.3824519034237956
80.0 110.0 0.4078829052015776
80.0 112.0 0.4125233064188137
80.0 114.0 0.3545161838214454
80.0 116.0 0.24405955568879378
80.0 118.0 0.0659298014990481
80.0 120.0 0.00214294825915467
80.0 122.0 0.0
80.0 124.0 0.0
80.0 126.0 0.0
82.0 0.0 0.0
82.0 2.0 0.0
82.0 4.0 0.0
82.0 6.0 0.0
82.0 8.0 0.0
82.0 10.0 0.0
82.0 12.0 0.0
82.0 14.0 0.0
82.0 16.0 0.0
82.0 18.0 0.0
82.0 20.0 0.0
82.0 22.0 0.023163594256452768
82.0 24.0 0.19244507779479528
82.0 26.0 0.36201228557249143
82.0 28.0 0.487895235576066
82.0 30.0 0.5624818038718222
82.0 32.0 0.5926863442212655
82.0 34.0 0.5583206826823356
82.0 36.0 0.44920009258326216
82.0 38.0 0.27246532365027626
82.0 40.0 0.06867833045562564
82.0 42.0 0.002309495839463264
82.0 44.0 0.0
82.0 46.0 0.0
82.0 48.0 0.0
82.0 50.0 0.0
82.0 52.0 0.0
82.0 54.0 0.0
82.0 56.0 0.0
82.0 58.0 0.0
82.0 60.0 0.0
82.0 62.0 0.1622375242256956
82.0 64.0 0.3396788351778299
82.0 66.0 0.43720228300519537
82.0 68.0 0.4837232402322616
82.0 70.0 0.49374817254803527
82.0 72.0 0.46514135363713954
82.0 74.0 0.3797862317491634
82.0 76.0 0.2607880890725212
82.0 78.0 0.12657539267005335
82.0 80.0 0.02034812840638725
82.0 82.0 0.0
82.0 84.0 0.0
82.0 86.0 0.0
82.0 88.0 0.0
82.0 90.0 0.0
82.0 92.0 0.0
82.0 94.0 0.0
82.0 96.0 0.0
82.0 98.0 0.0
82.0 100.0 0.0
82.0 102.0 0.07074134316275975
82.0 104.0 0.2396114857816749
82.0 106.0 0.3540549762947411
82.0 108.0 0.40701473079799727
82.0 110.0 0.4141129932533157
82.0 112.0 0.3886936284750675
82.0 114.0 0.3745556856201948
82.0 116.0 0.2809307905896978
82.0 118.0 0.08853332412755084
82.0 120.0 0.005148778718102449
82.0 122.0 0.0
82.0 124.0 0.0
82.0 126.0 0.0
84.0 0.0 0.0
84.0 2.0 0.0
84.0 4.0 0.0
84.0 6.0 0.0
84.0 8.0 0.0
84.0 10.0 0.0
84.0 12.0 0.0
84.0 14.0 0.0
84.0 16.0 0.0
84.0 18.0 0.0
84.0 20.0 0.0
84.0 22.0 0.0
84.0 24.0 0.07970458998409316
84.0 26.0 0.25551341933459054
84.0 28.0 0.42974104137482355
84.0 30.0 0.524023463022438
84.0 32.0 0.5673049611184069
84.0 34.0 0.5344317642567932
84.0 36.0 0.41688164302367364
84.0 38.0 0.23109167763850721
84.0 40.0 0.045124179081081704
84.0 42.0 0.003013555199971748
84.0 44.0 0.0
84.0 46.0 0.0
84.0 48.0 0.0
84.0 50.0 0.0
84.0 52.0 0.0
84.0 54.0 0.0
84.0 56.0 0.0
84.0 58.0 0.0
84.0 60.0 0.06553858143179421
84.0 62.0 0.2636465915445564
84.0 64.0 0.39274529949979553
84.0 66.0 0.4606982932953367
84.0 68.0 0.4873400285299045
84.0 70.0 0.47779304742636514
84.0 72.0 0.42150756389296884
84.0 74.0 0.3253697513503682
84.0 76.0 0.19744271645567246
84.0 78.0 0.055588125711526555
84.0 80.0 0.003546812417691789
84.0 82.0 0.0
84.0 84.0 0.0
84.0 86.0 0.0
84.0 88.0 0.0
84.0 90.0 0.0
84.0 92.0 0.0
84.0 94.0 0.0
84.0 96.0 0.0
84.0 98.0 0.0
84.0 100.0 0.0
84.0 102.0 0.06395982733785233
84.0 104.0 0.2274386653418817
84.0 106.0 0.3491695735035927
84.0 108.0 0.4147105430957954
84.0 110.0 0.42920278754548913
84.0 112.0 0.4071764527565464
84.0 114.0 0.3521220952421495
84.0 116.0 0.30487310570910403
84.0 118.0 0.11927059892044216
84.0 120.0 0.01040359708055465
84.0 122.0 0.0
84.0 124.0 0.0
84.0 126.0 0.0
86.0 0.0 0.0
86.0 2.0 0.0
86.0 4.0 0.0
86.0 6.0 0.0
86.0 8.0 0.0
86.0 10.0 0.0
86.0 12.0 0.0
86.0 14.0 0.0
86.0 16.0 0.0
86.0 18.0 0.0
86.0 20.0 0.0
86.0 22.0 0.0
86.0 24.0 0.02322622688351507
86.0 26.0 0.13473095005004745
86.0 28.0 0.2991700001398132
86.0 30.0 0.4122163320684747
86.0 32.0 0.4748976576354958
86.0 34.0 0.4603061539195629
86.0 36.0 0.3192664437207806
86.0 38.0 0.17554103877806596
86.0 40.0 0.04597482082565426
86.0 42.0 0.0014918386701530688
86.0 44.0 0.0
86.0 46.0 0.0
86.0 48.0 0.0
86.0 50.0 0.0
86.0 52.0 0.0
86.0 54.0 0.0
86.0 56.0 0.0
86.0 58.0 5.314834178819591E-4
86.0 60.0 0.16875459179772498
86.0 62.0 0.3354683867648585
86.0 64.0 0.4247142468204849
86.0 66.0 0.47070049378904494
86.0 68.0 0.4819609001538046
86.0 70.0 0.45536916722200615
86.0 72.0 0.3865521047284857
86.0 74.0 0.26448665099807955
86.0 76.0 0.10563007519631541
86.0 78.0 0.01300362404147746
86.0 80.0 0.0
86.0 82.0 0.0
86.0 84.0 0.0
86.0 86.0 0.0
86.0 88.0 0.0
86.0 90.0 0.0
86.0 92.0 0.0
86.0 94.0 0.0
86.0 96.0 0.0
86.0 98.0 0.0
86.0 100.0 0.0
86.0 102.0 0.0514782553259181
86.0 104.0 0.2042437587606298
86.0 106.0 0.3500286672916248
86.0 108.0 0.43687903209339124
86.0 110.0 0.44575314967333873
86.0 112.0 0.4212417721601532
86.0 114.0 0.3691033424355472
86.0 116.0 0.3206682461291354
86.0 118.0 0.16513113661682052
86.0 120.0 0.02280451459025035
86.0 122.0 0.0
86.0 124.0 0.0
86.0 126.0 0.0
88.0 0.0 0.0
88.0 2.0 0.0
88.0 4.0 0.0
88.0 6.0 0.0
88.0 8.0 0.0
88.0 10.0 0.0
88.0 12.0 0.0
88.0 14.0 0.0
88.0 16.0 0.0
88.0 18.0 0.0
88.0 20.0 0.0
88.0 22.0 0.0
88.0 24.0 0.0
88.0 26.0 0.041057954769689875
88.0 28.0 0.12595589647740532
88.0 30.0 0.2288839102267001
88.0 32.0 0.30401720244495495
88.0 34.0 0.3213716550588673
88.0 36.0 0.26647719843841
88.0 38.0 0.148445799055579
88.0 40.0 0.02323948586082801
88.0 42.0 5.188162221287659E-4
88.0 44.0 0.0
88.0 46.0 0.0
88.0 48.0 0.0
88.0 50.0 0.0
88.0 52.0 0.0
88.0 54.0 0.0
88.0 56.0 0.0
88.0 58.0 0.09757844239791114
88.0 60.0 0.2824437467177234
88.0 62.0 0.37501497562988306
88.0 64.0 0.4387445903328045
88.0 66.0 0.4740803472631017
88.0 68.0 0.5149481305280584
88.0 70.0 0.4876391172700338
88.0 72.0 0.3607994211632186
88.0 74.0 0.17701100795441216
88.0 76.0 0.047455960682028064
88.0 78.0 0.0024972663629688257
88.0 80.0 0.0
88.0 82.0 0.0
88.0 84.0 0.0
88.0 86.0 0.0
88.0 88.0 0.0
88.0 90.0 0.0
88.0 92.0 0.0
88.0 94.0 0.0
88.0 96.0 0.0
88.0 98.0 0.0
88.0 100.0 0.0
88.0 102.0 0.034761796755971006
88.0 104.0 0.16871803721634673
88.0 106.0 0.3027096492118913
88.0 108.0 0.389251975294077
88.0 110.0 0.4227501234350141
88.0 112.0 0.41333049576258923
88.0 114.0 0.37196197816735715
88.0 116.0 0.32717180134226925
88.0 118.0 0.19749088152647398
88.0 120.0 0.0421504805920073
88.0 122.0 0.0
88.0 124.0 0.0
88.0 126.0 0.0
90.0 0.0 0.0
90.0 2.0 0.0
90.0 4.0 0.0
90.0 6.0 0.0
90.0 8.0 0.0
90.0 10.0 0.0
90.0 12.0 0.0
90.0 14.0 0.0
90.0 16.0 0.0
90.0 18.0 0.0
90.0 20.0 0.0
90.0 22.0 0.0
90.0 24.0 0.0
90.0 26.0 1.988999225436452E-4
90.0 28.0 0.01837914155352524
90.0 30.0 0.08548906709980747
90.0 32.0 0.1521719569751295
90.0 34.0 0.18961933467537237
90.0 36.0 0.1831722686169286
90.0 38.0 0.1177009012937466
90.0 40.0 0.027016002522331398
90.0 42.0 0.0
90.0 44.0 0.0
90.0 46.0 0.0
90.0 48.0 0.0
90.0 50.0 0.0
90.0 52.0 0.0
90.0 54.0 0.0
90.0 56.0 0.037777272014289646
90.0 58.0 0.19237423509245008
90.0 60.0 0.33237378413225954
90.0 62.0 0.41102509656078495
90.0 64.0 0.4659139958536401
90.0 66.0 0.5166167272284646
90.0 68.0 0.5155074538098506
90.0 70.0 0.4438584046104042
90.0 72.0 0.29088811441164336
90.0 74.0 0.09973137652977644
90.0 76.0 0.01586593121524007
90.0 78.0 0.0
90.0 80.0 0.0
90.0 82.0 0.0
90.0 84.0 0.0
90.0 86.0 0.0
90.0 88.0 0.0
90.0 90.0 0.0
90.0 92.0 0.0
90.0 94.0 0.0
90.0 96.0 0.0
90.0 98.0 0.0
90.0 100.0 0.0022436996794290218
90.0 102.0 0.03736348436074632
90.0 104.0 0.13678368537154942
90.0 106.0 0.2527500272584256
90.0 108.0 0.3332442168958603
90.0 110.0 0.3756252653308816
90.0 112.0 0.3798497246313534
90.0 114.0 0.3559403462456086
90.0 116.0 0.3048476706886732
90.0 118.0 0.2503827388215853
90.0 120.0 0.09456636481549523
90.0 122.0 0.0
90.0 124.0 0.0
90.0 126.0 0.0
92.0 0.0 0.0
92.0 2.0 0.0
92.0 4.0 0.0
92.0 6.0 0.0
92.0 8.0 0.0054407374884235735
92.0 10.0 0.0
92.0 12.0 0.0
92.0 14.0 0.0
92.0 16.0 0.0
92.0 18.0 0.0
92.0 20.0 0.0
92.0 22.0 0.0
92.0 24.0 0.0
92.0 26.0 0.0
92.0 28.0 0.0
92.0 30.0 0.008737164456721716
92.0 32.0 0.04706031557251906
92.0 34.0 0.10125163674747782
92.0 36.0 0.12087988519597263
92.0 38.0 0.07707618658595045
92.0 40.0 0.02046198833995592
92.0 42.0 0.0
92.0 44.0 0.0
92.0 46.0 0.0
92.0 48.0 0.0
92.0 50.0 0.0
92.0 52.0 0.0
92.0 54.0 0.002804240271849185
92.0 56.0 0.09359760689010294
92.0 58.0 0.22837088254963275
92.0 60.0 0.3376720439097775
92.0 62.0 0.4124053914098596
92.0 64.0 0.4577478313619337
92.0 66.0 0.5117788477272902
92.0 68.0 0.4824048410664923
92.0 70.0 0.39431618603454677
92.0 72.0 0.20364030132393385
92.0 74.0 0.03510688983525128
92.0 76.0 0.0026801088016707377
92.0 78.0 0.0
92.0 80.0 0.0
92.0 82.0 0.0
92.0 84.0 0.0
92.0 86.0 0.0
92.0 88.0 0.0
92.0 90.0 0.0
92.0 92.0 0.0
92.0 94.0 0.0
92.0 96.0 0.0
92.0 98.0 0.004923893359476593
92.0 100.0 0.016597821235019707
92.0 102.0 0.0515752106205041
92.0 104.0 0.12619563461490893
92.0 106.0 0.1980871376028992
92.0 108.0 0.26621907774189557
92.0 110.0 0.3133798770849691
92.0 112.0 0.33153281771293824
92.0 114.0 0.3249234844106388
92.0 116.0 0.29783321454137973
92.0 118.0 0.27663013117670926
92.0 120.0 0.17622931620028223
92.0 122.0 0.0
92.0 124.0 0.0
92.0 126.0 0.0
94.0 0.0 0.0
94.0 2.0 0.0
94.0 4.0 0.0
94.0 6.0 0.0
94.0 8.0 0.014744977778209274
94.0 10.0 0.0
94.0 12.0 0.0
94.0 14.0 0.0
94.0 16.0 0.0
94.0 18.0 0.0
94.0 20.0 0.0
94.0 22.0 0.0
94.0 24.0 0.0
94.0 26.0 0.0
94.0 28.0 0.0
94.0 30.0 0.0
94.0 32.0 0.014026072887205664
94.0 34.0 0.05195034748662688
94.0 36.0 0.07660524217817102
94.0 38.0 0.05160901268572148
94.0 40.0 0.015213225862961513
94.0 42.0 0.0
94.0 44.0 0.0
94.0 46.0 0.0
94.0 48.0 0.0
94.0 50.0 0.0
94.0 52.0 0.0
94.0 54.0 0.033340985809034024
94.0 56.0 0.14149436157906695
94.0 58.0 0.25471664930771026
94.0 60.0 0.3434917626243155
94.0 62.0 0.4056396498575001
94.0 64.0 0.4408072338067451
94.0 66.0 0.4717757011193047
94.0 68.0 0.42878257583000784
94.0 70.0 0.3269221163194013
94.0 72.0 0.12882375457841042
94.0 74.0 0.010869540891472677
94.0 76.0 0.0
94.0 78.0 0.0
94.0 80.0 0.0
94.0 82.0 0.0
94.0 84.0 0.0
94.0 86.0 0.0
94.0 88.0 0.0
94.0 90.0 0.0
94.0 92.0 0.0
94.0 94.0 0.0
94.0 96.0 0.0
94.0 98.0 0.014798600844217394
94.0 100.0 0.03976177890970548
94.0 102.0 0.07020079669405589
94.0 104.0 0.1133507380811646
94.0 106.0 0.15495662417132985
94.0 108.0 0.19367359155743155
94.0 110.0 0.242518779326146
94.0 112.0 0.2746306474707219
94.0 114.0 0.28826746261789793
94.0 116.0 0.3097865554829668
94.0 118.0 0.270483936357314
94.0 120.0 0.0
94.0 122.0 0.0
94.0 124.0 0.0
94.0 126.0 0.0
96.0 0.0 0.0
96.0 2.0 0.0
96.0 4.0 0.0
96.0 6.0 0.0
96.0 8.0 0.0
96.0 10.0 0.042278765737215236
96.0 12.0 0.0
96.0 14.0 0.0
96.0 16.0 0.0
96.0 18.0 0.0
96.0 20.0 0.0
96.0 22.0 0.0
96.0 24.0 0.0
96.0 26.0 0.0
96.0 28.0 0.0
96.0 30.0 0.0
96.0 32.0 0.008568425059727493
96.0 34.0 0.039599775940299946
96.0 36.0 0.06063903150797265
96.0 38.0 0.03523342611079302
96.0 40.0 0.008734961400799594
96.0 42.0 0.0
96.0 44.0 0.0
96.0 46.0 0.0
96.0 48.0 0.0
96.0 50.0 0.0
96.0 52.0 0.007431034402582297
96.0 54.0 0.057861287364568185
96.0 56.0 0.1560522753395397
96.0 58.0 0.25233737923551863
96.0 60.0 0.32842839040572586
96.0 62.0 0.38215927824050083
96.0 64.0 0.41117558379485764
96.0 66.0 0.4097630848175726
96.0 68.0 0.36538340728492674
96.0 70.0 0.269791223018634
96.0 72.0 0.10495542086025522
96.0 74.0 0.00756386683889098
96.0 76.0 0.0
96.0 78.0 0.0
96.0 80.0 0.0
96.0 82.0 0.0
96.0 84.0 0.0
96.0 86.0 0.0
96.0 88.0 0.0
96.0 90.0 0.0
96.0 92.0 0.0
96.0 94.0 0.0
96.0 96.0 0.0
96.0 98.0 0.02148356662223817
96.0 100.0 0.05848910630893711
96.0 102.0 0.07932539750401595
96.0 104.0 0.11259119758965798
96.0 106.0 0.13914789757725612
96.0 108.0 0.15950505316911986
96.0 110.0 0.1827004530485977
96.0 112.0 0.2296622427189007
96.0 114.0 0.2613689353799627
96.0 116.0 0.29523989953406055
96.0 118.0 0.27676236173474134
96.0 120.0 0.0
96.0 122.0 0.0
96.0 124.0 0.0
96.0 126.0 0.0
98.0 0.0 0.0
98.0 2.0 0.0
98.0 4.0 0.0
98.0 6.0 0.0
98.0 8.0 0.0
98.0 10.0 0.0
98.0 12.0 0.047811786904258725
98.0 14.0 0.0
98.0 16.0 0.0
98.0 18.0 0.0
98.0 20.0 0.0
98.0 22.0 0.0
98.0 24.0 0.0
98.0 26.0 0.0
98.0 28.0 0.0
98.0 30.0 0.0
98.0 32.0 0.008041202832934686
98.0 34.0 0.03679184332325425
98.0 36.0 0.05357697771835912
98.0 38.0 0.02452524176040619
98.0 40.0 0.001961087557497665
98.0 42.0 0.0
98.0 44.0 0.0
98.0 46.0 0.0
98.0 48.0 0.0
98.0 50.0 0.0
98.0 52.0 0.007636479051991895
98.0 54.0 0.04816982389850059
98.0 56.0 0.13207444459614096
98.0 58.0 0.21800841727881928
98.0 60.0 0.2870555130731542
98.0 62.0 0.33688237415036154
98.0 64.0 0.36376777680696976
98.0 66.0 0.3537702867809192
98.0 68.0 0.311369696808017
98.0 70.0 0.23370780228864296
98.0 72.0 0.09946819677144375
98.0 74.0 0.006051003965602018
98.0 76.0 0.0
98.0 78.0 0.0
98.0 80.0 0.0
98.0 82.0 0.0
98.0 84.0 0.0
98.0 86.0 0.0
98.0 88.0 0.0
98.0 90.0 0.0
98.0 92.0 0.0
98.0 94.0 0.0
98.0 96.0 0.004518127259869603
98.0 98.0 0.03544085851719517
98.0 100.0 0.059858162114875026
98.0 102.0 0.07978778702117607
98.0 104.0 0.11319807768769974
98.0 106.0 0.12509933068819307
98.0 108.0 0.1298687900952228
98.0 110.0 0.14461574849266687
98.0 112.0 0.19880807419837213
98.0 114.0 0.24191801112106093
98.0 116.0 0.28665871746777677
98.0 118.0 0.0
98.0 120.0 0.0
98.0 122.0 0.0
98.0 124.0 0.0
98.0 126.0 0.0
100.0 0.0 0.0
100.0 2.0 0.0
100.0 4.0 0.0
100.0 6.0 0.0
100.0 8.0 0.0
100.0 10.0 0.0
100.0 12.0 0.07189243232233884
100.0 14.0 0.0
100.0 16.0 0.0
100.0 18.0 0.0
100.0 20.0 0.0
100.0 22.0 0.0
100.0 24.0 0.0
100.0 26.0 0.0
100.0 28.0 0.0
100.0 30.0 0.0
100.0 32.0 0.003786214550686374
100.0 34.0 0.046092965973567185
100.0 36.0 0.043645632648802855
100.0 38.0 0.01613884736669361
100.0 40.0 0.0
100.0 42.0 0.0
100.0 44.0 0.0
100.0 46.0 0.0
100.0 48.0 0.0
100.0 50.0 0.0
100.0 52.0 0.002539458651713768
100.0 54.0 0.028190317900586122
100.0 56.0 0.08565739528339457
100.0 58.0 0.15625446601062035
100.0 60.0 0.2193543372453153
100.0 62.0 0.2681577673147577
100.0 64.0 0.29395216242770905
100.0 66.0 0.2823132817906078
100.0 68.0 0.26078491324113173
100.0 70.0 0.2116814124065759
100.0 72.0 0.12237243792453138
100.0 74.0 0.011831603293773993
100.0 76.0 0.0
100.0 78.0 0.0
100.0 80.0 0.0
100.0 82.0 0.0
100.0 84.0 0.0
100.0 86.0 0.0
100.0 88.0 0.0
100.0 90.0 0.0
100.0 92.0 0.0
100.0 94.0 0.0
100.0 96.0 0.00652380492846149
100.0 98.0 0.02934055161881109
100.0 100.0 0.05126642643266624
100.0 102.0 0.06506787629240493
100.0 104.0 0.09473027967417359
100.0 106.0 0.12489301371942858
100.0 108.0 0.11850680340413172
100.0 110.0 0.13095326681363037
100.0 112.0 0.18991763790410118
100.0 114.0 0.23449734364395777
100.0 116.0 0.0
100.0 118.0 0.0
100.0 120.0 0.0
100.0 122.0 0.0
100.0 124.0 0.0
100.0 126.0 0.0
102.0 0.0 0.0
102.0 2.0 0.0
102.0 4.0 0.0
102.0 6.0 0.0
102.0 8.0 0.0
102.0 10.0 0.0
102.0 12.0 0.0
102.0 14.0 0.10310878223609261
102.0 16.0 0.0
102.0 18.0 0.0
102.0 20.0 0.0
102.0 22.0 0.0
102.0 24.0 0.0
102.0 26.0 0.0
102.0 28.0 0.0
102.0 30.0 7.124315432627171E-5
102.0 32.0 0.02970773485810008
102.0 34.0 0.07438960131586175
102.0 36.0 0.05903716529183169
102.0 38.0 0.007840521606275267
102.0 40.0 0.0
102.0 42.0 0.0
102.0 44.0 0.0
102.0 46.0 0.0
102.0 48.0 0.0
102.0 50.0 0.0
102.0 52.0 0.0
102.0 54.0 0.008781384065615528
102.0 56.0 0.04120191195748504
102.0 58.0 0.09577749823375759
102.0 60.0 0.15107160412867024
102.0 62.0 0.19650810657247186
102.0 64.0 0.22735822825664045
102.0 66.0 0.2401997334853114
102.0 68.0 0.23258589243667996
102.0 70.0 0.2029605006600358
102.0 72.0 0.15280089441793335
102.0 74.0 0.03636770101427555
102.0 76.0 0.0
102.0 78.0 0.0
102.0 80.0 0.0
102.0 82.0 0.0
102.0 84.0 0.0
102.0 86.0 0.0
102.0 88.0 0.0
102.0 90.0 0.0
102.0 92.0 0.0
102.0 94.0 0.0
102.0 96.0 0.002385377828176114
102.0 98.0 0.015290315354924205
102.0 100.0 0.03344042843867311
102.0 102.0 0.04451081166848005
102.0 104.0 0.07234347669412879
102.0 106.0 0.10948289316394687
102.0 108.0 0.11150683232236358
102.0 110.0 0.13345255251118016
102.0 112.0 0.19199508511646304
102.0 114.0 0.0
102.0 116.0 0.0
102.0 118.0 0.0
102.0 120.0 0.0
102.0 122.0 0.0
102.0 124.0 0.0
102.0 126.0 0.0
104.0 0.0 0.0
104.0 2.0 0.0
104.0 4.0 0.0
104.0 6.0 0.0
104.0 8.0 0.0
104.0 10.0 0.0
104.0 12.0 0.0
104.0 14.0 0.0
104.0 16.0 0.13064684556714995
104.0 18.0 0.0
104.0 20.0 0.0
104.0 22.0 0.0
104.0 24.0 0.0
104.0 26.0 0.0
104.0 28.0 0.0
104.0 30.0 0.01979502250112768
104.0 32.0 0.09530548305159896
104.0 34.0 0.12091580923581657
104.0 36.0 0.07754847051814885
104.0 38.0 0.009529124029753764
104.0 40.0 0.0
104.0 42.0 0.0
104.0 44.0 0.0
104.0 46.0 0.0
104.0 48.0 0.0
104.0 50.0 0.0
104.0 52.0 0.0
104.0 54.0 0.0
104.0 56.0 0.011761530833768729
104.0 58.0 0.046390180375916364
104.0 60.0 0.09939535602357762
104.0 62.0 0.16419274344474127
104.0 64.0 0.19995500554351212
104.0 66.0 0.21161396459818452
104.0 68.0 0.20003276496025965
104.0 70.0 0.20233303792537893
104.0 72.0 0.1969650480339075
104.0 74.0 0.10762374889132074
104.0 76.0 0.012031296535029642
104.0 78.0 0.0
104.0 80.0 0.0
104.0 82.0 0.0
104.0 84.0 0.0
104.0 86.0 0.0
104.0 88.0 0.0
104.0 90.0 0.0
104.0 92.0 0.0
104.0 94.0 0.0
104.0 96.0 0.0
104.0 98.0 0.0
104.0 100.0 0.006543884574117133
104.0 102.0 0.012204857127779536
104.0 104.0 0.031111669113250928
104.0 106.0 0.054581606436149954
104.0 108.0 0.07867591767682024
104.0 110.0 0.11923209307805961
104.0 112.0 0.18496810821176835
104.0 114.0 0.0
104.0 116.0 0.0
104.0 118.0 0.0
104.0 120.0 0.0
104.0 122.0 0.0
104.0 124.0 0.0
104.0 126.0 0.0
106.0 0.0 0.0
106.0 2.0 0.0
106.0 4.0 0.0
106.0 6.0 0.0
106.0 8.0 0.0
106.0 10.0 0.0
106.0 12.0 0.0
106.0 14.0 0.0
106.0 16.0 0.0
106.0 18.0 0.11797082679359322
106.0 20.0 0.0
106.0 22.0 0.0
106.0 24.0 0.0
106.0 26.0 0.014435586426211157
106.0 28.0 0.05249071293952645
106.0 30.0 0.1027841076104866
106.0 32.0 0.15676023578232137
106.0 34.0 0.16376584246600448
106.0 36.0 0.12523949407149257
106.0 38.0 0.024880117091970248
106.0 40.0 0.0
106.0 42.0 0.0
106.0 44.0 0.0
106.0 46.0 0.0
106.0 48.0 0.0
106.0 50.0 0.0
106.0 52.0 0.0
106.0 54.0 0.0
106.0 56.0 8.797127703781329E-4
106.0 58.0 0.018953855010624736
106.0 60.0 0.06230112309303167
106.0 62.0 0.11111103008560996
106.0 64.0 0.14976873915923802
106.0 66.0 0.19595562783870768
106.0 68.0 0.19867069754839908
106.0 70.0 0.21263532001933874
106.0 72.0 0.2277041447066083
106.0 74.0 0.19141302836695875
106.0 76.0 0.07406736771341167
106.0 78.0 0.0011896745388467282
106.0 80.0 0.0
106.0 82.0 0.0
106.0 84.0 0.0
106.0 86.0 0.0
106.0 88.0 0.0
106.0 90.0 0.0
106.0 92.0 0.0
106.0 94.0 0.0
106.0 96.0 0.0
106.0 98.0 0.0
106.0 100.0 0.0
106.0 102.0 0.0
106.0 104.0 0.0
106.0 106.0 0.0011245018518285944
106.0 108.0 0.008737988598878489
106.0 110.0 0.0675380605227592
106.0 112.0 0.0
106.0 114.0 0.0
106.0 116.0 0.0
106.0 118.0 0.0
106.0 120.0 0.0
106.0 122.0 0.0
106.0 124.0 0.0
106.0 126.0 0.0
108.0 0.0 0.0
108.0 2.0 0.0
108.0 4.0 0.0
108.0 6.0 0.0
108.0 8.0 0.0
108.0 10.0 0.0
108.0 12.0 0.0
108.0 14.0 0.0
108.0 16.0 0.0
108.0 18.0 0.0
108.0 20.0 0.06031048670566488
108.0 22.0 1.5680544332510586E-4
108.0 24.0 0.0331642013951335
108.0 26.0 0.07493556813774851
108.0 28.0 0.13091352006714377
108.0 30.0 0.20769570804215384
108.0 32.0 0.2366253296127104
108.0 34.0 0.22849350439914337
108.0 36.0 0.1726861015573489
108.0 38.0 0.04955845195114686
108.0 40.0 9.532309761447177E-4
108.0 42.0 0.0
108.0 44.0 0.0
108.0 46.0 0.0
108.0 48.0 0.0
108.0 50.0 0.0
108.0 52.0 0.0
108.0 54.0 0.0
108.0 56.0 0.0
108.0 58.0 0.007525382565402919
108.0 60.0 0.03822262354886063
108.0 62.0 0.06651758804706638
108.0 64.0 0.11160293002793786
108.0 66.0 0.1733811200863835
108.0 68.0 0.20879319237531105
108.0 70.0 0.22055424365158938
108.0 72.0 0.23655346627150534
108.0 74.0 0.2582150806644398
108.0 76.0 0.19482200585720286
108.0 78.0 0.0689230410872342
108.0 80.0 0.00247371915716449
108.0 82.0 0.0
108.0 84.0 0.0
108.0 86.0 0.0
108.0 88.0 0.0
108.0 90.0 0.0
108.0 92.0 0.0
108.0 94.0 0.0
108.0 96.0 0.0
108.0 98.0 0.0
108.0 100.0 0.0
108.0 102.0 0.0
108.0 104.0 0.0
108.0 106.0 0.0
108.0 108.0 0.0
108.0 110.0 0.0
108.0 112.0 0.0
108.0 114.0 0.0
108.0 116.0 0.0
108.0 118.0 0.0
108.0 120.0 0.0
108.0 122.0 0.0
108.0 124.0 0.0
108.0 126.0 0.0
110.0 0.0 0.0
110.0 2.0 0.0
110.0 4.0 0.0
110.0 6.0 0.0
110.0 8.0 0.0
110.0 10.0 0.0
110.0 12.0 0.0
110.0 14.0 0.0
110.0 16.0 0.0
110.0 18.0 0.0
110.0 20.0 0.0
110.0 22.0 0.025736053156366318
110.0 24.0 0.09967383558677834
110.0 26.0 0.18991964483364673
110.0 28.0 0.25693857428791533
110.0 30.0 0.3089290306793822
110.0 32.0 0.3340389307158744
110.0 34.0 0.29612109745624315
110.0 36.0 0.2595860348381187
110.0 38.0 0.07131795105654785
110.0 40.0 0.002143919270358302
110.0 42.0 0.0
110.0 44.0 0.0
110.0 46.0 0.0
110.0 48.0 0.0
110.0 50.0 0.0
110.0 52.0 0.0
110.0 54.0 0.0
110.0 56.0 0.0
110.0 58.0 5.190791917293357E-4
110.0 60.0 0.018617062928929458
110.0 62.0 0.03811113873150909
110.0 64.0 0.08583996009777602
110.0 66.0 0.1368589403249519
110.0 68.0 0.18844547018655267
110.0 70.0 0.23341388287501008
110.0 72.0 0.26138959980505416
110.0 74.0 0.29299040972279367
110.0 76.0 0.2769346658071156
110.0 78.0 0.19295079615543462
110.0 80.0 0.055951596488967935
110.0 82.0 0.005747854467864703
110.0 84.0 4.3007272709467926E-4
110.0 86.0 0.0
110.0 88.0 0.0
110.0 90.0 0.0
110.0 92.0 0.0
110.0 94.0 0.0
110.0 96.0 0.0
110.0 98.0 0.0
110.0 100.0 0.0
110.0 102.0 0.0
110.0 104.0 0.0
110.0 106.0 0.0
110.0 108.0 0.0
110.0 110.0 0.0
110.0 112.0 0.0
110.0 114.0 0.0
110.0 116.0 0.0
110.0 118.0 0.0
110.0 120.0 0.0
110.0 122.0 0.0
110.0 124.0 0.0
110.0 126.0 0.0
112.0 0.0 0.0
112.0 2.0 0.0
112.0 4.0 0.0
112.0 6.0 0.0
112.0 8.0 0.0
112.0 10.0 0.0
112.0 12.0 0.0
112.0 14.0 0.0
112.0 16.0 0.0
112.0 18.0 0.0
112.0 20.0 0.0
112.0 22.0 0.0
112.0 24.0 0.06593298187802778
112.0 26.0 0.22160868348043575
112.0 28.0 0.3071546161200143
112.0 30.0 0.36569156833351474
112.0 32.0 0.3871210284032424
112.0 34.0 0.3522332776165798
112.0 36.0 0.274723473618907
112.0 38.0 0.1108971721145862
112.0 40.0 0.011520737910272312
112.0 42.0 0.0
112.0 44.0 0.0
112.0 46.0 0.0
112.0 48.0 0.0
112.0 50.0 0.0
112.0 52.0 0.0
112.0 54.0 0.0
112.0 56.0 0.0
112.0 58.0 0.0
112.0 60.0 0.0048318484285316396
112.0 62.0 0.028435132378116592
112.0 64.0 0.05815712967858929
112.0 66.0 0.11581254061927874
112.0 68.0 0.21623869512710056
112.0 70.0 0.2414845687604573
112.0 72.0 0.27335189547674854
112.0 74.0 0.31517776253348256
112.0 76.0 0.331581725273063
112.0 78.0 0.28462874104539937
112.0 80.0 0.1727411825609768
112.0 82.0 0.047617645439703316
112.0 84.0 0.010412113470445364
112.0 86.0 0.0
112.0 88.0 0.0
112.0 90.0 0.0
112.0 92.0 0.0
112.0 94.0 0.0
112.0 96.0 0.0
112.0 98.0 0.0
112.0 100.0 0.0
112.0 102.0 0.0
112.0 104.0 0.0
112.0 106.0 0.0
112.0 108.0 0.0
112.0 110.0 0.0
112.0 112.0 0.0
112.0 114.0 0.0
112.0 116.0 0.0
112.0 118.0 0.0
112.0 120.0 0.0
112.0 122.0 0.0
112.0 124.0 0.0
112.0 126.0 0.0
114.0 0.0 0.0
114.0 2.0 0.0
114.0 4.0 0.0
114.0 6.0 0.0
114.0 8.0 0.0
114.0 10.0 0.0
114.0 12.0 0.0
114.0 14.0 0.0
114.0 16.0 0.0
114.0 18.0 0.0
114.0 20.0 0.0
114.0 22.0 0.0
114.0 24.0 0.0
114.0 26.0 0.09778612634521604
114.0 28.0 0.2955480106272133
114.0 30.0 0.3582950848358361
114.0 32.0 0.38766894131478363
114.0 34.0 0.36950743382593504
114.0 36.0 0.3013603066414313
114.0 38.0 0.1440431444866286
114.0 40.0 0.02140218485698331
114.0 42.0 0.0
114.0 44.0 0.0
114.0 46.0 0.0
114.0 48.0 0.0
114.0 50.0 0.0
114.0 52.0 0.0
114.0 54.0 0.0
114.0 56.0 0.0
114.0 58.0 0.0
114.0 60.0 0.0
114.0 62.0 0.005925937814296689
114.0 64.0 0.0416786157292107
114.0 66.0 0.09925374376569725
114.0 68.0 0.2112864568892455
114.0 70.0 0.2998249508378231
114.0 72.0 0.2792463246468191
114.0 74.0 0.3053157300644082
114.0 76.0 0.3650345204808622
114.0 78.0 0.3440691492827044
114.0 80.0 0.26705426493434387
114.0 82.0 0.10482850557646946
114.0 84.0 0.03476633304433155
114.0 86.0 0.003770972839150274
114.0 88.0 0.0
114.0 90.0 0.0
114.0 92.0 0.0
114.0 94.0 0.0
114.0 96.0 0.0
114.0 98.0 0.0
114.0 100.0 0.0
114.0 102.0 0.0
114.0 104.0 0.0
114.0 106.0 0.0
114.0 108.0 0.0
114.0 110.0 0.0
114.0 112.0 0.0
114.0 114.0 0.0
114.0 116.0 0.0
114.0 118.0 0.0
114.0 120.0 0.0
114.0 122.0 0.0
114.0 124.0 0.0
114.0 126.0 0.0
116.0 0.0 0.0
116.0 2.0 0.0
116.0 4.0 0.0
116.0 6.0 0.0
116.0 8.0 0.0
116.0 10.0 0.0
116.0 12.0 0.0
116.0 14.0 0.0
116.0 16.0 0.0
116.0 18.0 0.0
116.0 20.0 0.0
116.0 22.0 0.0
116.0 24.0 0.0
116.0 26.0 0.0
116.0 28.0 0.08859834639657749
116.0 30.0 0.3061359536360561
116.0 32.0 0.35424479254325564
116.0 34.0 0.35780375381534574
116.0 36.0 0.3333383111581321
116.0 38.0 0.17043373505589554
116.0 40.0 0.02815814556579821
116.0 42.0 0.0
116.0 44.0 0.0
116.0 46.0 0.0
116.0 48.0 0.0
116.0 50.0 0.0
116.0 52.0 0.0
116.0 54.0 0.0
116.0 56.0 0.0
116.0 58.0 0.0
116.0 60.0 0.0
116.0 62.0 0.0
116.0 64.0 0.013753009089024248
116.0 66.0 0.07651438719902383
116.0 68.0 0.18553061398693796
116.0 70.0 0.2935207115352649
116.0 72.0 0.3151270703781048
116.0 74.0 0.3291336935623728
116.0 76.0 0.34090874174355773
116.0 78.0 0.39008427089585335
116.0 80.0 0.33853679080610566
116.0 82.0 0.1814778471847107
116.0 84.0 0.06373156703722926
116.0 86.0 0.01045043969173505
116.0 88.0 0.0
116.0 90.0 0.0
116.0 92.0 0.0
116.0 94.0 0.0
116.0 96.0 0.0
116.0 98.0 0.0
116.0 100.0 0.0
116.0 102.0 0.0
116.0 104.0 0.0
116.0 106.0 0.0
116.0 108.0 0.0
116.0 110.0 0.0
116.0 112.0 0.0
116.0 114.0 0.0
116.0 116.0 0.0
116.0 118.0 0.0
116.0 120.0 0.0
116.0 122.0 0.0
116.0 124.0 0.0
116.0 126.0 0.0
118.0 0.0 0.0
118.0 2.0 0.0
118.0 4.0 0.0
118.0 6.0 0.0
118.0 8.0 0.0
118.0 10.0 0.0
118.0 12.0 0.0
118.0 14.0 0.0
118.0 16.0 0.0
118.0 18.0 0.0
118.0 20.0 0.0
118.0 22.0 0.0
118.0 24.0 0.0
118.0 26.0 0.0
118.0 28.0 0.0
118.0 30.0 0.0
118.0 32.0 0.11074563851067391
118.0 34.0 0.353921527481971
118.0 36.0 0.3346198617763498
118.0 38.0 0.21507673600036092
118.0 40.0 0.05597946118932972
118.0 42.0 0.0016231627421565368
118.0 44.0 0.0
118.0 46.0 0.0
118.0 48.0 0.0
118.0 50.0 0.0
118.0 52.0 0.0
118.0 54.0 0.0
118.0 56.0 0.0
118.0 58.0 0.0
118.0 60.0 0.0
118.0 62.0 0.0
118.0 64.0 0.0
118.0 66.0 0.03904615044798005
118.0 68.0 0.13542224096032265
118.0 70.0 0.25914603573997724
118.0 72.0 0.30806983192964393
118.0 74.0 0.3629008005938052
118.0 76.0 0.3846967664108128
118.0 78.0 0.3933182500218966
118.0 80.0 0.3874246147600926
118.0 82.0 0.2542072758158564
118.0 84.0 0.09693207186709925
118.0 86.0 0.0166718410548937
118.0 88.0 0.0
118.0 90.0 0.0
118.0 92.0 0.0
118.0 94.0 0.0
118.0 96.0 0.0
118.0 98.0 0.0
118.0 100.0 0.0
118.0 102.0 0.0
118.0 104.0 0.0
118.0 106.0 0.0
118.0 108.0 0.0
118.0 110.0 0.0
118.0 112.0 0.0
118.0 114.0 0.0
118.0 116.0 0.0
118.0 118.0 0.0
118.0 120.0 0.0
118.0 122.0 0.0
118.0 124.0 0.0
118.0 126.0 0.0
120.0 0.0 0.0
120.0 2.0 0.0
120.0 4.0 0.0
120.0 6.0 0.0
120.0 8.0 0.0
120.0 10.0 0.0
120.0 12.0 0.0
120.0 14.0 0.0
120.0 16.0 0.0
120.0 18.0 0.0
120.0 20.0 0.0
120.0 22.0 0.0
120.0 24.0 0.0
120.0 26.0 0.0
120.0 28.0 0.0
120.0 30.0 0.0
120.0 32.0 0.0
120.0 34.0 0.0
120.0 36.0 0.05797410733208602
120.0 38.0 0.14716515008100442
120.0 40.0 0.05549122509186047
120.0 42.0 0.007389087385668171
120.0 44.0 0.0
120.0 46.0 0.0
120.0 48.0 0.0
120.0 50.0 0.0
120.0 52.0 0.0
120.0 54.0 0.0
120.0 56.0 0.0
120.0 58.0 0.0
120.0 60.0 0.0
120.0 62.0 0.0
120.0 64.0 0.0
120.0 66.0 0.003399365488026373
120.0 68.0 0.08395322032911573
120.0 70.0 0.2082972549439012
120.0 72.0 0.3019527906735913
120.0 74.0 0.37114752299925846
120.0 76.0 0.4034884867011323
120.0 78.0 0.39681728863623955
120.0 80.0 0.4054896829763357
120.0 82.0 0.3001199928861132
120.0 84.0 0.12892388136120703
120.0 86.0 0.02112645801790644
120.0 88.0 0.0
120.0 90.0 0.0
120.0 92.0 0.0
120.0 94.0 0.0
120.0 96.0 0.0
120.0 98.0 0.0
120.0 100.0 0.0
120.0 102.0 0.0
120.0 104.0 0.0
120.0 106.0 0.0
120.0 108.0 0.0
120.0 110.0 0.0
120.0 112.0 0.0
120.0 114.0 0.0
120.0 116.0 0.0
120.0 118.0 0.0
120.0 120.0 0.0
120.0 122.0 0.0
120.0 124.0 0.0
120.0 126.0 0.0
122.0 0.0 0.0
122.0 2.0 0.0
122.0 4.0 0.0
122.0 6.0 0.0
122.0 8.0 0.0
122.0 10.0 0.0
122.0 12.0 0.0
122.0 14.0 0.0
122.0 16.0 0.0
122.0 18.0 0.0
122.0 20.0 0.0
122.0 22.0 0.0
122.0 24.0 0.0
122.0 26.0 0.0
122.0 28.0 0.0
122.0 30.0 0.0
122.0 32.0 0.0
122.0 34.0 0.0
122.0 36.0 0.0
122.0 38.0 0.0
122.0 40.0 0.0
122.0 42.0 0.0
122.0 44.0 0.0
122.0 46.0 0.0
122.0 48.0 0.0
122.0 50.0 0.0
122.0 52.0 0.0
122.0 54.0 0.0
122.0 56.0 0.0
122.0 58.0 0.0
122.0 60.0 0.0
122.0 62.0 0.0
122.0 64.0 0.0
122.0 66.0 0.0
122.0 68.0 0.03320953997455242
122.0 70.0 0.16143619439934664
122.0 72.0 0.2775700218086923
122.0 74.0 0.3558513436488551
122.0 76.0 0.3963178351743157
122.0 78.0 0.3985161191618682
122.0 80.0 0.41079190375334385
122.0 82.0 0.3234338490914983
122.0 84.0 0.1584301705320199
122.0 86.0 0.02336322434010664
122.0 88.0 0.0
122.0 90.0 0.0
122.0 92.0 0.0
122.0 94.0 0.0
122.0 96.0 0.0
122.0 98.0 0.0
122.0 100.0 0.0
122.0 102.0 0.0
122.0 104.0 0.0
122.0 106.0 0.0
122.0 108.0 0.0
122.0 110.0 0.0
122.0 112.0 0.0
122.0 114.0 0.0
122.0 116.0 0.0
122.0 118.0 0.0
122.0 120.0 0.0
122.0 122.0 0.0
122.0 124.0 0.0
122.0 126.0 0.0
124.0 0.0 0.0
124.0 2.0 0.0
124.0 4.0 0.0
124.0 6.0 0.0
124.0 8.0 0.0
124.0 10.0 0.0
124.0 12.0 0.0
124.0 14.0 0.0
124.0 16.0 0.0
124.0 18.0 0.0
124.0 20.0 0.0
124.0 22.0 0.0
124.0 24.0 0.0
124.0 26.0 0.0
124.0 28.0 0.0
124.0 30.0 0.0
124.0 32.0 0.0
124.0 34.0 0.0
124.0 36.0 0.0
124.0 38.0 0.0
124.0 40.0 0.0
124.0 42.0 0.0
124.0 44.0 0.0
124.0 46.0 0.0
124.0 48.0 0.0
124.0 50.0 0.0
124.0 52.0 0.0
124.0 54.0 0.0
124.0 56.0 0.0
124.0 58.0 0.0
124.0 60.0 0.0
124.0 62.0 0.0
124.0 64.0 0.0
124.0 66.0 0.0
124.0 68.0 0.0039001558832963824
124.0 70.0 0.1229158317262596
124.0 72.0 0.25787108252372526
124.0 74.0 0.34798364906623847
124.0 76.0 0.39716920936342465
124.0 78.0 0.4089822860057224
124.0 80.0 0.39733852408987064
124.0 82.0 0.34019984584803414
124.0 84.0 0.0
124.0 86.0 0.0
124.0 88.0 0.0
124.0 90.0 0.0
124.0 92.0 0.0
124.0 94.0 0.0
124.0 96.0 0.0
124.0 98.0 0.0
124.0 100.0 0.0
124.0 102.0 0.0
124.0 104.0 0.0
124.0 106.0 0.0
124.0 108.0 0.0
124.0 110.0 0.0
124.0 112.0 0.0
124.0 114.0 0.0
124.0 116.0 0.0
124.0 118.0 0.0
124.0 120.0 0.0
124.0 122.0 0.0
124.0 124.0 0.0
124.0 126.0 0.0
126.0 0.0 0.0
126.0 2.0 0.0
126.0 4.0 0.0
126.0 6.0 0.0
126.0 8.0 0.0
126.0 10.0 0.0
126.0 12.0 0.0
126.0 14.0 0.0
126.0 16.0 0.0
126.0 18.0 0.0
126.0 20.0 0.0
126.0 22.0 0.0
126.0 24.0 0.0
126.0 26.0 0.0
126.0 28.0 0.0
126.0 30.0 0.0
126.0 32.0 0.0
126.0 34.0 0.0
126.0 36.0 0.0
126.0 38.0 0.0
126.0 40.0 0.0
126.0 42.0 0.0
126.0 44.0 0.0
126.0 46.0 0.0
126.0 48.0 0.0
126.0 50.0 0.0
126.0 52.0 0.0
126.0 54.0 0.05052770709632482
126.0 56.0 0.0
126.0 58.0 0.0
126.0 60.0 0.0
126.0 62.0 0.0
126.0 64.0 0.0
126.0 66.0 0.0
126.0 68.0 0.0
126.0 70.0 0.0882643674414025
126.0 72.0 0.24056712267159266
126.0 74.0 0.3284399149533435
126.0 76.0 0.0
126.0 78.0 0.0
126.0 80.0 0.0
126.0 82.0 0.0
126.0 84.0 0.0
126.0 86.0 0.0
126.0 88.0 0.0
126.0 90.0 0.0
126.0 92.0 0.0
126.0 94.0 0.0
126.0 96.0 0.0
126.0 98.0 0.0
126.0 100.0 0.0
126.0 102.0 0.0
126.0 104.0 0.0
126.0 106.0 0.0
126.0 108.0 0.0
126.0 110.0 0.0
126.0 112.0 0.0
126.0 114.0 0.0
126.0 116.0 0.0
126.0 118.0 0.0
126.0 120.0 0.0
126.0 122.0 0.0
126.0 124.0 0.0
126.0 126.0 0.0
