0.0 0.0 0.0
0.0 2.0 0.0
0.0 4.0 0.0
0.0 6.0 0.0
0.0 8.0 0.0
0.0 10.0 0.0
0.0 12.0 0.0
0.0 14.0 0.0
0.0 16.0 0.0
0.0 18.0 0.0
0.0 20.0 0.0
0.0 22.0 0.0
0.0 24.0 0.0
0.0 26.0 0.0
0.0 28.0 0.0
0.0 30.0 0.0
0.0 32.0 0.0
0.0 34.0 0.0
0.0 36.0 0.0
0.0 38.0 0.0
0.0 40.0 0.0
0.0 42.0 0.0
0.0 44.0 0.0
0.0 46.0 0.0
0.0 48.0 0.0
0.0 50.0 0.0
0.0 52.0 0.0
0.0 54.0 0.0
0.0 56.0 0.0
0.0 58.0 0.0
0.0 60.0 0.0
0.0 62.0 0.0
0.0 64.0 0.0
0.0 66.0 0.0
0.0 68.0 0.0
0.0 70.0 0.0
0.0 72.0 0.0
0.0 74.0 0.0
0.0 76.0 0.0
0.0 78.0 0.0
0.0 80.0 0.0
0.0 82.0 0.0
0.0 84.0 0.0
0.0 86.0 0.0
0.0 88.0 0.0
0.0 90.0 0.0
0.0 92.0 0.0
0.0 94.0 0.0
0.0 96.0 0.0
0.0 98.0 0.0
0.0 100.0 0.0
0.0 102.0 0.0
0.0 104.0 0.0
0.0 106.0 0.0
0.0 108.0 0.0
0.0 110.0 0.0
0.0 112.0 0.0
0.0 114.0 0.0
0.0 116.0 0.0
0.0 118.0 0.0
0.0 120.0 0.0
0.0 122.0 0.0
0.0 124.0 0.0
0.0 126.0 0.0
2.0 0.0 0.0
2.0 2.0 0.0
2.0 4.0 0.0
2.0 6.0 0.0
2.0 8.0 0.0
2.0 10.0 0.0
2.0 12.0 0.0
2.0 14.0 0.0
2.0 16.0 0.0
2.0 18.0 0.0
2.0 20.0 0.0
2.0 22.0 0.0
2.0 24.0 0.0
2.0 26.0 0.0
2.0 28.0 0.0
2.0 30.0 0.0
2.0 32.0 0.0
2.0 34.0 0.0
2.0 36.0 0.0
2.0 38.0 0.0
2.0 40.0 0.0
2.0 42.0 0.0
2.0 44.0 0.0
2.0 46.0 0.0
2.0 48.0 0.1692145816501831
2.0 50.0 0.0
2.0 52.0 0.0
2.0 54.0 0.0
2.0 56.0 0.0
2.0 58.0 0.0
2.0 60.0 0.0
2.0 62.0 0.0264364023734982
2.0 64.0 0.1861958017006373
2.0 66.0 0.31699482276446694
2.0 68.0 0.37911281262249835
2.0 70.0 0.4308335874555796
2.0 72.0 0.4524371261616425
2.0 74.0 0.4075798270881735
2.0 76.0 0.298564214790213
2.0 78.0 0.13081661991778112
2.0 80.0 0.0
2.0 82.0 0.0
2.0 84.0 0.0
2.0 86.0 0.0
2.0 88.0 0.0
2.0 90.0 0.0
2.0 92.0 0.0
2.0 94.0 0.0
2.0 96.0 0.0
2.0 98.0 0.0
2.0 100.0 0.0
2.0 102.0 0.0
2.0 104.0 0.0
2.0 106.0 0.0
2.0 108.0 0.0
2.0 110.0 0.0
2.0 112.0 0.0
2.0 114.0 0.0
2.0 116.0 0.0
2.0 118.0 0.0
2.0 120.0 0.0
2.0 122.0 0.0
2.0 124.0 0.0
2.0 126.0 0.0
4.0 0.0 0.0
4.0 2.0 0.0
4.0 4.0 0.0
4.0 6.0 0.0
4.0 8.0 0.0
4.0 10.0 0.0
4.0 12.0 0.0
4.0 14.0 0.0
4.0 16.0 0.0
4.0 18.0 0.0
4.0 20.0 0.0
4.0 22.0 0.0
4.0 24.0 0.0
4.0 26.0 0.0
4.0 28.0 0.0
4.0 30.0 0.0
4.0 32.0 0.0
4.0 34.0 0.0
4.0 36.0 0.0
4.0 38.0 0.0
4.0 40.0 0.0
4.0 42.0 0.0
4.0 44.0 0.0
4.0 46.0 0.0
4.0 48.0 0.0
4.0 50.0 0.0
4.0 52.0 0.0
4.0 54.0 0.0
4.0 56.0 0.0
4.0 58.0 0.0010376815618454093
4.0 60.0 0.022928716900741858
4.0 62.0 0.10949942529559414
4.0 64.0 0.21920131819415875
4.0 66.0 0.30000920925983854
4.0 68.0 0.3583984768540908
4.0 70.0 0.4283391620307781
4.0 72.0 0.4678171582503263
4.0 74.0 0.4244307680944978
4.0 76.0 0.31987341511304895
4.0 78.0 0.15331778826891118
4.0 80.0 0.010415703529929043
4.0 82.0 0.0
4.0 84.0 0.0
4.0 86.0 0.0
4.0 88.0 0.0
4.0 90.0 0.0
4.0 92.0 0.0
4.0 94.0 0.0
4.0 96.0 0.0
4.0 98.0 0.0
4.0 100.0 0.0
4.0 102.0 0.0
4.0 104.0 0.0
4.0 106.0 0.0
4.0 108.0 0.0
4.0 110.0 0.0
4.0 112.0 0.0
4.0 114.0 0.0
4.0 116.0 0.0
4.0 118.0 0.0
4.0 120.0 0.0
4.0 122.0 0.0
4.0 124.0 0.0
4.0 126.0 0.0
6.0 0.0 0.0
6.0 2.0 0.0
6.0 4.0 0.0
6.0 6.0 0.0
6.0 8.0 0.0
6.0 10.0 0.0
6.0 12.0 0.0
6.0 14.0 0.0
6.0 16.0 0.0
6.0 18.0 0.0
6.0 20.0 0.0
6.0 22.0 0.0
6.0 24.0 0.0
6.0 26.0 0.0
6.0 28.0 0.0
6.0 30.0 0.0
6.0 32.0 0.0
6.0 34.0 0.0
6.0 36.0 0.0
6.0 38.0 0.0
6.0 40.0 0.0
6.0 42.0 0.0
6.0 44.0 0.0
6.0 46.0 0.0
6.0 48.0 0.0
6.0 50.0 0.0
6.0 52.0 0.0
6.0 54.0 0.0
6.0 56.0 0.0
6.0 58.0 8.033274044222609E-4
6.0 60.0 0.01711870735439398
6.0 62.0 0.08966791760068286
6.0 64.0 0.199310826966573
6.0 66.0 0.28007668231587135
6.0 68.0 0.33630905152542273
6.0 70.0 0.42673642149553664
6.0 72.0 0.47493795681521145
6.0 74.0 0.4392474176984287
6.0 76.0 0.3410485812416241
6.0 78.0 0.17656176963756068
6.0 80.0 0.016546335228481545
6.0 82.0 0.0
6.0 84.0 0.0
6.0 86.0 0.0
6.0 88.0 0.0
6.0 90.0 0.0
6.0 92.0 0.0
6.0 94.0 0.0
6.0 96.0 0.0
6.0 98.0 0.0
6.0 100.0 0.0
6.0 102.0 0.0
6.0 104.0 0.0
6.0 106.0 0.0
6.0 108.0 0.0
6.0 110.0 0.0
6.0 112.0 0.0
6.0 114.0 0.0
6.0 116.0 0.0
6.0 118.0 0.0
6.0 120.0 0.0
6.0 122.0 0.0
6.0 124.0 0.0
6.0 126.0 0.0
8.0 0.0 0.0
8.0 2.0 0.0
8.0 4.0 0.0
8.0 6.0 0.0
8.0 8.0 0.0
8.0 10.0 0.0
8.0 12.0 0.0
8.0 14.0 0.0
8.0 16.0 0.0
8.0 18.0 0.0
8.0 20.0 0.0
8.0 22.0 0.0
8.0 24.0 0.0
8.0 26.0 0.0
8.0 28.0 0.0
8.0 30.0 0.0
8.0 32.0 0.0
8.0 34.0 0.0
8.0 36.0 0.0
8.0 38.0 0.0
8.0 40.0 0.0
8.0 42.0 0.0
8.0 44.0 0.0
8.0 46.0 0.0
8.0 48.0 0.0
8.0 50.0 0.0
8.0 52.0 0.0
8.0 54.0 0.0
8.0 56.0 0.0
8.0 58.0 7.669787097568961E-4
8.0 60.0 0.013582533857272963
8.0 62.0 0.07070510374501793
8.0 64.0 0.177890715987345
8.0 66.0 0.25784816344406924
8.0 68.0 0.3323015329387558
8.0 70.0 0.440341896111857
8.0 72.0 0.4725139990957543
8.0 74.0 0.4583450157193114
8.0 76.0 0.3678718826448954
8.0 78.0 0.2025617048937766
8.0 80.0 0.026466572349325066
8.0 82.0 0.0
8.0 84.0 0.0
8.0 86.0 0.0
8.0 88.0 0.0
8.0 90.0 0.0
8.0 92.0 0.0
8.0 94.0 0.0
8.0 96.0 0.0
8.0 98.0 0.0
8.0 100.0 0.0
8.0 102.0 0.0
8.0 104.0 0.0
8.0 106.0 0.0
8.0 108.0 0.0
8.0 110.0 0.0
8.0 112.0 0.0
8.0 114.0 0.0
8.0 116.0 0.0
8.0 118.0 0.0
8.0 120.0 0.0
8.0 122.0 0.0
8.0 124.0 0.0
8.0 126.0 0.0
10.0 0.0 0.0
10.0 2.0 0.0
10.0 4.0 0.0
10.0 6.0 0.0
10.0 8.0 0.0
10.0 10.0 0.0
10.0 12.0 0.0
10.0 14.0 0.0
10.0 16.0 0.0
10.0 18.0 0.0
10.0 20.0 0.0
10.0 22.0 0.0
10.0 24.0 0.0
10.0 26.0 0.0
10.0 28.0 0.0
10.0 30.0 0.0
10.0 32.0 0.0
10.0 34.0 0.0
10.0 36.0 0.0
10.0 38.0 0.0
10.0 40.0 0.0
10.0 42.0 0.0
10.0 44.0 0.0
10.0 46.0 0.0
10.0 48.0 0.0
10.0 50.0 0.0
10.0 52.0 0.0
10.0 54.0 0.0
10.0 56.0 0.0
10.0 58.0 0.0
10.0 60.0 0.007316687973420878
10.0 62.0 0.04809113679582591
10.0 64.0 0.14168658921922522
10.0 66.0 0.2405788056089052
10.0 68.0 0.3291900979343042
10.0 70.0 0.4376380362143583
10.0 72.0 0.4692019623070351
10.0 74.0 0.4777857407257715
10.0 76.0 0.39835992739380727
10.0 78.0 0.23312310113943033
10.0 80.0 0.04399608936229743
10.0 82.0 0.0
10.0 84.0 0.0
10.0 86.0 0.0
10.0 88.0 0.0
10.0 90.0 0.0
10.0 92.0 0.0
10.0 94.0 0.0
10.0 96.0 0.0
10.0 98.0 0.0
10.0 100.0 0.0
10.0 102.0 0.0
10.0 104.0 0.0
10.0 106.0 0.0
10.0 108.0 0.0
10.0 110.0 0.0
10.0 112.0 0.0
10.0 114.0 0.0
10.0 116.0 0.0
10.0 118.0 0.0
10.0 120.0 0.0
10.0 122.0 0.0
10.0 124.0 0.0
10.0 126.0 0.0
12.0 0.0 0.0
12.0 2.0 0.0
12.0 4.0 0.0
12.0 6.0 0.0
12.0 8.0 0.0
12.0 10.0 0.0
12.0 12.0 0.0
12.0 14.0 0.0
12.0 16.0 0.0
12.0 18.0 0.0
12.0 20.0 0.0
12.0 22.0 0.0
12.0 24.0 0.0
12.0 26.0 0.0
12.0 28.0 0.0
12.0 30.0 0.018781902108594702
12.0 32.0 0.0392640745805672
12.0 34.0 0.002897951053917245
12.0 36.0 0.0
12.0 38.0 0.0
12.0 40.0 0.0
12.0 42.0 0.0
12.0 44.0 0.0
12.0 46.0 0.0
12.0 48.0 0.0
12.0 50.0 0.0
12.0 52.0 0.0
12.0 54.0 0.0
12.0 56.0 0.0
12.0 58.0 0.0
12.0 60.0 0.0036719724058556715
12.0 62.0 0.035485428412734506
12.0 64.0 0.12428901956915502
12.0 66.0 0.21705493831181077
12.0 68.0 0.31377323189129785
12.0 70.0 0.42741884320172857
12.0 72.0 0.4721127740145777
12.0 74.0 0.48338272922542075
12.0 76.0 0.41689619976106473
12.0 78.0 0.27178405442064435
12.0 80.0 0.07777060958661912
12.0 82.0 0.0
12.0 84.0 0.0
12.0 86.0 0.0
12.0 88.0 0.0
12.0 90.0 0.0
12.0 92.0 0.0
12.0 94.0 0.0
12.0 96.0 0.0
12.0 98.0 0.0
12.0 100.0 0.0
12.0 102.0 0.0
12.0 104.0 0.0
12.0 106.0 0.0
12.0 108.0 0.0
12.0 110.0 0.0
12.0 112.0 0.0
12.0 114.0 0.0
12.0 116.0 0.0
12.0 118.0 0.0
12.0 120.0 0.0
12.0 122.0 0.0
12.0 124.0 0.0
12.0 126.0 0.0
14.0 0.0 0.0
14.0 2.0 0.0
14.0 4.0 0.0
14.0 6.0 0.0
14.0 8.0 0.0
14.0 10.0 0.0
14.0 12.0 0.0
14.0 14.0 0.0
14.0 16.0 0.0
14.0 18.0 0.0
14.0 20.0 0.0
14.0 22.0 0.0
14.0 24.0 0.19668779391689953
14.0 26.0 0.3588786610084802
14.0 28.0 0.3443627526253159
14.0 30.0 0.2853615608014115
14.0 32.0 0.1822298133901666
14.0 34.0 0.03993157623704463
14.0 36.0 0.0
14.0 38.0 0.0
14.0 40.0 0.0
14.0 42.0 0.0
14.0 44.0 0.0
14.0 46.0 0.0
14.0 48.0 0.0
14.0 50.0 0.0
14.0 52.0 0.0
14.0 54.0 0.0
14.0 56.0 0.0
14.0 58.0 0.0
14.0 60.0 0.0020405262189701276
14.0 62.0 0.026260180936435795
14.0 64.0 0.10947148755533494
14.0 66.0 0.2012809648929185
14.0 68.0 0.2781458511615375
14.0 70.0 0.3842905016070162
14.0 72.0 0.4621426851438908
14.0 74.0 0.48127448656107585
14.0 76.0 0.43157158665895917
14.0 78.0 0.303236432154576
14.0 80.0 0.1149739908306832
14.0 82.0 0.0
14.0 84.0 0.0
14.0 86.0 0.0
14.0 88.0 0.0
14.0 90.0 0.0
14.0 92.0 0.0
14.0 94.0 0.0
14.0 96.0 0.0
14.0 98.0 0.0
14.0 100.0 0.0
14.0 102.0 0.0
14.0 104.0 0.0
14.0 106.0 0.0
14.0 108.0 0.0
14.0 110.0 0.0
14.0 112.0 0.0
14.0 114.0 0.0
14.0 116.0 0.0
14.0 118.0 0.0
14.0 120.0 0.0
14.0 122.0 0.0
14.0 124.0 0.0
14.0 126.0 0.0
16.0 0.0 0.0
16.0 2.0 0.0
16.0 4.0 0.0
16.0 6.0 0.0
16.0 8.0 0.0
16.0 10.0 0.0
16.0 12.0 0.0
16.0 14.0 0.0
16.0 16.0 0.0
16.0 18.0 0.0
16.0 20.0 0.0
16.0 22.0 0.30786141840832465
16.0 24.0 0.4190764335063093
16.0 26.0 0.40976597024241374
16.0 28.0 0.3811108072585249
16.0 30.0 0.346331555661348
16.0 32.0 0.25100165544931513
16.0 34.0 0.04624139823928783
16.0 36.0 0.0
16.0 38.0 0.0
16.0 40.0 0.0
16.0 42.0 0.0
16.0 44.0 0.0
16.0 46.0 0.0
16.0 48.0 0.0
16.0 50.0 0.0
16.0 52.0 0.0
16.0 54.0 0.0
16.0 56.0 0.0
16.0 58.0 0.0
16.0 60.0 0.0014895088229203123
16.0 62.0 0.021200007928597848
16.0 64.0 0.10593234566354909
16.0 66.0 0.18507195362334242
16.0 68.0 0.26505862235274574
16.0 70.0 0.35591310212827715
16.0 72.0 0.44835783013333624
16.0 74.0 0.4636822874703454
16.0 76.0 0.42832102773056063
16.0 78.0 0.3262421542683474
16.0 80.0 0.15689353470946246
16.0 82.0 0.007555430726902156
16.0 84.0 0.0
16.0 86.0 0.0
16.0 88.0 0.0
16.0 90.0 0.0
16.0 92.0 0.0
16.0 94.0 0.0
16.0 96.0 0.0
16.0 98.0 0.0
16.0 100.0 0.0
16.0 102.0 0.0
16.0 104.0 0.0
16.0 106.0 0.0
16.0 108.0 0.0
16.0 110.0 0.0
16.0 112.0 0.0
16.0 114.0 0.0
16.0 116.0 0.0
16.0 118.0 0.0
16.0 120.0 0.0
16.0 122.0 0.0
16.0 124.0 0.0
16.0 126.0 0.0
18.0 0.0 0.0
18.0 2.0 0.0
18.0 4.0 0.0
18.0 6.0 0.0
18.0 8.0 0.0
18.0 10.0 0.0
18.0 12.0 0.0
18.0 14.0 0.0
18.0 16.0 0.0
18.0 18.0 0.0
18.0 20.0 0.35710500684644403
18.0 22.0 0.438189148780477
18.0 24.0 0.41936059754302496
18.0 26.0 0.4096054310408493
18.0 28.0 0.4264490439055164
18.0 30.0 0.41385493535135787
18.0 32.0 0.280529443461149
18.0 34.0 0.07676952009880049
18.0 36.0 0.0
18.0 38.0 0.0
18.0 40.0 0.0
18.0 42.0 0.0
18.0 44.0 0.0
18.0 46.0 0.0
18.0 48.0 0.0
18.0 50.0 0.0
18.0 52.0 0.0
18.0 54.0 0.0
18.0 56.0 0.0
18.0 58.0 0.0
18.0 60.0 7.247677943832555E-4
18.0 62.0 0.015198141386438878
18.0 64.0 0.09037396790082092
18.0 66.0 0.1721864481985401
18.0 68.0 0.24812216184122324
18.0 70.0 0.32078425956125795
18.0 72.0 0.41939020098906177
18.0 74.0 0.44228004172526436
18.0 76.0 0.42112814646614477
18.0 78.0 0.3409491769691797
18.0 80.0 0.19591706700149192
18.0 82.0 0.03705287995671259
18.0 84.0 0.0
18.0 86.0 0.0
18.0 88.0 0.0
18.0 90.0 0.0
18.0 92.0 0.0
18.0 94.0 0.0
18.0 96.0 0.0
18.0 98.0 0.0
18.0 100.0 0.0
18.0 102.0 0.0
18.0 104.0 0.0
18.0 106.0 8.453282478035582E-4
18.0 108.0 0.0
18.0 110.0 0.0
18.0 112.0 0.0
18.0 114.0 0.0
18.0 116.0 0.0
18.0 118.0 0.0
18.0 120.0 0.0
18.0 122.0 0.0
18.0 124.0 0.0
18.0 126.0 0.0
20.0 0.0 0.0
20.0 2.0 0.0
20.0 4.0 0.0
20.0 6.0 0.0
20.0 8.0 0.0
20.0 10.0 0.0
20.0 12.0 0.0
20.0 14.0 0.0
20.0 16.0 0.0
20.0 18.0 0.3771010324010479
20.0 20.0 0.3872836285830641
20.0 22.0 0.3624691255905071
20.0 24.0 0.3760824073257212
20.0 26.0 0.3942467539602063
20.0 28.0 0.43858479700035874
20.0 30.0 0.4580760843711102
20.0 32.0 0.35603814996841815
20.0 34.0 0.14122197172709094
20.0 36.0 0.022634876865347254
20.0 38.0 0.0
20.0 40.0 0.0
20.0 42.0 0.0
20.0 44.0 0.0
20.0 46.0 0.0
20.0 48.0 0.0
20.0 50.0 0.0
20.0 52.0 0.0
20.0 54.0 0.0
20.0 56.0 0.0
20.0 58.0 0.0
20.0 60.0 0.0
20.0 62.0 0.008830156517150594
20.0 64.0 0.06950088713935884
20.0 66.0 0.15505067722441804
20.0 68.0 0.22611119448663733
20.0 70.0 0.2973911443900092
20.0 72.0 0.3891377249191734
20.0 74.0 0.3900076833177988
20.0 76.0 0.36235655568035297
20.0 78.0 0.3266904874619038
20.0 80.0 0.21967047732838663
20.0 82.0 0.06957257070126843
20.0 84.0 0.0
20.0 86.0 0.0
20.0 88.0 0.0
20.0 90.0 0.0
20.0 92.0 0.0
20.0 94.0 0.0
20.0 96.0 0.0
20.0 98.0 0.0
20.0 100.0 0.0
20.0 102.0 0.0
20.0 104.0 0.0
20.0 106.0 7.602068524533836E-4
20.0 108.0 0.03683103996985131
20.0 110.0 0.0
20.0 112.0 0.0
20.0 114.0 0.0
20.0 116.0 0.0
20.0 118.0 0.0
20.0 120.0 0.0
20.0 122.0 0.0
20.0 124.0 0.0
20.0 126.0 0.0
22.0 0.0 0.0
22.0 2.0 0.0
22.0 4.0 0.0
22.0 6.0 0.0
22.0 8.0 0.0
22.0 10.0 0.0
22.0 12.0 0.0
22.0 14.0 0.0
22.0 16.0 0.3216443507899413
22.0 18.0 0.2561868293983855
22.0 20.0 0.27480924065260287
22.0 22.0 0.3170093976845834
22.0 24.0 0.3608464621261176
22.0 26.0 0.3974143462405714
22.0 28.0 0.41603053861606126
22.0 30.0 0.43890264776221716
22.0 32.0 0.4102994247033583
22.0 34.0 0.22365935094708675
22.0 36.0 0.08703421769309906
22.0 38.0 0.0045269677890523085
22.0 40.0 0.0
22.0 42.0 0.0
22.0 44.0 0.0
22.0 46.0 0.0
22.0 48.0 0.0
22.0 50.0 0.0
22.0 52.0 0.0
22.0 54.0 0.0
22.0 56.0 0.0
22.0 58.0 0.0
22.0 60.0 0.0
22.0 62.0 0.0010225815700147542
22.0 64.0 0.027463534477578513
22.0 66.0 0.12905763007180013
22.0 68.0 0.1963993580208032
22.0 70.0 0.2794325486160926
22.0 72.0 0.3545954674091368
22.0 74.0 0.3682399745600851
22.0 76.0 0.353236828279635
22.0 78.0 0.30053175194796483
22.0 80.0 0.21673340066717786
22.0 82.0 0.10025796238091512
22.0 84.0 0.0022383275810506733
22.0 86.0 0.0
22.0 88.0 0.0
22.0 90.0 0.0
22.0 92.0 0.0
22.0 94.0 0.0
22.0 96.0 0.0
22.0 98.0 0.0
22.0 100.0 0.0
22.0 102.0 0.0
22.0 104.0 0.0
22.0 106.0 7.438237567136845E-4
22.0 108.0 0.021462464381858448
22.0 110.0 0.08706516187084327
22.0 112.0 0.0
22.0 114.0 0.0
22.0 116.0 0.0
22.0 118.0 0.0
22.0 120.0 0.0
22.0 122.0 0.0
22.0 124.0 0.0
22.0 126.0 0.0
24.0 0.0 0.0
24.0 2.0 0.0
24.0 4.0 0.0
24.0 6.0 0.0
24.0 8.0 0.0
24.0 10.0 0.0
24.0 12.0 0.0
24.0 14.0 0.14423545828764842
24.0 16.0 0.09456303794357322
24.0 18.0 0.15311233674723088
24.0 20.0 0.22872102914468714
24.0 22.0 0.2951342824910226
24.0 24.0 0.3515996506155028
24.0 26.0 0.3967495593734416
24.0 28.0 0.4238565869619577
24.0 30.0 0.4246984555656321
24.0 32.0 0.39123106253337886
24.0 34.0 0.31330460098165575
24.0 36.0 0.1703084473816879
24.0 38.0 0.06521786100816149
24.0 40.0 3.345275030763977E-4
24.0 42.0 0.0
24.0 44.0 0.0
24.0 46.0 0.0
24.0 48.0 0.0
24.0 50.0 0.0
24.0 52.0 0.0
24.0 54.0 0.0
24.0 56.0 0.0
24.0 58.0 0.0
24.0 60.0 0.0
24.0 62.0 0.0
24.0 64.0 0.004972520650346424
24.0 66.0 0.08591994438977202
24.0 68.0 0.15246501084811673
24.0 70.0 0.23361992356369896
24.0 72.0 0.31498775886798286
24.0 74.0 0.35745204513574197
24.0 76.0 0.3500373375165901
24.0 78.0 0.284098075825403
24.0 80.0 0.21130743873093383
24.0 82.0 0.11265061069390515
24.0 84.0 0.016052027297597662
24.0 86.0 0.0
24.0 88.0 0.0
24.0 90.0 0.0
24.0 92.0 0.0
24.0 94.0 0.0
24.0 96.0 0.0
24.0 98.0 0.0
24.0 100.0 0.0
24.0 102.0 0.0
24.0 104.0 0.0
24.0 106.0 0.0
24.0 108.0 0.007224957100611295
24.0 110.0 0.04472447215258119
24.0 112.0 0.09878855790523873
24.0 114.0 0.0
24.0 116.0 0.0
24.0 118.0 0.0
24.0 120.0 0.0
24.0 122.0 0.0
24.0 124.0 0.0
24.0 126.0 0.0
26.0 0.0 0.0
26.0 2.0 0.0
26.0 4.0 0.0
26.0 6.0 0.0
26.0 8.0 0.0
26.0 10.0 0.0
26.0 12.0 0.0
26.0 14.0 0.05062958926266988
26.0 16.0 0.0
26.0 18.0 0.06718656943110245
26.0 20.0 0.16776476103479418
26.0 22.0 0.2460708625565912
26.0 24.0 0.3117664540120806
26.0 26.0 0.36506696207611417
26.0 28.0 0.4041493801461086
26.0 30.0 0.4221021962723101
26.0 32.0 0.41417005048747724
26.0 34.0 0.3739318330073124
26.0 36.0 0.2782979113521945
26.0 38.0 0.15122509866439174
26.0 40.0 0.057804781194708214
26.0 42.0 0.0020356433829537258
26.0 44.0 0.0
26.0 46.0 0.0
26.0 48.0 0.0
26.0 50.0 0.0
26.0 52.0 0.0
26.0 54.0 0.0
26.0 56.0 0.0
26.0 58.0 0.0
26.0 60.0 0.0
26.0 62.0 0.0
26.0 64.0 0.0
26.0 66.0 0.013987214448991014
26.0 68.0 0.08374913937256528
26.0 70.0 0.15444960911680441
26.0 72.0 0.2312973454819948
26.0 74.0 0.2848816476332468
26.0 76.0 0.30190053984386184
26.0 78.0 0.24702541563471905
26.0 80.0 0.1816395762619326
26.0 82.0 0.1107614963885001
26.0 84.0 0.04200671879380455
26.0 86.0 0.0
26.0 88.0 0.0
26.0 90.0 0.0
26.0 92.0 0.0
26.0 94.0 0.0
26.0 96.0 0.0
26.0 98.0 0.0
26.0 100.0 0.0
26.0 102.0 0.0
26.0 104.0 0.0
26.0 106.0 0.0
26.0 108.0 0.0011680465096531533
26.0 110.0 0.021694586642367227
26.0 112.0 0.06690423525838433
26.0 114.0 0.09453057459394106
26.0 116.0 0.0
26.0 118.0 0.0
26.0 120.0 0.0
26.0 122.0 0.0
26.0 124.0 0.0
26.0 126.0 0.0
28.0 0.0 0.0
28.0 2.0 0.0
28.0 4.0 0.0
28.0 6.0 0.0
28.0 8.0 0.0
28.0 10.0 0.0
28.0 12.0 0.03031138406223534
28.0 14.0 0.0
28.0 16.0 0.0
28.0 18.0 0.03825959024430821
28.0 20.0 0.13400375214701182
28.0 22.0 0.21414408671683471
28.0 24.0 0.2888520385936116
28.0 26.0 0.3590122502907489
28.0 28.0 0.4154172217568552
28.0 30.0 0.4534067249416089
28.0 32.0 0.4666968953904749
28.0 34.0 0.45212714338336807
28.0 36.0 0.3889004088928041
28.0 38.0 0.24471659138578764
28.0 40.0 0.14478781273843053
28.0 42.0 0.060007422033738156
28.0 44.0 0.004285172412741892
28.0 46.0 0.0
28.0 48.0 0.0
28.0 50.0 0.0
28.0 52.0 0.0
28.0 54.0 0.0
28.0 56.0 0.0
28.0 58.0 0.0
28.0 60.0 0.0
28.0 62.0 0.0
28.0 64.0 0.0
28.0 66.0 0.0
28.0 68.0 0.0017606323939798787
28.0 70.0 0.04540715154561722
28.0 72.0 0.09180240286961626
28.0 74.0 0.12471796831153688
28.0 76.0 0.17755872245509743
28.0 78.0 0.18053059532362836
28.0 80.0 0.14354786093643288
28.0 82.0 0.10273823090982892
28.0 84.0 0.057080556375081394
28.0 86.0 0.00854634868334831
28.0 88.0 0.0
28.0 90.0 0.0
28.0 92.0 0.0
28.0 94.0 0.0
28.0 96.0 0.0
28.0 98.0 0.0
28.0 100.0 0.0
28.0 102.0 0.0
28.0 104.0 0.0
28.0 106.0 0.0
28.0 108.0 0.0
28.0 110.0 0.017596295515986154
28.0 112.0 0.04679041242049858
28.0 114.0 0.07414737187735373
28.0 116.0 0.10801481478989211
28.0 118.0 0.0
28.0 120.0 0.0
28.0 122.0 0.0
28.0 124.0 0.0
28.0 126.0 0.0
30.0 0.0 0.0
30.0 2.0 0.0
30.0 4.0 0.0
30.0 6.0 0.0
30.0 8.0 0.0
30.0 10.0 0.024878294184119742
30.0 12.0 0.0
30.0 14.0 0.0
30.0 16.0 0.0
30.0 18.0 0.014999959230124002
30.0 20.0 0.09647830193547424
30.0 22.0 0.16788698272101754
30.0 24.0 0.23244663034650115
30.0 26.0 0.3023116817948357
30.0 28.0 0.3726175451588843
30.0 30.0 0.4262143076322981
30.0 32.0 0.4590073097115277
30.0 34.0 0.4689714257524293
30.0 36.0 0.4422479134000316
30.0 38.0 0.3591560688295819
30.0 40.0 0.24202228428591224
30.0 42.0 0.1452080707444565
30.0 44.0 0.05429087639794186
30.0 46.0 0.0031992337051437313
30.0 48.0 0.0
30.0 50.0 0.0
30.0 52.0 0.0
30.0 54.0 0.0
30.0 56.0 0.0
30.0 58.0 0.0
30.0 60.0 0.0
30.0 62.0 0.0
30.0 64.0 0.0
30.0 66.0 0.0
30.0 68.0 0.0
30.0 70.0 0.0
30.0 72.0 0.0
30.0 74.0 0.00489121284339128
30.0 76.0 0.05783754432065304
30.0 78.0 0.10663801492220128
30.0 80.0 0.10051909872889259
30.0 82.0 0.08441847682512126
30.0 84.0 0.05771205563835865
30.0 86.0 0.020804250707433816
30.0 88.0 5.031723236169811E-4
30.0 90.0 0.0
30.0 92.0 0.0
30.0 94.0 0.0
30.0 96.0 0.0
30.0 98.0 0.0
30.0 100.0 0.0
30.0 102.0 0.0
30.0 104.0 0.0
30.0 106.0 0.0
30.0 108.0 0.0
30.0 110.0 0.010837398342890466
30.0 112.0 0.04032311739962694
30.0 114.0 0.06204476923273313
30.0 116.0 0.10982434652267674
30.0 118.0 0.0
30.0 120.0 0.0
30.0 122.0 0.0
30.0 124.0 0.0
30.0 126.0 0.0
32.0 0.0 0.0
32.0 2.0 0.0
32.0 4.0 0.0
32.0 6.0 0.0
32.0 8.0 0.0
32.0 10.0 0.024961262098155548
32.0 12.0 0.0
32.0 14.0 0.0
32.0 16.0 0.0
32.0 18.0 0.007365538360290122
32.0 20.0 0.03925828004373451
32.0 22.0 0.08853643838556996
32.0 24.0 0.14736384994208238
32.0 26.0 0.22490965293558016
32.0 28.0 0.30774572397485395
32.0 30.0 0.3818298762102818
32.0 32.0 0.43822281464428325
32.0 34.0 0.46907418023422837
32.0 36.0 0.4663533806992601
32.0 38.0 0.397808233632202
32.0 40.0 0.3048288859177479
32.0 42.0 0.2379863763325454
32.0 44.0 0.16123579099849508
32.0 46.0 0.073331693600584
32.0 48.0 0.0
32.0 50.0 0.0
32.0 52.0 0.0
32.0 54.0 0.0
32.0 56.0 0.0
32.0 58.0 0.0
32.0 60.0 0.0
32.0 62.0 0.0
32.0 64.0 0.0
32.0 66.0 0.0
32.0 68.0 0.0
32.0 70.0 0.0
32.0 72.0 0.0
32.0 74.0 8.000673516551315E-4
32.0 76.0 0.02119315824866946
32.0 78.0 0.06578954159594257
32.0 80.0 0.08228651727739435
32.0 82.0 0.07992278249004343
32.0 84.0 0.055662043996481274
32.0 86.0 0.02458393285023479
32.0 88.0 0.0032873163751566087
32.0 90.0 0.0
32.0 92.0 0.0
32.0 94.0 0.0
32.0 96.0 0.0
32.0 98.0 0.0
32.0 100.0 0.0
32.0 102.0 0.0
32.0 104.0 0.0
32.0 106.0 0.0
32.0 108.0 0.0010807807249025275
32.0 110.0 0.018274480980621136
32.0 112.0 0.03611362750979614
32.0 114.0 0.051222238621888204
32.0 116.0 0.08572328482921032
32.0 118.0 0.11923415925790803
32.0 120.0 0.0
32.0 122.0 0.0
32.0 124.0 0.0
32.0 126.0 0.0
34.0 0.0 0.0
34.0 2.0 0.0
34.0 4.0 0.0
34.0 6.0 0.0
34.0 8.0 0.02035737340262281
34.0 10.0 0.0
34.0 12.0 0.0
34.0 14.0 0.0
34.0 16.0 0.0
34.0 18.0 0.0
34.0 20.0 0.0025483483098302805
34.0 22.0 0.020590227812260782
34.0 24.0 0.06849954600379153
34.0 26.0 0.13938607940713185
34.0 28.0 0.22096672939576567
34.0 30.0 0.31723338629457315
34.0 32.0 0.4129952053122841
34.0 34.0 0.45374980795499237
34.0 36.0 0.4357067007678501
34.0 38.0 0.37397863114735436
34.0 40.0 0.3306191950267405
34.0 42.0 0.2907478208474217
34.0 44.0 0.2267318937111202
34.0 46.0 0.1460663139709665
34.0 48.0 0.06818723672349145
34.0 50.0 0.0
34.0 52.0 0.0
34.0 54.0 0.0
34.0 56.0 0.0
34.0 58.0 0.0
34.0 60.0 0.0
34.0 62.0 0.0
34.0 64.0 0.0
34.0 66.0 0.0
34.0 68.0 0.0
34.0 70.0 0.0
34.0 72.0 0.0
34.0 74.0 0.0
34.0 76.0 0.006032072126349742
34.0 78.0 0.03422265401747176
34.0 80.0 0.06515722454410834
34.0 82.0 0.07680434182491837
34.0 84.0 0.07589969590241397
34.0 86.0 0.06472917836197253
34.0 88.0 0.049164662900109464
34.0 90.0 0.035834644406053204
34.0 92.0 0.030782299289246657
34.0 94.0 0.021272778472288173
34.0 96.0 0.0062182006876331875
34.0 98.0 0.0
34.0 100.0 0.0
34.0 102.0 0.0
34.0 104.0 0.0
34.0 106.0 0.0
34.0 108.0 0.00562198759298185
34.0 110.0 0.021036875653914777
34.0 112.0 0.02671048657794145
34.0 114.0 0.03733190890729602
34.0 116.0 0.05341442733272095
34.0 118.0 0.07883719416649158
34.0 120.0 0.0
34.0 122.0 0.0
34.0 124.0 0.0
34.0 126.0 0.0
36.0 0.0 0.0
36.0 2.0 0.0
36.0 4.0 0.0
36.0 6.0 0.0
36.0 8.0 0.013489856053485667
36.0 10.0 0.0
36.0 12.0 0.0
36.0 14.0 0.0
36.0 16.0 0.0
36.0 18.0 0.0
36.0 20.0 0.0
36.0 22.0 0.0013937460276428181
36.0 24.0 0.014767689554738684
36.0 26.0 0.07302573883291191
36.0 28.0 0.1662619696838443
36.0 30.0 0.2942302568228872
36.0 32.0 0.3761330047244112
36.0 34.0 0.42628542085035526
36.0 36.0 0.3880614360656817
36.0 38.0 0.3584742127953629
36.0 40.0 0.3380095900604186
36.0 42.0 0.3082015294251475
36.0 44.0 0.25710483644082555
36.0 46.0 0.1930349104757169
36.0 48.0 0.11525203926365368
36.0 50.0 0.038317102290782896
36.0 52.0 0.0
36.0 54.0 0.0
36.0 56.0 0.0
36.0 58.0 0.0
36.0 60.0 0.0
36.0 62.0 0.0
36.0 64.0 0.0
36.0 66.0 0.0
36.0 68.0 0.0
36.0 70.0 0.0
36.0 72.0 0.0
36.0 74.0 0.0
36.0 76.0 0.0015667527211426179
36.0 78.0 0.01677619505557523
36.0 80.0 0.04608225226970375
36.0 82.0 0.06654056985116188
36.0 84.0 0.07831535926478563
36.0 86.0 0.08376915094095096
36.0 88.0 0.07005640911720469
36.0 90.0 0.06598331622326135
36.0 92.0 0.07099834696472339
36.0 94.0 0.06644717869861187
36.0 96.0 0.033994670020103236
36.0 98.0 0.004175575168215804
36.0 100.0 0.0
36.0 102.0 0.0
36.0 104.0 7.642474449515755E-4
36.0 106.0 0.007031932452854874
36.0 108.0 0.018297419411045412
36.0 110.0 0.023852818110905182
36.0 112.0 0.019974900172339476
36.0 114.0 0.016130172640885797
36.0 116.0 0.015600995527761105
36.0 118.0 0.01655813417979454
36.0 120.0 0.01032278000471964
36.0 122.0 0.0
36.0 124.0 0.0
36.0 126.0 0.0
38.0 0.0 0.0
38.0 2.0 0.0
38.0 4.0 0.0
38.0 6.0 0.00104672533332291
38.0 8.0 0.0
38.0 10.0 0.0
38.0 12.0 0.0
38.0 14.0 0.0
38.0 16.0 0.0
38.0 18.0 0.0
38.0 20.0 0.0
38.0 22.0 0.0
38.0 24.0 0.0
38.0 26.0 0.017650727191330703
38.0 28.0 0.10809553699966447
38.0 30.0 0.2246161155610368
38.0 32.0 0.32012966585204233
38.0 34.0 0.3867782968014766
38.0 36.0 0.3733793730170704
38.0 38.0 0.33888058690453476
38.0 40.0 0.32566836222301626
38.0 42.0 0.3024044482313987
38.0 44.0 0.26070666248895974
38.0 46.0 0.20868970467820025
38.0 48.0 0.1456707261096363
38.0 50.0 0.07216062776522492
38.0 52.0 0.00681550274100403
38.0 54.0 0.0
38.0 56.0 0.0
38.0 58.0 0.0
38.0 60.0 0.0
38.0 62.0 0.0
38.0 64.0 0.0
38.0 66.0 0.0
38.0 68.0 0.0
38.0 70.0 0.0
38.0 72.0 0.0
38.0 74.0 0.0
38.0 76.0 0.0
38.0 78.0 0.006573382670993133
38.0 80.0 0.028372035371792104
38.0 82.0 0.05547537730874574
38.0 84.0 0.07660795693033262
38.0 86.0 0.07425316465089511
38.0 88.0 0.08312698113936293
38.0 90.0 0.09552621605502166
38.0 92.0 0.11578876857843001
38.0 94.0 0.11794262477532917
38.0 96.0 0.07953310558496622
38.0 98.0 0.01091168124694071
38.0 100.0 0.0
38.0 102.0 0.004284208860341581
38.0 104.0 0.01637497060851213
38.0 106.0 0.024526173441627528
38.0 108.0 0.03325087991240846
38.0 110.0 0.02319742521714899
38.0 112.0 0.008890570972398731
38.0 114.0 0.0021617940652583862
38.0 116.0 0.0
38.0 118.0 0.0
38.0 120.0 0.0
38.0 122.0 0.0
38.0 124.0 0.0
38.0 126.0 0.0
40.0 0.0 0.0
40.0 2.0 0.0
40.0 4.0 0.0
40.0 6.0 0.0
40.0 8.0 0.0
40.0 10.0 0.0
40.0 12.0 0.0
40.0 14.0 0.0
40.0 16.0 0.0
40.0 18.0 0.0
40.0 20.0 0.0
40.0 22.0 0.0
40.0 24.0 0.0
40.0 26.0 0.005443508436158086
40.0 28.0 0.057609402800610145
40.0 30.0 0.1426540818627073
40.0 32.0 0.24847094151473204
40.0 34.0 0.33365112913943834
40.0 36.0 0.36271972759457255
40.0 38.0 0.3281699614290875
40.0 40.0 0.3049258992016298
40.0 42.0 0.28425521501339657
40.0 44.0 0.2474059586080486
40.0 46.0 0.20259363698978317
40.0 48.0 0.153125884905821
40.0 50.0 0.0952616887864054
40.0 52.0 0.030200209604456477
40.0 54.0 0.0
40.0 56.0 0.0
40.0 58.0 0.0
40.0 60.0 0.0
40.0 62.0 0.0
40.0 64.0 0.0
40.0 66.0 0.0
40.0 68.0 0.0
40.0 70.0 0.0
40.0 72.0 0.0
40.0 74.0 0.0
40.0 76.0 0.0
40.0 78.0 0.0021378807723041386
40.0 80.0 0.017582294112547775
40.0 82.0 0.041995950727755506
40.0 84.0 0.06819559077167114
40.0 86.0 0.07746183651144421
40.0 88.0 0.10019046892962984
40.0 90.0 0.12364363824585921
40.0 92.0 0.15527325657135654
40.0 94.0 0.16290990030285166
40.0 96.0 0.13775336197726437
40.0 98.0 0.06307458725538614
40.0 100.0 0.00414480521642211
40.0 102.0 0.019759360973243593
40.0 104.0 0.044043251762554414
40.0 106.0 0.04908271597083608
40.0 108.0 0.04314191470253162
40.0 110.0 0.02499754627973577
40.0 112.0 0.004548114525185609
40.0 114.0 0.0
40.0 116.0 0.0
40.0 118.0 0.0
40.0 120.0 0.0
40.0 122.0 0.0
40.0 124.0 0.0
40.0 126.0 0.0
42.0 0.0 0.0
42.0 2.0 0.0
42.0 4.0 0.0
42.0 6.0 0.0
42.0 8.0 0.0
42.0 10.0 5.948326914215456E-4
42.0 12.0 0.0012459927609448876
42.0 14.0 0.0
42.0 16.0 0.0
42.0 18.0 0.0
42.0 20.0 0.0
42.0 22.0 0.0
42.0 24.0 0.0
42.0 26.0 0.0
42.0 28.0 0.011888709177219745
42.0 30.0 0.06036148952062929
42.0 32.0 0.166089878033775
42.0 34.0 0.2612676642251777
42.0 36.0 0.31189531736067144
42.0 38.0 0.29470252855350004
42.0 40.0 0.2973907618856582
42.0 42.0 0.2744167287896711
42.0 44.0 0.2272651770257793
42.0 46.0 0.18466371082168642
42.0 48.0 0.14979128979542397
42.0 50.0 0.10842265084420825
42.0 52.0 0.05298833472543157
42.0 54.0 0.0
42.0 56.0 0.0
42.0 58.0 0.0
42.0 60.0 0.0
42.0 62.0 0.0
42.0 64.0 0.0
42.0 66.0 0.0
42.0 68.0 0.0
42.0 70.0 0.0
42.0 72.0 0.0
42.0 74.0 0.0
42.0 76.0 0.0
42.0 78.0 0.0010703089768108011
42.0 80.0 0.011139519980471786
42.0 82.0 0.03358634116456192
42.0 84.0 0.054580717978091525
42.0 86.0 0.08125754886663944
42.0 88.0 0.11768329107261111
42.0 90.0 0.15306200737910744
42.0 92.0 0.18768898885650107
42.0 94.0 0.19726317446083252
42.0 96.0 0.19638901573278333
42.0 98.0 0.15848796010548952
42.0 100.0 0.0904012122649273
42.0 102.0 0.05097399091552662
42.0 104.0 0.07228212140519058
42.0 106.0 0.06614473820878744
42.0 108.0 0.051444953828379804
42.0 110.0 0.029718065561009296
42.0 112.0 7.794384808410753E-4
42.0 114.0 0.0
42.0 116.0 0.0
42.0 118.0 0.0
42.0 120.0 0.0
42.0 122.0 0.0
42.0 124.0 0.0
42.0 126.0 0.0
44.0 0.0 0.0
44.0 2.0 0.0
44.0 4.0 0.0
44.0 6.0 0.0
44.0 8.0 0.04053148358452129
44.0 10.0 0.0802259106883383
44.0 12.0 0.05489282324857516
44.0 14.0 0.0
44.0 16.0 0.0
44.0 18.0 0.0
44.0 20.0 0.0
44.0 22.0 0.0
44.0 24.0 0.0
44.0 26.0 0.0
44.0 28.0 0.0
44.0 30.0 0.00582174403597049
44.0 32.0 0.07488608452496202
44.0 34.0 0.1780045311751934
44.0 36.0 0.24082849026118072
44.0 38.0 0.26987532256993924
44.0 40.0 0.26524545815518735
44.0 42.0 0.2378653329609386
44.0 44.0 0.17617644467064866
44.0 46.0 0.1605637727618661
44.0 48.0 0.1386294013995298
44.0 50.0 0.11087189306830246
44.0 52.0 0.07110405205032307
44.0 54.0 0.005392701557295712
44.0 56.0 0.0
44.0 58.0 0.0
44.0 60.0 0.0
44.0 62.0 0.0
44.0 64.0 0.0
44.0 66.0 0.0
44.0 68.0 0.0
44.0 70.0 0.0
44.0 72.0 0.0
44.0 74.0 0.0
44.0 76.0 0.0
44.0 78.0 0.0013047546357956314
44.0 80.0 0.008546191690530227
44.0 82.0 0.02330300479635229
44.0 84.0 0.04446078947243986
44.0 86.0 0.0726394339755222
44.0 88.0 0.12202355953713466
44.0 90.0 0.17536970730005405
44.0 92.0 0.21549548832830442
44.0 94.0 0.23871435054120013
44.0 96.0 0.24197339132540838
44.0 98.0 0.2296924155661952
44.0 100.0 0.19830731046913833
44.0 102.0 0.14888924410472174
44.0 104.0 0.10061790343378496
44.0 106.0 0.09051136613147003
44.0 108.0 0.06552604764444057
44.0 110.0 0.039148154893723884
44.0 112.0 0.0013186626606688332
44.0 114.0 0.0
44.0 116.0 0.0
44.0 118.0 0.0
44.0 120.0 0.0
44.0 122.0 0.0
44.0 124.0 0.0
44.0 126.0 0.0
46.0 0.0 0.0
46.0 2.0 0.0
46.0 4.0 0.0
46.0 6.0 0.06814347292568189
46.0 8.0 0.1420588625253445
46.0 10.0 0.1758798104644376
46.0 12.0 0.10212967993469681
46.0 14.0 0.0
46.0 16.0 0.0
46.0 18.0 0.0
46.0 20.0 0.0
46.0 22.0 0.0
46.0 24.0 0.0
46.0 26.0 0.0
46.0 28.0 0.0
46.0 30.0 0.0
46.0 32.0 0.009888514531304606
46.0 34.0 0.0869527970480725
46.0 36.0 0.1508607194840393
46.0 38.0 0.17253034462262903
46.0 40.0 0.16288025803302286
46.0 42.0 0.13444008408686126
46.0 44.0 0.12804189829170246
46.0 46.0 0.1328402021995936
46.0 48.0 0.12393662398832773
46.0 50.0 0.10760193462602956
46.0 52.0 0.08603891585930712
46.0 54.0 0.021105203996604496
46.0 56.0 0.0
46.0 58.0 0.0
46.0 60.0 0.0
46.0 62.0 0.0
46.0 64.0 0.0
46.0 66.0 0.0
46.0 68.0 0.0
46.0 70.0 0.0
46.0 72.0 0.0
46.0 74.0 0.0
46.0 76.0 0.0
46.0 78.0 0.0
46.0 80.0 0.0028591485860520248
46.0 82.0 0.014323520494996586
46.0 84.0 0.029932055500712294
46.0 86.0 0.05366410132475873
46.0 88.0 0.1182388899585524
46.0 90.0 0.1883885663791595
46.0 92.0 0.23378416841734198
46.0 94.0 0.24137705467310608
46.0 96.0 0.2591244184109703
46.0 98.0 0.26130355548528555
46.0 100.0 0.27523950535684455
46.0 102.0 0.2463851559047168
46.0 104.0 0.19191770216828538
46.0 106.0 0.13179325539931555
46.0 108.0 0.09080266669715546
46.0 110.0 0.048330108238191165
46.0 112.0 0.01388336810328659
46.0 114.0 0.0
46.0 116.0 0.0
46.0 118.0 0.0
46.0 120.0 0.0
46.0 122.0 0.0
46.0 124.0 0.0
46.0 126.0 0.0
48.0 0.0 0.0
48.0 2.0 0.0
48.0 4.0 0.1473977857270786
48.0 6.0 0.24610866011302548
48.0 8.0 0.28838367743461596
48.0 10.0 0.3083488577421416
48.0 12.0 0.1244052736032558
48.0 14.0 0.0
48.0 16.0 0.0
48.0 18.0 0.0
48.0 20.0 0.0
48.0 22.0 0.0
48.0 24.0 0.0
48.0 26.0 0.0
48.0 28.0 0.0
48.0 30.0 0.0
48.0 32.0 0.0
48.0 34.0 0.012109145051534568
48.0 36.0 0.05720540674944422
48.0 38.0 0.06627525912344122
48.0 40.0 0.05335344934900377
48.0 42.0 0.05530879771596786
48.0 44.0 0.09502823071025761
48.0 46.0 0.10431619285883813
48.0 48.0 0.10745319539854233
48.0 50.0 0.11166731702043177
48.0 52.0 0.09454620661593251
48.0 54.0 0.04287417250094188
48.0 56.0 0.0
48.0 58.0 0.0
48.0 60.0 0.0
48.0 62.0 0.0
48.0 64.0 0.0
48.0 66.0 0.0
48.0 68.0 0.0
48.0 70.0 0.0
48.0 72.0 0.0
48.0 74.0 0.0
48.0 76.0 0.0
48.0 78.0 0.0
48.0 80.0 0.0011086270959400062
48.0 82.0 0.010082010409532898
48.0 84.0 0.021803070925714065
48.0 86.0 0.04041239693032573
48.0 88.0 0.10796527826519704
48.0 90.0 0.1796932769124181
48.0 92.0 0.22585395690471835
48.0 94.0 0.23428730320830463
48.0 96.0 0.25902156688444505
48.0 98.0 0.2722582642705083
48.0 100.0 0.32938156507087435
48.0 102.0 0.32056853466716856
48.0 104.0 0.28109127993607325
48.0 106.0 0.22152182190923744
48.0 108.0 0.15530749973471195
48.0 110.0 0.08799031511828113
48.0 112.0 0.03668210762513621
48.0 114.0 0.0
48.0 116.0 0.0
48.0 118.0 0.0
48.0 120.0 0.0
48.0 122.0 0.0
48.0 124.0 0.0
48.0 126.0 0.0
50.0 0.0 0.0
50.0 2.0 0.0
50.0 4.0 0.24774309608985554
50.0 6.0 0.3477258539968982
50.0 8.0 0.36657273342741026
50.0 10.0 0.36434954325763114
50.0 12.0 0.1473682977307554
50.0 14.0 6.937146825821203E-4
50.0 16.0 0.0
50.0 18.0 0.0
50.0 20.0 0.0
50.0 22.0 0.0
50.0 24.0 0.0
50.0 26.0 0.0
50.0 28.0 0.0
50.0 30.0 0.0
50.0 32.0 0.0
50.0 34.0 1.5447779872427601E-4
50.0 36.0 0.0050274131700160886
50.0 38.0 0.007685067610985985
50.0 40.0 0.0037084599131604386
50.0 42.0 0.02260045215002615
50.0 44.0 0.06506802934415319
50.0 46.0 0.0787552619913534
50.0 48.0 0.09275643467334431
50.0 50.0 0.0958726914933018
50.0 52.0 0.08952535646887273
50.0 54.0 0.06401750588934642
50.0 56.0 0.01236896453471778
50.0 58.0 0.0
50.0 60.0 0.0
50.0 62.0 0.0
50.0 64.0 0.0
50.0 66.0 0.0
50.0 68.0 0.0
50.0 70.0 0.0
50.0 72.0 0.0
50.0 74.0 0.0
50.0 76.0 0.0
50.0 78.0 4.155741962048199E-4
50.0 80.0 7.597732758996617E-4
50.0 82.0 0.002773248011839488
50.0 84.0 0.008847518643957228
50.0 86.0 0.01596111343698101
50.0 88.0 0.05784952236530578
50.0 90.0 0.12367333727965074
50.0 92.0 0.17096426079958402
50.0 94.0 0.21474208028487052
50.0 96.0 0.2527806679883701
50.0 98.0 0.2794328985205887
50.0 100.0 0.29246661579917116
50.0 102.0 0.34042845703982966
50.0 104.0 0.33795777804569144
50.0 106.0 0.2990801087260155
50.0 108.0 0.24628182458191286
50.0 110.0 0.16798119354477667
50.0 112.0 0.08646958971472309
50.0 114.0 0.0223251924659453
50.0 116.0 0.0
50.0 118.0 0.0
50.0 120.0 0.0
50.0 122.0 0.0
50.0 124.0 0.0
50.0 126.0 0.0
52.0 0.0 0.0
52.0 2.0 0.039754417541191925
52.0 4.0 0.3480620961113285
52.0 6.0 0.4255315586455035
52.0 8.0 0.41493836918873733
52.0 10.0 0.33145585380838166
52.0 12.0 0.14316195211755747
52.0 14.0 0.0015990278089094382
52.0 16.0 0.0
52.0 18.0 0.0
52.0 20.0 0.0
52.0 22.0 0.0
52.0 24.0 0.0
52.0 26.0 0.0
52.0 28.0 0.0
52.0 30.0 0.0
52.0 32.0 0.0
52.0 34.0 0.0
52.0 36.0 0.0
52.0 38.0 1.827960031908247E-4
52.0 40.0 0.0
52.0 42.0 0.01476332414717038
52.0 44.0 0.03877491492268681
52.0 46.0 0.05546516493715981
52.0 48.0 0.06427871167634203
52.0 50.0 0.06142881922280007
52.0 52.0 0.07233441162918015
52.0 54.0 0.08426058861308762
52.0 56.0 0.061794013125776454
52.0 58.0 0.019868992329588827
52.0 60.0 0.024670076418406
52.0 62.0 0.041118814140297756
52.0 64.0 0.036628993687152354
52.0 66.0 0.022022673023862595
52.0 68.0 0.004087021864248798
52.0 70.0 0.0
52.0 72.0 0.0
52.0 74.0 0.0
52.0 76.0 0.0
52.0 78.0 0.0
52.0 80.0 0.0
52.0 82.0 0.0
52.0 84.0 0.0
52.0 86.0 0.0
52.0 88.0 0.002094288798242338
52.0 90.0 0.04288892577557696
52.0 92.0 0.10678229616525997
52.0 94.0 0.1726181537390603
52.0 96.0 0.22001306342565022
52.0 98.0 0.25782589515460685
52.0 100.0 0.28288235673437695
52.0 102.0 0.31390157213969944
52.0 104.0 0.37927953502985806
52.0 106.0 0.3533710593145743
52.0 108.0 0.3145849774347105
52.0 110.0 0.244136154249076
52.0 112.0 0.14775686356435455
52.0 114.0 0.06641897257133719
52.0 116.0 0.006444128767135436
52.0 118.0 0.0
52.0 120.0 0.0
52.0 122.0 0.0
52.0 124.0 0.0
52.0 126.0 0.0
54.0 0.0 0.0
54.0 2.0 0.08211484667811436
54.0 4.0 0.39591695529480164
54.0 6.0 0.4870338738098918
54.0 8.0 0.4702417336310362
54.0 10.0 0.3145490279173305
54.0 12.0 0.11677076136019982
54.0 14.0 0.0
54.0 16.0 0.0
54.0 18.0 0.0
54.0 20.0 0.0
54.0 22.0 0.0
54.0 24.0 0.0
54.0 26.0 0.0
54.0 28.0 0.0
54.0 30.0 0.0
54.0 32.0 0.0
54.0 34.0 0.0
54.0 36.0 0.0
54.0 38.0 0.0
54.0 40.0 2.4463891885036026E-4
54.0 42.0 0.009825581307032545
54.0 44.0 0.021271092704903
54.0 46.0 0.03400025754266555
54.0 48.0 0.025666624055582215
54.0 50.0 0.028239109149543803
54.0 52.0 0.053494077181294564
54.0 54.0 0.11460317590803008
54.0 56.0 0.13385182791831446
54.0 58.0 0.11980427817572988
54.0 60.0 0.11418970622429118
54.0 62.0 0.12384020915163656
54.0 64.0 0.11462765624048493
54.0 66.0 0.09496900404306984
54.0 68.0 0.06280073606047924
54.0 70.0 0.0
54.0 72.0 0.0
54.0 74.0 0.0
54.0 76.0 0.0
54.0 78.0 0.0
54.0 80.0 0.0
54.0 82.0 0.0
54.0 84.0 0.0
54.0 86.0 0.0
54.0 88.0 0.0
54.0 90.0 3.8300735318050886E-4
54.0 92.0 0.034190699874648484
54.0 94.0 0.11629320797107312
54.0 96.0 0.17443618942200945
54.0 98.0 0.22433566874379027
54.0 100.0 0.26188322789019153
54.0 102.0 0.29474989978348226
54.0 104.0 0.36392912194780935
54.0 106.0 0.3537948988289012
54.0 108.0 0.36861138328171283
54.0 110.0 0.3459698356115364
54.0 112.0 0.2439910987488634
54.0 114.0 0.12101514875368985
54.0 116.0 0.029918980421105117
54.0 118.0 0.0
54.0 120.0 0.0
54.0 122.0 0.0
54.0 124.0 0.0
54.0 126.0 0.0
56.0 0.0 0.0
56.0 2.0 0.23359488829122785
56.0 4.0 0.5042155372927105
56.0 6.0 0.5104443264164626
56.0 8.0 0.4523065633696692
56.0 10.0 0.28654645753108576
56.0 12.0 0.09807204053650619
56.0 14.0 0.0
56.0 16.0 0.0
56.0 18.0 0.0
56.0 20.0 0.0
56.0 22.0 0.0
56.0 24.0 0.0
56.0 26.0 0.0
56.0 28.0 0.0
56.0 30.0 0.0
56.0 32.0 0.0
56.0 34.0 0.0
56.0 36.0 0.0
56.0 38.0 0.0
56.0 40.0 0.0024931382660158185
56.0 42.0 0.00805293293355718
56.0 44.0 0.01225340763806373
56.0 46.0 0.01975546519739368
56.0 48.0 0.012333055243835614
56.0 50.0 0.015197050291922034
56.0 52.0 0.06672054986043895
56.0 54.0 0.16833165468805167
56.0 56.0 0.21558868110299698
56.0 58.0 0.2301765116527026
56.0 60.0 0.20449211436439904
56.0 62.0 0.21402912533573226
56.0 64.0 0.2082973967167948
56.0 66.0 0.18919254207184752
56.0 68.0 0.17145703794601755
56.0 70.0 0.061038029558382834
56.0 72.0 0.0
56.0 74.0 0.0
56.0 76.0 0.0
56.0 78.0 0.0
56.0 80.0 0.0
56.0 82.0 0.0
56.0 84.0 0.0
56.0 86.0 0.0
56.0 88.0 0.0
56.0 90.0 0.0
56.0 92.0 0.0
56.0 94.0 0.025973466540484935
56.0 96.0 0.09746448231995596
56.0 98.0 0.16406681423231106
56.0 100.0 0.21777833109646508
56.0 102.0 0.26238283662152895
56.0 104.0 0.3027636806029424
56.0 106.0 0.3895738454638571
56.0 108.0 0.37418445813435225
56.0 110.0 0.38037329575433493
56.0 112.0 0.2994131642419627
56.0 114.0 0.1684951810258427
56.0 116.0 0.050959513015421065
56.0 118.0 0.0
56.0 120.0 0.0
56.0 122.0 0.0
56.0 124.0 0.0
56.0 126.0 0.0
58.0 0.0 0.0
58.0 2.0 0.25612627745988364
58.0 4.0 0.4881822100224786
58.0 6.0 0.5091947994623901
58.0 8.0 0.4036574542898643
58.0 10.0 0.22755087740263347
58.0 12.0 0.054897108222025315
58.0 14.0 0.0
58.0 16.0 0.0
58.0 18.0 0.0
58.0 20.0 0.0
58.0 22.0 0.0
58.0 24.0 0.0
58.0 26.0 0.0
58.0 28.0 0.0
58.0 30.0 0.0
58.0 32.0 0.0
58.0 34.0 0.0
58.0 36.0 0.0
58.0 38.0 0.0
58.0 40.0 0.0025523366449279965
58.0 42.0 0.006473388395924727
58.0 44.0 0.008473266897533862
58.0 46.0 0.00954456900458857
58.0 48.0 0.007348620594580375
58.0 50.0 0.01868091046034882
58.0 52.0 0.10226088502192791
58.0 54.0 0.21690630674652153
58.0 56.0 0.28558308761032586
58.0 58.0 0.31923727538813584
58.0 60.0 0.341335664889334
58.0 62.0 0.304792431813016
58.0 64.0 0.30425356894692585
58.0 66.0 0.2873549634575328
58.0 68.0 0.2533090443462485
58.0 70.0 0.17581247567017433
58.0 72.0 0.03597316058039473
58.0 74.0 0.0
58.0 76.0 0.0
58.0 78.0 0.0
58.0 80.0 0.0
58.0 82.0 0.0
58.0 84.0 0.0
58.0 86.0 0.0
58.0 88.0 0.0
58.0 90.0 0.0
58.0 92.0 0.0
58.0 94.0 1.1269704214653597E-4
58.0 96.0 0.03174449977037339
58.0 98.0 0.11026900484187145
58.0 100.0 0.18223030974906815
58.0 102.0 0.23715173710405182
58.0 104.0 0.2781847657852446
58.0 106.0 0.35581643819642356
58.0 108.0 0.3541239077649489
58.0 110.0 0.37546422544114605
58.0 112.0 0.3101154949335732
58.0 114.0 0.19354927791441134
58.0 116.0 0.07286327425153369
58.0 118.0 0.0044555543724806015
58.0 120.0 0.0
58.0 122.0 0.0
58.0 124.0 0.0
58.0 126.0 0.0
60.0 0.0 0.0
60.0 2.0 0.271046946954926
60.0 4.0 0.4571462376666416
60.0 6.0 0.45086256418929466
60.0 8.0 0.34699904928148534
60.0 10.0 0.15444675592128118
60.0 12.0 0.023984135723063956
60.0 14.0 0.0
60.0 16.0 0.0
60.0 18.0 0.0
60.0 20.0 0.0
60.0 22.0 0.0
60.0 24.0 0.0
60.0 26.0 0.0
60.0 28.0 0.0
60.0 30.0 0.0
60.0 32.0 0.0
60.0 34.0 0.0
60.0 36.0 0.0
60.0 38.0 0.0
60.0 40.0 0.0023885468784227296
60.0 42.0 0.004340540917838154
60.0 44.0 0.005044907250495772
60.0 46.0 0.0062052404845748905
60.0 48.0 0.008158762268252967
60.0 50.0 0.03660678768912917
60.0 52.0 0.13878360612631102
60.0 54.0 0.24976629223848337
60.0 56.0 0.32538668247937347
60.0 58.0 0.37490221160301757
60.0 60.0 0.4093191617258589
60.0 62.0 0.42105468311855293
60.0 64.0 0.3825922761149845
60.0 66.0 0.3629707346179887
60.0 68.0 0.31933503377214584
60.0 70.0 0.23757510931626202
60.0 72.0 0.11395641227165047
60.0 74.0 0.00957774349595468
60.0 76.0 0.0
60.0 78.0 0.0
60.0 80.0 0.0
60.0 82.0 0.0
60.0 84.0 0.0
60.0 86.0 0.0
60.0 88.0 0.0
60.0 90.0 0.0
60.0 92.0 0.0
60.0 94.0 0.0
60.0 96.0 3.4650084135716386E-4
60.0 98.0 0.03204964570258784
60.0 100.0 0.10945922197746023
60.0 102.0 0.18001080179696494
60.0 104.0 0.23482432923551108
60.0 106.0 0.27558867717883656
60.0 108.0 0.35144089117760074
60.0 110.0 0.32173482310272117
60.0 112.0 0.2636333505056399
60.0 114.0 0.17324180511071588
60.0 116.0 0.07579724909953796
60.0 118.0 0.01007768229439999
60.0 120.0 0.0
60.0 122.0 0.0
60.0 124.0 0.0
60.0 126.0 0.0
62.0 0.0 0.0
62.0 2.0 0.31004474471411125
62.0 4.0 0.4344566179056015
62.0 6.0 0.3922975507718898
62.0 8.0 0.2679712375885753
62.0 10.0 0.09015606490439164
62.0 12.0 0.0037667514901942294
62.0 14.0 0.0
62.0 16.0 0.0
62.0 18.0 0.0
62.0 20.0 0.0
62.0 22.0 0.0
62.0 24.0 0.0
62.0 26.0 0.0
62.0 28.0 0.0
62.0 30.0 0.0
62.0 32.0 0.0
62.0 34.0 0.0
62.0 36.0 0.0
62.0 38.0 0.0015182632882207241
62.0 40.0 0.001662846363056291
62.0 42.0 3.1559234692209387E-4
62.0 44.0 3.4004304484805425E-4
62.0 46.0 0.0053535158507084825
62.0 48.0 0.028521872669782598
62.0 50.0 0.068078274963506
62.0 52.0 0.15964254356948748
62.0 54.0 0.26342891257288603
62.0 56.0 0.34593066014909546
62.0 58.0 0.40658824098507473
62.0 60.0 0.44792270438286136
62.0 62.0 0.46709920097182406
62.0 64.0 0.4361109888247057
62.0 66.0 0.4150906727567219
62.0 68.0 0.36798861555146933
62.0 70.0 0.2821645634116511
62.0 72.0 0.15066280334004792
62.0 74.0 0.03001398986504375
62.0 76.0 0.0
62.0 78.0 0.0
62.0 80.0 0.0
62.0 82.0 0.0
62.0 84.0 0.0
62.0 86.0 0.0
62.0 88.0 0.0
62.0 90.0 0.0
62.0 92.0 0.0
62.0 94.0 0.0
62.0 96.0 0.0
62.0 98.0 6.445197714934416E-4
62.0 100.0 0.02671155743509128
62.0 102.0 0.10474992172297236
62.0 104.0 0.17130099139755142
62.0 106.0 0.21964421247291763
62.0 108.0 0.2769957307426087
62.0 110.0 0.25727226551470966
62.0 112.0 0.22054075425519562
62.0 114.0 0.15504231470756394
62.0 116.0 0.08125879096971793
62.0 118.0 0.01857718768352128
62.0 120.0 0.0
62.0 122.0 0.0
62.0 124.0 0.0
62.0 126.0 0.0
64.0 0.0 0.0
64.0 2.0 0.3473478543837329
64.0 4.0 0.4258152123887766
64.0 6.0 0.34244906517068135
64.0 8.0 0.19193690459453835
64.0 10.0 0.03675301980007888
64.0 12.0 0.0
64.0 14.0 0.0
64.0 16.0 0.0
64.0 18.0 0.0
64.0 20.0 0.0
64.0 22.0 0.0
64.0 24.0 0.0
64.0 26.0 0.0
64.0 28.0 0.0
64.0 30.0 0.0
64.0 32.0 0.0
64.0 34.0 0.0
64.0 36.0 0.0019613212242936703
64.0 38.0 0.002298045897751631
64.0 40.0 4.079390141655827E-4
64.0 42.0 0.0
64.0 44.0 0.0
64.0 46.0 0.0035184240590676063
64.0 48.0 0.027347453198341278
64.0 50.0 0.09164502178317312
64.0 52.0 0.1705852015978008
64.0 54.0 0.2675193050534582
64.0 56.0 0.35490387558903175
64.0 58.0 0.4218940930016987
64.0 60.0 0.4667342277584465
64.0 62.0 0.4893625214272779
64.0 64.0 0.47193574329293514
64.0 66.0 0.43080846331430905
64.0 68.0 0.379527130336936
64.0 70.0 0.2953913033422464
64.0 72.0 0.16879825444540117
64.0 74.0 0.03518797372140676
64.0 76.0 0.0
64.0 78.0 0.0
64.0 80.0 0.0
64.0 82.0 0.0
64.0 84.0 0.0
64.0 86.0 0.0
64.0 88.0 0.0
64.0 90.0 0.0
64.0 92.0 0.0
64.0 94.0 0.0
64.0 96.0 0.0
64.0 98.0 0.0
64.0 100.0 0.001165853275881433
64.0 102.0 0.02864983075201996
64.0 104.0 0.09936099400535693
64.0 106.0 0.1519136105979356
64.0 108.0 0.1814261987681077
64.0 110.0 0.18794278978623702
64.0 112.0 0.17126767921582686
64.0 114.0 0.13185967748572475
64.0 116.0 0.08314558788956976
64.0 118.0 0.038363391166137094
64.0 120.0 0.008045835971069072
64.0 122.0 0.0
64.0 124.0 0.0
64.0 126.0 0.0
66.0 0.0 0.0
66.0 2.0 0.3943301745784995
66.0 4.0 0.3797036746291866
66.0 6.0 0.27681490196619896
66.0 8.0 0.13534422567347834
66.0 10.0 0.007179207392875184
66.0 12.0 0.0
66.0 14.0 0.0
66.0 16.0 0.0
66.0 18.0 0.0
66.0 20.0 0.0
66.0 22.0 0.0
66.0 24.0 0.0
66.0 26.0 0.0
66.0 28.0 0.0
66.0 30.0 0.0
66.0 32.0 0.0
66.0 34.0 0.008580255695366865
66.0 36.0 0.01163469248742894
66.0 38.0 0.006177092184582007
66.0 40.0 0.0023953537509459645
66.0 42.0 7.592811754629129E-4
66.0 44.0 0.0017617834379611442
66.0 46.0 0.010893386351036963
66.0 48.0 0.044426382962702106
66.0 50.0 0.09738607097107777
66.0 52.0 0.17178329972172698
66.0 54.0 0.2679615541361064
66.0 56.0 0.3585267845935615
66.0 58.0 0.42798429552498224
66.0 60.0 0.47411661599699934
66.0 62.0 0.4981369751803286
66.0 64.0 0.4717048520391279
66.0 66.0 0.424398523154282
66.0 68.0 0.374830541961021
66.0 70.0 0.292599801779812
66.0 72.0 0.16680521037438611
66.0 74.0 0.03527359942761572
66.0 76.0 0.0
66.0 78.0 0.0
66.0 80.0 0.0
66.0 82.0 0.0
66.0 84.0 0.0
66.0 86.0 0.0
66.0 88.0 0.0
66.0 90.0 0.0
66.0 92.0 0.0
66.0 94.0 0.0
66.0 96.0 0.0
66.0 98.0 0.0
66.0 100.0 0.0
66.0 102.0 0.005967731760281636
66.0 104.0 0.03524474659282834
66.0 106.0 0.08208549614138654
66.0 108.0 0.11942697044391026
66.0 110.0 0.13182272533368425
66.0 112.0 0.1268456913245193
66.0 114.0 0.10366268364380443
66.0 116.0 0.07449369976203661
66.0 118.0 0.050507009115370975
66.0 120.0 0.03391992898105329
66.0 122.0 0.007792390896676049
66.0 124.0 0.0
66.0 126.0 0.0
68.0 0.0 0.0
68.0 2.0 0.4242044560921427
68.0 4.0 0.3262639458546544
68.0 6.0 0.21987860435106824
68.0 8.0 0.09792265401166804
68.0 10.0 0.002524875374907982
68.0 12.0 0.0
68.0 14.0 0.0
68.0 16.0 0.0
68.0 18.0 0.0
68.0 20.0 0.0
68.0 22.0 0.0
68.0 24.0 0.0
68.0 26.0 0.0
68.0 28.0 0.0
68.0 30.0 0.0
68.0 32.0 0.005031174073518464
68.0 34.0 0.027680963429443022
68.0 36.0 0.023473672542887996
68.0 38.0 0.015759372127734612
68.0 40.0 0.003969799553198033
68.0 42.0 0.0
68.0 44.0 8.032914092260548E-4
68.0 46.0 0.008355884031115734
68.0 48.0 0.03283879739222553
68.0 50.0 0.09390979013772434
68.0 52.0 0.17218329602717056
68.0 54.0 0.2658359669634766
68.0 56.0 0.35566822489498856
68.0 58.0 0.4250568725713868
68.0 60.0 0.47113968818402935
68.0 62.0 0.4949141117535388
68.0 64.0 0.4564364681749311
68.0 66.0 0.41173957888735807
68.0 68.0 0.36241503889873844
68.0 70.0 0.27927978827565597
68.0 72.0 0.15132066617982115
68.0 74.0 0.025914245028630465
68.0 76.0 0.0
68.0 78.0 0.0
68.0 80.0 0.0
68.0 82.0 0.0
68.0 84.0 0.0
68.0 86.0 0.0
68.0 88.0 0.0
68.0 90.0 0.0
68.0 92.0 0.0
68.0 94.0 0.0
68.0 96.0 0.0
68.0 98.0 0.0
68.0 100.0 0.0
68.0 102.0 0.0012198197373665053
68.0 104.0 0.01368254937627804
68.0 106.0 0.03812569885564551
68.0 108.0 0.07220009998384636
68.0 110.0 0.08806951681332026
68.0 112.0 0.09158857011396189
68.0 114.0 0.07977360954775024
68.0 116.0 0.0639523653467473
68.0 118.0 0.059908375136558806
68.0 120.0 0.050144438584499566
68.0 122.0 0.04382572717419347
68.0 124.0 0.05085626065216814
68.0 126.0 0.10074963229882188
70.0 0.0 0.0
70.0 2.0 0.4263092888865237
70.0 4.0 0.26482477232882257
70.0 6.0 0.16753271808951006
70.0 8.0 0.06955891718856963
70.0 10.0 0.004072971504283472
70.0 12.0 0.0
70.0 14.0 0.0
70.0 16.0 0.0
70.0 18.0 0.0
70.0 20.0 0.0
70.0 22.0 0.0
70.0 24.0 0.0
70.0 26.0 0.0
70.0 28.0 1.3980397556901707E-4
70.0 30.0 0.0036928083341364083
70.0 32.0 0.023987715555935082
70.0 34.0 0.024331743066962754
70.0 36.0 0.017339948875215477
70.0 38.0 0.009065943886437132
70.0 40.0 0.0021716058704961878
70.0 42.0 1.6247352329646435E-4
70.0 44.0 6.293973010660155E-4
70.0 46.0 0.00854464762996384
70.0 48.0 0.03178986130972896
70.0 50.0 0.0927773591000887
70.0 52.0 0.17046370779718445
70.0 54.0 0.26105022197891603
70.0 56.0 0.34966014117882244
70.0 58.0 0.41848939630083287
70.0 60.0 0.46360605733341
70.0 62.0 0.4854770878720917
70.0 64.0 0.43011100819614084
70.0 66.0 0.3918254905194846
70.0 68.0 0.3388001143588746
70.0 70.0 0.2526242297529237
70.0 72.0 0.12458178173391027
70.0 74.0 0.012655888078411165
70.0 76.0 0.0
70.0 78.0 0.0
70.0 80.0 0.0
70.0 82.0 0.0
70.0 84.0 0.0
70.0 86.0 0.0
70.0 88.0 0.0
70.0 90.0 0.0
70.0 92.0 0.0
70.0 94.0 0.0
70.0 96.0 0.0
70.0 98.0 0.0
70.0 100.0 0.0
70.0 102.0 0.0
70.0 104.0 0.0031857501239822197
70.0 106.0 0.018100201877087514
70.0 108.0 0.0437411652390271
70.0 110.0 0.056762571928005545
70.0 112.0 0.06319785554909997
70.0 114.0 0.05751601653096016
70.0 116.0 0.05348931989979703
70.0 118.0 0.050887384570435235
70.0 120.0 0.05480886923892154
70.0 122.0 0.06722072970330097
70.0 124.0 0.11132620939225087
70.0 126.0 0.2145954095657351
72.0 0.0 0.0
72.0 2.0 0.3772870341121159
72.0 4.0 0.20216921904178545
72.0 6.0 0.12041075718802165
72.0 8.0 0.04592243948107643
72.0 10.0 0.004868122411960152
72.0 12.0 0.0
72.0 14.0 0.0
72.0 16.0 0.0
72.0 18.0 0.0
72.0 20.0 0.0
72.0 22.0 0.0
72.0 24.0 0.0
72.0 26.0 4.4241530160756275E-4
72.0 28.0 0.003431707696284826
72.0 30.0 0.014317042147154527
72.0 32.0 0.040851168673856436
72.0 34.0 0.033472825956622855
72.0 36.0 0.022534620389495774
72.0 38.0 0.005942447288923254
72.0 40.0 5.225809981250672E-4
72.0 42.0 0.0
72.0 44.0 0.0
72.0 46.0 0.0031662772571361742
72.0 48.0 0.026135192206035506
72.0 50.0 0.09124949385147367
72.0 52.0 0.16492995902515037
72.0 54.0 0.25315189524385967
72.0 56.0 0.34060121220378936
72.0 58.0 0.40879827109396194
72.0 60.0 0.45265452502814313
72.0 62.0 0.46974634090565565
72.0 64.0 0.3952743650012383
72.0 66.0 0.36245057197914354
72.0 68.0 0.3063001816139089
72.0 70.0 0.21274630693076602
72.0 72.0 0.08650287313995086
72.0 74.0 1.952141247689397E-5
72.0 76.0 0.0
72.0 78.0 0.0
72.0 80.0 0.0
72.0 82.0 0.0
72.0 84.0 0.0
72.0 86.0 0.0
72.0 88.0 0.0
72.0 90.0 0.0
72.0 92.0 0.0
72.0 94.0 0.0
72.0 96.0 0.0
72.0 98.0 0.0
72.0 100.0 0.0
72.0 102.0 0.004185089707920239
72.0 104.0 0.014837367118256173
72.0 106.0 0.02322745851264471
72.0 108.0 0.030117669854214036
72.0 110.0 0.03556101663956563
72.0 112.0 0.04015791096707714
72.0 114.0 0.04206568427111849
72.0 116.0 0.039006677008064046
72.0 118.0 0.04044441976689203
72.0 120.0 0.05164245087203565
72.0 122.0 0.07144915203396006
72.0 124.0 0.1412815516903059
72.0 126.0 0.2781293248729056
74.0 0.0 0.0
74.0 2.0 0.2952032871080945
74.0 4.0 0.14197314372051092
74.0 6.0 0.07454376003623932
74.0 8.0 0.018406971055693545
74.0 10.0 0.0025726059989555987
74.0 12.0 0.0
74.0 14.0 0.0
74.0 16.0 0.0
74.0 18.0 0.0
74.0 20.0 0.0
74.0 22.0 0.0
74.0 24.0 0.0010649497616391662
74.0 26.0 0.006421054935541144
74.0 28.0 0.016230328113560035
74.0 30.0 0.03418129669953978
74.0 32.0 0.03316018149976457
74.0 34.0 0.024608411100869015
74.0 36.0 0.015030249820369207
74.0 38.0 0.004062214005703019
74.0 40.0 0.0
74.0 42.0 0.0
74.0 44.0 0.0
74.0 46.0 0.0
74.0 48.0 0.00847923761463077
74.0 50.0 0.06361794271065362
74.0 52.0 0.15095776503737565
74.0 54.0 0.24043948781613536
74.0 56.0 0.32752919613115894
74.0 58.0 0.39313899489320686
74.0 60.0 0.4328117912497451
74.0 62.0 0.44120498630748145
74.0 64.0 0.3555811877234294
74.0 66.0 0.3224921101989219
74.0 68.0 0.25915136023305735
74.0 70.0 0.155123363666037
74.0 72.0 0.03489141577011811
74.0 74.0 0.0
74.0 76.0 0.0
74.0 78.0 0.0
74.0 80.0 0.0
74.0 82.0 0.0
74.0 84.0 0.0
74.0 86.0 0.0
74.0 88.0 0.0
74.0 90.0 0.0
74.0 92.0 0.0
74.0 94.0 0.0
74.0 96.0 0.0
74.0 98.0 0.0
74.0 100.0 0.003964780417478
74.0 102.0 0.015485910617797612
74.0 104.0 0.022906022877158556
74.0 106.0 0.02358360476740078
74.0 108.0 0.022163969967630256
74.0 110.0 0.0205851191619951
74.0 112.0 0.022101772676559137
74.0 114.0 0.024513505213515807
74.0 116.0 0.025287599380210076
74.0 118.0 0.026157314636116633
74.0 120.0 0.038940182317225604
74.0 122.0 0.060109425241059694
74.0 124.0 0.1315219130437161
74.0 126.0 0.2863354367127957
76.0 0.0 0.0
76.0 2.0 0.1815891022637169
76.0 4.0 0.07577823697209182
76.0 6.0 0.024184908997344493
76.0 8.0 0.004885699929019009
76.0 10.0 0.0
76.0 12.0 0.0
76.0 14.0 0.0
76.0 16.0 0.0
76.0 18.0 0.0
76.0 20.0 0.0
76.0 22.0 0.0026649345343840677
76.0 24.0 0.012437447564057817
76.0 26.0 0.034456535750190136
76.0 28.0 0.05544641961966376
76.0 30.0 0.05482642895378165
76.0 32.0 0.03887110745533154
76.0 34.0 0.017777805771836543
76.0 36.0 0.003719851239055614
76.0 38.0 0.0
76.0 40.0 0.0
76.0 42.0 0.0
76.0 44.0 0.0
76.0 46.0 0.0
76.0 48.0 0.004372110819027045
76.0 50.0 0.06389794847255238
76.0 52.0 0.14052811827446057
76.0 54.0 0.21632115045549472
76.0 56.0 0.3008172815549886
76.0 58.0 0.36154261454436815
76.0 60.0 0.39472873430267597
76.0 62.0 0.3813393472460968
76.0 64.0 0.3040258066983263
76.0 66.0 0.2638138712532919
76.0 68.0 0.18911348174648335
76.0 70.0 0.07853585579189765
76.0 72.0 0.0
76.0 74.0 0.0
76.0 76.0 0.0
76.0 78.0 0.0
76.0 80.0 0.0
76.0 82.0 0.0
76.0 84.0 0.0
76.0 86.0 0.0
76.0 88.0 0.0
76.0 90.0 0.0
76.0 92.0 0.0
76.0 94.0 0.0
76.0 96.0 0.0
76.0 98.0 0.007077548416872859
76.0 100.0 0.027036830912382497
76.0 102.0 0.038689363240090806
76.0 104.0 0.03615615600362046
76.0 106.0 0.027059516756559848
76.0 108.0 0.015489412498729677
76.0 110.0 0.00898292347913404
76.0 112.0 0.007068391543938892
76.0 114.0 0.007159249956125799
76.0 116.0 0.006105756884254299
76.0 118.0 0.006402921799860072
76.0 120.0 0.017492929347792688
76.0 122.0 0.03732019542116729
76.0 124.0 0.09217312044581506
76.0 126.0 0.0
78.0 0.0 0.0
78.0 2.0 0.06736673893990681
78.0 4.0 0.02041597724549535
78.0 6.0 0.006515163416511034
78.0 8.0 0.0
78.0 10.0 0.0
78.0 12.0 0.0
78.0 14.0 0.0
78.0 16.0 0.0
78.0 18.0 0.0
78.0 20.0 0.004044201503310769
78.0 22.0 0.02221629383615037
78.0 24.0 0.04924208073586334
78.0 26.0 0.09749698335804236
78.0 28.0 0.11196334642477339
78.0 30.0 0.09348983181127081
78.0 32.0 0.05369197876060175
78.0 34.0 0.010413941163981994
78.0 36.0 0.0
78.0 38.0 0.0
78.0 40.0 0.0
78.0 42.0 0.0
78.0 44.0 0.0
78.0 46.0 0.0
78.0 48.0 0.004144564031946004
78.0 50.0 0.04263943632375567
78.0 52.0 0.10433584692159019
78.0 54.0 0.17634808513384773
78.0 56.0 0.24952058687572112
78.0 58.0 0.30009029637717627
78.0 60.0 0.32203943756512066
78.0 62.0 0.2725615875294884
78.0 64.0 0.23113155018593226
78.0 66.0 0.17678779554963872
78.0 68.0 0.0916373743316795
78.0 70.0 0.004816826658512576
78.0 72.0 0.0
78.0 74.0 0.0
78.0 76.0 0.0
78.0 78.0 0.0
78.0 80.0 0.0
78.0 82.0 0.0
78.0 84.0 0.0
78.0 86.0 0.0
78.0 88.0 0.0
78.0 90.0 0.0
78.0 92.0 0.0
78.0 94.0 0.0019541621451480144
78.0 96.0 0.024136542989366152
78.0 98.0 0.06571131581242456
78.0 100.0 0.08109598269465994
78.0 102.0 0.07444657663572715
78.0 104.0 0.048863029380464225
78.0 106.0 0.020923174214867512
78.0 108.0 0.0044623259560988586
78.0 110.0 1.3319273622341242E-4
78.0 112.0 0.0
78.0 114.0 0.0
78.0 116.0 0.0
78.0 118.0 0.0
78.0 120.0 0.0
78.0 122.0 0.00349914794422407
78.0 124.0 0.03057087731280435
78.0 126.0 0.0
80.0 0.0 0.0
80.0 2.0 0.0
80.0 4.0 0.013238074242503416
80.0 6.0 0.0
80.0 8.0 0.0
80.0 10.0 0.0
80.0 12.0 0.0
80.0 14.0 0.0
80.0 16.0 0.0
80.0 18.0 0.0015756512812758559
80.0 20.0 0.022723238970360656
80.0 22.0 0.08144063669931637
80.0 24.0 0.13410136992252206
80.0 26.0 0.17175449257332975
80.0 28.0 0.1800245998028953
80.0 30.0 0.16355535076130326
80.0 32.0 0.07802522244426789
80.0 34.0 0.006573635118059797
80.0 36.0 0.0
80.0 38.0 0.0
80.0 40.0 0.0
80.0 42.0 0.0
80.0 44.0 0.0
80.0 46.0 0.0
80.0 48.0 0.002438908853484779
80.0 50.0 0.013476070214511608
80.0 52.0 0.044754325198204464
80.0 54.0 0.10169933919478465
80.0 56.0 0.1584723071730698
80.0 58.0 0.19753184104721985
80.0 60.0 0.19617256819112558
80.0 62.0 0.160805104725693
80.0 64.0 0.12653032346888218
80.0 66.0 0.07717826468231387
80.0 68.0 0.011365243913928421
80.0 70.0 0.0
80.0 72.0 0.0
80.0 74.0 0.0
80.0 76.0 0.0
80.0 78.0 0.0
80.0 80.0 0.0
80.0 82.0 0.0
80.0 84.0 0.0
80.0 86.0 0.0
80.0 88.0 0.0
80.0 90.0 0.0020352008345198833
80.0 92.0 0.044748811663662263
80.0 94.0 0.11018861092422982
80.0 96.0 0.14808014682911183
80.0 98.0 0.15528477061202425
80.0 100.0 0.14165716919200771
80.0 102.0 0.10829689402908627
80.0 104.0 0.056016955352837856
80.0 106.0 0.006987579128719349
80.0 108.0 0.0
80.0 110.0 0.0
80.0 112.0 0.0
80.0 114.0 0.0
80.0 116.0 0.0
80.0 118.0 0.0
80.0 120.0 0.0
80.0 122.0 0.0
80.0 124.0 0.0
80.0 126.0 0.0
82.0 0.0 0.0
82.0 2.0 0.0
82.0 4.0 0.0
82.0 6.0 0.0
82.0 8.0 0.0
82.0 10.0 0.0
82.0 12.0 0.0
82.0 14.0 0.0
82.0 16.0 0.0
82.0 18.0 0.020582157773953887
82.0 20.0 0.09255033049383149
82.0 22.0 0.1902868727601638
82.0 24.0 0.24265605984493208
82.0 26.0 0.26502952925080575
82.0 28.0 0.269923986910703
82.0 30.0 0.22528994092388918
82.0 32.0 0.1320990659055932
82.0 34.0 0.009557112121362467
82.0 36.0 0.0
82.0 38.0 0.0
82.0 40.0 0.0
82.0 42.0 0.0
82.0 44.0 0.0
82.0 46.0 0.0
82.0 48.0 0.0
82.0 50.0 0.0
82.0 52.0 0.0
82.0 54.0 0.011177164292246633
82.0 56.0 0.0516880079208138
82.0 58.0 0.07439985027602686
82.0 60.0 0.0672868806813708
82.0 62.0 0.06327001591632435
82.0 64.0 0.038611776442349935
82.0 66.0 0.006518508679884029
82.0 68.0 3.185530333719203E-4
82.0 70.0 0.0
82.0 72.0 0.0
82.0 74.0 0.0
82.0 76.0 0.0
82.0 78.0 0.0
82.0 80.0 0.0
82.0 82.0 0.0
82.0 84.0 0.0
82.0 86.0 0.0037597015470586734
82.0 88.0 0.02812075596716265
82.0 90.0 0.14555758457429036
82.0 92.0 0.2475474505339624
82.0 94.0 0.25415210756192724
82.0 96.0 0.2683926790226567
82.0 98.0 0.25059326691317557
82.0 100.0 0.2087995231181844
82.0 102.0 0.14543752458364506
82.0 104.0 0.05992344458803612
82.0 106.0 0.0
82.0 108.0 0.0
82.0 110.0 0.0
82.0 112.0 0.0
82.0 114.0 0.0
82.0 116.0 0.0
82.0 118.0 0.0
82.0 120.0 0.0
82.0 122.0 0.0
82.0 124.0 0.0
82.0 126.0 0.0
84.0 0.0 0.0
84.0 2.0 0.0
84.0 4.0 0.0
84.0 6.0 0.0
84.0 8.0 0.0
84.0 10.0 0.0
84.0 12.0 0.0
84.0 14.0 0.0
84.0 16.0 0.011873471463629687
84.0 18.0 0.07973943833389772
84.0 20.0 0.20756659043251402
84.0 22.0 0.30225142747838246
84.0 24.0 0.3354708023529625
84.0 26.0 0.35844479894732134
84.0 28.0 0.39092537837481905
84.0 30.0 0.33421629458363067
84.0 32.0 0.20324982607767583
84.0 34.0 0.013018255228115573
84.0 36.0 0.0
84.0 38.0 0.0
84.0 40.0 0.0
84.0 42.0 0.0
84.0 44.0 0.0
84.0 46.0 0.0
84.0 48.0 0.0
84.0 50.0 0.0
84.0 52.0 0.0
84.0 54.0 0.0
84.0 56.0 0.0
84.0 58.0 0.003683083468039116
84.0 60.0 0.0035976610284178512
84.0 62.0 0.003262141849947331
84.0 64.0 0.002373056362816203
84.0 66.0 5.005318315415909E-4
84.0 68.0 0.0
84.0 70.0 0.0
84.0 72.0 0.0
84.0 74.0 0.0
84.0 76.0 0.0
84.0 78.0 5.744556983017724E-4
84.0 80.0 0.00829209203483724
84.0 82.0 0.020804657364198325
84.0 84.0 0.041138568989597175
84.0 86.0 0.09622666532474224
84.0 88.0 0.20652230548995112
84.0 90.0 0.3286735979414382
84.0 92.0 0.4049322489884251
84.0 94.0 0.42975276904160714
84.0 96.0 0.36264918785456296
84.0 98.0 0.33234098034389076
84.0 100.0 0.2801018160791315
84.0 102.0 0.19443263363117572
84.0 104.0 0.0760035498879038
84.0 106.0 0.0
84.0 108.0 0.0
84.0 110.0 0.0
84.0 112.0 0.0
84.0 114.0 0.0
84.0 116.0 0.0
84.0 118.0 0.0
84.0 120.0 0.0
84.0 122.0 0.0
84.0 124.0 0.0
84.0 126.0 0.0
86.0 0.0 0.0
86.0 2.0 0.0
86.0 4.0 0.0
86.0 6.0 0.0
86.0 8.0 0.0
86.0 10.0 0.0
86.0 12.0 0.0
86.0 14.0 0.0
86.0 16.0 0.044811131757101406
86.0 18.0 0.1900129479279331
86.0 20.0 0.31304020473751404
86.0 22.0 0.36355030888851353
86.0 24.0 0.3925739955941214
86.0 26.0 0.418667277708101
86.0 28.0 0.48513171896180585
86.0 30.0 0.421722503549818
86.0 32.0 0.27571925603759534
86.0 34.0 0.03926378929719268
86.0 36.0 0.0
86.0 38.0 0.0
86.0 40.0 0.0
86.0 42.0 0.0
86.0 44.0 0.0
86.0 46.0 0.0
86.0 48.0 0.0
86.0 50.0 0.0
86.0 52.0 0.0
86.0 54.0 0.0
86.0 56.0 0.0
86.0 58.0 0.0
86.0 60.0 0.0
86.0 62.0 0.0
86.0 64.0 0.0
86.0 66.0 0.0
86.0 68.0 0.0
86.0 70.0 0.0
86.0 72.0 0.0
86.0 74.0 0.0
86.0 76.0 0.0
86.0 78.0 0.004039210172298109
86.0 80.0 0.019928056299770777
86.0 82.0 0.04387576338381211
86.0 84.0 0.07962266604311741
86.0 86.0 0.16787265144892152
86.0 88.0 0.2898172768534495
86.0 90.0 0.38725339990594715
86.0 92.0 0.4317350316279504
86.0 94.0 0.4617102395930556
86.0 96.0 0.4600515292101353
86.0 98.0 0.4233500876343593
86.0 100.0 0.35107139733800463
86.0 102.0 0.24595025766838333
86.0 104.0 0.09787407870215475
86.0 106.0 0.0
86.0 108.0 0.0
86.0 110.0 0.0
86.0 112.0 0.0
86.0 114.0 0.0
86.0 116.0 0.0
86.0 118.0 0.0
86.0 120.0 0.0
86.0 122.0 0.0
86.0 124.0 0.0
86.0 126.0 0.0
88.0 0.0 0.0
88.0 2.0 0.0
88.0 4.0 0.0
88.0 6.0 0.0
88.0 8.0 0.0
88.0 10.0 0.0
88.0 12.0 0.0
88.0 14.0 0.006735317501418359
88.0 16.0 0.12116309808072388
88.0 18.0 0.28345940645953105
88.0 20.0 0.39430347094560564
88.0 22.0 0.4020494069938118
88.0 24.0 0.42661170327910036
88.0 26.0 0.44696883417131456
88.0 28.0 0.5101847381743917
88.0 30.0 0.4459339474308002
88.0 32.0 0.30339581266396537
88.0 34.0 0.08312555168943374
88.0 36.0 0.0
88.0 38.0 0.0
88.0 40.0 0.0
88.0 42.0 0.0
88.0 44.0 0.0
88.0 46.0 0.0
88.0 48.0 0.0
88.0 50.0 0.0
88.0 52.0 0.0
88.0 54.0 0.0
88.0 56.0 0.0
88.0 58.0 0.0
88.0 60.0 0.0
88.0 62.0 0.0
88.0 64.0 0.0
88.0 66.0 0.0
88.0 68.0 0.0
88.0 70.0 0.0
88.0 72.0 0.0
88.0 74.0 0.0
88.0 76.0 0.0037231691668165416
88.0 78.0 0.016884427239923464
88.0 80.0 0.039075086377024885
88.0 82.0 0.04972264932308318
88.0 84.0 0.09423250510969104
88.0 86.0 0.19100873346538158
88.0 88.0 0.3136128399198567
88.0 90.0 0.3638518289943135
88.0 92.0 0.3944733320365737
88.0 94.0 0.42130163404341664
88.0 96.0 0.42375071978698425
88.0 98.0 0.42126948784140567
88.0 100.0 0.43989220328498385
88.0 102.0 0.32089895630153875
88.0 104.0 0.1220041114896709
88.0 106.0 0.0
88.0 108.0 0.0
88.0 110.0 0.0
88.0 112.0 0.0
88.0 114.0 0.0
88.0 116.0 0.0
88.0 118.0 0.0
88.0 120.0 0.0
88.0 122.0 0.0
88.0 124.0 0.0
88.0 126.0 0.0
90.0 0.0 0.0
90.0 2.0 0.0
90.0 4.0 0.0
90.0 6.0 0.0
90.0 8.0 0.0
90.0 10.0 0.0
90.0 12.0 0.0
90.0 14.0 0.019668832890277287
90.0 16.0 0.18605110497117197
90.0 18.0 0.35581169360990317
90.0 20.0 0.4446317949891367
90.0 22.0 0.42463279252906494
90.0 24.0 0.44920698251785246
90.0 26.0 0.4635968377794692
90.0 28.0 0.48535447769707174
90.0 30.0 0.42369713877902354
90.0 32.0 0.29193305159427313
90.0 34.0 0.10214584758944067
90.0 36.0 0.0
90.0 38.0 0.0
90.0 40.0 0.0
90.0 42.0 0.0
90.0 44.0 0.0
90.0 46.0 0.0
90.0 48.0 0.0
90.0 50.0 0.0
90.0 52.0 0.0
90.0 54.0 0.0
90.0 56.0 0.0
90.0 58.0 0.0
90.0 60.0 0.0
90.0 62.0 0.0
90.0 64.0 0.0
90.0 66.0 0.0
90.0 68.0 0.0
90.0 70.0 0.0
90.0 72.0 0.0
90.0 74.0 0.0
90.0 76.0 0.002405628815891611
90.0 78.0 0.01497111628567416
90.0 80.0 0.04335609698184331
90.0 82.0 0.04881839752847527
90.0 84.0 0.08589018147292517
90.0 86.0 0.18385304183743115
90.0 88.0 0.30564656588843975
90.0 90.0 0.36346555416404613
90.0 92.0 0.3831846266089863
90.0 94.0 0.4125144163749626
90.0 96.0 0.42372326757120926
90.0 98.0 0.4825013327275616
90.0 100.0 0.4688598542224458
90.0 102.0 0.38019968204098636
90.0 104.0 0.1614797628776425
90.0 106.0 0.001701457461009169
90.0 108.0 0.0
90.0 110.0 0.0
90.0 112.0 0.0
90.0 114.0 0.0
90.0 116.0 0.0
90.0 118.0 0.0
90.0 120.0 0.0
90.0 122.0 0.0
90.0 124.0 0.0
90.0 126.0 0.0
92.0 0.0 0.0
92.0 2.0 0.0
92.0 4.0 0.0
92.0 6.0 0.0
92.0 8.0 0.0
92.0 10.0 0.0
92.0 12.0 0.0
92.0 14.0 0.0164604710213146
92.0 16.0 0.19707319055080688
92.0 18.0 0.3845016029476591
92.0 20.0 0.4733123196519802
92.0 22.0 0.42911372263362396
92.0 24.0 0.4515029344240415
92.0 26.0 0.4662697415231373
92.0 28.0 0.48026312435348456
92.0 30.0 0.4067730225911345
92.0 32.0 0.27084396993157783
92.0 34.0 0.09349804391998019
92.0 36.0 0.0
92.0 38.0 0.0
92.0 40.0 0.0
92.0 42.0 0.0
92.0 44.0 0.0
92.0 46.0 0.0
92.0 48.0 0.0
92.0 50.0 0.0
92.0 52.0 0.0
92.0 54.0 0.0
92.0 56.0 0.0
92.0 58.0 0.0
92.0 60.0 5.746923562558059E-4
92.0 62.0 0.0011912003848400822
92.0 64.0 6.124448855152364E-4
92.0 66.0 0.0
92.0 68.0 0.0
92.0 70.0 0.0
92.0 72.0 0.0
92.0 74.0 0.0
92.0 76.0 0.0010088740633757488
92.0 78.0 0.010116159557250202
92.0 80.0 0.03378174790155234
92.0 82.0 0.040675379023425835
92.0 84.0 0.08423778510284104
92.0 86.0 0.15818797025224632
92.0 88.0 0.26818219847552105
92.0 90.0 0.3507895416872819
92.0 92.0 0.3706066706118733
92.0 94.0 0.40619720496220196
92.0 96.0 0.4194411315781932
92.0 98.0 0.4411778216480285
92.0 100.0 0.4886555090229876
92.0 102.0 0.4105939811453971
92.0 104.0 0.2130696201153366
92.0 106.0 0.005914725156953443
92.0 108.0 0.0
92.0 110.0 0.0
92.0 112.0 0.0
92.0 114.0 0.0
92.0 116.0 0.0
92.0 118.0 0.0
92.0 120.0 0.0
92.0 122.0 0.0
92.0 124.0 0.0
92.0 126.0 0.0
94.0 0.0 0.0
94.0 2.0 0.0
94.0 4.0 0.0
94.0 6.0 0.0
94.0 8.0 0.0
94.0 10.0 0.0
94.0 12.0 0.0
94.0 14.0 0.0443486994721878
94.0 16.0 0.2447124319626459
94.0 18.0 0.417453494997403
94.0 20.0 0.5039005852407074
94.0 22.0 0.4555748198273653
94.0 24.0 0.4423900264618203
94.0 26.0 0.4483566987180492
94.0 28.0 0.42186728229056314
94.0 30.0 0.37923574669694443
94.0 32.0 0.24011702736106635
94.0 34.0 0.0746797684207628
94.0 36.0 0.0
94.0 38.0 0.0
94.0 40.0 0.0
94.0 42.0 0.0
94.0 44.0 0.0
94.0 46.0 0.0
94.0 48.0 0.0
94.0 50.0 0.0
94.0 52.0 0.0
94.0 54.0 0.0
94.0 56.0 0.0
94.0 58.0 8.941737832391243E-4
94.0 60.0 0.0071553921671223325
94.0 62.0 0.010302124285135378
94.0 64.0 0.006672836411413037
94.0 66.0 0.0013118833746691594
94.0 68.0 0.0
94.0 70.0 0.0
94.0 72.0 0.0
94.0 74.0 0.0
94.0 76.0 0.0
94.0 78.0 0.0015205183208193832
94.0 80.0 0.014239282216384165
94.0 82.0 0.023722137513088614
94.0 84.0 0.059357606309300516
94.0 86.0 0.12062872480005309
94.0 88.0 0.22172942573734514
94.0 90.0 0.322467988882213
94.0 92.0 0.37119207226965784
94.0 94.0 0.4012803089928356
94.0 96.0 0.4198397090201526
94.0 98.0 0.4362207532629225
94.0 100.0 0.4819115127303621
94.0 102.0 0.41518819906508253
94.0 104.0 0.24253313212115124
94.0 106.0 0.016783838640793306
94.0 108.0 0.0
94.0 110.0 0.0
94.0 112.0 0.0
94.0 114.0 0.0
94.0 116.0 0.0
94.0 118.0 0.0
94.0 120.0 0.0
94.0 122.0 0.0
94.0 124.0 0.0
94.0 126.0 0.0
96.0 0.0 0.0
96.0 2.0 0.0
96.0 4.0 0.0
96.0 6.0 0.0
96.0 8.0 0.0
96.0 10.0 0.0
96.0 12.0 0.0
96.0 14.0 0.01427063200526367
96.0 16.0 0.18875060025114898
96.0 18.0 0.35308197535647484
96.0 20.0 0.46559740388575493
96.0 22.0 0.4687165685660945
96.0 24.0 0.43932736857870863
96.0 26.0 0.4279422398717177
96.0 28.0 0.39383185923815867
96.0 30.0 0.315415981214987
96.0 32.0 0.18728344489989035
96.0 34.0 0.051523956503931545
96.0 36.0 0.0
96.0 38.0 0.0
96.0 40.0 0.0
96.0 42.0 0.0
96.0 44.0 0.0
96.0 46.0 0.0
96.0 48.0 0.0
96.0 50.0 0.0
96.0 52.0 0.0
96.0 54.0 0.0
96.0 56.0 0.0
96.0 58.0 0.010876997590133095
96.0 60.0 0.03429915476196125
96.0 62.0 0.03617115848981991
96.0 64.0 0.02242191157189849
96.0 66.0 0.00582130823399054
96.0 68.0 0.0
96.0 70.0 0.0
96.0 72.0 0.0
96.0 74.0 0.0
96.0 76.0 0.0
96.0 78.0 0.0
96.0 80.0 0.0
96.0 82.0 0.004207190558654718
96.0 84.0 0.028858305177320177
96.0 86.0 0.08183724907463401
96.0 88.0 0.17047977652506652
96.0 90.0 0.2704970445652282
96.0 92.0 0.35316914453479203
96.0 94.0 0.39496015799272516
96.0 96.0 0.41589426336289975
96.0 98.0 0.419798908602561
96.0 100.0 0.4445053485006769
96.0 102.0 0.4098304627674008
96.0 104.0 0.2522092929665
96.0 106.0 0.03634937863865876
96.0 108.0 0.0
96.0 110.0 0.0
96.0 112.0 0.0
96.0 114.0 0.0
96.0 116.0 0.0
96.0 118.0 0.0
96.0 120.0 0.0
96.0 122.0 0.0
96.0 124.0 0.0
96.0 126.0 0.0
98.0 0.0 0.0
98.0 2.0 0.0
98.0 4.0 0.0
98.0 6.0 0.0
98.0 8.0 0.0
98.0 10.0 0.0
98.0 12.0 0.0
98.0 14.0 9.922902890693033E-4
98.0 16.0 0.1654899659448
98.0 18.0 0.3294861583060686
98.0 20.0 0.4409041457750425
98.0 22.0 0.45132476665437204
98.0 24.0 0.4086291105262326
98.0 26.0 0.3877574003976412
98.0 28.0 0.3471014530747329
98.0 30.0 0.26333515139114066
98.0 32.0 0.13559964243326098
98.0 34.0 0.023598707802280783
98.0 36.0 0.0
98.0 38.0 0.0
98.0 40.0 0.0
98.0 42.0 0.0
98.0 44.0 0.0
98.0 46.0 0.0
98.0 48.0 0.0
98.0 50.0 0.0
98.0 52.0 0.0
98.0 54.0 0.0
98.0 56.0 0.00834203256495855
98.0 58.0 0.05934242421899838
98.0 60.0 0.09702738299381874
98.0 62.0 0.09611446074510621
98.0 64.0 0.06730791987978325
98.0 66.0 0.01504032277639684
98.0 68.0 3.380369668039579E-4
98.0 70.0 0.0
98.0 72.0 0.0
98.0 74.0 0.0
98.0 76.0 0.0
98.0 78.0 0.0
98.0 80.0 0.0
98.0 82.0 0.0
98.0 84.0 0.0024651050276219898
98.0 86.0 0.022462301248814095
98.0 88.0 0.08985635598596207
98.0 90.0 0.2002820993518544
98.0 92.0 0.29420354636261825
98.0 94.0 0.35787564788706194
98.0 96.0 0.40030967073005486
98.0 98.0 0.44286204751554714
98.0 100.0 0.44431861941271894
98.0 102.0 0.38288399484461894
98.0 104.0 0.2629822141943794
98.0 106.0 0.06304585095581797
98.0 108.0 0.0
98.0 110.0 0.0
98.0 112.0 0.0
98.0 114.0 0.0
98.0 116.0 0.0
98.0 118.0 0.0
98.0 120.0 0.0
98.0 122.0 0.0
98.0 124.0 0.0
98.0 126.0 0.0
100.0 0.0 0.0
100.0 2.0 0.0
100.0 4.0 0.0
100.0 6.0 0.0
100.0 8.0 0.0
100.0 10.0 0.0
100.0 12.0 0.0
100.0 14.0 0.0
100.0 16.0 0.1698081583326981
100.0 18.0 0.34480560846373787
100.0 20.0 0.4192886671824115
100.0 22.0 0.40518656650132595
100.0 24.0 0.3869668147193242
100.0 26.0 0.36931686408676717
100.0 28.0 0.3059398821572468
100.0 30.0 0.1978822667923299
100.0 32.0 0.0638328495747638
100.0 34.0 0.0019323626339457188
100.0 36.0 0.0
100.0 38.0 0.0
100.0 40.0 0.0
100.0 42.0 0.0
100.0 44.0 0.0
100.0 46.0 0.0
100.0 48.0 0.0
100.0 50.0 0.0
100.0 52.0 0.0
100.0 54.0 0.008619899778070261
100.0 56.0 0.0815659602234443
100.0 58.0 0.145670461314614
100.0 60.0 0.1735177737289899
100.0 62.0 0.16614311750861274
100.0 64.0 0.12495158314459219
100.0 66.0 0.057187019727222344
100.0 68.0 0.0033902954345485068
100.0 70.0 0.0
100.0 72.0 0.0
100.0 74.0 0.0
100.0 76.0 0.0
100.0 78.0 0.0
100.0 80.0 0.0
100.0 82.0 0.0
100.0 84.0 0.0
100.0 86.0 0.003225682720028251
100.0 88.0 0.019067445645127887
100.0 90.0 0.0924357921154309
100.0 92.0 0.2171462211791915
100.0 94.0 0.32384707697628873
100.0 96.0 0.40288640140424176
100.0 98.0 0.4275216955602259
100.0 100.0 0.4170753179554601
100.0 102.0 0.3605850636056736
100.0 104.0 0.25148830887654045
100.0 106.0 0.11057308411592387
100.0 108.0 0.0
100.0 110.0 0.0
100.0 112.0 0.0
100.0 114.0 0.0
100.0 116.0 0.0
100.0 118.0 0.0
100.0 120.0 0.0
100.0 122.0 0.0
100.0 124.0 0.0
100.0 126.0 0.0
102.0 0.0 0.0
102.0 2.0 0.0
102.0 4.0 0.0
102.0 6.0 0.0
102.0 8.0 0.0
102.0 10.0 0.0
102.0 12.0 0.0
102.0 14.0 0.0
102.0 16.0 0.10429241598239293
102.0 18.0 0.29208978432981364
102.0 20.0 0.3799400245282431
102.0 22.0 0.3741832242902376
102.0 24.0 0.33513056256419843
102.0 26.0 0.29341933814976773
102.0 28.0 0.2131307291493979
102.0 30.0 0.09623774132029504
102.0 32.0 0.01240942323061846
102.0 34.0 0.0
102.0 36.0 0.0
102.0 38.0 0.0
102.0 40.0 0.0
102.0 42.0 0.0
102.0 44.0 0.0
102.0 46.0 0.0
102.0 48.0 0.0
102.0 50.0 0.0
102.0 52.0 0.009447357858277739
102.0 54.0 0.0965059267054101
102.0 56.0 0.18015148015716498
102.0 58.0 0.2311458469747422
102.0 60.0 0.25029698777179504
102.0 62.0 0.2363151329597899
102.0 64.0 0.18927664262265662
102.0 66.0 0.11271923052557581
102.0 68.0 0.023649287081088002
102.0 70.0 0.0
102.0 72.0 0.0
102.0 74.0 0.0
102.0 76.0 0.0
102.0 78.0 0.0
102.0 80.0 0.0
102.0 82.0 0.0
102.0 84.0 0.0
102.0 86.0 0.0
102.0 88.0 0.0
102.0 90.0 0.02011208075302075
102.0 92.0 0.13826204527030495
102.0 94.0 0.27051901916428733
102.0 96.0 0.3573013839896048
102.0 98.0 0.3917280709103637
102.0 100.0 0.3882045322147642
102.0 102.0 0.3432795460347961
102.0 104.0 0.2682794951286683
102.0 106.0 0.163355592400805
102.0 108.0 0.0
102.0 110.0 0.0
102.0 112.0 0.0
102.0 114.0 0.0
102.0 116.0 0.0
102.0 118.0 0.0
102.0 120.0 0.0
102.0 122.0 0.0
102.0 124.0 0.0
102.0 126.0 0.0
104.0 0.0 0.0
104.0 2.0 0.0
104.0 4.0 0.0
104.0 6.0 0.0
104.0 8.0 0.0
104.0 10.0 0.0
104.0 12.0 0.0
104.0 14.0 0.0
104.0 16.0 0.023209924004019455
104.0 18.0 0.24202264868647916
104.0 20.0 0.3175068445516153
104.0 22.0 0.34857058300070015
104.0 24.0 0.2562673312002152
104.0 26.0 0.1917527318720055
104.0 28.0 0.08614458937739285
104.0 30.0 1.0863318399336572E-5
104.0 32.0 0.0
104.0 34.0 0.0
104.0 36.0 0.0
104.0 38.0 0.0
104.0 40.0 0.0
104.0 42.0 0.0
104.0 44.0 0.0
104.0 46.0 0.0
104.0 48.0 0.0
104.0 50.0 0.007556993153269948
104.0 52.0 0.08909621630329567
104.0 54.0 0.18419663962678742
104.0 56.0 0.253096555275586
104.0 58.0 0.2930468173109056
104.0 60.0 0.3120016319506503
104.0 62.0 0.3622606808159579
104.0 64.0 0.28517191473337905
104.0 66.0 0.1578398271228901
104.0 68.0 0.04999256281591958
104.0 70.0 0.0
104.0 72.0 0.0
104.0 74.0 0.0
104.0 76.0 0.0
104.0 78.0 0.0
104.0 80.0 0.0
104.0 82.0 0.0
104.0 84.0 0.0
104.0 86.0 0.0
104.0 88.0 0.0
104.0 90.0 0.0012618669677471664
104.0 92.0 0.061834567008639124
104.0 94.0 0.19299254702670557
104.0 96.0 0.29266726677042376
104.0 98.0 0.35215893777764257
104.0 100.0 0.36814328612339137
104.0 102.0 0.34159197337606423
104.0 104.0 0.2956688139315672
104.0 106.0 0.23074461183494832
104.0 108.0 0.05277466765888738
104.0 110.0 0.0
104.0 112.0 0.0
104.0 114.0 0.0
104.0 116.0 0.0
104.0 118.0 0.0
104.0 120.0 0.0
104.0 122.0 0.0
104.0 124.0 0.0
104.0 126.0 0.0
106.0 0.0 0.0
106.0 2.0 0.0
106.0 4.0 0.0
106.0 6.0 0.0
106.0 8.0 0.0
106.0 10.0 0.0
106.0 12.0 0.0
106.0 14.0 0.0
106.0 16.0 0.0
106.0 18.0 0.18841857313215138
106.0 20.0 0.25180421219752447
106.0 22.0 0.2570116588913958
106.0 24.0 0.1608027477798287
106.0 26.0 0.0729839158084055
106.0 28.0 0.0
106.0 30.0 0.0
106.0 32.0 0.0
106.0 34.0 0.0
106.0 36.0 0.0
106.0 38.0 0.0
106.0 40.0 0.0
106.0 42.0 0.0
106.0 44.0 0.0
106.0 46.0 0.0
106.0 48.0 0.003295880136130084
106.0 50.0 0.07121831604849578
106.0 52.0 0.16576688945504758
106.0 54.0 0.2465674895045076
106.0 56.0 0.3016530725027672
106.0 58.0 0.33393081588728507
106.0 60.0 0.3489335574484869
106.0 62.0 0.4227738602572768
106.0 64.0 0.3433098231540499
106.0 66.0 0.21144685467798094
106.0 68.0 0.0517091305665919
106.0 70.0 0.0
106.0 72.0 0.0
106.0 74.0 0.0
106.0 76.0 0.0
106.0 78.0 0.0
106.0 80.0 0.0
106.0 82.0 0.0
106.0 84.0 0.0
106.0 86.0 0.0
106.0 88.0 0.0
106.0 90.0 0.0
106.0 92.0 0.007411571868703171
106.0 94.0 0.09215617997174909
106.0 96.0 0.22196088086498952
106.0 98.0 0.3120170339058497
106.0 100.0 0.3538945028385941
106.0 102.0 0.3489056355231452
106.0 104.0 0.3329332154961208
106.0 106.0 0.2952183553751279
106.0 108.0 0.14641543147316452
106.0 110.0 0.0
106.0 112.0 0.0
106.0 114.0 0.0
106.0 116.0 0.0
106.0 118.0 0.0
106.0 120.0 0.0
106.0 122.0 0.0
106.0 124.0 0.0
106.0 126.0 0.0
108.0 0.0 0.0
108.0 2.0 0.0
108.0 4.0 0.0
108.0 6.0 0.0
108.0 8.0 0.0
108.0 10.0 0.0
108.0 12.0 0.0
108.0 14.0 0.0
108.0 16.0 0.0
108.0 18.0 0.0
108.0 20.0 0.14173626810109147
108.0 22.0 0.09693557946296905
108.0 24.0 0.04307589344949372
108.0 26.0 0.0
108.0 28.0 0.0
108.0 30.0 0.0
108.0 32.0 0.0
108.0 34.0 0.0
108.0 36.0 0.0
108.0 38.0 0.0
108.0 40.0 0.0
108.0 42.0 0.0
108.0 44.0 0.0
108.0 46.0 0.0
108.0 48.0 0.019870841566467422
108.0 50.0 0.12515342081698724
108.0 52.0 0.2099376671754257
108.0 54.0 0.285212371460742
108.0 56.0 0.32931380973183416
108.0 58.0 0.3557089271917134
108.0 60.0 0.37036732128299205
108.0 62.0 0.46332947762257465
108.0 64.0 0.38333580154226715
108.0 66.0 0.2530426023156342
108.0 68.0 0.07067780200579867
108.0 70.0 7.927998423732104E-5
108.0 72.0 0.0
108.0 74.0 0.0
108.0 76.0 0.0
108.0 78.0 0.0
108.0 80.0 0.0
108.0 82.0 0.0
108.0 84.0 0.0
108.0 86.0 0.0
108.0 88.0 0.0
108.0 90.0 0.0
108.0 92.0 0.0
108.0 94.0 0.026106088984762743
108.0 96.0 0.1683407048506728
108.0 98.0 0.28104799273652253
108.0 100.0 0.35101512455141964
108.0 102.0 0.36532980405002746
108.0 104.0 0.3608735399178065
108.0 106.0 0.3551400214609089
108.0 108.0 0.2711905337453315
108.0 110.0 0.0
108.0 112.0 0.0
108.0 114.0 0.0
108.0 116.0 0.0
108.0 118.0 0.0
108.0 120.0 0.0
108.0 122.0 0.0
108.0 124.0 0.0
108.0 126.0 0.0
110.0 0.0 0.0
110.0 2.0 0.0
110.0 4.0 0.0
110.0 6.0 0.0
110.0 8.0 0.0
110.0 10.0 0.0
110.0 12.0 0.0
110.0 14.0 0.0
110.0 16.0 0.0
110.0 18.0 0.0
110.0 20.0 0.0
110.0 22.0 0.05752605631408303
110.0 24.0 0.0
110.0 26.0 0.0
110.0 28.0 0.0
110.0 30.0 0.0
110.0 32.0 0.0
110.0 34.0 0.0
110.0 36.0 0.0
110.0 38.0 0.0
110.0 40.0 0.0
110.0 42.0 0.0
110.0 44.0 0.0
110.0 46.0 0.01131158864040903
110.0 48.0 0.09562665537687427
110.0 50.0 0.20748391483909315
110.0 52.0 0.24417116290066246
110.0 54.0 0.3108523306142032
110.0 56.0 0.3485886320639127
110.0 58.0 0.3688656946854873
110.0 60.0 0.38231655402271586
110.0 62.0 0.4720419410600672
110.0 64.0 0.40446788807879824
110.0 66.0 0.29502570950786905
110.0 68.0 0.06614024999930491
110.0 70.0 0.0016624443342655518
110.0 72.0 0.0
110.0 74.0 0.0
110.0 76.0 0.0
110.0 78.0 0.0
110.0 80.0 0.0
110.0 82.0 0.0
110.0 84.0 0.0
110.0 86.0 0.0
110.0 88.0 0.0
110.0 90.0 0.0
110.0 92.0 0.0
110.0 94.0 0.013603861862166935
110.0 96.0 0.1206002706312544
110.0 98.0 0.2600891752514683
110.0 100.0 0.35725558936977886
110.0 102.0 0.38345278000234595
110.0 104.0 0.3857495969715943
110.0 106.0 0.38254664087567275
110.0 108.0 0.0
110.0 110.0 0.0
110.0 112.0 0.0
110.0 114.0 0.0
110.0 116.0 0.0
110.0 118.0 0.0
110.0 120.0 0.0
110.0 122.0 0.0
110.0 124.0 0.0
110.0 126.0 0.0
112.0 0.0 0.0
112.0 2.0 0.0
112.0 4.0 0.0
112.0 6.0 0.0
112.0 8.0 0.0
112.0 10.0 0.0
112.0 12.0 0.0
112.0 14.0 0.0
112.0 16.0 0.0
112.0 18.0 0.0
112.0 20.0 0.0
112.0 22.0 0.0
112.0 24.0 0.06515084769452079
112.0 26.0 0.0
112.0 28.0 0.0
112.0 30.0 0.0
112.0 32.0 0.0
112.0 34.0 0.0
112.0 36.0 0.0
112.0 38.0 0.0
112.0 40.0 0.0
112.0 42.0 0.0
112.0 44.0 0.007582117290891188
112.0 46.0 0.05517593881404642
112.0 48.0 0.15766811293494465
112.0 50.0 0.2608422042682474
112.0 52.0 0.3075215119515909
112.0 54.0 0.3212289757446524
112.0 56.0 0.3600418254599424
112.0 58.0 0.41739071573297815
112.0 60.0 0.4397062443654443
112.0 62.0 0.4421520869712244
112.0 64.0 0.4307479557695281
112.0 66.0 0.3231099903729813
112.0 68.0 0.09927548245321487
112.0 70.0 0.0
112.0 72.0 0.0
112.0 74.0 0.0
112.0 76.0 0.0
112.0 78.0 0.0
112.0 80.0 0.0
112.0 82.0 0.0
112.0 84.0 0.0
112.0 86.0 0.0
112.0 88.0 0.0
112.0 90.0 0.0
112.0 92.0 0.0
112.0 94.0 0.0011241921888093863
112.0 96.0 0.06340816142395976
112.0 98.0 0.23532761431094
112.0 100.0 0.35406106765775974
112.0 102.0 0.3913607075933638
112.0 104.0 0.37257141209288536
112.0 106.0 0.0
112.0 108.0 0.0
112.0 110.0 0.0
112.0 112.0 0.0
112.0 114.0 0.0
112.0 116.0 0.0
112.0 118.0 0.0
112.0 120.0 0.0
112.0 122.0 0.0
112.0 124.0 0.0
112.0 126.0 0.0
114.0 0.0 0.0
114.0 2.0 0.0
114.0 4.0 0.0
114.0 6.0 0.0
114.0 8.0 0.0
114.0 10.0 0.0
114.0 12.0 0.0
114.0 14.0 0.0
114.0 16.0 0.0
114.0 18.0 0.0
114.0 20.0 0.0
114.0 22.0 0.0
114.0 24.0 0.0
114.0 26.0 0.06356748361201255
114.0 28.0 0.0
114.0 30.0 0.0
114.0 32.0 0.0
114.0 34.0 0.0
114.0 36.0 0.0
114.0 38.0 0.0
114.0 40.0 0.0
114.0 42.0 0.0044647689572162716
114.0 44.0 0.030119047643875213
114.0 46.0 0.09905677823802701
114.0 48.0 0.1948557998502605
114.0 50.0 0.29075121024213474
114.0 52.0 0.3770268505958127
114.0 54.0 0.437803394591269
114.0 56.0 0.4661973774745291
114.0 58.0 0.4822319020676897
114.0 60.0 0.4432414081096044
114.0 62.0 0.3915295887596828
114.0 64.0 0.4121154321214531
114.0 66.0 0.33408696559894585
114.0 68.0 0.13036152100021492
114.0 70.0 0.0
114.0 72.0 0.0
114.0 74.0 0.0
114.0 76.0 0.0
114.0 78.0 0.0
114.0 80.0 0.0
114.0 82.0 0.0
114.0 84.0 0.0
114.0 86.0 0.0
114.0 88.0 0.0
114.0 90.0 0.0
114.0 92.0 0.0
114.0 94.0 0.0
114.0 96.0 0.03056545342700694
114.0 98.0 0.19291532445699736
114.0 100.0 0.32054269012236675
114.0 102.0 0.0
114.0 104.0 0.0
114.0 106.0 0.0
114.0 108.0 0.0
114.0 110.0 0.0
114.0 112.0 0.0
114.0 114.0 0.0
114.0 116.0 0.0
114.0 118.0 0.0
114.0 120.0 0.0
114.0 122.0 0.0
114.0 124.0 0.0
114.0 126.0 0.0
116.0 0.0 0.0
116.0 2.0 0.0
116.0 4.0 0.0
116.0 6.0 0.0
116.0 8.0 0.0
116.0 10.0 0.0
116.0 12.0 0.0
116.0 14.0 0.0
116.0 16.0 0.0
116.0 18.0 0.0
116.0 20.0 0.0
116.0 22.0 0.0
116.0 24.0 0.0
116.0 26.0 0.0
116.0 28.0 0.054770470928995924
116.0 30.0 0.0
116.0 32.0 0.0
116.0 34.0 0.0
116.0 36.0 0.0
116.0 38.0 0.0
116.0 40.0 0.0
116.0 42.0 0.009525666926419518
116.0 44.0 0.04347714203334435
116.0 46.0 0.11894527948435683
116.0 48.0 0.21212698108377523
116.0 50.0 0.3053462216884131
116.0 52.0 0.38839503981467854
116.0 54.0 0.44399892921312106
116.0 56.0 0.4717542858644048
116.0 58.0 0.4871333474292315
116.0 60.0 0.48048382755279645
116.0 62.0 0.43010824010108295
116.0 64.0 0.3557065937293346
116.0 66.0 0.3280677952010472
116.0 68.0 0.14633249911479768
116.0 70.0 0.004162039912135883
116.0 72.0 0.0
116.0 74.0 0.0
116.0 76.0 0.0
116.0 78.0 0.0
116.0 80.0 0.0
116.0 82.0 0.0
116.0 84.0 0.0
116.0 86.0 0.0
116.0 88.0 0.0
116.0 90.0 0.0
116.0 92.0 0.0
116.0 94.0 0.0
116.0 96.0 0.01542304467123394
116.0 98.0 0.14631982865695006
116.0 100.0 0.0
116.0 102.0 0.0
116.0 104.0 0.0
116.0 106.0 0.0
116.0 108.0 0.0
116.0 110.0 0.0
116.0 112.0 0.0
116.0 114.0 0.0
116.0 116.0 0.0
116.0 118.0 0.0
116.0 120.0 0.0
116.0 122.0 0.0
116.0 124.0 0.0
116.0 126.0 0.0
118.0 0.0 0.0
118.0 2.0 0.0
118.0 4.0 0.0
118.0 6.0 0.0
118.0 8.0 0.0
118.0 10.0 0.0
118.0 12.0 0.0
118.0 14.0 0.0
118.0 16.0 0.0
118.0 18.0 0.0
118.0 20.0 0.0
118.0 22.0 0.0
118.0 24.0 0.0
118.0 26.0 0.0
118.0 28.0 0.0
118.0 30.0 0.0
118.0 32.0 0.027339097617773377
118.0 34.0 0.0
118.0 36.0 0.0
118.0 38.0 0.0
118.0 40.0 0.0
118.0 42.0 0.011981829932566487
118.0 44.0 0.05450704016341692
118.0 46.0 0.12719443880974327
118.0 48.0 0.2136148305800064
118.0 50.0 0.30594058346976666
118.0 52.0 0.39185336067410986
118.0 54.0 0.44783381643422787
118.0 56.0 0.4768223321081895
118.0 58.0 0.4936925117427881
118.0 60.0 0.4882589835764057
118.0 62.0 0.4519601934244999
118.0 64.0 0.3687358157378365
118.0 66.0 0.2773477303607017
118.0 68.0 0.15046601060882345
118.0 70.0 0.0042579245636998626
118.0 72.0 0.0
118.0 74.0 0.0
118.0 76.0 0.0
118.0 78.0 0.0
118.0 80.0 0.0
118.0 82.0 0.0
118.0 84.0 0.0
118.0 86.0 0.0
118.0 88.0 0.0
118.0 90.0 0.0
118.0 92.0 0.0
118.0 94.0 0.0
118.0 96.0 0.007406351159246844
118.0 98.0 0.0
118.0 100.0 0.0
118.0 102.0 0.0
118.0 104.0 0.0
118.0 106.0 0.0
118.0 108.0 0.0
118.0 110.0 0.0
118.0 112.0 0.0
118.0 114.0 0.0
118.0 116.0 0.0
118.0 118.0 0.0
118.0 120.0 0.0
118.0 122.0 0.0
118.0 124.0 0.0
118.0 126.0 0.0
120.0 0.0 0.0
120.0 2.0 0.0
120.0 4.0 0.0
120.0 6.0 0.0
120.0 8.0 0.0
120.0 10.0 0.0
120.0 12.0 0.0
120.0 14.0 0.0
120.0 16.0 0.0
120.0 18.0 0.0
120.0 20.0 0.0
120.0 22.0 0.0
120.0 24.0 0.0
120.0 26.0 0.0
120.0 28.0 0.0
120.0 30.0 0.0
120.0 32.0 0.0
120.0 34.0 0.0
120.0 36.0 0.005625563488837725
120.0 38.0 0.0
120.0 40.0 0.0
120.0 42.0 9.494647975205466E-4
120.0 44.0 0.02159009815793776
120.0 46.0 0.09741978179427617
120.0 48.0 0.1905015500966634
120.0 50.0 0.2879614490055715
120.0 52.0 0.38100921440348406
120.0 54.0 0.4425752626543333
120.0 56.0 0.4730731459107571
120.0 58.0 0.4915041546506624
120.0 60.0 0.48789222109294417
120.0 62.0 0.45369296218181504
120.0 64.0 0.3710784826414126
120.0 66.0 0.2672472990855816
120.0 68.0 0.14208291837112824
120.0 70.0 0.010169337820546296
120.0 72.0 0.0
120.0 74.0 0.0
120.0 76.0 0.0
120.0 78.0 0.0
120.0 80.0 0.0
120.0 82.0 0.0
120.0 84.0 0.0
120.0 86.0 0.0
120.0 88.0 0.0
120.0 90.0 0.0
120.0 92.0 0.0
120.0 94.0 0.0
120.0 96.0 0.0
120.0 98.0 0.0
120.0 100.0 0.0
120.0 102.0 0.0
120.0 104.0 0.0
120.0 106.0 0.0
120.0 108.0 0.0
120.0 110.0 0.0
120.0 112.0 0.0
120.0 114.0 0.0
120.0 116.0 0.0
120.0 118.0 0.0
120.0 120.0 0.0
120.0 122.0 0.0
120.0 124.0 0.0
120.0 126.0 0.0
122.0 0.0 0.0
122.0 2.0 0.0
122.0 4.0 0.0
122.0 6.0 0.0
122.0 8.0 0.0
122.0 10.0 0.0
122.0 12.0 0.0
122.0 14.0 0.0
122.0 16.0 0.0
122.0 18.0 0.0
122.0 20.0 0.0
122.0 22.0 0.0
122.0 24.0 0.0
122.0 26.0 0.0
122.0 28.0 0.0
122.0 30.0 0.0
122.0 32.0 0.0
122.0 34.0 0.0
122.0 36.0 0.0
122.0 38.0 0.0
122.0 40.0 0.0
122.0 42.0 0.0
122.0 44.0 0.0
122.0 46.0 0.012438393826926427
122.0 48.0 0.10141904240991222
122.0 50.0 0.23243577626031045
122.0 52.0 0.3399737411995139
122.0 54.0 0.41761804349899906
122.0 56.0 0.4559095080314108
122.0 58.0 0.47461461113394804
122.0 60.0 0.4742685066407375
122.0 62.0 0.4445851710426379
122.0 64.0 0.37109019479710703
122.0 66.0 0.2612520165995257
122.0 68.0 0.12591731265408965
122.0 70.0 0.016018644644930125
122.0 72.0 0.0
122.0 74.0 0.0
122.0 76.0 0.0
122.0 78.0 0.0
122.0 80.0 0.0
122.0 82.0 0.0
122.0 84.0 0.0
122.0 86.0 0.0
122.0 88.0 0.0
122.0 90.0 0.0
122.0 92.0 0.0
122.0 94.0 0.0
122.0 96.0 0.0
122.0 98.0 0.0
122.0 100.0 0.0
122.0 102.0 0.0
122.0 104.0 0.0
122.0 106.0 0.0
122.0 108.0 0.0
122.0 110.0 0.0
122.0 112.0 0.0
122.0 114.0 0.0
122.0 116.0 0.0
122.0 118.0 0.0
122.0 120.0 0.0
122.0 122.0 0.0
122.0 124.0 0.0
122.0 126.0 0.0
124.0 0.0 0.0
124.0 2.0 0.0
124.0 4.0 0.0
124.0 6.0 0.0
124.0 8.0 0.0
124.0 10.0 0.0
124.0 12.0 0.0
124.0 14.0 0.0
124.0 16.0 0.0
124.0 18.0 0.0
124.0 20.0 0.0
124.0 22.0 0.0
124.0 24.0 0.0
124.0 26.0 0.0
124.0 28.0 0.0
124.0 30.0 0.0
124.0 32.0 0.0
124.0 34.0 0.0
124.0 36.0 0.0
124.0 38.0 0.0
124.0 40.0 0.0
124.0 42.0 0.0
124.0 44.0 0.0
124.0 46.0 0.0
124.0 48.0 0.0
124.0 50.0 0.010576710854581298
124.0 52.0 0.10605087457782601
124.0 54.0 0.26220330411393306
124.0 56.0 0.35792165005185766
124.0 58.0 0.40423785297102593
124.0 60.0 0.4204977401769754
124.0 62.0 0.40353530628764056
124.0 64.0 0.3496504130812537
124.0 66.0 0.25255969599035993
124.0 68.0 0.12350428485975216
124.0 70.0 0.02030990650615207
124.0 72.0 0.0
124.0 74.0 0.0
124.0 76.0 0.0
124.0 78.0 0.0
124.0 80.0 0.0
124.0 82.0 0.0
124.0 84.0 0.0
124.0 86.0 0.0
124.0 88.0 0.0
124.0 90.0 0.0
124.0 92.0 0.0
124.0 94.0 0.0
124.0 96.0 0.0
124.0 98.0 0.0
124.0 100.0 0.0
124.0 102.0 0.0
124.0 104.0 0.0
124.0 106.0 0.0
124.0 108.0 0.0
124.0 110.0 0.0
124.0 112.0 0.0
124.0 114.0 0.0
124.0 116.0 0.0
124.0 118.0 0.0
124.0 120.0 0.0
124.0 122.0 0.0
124.0 124.0 0.0
124.0 126.0 0.0
126.0 0.0 0.0
126.0 2.0 0.0
126.0 4.0 0.0
126.0 6.0 0.0
126.0 8.0 0.0
126.0 10.0 0.0
126.0 12.0 0.0
126.0 14.0 0.0
126.0 16.0 0.0
126.0 18.0 0.0
126.0 20.0 0.0
126.0 22.0 0.0
126.0 24.0 0.0
126.0 26.0 0.0
126.0 28.0 0.0
126.0 30.0 0.0
126.0 32.0 0.0
126.0 34.0 0.0
126.0 36.0 0.0
126.0 38.0 0.0
126.0 40.0 0.0
126.0 42.0 0.0
126.0 44.0 0.0
126.0 46.0 0.0
126.0 48.0 0.0
126.0 50.0 0.0
126.0 52.0 0.0
126.0 54.0 0.0
126.0 56.0 0.0
126.0 58.0 0.02461041509489149
126.0 60.0 0.13175693248371298
126.0 62.0 0.2291294141072593
126.0 64.0 0.2789259657670979
126.0 66.0 0.2610589054999893
126.0 68.0 0.1629890297163509
126.0 70.0 0.03504325149819101
126.0 72.0 0.0
126.0 74.0 0.0
126.0 76.0 0.0
126.0 78.0 0.0
126.0 80.0 0.0
126.0 82.0 0.0
126.0 84.0 0.0
126.0 86.0 0.0
126.0 88.0 0.0
126.0 90.0 0.0
126.0 92.0 0.0
126.0 94.0 0.0
126.0 96.0 0.0
126.0 98.0 0.0
126.0 100.0 0.0
126.0 102.0 0.0
126.0 104.0 0.0
126.0 106.0 0.0
126.0 108.0 0.0
126.0 110.0 0.0
126.0 112.0 0.0
126.0 114.0 0.0
126.0 116.0 0.0
126.0 118.0 0.0
126.0 120.0 0.0
126.0 122.0 0.0
126.0 124.0 0.0
126.0 126.0 0.0
